R
Px,Ix,Dx,Py,Iy,Dy,Pz,Iz,FFrx,FFry,FFdrx,FFdry,satI,satPID,KFQAng,KFQbias,KFRmeas,CPx,CIx,CPy,CIy,CsatI,CsatPID,CFFdrx,CFFdry,CFalpha,iRelaxX,IRelaxY,DmaxR,DmaxE,DMx,DMy
58,80,47,58,80,47,250,0,0,0,80,0,500000,15000000,10,1,1000,0,0,0,0,0,0,0,0,0.995,1024,1024,0,0,0,0
sysTickMs,PIDRefXi,PIDSensXi,PIDPoutXi,PIDFFoutXi,PIDUXi
10413,0,0,0,0,0
10423,0,0,0,0,0
10433,0,0,0,0,0
10443,0,0,0,0,0
10453,0,0,0,0,0
10463,0,0,0,0,0
10473,0,0,0,0,0
10483,0,0,0,0,0
10493,0,0,0,0,0
10503,0,0,0,0,0
10513,0,0,0,0,0
10523,0,0,0,0,0
10533,0,0,0,0,0
10543,0,0,0,0,0
10553,0,0,0,0,0
10563,0,0,0,0,0
10573,0,0,0,0,0
10583,0,0,0,0,0
10593,0,0,0,0,0
10603,0,0,0,0,0
10613,0,0,0,0,0
10623,0,0,0,0,0
10633,0,0,0,0,0
10643,0,0,0,0,0
10653,0,0,0,0,0
10663,0,0,0,0,0
10673,0,0,0,0,0
10683,0,0,0,0,0
10693,0,0,0,0,0
10703,0,0,0,0,0
10713,0,0,0,0,0
10723,0,0,0,0,0
10733,0,0,0,0,0
10743,0,0,0,0,0
10753,0,0,0,0,0
10763,0,0,0,0,0
10773,0,0,0,0,0
10783,0,0,0,0,0
10793,0,0,0,0,0
10803,0,0,0,0,0
10813,0,0,0,0,0
10823,0,0,0,0,0
10833,0,12288,-2784,0,-10605
10843,0,11264,-2552,0,-5641
10853,0,6144,-1392,0,617
10863,0,5120,-1160,0,782
10873,0,2048,-464,0,-5819
10883,0,1024,-232,0,2932
10893,0,2048,-464,0,1613
10903,0,11264,-2552,0,-7026
10913,0,5120,-1160,0,-830
10923,0,4096,-928,0,65
10933,0,7168,-1624,0,-3222
10943,0,6144,-1392,0,-1454
10953,0,11264,-2552,0,-6147
10963,0,5120,-1160,0,621
10973,0,-9216,2088,0,8083
10983,0,29696,-6728,0,-20862
10993,0,-13312,3016,0,12491
11003,0,32768,-7424,0,-22789
11013,0,-6144,1392,0,8059
11023,0,8192,-1856,0,-3434
11033,0,18432,-4176,0,-15829
11043,0,-18432,4176,0,18022
11053,0,20480,-4640,0,-19946
11063,0,-9216,2088,0,17224
11073,0,30720,-6960,0,-25807
11083,0,13312,-3016,0,-2796
11093,0,17408,-3944,0,-9653
11103,0,4096,-928,0,2988
11113,0,17408,-3944,0,-747
11123,0,55296,-12528,0,-31147
11133,0,40960,-9280,0,-14634
11143,0,28672,-5568,0,-2007
11153,0,0,0,0,12633
11163,0,-13312,3016,0,4883
11173,0,-12288,2784,0,6308
11183,0,8192,-1856,0,-10903
11193,0,38912,-6960,0,-25629
11203,0,8192,-1856,0,662
11213,0,-181248,41064,0,128586
11223,0,16384,-3712,0,-67818
11233,0,-14336,3248,0,3363
11243,0,4096,-928,0,10053
11253,0,-52224,11832,0,29172
11263,0,-112640,25520,0,65421
11273,0,-141312,32016,0,68420
11283,0,-138240,31320,0,39411
11293,0,-159744,36192,0,47088
11303,0,-134144,30392,0,13500
11313,0,-164864,37352,0,34233
11323,0,-160768,36424,0,24667
11333,0,-62464,14152,0,-33941
11343,0,-81920,18560,0,6127
11353,0,-34816,7888,0,-44576
11363,0,-80896,18328,0,29591
11373,0,-199680,45240,0,94106
11383,0,-229376,51968,0,117786
11393,0,-315392,71456,0,177212
11403,0,-226304,51272,0,66237
11413,0,-165888,37584,0,20918
11423,0,-93184,21112,0,1919
11433,0,-18432,4176,0,-34026
11443,0,-48128,10904,0,-2515
11453,0,-14336,3248,0,-16964
11464,0,-118784,26912,0,89413
11474,0,-131072,29696,0,118554
11484,0,-67584,15312,0,55077
11494,6144,-128000,30392,549,81496
11504,6144,-98304,23664,136,44792
11514,30720,43008,-2784,2636,-56990
11524,30720,37888,-1624,712,-17557
11534,58368,2048,12760,1992,57307
11544,70656,-108544,40600,1054,155649
11554,165888,-89088,57768,8947,136422
11564,178176,48128,29464,3051,-25312
11574,259072,-35840,66816,10993,96684
11584,259072,30720,51736,2822,49430
11594,259072,128000,29696,715,-18410
11604,308224,93184,48720,3215,57082
11614,308224,95232,48256,815,72678
11624,345088,87040,58464,2641,99152
11634,365568,184320,41064,2856,24841
11644,379904,99328,63568,1945,122850
11654,379904,162816,49184,524,96699
11664,394240,198656,44312,1813,112138
11674,394240,247808,33176,480,111048
11684,419840,234496,41992,1691,158308
11694,447488,328704,26912,1689,97495
11704,509952,354304,35264,5754,111811
11714,569344,399360,38512,4909,93104
11724,569344,466944,23200,1337,31664
11734,569344,533504,8120,329,-15879
11744,569344,538624,3016,73,-12658
11754,1003520,569344,98368,51186,145300
11764,1003520,680960,73080,13183,44636
11774,1297408,871424,96512,20419,32973
11784,1297408,1100800,44544,5603,-39952
11794,1734656,1341440,89088,36423,43906
11804,1828864,1512448,71688,15463,26273
11814,2341888,1721344,140592,60664,139854
11824,2341888,1868800,107184,15632,88224
11834,2554880,2014208,122496,16628,132876
11844,2554880,2198528,80736,4274,86618
11854,2554880,2426880,29000,1162,3073
11864,2554880,2591744,-8352,288,-20552
11874,2611200,2713600,-23200,5895,5788
11884,2638848,2840576,-45704,3581,-16863
11894,2668544,2811904,-32480,5219,47382
11904,2668544,2920448,-57072,1333,-21935
11914,2638848,2916352,-62872,-1871,-25483
11924,2554880,2897920,-77720,-12508,-47013
11934,2446336,2776064,-74704,-13780,18673
11944,2341888,2745344,-91408,-11644,-23324
11954,2341888,2641920,-67976,-3018,9642
11964,1324032,2482176,-262392,-106292,-263218
11974,1208320,2249728,-235944,-35562,-116258
11984,631808,1917952,-291392,-86500,-182594
11994,443392,1511424,-241976,-43326,-48423
12004,443392,1181696,-167272,-11187,-3634
12014,218112,743424,-119016,-22208,61977
12024,159744,321536,-36656,-11409,181854
12034,125952,171008,-10208,-5335,105219
12044,113664,102400,2552,-2103,23659
12054,76800,20480,12760,-4136,-12838
12064,76800,-146432,50576,-1150,78630
12074,12288,-328704,77256,-5896,171763
12084,12288,-303104,71456,-1639,105005
12094,-4096,-233472,51968,-1590,23403
12104,-4096,-312320,69832,-425,94915
12114,-4096,-334848,74936,-132,114600
12124,-4096,-326656,73080,-49,113809
12134,-4096,-228352,50808,-37,29981
12144,-4096,-226304,50344,-37,42885
12154,-4096,-289792,64728,-37,106185
12164,-10240,-192512,41296,-860,11875
12174,-13312,-192512,40600,-516,27133
12184,-13312,-230400,49184,-154,61879
12194,-37888,-263168,51040,-1226,80264
12204,-83968,-174080,20416,-4532,-23426
12214,-93184,-182272,20184,-1868,-2745
12224,-130048,-282624,34568,-3389,81640
12234,-130048,-246784,26448,-948,44025
12244,-130048,-266240,30856,-259,54029
12254,-139264,-369664,52200,-494,123958
12264,-139264,-413696,62176,-149,145404
12274,-145408,-289792,32712,-428,12805
12284,-145408,-346112,45472,-132,71796
12294,-145408,-386048,54520,-49,106223
12304,-145408,-293888,33640,-37,21823
12314,-163840,-303104,31552,-1597,38379
12324,-173056,-324608,34336,-1211,70154
12334,-173056,-394240,55912,-325,157514
12344,-173056,-306176,30160,-105,42947
12354,-188416,-388096,45240,-1355,117114
12364,-191488,-399360,47096,-579,156272
12374,-194560,-458752,59856,-293,171592
12384,-194560,-394240,45240,-91,94358
12394,-191488,-358400,37816,151,57327
12404,-194560,-353280,35960,-105,52003
12414,-203776,-423936,49880,-777,120294
12424,-209920,-379904,38512,-586,81504
12434,-225280,-339968,25984,-1863,50326
12444,-232448,-288768,12760,-1099,4780
12454,-264192,-297984,7656,-5140,14916
12464,-270336,-451584,41064,-2020,157461
12474,-270336,-410624,31784,-567,111967
12484,-286720,-402432,26216,-1053,86837
12494,-286720,-360448,16704,-306,40250
12504,-282624,-503808,50112,234,181884
12514,-299008,-478208,40600,-1932,102634
12524,-312320,-456704,32712,-2017,127436
12534,-312320,-346112,7656,-533,28712
12544,-338944,-443392,23664,-4224,103492
12554,-338944,-492544,34800,-1099,132240
12564,-338944,-486400,33408,-315,107785
12574,-356352,-405504,11136,-1038,26788
12584,-356352,-451584,21576,-279,82760
12594,-356352,-529408,39208,-91,153576
12604,-532480,-445440,-19720,-25232,3914
12614,-532480,-401408,-29696,-6956,-22819
12624,-696320,-493568,-45936,-14100,6177
12635,-696320,-583680,-25520,-3653,66792
12645,-1467392,-697344,-174464,-80896,-139804
12655,-1595392,-701440,-202536,-30479,-214580
12665,-2880512,-1033216,-418528,-180223,-481750
12675,-3108864,-1430528,-380248,-73243,-245967
12685,-4396032,-1963008,-551232,-109429,-388621
12695,-5618688,-2748416,-650296,-127249,-370493
12705,-6714368,-3574784,-711312,-139241,-468075
12715,-7145472,-4736000,-525712,-66243,-24130
12725,-7145472,-5695488,-328512,-18233,109530
12735,-7145472,-6545408,-135952,-4715,231556
12745,-7145472,-7044096,-22968,-1309,187486
12755,-8081408,-7325696,-171216,-41211,-141011
12765,-8081408,-7589888,-111360,-10643,-16177
12775,-8081408,-7897088,-41760,-2940,18509
12785,-8763392,-8138752,-141520,-92232,-212245
12795,-8763392,-8523776,-54288,-25379,-2267
12805,-8763392,-8951808,42688,-6558,167307
12815,-7369728,-9273344,431288,185087,745273
12825,-7369728,-9452544,471888,47714,629691
12835,-5216256,-9201664,902944,154287,970962
12845,-4491264,-8515584,911760,79357,675430
12855,-1909760,-7383040,1240040,255500,994764
12865,-1909760,-6149120,960480,65874,416492
12875,-740352,-4771840,913384,73950,329198
12885,-270336,-3530752,738688,61855,217555
12895,-176128,-2572288,542880,23212,118493
12905,0,-1803264,408552,28117,151381
12915,0,-1228800,278400,7241,110187
12925,0,-863232,195576,1979,124967
12935,3072,-563200,128296,634,110658
12945,49152,-350208,90480,4082,193946
12955,147456,-227328,84912,7592,190982
12965,458752,-30720,110896,21118,220534
12975,458752,126976,75168,5793,177432
12985,1577984,381952,270976,70668,399813
12995,2057216,689152,309952,61633,390274
13005,2124800,1269760,193720,21647,103321
13015,2124800,1698816,96512,5566,26913
13025,2124800,2122752,464,1516,-49851
13035,2124800,2323456,-45008,378,28869
13045,2124800,2438144,-70992,85,80901
13055,2124800,2491392,-83056,12,94124
13065,1232896,2556928,-299976,-76141,-244610
13075,1161216,2308096,-259840,-25386,-49180
13085,912384,2191360,-289768,-23145,-168643
13095,912384,1736704,-186760,-5980,46823
13105,912384,1321984,-92800,-1658,178104
13115,808960,1114112,-69136,-4781,93104
13125,759808,835584,-17168,-5528,152803
13135,739328,839680,-22736,-2630,20908
13145,648192,752640,-23664,-10762,-1514
13155,631808,664576,-7424,-4285,31538
13165,458752,543744,-19256,-19771,38816
13175,458752,527360,-15544,-5452,2940
13185,458752,374784,19024,-1421,105807
13195,337920,420864,-18792,-6944,-38401
13205,337920,368640,-6960,-1924,-31953
13215,129024,195584,-15080,-17230,19481
13225,70656,121856,-11600,-13660,28946
13235,70656,43008,6264,-3538,52731
13245,76800,-53248,22968,-467,64807
13255,79872,-86016,37584,36,84453
13265,79872,27648,11832,0,-35976
13275,79872,-100352,40832,0,81120
13285,67584,-112640,40832,-1875,78517
13295,61440,-105472,37816,-1136,71934
13305,55296,-128000,41528,-789,91484
13315,49152,-113664,36888,-1097,74589
13325,52224,15360,8352,26,-36488
13335,55296,-84992,31784,222,67556
13345,95232,-22528,26680,5756,16194
13355,129024,-51200,40832,5068,54141
13365,172032,-103424,62408,4521,111438
13375,181248,-41984,50576,1730,-1899
13385,224256,118784,23896,4890,-37178
13395,231424,104448,28768,1750,16803
13405,259072,246784,2784,4426,-71346
13415,291840,177152,25984,4311,54920
13425,291840,195584,21808,1171,30882
13435,610304,337920,61712,25751,45569
13445,1232896,374784,194416,67092,226923
13455,1528832,445440,245456,39255,263679
13465,3107840,894976,501352,221870,532999
13475,4032512,1212416,638928,156806,620145
13485,5984256,1874944,931016,177697,851236
13495,5984256,3053568,663984,45805,244319
13505,5984256,4246528,393704,12583,-120696
13515,7599104,5286912,523856,116813,185388
13525,7599104,5995520,343592,30107,15086
13535,8162304,6696960,331992,62966,113732
13545,8162304,7221248,213208,16223,14134
13555,8162304,7560192,136416,4448,67473
13565,8162304,7931904,52200,1135,2208
13575,6925312,8239104,-297656,-81290,-430015
13585,6713344,8237056,-345216,-32493,-338436
13595,6713344,7994368,-290232,-8394,-185240
13605,6047744,7677952,-369344,-46214,-176486
13615,5921792,7074816,-261232,-22818,-28780
13625,5921792,6687744,-173536,-5896,35660
13635,5921792,6348800,-96744,-1639,82854
13645,5558272,6209536,-147552,-16714,-76798
13655,4944896,6169600,-277472,-56685,-341404
13665,4944896,6002688,-239656,-15604,-235195
13675,2638848,5699584,-693448,-275853,-877124
13685,2638848,5469184,-641248,-75889,-645669
13695,1497088,4605952,-704352,-90164,-503257
13705,1497088,3513344,-456808,-23265,14899
13715,352256,2805760,-555872,-104136,-308849
13725,288768,1985536,-384424,-30794,-101303
13735,24576,1379328,-306936,-26780,-106637
13745,24576,778240,-170752,-6922,51095
13755,-4096,486400,-111128,-3460,-164738
13765,-4096,289792,-66584,-965,-74049
13775,0,-15360,3480,65,21821
13785,0,-27648,6264,2,-106451
13795,0,-296960,67280,0,38737
13805,0,-403456,91408,0,55643
13815,0,-430080,97440,0,1118
13825,0,-524288,118784,0,53357
13835,0,-507904,115072,0,39286
13845,0,-481280,109040,0,47035
13855,0,-291840,66120,0,-87207
13865,0,-393216,89088,0,64177
13875,0,-396288,89784,0,83425
13886,0,-252928,57304,0,-37680
13896,0,-318464,72152,0,46308
13906,0,-396288,89784,0,137381
13916,0,-242688,54984,0,11428
13926,0,-235520,53360,0,32818
13936,0,-186368,42224,0,-58975
13946,0,-167936,38048,0,28406
13956,0,-104448,23664,0,-14834
13966,0,-13312,3016,0,-78285
13976,0,-59392,13456,0,-9792
13986,0,-208896,47328,0,134984
13996,0,-60416,13688,0,-15931
14006,0,-174080,39440,0,81464
14016,0,-130048,29464,0,28883
14026,0,-168960,38280,0,67556
14036,0,-165888,37584,0,74955
14046,0,2048,-464,0,-71890
14056,0,-56320,19720,0,34535
14066,0,-96256,21808,0,38495
14076,0,-116736,26448,0,61663
14086,0,-153600,34800,0,31833
14096,0,-45056,10208,0,-24964
14106,0,-102400,23200,0,28734
14116,0,-211968,48024,0,121979
14126,0,-89088,20184,0,8222
14136,0,-195584,44312,0,40327
14146,0,-77824,17632,0,17194
14156,0,-18432,4176,0,-16930
14166,0,-142336,32248,0,113535
14176,0,-28672,6496,0,-6973
14186,0,-176128,39904,0,120574
14196,0,-150528,34104,0,66725
14206,0,-152576,34568,0,57127
14216,0,-204800,46400,0,138420
14226,0,-197632,44776,0,83908
14236,0,-192512,43616,0,87345
14246,0,-179200,40600,0,72640
14256,0,-34816,7888,0,-43852
14266,0,-75776,17168,0,15918
14276,0,-197632,44776,0,137655
14286,0,-148480,33640,0,40145
14296,0,-188416,42688,0,98183
14306,0,-222208,50344,0,105767
14316,0,-225280,51040,0,103944
14326,0,-138240,31320,0,26366
14336,0,-158720,35960,0,58087
14346,0,-269312,61016,0,167004
14356,0,-205824,46632,0,106998
14366,0,-203776,46168,0,106338
14376,0,-154624,35032,0,61332
14386,0,-78848,17864,0,-2971
14396,0,-74752,16936,0,10590
14406,0,-124928,28304,0,73485
14416,0,-149504,33872,0,94898
14426,0,-225280,51040,0,165027
14436,0,-256000,58000,0,194649
14446,0,-136192,30856,0,76248
14456,0,-79872,18096,0,36877
14466,0,-60416,13688,0,33909
14476,0,-37888,8584,0,29914
14486,0,-47104,10672,0,55483
14496,0,-134144,30392,0,150532
14506,0,-98304,22272,0,122080
14516,0,-14336,3248,0,50071
14526,0,50176,-11368,0,-1142
14536,0,5120,-1160,0,50558
14546,0,-46080,10440,0,109092
14556,0,78848,-17864,0,-432
14566,0,13312,-3016,0,73517
14576,0,-100352,22736,0,163162
14586,0,-105472,23896,0,88937
14596,-4096,-18432,3248,-184,37702
14606,-4096,-97280,21112,-64,100260
14616,-111616,-147456,8120,-6260,101007
14626,-206848,-221184,3248,-5628,124596
14636,-585728,-162816,-103240,-29893,-99607
14646,-660480,-263168,-90016,-12566,-17482
14656,-2394112,-455680,-439176,-194827,-515973
14666,-2848768,-731136,-479776,-89986,-405096
14676,-7071744,-1246208,-1319848,-667593,-1746917
14686,-7071744,-2191360,-1105712,-172164,-782629
14696,-8416256,-3480576,-1118240,-154969,-666278
14706,-8416256,-5300224,-705976,-39979,72683
14716,-7678976,-6863872,-184672,70461,700878
14726,-7678976,-7750656,16240,18156,535038
14736,-6176768,-8117248,439640,219560,859452
14746,-6176768,-8039424,422008,60380,498805
14756,-3281920,-7537664,964192,232739,998400
14766,-2196480,-6653952,1009896,150246,739466
14776,-1285120,-5349376,920808,133146,434863
14786,-1033216,-4267008,716648,52041,210085
14796,-1033216,-3013632,448688,14301,-101225
14806,-315392,-2247680,437784,78039,137161
14816,-315392,-1798144,335936,21452,161597
14826,-114688,-1457152,304152,17160,246289
14836,-114688,-1147904,234088,4704,192444
14846,-87040,-978944,202072,3276,246323
14856,-68608,-756736,155904,3305,207495
14866,-50176,-566272,116928,2802,168785
14876,-50176,-436224,87464,710,162090
14886,0,-292864,66352,2727,139432
14896,0,-187392,42456,737,157972
14906,0,-96256,21808,178,105707
14916,0,-100352,22736,34,168967
14926,0,-25600,5800,0,134419
14936,0,-26624,6032,0,165534
14946,0,-50176,11368,0,202995
14956,-10240,-38912,6496,-999,197537
14966,-10240,-28672,4176,-271,193879
14976,-77824,40960,-26912,-5174,106044
14986,-77824,34816,-25520,-1346,108550
14996,-191488,86016,-62872,-8379,12148
15006,-385024,12288,-90016,-24109,2540
15016,-385024,-55296,-74704,-6229,46236
15026,-385024,-182272,-45936,-1727,125160
15036,-887808,-211968,-153120,-63670,-84938
15046,-887808,-300032,-133168,-17527,-29436
15056,-1117184,-404480,-161472,-19659,-94712
15066,-1074176,-625664,-88624,-1414,58396
15076,-1063936,-993280,-16008,529,204147
15086,-1063936,-1120256,12760,124,164996
15096,-1074176,-1184768,25056,-1265,107858
15106,-1074176,-1308672,53128,-337,143772
15116,-1074176,-1371136,67280,-101,155531
15126,-1128448,-1399808,61480,-2474,146396
15136,-1128448,-1250304,27608,-655,6315
15146,-1128448,-1331200,43848,-184,75461
15156,-1453056,-1395712,-12992,-14595,40761
15166,-1453056,-1533952,18328,-3777,138665
15176,-1246208,-1505280,58696,11735,117093
15186,-1185792,-1558528,84448,5717,141087
15196,-864256,-1619968,171216,27194,280848
15206,-720896,-1541120,185832,16330,254170
15216,-524288,-1426432,204392,27368,264488
15226,-524288,-1202176,153584,7514,141342
15236,-524288,-930816,92104,1923,13628
15246,-148480,-746496,135488,22851,91923
15256,-148480,-672768,118784,6274,124543
15266,-96256,-608256,116000,2885,188339
15276,-96256,-467968,84216,732,86621
15286,-166912,-275456,24592,-5464,46700
15296,-179200,-126976,-11832,-2132,-23271
15306,-219136,-78848,-31784,-5015,-43765
15316,-225280,-184320,-9280,-1800,77659
15326,-225280,-168960,-12760,-481,60306
15336,-225280,-241664,3712,-147,120886
15347,-270336,-154624,-26216,-3433,9199
15357,-267264,-137216,-29464,-777,1791
15367,-267264,-222208,-10208,-215,88787
15377,-267264,-253952,-8352,-71,98585
15387,-267264,-251904,-3480,-37,113257
15397,-267264,-122880,-32712,-37,-16898
15407,-267264,-147456,-27144,-37,43
15417,-250880,-217088,-7656,1408,61301
15427,-250880,-343040,20880,351,170280
15437,-182272,-320512,31320,5234,157059
15447,-142336,-265216,27840,3505,104674
15457,-34816,-214016,40600,12089,92020
15467,-7168,-104448,22040,5180,5025
15477,0,-97280,22040,2348,53471
15487,0,-47104,10672,629,29704
15497,0,-67584,15312,146,95085
15507,0,-45056,10208,29,107328
15517,0,38912,-8816,0,51778
15527,0,9216,-2088,0,90410
15537,419840,0,95120,60058,252215
15547,419840,102400,71920,15473,121621
15557,419840,187392,52664,3977,68616
15567,5215232,463872,1076480,350949,1312139
15577,5215232,1145856,921968,90485,719172
15587,9214976,2500608,1521224,287060,1250822
15597,9784320,4267008,1250016,106132,553161
15607,10180608,6379520,861184,63437,-12683
15617,9590784,8081408,341968,-24051,-517464
15627,6782976,9022464,-507384,-359236,-1310712
15637,6782976,9331712,-577448,-92649,-826140
15647,6782976,8672256,-428040,-25496,-218877
15657,3861504,7599104,-846800,-146099,-489367
15667,3861504,6302720,-553088,-37688,40503
15677,3861504,5221376,-308096,-10379,240261
15687,1184768,4285440,-702496,-339234,-568639
15697,1184768,3758080,-583016,-93323,-335540
15707,1084416,3246080,-489752,-30284,-271084
15717,1073152,2615296,-349392,-8331,-118758
15727,1073152,1951744,-199056,-2305,61941
15737,816128,1397760,-131776,-16500,78056
15747,816128,1113088,-67280,-4271,14644
15757,475136,844800,-83752,-30293,-79524
15767,475136,615424,-31784,-7828,-22366
15777,275456,388096,-25520,-10413,-793
15787,275456,260096,3480,-2874,2478
15797,275456,137216,31320,-752,-4761
15807,275456,30720,55448,-220,-4292
15817,275456,-95232,83984,-71,41964
15827,275456,-134144,92800,-41131,-18096
15837,9216,-263168,61712,-10965,58176
15847,9216,-299008,69832,-2842,77553
15857,9216,-304128,70992,-796,67985
15867,9216,-290816,67976,-220,36627
15877,9216,-313344,73080,-71,9171
15887,9216,-288768,67512,-37,17928
15897,9216,-296960,69368,-37,38014
15907,9216,-259072,60784,-37,28446
15917,9216,-192512,45704,-37,-1866
15927,9216,-247808,58232,-37,84184
15937,9216,-257024,60320,-37,117245
15947,9216,-239616,56376,-37,116476
15957,9216,-167936,40136,-37,55316
15967,9216,-95232,23664,-37,5038
15977,9216,-60416,15776,-37,-19369
15987,9216,-55296,14616,-37,-16324
15997,9216,-49152,13224,-37,-17573
16007,9216,-56320,14848,-37,2865
16017,9216,-80896,20416,-37,8245
16027,9216,-143360,34568,-37,68202
16037,9216,-161792,38744,-37,86407
16047,9216,-218112,51504,-37,130031
16057,9216,-207872,35496,-37,56318
16067,9216,-129024,31320,-37,45537
16077,9216,-76800,19488,-37,4046
16087,9216,-49152,13224,-37,-29665
16097,30720,-37888,15544,1069,-7761
16107,30720,-64512,21576,258,26385
16117,391168,-62464,102776,25407,135775
16127,462848,-37888,113448,10190,128325
16137,2102272,66560,461216,172629,609658
16147,2102272,309248,406232,44499,369813
16157,3578880,868352,614104,81975,457285
16167,3578880,1577984,453328,22534,117975
16177,5384192,2400256,676048,132773,370243
16187,5499904,3086336,546824,42399,161351
16197,5499904,3824640,379552,10917,21656
16207,5499904,4434944,241280,2802,-72298
16217,2527232,4812800,-517824,-204573,-967237
16227,2527232,4505600,-448224,-52767,-427533
16237,2527232,3721216,-270512,-13621,119062
16247,439296,3022848,-585336,-116907,-231891
16257,439296,2094080,-374912,-30162,153418
16267,6144,1423360,-321088,-36873,115248
16277,-102400,973824,-243832,-23169,21268
16287,-133120,591872,-164256,-8787,-3095
16297,-133120,375808,-115304,-2432,-47384
16307,-179200,137216,-71688,-3951,-15097
16317,-179200,-38912,-31784,-1099,15354
16327,-179200,-232448,12064,-296,61683
16337,-179200,-413696,53128,-91,108345
16347,-325632,-524288,45008,-13370,64276
16357,-325632,-513024,42456,-3460,-15505
16367,-424960,-541696,26448,-12615,-70190
16377,-424960,-620544,44312,-3482,-21255
16387,-424960,-743424,72152,-909,76371
16397,-424960,-786432,81896,-262,103903
16407,-1408000,-800768,-137576,-83995,-201707
16417,-1972224,-887808,-245688,-54375,-249323
16427,-6714368,-1155072,-1259528,-573929,-1710279
16437,-6714368,-1779712,-1118008,-148011,-983402
16447,-17213440,-3303424,-3151488,-689759,-3126954
16457,-17213440,-5661696,-2617192,-177881,-1670290
16467,-17213440,-9259008,-1802176,-45887,-171721
16477,-17213440,-12356608,-1100376,-12635,535776
16487,-13241344,-14633984,315520,435661,1916912
16497,-11568128,-15969280,997136,262646,2063848
16507,-11568128,-15631360,920576,67712,1032386
16517,-7369728,-14246912,1558112,193654,1164579
16527,-3075072,-12118016,2048792,396936,1423424
16537,-2196480,-9548800,1665760,153261,551518
16547,-887808,-7092224,1405688,196398,318410
16557,-580608,-4974592,995512,75219,-4093
16567,-580608,-3407872,640552,19382,-120323
16577,-83968,-2332672,509472,60197,20201
16588,-83968,-1701888,366560,15510,105378
16598,0,-1188864,269352,9118,111294
16608,0,-799744,181192,2333,97275
16618,0,-501760,113680,585,100476
16628,0,-313344,70992,146,148338
16638,0,-103424,23432,26,137653
16648,3072,81920,-17864,239,104762
16658,3072,187392,-41760,48,108277
16668,55296,197632,-32248,5407,181425
16678,55296,264192,-47328,1474,150513
16688,234496,357376,-27840,26000,146937
16698,269312,392192,-27840,10986,121126
16708,337920,427008,-20184,7963,112249
16718,345088,472064,-28768,2568,92358
16728,345088,598016,-57304,646,8887
16738,321536,628736,-69600,-1614,-14811
16748,291840,656384,-82592,-2068,-14815
16758,224256,673792,-101848,-7549,-56601
16768,224256,610304,-87464,-1959,-7430
16778,168960,565248,-89784,-3555,-11472
16788,153600,415744,-59392,-2417,83615
16798,125952,348160,-50344,-2752,88256
16808,110592,338944,-51736,-2073,41126
16818,110592,301056,-43152,-550,28672
16828,110592,214016,-23432,-164,67352
16838,285696,259072,6032,23425,49833
16848,369664,276480,21112,15126,25244
16858,369664,317440,11832,3886,-16959
16868,5617664,377856,1187144,456403,1605454
16878,5617664,1124352,1018016,125524,801011
16888,15985664,2437120,3069592,761594,3206052
16898,15985664,4574208,2585408,209470,1722987
16908,15985664,7664640,1885232,54001,477055
16918,15985664,10693632,1198976,13913,-236301
16928,15985664,13017088,672568,-8621,-518258
16938,15985664,14485504,339880,-2234,-347617
16948,15985664,15170560,184672,-586,-88612
16958,14973952,15442944,-106256,-48487,-145817
16968,7677952,15362048,-1740928,-676834,-2307334
16978,6111232,14718976,-1950192,-289490,-1903112
16988,52224,12994560,-2932248,-836453,-2963387
16998,-1174528,10697728,-2689808,-349229,-1924253
17008,-1174528,7303168,-1920728,-90069,-442978
17018,318464,4001792,-834504,69963,891231
17028,318464,1931264,-365400,19228,857901
17038,-117760,651264,-174232,-23821,476573
17048,-7168,225280,-52664,6882,175885
17058,-7168,105472,-25520,1879,-37266
17068,-7168,160768,-38048,476,-165807
17078,-7168,135168,-32248,117,-161597
17088,0,-8192,1856,627,-82594
17098,0,-257024,58232,158,75
17108,0,-425984,96512,29,66819
17118,0,-516096,116928,0,32533
17128,0,-596992,135256,0,37140
17138,0,-654336,148248,0,69248
17148,0,-660480,149640,0,91918
17158,0,-566272,128296,0,44348
17168,0,-492544,111592,0,39611
17178,0,-413696,93728,0,19213
17188,0,-385024,87232,0,49539
17198,0,-321536,74008,0,40984
17208,0,-269312,61016,0,25552
17218,0,-269312,61016,0,56547
17228,0,-254976,57768,0,59333
17238,0,-244736,55448,0,62951
17248,0,-211968,48024,0,41230
17258,0,-221184,50112,0,62588
17268,0,-227328,67280,0,138929
17278,0,-263168,59624,0,112102
17288,0,-280576,63568,0,127747
17298,0,-256000,58000,0,100269
17308,-157696,-315392,35728,-24063,88255
17318,-176128,-346112,38512,-8255,116070
17328,-264192,-337920,16704,-9332,74827
17338,-489472,-327680,-36656,-23514,-24111
17348,-897024,-442368,-103008,-48299,-130323
17358,-1285120,-485376,-181192,-44358,-200562
17368,-1285120,-691200,-134560,-11456,-81200
17378,-2698240,-1004544,-383728,-149363,-402917
17388,-2698240,-1363968,-302296,-41099,-162955
17398,-4638720,-1864704,-628488,-116045,-510296
17408,-4638720,-2662400,-447760,-31932,-102909
17418,-10385408,-3642368,-1527720,-439388,-1481976
17428,-17213440,-4944896,-2779592,-1090074,-3233180
17438,-17213440,-7058432,-2300744,-299854,-1606865
17448,-17213440,-10041344,-1624928,-77339,-331406
17458,-17213440,-12998656,-954912,-21287,495664
17468,-17213440,-15338496,-424792,-5499,761839
17478,-17213440,-16433152,-176784,-1429,402839
17488,-17213440,-16985088,-51736,-403,183129
17498,-17213440,-17097728,-26216,-118,-59919
17508,-17213440,-17147904,-14848,-44,-113811
17518,-8502272,-17205248,1971768,1168222,3078321
17528,-8502272,-16874496,1896832,301230,2030157
17538,-8502272,-15604736,1609152,77663,1044651
17548,-1298432,-13385728,2738528,388288,2030099
17558,-1298432,-10283008,2035568,100112,609480
17568,-83968,-7274496,1629104,112944,156728
17578,0,-4612096,1044928,40371,-248082
17588,0,-2708480,613640,10397,-299141
17598,0,-1560576,353568,2849,-194524
17608,0,-987136,223648,720,16533
17618,0,-729088,165184,183,169492
17628,0,-351232,79576,34,85309
17638,0,-106496,24128,0,35981
17648,2014208,365568,373520,183393,530187
17658,2817024,786432,460056,100214,511506
17668,2817024,1524736,292784,27548,164686
17678,5677056,2395136,743560,267502,794559
17688,5677056,3255296,548680,68964,353109
17698,4443136,4365312,17632,-62964,-345189
17708,3737600,5173248,-325264,-76475,-612903
17718,2668544,5379072,-614104,-91543,-734667
17728,2124800,5006336,-652848,-47962,-527980
17738,2124800,3991552,-422936,-12383,42557
17748,2124800,3406848,-290464,-3418,35093
17758,2124800,2527232,-91176,-894,318080
17768,2787328,2352128,98600,56308,272450
17778,2974720,2381824,134328,27060,161792
17788,3007488,2505728,113680,8342,84684
17798,2974720,2838528,30856,-516,-69776
17808,2974720,3248128,-61944,-147,-264366
17818,2942976,3106816,-37120,-3799,-27401
17828,2911232,3188736,-62872,-3702,-94973
17838,2911232,3105792,-44080,-967,50713
17848,3175424,2908160,60552,28542,156875
17858,3175424,2787328,87928,7346,176561
17868,4637696,2885632,396952,92402,465861
17878,4637696,3295232,304152,23813,161186
17888,5499904,4008960,337792,75129,92950
17898,5499904,4649984,192560,20654,-119455
17908,6175744,5117952,239656,79995,80938
17918,6175744,5391360,174232,20617,47008
17928,6175744,5638144,121800,5659,12741
17938,6175744,5941248,53128,1445,-89363
17948,12988416,6103040,1559968,545578,2032152
17958,13240320,7261184,1354648,155273,1016445
17968,14973952,9372672,1236792,219624,448984
17978,14973952,11700224,741704,60390,-280338
17988,10487808,13598720,-704816,-668970,-2274179
17998,7916544,14364672,-1460904,-468157,-2530717
18008,7916544,12916736,-1132856,-120738,-732496
18018,2446336,10929152,-1921888,-419246,-1335019
18028,2446336,7942144,-1245144,-108123,77465
18038,1364992,5623808,-964888,-109024,110446
18048,1232896,4207616,-673960,-37178,92223
18058,739328,3532800,-632896,-60735,-314660
18068,739328,3077120,-529656,-16722,-354391
18078,631808,2608128,-447760,-19708,-355213
18088,631808,2041856,-319464,-5096,-128030
18098,631808,1405952,-175392,-1417,626
18108,659456,1108992,-101848,1125,-66411
18118,659456,930816,-61480,278,-169275
18128,479232,723968,-55448,-13458,-208522
18138,379904,569344,-42920,-14019,-202786
18148,362496,391168,-6496,-5674,-146881
18158,365568,245760,27144,-1260,-138608
18168,365568,47104,72152,-335,-63636
18178,394240,-76800,106720,2861,-38806
18188,394240,-154624,124352,722,-34353
18199,394240,-221184,139432,170,-8297
18209,394240,-267264,149872,34,7948
18219,394240,-429056,186528,0,126785
18229,263168,-547840,183744,-11797,177590
18239,263168,-553984,185136,-3057,206303
18249,104448,-427008,120408,-11268,82719
18259,104448,-354304,103936,-3113,86050
18269,-4096,-304128,67976,-10699,65258
18279,-10240,-226304,48952,-3177,54570
18289,-13312,-239616,51272,-1299,41588
18299,-16384,-277504,59160,-625,66509
18309,-16384,-318464,68440,-184,111004
18319,-120832,-232448,25288,-5049,14447
18329,-370688,-267264,-23432,-24068,-35624
18339,-433152,-467968,7888,-10752,142274
18349,-590848,-368640,-50344,-22613,6157
18359,-601088,-382976,-49416,-6719,-22730
18369,-601088,-672768,16240,-1866,202210
18379,-616448,-833536,49184,-2308,213851
18389,-616448,-857088,54520,-650,121024
18399,-649216,-970752,72848,-2205,152116
18409,-649216,-991232,77488,-621,139698
18419,-632832,-1055744,95816,1225,185533
18429,-632832,-991232,81200,297,138630
18439,-632832,-839680,46864,68,-8725
18449,-637952,-873472,53360,-428,44069
18459,-637952,-855040,49184,-132,42100
18469,-643072,-867328,50808,175,55130
18479,-643072,-948224,69136,34,120277
18489,-649216,-979968,74936,-381,133110
18499,-649216,-965632,71688,-110,101410
18509,-643072,-954368,70528,478,155824
18519,-643072,-993280,79344,109,124156
18529,-632832,-889856,58232,1147,55603
18539,-632832,-925696,66352,297,116336
18549,-654336,-928768,62176,-1180,120566
18559,-734208,-862208,29000,-6685,37218
18569,-734208,-936960,45936,-1734,108392
18579,-1198080,-998400,-45240,-27342,11796
18589,-1198080,-1064960,-30160,-7537,48775
18599,-2196480,-1078272,-253344,-81851,-321781
18609,-2292736,-1359872,-211352,-28106,-141419
18619,-2342912,-1750016,-134328,-12808,38665
18629,-2342912,-2003968,-76792,-3318,72754
18639,-2473984,-2319360,-35032,-13563,123113
18649,-2612224,-2468864,-32480,-18787,56884
18659,-2612224,-2632704,4640,-4861,57478
18669,-3008512,-2699264,-70064,-24319,-39003
18679,-3008512,-2775040,-52896,-6285,-38873
18689,-3075072,-2942976,-29928,-7068,15230
18699,-3075072,-3190784,26216,-1836,143727
18709,-3075072,-3323904,56376,-484,152103
18719,-3075072,-3392512,71920,-147,132291
18729,-3075072,-3412992,76560,-54,100339
18739,-3075072,-3518464,100456,-37,158013
18749,-1972224,-3487744,343360,82712,430177
18759,-1162240,-3310592,486736,122282,520817
18769,-817152,-3084288,513648,69372,469425
18779,-817152,-2703360,427344,17873,311629
18789,-247808,-2176000,436856,47644,297970
18799,-247808,-1536000,291856,12272,40721
18809,-47104,-1123328,243832,17265,50505
18819,-7168,-757760,170056,6906,48298
18829,0,-404480,91640,2463,-29323
18839,0,-262144,59392,664,21826
18849,0,-135168,30624,158,41805
18859,9216,-44032,12064,988,25592
18869,30720,22528,1856,1755,25752
18879,30720,-13312,9976,441,78350
18889,113664,-28672,32248,8701,129292
18899,113664,-113664,51504,2231,212610
18909,110592,-97280,47328,415,203816
18919,110592,34816,17168,102,102227
18929,122880,146432,-5336,874,32849
18939,122880,161792,-8816,224,39774
18949,132096,162816,-6960,937,57208
18959,129024,165888,-8352,29,62707
18969,129024,128000,232,0,112786
18979,129024,104448,5568,0,147663
18989,129024,133120,-928,0,137121
18999,125952,143360,-3944,-162,136222
19009,122880,130048,-1624,-357,154137
19019,98304,174080,-17168,-1727,101331
19029,49152,225280,-39904,-2806,31891
19039,9216,178176,-38280,-4422,46556
19049,9216,135168,-28536,-1153,60477
19059,-4096,58368,-14152,-967,52961
19069,0,27648,-6264,109,89160
19079,0,-25600,5800,17,109395
19089,0,-67584,15312,0,125410
19099,0,-125952,28536,0,165433
19109,0,-111616,25288,0,148736
19119,0,-102400,23200,0,146394
19129,0,-152576,34568,0,195882
19139,0,-92160,20880,0,141151
19149,0,-67584,15312,0,116040
19159,0,-71680,16240,0,118393
19169,0,-61440,13920,0,98045
19179,0,-73728,16704,0,96503
19189,0,-53248,12064,0,72306
19199,0,-46080,10440,0,69032
19209,0,3072,-696,0,73249
19219,6144,6144,0,512,43947
19229,6144,15360,-2088,117,45923
19239,153600,33792,27144,9089,79554
19249,269312,52224,49184,12207,107249
19259,269312,89088,40832,3344,83287
19269,324608,186368,31320,7368,44447
19279,305152,274432,6960,329,453
19289,291840,335872,-9976,-748,-9185
19299,190464,377856,-42456,-7691,-31616
19309,190464,370688,-40832,-2127,6487
19319,116736,330752,-48488,-4834,27542
19329,98304,243712,-37352,-2034,63400
19339,9216,174080,-37352,-7696,85490
19349,-4096,100352,-23664,-2771,110131
19359,-4096,58368,-14152,-774,103738
19369,-4096,-24576,4640,-215,128951
19379,0,-84992,19256,153,142948
19389,0,-131072,29696,31,157518
19399,0,-139264,31552,0,146928
19409,0,-118784,26912,0,126346
19419,0,-99328,22504,0,98426
19429,0,-105472,23896,0,91242
19439,0,-99328,22504,0,79249
19449,9216,-99328,24592,952,73339
19459,61440,-81920,32480,4150,66724
19469,369664,-35840,91872,30854,123731
19479,369664,-2048,84216,7944,90656
19489,369664,21504,78880,2033,92927
19499,787456,134144,148016,23244,150849
19509,1105920,251904,193488,38974,203743
19519,1105920,455680,147320,10039,93687
19529,974848,676864,67512,-3926,-31216
19539,974848,827392,33408,-1028,-27828
19549,974848,912384,14152,-296,7887
19559,376832,939008,-127368,-35748,-121040
19570,376832,862208,-109968,-9231,-24450
19580,205824,732160,-119248,-14581,-9036
19590,156672,550912,-89320,-10364,44600
19600,144384,351232,-46864,-3807,99851
19610,144384,228352,-19024,-1063,93268
19620,95232,131072,-8120,-3431,56251
19630,95232,81920,3016,-960,14706
19640,39936,30720,2088,-3909,-15244
19650,39936,4096,8120,-1026,-17823
19660,3072,-65536,15544,-3880,24243
19670,3072,-88064,20648,-1014,36442
19680,3072,-114688,26680,-293,48761
19690,3072,-114688,26680,-91,26369
19700,3072,-162816,37584,-37,46809
19710,9216,-194560,46168,737,62445
19720,9216,-196608,46632,178,59626
19730,9216,-225280,53128,36,90796
19740,27648,-180224,47096,874,51795
19750,64512,-209920,62176,3359,77185
19760,64512,-196608,59160,910,84376
19770,92160,-178176,61248,3698,92702
19780,92160,-133120,51040,1000,67807
19790,122880,-25600,33640,2143,111
19800,125952,34816,20648,720,-28526
19810,190464,97280,21112,6042,-19515
19820,215040,132096,18792,3066,-5590
19830,391168,199680,43384,22978,21381
19840,405504,303104,23200,7138,-53273
19850,405504,285696,27144,1953,44653
19860,475136,270336,46400,3605,62144
19870,492544,189440,68672,2402,178440
19880,492544,318464,39440,646,79607
19890,492544,436224,12760,153,-14600
19900,492544,428032,14616,29,5071
19910,492544,275456,49184,0,151197
19920,527360,367616,36192,1447,80101
19930,625664,498688,28768,8779,8890
19940,676864,617472,13456,5217,-50184
19950,739328,504832,53128,8237,113923
19960,739328,556032,41528,2253,99075
19970,739328,789504,-11368,566,-84193
19980,739328,787456,-10904,144,36373
19990,739328,754688,-3480,26,34335
20000,801792,830464,-6496,3615,-1709
20010,801792,902144,-22736,981,-58810
20020,896000,762880,30160,7778,113051
20030,920576,765952,35032,3552,116546
20040,920576,905216,3480,900,-3708
20050,920576,970752,10672,219,57804
20060,855040,868352,-3016,-9178,55061
20070,855040,972800,-26680,-2383,-20891
20080,855040,1107968,-57304,-667,-134038
20090,855040,826368,6496,-184,137715
20100,500736,968704,-106024,-36766,-152225
20110,455680,919552,-105096,-13733,-133047
20120,527360,710656,-41528,6699,29152
20130,689152,530432,35960,19704,157625
20140,689152,430080,58696,5065,147358
20150,2817024,482304,528960,174140,693168
20160,2817024,783360,460752,47888,382608
20170,2817024,1432576,313664,12333,58785
20180,6506496,2168832,982752,203833,815294
20190,6575104,3238912,755856,59655,302137
20200,6575104,4409344,485576,15371,-57880
20210,5737472,5455872,63800,-97620,-557704
20220,5737472,5950464,-48256,-25188,-340782
20230,5737472,5925888,-42688,-6944,-29505
20240,2527232,5737472,-727320,-206541,-865233
20250,2527232,4977664,-534760,-53272,-213400
20260,1310720,3917824,-590672,-105933,-203064
20270,801792,2887680,-472584,-95582,-81602
20280,726016,1924096,-271440,-32020,167707
20290,631808,1402880,-174696,-15452,98134
20300,412672,972800,-126904,-33387,34228
20310,412672,714752,-68440,-9195,45116
20320,266240,659456,-89088,-12684,-115698
20330,138240,391168,-38048,-12581,50785
20340,138240,199680,-13920,-3475,12953
20350,3072,45056,-9512,-9820,-17535
20360,0,-220160,49880,-2869,112909
20370,0,-337920,76560,-752,103869
20380,0,-314368,71224,-220,-4131
20390,0,-606208,137344,-71,218427
20400,0,-602112,136416,-37,110861
20410,-4096,-448512,100688,-315,32331
20420,-4096,-413696,92800,-96,37021
20430,-4096,-530432,119248,-37,186226
20440,-4096,-410624,92104,-37,103406
20450,-10240,-272384,59392,-860,-3160
20460,-10240,-300032,65656,-232,55139
20470,-10240,-364544,82128,-74,127671
20480,-16384,-398336,86536,-330,156605
20490,-108544,-236544,29000,-8492,-12644
20500,-142336,-314368,38976,-4576,74583
20510,-267264,-300032,7424,-16902,27345
20520,-338944,-311296,-6264,-10896,17090
20530,-338944,-406528,15312,-3013,101606
20540,-546816,-348160,-45008,-15159,-52420
20550,-781312,-503808,-62872,-25533,-18209
20560,-1259520,-692224,-128528,-38133,-43914
20570,-1259520,-883712,-85144,-10501,66026
20580,-4491264,-963584,-799240,-296980,-1016701
20590,-4491264,-1740800,-623152,-76597,-306484
20600,-4491264,-2553856,-438944,-21082,48058
20610,-11456512,-3525632,-1796840,-600013,-1834205
20620,-11456512,-4884480,-1488976,-154737,-871363
20630,-11456512,-7043072,-999920,-42576,199416
20640,-9591808,-8745984,-191632,148178,1130976
20650,-8502272,-9720832,276080,101342,1174701
20660,-5216256,-9725952,1021728,415183,1651179
20670,-4540416,-8578048,914776,164738,601770
20680,-4540416,-7057408,570256,45297,-237515
20690,-2394112,-5601280,726624,111931,36226
20700,-2394112,-4554752,489520,28850,-30397
20710,-1453056,-3902464,554944,66098,287908
20720,-747520,-3385344,597632,94995,496755
20730,-556032,-2836480,516664,42460,354942
20740,-459776,-2185216,390920,16513,132979
20750,-222208,-1685504,331528,14213,130650
20760,-222208,-1235968,229680,3896,82228
20770,-4096,-843776,190240,34272,146610
20780,0,-575488,130384,9892,134168
20790,0,-378880,85840,2539,148663
20800,0,-133120,30160,642,56149
20810,0,-146432,33176,166,171478
20820,0,-2048,464,31,109304
20830,0,57344,-32944,0,25411
20841,0,184320,-41760,0,43264
20851,0,133120,-30160,0,117175
20861,0,110592,-25056,0,152220
20871,0,221184,-50112,0,45926
20881,0,116736,-26448,0,145482
20891,0,250880,-56840,0,12879
20901,0,252928,-57304,0,21622
20911,0,196608,-44544,0,68370
20921,12288,140288,-29000,1757,106331
20931,43008,146432,-23432,3425,88708
20941,43008,19456,5336,930,188701
20951,43008,202752,-36192,224,3415
20961,43008,142336,-22504,43,58073
20971,43008,74752,-7192,0,114904
20981,8501248,112640,1900544,1134338,3113796
20991,9031680,351232,1966664,366948,2305135
21001,9031680,1998848,1593376,94611,1077245
21011,9031680,4562944,1012448,24382,-44890
21021,9031680,6623232,545664,6694,-449977
21031,9031680,8150016,199752,1716,-508281
21041,9308160,8665088,145696,14538,-107411
21051,9308160,8857600,102080,3735,85357
21061,7599104,8720384,-244760,-111741,-165056
21071,7599104,8525824,-209960,-30752,13469
21081,6782976,8442880,-376072,-82254,-295188
21091,6782976,8105984,-299744,-22635,-71943
21101,4588544,7663616,-696696,-204642,-682195
21111,4588544,7012352,-549144,-52784,-272952
21121,2554880,6338560,-857240,-148631,-676912
21131,2554880,5059584,-567472,-38340,-56491
21141,2554880,4024320,-332920,-10560,211025
21151,2554880,3228672,-152656,-2740,245762
21161,215040,2873344,-602272,-294908,-748199
21171,215040,2577408,-535224,-81133,-530153
21181,122880,1922048,-407624,-27010,-203385
21191,113664,1401856,-276312,-7393,-57008
21201,73728,655360,-131776,-5679,105492
21211,49152,115712,-15080,-3001,164322
21221,3072,33792,-6960,-6631,-43248
21231,0,-237568,53824,-1985,62245
21241,0,-287744,65192,-562,-21808
21251,-117760,-369664,57072,-8414,30277
21261,-117760,-395264,62872,-2183,12948
21271,-472064,-382976,-20184,-22518,-142115
21281,-774144,-580608,-43848,-41426,-99806
21291,-1150976,-732160,-100224,-42862,-155872
21301,-1150976,-949248,-45704,-11802,-19830
21311,-2727936,-1302528,-322944,-69244,-300812
21321,-10283008,-1665024,-1952512,-663975,-2527610
21331,-13241344,-3202048,-2274528,-354112,-1973939
21341,-17213440,-5870592,-2569864,-258042,-1516542
21351,-17213440,-9068544,-1845328,-70989,-317104
21361,-17213440,-12662784,-1031008,-18318,640007
21371,-17213440,-15177728,-461216,-4739,771125
21381,-11344896,-16543744,1177864,468320,2452232
21391,-11344896,-16409600,1147472,120751,1396130
21401,-3503104,-15161344,2641320,957517,3098166
21411,-3503104,-12909568,2131152,246899,1282785
21421,-1562624,-10117120,1910520,169084,608508
21431,-1562624,-7190528,1275072,46496,-161653
21441,-1562624,-4832256,740776,11975,-429770
21451,-966656,-3412992,554248,37817,-163337
21461,-690176,-2636800,441032,40290,122907
21471,-611328,-2286592,379552,16291,315725
21481,-413696,-2031616,366560,34624,430675
21491,-359424,-1737728,312272,14538,366218
21501,-359424,-1458176,248936,3986,310229
21511,-154624,-1057792,204624,17270,246488
21521,-154624,-761856,137576,4438,157755
21531,-37888,-402432,82592,9965,162663
21541,-19456,-83968,14616,3557,85435
21551,-19456,112640,-29928,961,69457
21561,0,252928,-57304,1691,64619
21571,0,456704,-103472,417,-47696
21581,0,445440,-100920,102,7310
21591,24576,393216,-83520,1857,76217
21601,101376,311296,-47560,9487,170889
21611,122880,332800,-47560,4826,138242
21621,122880,430080,-69600,1235,36834
21631,178176,410624,-52664,6699,87543
21641,208896,418816,-47560,4812,78206
21651,208896,354304,-32944,1225,141288
21661,816128,437248,85840,31254,238822
21671,816128,599040,49184,8044,102003
21681,6854656,761856,1380400,400241,1787890
21691,6854656,1608704,1188536,110075,1016438
21701,16135168,3262464,2916472,929714,3242446
21711,16135168,5526528,2403520,255710,1654291
21721,16135168,8699904,1684552,65925,346173
21731,16135168,11615232,1024048,16989,-293917
21741,16135168,13762560,537544,4663,-470503
21751,16135168,15077376,239656,1188,-309096
21761,6854656,15477760,-1953672,-901026,-3054522
21771,5617664,15156224,-2161080,-313926,-2397570
21781,2582528,13105152,-2334848,-280357,-1558485
21791,2582528,10106880,-1704736,-77127,-254872
21801,2582528,7098368,-1023120,-19900,508637
21811,676864,4927488,-963032,-132569,96576
21821,419840,3263488,-644264,-57605,99894
21831,358400,2285568,-436624,-18667,48645
21841,358400,1662976,-295568,-5152,-72091
21851,12288,1207296,-270744,-32855,-195819
21861,12288,816128,-182120,-9048,-106115
21871,0,584704,-132472,-2896,-154253
21881,12288,279552,-48024,290,-47577
21891,18432,-108544,28768,476,44357
21901,101376,-276480,85608,9887,28608
21911,104448,-487424,134096,2985,91606
21921,104448,-604160,160544,759,119143
21931,92160,-482304,130152,-591,-17779
21941,49152,-400384,101848,-3846,-78041
21951,43008,-397312,99760,-1387,-26813
21961,76800,-411648,110664,3356,42082
21971,122880,-457728,131544,4787,128748
21981,122880,-326656,102080,1220,31626
21991,122880,-326656,101848,319,70449
22001,291840,-365568,148944,14489,197036
22011,291840,-221184,116232,3974,96141
22021,243712,-49152,66352,-4659,-18439
22031,221184,0,50112,-3021,-4713
22041,221184,-4096,51040,-845,64762
22051,18432,14336,928,-15057,21648
22061,18432,113664,-21576,-4156,-50196
22071,-108544,97280,-46632,-8445,-71019
22081,-108544,-92160,-3712,-2193,74465
22091,-510976,-148480,-82128,-32823,-63515
22102,-727040,-178176,-124352,-21001,-146123
22112,-727040,-380928,-78416,-5789,-29285
22122,-727040,-613376,-25752,-1507,75302
22132,-17213440,-774144,-3724528,-896153,-4519610
22142,-17213440,-2111488,-3421536,-246507,-3064273
22152,-17213440,-5062656,-2752912,-63582,-1471485
22162,-17213440,-8522752,-1968984,-17505,-291087
22172,-17213440,-12017664,-1177168,-4532,478617
22182,-17213440,-14542848,-605056,-1180,727830
22192,-17213440,-16190464,-231768,-335,573376
22202,-17213440,-16684032,-119944,-101,77385
22212,-17213440,-16899072,-71224,-40,-135773
22222,-17213440,-17077248,-30856,-37,-166494
22232,-17213440,-17271808,13224,-37,-120907
22242,-2394112,-17521664,3427336,1111782,4671380
22252,-985088,-16877568,3600640,394577,3671019
22262,-985088,-14943232,3162392,108518,2307442
22272,-985088,-11783168,2446440,27971,1004770
22282,-105472,-8340480,1865744,52004,180499
22292,0,-5238784,1186912,25217,-273119
22302,0,-3033088,687184,6486,-312408
22312,-25600,-1602560,357280,-1890,-281062
22322,-44032,-968704,209496,-2410,17398
22332,-44032,-628736,132472,-638,169992
22342,-99328,-420864,72848,-3194,204525
22352,-99328,-252928,34800,-840,223340
22362,-99328,56320,-35264,-245,96703
22372,-10240,216064,-51272,12668,150134
22382,-10240,449536,-104168,3251,78633
22392,0,579584,-131312,1604,78806
22402,0,764928,-173304,402,-14800
22412,24576,840704,-184904,2644,-29433
22422,55296,889856,-189080,2829,-56388
22432,376832,848896,-106952,46760,85702
22442,1350656,754688,135024,106625,438013
22452,1350656,831488,117624,27482,289303
22462,11909120,1280000,2408160,1000339,3335745
22472,11909120,2658304,2095888,257939,1790241
22482,16135168,4963328,2503280,345166,1771574
22492,16135168,8186880,1800784,94926,435779
22502,16135168,11386880,1075784,24465,-371818
22512,16135168,13775872,534528,6713,-640452
22522,16135168,15208448,209960,1718,-430826
22532,15985664,15899648,19488,-13184,-221297
22542,15985664,16079872,-21344,-3641,18533
22552,10591232,16018432,-1229600,-679185,-1733841
22562,10591232,15740928,-1166728,-186829,-1167509
22572,7756800,14686208,-1569944,-235093,-1332232
22582,7756800,12993536,-1186448,-64673,-414035
22592,5737472,10959872,-1183200,-200555,-360758
22602,5737472,9374720,-824064,-51729,-52203
22612,5737472,8010752,-515040,-14244,125012
22622,3389440,7088128,-837984,-217483,-622457
22632,2079744,6471680,-995048,-146197,-850157
22642,2079744,5592064,-795760,-37715,-508111
22652,2079744,4417536,-512488,-9739,8292
22662,15360,3553280,-801560,-138816,-535982
22672,-25600,2425856,-555408,-30684,-80527
22682,-56320,1893376,-441728,-11250,-210773
22692,-56320,1052672,-251256,-2918,40057
22702,-31744,584704,-139664,2270,52487
22712,-13312,397312,-93032,2145,-93150
22722,-13312,132096,-32944,541,-71021
22732,-13312,-2048,-2552,136,-107179
22742,-13312,-178176,37352,24,-85193
22752,-22528,-404480,86536,-579,-3631
22762,-59392,-494592,98600,-4507,-48431
22772,-56320,-592896,121568,-914,-32047
22782,-53248,-701440,146856,-74,21680
22792,-13312,-826368,184208,1645,116599
22802,0,-861184,195112,1577,139765
22812,0,-729088,165184,390,21214
22822,0,-706560,160080,87,35840
22832,0,-690176,156368,12,64862
22842,0,-634880,143840,0,72242
22852,0,-580608,131544,0,91862
22862,0,-550912,124816,0,126251
22872,0,-402432,91176,0,40270
22882,0,-330752,74936,0,25625
22892,0,-207872,47096,0,-32390
22902,0,-160768,36424,0,-23576
22912,0,-187392,42456,0,47427
22922,0,-152576,34568,0,44076
22932,0,-182272,41296,0,87682
22942,0,-189440,42920,0,84463
22952,0,-167936,38048,0,66634
22962,0,-220160,49880,0,106650
22972,0,-142336,32248,0,13404
22982,0,-166912,37816,0,32359
22992,0,-206848,46864,0,62390
23002,0,-225280,51040,0,77107
23012,0,-254976,57768,0,106516
23022,0,-205824,46632,0,71141
23032,0,-202752,45936,0,88576
23042,0,-193536,43848,0,97661
23052,3072,-131072,30392,146,58523
23062,6144,-158720,31784,322,67305
23072,6144,-80896,19720,73,12783
23082,6144,-93184,22504,4,27226
23092,6144,-134144,31784,0,57537
23102,-4096,-133120,29232,-728,48417
23112,-4096,-199680,44312,-203,108518
23122,-4096,-169984,37584,-69,81239
23132,-4096,-226304,50344,-37,134850
23142,-4096,-205824,45704,-37,109026
23152,-4096,-203776,45240,-37,113851
23162,-4096,-220160,48952,-37,129814
23172,-4096,-118784,25984,-37,37267
23182,-4096,-135168,29696,-37,56889
23192,-4096,-93184,20184,-37,17840
23202,-4096,-129024,28304,-37,59679
23212,-4096,-193536,42920,-37,120918
23222,-4096,-164864,43616,-37,126242
23232,0,-233472,52896,478,164815
23242,0,-139264,31552,109,69937
23252,0,-197632,44776,19,125514
23262,0,-133120,30160,0,62626
23272,0,-97280,22040,0,37118
23282,0,-93184,21112,0,30729
23292,0,-80896,18328,0,22577
23302,0,-177152,40136,0,110468
23312,0,-216064,48952,0,141160
23322,0,-301056,68208,0,214022
23332,0,-246784,55912,0,157463
23342,0,-257024,58232,0,168049
23352,0,-209920,47560,0,124344
23362,0,-165888,37584,0,93162
23372,0,-111616,25288,0,49978
23382,0,-122880,27840,0,76997
23392,0,-145408,32944,0,104569
23402,0,-122880,27840,0,96622
23412,0,-167936,38048,0,145741
23422,0,-182272,41296,0,161363
23432,0,-210944,47792,0,189368
23442,0,-172032,38976,0,153111
23452,0,-137216,31088,0,121272
23462,0,-119808,27144,0,53743
23472,0,-64512,14616,0,42746
23482,0,-133120,30160,0,100360
23492,0,-129024,29232,0,89485
23502,0,-211968,48024,0,172262
23512,0,-211968,48024,0,173450
23522,0,-201728,45704,0,179478
23532,0,-141312,32016,0,137278
23542,0,-59392,13456,0,79644
23552,0,-20480,4640,0,62048
23563,0,23552,-5336,0,26610
23573,0,-33792,7656,0,73239
23583,0,-128000,29000,0,145949
23593,0,-207872,47096,0,203884
23603,0,-300032,67976,0,278589
23613,0,-177152,40136,0,154170
23623,0,-179200,40600,0,159193
23633,0,-92160,20880,0,87851
23643,0,-45056,10208,0,63135
23653,0,-71680,16240,0,99522
23663,0,-37888,8584,0,68641
23673,0,-152576,34568,0,180644
23683,0,-161792,36656,0,184408
23693,0,-177152,40136,0,199033
23703,0,-195584,44312,0,176033
23713,0,-124928,28304,0,152205
23723,0,-107520,24360,0,134232
23733,-10240,-11264,232,-1375,40066
23743,-10240,-26624,3712,-367,74698
23753,-10240,-98304,19952,-110,153366
23763,-359424,-74752,-64496,-28570,26689
23773,-359424,-129024,-52200,-7383,82793
23783,-948224,-187392,-172376,-43455,-86386
23793,-3618816,-230400,-767688,-346990,-1069322
23803,-7837696,-772096,-1600800,-473626,-1849655
23813,-11344896,-2001920,-2116768,-361556,-1843852
23823,-17213440,-4494336,-2881672,-373492,-1994987
23833,-17213440,-7822336,-2127672,-102747,-486294
23843,-17213440,-11502592,-1293864,-26512,548245
23853,-17213440,-14475264,-620368,-6851,948522
23863,-17213440,-16220160,-225040,-1897,838764
23873,-17213440,-16918528,-66816,-503,362318
23883,-17213440,-17063936,-33872,-145,4822
23893,-17213440,-17011712,-45704,-57,-189533
23903,-17213440,-17046528,-37816,-37,-182260
23913,-8763392,-17049600,1877344,378273,2201299
23923,-2639872,-16033792,3034560,620241,3217363
23933,-2015232,-13700096,2647352,198542,1781708
23943,-654336,-10643456,2263160,126901,861841
23953,-654336,-7392256,1526560,32707,-47076
23963,-173056,-4844544,1058384,36313,-281743
23973,-173056,-2884608,614336,9975,-352570
23983,-173056,-1824768,374216,2558,-138110
23993,-47104,-1212416,264016,7946,45410
24003,-50176,-839680,178872,1809,98471
24013,-50176,-515072,105328,446,72914
24023,-31744,-294912,59624,1179,85544
24033,-10240,18432,-6496,2246,-4492
24043,0,256000,-58000,1477,-44689
24053,0,386048,-87464,366,-14947
24063,0,427008,-96744,80,52724
24073,0,521216,-118088,7,32579
24083,0,546816,-123888,0,36384
24093,0,657408,-148944,0,-75546
24103,0,599040,-135720,0,-47981
24113,0,346112,-78416,0,136707
24123,0,356352,-85840,0,40778
24133,0,314368,-71224,0,43321
24143,52224,308224,-58000,6911,7218
24153,52224,221184,-38280,1770,89468
24163,405504,29696,85144,26979,272093
24173,2499584,147456,532904,291411,863905
24183,3861504,331776,799704,221232,975414
24193,3861504,1026048,642408,57031,434693
24203,3861504,2049024,410640,14692,-12769
24213,3861504,2951168,206248,4025,-223577
24223,16284672,3652608,2861952,874816,3419447
24233,16284672,4883456,2583088,240610,2145883
24243,16284672,7371776,2019328,62033,1024826
24253,16284672,10426368,1327272,15983,-4883
24263,16284672,13015040,740776,4382,-492505
24273,16284672,14962688,299512,1113,-586084
24283,16284672,15874048,93032,275,-281185
24293,16284672,16273408,2552,63,-61456
24303,16284672,16437248,-34568,0,59771
24313,10281984,16425984,-1392000,-422212,-1723289
24323,10281984,15821824,-1255120,-108890,-1109294
24333,3141632,14425088,-2556408,-678238,-2568894
24343,2611200,12857344,-2321392,-221548,-1732067
24353,412672,9892864,-2147856,-192471,-965167
24363,412672,7004160,-1493384,-52955,33284
24373,107520,4498432,-994816,-33794,293773
24383,36864,2698240,-602968,-11893,326362
24393,36864,1702912,-377464,-3287,145426
24403,122880,1252352,-255896,4812,-102014
24413,156672,854016,-157992,2924,-78271
24423,193536,591872,-90248,4099,-67933
24433,190464,398336,-47096,854,-105175
24443,187392,145408,9512,-164,-42927
24453,184320,-52224,53592,-318,-26210
24463,184320,-261120,100920,-101,30854
24473,150528,-589824,167736,-3545,191106
24483,150528,-714752,196040,-928,210533
24493,141312,-770048,206480,-840,175327
24503,141312,-645120,178176,-230,50964
24513,141312,-516096,148944,-76,235
24523,141312,-455680,135256,-37,44462
24533,79872,-506880,132936,-7762,122098
24543,79872,-429056,115304,-2017,104393
24553,79872,-351232,97672,-533,51163
24563,79872,-427008,114840,-162,121766
24573,9216,-452608,104632,-6084,126705
24583,3072,-296960,67976,-2068,13344
24593,-4096,-225280,50112,-1392,-5720
24603,-4096,-278528,62176,-376,83264
24613,-4096,-145408,32016,-118,-20582
24623,0,-272384,61712,126,118310
24633,0,-283648,64264,24,119437
24643,0,-311296,70528,0,138715
24653,0,-307200,69600,0,111745
24663,0,-404480,91640,0,176900
24673,0,-489472,110896,0,173445
24683,0,-472064,106952,0,138129
24693,0,-560128,126904,0,202339
24704,0,-578560,131080,0,240738
24714,0,-330752,74936,0,30125
24724,0,-363520,82360,0,115368
24734,0,-471040,80040,0,105502
24744,0,-372736,84448,0,138322
24754,0,-326656,74008,0,113276
24764,0,-428032,96976,0,224812
24774,0,-153600,34800,0,2421
24784,0,-330752,74936,0,186358
24794,0,-362496,82128,0,182880
24804,0,-382976,86768,0,157341
24814,0,-431104,97672,0,180249
24824,0,-376832,85376,0,133619
24834,0,-268288,60784,0,59164
24844,0,-324608,73544,0,156841
24854,0,-161792,36656,0,40250
24864,0,-317440,71920,0,197074
24874,0,-186368,42224,0,70977
24884,0,-288768,65424,0,172894
24894,0,-161792,36656,0,57815
24904,0,-282624,60320,0,173423
24914,0,-168960,38280,0,101408
24924,0,-155648,35264,0,115182
24934,0,-173056,39208,0,163327
24944,0,35840,-8120,0,12541
24954,0,-109568,24824,0,184477
24964,0,49152,-11136,0,86629
24974,0,120832,-27376,0,26678
24984,0,-35840,8120,0,185574
24994,0,91136,-20648,0,60210
25004,0,61440,-13920,0,74834
25014,0,40960,-9280,0,82546
25024,0,12288,-2784,0,123307
25034,0,253952,-57536,0,-105423
25044,0,30720,-6960,0,122868
25054,0,121856,-27608,0,50714
25064,0,89088,-20184,0,66126
25074,0,13312,-3016,0,115113
25084,0,-133120,30160,0,222617
25094,0,-15360,3480,0,72296
25104,0,-260096,58928,0,272974
25114,0,-121856,27608,0,136157
25124,288768,-70656,81432,29826,170287
25134,288768,-138240,96744,7678,253645
25144,288768,150528,31320,1965,3974
25154,7292928,43008,1642560,881149,2631704
25164,7292928,716800,1489904,227209,1481454
25174,10802176,2362368,1912144,293881,1435893
25184,14150656,4905984,2094496,496765,1412772
25194,13885440,7629824,1417288,105441,116829
25204,13885440,10169344,841928,28991,-356921
25214,13367296,11836416,346840,-15735,-504181
25224,13367296,12424192,213672,-4344,-126429
25234,8162304,12392448,-958392,-322898,-1294129
25244,6438912,11474944,-1140976,-286417,-1054863
25254,3502080,9809920,-1429120,-329485,-946990
25264,3502080,7737344,-959552,-84976,-13156
25274,1062912,5812224,-1076016,-310892,-402145
25284,752640,4285440,-800400,-106673,-163826
25294,752640,3098624,-547752,-27522,-84080
25304,193536,2019328,-413656,-38599,131301
25314,193536,1652736,-330600,-9964,-94904
25324,0,1057792,-239656,-14717,-48106
25334,0,527360,-119480,-3809,100205
25344,-13312,403456,-94424,-2061,-100852
25354,-13312,-56320,9744,-584,118372
25364,-13312,-122880,24824,-164,-93
25374,-74752,-261120,42224,-5303,-21717
25384,-160768,-430080,61016,-11309,16227
25394,-160768,-385024,75400,-2930,33023
25404,-225280,-614400,88160,-5980,63798
25414,-349184,-743424,89320,-18914,89539
25424,-510976,-901120,88392,-23091,125707
25434,-510976,-789504,63104,-5972,7930
25444,-2220032,-907264,-297424,-182344,-521199
25454,-2880512,-1187840,-383496,-123152,-440807
25464,-7999488,-1703936,-1426336,-415823,-1652013
25474,-7999488,-2973696,-1138656,-114388,-699701
25484,-7999488,-4909056,-700176,-29512,71147
25494,-17213440,-6693888,-2383336,-698897,-2314152
25504,-17213440,-8848384,-1895208,-192251,-1106316
25514,-17213440,-11921408,-1198976,-49588,118154
25524,-17213440,-14368768,-644496,-12801,489956
25534,-17213440,-15953920,-285360,-3536,423943
25544,-17213440,-16878592,-75864,-928,260025
25554,-12026880,-17105920,1150720,388850,1655862
25564,-6507520,-16299008,2218384,753352,2643201
25574,-3989504,-14503936,2382176,438806,1936812
25584,-3989504,-11832320,1776888,113139,479230
25594,-649216,-8850432,1858088,256242,572300
25604,-649216,-6335488,1288296,66059,13535
25614,-649216,-4647936,905960,18159,-34856
25624,-40960,-3563520,798080,35654,300060
25634,-40960,-2931712,654936,9182,444068
25644,-40960,-2509824,559352,2509,500786
25654,6144,-2015232,457968,3415,400524
25664,6144,-1529856,350088,869,287964
25674,178176,-1170432,305544,12324,290632
25684,291840,-890880,267960,8596,339683
25694,659456,-479232,257984,38049,321438
25704,939008,-94208,234088,28229,273266
25714,2756608,290816,558656,156979,713232
25724,2756608,759808,452400,43164,472908
25734,3464192,1391616,469568,57773,490502
25744,4164608,2137088,459360,109812,509304
25754,4789248,2848768,439640,85178,445919
25764,4944896,3570688,311344,31572,254603
25774,4944896,4186112,171912,8669,116927
25784,4944896,4588544,80736,2224,166035
25794,4944896,4938752,1392,600,145613
25804,4944896,5324800,-86072,144,-5058
25814,4944896,5286912,-77488,26,162440
25824,4892672,5226496,-75632,-3450,253924
25834,3697664,5352448,-374912,-141761,-261571
25844,3040256,5329920,-504600,-92686,-342774
25854,2817024,4920320,-476528,-39307,-208978
25864,1436672,4259840,-639624,-172852,-425788
25874,1436672,3571712,-483720,-47559,-145202
25884,780288,2829312,-464232,-52852,-197810
25894,569344,1780736,-274456,-23992,191797
25904,405504,1128448,-163792,-20188,190141
25914,405504,589824,-41760,-5220,274812
25924,376832,456704,-18096,-4832,94547
25935,376832,317440,13456,-1258,65720
25945,327680,120832,46864,-3399,123222
25955,327680,64512,59624,-889,96964
25965,79872,93184,232,-20074,-61633
25975,0,-239616,54288,-10474,171321
25985,-90112,-174080,19024,-12671,1624
25995,-166912,-358400,43384,-10052,81793
26005,-166912,-557056,88392,-2608,180365
26015,-166912,-685056,117392,-684,223615
26025,-166912,-680960,116464,-203,167199
26035,-448512,-576512,29000,-19002,-29331
26045,-448512,-619520,38744,-4913,68592
26055,-856064,-744448,-25288,-33982,-6102
26065,-856064,-867328,2552,-8780,78157
26075,-4210688,-909312,-747968,-373128,-1099933
26085,-4210688,-1336320,-651224,-96233,-577110
26095,-13241344,-2320384,-2474280,-515486,-2527626
26105,-13241344,-3991552,-2095656,-141802,-1429635
26115,-13241344,-6701056,-1481784,-36580,-336954
26125,-17213440,-9383936,-1773872,-616170,-1067943
26135,-17213440,-11432960,-1309640,-158904,-426181
26145,-17213440,-13535232,-833344,-40989,153904
26155,-6306816,-14701568,1901936,823134,3512128
26165,-6306816,-15202304,2015384,212246,2581703
26175,-1698816,-14301184,2855224,404079,2860088
26185,-975872,-12144640,2530424,143461,1735887
26195,-148480,-9273344,2067352,117338,868842
26205,-80896,-6585344,1473664,37333,157396
26215,-80896,-4305920,957232,9614,-147516
26225,-80896,-2691072,591368,2631,-210264
26235,0,-1558528,353104,6357,-118010
26245,0,-888832,201376,1625,-25695
26255,0,-471040,106720,434,64505
26265,3072,-217088,49880,317,125630
26275,73728,-116736,43152,10180,218261
26285,73728,161792,-19952,2612,99687
26295,256000,262144,-1392,13479,180093
26305,305152,502784,-44776,6196,89348
26315,384000,640000,-58000,9243,102784
26325,391168,806912,-94192,3032,51319
26335,391168,937984,-123888,766,15893
26345,391168,969728,-132472,183,31754
26355,391168,1003520,-138736,36,31754
26365,391168,994304,-136648,0,31926
26375,7916544,943104,1579920,730876,2483498
26385,10384384,1375232,2041136,351184,2318547
26395,10384384,2832384,1711000,90546,1281735
26405,13754368,5035008,1975480,352192,1408999
26415,13754368,7598080,1394784,90805,367240
26425,10908672,9928704,222024,-217486,-1089001
26435,9980928,11555840,-356816,-140569,-1235611
26445,7368704,12071936,-1065576,-208511,-1580084
26455,5859328,11261952,-1224032,-169449,-1128282
26465,5859328,9489408,-822440,-43711,-86421
26475,3040256,7487488,-1007576,-197928,-180532
26485,1971200,5655552,-834736,-168057,-12823
26495,1392640,4383744,-677672,-92732,-123717
26505,1220608,2959360,-393936,-36866,160599
26515,683008,2385920,-385816,-33587,-97462
26525,683008,1633280,-215296,-8677,60297
26535,211968,1225728,-229680,-31519,-105388
26545,107520,827392,-163096,-14612,-90471
26555,107520,448512,-77256,-4029,-19385
26565,107520,-67584,39672,-1055,180365
26575,12288,-101376,25752,-11512,-55883
26585,33792,-384000,94656,-1343,81440
26595,33792,-601088,143840,-357,175255
26605,33792,-526336,126904,-105,65590
26615,43008,-596992,145000,739,100900
26625,43008,-588800,143144,178,107217
26635,39936,-531456,129456,-103,87316
26645,33792,-497664,120408,-533,111471
26655,33792,-475136,115304,-162,146298
26665,36864,-209920,55912,305,-50601
26675,36864,-274432,70528,65,59718
26685,36864,-290816,74240,468,167451
26695,43008,-226304,61016,454,61192
26705,43008,-185344,51736,102,47785
26715,36864,-176128,48256,-342,53218
26725,9216,-135168,32712,-3157,28295
26735,6144,-161792,38048,-1060,66528
26745,0,-197632,44776,-660,106848
26755,0,-74752,16936,-184,-10107
26765,0,-63488,14384,-66,-6900
26775,0,-195584,44312,-37,119002
26785,0,-188416,52896,-37,149374
26795,0,-206848,46864,-37,109560
26805,0,-100352,22736,-37,-5015
26815,0,-140288,31784,-37,26969
26825,0,-203776,46168,-37,88488
26835,0,-185344,41992,-37,78328
26845,0,-193536,43848,-37,100753
26855,0,-91136,20648,-37,12287
26865,0,-56320,12760,-37,-16294
26875,0,-50176,11368,-37,-7005
26885,181248,-33792,48720,12722,44723
26895,1258496,58368,271904,148046,355395
26905,2393088,142336,509936,148354,576288
26915,2393088,480256,433376,38239,286862
26925,13885440,1000448,2919256,1654499,4291498
26935,16284672,1917952,3254960,659648,3395056
26945,16284672,3819520,2824136,181430,1940286
26955,16284672,6919168,2121872,46767,514523
26965,16436224,9830400,1461832,26765,-260551
26975,16436224,12286976,940064,7348,-520704
26985,14420992,13649920,174696,-216741,-960750
26995,11455488,14194688,-620600,-347647,-1364632
27005,10180608,13717504,-801328,-179329,-794947
27015,8080384,12665856,-1038896,-310315,-848320
27025,8080384,11102208,-684632,-85367,46034
27035,8080384,9936896,-420616,-22032,190696
27045,6111232,8878080,-626864,-106373,-170642
27056,4209664,8083456,-877656,-200582,-678626
27066,3737600,7080960,-757480,-82864,-378072
27076,2499584,6085632,-812464,-188836,-501512
27086,2499584,5255168,-624312,-48707,-304781
27096,1297408,4176896,-652384,-92684,-306285
27106,483328,3188736,-612944,-88182,-293845
27116,394240,2200576,-409248,-30867,-63573
27126,394240,1511424,-253112,-7974,-9991
27136,278528,736256,-103704,-7386,98865
27146,278528,215040,14384,-1919,151884
27156,215040,-67584,64032,-4730,107584
27166,224256,-168960,89088,-821,18724
27176,221184,-280576,121568,-484,50780
27186,221184,-405504,141984,-147,74989
27196,199680,-487424,155672,-1465,112053
27206,199680,-471040,151960,-416,85617
27216,199680,-460800,149640,-123,79213
27226,138240,-422912,127136,-2625,3235
27236,67584,-371712,99528,-6766,21704
27246,67584,-416768,109736,-1756,109731
27256,-13312,-387072,84680,-4795,90411
27266,-13312,-394240,86304,-1250,117588
27276,-105472,-345088,47096,-11771,47403
27286,-145408,-378880,52896,-3252,77367
27296,-524288,-322560,-45704,-31172,-106471
27306,-524288,-368640,-35264,-8584,-60403
27316,-1909760,-485376,-322712,-155323,-457363
27326,-1909760,-712704,-271208,-42737,-218443
27336,-7600128,-1160192,-1459048,-340821,-1583873
27346,-9402368,-2340864,-1599872,-287054,-1354866
27356,-8763392,-4426752,-982520,-27835,15647
27366,-4638720,-6286336,373288,421689,1825953
27376,-4120576,-7276544,715024,177053,1592709
27386,-4120576,-7265280,712472,45642,896522
27396,-1972224,-6206464,959320,128483,693414
27406,-1271808,-4889600,819656,112727,310874
27416,-1271808,-3507200,506456,29055,-110376
27426,-595968,-2376704,403448,104160,-38593
27436,-595968,-1849344,283968,28637,29683
27446,-312320,-1545216,279328,28652,234855
27456,-312320,-1233920,208800,7868,172764
27466,-472064,-1048576,130616,-14534,125164
27476,-510976,-926720,94192,-6680,151756
27486,-690176,-761856,16240,-29192,34939
27496,-788480,-745472,-9744,-17725,81487
27506,-788480,-743424,-10208,-4888,125373
27516,-887808,-728064,-36192,-5855,84491
27526,-879616,-808960,-16008,-674,136204
27536,-864256,-807936,-12760,954,96677
27546,-788480,-829440,9280,9558,101724
27556,-795648,-906240,25056,1872,141162
27566,-795648,-944128,33640,473,145201
27576,-795648,-1039360,55216,109,225863
27586,-795648,-992256,44544,19,152135
27596,-795648,-998400,45936,0,173293
27606,-14018560,-1019904,-2945008,-1281060,-4219485
27616,-17213440,-2217984,-3397408,-662674,-3514376
27626,-17213440,-4749312,-2823904,-170894,-1822739
27636,-17213440,-8828928,-1899616,-44085,-48045
27646,-17213440,-12250112,-1124504,-12139,673143
27656,-17213440,-15156224,-466088,-3143,1007794
27666,-17213440,-16497664,-142912,-826,642181
27676,-17213440,-17155072,-13224,-242,281361
27686,-17055744,-17120256,14616,10322,-57808
27696,-8247296,-17156096,2018400,1184133,3109083
27706,-5798912,-16837632,2500960,528266,2866477
27716,-5798912,-15387648,2172448,136206,1535373
27726,-1053696,-12869632,2677048,634057,2147046
27736,-436224,-9999360,2166648,219711,950398
27746,-216064,-7157760,1572728,74934,156179
27756,-216064,-4754432,1028224,19309,-155398
27766,0,-2923520,662360,24975,-234238
27776,0,-1763328,399504,6425,-112802
27786,0,-1006592,228056,1645,-40006
27796,0,-700416,158688,441,110962
27806,0,-499712,113216,102,189925
27816,0,-299008,67744,17,189651
27826,3072,4096,-232,273,48043
27836,3072,159744,-35496,58,53958
27846,181248,382976,-45704,7480,113868
27856,348160,512000,-37120,16291,116195
27866,401408,788480,-87696,7272,-11148
27876,492544,979968,-110432,12729,-40123
27886,648192,1086464,-99296,16552,22808
27896,1513472,1284096,51968,58029,159980
27906,2554880,1435648,253576,58659,387531
27916,2554880,1997824,126208,15114,64654
27926,2554880,2675712,-27376,4145,-222082
27936,9122816,2859008,1419144,726835,2157470
27946,9122816,3502080,1273448,199909,1355124
27956,9122816,5241856,879280,51533,313650
27966,8080384,7115776,218544,-89498,-625391
27976,6438912,8448000,-455184,-155994,-1210414
27986,5215232,8542208,-753768,-138099,-949253
27996,5215232,7626752,-546360,-37996,-139940
28006,5921792,6374400,-102544,46730,570711
28016,6240256,5196800,391616,133869,1182512
28026,7218176,5374976,417600,69172,603013
28036,7218176,6057984,262856,17824,31526
28046,7444480,6906880,121800,39421,-194389
28056,7444480,7319552,28304,10151,-116777
28066,7444480,7414784,6728,2780,44289
28076,6111232,7322624,-274456,-76565,-296719
28086,6111232,6983680,-197664,-19759,-127601
28096,3141632,6366208,-730568,-243094,-754418
28106,1497088,5537792,-915472,-313638,-840224
28116,1497088,4619264,-707368,-80889,-351900
28126,1497088,3299328,-408320,-22264,205722
28136,527360,2291712,-399736,-58443,77064
28146,527360,1660928,-256824,-16092,68510
28156,527360,1124352,-135256,-4163,109219
28166,24576,773120,-169592,-33211,-15899
28176,27648,413696,-87464,-8829,123408
28186,30720,274432,-55216,-2061,13510
28196,49152,-24576,16704,390,34165
28206,49152,-126976,39904,95,2677
28216,49152,-250880,67976,12,16018
28226,0,-218112,49416,-2955,-72045
28236,-4096,-308224,68904,-1172,618
28246,0,-332800,75400,-37,12345
28256,0,-423936,96048,-37,78428
28266,0,-534528,121104,-37,164681
28276,0,-552960,125280,-37,191178
28286,-10240,-550912,122496,-1409,206631
28296,-10240,-518144,115072,-379,215637
28306,-166912,-219136,11832,-11138,-74802
28316,-519168,-189440,-74704,-50130,-190836
28326,-570368,-271360,-67744,-18775,-86563
28336,-570368,-266240,-68904,-4856,-115411
28346,-930816,-620544,-70296,-23111,125981
28356,-930816,-462848,-106024,-6373,-182228
28366,-940032,-934912,-1160,-2266,151683
28376,-940032,-910336,-6728,-638,24365
28386,-940032,-989184,11136,-181,21805
28396,-930816,-1011712,18328,549,10428
28406,-847872,-1086464,54056,11259,99693
28417,-781312,-1084416,68672,8950,111961
28427,-781312,-984064,45936,2451,29010
28437,-660480,-983040,73080,7268,90596
28447,-660480,-1007616,74240,1860,115468
28457,-660480,-884736,50808,498,43409
28467,-660480,-755712,21576,114,-45969
28477,-677888,-752640,16936,-1570,-24242
28487,-677888,-762880,19256,-420,8891
28497,-660480,-754688,21344,2058,23002
28507,-660480,-765952,23896,512,41293
28517,-660480,-744448,19024,117,22888
28527,-565248,-776192,47792,4565,73832
28537,-409600,-752640,77720,14450,101469
28547,-328704,-679936,79576,8715,56219
28557,-142336,-646144,114144,25815,156013
28567,-142336,-454656,70760,6643,30168
28577,-142336,-427008,64496,1811,59404
28587,-142336,-291840,33872,446,19795
28597,-99328,-183296,19024,3771,-5880
28607,-99328,-124928,5800,1025,-3262
28617,-99328,-95232,-928,251,10687
28627,-90112,-31744,-9512,788,1796
28637,-90112,-35840,-12296,205,1271
28647,-40960,-22528,-4176,5471,23482
28657,-40960,20480,-13920,1489,-8699
28667,0,9216,-2088,2744,17492
28677,0,0,0,737,36787
28687,0,11264,-2552,178,17360
28697,39936,-61440,22968,5544,98517
28707,39936,-152576,43616,1508,146201
28717,132096,-191488,73312,7753,149816
28727,132096,-235520,83288,2119,138550
28737,234496,-238592,107184,11845,149723
28747,234496,-244736,108576,3044,165987
28757,342016,-145408,110432,8022,126265
28767,342016,-2048,77952,2055,50548
28777,345088,56320,65424,795,64464
28787,337920,79872,58464,-901,108632
28797,321536,169984,34336,-2071,69468
28807,321536,312320,2088,-550,-8580
28817,285696,329728,-4640,-2100,37075
28827,285696,287744,-464,-586,71572
28837,285696,343040,-12992,-164,21176
28847,165888,366592,-45472,-18343,-40893
28857,153600,231424,-17632,-6102,85379
28867,144384,261120,-26448,-2430,37960
28877,82944,337920,-57768,-10018,-67466
28887,82944,231424,-33640,-2598,16280
28897,9216,239616,-52200,-6629,-37170
28907,9216,135168,-28536,-1722,35796
28917,-4096,151552,-35264,-1836,-19554
28927,-4096,35840,-9048,-516,57264
28937,-7168,31744,-8816,-315,30431
28947,-7168,-20480,3016,-96,42704
28957,-53248,-18432,-7888,-3501,7956
28967,-71680,-60416,-2552,-1856,17220
28977,-136192,-5120,-29696,-7212,-71849
28987,-182272,-8192,-39440,-5118,-75697
28997,-436224,-48128,-87928,-24830,-120270
29007,-436224,-130048,-69368,-6849,-44327
29017,-436224,-201728,-53128,-1780,-9649
29027,-975872,-289792,-155440,-27991,-126547
29037,-1579008,-396288,-267960,-65811,-274260
29047,-1579008,-561152,-230608,-16988,-170702
29057,-1889280,-806912,-245224,-20491,-139624
29067,-1950720,-1051648,-203696,-11263,-90140
29077,-1950720,-1321984,-142448,-3113,-31215
29087,-1993728,-1632256,-81896,-3006,38129
29097,-2268160,-1812480,-103240,-25777,-68178
29107,-2268160,-2035712,-52664,-7105,10668
29117,-2500608,-2249728,-56840,-33018,-25281
29127,-2500608,-2340864,-36192,-9095,-45177
29137,-2500608,-2545664,10208,-2359,32796
29147,-2727936,-2592768,-30624,-11478,-82756
29157,-2848768,-2776064,-16472,-14905,-38556
29167,-2848768,-2868224,4408,-3858,-23371
29177,-2848768,-2993152,32712,-1009,12297
29187,-2727936,-3090432,82128,10710,93981
29197,-2727936,-3200000,106952,2746,162422
29207,-2125824,-3105792,222024,29494,248543
29217,-1423360,-2907136,336168,71550,320197
29227,-1271808,-2638848,309720,27807,196287
29237,-1053696,-2268160,275152,18051,98421
29247,-476160,-1895424,321552,53942,195697
29257,-413696,-1567744,261464,17761,155603
29267,-206848,-1149952,213672,30871,92395
29277,-166912,-857088,156368,11357,57989
29287,-166912,-529408,82128,2915,-61590
29297,-44032,-381952,76560,8984,21614
29307,-44032,-358400,71224,2302,116828
29317,0,-201728,45704,3342,64319
29327,0,-81920,18560,847,27269
29337,0,54272,-12296,222,-42744
29347,3072,16384,-3016,234,47755
29357,30720,-27648,13224,3105,61101
29367,30720,134144,-23432,842,-4246
29377,30720,167936,-31088,205,-6218
29387,89088,162816,-16704,2880,65639
29397,101376,149504,-10904,1716,58641
29407,116736,210944,-21344,1320,434
29417,116736,284672,-38048,351,-57357
29427,162816,159744,696,3767,96097
29437,162816,218112,-15080,957,40660
29447,178176,327680,-33872,1948,-33372
29457,181248,257024,-17168,737,39170
29467,181248,235520,-12296,190,34925
29477,181248,289792,-24592,36,1794
29487,181248,340992,-36192,0,-40383
29497,199680,240640,-9280,1931,57790
29507,199680,248832,-11136,478,33370
29517,199680,305152,-23896,109,-23503
29527,199680,210944,-2552,19,61256
29537,589824,235520,80272,40412,159127
29547,719872,254976,105328,20854,162401
29557,2847744,468992,538936,309760,785043
29567,2847744,593920,510632,79865,543299
29577,2847744,1137664,387440,21953,233768
29587,6575104,1940480,1050032,238232,958774
29597,7444480,3066880,991800,145854,651191
29607,8162304,4414464,849120,90598,327635
29617,8415232,5760000,601576,36235,51831
29627,8415232,6961152,329440,9956,-196139
29637,8415232,7791616,141288,2556,-218003
29647,8162304,8154112,1856,-33274,-130512
29657,8162304,8360960,-45008,-9168,-24600
29667,8162304,8468480,-69368,-2378,-3219
29677,6575104,8500224,-436160,-104766,-509342
29688,6575104,8163328,-359832,-27029,-241399
29698,5677056,7764992,-473048,-66202,-350808
29708,5441536,7216128,-402056,-30218,-160573
29718,4588544,6653952,-467944,-85474,-286497
29728,4443136,5950464,-346376,-31641,-67706
29738,4443136,5663744,-276544,-8719,-161882
29748,3697664,4942848,-282112,-70137,-77629
29758,3389440,4590592,-272136,-39627,-99058
29768,2942976,4331520,-314592,-66368,-278940
29778,2787328,3852288,-241280,-33384,-117169
29788,2341888,3456000,-252416,-37994,-154602
29798,1888256,2998272,-251488,-30123,-137550
29808,1888256,2655232,-173768,-8304,-102002
29818,912384,2038784,-255200,-66504,-128169
29828,605184,1733632,-255664,-53372,-218259
29838,594944,1297408,-159152,-15628,-86800
29848,615424,822272,-46864,-2781,47861
29858,615424,380928,53128,-728,167062
29868,615424,302080,70992,-215,44622
29878,631808,186368,100920,944,38345
29888,594944,21504,129920,-4393,108073
29898,574464,40960,120872,-2894,52030
29908,574464,-9216,139200,-757,129018
29918,369664,-83968,102776,-9390,113622
29928,369664,-133120,113912,-2435,163137
29938,58368,-8192,15080,-19922,-58981
29948,-188416,-190464,464,-29263,12546
29958,-247808,-252928,1160,-13130,-7632
29968,-247808,-282624,7888,-3401,-13652
29978,-595968,-537600,-13224,-15506,52672
29988,-595968,-708608,25520,-4280,126815
29998,-1004544,-704512,-67976,-24795,-108774
30008,-1053696,-994304,-13456,-8467,60424
30018,-1174528,-1088512,-19488,-12012,-7108
30028,-1198080,-1282048,19024,-4476,63449
30038,-1498112,-1400832,-22040,-36609,-16582
30048,-1562624,-1714176,34336,-14617,178399
30058,-1772544,-1720320,-11832,-15191,42102
30068,-1772544,-1841152,15544,-4192,34582
30078,-1735680,-2103296,83288,1857,187998
30088,-1735680,-2190336,103008,495,189079
30098,-1735680,-2042880,69600,114,12646
30108,-1735680,-2248704,116232,19,212517
30118,-1735680,-1966080,52200,0,-23524
30128,-1063936,-2156544,247544,69584,387488
30138,-1063936,-1984512,208568,17929,249490
30148,-637952,-1903616,286752,33200,302547
30158,-637952,-1641472,227360,8547,166869
30168,-519168,-1326080,182816,11247,140326