R
Px,Ix,Dx,Py,Iy,Dy,Pz,Iz,FFrx,FFry,FFdrx,FFdry,satI,satPID,KFQAng,KFQbias,KFRmeas,CPx,CIx,CPy,CIy,CsatI,CsatPID,CFFdrx,CFFdry,CFalpha,iRelaxX,IRelaxY,DmaxR,DmaxE,DMx,DMy
58,80,47,58,80,47,250,0,0,0,110,0,500000,15000000,10,1,1000,0,0,0,0,0,0,0,0,0.995,1024,1024,0,0,0,0
sysTickMs,PIDRefXi,PIDSensXi,PIDPoutXi,PIDFFoutXi,PIDUXi
8284,0,0,0,0,0
8294,0,0,0,0,0
8304,0,0,0,0,0
8314,0,0,0,0,0
8324,0,0,0,0,0
8334,0,0,0,0,0
8344,0,0,0,0,0
8354,0,0,0,0,0
8364,0,0,0,0,0
8374,0,0,0,0,0
8384,0,0,0,0,0
8394,0,0,0,0,0
8404,0,0,0,0,0
8414,0,0,0,0,0
8424,0,0,0,0,0
8434,0,0,0,0,0
8444,0,0,0,0,0
8454,0,0,0,0,0
8464,0,0,0,0,0
8474,0,0,0,0,0
8484,0,0,0,0,0
8494,0,0,0,0,0
8504,0,0,0,0,0
8514,0,0,0,0,0
8524,0,0,0,0,0
8534,0,0,0,0,0
8544,0,0,0,0,0
8554,0,0,0,0,0
8564,0,0,0,0,0
8574,0,0,0,0,0
8584,0,0,0,0,0
8594,0,0,0,0,0
8604,0,0,0,0,0
8614,0,0,0,0,0
8624,0,0,0,0,0
8634,0,0,0,0,0
8644,0,0,0,0,0
8654,0,0,0,0,0
8664,0,0,0,0,0
8674,0,0,0,0,0
8684,0,0,0,0,0
8694,0,0,0,0,0
8704,0,0,0,0,0
8714,0,0,0,0,0
8724,0,0,0,0,0
8734,0,0,0,0,0
8744,0,0,0,0,0
8754,0,0,0,0,0
8764,0,0,0,0,0
8774,0,0,0,0,0
8784,0,0,0,0,0
8794,0,0,0,0,0
8804,0,0,0,0,0
8814,0,0,0,0,0
8824,0,0,0,0,0
8834,0,0,0,0,0
8844,0,0,0,0,0
8854,0,0,0,0,0
8864,0,0,0,0,0
8874,0,6144,-1392,0,-5808
8885,0,6144,-1392,0,-3673
8895,0,5120,-1160,0,-1058
8905,0,9216,-2088,0,-4139
8915,0,6144,-1392,0,-1689
8925,0,4096,-928,0,717
8935,0,3072,-696,0,279
8945,0,9216,-2088,0,-5024
8955,0,8192,-1856,0,-2395
8965,0,9216,-2088,0,-3424
8975,0,7168,-1624,0,-1815
8985,0,5120,-1160,0,-631
8995,0,11264,-2552,0,-6326
9005,0,11264,-3016,0,-7261
9015,0,-3072,696,0,2410
9025,0,7168,-1624,0,4718
9035,0,1024,-232,0,-7831
9045,0,-15360,3480,0,24955
9055,0,22528,-5104,0,-27199
9065,0,-5120,1160,0,8113
9075,0,0,0,0,9472
9085,0,-17408,3944,0,15862
9095,0,1024,-232,0,11022
9105,0,-3072,696,0,4879
9115,0,-4096,928,0,2458
9125,0,-5120,1160,0,-4198
9135,0,-21504,4872,0,6173
9145,0,-20480,4640,0,9068
9155,0,-49152,11136,0,35227
9165,0,-11264,2552,0,1569
9175,0,-2048,464,0,277
9185,0,-10240,2320,0,7845
9195,0,-41984,9512,0,33115
9205,0,-33792,7656,0,15598
9215,0,19456,-4408,0,-32666
9225,0,-51200,11600,0,34650
9235,0,20480,-4640,0,-35167
9245,0,-22528,5104,0,14375
9255,0,-36864,8352,0,17482
9265,0,-61440,13920,0,36880
9275,0,38912,-8816,0,-61552
9285,0,-92160,20880,0,68250
9295,0,-40960,9280,0,9012
9305,0,-9216,2088,0,-22661
9315,0,-68608,15544,0,39011
9325,0,-48128,10904,0,1229
9335,0,45056,-10208,0,-50439
9345,0,-72704,16472,0,60356
9355,0,46080,-10440,0,-44090
9365,0,40960,-9280,0,-30463
9375,0,-33792,7656,0,34997
9385,0,36864,-8352,0,-31265
9395,0,-45056,10208,0,42888
9405,0,55296,-12528,0,-50063
9415,0,-18432,4176,0,16272
9425,0,-44032,9976,0,38436
9435,0,27648,-6264,0,-24738
9445,0,0,0,0,-33113
9455,0,-51200,11600,0,22459
9465,0,-84992,19256,0,40127
9475,0,-66560,15080,0,34711
9485,0,-57344,12992,0,21702
9495,0,-65536,14848,0,25580
9505,0,-31744,7192,0,-4633
9515,0,-39936,9048,0,-4356
9525,0,-111616,25288,0,57309
9535,0,-93184,21112,0,36856
9545,0,-99328,22504,0,48318
9555,0,-91136,20648,0,33469
9565,0,-88064,19952,0,24540
9575,0,-107520,24360,0,52050
9585,0,-36864,8352,0,14607
9595,0,-5120,1160,0,21230
9605,0,49152,-11136,0,-10112
9615,0,48128,-10904,0,-21157
9625,0,-6144,1392,0,-6517
9635,0,-81920,18560,0,15516
9645,0,-128000,20184,0,-6708
9655,0,-156672,35496,0,54529
9665,0,-161792,36656,0,60818
9675,0,-145408,32944,0,47706
9685,0,-139264,31552,0,42857
9695,0,-106496,24128,0,5876
9705,0,-55296,12528,0,-35493
9715,0,-44032,9976,0,-28121
9725,0,-4096,928,0,-36484
9735,0,13312,-3016,0,-18864
9745,0,-15360,3480,0,32078
9755,0,-63488,14384,0,77892
9765,0,-120832,27376,0,100932
9775,0,-214016,48488,0,130043
9785,0,-262144,59392,0,113558
9795,0,-284672,64496,0,92551
9805,0,-235520,56840,0,60464
9815,0,-147456,33408,0,-8217
9825,0,-52224,11832,0,-56559
9835,0,-56320,12760,0,-24008
9845,0,-124928,28304,0,58891
9855,3072,-168960,38976,174,95157
9865,12288,-150528,36888,1184,78602
9875,33792,-176128,47560,2114,113736
9885,43008,-254976,67512,1057,179511
9895,61440,-148480,47560,2433,85127
9905,76800,-143360,49880,1913,78561
9915,104448,-77824,41296,4985,22903
9925,119808,-77824,44776,3068,41902
9935,119808,-112640,52664,772,87896
9945,129024,-34816,37120,453,38857
9955,129024,17408,25288,100,25940
9965,135168,71680,14384,1144,-43036
9975,138240,234496,-21808,298,-77768
9985,138240,338944,-45472,57,-117157
9995,187392,401408,-48488,3917,-119603
10005,221184,386048,-37352,2944,-64136
10015,294912,152576,32248,8855,161639
10025,321536,41984,63336,4538,211888
10035,365568,11264,80272,7838,198546
10045,394240,41984,79808,5290,163756
10056,401408,132096,61016,1913,107511
10066,488448,261120,39208,12870,27733
10076,518144,456704,13920,6794,-26907
10086,659456,497664,36656,31383,71607
10096,659456,504832,35032,8610,94696
10106,863232,546816,71688,23226,149622
10116,956416,723968,52664,13800,28858
10126,1149952,843776,69368,32944,75197
10136,1149952,869376,63568,8472,104635
10146,1284096,949248,75864,30460,165450
10156,1284096,1100800,41528,7835,74273
10166,1297408,1137664,36192,3605,105988
10176,1324032,1257472,15080,4521,62680
10186,1324032,1341440,-6960,1148,14776
10196,1466368,1339392,28768,14978,107406
10206,1809408,1404928,91640,71321,207289
10216,1971200,1415168,125976,39981,183080
10226,1971200,1487872,109504,10977,178226
10236,2171904,1683456,110664,16871,127136
10246,2171904,1863680,69832,4625,42535
10256,2148352,2051072,22040,-1102,-3394
10266,2079744,2255872,-39904,-12952,-115262
10276,2035712,2278400,-54984,-9853,-73359
10286,2035712,2289664,-57536,-2565,-45515
10296,1697792,2206720,-115304,-25060,-124477
10306,1697792,2110464,-93496,-6909,-30455
10316,1513472,2004992,-111360,-19628,-81866
10326,1452032,1841152,-88160,-9719,-44923
10336,1284096,1727488,-100456,-24949,-105696
10346,1284096,1554432,-61248,-6456,-36392
10356,713728,1397760,-154976,-66448,-190225
10366,713728,1140736,-96744,-17151,-20376
10376,713728,879616,-37584,-4737,98620
10386,365568,701440,-76096,-27507,12524
10396,365568,546816,-41064,-7114,34690
10406,181248,391168,-47560,-18682,4264
10416,153600,230400,-17400,-6647,47180
10426,43008,102400,-13456,-16617,51013
10436,12288,-24576,8352,-7084,64717
10446,12288,-82944,21576,-1843,42752
10456,0,-168960,38280,-2062,58042
10466,0,-304128,68904,-554,139110
10476,0,-348160,78880,-172,147394
10486,0,-274432,62176,-64,57316
10496,0,-360448,81664,-51,149248
10506,0,-335872,76096,-51,97811
10516,0,-310272,70296,-51,76666
10526,0,-201728,45704,-51,-19750
10536,-4096,-300032,67048,-286,78071
10546,0,-330752,74936,389,97351
10556,0,-333824,75632,87,94765
10566,0,-278528,63104,0,41181
10576,0,-305152,69136,0,83850
10586,0,-408576,92568,0,188553
10596,0,-350208,79344,0,135837
10606,0,-347136,78648,0,128169
10616,0,-274432,62176,0,58039
10626,0,-399360,90480,0,185256
10636,0,-344064,77952,0,138527
10646,0,-332800,75400,0,137260
10656,0,-180224,40832,0,5755
10666,0,-206848,46864,0,62139
10676,0,-175104,39672,0,86305
10686,0,-206848,46864,0,103271
10696,0,-161792,36656,0,73785
10706,0,-76800,17400,0,14660
10716,0,-98304,22272,0,52785
10726,0,-181248,41064,0,144096
10736,0,-245760,55680,0,194501
10746,0,-189440,42920,0,118026
10756,0,-210944,42456,0,90558
10766,0,-208896,47328,0,96444
10776,0,-327680,74240,0,198652
10786,0,-222208,50344,0,103674
10796,0,-221184,50112,0,119681
10806,0,-56320,12760,0,-13506
10816,0,-107520,24360,0,53746
10826,0,-171008,38744,0,118217
10836,0,-210944,47792,0,146551
10846,0,-250880,56840,0,168733
10856,0,-117760,26680,0,40330
10866,0,-104448,23664,0,36430
10876,0,-73728,16704,0,31173
10886,0,-198656,45008,0,174580
10896,0,-114688,25984,0,106696
10906,0,-141312,32016,0,141966
10916,0,-96256,21808,0,92949
10926,0,-39936,9048,0,39959
10936,0,-195584,44312,0,191345
10946,0,-177152,40136,0,157252
10956,0,-197632,44776,0,192417
10966,-4096,-88064,19024,-383,75800
10976,-13312,-43008,6728,-1823,30330
10986,-31744,-95232,14384,-2951,84666
10996,-31744,-117760,19488,-779,120090
11006,-123904,-167936,9976,-17228,135819
11016,-123904,-124928,232,-4462,95448
11026,-166912,-140288,-6032,-5402,84955
11036,-191488,-111616,-18096,-5664,34226
11046,-209920,-112640,-22040,-3784,20324
11056,-225280,-211968,-3016,-2454,99589
11066,-309248,-293888,-3480,-15167,122550
11076,-363520,-261120,-23200,-10981,64718
11086,-363520,-295936,-15312,-2851,81020
11096,-550912,-250880,-67976,-12290,-61138
11106,-753664,-321536,-97904,-28790,-85909
11116,-905216,-556032,-79112,-20320,37502
11126,-1162240,-692224,-106488,-50042,-26272
11136,-1209344,-831488,-85608,-18826,-7449
11146,-1209344,-1050624,-35960,-4871,73565
11156,-1351680,-1251328,-22736,-10122,82047
11166,-1351680,-1449984,22272,-2629,134116
11176,-1453056,-1603584,34104,-9363,134253
11186,-1514496,-1598464,19024,-9410,18529
11196,-1546240,-1652736,24128,-6171,14550
11206,-1546240,-1783808,53824,-1716,103700
11216,-1595392,-1870848,62408,-6718,124119
11226,-1595392,-1897472,68440,-1867,121290
11236,-1735680,-1889280,34800,-12421,45709
11246,-1829888,-1926144,21808,-10491,40342
11256,-1829888,-2022400,43616,-2908,105415
11266,-1829888,-2190336,81664,-773,213328
11276,-1829888,-2158592,74472,-222,129137
11286,-1829888,-2161664,75168,-84,95223
11296,-1829888,-2225152,89552,-51,131467
11306,-1829888,-2258944,97208,-51,151441
11316,-1829888,-2304000,107416,-51,198181
11326,-1849344,-2238464,88160,-4133,137854
11336,-1849344,-2176000,74008,-1085,44752
11346,-1849344,-2124800,62408,-316,61691
11356,-1849344,-2132992,64264,-101,80036
11366,-1849344,-2182144,75400,-51,134594
11376,-1849344,-2302976,102776,-51,245821
11386,-1849344,-2248704,90480,-51,142485
11396,-1849344,-2184192,75864,-51,139295
11406,-1849344,-2143232,66584,-51,119097
11416,-1849344,-2080768,52432,-51,78838
11426,-1849344,-2157568,69832,-51,174458
11437,-1909760,-2154496,55448,-5882,158524
11447,-2015232,-2087936,16472,-22388,63180
11457,-2036736,-2070528,7656,-8856,54454
11467,-2036736,-2036736,0,-2454,20402
11477,-2058240,-2058240,0,-2162,34691
11487,-2058240,-2155520,22040,-615,119476
11497,-2080768,-2270208,42920,-2505,194324
11507,-2080768,-2222080,32016,-665,123853
11517,-2103296,-2253824,34104,-3411,130932
11527,-2103296,-2222080,26912,-900,88766
11537,-2058240,-2255872,44776,5478,135044
11547,-2058240,-2360320,68440,1493,226125
11557,-2036736,-2283520,55912,2443,156557
11567,-1889280,-2267136,85608,29661,212638
11577,-1810432,-2172928,82128,18161,144710
11587,-1810432,-2048000,53824,4666,57165
11597,-1437696,-2030592,134328,34281,208194
11607,-1437696,-1945600,115072,8822,178591
11617,-985088,-1841152,199520,43287,335467
11627,-643072,-1692672,237800,74960,393406
11637,-532480,-1408000,198360,33156,249517
11647,-532480,-1179648,146624,9104,158330
11657,-216064,-843776,142216,26838,104863
11667,-133120,-626688,111824,17288,89665
11677,-102400,-379904,62872,7519,15536
11687,-93184,-211968,26912,2521,17902
11697,-59392,-92160,7424,4907,34742
11707,-37888,-1024,-8352,3199,52165
11717,-22528,-57344,7888,1748,173592
11727,-22528,73728,-21808,436,89891
11737,-10240,102400,-25520,1148,100539
11747,-7168,185344,-43616,469,39836
11757,0,285696,-64728,1007,-35795
11767,0,196608,-44544,245,60015
11777,0,151552,-34336,46,99535
11787,0,178176,-40368,0,66549
11797,0,99328,-22504,0,122535
11807,0,231424,-52432,0,-21197
11817,0,177152,-40136,0,18846
11827,0,95232,-21576,0,78955
11837,0,90112,-20416,0,76051
11847,0,63488,-14384,0,94750
11857,0,120832,-27376,0,29832
11867,0,201728,-45704,0,-39125
11877,0,163840,-37120,0,5367
11887,0,178176,-40368,0,-4914
11897,0,108544,-24592,0,52832
11907,0,36864,-8352,0,96911
11917,0,118784,-26912,0,-46
11927,0,98304,-22272,0,6831
11937,0,63488,-14384,0,23856
11947,0,25600,-5800,0,50427
11957,0,-63488,14384,0,120869
11967,0,-9216,2088,0,60931
11977,0,110592,-25056,0,-48740
11987,0,50176,-11368,0,8171
11997,0,4096,-928,0,56009
12007,3072,18432,-3480,604,66593
12017,6144,3072,696,614,60618
12027,6144,99328,-21112,140,-33476
12037,132096,106496,5800,18560,13495
12047,132096,10240,27608,4766,102774
12057,308224,76800,52432,20668,113101
12067,365568,172032,43848,9597,57384
12077,419840,266240,34800,10184,28150
12087,451584,387072,14616,6059,-28195
12097,531456,358400,39208,16375,87438
12107,605184,402432,45936,14992,104585
12117,631808,522240,24824,6593,34911
12127,1032192,633856,90248,80432,151711
12137,1032192,700416,75168,22105,84067
12147,1032192,811008,50112,5679,40215
12157,1436672,879616,126208,29776,163106
12167,1436672,1078272,81200,8167,77241
12177,1436672,1350656,19488,2084,-50739
12187,1436672,1513472,-17400,557,-78171
12197,1436672,1622016,-41992,127,-68273
12207,1436672,1652736,-48952,16,-22333
12217,1949696,1678336,61480,35919,148424
12227,1949696,1816576,30160,9248,29246
12237,1949696,1966080,-3712,2521,-55663
12247,2242560,2017280,51040,31914,76585
12257,2242560,2094080,33640,8211,71722
12267,2341888,2263040,17864,11846,21078
12277,2341888,2399232,-12992,3031,-24417
12287,2554880,2541568,3016,29255,-9540
12297,2611200,2624512,-3016,12638,-14657
12307,2847744,2633728,48488,47074,144684
12317,2847744,2700288,33408,12125,87986
12327,2847744,2920448,-16472,3108,-60774
12337,2942976,3091456,-33640,7089,-117242
12347,2942976,3124224,-41064,1812,-62764
12357,2942976,3156992,-48488,453,-26427
12367,3007488,3221504,-48488,4343,-20470
12377,3007488,3318784,-70528,1104,-85796
12387,3074048,3299328,-51040,6324,-35803
12397,3040256,3233792,-43848,-4230,8968
12407,3107840,3220480,-25520,6821,41151
12417,3074048,3255296,-41064,-1209,-13370
12427,3107840,3297280,-42920,5512,-41736
12437,3107840,3243008,-30624,1497,252
12447,3107840,3258368,-34104,369,-24241
12457,3107840,3339264,-52432,80,-101625
12467,3210240,3305472,-21576,12830,-26872
12477,3175424,3273728,-22272,332,-19437
12487,3175424,3298304,-27840,-3807,-48220
12497,3175424,3371008,-44312,-1001,-98074
12507,3175424,3340288,-37352,-279,-49742
12517,3210240,3308544,-22272,2044,6980
12527,3175424,3316736,-32016,-3582,-9140
12537,3210240,3372032,-36656,1957,-47768
12547,3246080,3376128,-29464,6294,-38581
12557,3210240,3356672,-33176,-2340,-41962
12567,3210240,3374080,-37120,-665,-64091
12577,3175424,3430400,-57768,-2199,-124314
12587,3107840,3396608,-65424,-8554,-109481
12597,3074048,3234816,-36424,-4912,28512
12607,3074048,3241984,-38048,-1286,-24497
12617,2817024,3298304,-109040,-30542,-172970
12627,2817024,3247104,-97440,-7893,-139483
12637,1790976,3098624,-296264,-168485,-446518
12647,1790976,2898944,-251024,-43466,-216774
12657,1258496,2660352,-317608,-53658,-283127
12667,1258496,2226176,-219240,-14778,-71961
12677,500736,1862656,-308560,-87214,-278849
12687,500736,1457152,-202304,-22509,-68345
12697,196608,984064,-178408,-52419,-56994
12707,165888,685056,-117624,-16708,-23442
12717,73728,484352,-93032,-23946,-88357
12727,24576,215040,-43152,-13663,-20162
12737,24576,-27648,11832,-3777,73756
12747,3072,-95232,22272,-2602,14387
12757,3072,-80896,19024,-689,-70766
12767,3072,-224256,51504,-209,15115
12777,3072,-386048,88160,-78,120861
12787,3072,-318464,72848,-51,25152
12797,3072,-307200,70296,-51,10900
12807,0,-362496,82128,-695,64479
12818,0,-312320,70760,-202,31008
12828,0,-296960,67280,-74,36000
12838,0,-241664,54752,-51,9868
12848,0,-348160,78880,-51,144984
12858,0,-227328,51504,-51,39799
12868,0,-117760,26680,-51,-48501
12878,0,-149504,33872,-51,689
12888,0,-173056,39208,-51,36953
12898,0,-262144,59392,-51,120476
12908,0,-118784,26912,-51,-7565
12918,0,-197632,44776,-51,134578
12928,-4096,-185344,41064,-806,72326
12938,-4096,-143360,31552,-225,31109
12948,0,-113664,25752,315,-6961
12958,0,-132096,29928,60,4719
12968,0,-248832,56376,0,106831
12978,0,-219136,49648,0,71786
12988,0,-200704,45472,0,61891
12998,0,-196608,44544,0,61105
13008,0,-289792,65656,0,159825
13018,0,-295936,67048,0,167292
13028,0,-200704,45472,0,76750
13038,0,-167936,38048,0,37333
13048,0,-172032,38976,0,36807
13058,0,-284672,64496,0,147371
13068,0,-246784,55912,0,69335
13078,0,-187392,42456,0,66944
13088,0,-112640,25520,0,4831
13098,0,-126976,28768,0,25447
13108,0,-249856,56608,0,136315
13118,0,-246784,55912,0,116561
13128,0,-302080,68440,0,152669
13138,0,-189440,42920,0,41826
13148,0,-172032,38976,0,49397
13158,0,-185344,41992,0,75979
13168,0,-184320,41760,0,97145
13178,0,-209920,47560,0,138702
13188,0,-159744,36192,0,99996
13198,0,-152576,34568,0,100159
13208,0,-150528,34104,0,97221
13218,0,-58368,9280,0,3500
13228,0,-87040,19720,0,56125
13238,0,-119808,27144,0,86021
13248,0,-144384,32712,0,108475
13258,0,-187392,42456,0,142429
13268,0,-151552,34336,0,99710
13278,0,-137216,31088,0,84751
13288,0,-86016,19488,0,43764
13298,0,-76800,17400,0,57594
13308,0,-108544,24592,0,104310
13318,-4096,-121856,26680,-252,124683
13328,-10240,-80896,16008,-759,88473
13338,-123904,-106496,-3944,-23664,54225
13348,-222208,2048,-50808,-21055,-83656
13358,-222208,-54272,-38048,-5808,-26520
13368,-913408,-222208,-156600,-146531,-194253
13378,-913408,-324608,-133400,-37803,-63552
13388,-913408,-473088,-99760,-10420,1175
13398,-3779584,-685056,-701104,-337745,-947478
13408,-3779584,-1328128,-555408,-87113,-272012
13418,-5442560,-2349056,-700872,-195528,-401990
13428,-5442560,-3352576,-473512,-50442,-9038
13438,-6784000,-4368384,-547288,-204975,-255488
13448,-6784000,-5380096,-318072,-52872,135660
13458,-6784000,-6089728,-157296,-14560,239021
13468,-6784000,-6501376,-64032,-3774,131080
13478,-6784000,-6903808,27144,-994,152231
13488,-6926336,-7186432,58928,-10924,145508
13498,-7369728,-7374848,1160,-65994,8218
13508,-7369728,-7429120,13456,-17040,-10436
13518,-9496576,-7572480,-435928,-235244,-694220
13528,-9496576,-8081408,-320624,-60680,-269556
13538,-9496576,-8838144,-149176,-16711,106292
13548,-11125760,-9566208,-353336,-118433,-174228
13558,-10909696,-10402816,-114840,-1706,246265
13568,-9123840,-10983424,421312,172224,849334
13578,-9123840,-11070464,441032,44392,572423
13588,-5860352,-10761216,1110352,420002,1402724
13598,-5860352,-9903104,915936,115512,637715
13608,-2727936,-8580096,1325880,235441,911734
13618,-2727936,-6860800,936352,60696,184413
13628,-2727936,-5275648,577216,16673,-220472
13638,-637952,-4114432,787640,141514,333959
13648,-244736,-3235840,677672,91416,342588
13658,-244736,-2357248,478616,23555,157143
13668,0,-1584128,358904,48363,124603
13678,0,-980992,222256,13286,9048
13688,0,-466944,105792,3407,-84778
13698,0,-227328,53128,859,-4043
13708,0,38912,-8816,218,-60476
13718,0,25600,-5800,40,97445
13728,3072,90112,-19720,493,164763
13738,3072,122880,-27144,120,139379
13748,3072,291840,-65424,13,20129
13759,46080,334848,-65424,2635,23367
13769,89088,339968,-56840,5706,64217
13779,89088,407552,-72152,1554,14221
13789,95232,472064,-85376,1376,-15704
13799,95232,392192,-67280,332,68778
13809,92160,329728,-53824,-192,119148
13819,89088,485376,-89784,-249,-53104
13829,89088,351232,-59392,-88,48369
13839,89088,394240,-69136,-51,-25726
13849,86016,276480,-43152,-212,64779
13859,86016,244736,-35960,-81,68331
13869,86016,335872,-56608,-51,-36450
13879,86016,283648,-44776,-51,-2777
13889,64512,326656,-59392,-2411,-67258
13899,55296,243712,-42688,-1373,-33
13909,55296,166912,-25288,-397,76143
13919,30720,200704,-38512,-2827,828
13929,21504,176128,-35032,-2686,-10848
13939,15360,243712,-51736,-1689,-112733
13949,12288,11264,232,-796,77699
13959,9216,28672,-4408,-883,7988
13969,9216,-153600,36888,-249,162263
13979,6144,13312,-1624,-403,-24710
13989,3072,-28672,7192,-776,25449
13999,3072,31744,-6496,-222,-33930
14009,3072,89088,-7888,-81,-13649
14019,43008,29696,3016,6264,6453
14029,178176,49152,29232,20849,49383
14039,178176,126976,11600,5716,-33462
14049,1042432,59392,222720,171452,421520
14059,1809408,247808,353800,153442,442543
14069,2341888,464896,425256,97119,427092
14079,5384192,1116160,966976,436277,1143288
14089,5984256,2110464,877656,205464,619015
14099,8080384,3390464,1062560,269199,728225
14109,9784320,4877312,1111744,315682,746811
14119,9784320,6492160,745880,86810,73756
14129,13754368,7953408,1314280,406313,1032693
14139,13754368,9597952,941688,104756,300864
14149,15545344,11248640,973472,267970,459540
14159,15400960,12763136,597632,55120,-35129
14169,12025856,13968384,-440104,-608180,-1577643
14179,12025856,14484480,-557032,-167303,-969049
14189,12025856,14208000,-494392,-43161,-469954
14199,5160960,13143040,-1808440,-654421,-2043458
14209,5160960,10883072,-1296416,-168774,-441179
14219,5160960,8517632,-760496,-43537,357361
14229,2079744,6738944,-1055600,-214307,-303983
14239,670720,5210112,-1028456,-231686,-491176
14249,579584,4092928,-795992,-72561,-211013
14259,337920,3047424,-613872,-60506,-215545
14269,259072,2167808,-432448,-25490,-95494
14279,259072,1745920,-336864,-7030,-237872
14289,70656,1192960,-254272,-34406,-223802
14299,70656,655360,-147552,-8890,-86819
14309,9216,283648,-62176,-8034,42939
14319,6144,-84992,20648,-2280,134437
14329,6144,-57344,14384,-648,-97869
14339,6144,-260096,60320,-188,-59438
14349,9216,-627712,144304,120,230222
14359,9216,-246784,58000,16,-165928
14369,9216,-424960,98368,0,-13101
14379,9216,-514048,118552,0,57392
14389,6144,-607232,138968,-373,117531
14399,6144,-617472,141288,-118,112649
14409,6144,-613376,140360,-51,110225
14419,6144,-514048,117856,-51,33929
14429,6144,-596992,128064,-51,106311
14439,6144,-446464,102544,-51,32229
14449,6144,-451584,103704,-51,79523
14459,6144,-247808,57536,-51,-53641
14469,9216,-296960,69368,147,62456
14479,9216,-74752,19024,26,-88862
14489,9216,-337920,78648,0,184406
14499,9216,-303104,70760,0,150501
14509,9216,-339968,79112,0,144847
14519,9216,-409600,94888,0,226295
14529,9216,-131072,31784,0,-110850
14539,9216,-289792,67744,0,190442
14549,9216,84992,-17168,0,-137148
14559,9216,-318464,67744,0,223970
14569,9216,-8192,3944,0,-46315
14579,9216,-191488,45472,0,100528
14589,9216,-101376,25056,0,29921
14599,9216,-93184,23200,0,19794
14609,9216,-107520,26448,0,61192
14619,6144,-55296,13920,-474,6502
14629,6144,-223232,51968,-145,192762
14639,6144,-23552,6728,-58,-1119
14649,6144,-280576,64960,-51,251429
14659,6144,-20480,6032,-51,-12361
14669,6144,-278528,64496,-51,227556
14679,9216,-37888,10672,396,25673
14689,9216,-235520,55448,93,159826
14699,9216,-78848,19952,3,7772
14709,9216,-160768,38512,0,72354
14719,9216,-77824,19720,0,-605
14729,9216,-158720,38048,0,67949
14739,9216,-174080,41528,0,69604
14749,9216,-205824,53824,0,121439
14759,9216,-269312,63104,0,142159
14769,9216,-266240,62408,0,151213
14779,9216,-285696,66816,0,154054
14789,9216,-291840,68208,0,182596
14799,9216,-218112,51504,0,43749
14809,9216,-141312,34104,0,64290
14819,9216,-135168,32712,0,68735
14829,9216,-139264,33640,0,66028
14839,9216,-228352,53824,0,169557
14849,9216,39936,-6960,0,-83047
14859,9216,-157696,37816,0,140874
14869,9216,-59392,15544,0,61355
14879,9216,-99328,24592,0,108621
14889,9216,-211968,50112,0,218854
14899,9216,128000,-26912,0,-114834
14909,9216,-157696,37816,0,169647
14919,9216,57344,-10904,0,-39896
14929,9216,-140288,33872,0,151297
14939,9216,-166912,39904,0,183263
14949,3072,93184,-20416,-779,-51843
14959,3072,-157696,36424,-235,204779
14969,-28672,152576,-41064,-5573,-105702
14979,-28672,-57344,6496,-1454,86275
14989,-244736,-91136,-34800,-20008,51200
14999,-643072,-12288,-142912,-74044,-188001
15009,-847872,-301056,-123888,-46024,25179
15019,-847872,-217088,-142912,-11887,-135244
15029,-3428352,-842752,-585800,-161932,-463077
15039,-3428352,-1577984,-419224,-44564,-6141
15049,-13755392,-2663424,-2513024,-889309,-2746783
15059,-13755392,-4472832,-2103080,-229343,-1258865
15069,-17213440,-7440384,-2214208,-468981,-982119
15080,-17213440,-10599424,-1498488,-120954,296170
15090,-17213440,-13238272,-900624,-33284,861533
15100,-17213440,-14870528,-530816,-8601,691100
15110,-17213440,-15228928,-449616,-2233,74551
15120,-16590848,-15340544,-283272,37698,-163550
15130,-16590848,-15365120,-277704,9701,-349345
15140,-6784000,-15513600,1977800,836232,2898170
15150,-5442560,-14877696,2137648,293033,2153344
15160,-1562624,-12720128,2527872,535974,2012818
15170,-1285120,-9371648,1832104,161780,173526
15180,-363520,-6345728,1355344,116787,-413144
15190,-363520,-4367360,907120,32105,-515978
15200,-90112,-3409920,752144,30044,97149
15210,-59392,-3006464,667696,10134,475602
15220,0,-2644992,599256,9130,562027
15230,0,-2369536,514112,2333,510681
15240,0,-1666048,377464,614,302703
15250,0,-980992,222256,140,109657
15260,0,-466944,105792,23,54180
15270,0,-34816,7888,0,8572
15280,0,201728,-45704,0,33144
15290,0,130048,-29464,0,215598
15300,0,199680,-45240,0,200728
15310,0,217088,-49184,0,129668
15320,12288,416768,-91640,966,19631
15330,12288,326656,-71224,231,127285
15340,36864,379904,-77720,2749,115409
15350,49152,392192,-77720,1611,107701
15360,107520,530432,-95816,8711,20521
15370,132096,338944,-46864,4914,201786
15380,458752,470016,-2552,57259,202648
15390,1173504,517120,148712,124334,393324
15400,1716224,683008,234088,88025,389417
15410,7836672,1097728,1526792,1028369,2507061
15420,12498944,2207744,2331600,946967,2862706
15430,12498944,4384768,1838368,244173,1148375
15440,16135168,7442432,1969448,338795,875491
15450,16135168,10809344,1206632,87347,-266414
15460,16135168,13500416,596936,22508,-647257
15470,16135168,14979072,261928,6176,-465777
15480,16135168,15389696,168896,1571,34976
15490,16135168,15512576,141056,382,221366
15500,16135168,15293440,190704,87,522042
15510,15690752,15730688,-9048,-59341,52297
15520,15690752,16005120,-71224,-16342,17921
15530,6372352,16461824,-2285896,-1722567,-4080597
15540,5215232,16096256,-2442960,-598740,-2870485
15550,5215232,14620672,-2130920,-164708,-1666666
15560,1003520,11415552,-2358976,-819136,-1788089
15570,372736,8470528,-1834656,-309570,-599504
15580,372736,5400576,-1139120,-79845,309971
15590,122880,3155968,-687184,-37011,409856
15600,-10240,1815552,-413656,-27974,263788
15610,-10240,1235968,-282344,-7228,-23801
15620,-4096,970752,-220864,-873,-160016
15630,-4096,918528,-209032,-246,-335835
15640,-10240,454656,-105328,-638,-96288
15650,-37888,203776,-54752,-3831,-76874
15660,-37888,-88064,11368,-1008,-84013
15670,-130048,-582656,102544,-8655,133227
15680,-169984,-742400,129688,-8168,105317
15690,-169984,-692224,118320,-2125,-18528
15700,-173056,-962560,178872,-883,191438
15710,-173056,-772096,135720,-249,25283
15720,-173056,-733184,126904,-91,-6304
15730,-166912,-876544,160776,516,148932
15740,-163840,-676864,116232,305,18015
15750,-163840,-715776,125048,67,91399
15760,-142336,-702464,126904,1822,125581
15770,-142336,-481280,76792,483,-42426
15780,-142336,-654336,116000,107,177830
15790,-142336,-374784,52664,10,-32008
15800,-151552,-318464,37816,-1598,-46626
15810,-151552,-450560,67744,-434,133770
15820,-154624,-198656,9976,-380,-92067
15830,-154624,-419840,60088,-125,128337
15840,-154624,-401408,55912,-51,119362
15850,-154624,-289792,6496,-51,-102248
15860,-185344,-376832,43384,-5026,85704
15870,-185344,-369664,41760,-1316,78765
15880,-312320,-478208,37584,-11172,123676
15890,-312320,-332800,4640,-2898,-1011
15900,-616448,-378880,-43616,-34235,-46567
15910,-788480,-620544,-38048,-23150,49167
15920,-1310720,-542720,-174000,-85340,-279925
15930,-1529856,-935936,-134560,-47602,-23293
15940,-1529856,-1204224,-73776,-12294,90320
15950,-1529856,-1381376,-33640,-3193,70373
15960,-1529856,-1743872,48488,-900,249520
15970,-4210688,-1680384,-573272,-264305,-802309
15980,-4210688,-2208768,-453560,-68173,-322000
15990,-5106688,-3104768,-453560,-117366,-137466
16000,-5106688,-3819520,-291624,-30280,48357
16010,-5328896,-4623360,-159848,-42113,159671
16020,-5328896,-5123072,-46632,-10877,198020
16030,-4210688,-5330944,253808,132931,487392
16040,-4210688,-5414912,272832,36543,394419
16050,-4210688,-5062656,193024,9409,111712
16060,-2698240,-4625408,436624,108334,339382
16070,-2103296,-4146176,462840,114528,322527
16080,-2103296,-3582976,335240,29510,83853
16090,-1810432,-3122176,297192,28097,156797
16100,-1453056,-2706432,283968,58622,168776
16110,-1453056,-2450432,225968,15096,170422
16120,-1453056,-2163712,161008,4132,100482
16130,-1453056,-2044928,134096,1047,149975
16140,-1453056,-1811456,81200,251,57951
16150,-1423360,-1784832,81896,5525,133442
16160,-1423360,-1604608,41064,1406,21026
16170,-1423360,-1600512,40136,369,57767
16180,-1221632,-1555456,75632,14203,108175
16190,-1221632,-1516544,66816,3645,126853
16200,-649216,-1501184,193024,56342,314023
16210,-606208,-1337344,165648,17335,221614
16220,-338944,-1112064,175160,40440,221354
16230,-282624,-796672,116464,15512,77780
16240,-179200,-605184,96512,21856,104944
16250,-160768,-354304,43848,8452,14897
16261,-160768,-243712,18792,2165,39022
16271,-160768,-135168,-5800,574,30447
16281,-160768,-145408,-3480,130,114372
16291,-160768,-89088,-16240,16,94873
16301,-111616,-28672,-18792,3209,65217
16311,-90112,-47104,-9744,3491,91841
16321,-71680,-38912,-7424,2611,78562
16331,-50176,-37888,-2784,2071,74292
16341,-50176,-81920,928,516,85889
16351,-16384,-63488,10672,3189,114632
16361,-16384,-30720,3248,805,115267
16371,-16384,-34816,4176,201,150385
16381,-16384,-6144,-2320,36,144657
16391,-148480,91136,-54288,-22841,16582
16401,-160768,88064,-56376,-7446,31741
16411,-160768,27648,-42688,-1941,71938
16421,-166912,6144,-39208,-595,60675
16431,-166912,-4096,-36888,-172,36922
16441,-169984,-44032,-28536,-329,38317
16451,-166912,-80896,-19488,396,47907
16461,-157696,-131072,-6032,1161,77994
16471,-151552,-159744,1856,825,95047
16481,-105472,-201728,21808,2856,146543
16491,-105472,-248832,32480,721,197580
16501,-47104,-192512,32944,5139,180636
16511,-34816,-144384,24824,2017,151577
16521,-13312,-97280,19024,3064,127203
16531,-13312,-78848,14848,772,126777
16541,0,19456,-4408,2208,49215
16551,0,76800,-17400,590,1271
16561,0,65536,-14848,137,30317
16571,0,101376,-22968,23,5755
16581,0,28672,-6496,0,88340
16591,0,-16384,3712,0,137252
16601,0,-1024,232,0,130316
16611,0,64512,-14616,0,69263
16621,0,64512,-14616,0,63179
16631,0,-1024,232,0,109537
16641,0,4096,-928,0,85535
16651,0,-15360,3480,0,83886
16661,61440,40960,4640,8748,29194
16671,61440,39936,4872,2239,16369
16681,589824,47104,122960,111456,242808
16691,589824,59392,120176,28718,175077
16701,589824,195584,89320,7882,76353
16711,2171904,344064,414120,120208,510831
16721,2879488,740352,477456,131773,479311
16731,2879488,1292288,359600,36228,209131
16741,2879488,1889280,224344,9325,35285
16751,4588544,2407424,494160,245992,563901
16761,4588544,2867200,389992,63415,339487
16771,6925312,3478528,780912,243092,852958
16781,6925312,4335616,586728,62663,387984
16791,7144448,5303296,417136,37339,135908
16801,7070720,6220800,192560,4739,-138185
16811,5797888,6815744,-230608,-168777,-578840
16821,3697664,7054336,-760496,-246658,-1044917
16831,3697664,6598656,-657256,-67861,-512408
16841,3697664,5610496,-433376,-17517,12967
16851,3697664,4615168,-207872,-4532,281635
16861,475136,3735552,-738688,-246047,-500534
16871,475136,2974720,-566312,-63467,-259621
16881,125952,2053120,-436624,-51247,-95902
16891,-4096,1139712,-259144,-26634,107789
16901,-7168,573440,-131544,-7755,99471
16911,-7168,156672,-37120,-2021,94469
16921,0,-151552,34336,-71,115615
16931,0,-292864,66352,-51,97782
16941,0,-413696,93728,-51,124161
16951,-4096,-447488,100456,-756,112504
16961,-4096,-472064,106024,-225,116908
16971,-4096,-454656,102080,-81,91580
16981,-10240,-477184,105792,-447,105426
16991,-13312,-486400,107184,-521,115344
17001,-13312,-450560,99064,-152,57462
17011,-13312,-390144,85376,-61,54332
17021,-13312,-308224,66816,-51,6426
17031,-13312,-287744,62176,-51,15661
17041,-13312,-266240,57304,-51,27175
17051,-13312,-216064,45936,-51,2365
17061,-13312,-201728,42688,-51,3518
17071,-13312,-218112,46400,-51,23399
17081,-13312,-266240,57304,-51,66672
17091,-13312,-306176,66352,-51,99253
17101,-13312,-275456,59392,-51,65871
17111,-13312,-193536,40832,-51,-1692
17121,-13312,-241664,51736,-51,67537
17131,-10240,-193536,41528,157,39098
17141,-10240,-208896,45008,26,65866
17151,-10240,-183296,39208,0,45142
17161,-87040,-232448,32944,-7523,72946
17171,-273408,-322560,11136,-23831,92416
17181,-480256,-336896,-32480,-24154,35300
17191,-1338368,-419840,-208104,-145322,-251806
17201,-1629184,-628736,-226664,-69489,-146209
17211,-1629184,-892928,-166808,-19132,8414
17221,-9309184,-1336320,-1806352,-609210,-2138866
17231,-17213440,-2949120,-3231760,-1095328,-3448661
17241,-17213440,-5568512,-2638304,-282470,-1435978
17251,-17213440,-9314304,-1789648,-72863,143981
17261,-17213440,-12307456,-1111512,-20062,572988
17271,-17213440,-14510080,-612480,-5190,511110
17281,-17213440,-16001024,-274688,-1451,507363
17291,-17213440,-16471040,-168200,-397,86935
17302,-17213440,-16752640,-104400,-125,-64508
17312,-9309184,-16914432,1723064,1200942,2950544
17322,-7219200,-16600064,2125352,539637,2525657
17332,-2583552,-15127552,2842000,1121011,3278582
17342,-2015232,-12562432,2389600,375402,1511090
17352,-2015232,-9494528,1694528,96783,270169
17362,-402432,-6651904,1415896,175117,82212
17372,-402432,-4328448,889488,45137,-271271
17382,-7168,-2819072,637072,52398,-69215
17392,9216,-1831936,417136,15619,-46001
17402,18432,-1263616,290464,5324,83092
17412,18432,-904192,209032,1450,145687
17422,46080,-669696,162168,2420,221760
17432,46080,-403456,101848,610,186700
17442,172032,-78848,64264,12319,150105
17452,352256,148480,46168,34928,133644
17462,398336,409600,-2552,15143,44948
17472,398336,536576,-31320,4149,59948
17482,780288,764928,3480,71482,115500
17492,1032192,885760,33176,52059,153775
17502,1032192,1025024,1624,14300,80477
17512,4301824,1336320,671872,232672,888289
17522,14558208,2045952,2834808,1344049,3994751
17532,14558208,3641344,2473352,369675,2207733
17542,16135168,6365184,2213512,386104,1467366
17552,16135168,9353216,1536536,106183,309433
17562,16135168,12339200,860024,27362,-382749
17572,16135168,14444544,383032,23065,-496295
17582,16135168,15469568,150800,6327,-230558
17592,14285824,15892480,-364008,-166061,-542116
17602,12864512,15598592,-619440,-130333,-431607
17612,6713344,14977024,-1872240,-805977,-2304640
17622,6713344,13539328,-1546512,-207855,-1066380
17632,6713344,11473920,-1078568,-53614,-189039
17642,6713344,9390080,-606448,-14768,377546
17652,6713344,7782400,-242208,-3827,564996
17662,483328,6908928,-1455800,-421554,-1333571
17672,327680,5582848,-1190624,-126993,-740949
17682,327680,3706880,-765600,-32764,-32833
17692,73728,2087936,-456344,-52933,269519
17702,73728,1138688,-241280,-13667,160989
17712,3072,458752,-103240,-9783,105461
17722,3072,191488,-42688,-2538,-57952
17732,3072,-11264,3248,-665,-71108
17742,0,-182272,41296,-460,-21012
17752,0,-263168,59624,-138,-29613
17762,0,-326656,74008,-54,-42991
17772,0,-530432,120176,-51,66181
17782,0,-611328,138504,-51,63096
17792,0,-569344,128992,-51,-18496
17802,0,-618496,140128,-51,31203
17812,0,-588800,141056,-51,67706
17822,0,-509952,115536,-51,12147
17832,0,-472064,106952,-51,39761
17842,0,-356352,80736,-51,-12879
17852,0,-294912,66816,-51,-9128
17862,0,-321536,72848,-51,131191
17872,0,-375808,85144,-51,154798
17882,0,-233472,52896,-51,45468
17892,-4096,-117760,25752,-360,-32735
17902,-4096,-69632,14848,-111,-40624
17912,-4096,-73728,15776,-51,-12286
17922,-4096,-91136,19720,-51,18949
17932,-7168,-146432,31552,-481,79260
17942,-7168,-139264,29928,-152,73313
17952,-4096,-50176,10440,174,-18553
17962,-7168,-75776,15544,-437,56871
17972,-4096,-233472,51968,187,136349
17982,-4096,-186368,41296,33,70377
17992,-4096,-157696,34800,0,49192
18002,-4096,-60416,12760,0,-25843
18012,0,-43008,9744,268,-37128
18022,0,-8192,1856,53,-31398
18032,0,-111616,25288,0,80117
18042,3072,-67584,16008,604,43519
18052,6144,-61440,15312,574,43125
18062,6144,-46080,11832,140,-3914
18072,138240,-27648,37584,9886,57585
18082,138240,-25600,37120,2524,56793
18092,443392,-51200,112056,32156,195053
18102,610304,35840,130152,19956,159252
18112,1481728,172032,296728,129601,386488
18122,1680384,416768,286288,52616,256920
18132,2554880,820224,393008,174805,412260
18142,2697216,1252352,327352,68337,190126
18152,2697216,1690624,228056,17603,64384
18162,2726912,2211840,116696,6901,-111142
18172,2726912,2395136,75168,1762,6429
18182,2726912,2653184,13224,439,-36986
18192,2668544,2712576,-9976,-3982,29917
18202,2341888,2904064,-127368,-44665,-212959
18212,2014208,2805760,-179336,-43996,-206152
18222,2014208,2504704,-111128,-11367,32126
18232,780288,2283520,-340576,-157434,-338276
18242,780288,2013184,-279328,-43325,-148140
18252,305152,1717248,-319928,-51607,-265054
18262,305152,1086464,-159616,-13324,104424
18272,52224,602112,-124584,-26611,76050
18282,0,195584,-44312,-10313,158481
18292,0,-137216,31088,-2854,249221
18302,0,-232448,52664,-756,174559
18312,0,-133120,30160,-212,-6655
18322,0,-177152,40136,-81,-1642
18332,0,-167936,38048,-51,-25629
18342,-4096,-119808,26216,-303,-54492
18352,-4096,-224256,49880,-98,39695
18362,-4096,-373760,83752,-51,169647
18372,-7168,-368640,81896,-212,137269
18382,-13312,-401408,87928,-799,170591
18392,-13312,-335872,73080,-225,93902
18402,-13312,-299008,64728,-84,54941
18412,-13312,-259072,55680,-51,20808
18422,-13312,-262144,56376,-51,24276
18432,-10240,-281600,61480,157,52498
18442,-4096,-349184,78184,701,125320
18452,-4096,-318464,71224,174,107305
18463,0,-322560,73080,694,127767
18473,0,-289792,65656,174,105884
18483,0,-165888,37584,30,6541
18493,0,-160768,36424,0,19927
18503,0,-156672,35496,0,23493
18513,0,-234496,53128,0,106725
18523,0,-319488,72384,0,183285
18533,0,-342016,77488,0,189179
18543,0,-335872,82592,0,194012
18553,0,-384000,87000,0,190771
18563,0,-282624,64032,0,77319
18573,0,-287744,65192,0,79988
18583,-71680,-266240,44080,-10897,39552
18593,-71680,-250880,40600,-3018,52320
18603,-71680,-346112,62176,-803,164030
18613,-71680,-249856,40368,-225,81853
18623,-219136,-285696,15080,-16308,63043
18633,-232448,-174080,-13224,-5221,-40106
18643,-267264,-310272,9744,-6741,64711
18653,-267264,-382976,26216,-1756,107921
18663,-332800,-479232,33176,-13364,132917
18673,-332800,-379904,10672,-3696,26924
18683,-332800,-534528,45704,-971,172202
18693,-510976,-433152,-17632,-25678,-159
18703,-550912,-359424,-43384,-12331,-73204
18713,-550912,-568320,3944,-3196,123302
18723,-905216,-641024,-59856,-27366,36632
18733,-905216,-703488,-45704,-7080,42294
18743,-1735680,-824320,-206480,-87633,-219061
18753,-2268160,-1143808,-254736,-127352,-229212
18763,-2368512,-1512448,-193952,-47155,-37198
18773,-2368512,-1943552,-96280,-12992,134388
18783,-2639872,-2259968,-86072,-29508,48710
18793,-2639872,-2705408,14848,-8138,229071
18803,-2639872,-3009536,83752,-2122,290042
18813,-2583552,-2954240,91176,9819,153263
18823,-2555904,-3110912,125744,6623,191696
18833,-2342912,-3147776,182352,22279,261693
18843,-1735680,-2964480,278400,82953,302295
18853,-1735680,-2857984,254272,21373,241982
18863,-1246208,-2629632,313432,56356,316357
18873,-1246208,-2319360,243136,14512,169636
18883,-1246208,-1949696,159384,3726,32057
18893,-1246208,-1714176,106024,1007,-9461
18903,-1246208,-1641472,89552,245,55791
18913,-1246208,-1544192,67512,50,51900
18923,0,-1462272,331296,120517,435046
18933,0,-1440768,326424,33132,423752
18943,0,-1012736,229448,8523,192290
18953,0,-506880,114840,2178,-35985
18963,0,-322560,73080,574,24649
18973,0,-219136,49648,130,98415
18983,0,-95232,21576,16,-26294
18993,0,-57344,12992,0,65747
19003,0,-133120,30160,0,142726
19013,0,-248832,56376,0,231330
19023,0,-119808,27144,0,100132
19033,0,-171008,38744,0,153576
19043,0,-130048,29464,0,127877
19053,0,64512,-14616,0,-17814
19063,0,-37888,8584,0,111703
19073,0,-115712,26216,0,197464
19083,0,-56320,-5800,0,52799
19093,0,-33792,7656,0,118756
19103,0,-2048,464,0,94426
19113,3072,33792,-6960,527,72649
19123,3072,18432,-3480,120,105468
19133,3072,-9216,-17632,13,48734
19143,3072,129024,-28536,0,9527
19153,6144,165888,-36192,352,-21540
19163,6144,-6144,2784,80,137256
19173,3072,23552,-4640,-192,91613
19183,3072,4096,-232,-71,69482
19193,3072,2048,232,-51,93666
19203,3072,105472,-23200,-51,-1962
19213,3072,57344,-12296,-51,56040
19223,3072,-32768,8120,-51,147113
19233,-4096,-60416,12760,-447,168259
19243,-4096,137216,-32016,-145,-22883
19253,0,-36864,8352,288,139335
19263,-4096,-66560,14152,-605,152055
19273,-4096,-5120,232,-178,88767
19283,-4096,-43008,8816,-68,173061
19293,-4096,47104,-11600,-51,55076
19303,-4096,81920,-19488,-51,34351
19313,-59392,63488,-27840,-4737,35479
19323,-59392,-124928,14848,-1243,196102
19333,-10240,7168,-3944,5065,63783
19343,-4096,-41984,8584,1863,95822
19353,0,-39936,9048,704,93113
19363,0,-46080,10440,161,98954
19373,0,99328,-22504,30,-23720
19383,0,39936,-9048,0,46471
19393,0,-14336,3248,0,108663
19403,-4096,-23552,4408,-860,114175
19413,-7168,71680,-17864,-672,19637
19423,-7168,65536,-16472,-202,23020
19433,-370688,15360,-87464,-50190,-77709
19443,-370688,-77824,-64728,-12958,18569
19453,-985088,-219136,-173536,-66965,-118773
19463,-1529856,-279552,-283272,-57985,-297054
19473,-5678080,-769024,-1112208,-605870,-1498810
19483,-5678080,-1530880,-939600,-166672,-679725
19493,-15986688,-2974720,-2948024,-1236829,-3432102
19503,-17213440,-5313536,-2696072,-514964,-2030913
19513,-17213440,-8951808,-1871776,-132818,-252399
19523,-17213440,-12395520,-1091560,-34268,625284
19533,-17213440,-14844928,-536616,-9444,820824
19543,-15839232,-16254976,94192,130447,967472
19553,-15839232,-16663552,186760,35862,494491
19563,-15839232,-16316416,108112,9224,-562
19573,-15839232,-15868928,6728,2363,-215252
19583,-2848768,-15502336,2866824,910460,3617991
19593,-2848768,-13911040,2506296,234757,2037828
19603,-279552,-11183104,2470336,293463,1475340
19613,3072,-7929856,1797304,132813,275995
19623,9216,-4859904,1103160,35046,-411526
19633,9216,-2765824,628720,9016,-490513
19643,0,-1441792,326656,1856,-309774
19654,0,-929792,210656,459,3545
19664,43008,-739328,177248,4270,177163
19674,156672,-744448,204160,11839,351225
19684,311296,-572416,200216,22390,336648
19694,401408,-343040,168664,14310,278499
19704,912384,45056,196504,92010,338562
19714,1929216,418816,342200,152592,529556
19724,1929216,837632,247312,39326,333213
19734,15985664,1446912,3293936,2440155,5707925
19744,15985664,2308096,3098824,671168,3535688
19754,15985664,4441088,2615568,173056,1994102
19764,15838208,7483392,1892888,37906,628988
19774,15838208,10853376,1129376,9758,-253661
19784,15838208,13378560,557264,2494,-469982
19794,15257600,14972928,64496,-99708,-634293
19804,13885440,15592448,-386744,-186787,-657113
19814,11016192,15451136,-1004792,-292071,-998467
19824,6305792,14630912,-1886160,-843779,-2269356
19834,4164608,12664832,-1925832,-468917,-1419087
19844,4164608,10334208,-1397800,-129001,-228577
19854,1324032,7600128,-1421928,-208140,-192868
19864,1324032,5223424,-883456,-53688,295594
19874,1324032,3382272,-466320,-14784,497791
19884,1324032,2390016,-241512,-3827,283508
19894,372736,2033664,-376304,-112730,-307540
19904,348160,1734656,-314128,-31045,-243078
19914,285696,1589248,-320160,-17517,-388653
19924,272384,1446912,-266104,-6399,-316240
19934,172032,883712,-161240,-22724,-76049
19944,141312,588800,-101384,-10545,-73530
19954,141312,265216,-28072,-2921,-9042
19964,86016,19456,15080,-6144,5700
19974,79872,-111616,43384,-2646,-53
19984,79872,-142336,50344,-705,-54320
19994,82944,-177152,58928,33,-63169
20004,82944,-274432,80968,0,7292
20014,82944,-310272,89088,0,22600
20024,79872,-183296,59624,-605,-99148
20034,79872,-235520,71456,-188,-38481
20044,79872,-347136,96744,-71,82675
20054,119808,-234496,80272,7099,11277
20064,184320,-112640,67280,11004,-36779
20074,432128,-66560,112984,26788,50719
20084,3617792,92160,798776,539274,1232257
20094,3617792,503808,705512,139040,630208
20104,15985664,1483776,3285584,1314088,4097987
20114,15985664,3383296,2855224,338838,2228421
20124,15985664,6436864,2163400,93185,750355
20134,15985664,9915392,1375296,24012,-277572
20144,15985664,12768256,728944,6176,-683026
20154,15985664,14402560,358672,1678,-525686
20164,15838208,15328256,115536,-13851,-353195
20174,8330240,15432704,-1609152,-892381,-2670029
20184,6998016,14388224,-1674344,-408042,-1680289
20194,6998016,12459008,-1237256,-105237,-479969
20204,1436672,10280960,-2003784,-1122855,-2072071
20214,1436672,8552448,-1612168,-289570,-1001814
20224,500736,6745088,-1414736,-170184,-690191
20234,342016,4878336,-1027760,-59821,-200904
20244,342016,3444736,-702960,-15449,-37960
20254,184320,2267136,-471888,-19521,97261
20264,153600,1741824,-359832,-7070,-124113
20274,129024,1002496,-197896,-4918,8095
20284,122880,508928,-87464,-1964,15498
20294,86016,101376,-3480,-5251,13744
20304,76800,-54272,29696,-2528,-60346
20314,76800,-177152,57536,-709,-65957
20324,6144,-361472,83288,-5499,-15400
20334,6144,-456704,104864,-1528,1949
20344,0,-630784,142912,-971,78689
20354,0,-714752,161936,-269,82576
20364,0,-795648,180264,-94,124198
20374,0,-908288,205784,-51,211595
20384,0,-888832,201376,-51,188406
20394,0,-828416,187688,-51,149584
20404,0,-633856,143608,-51,36605
20414,0,-573440,129920,-51,56848
20424,0,-389120,88160,-51,-15659
20434,0,-350208,79344,-51,35324
20444,0,-310272,70296,-51,60610
20454,0,-308224,69832,-51,75399
20464,0,-413696,93728,-51,180660
20474,0,-218112,49416,-51,-380
20484,0,-146432,33176,-51,-32313
20494,0,-187392,42456,-51,61659
20504,-4096,-163840,36192,-709,58609
20514,-4096,-164864,36424,-212,78691
20524,-4096,-222208,49416,-78,124795
20534,-4096,-108544,23664,-51,-15680
20544,-7168,-406528,90480,-403,235874
20554,-7168,-236544,51968,-125,71228
20564,-13312,-328704,71456,-1048,170015
20574,-13312,-93184,18096,-286,-36982
20584,-13312,-258048,55448,-98,124634
20594,-13312,-199680,42224,-51,65042
20604,-13312,-193536,40832,-51,19552
20614,-13312,-258048,55448,-51,73680
20624,-13312,-319488,69368,-51,120353
20634,-13312,-486400,103936,-51,247224
20644,-10240,-240640,52200,594,30703
20654,-10240,-288768,63104,137,109339
20664,-10240,-176128,37584,23,28002
20674,-10240,-281600,61480,0,159276
20684,-13312,-203776,43152,-447,134889
20694,-13312,-23552,2320,-145,-20341
20704,-19456,-246784,51504,-1263,189773
20714,-25600,-174080,33640,-1293,144241
20724,-25600,-212992,42456,-353,87425
20734,-37888,-307200,61016,-1028,157754
20744,-37888,-271360,52896,-303,101645
20754,-68608,-259072,43152,-3267,82482
20764,-166912,-316416,33872,-21539,79358
20774,-166912,-415744,56376,-5573,173881
20784,-166912,-369664,38976,-1454,76257
20794,-377856,-451584,16704,-18427,98061
20804,-377856,-507904,29464,-4771,120917
20814,-377856,-552960,39672,-1330,135308
20824,-480256,-641024,36424,-20501,142191
20834,-480256,-683008,45936,-5308,176298
20844,-570368,-627712,12992,-10776,73784
20854,-905216,-886784,-4176,-45104,177216
20864,-975872,-789504,-42224,-22489,26542
20874,-975872,-1012736,8352,-5811,185933
20885,-975872,-953344,-5104,-1511,23265
20895,-975872,-1146880,38744,-434,153874
20905,-1681408,-1265664,-94192,-68364,-27312
20915,-3317760,-1315840,-453560,-319396,-671638
20925,-3317760,-1614848,-385816,-87872,-330160
20935,-3317760,-2268160,-237800,-22680,20760
20945,-9032704,-3172352,-1291312,-381117,-1102355
20955,-11017216,-4718592,-1427032,-369867,-1069177
20965,-11017216,-7177216,-870000,-95391,178598
20975,-7145472,-9305088,489288,687694,2344513
20985,-5738496,-10498048,1078336,353461,2163886
20995,-5738496,-10177536,1005720,97203,1147384
21005,-2125824,-8561664,1458120,649596,1484635
21015,-2125824,-6690816,1034256,167487,301721
21025,-781312,-4943872,943080,167950,186388
21035,-643072,-3442688,634288,52364,-99131
21045,-111616,-2473984,535224,75859,87654
21055,-111616,-2037760,436392,20846,220047
21065,0,-1804288,408784,12225,397958
21075,0,-1468416,332688,3135,329113
21085,0,-1294336,293248,849,382038
21095,24576,-826368,192792,4182,166779
21105,24576,-676864,158920,1131,223913
21115,101376,-390144,111360,6797,118095
21125,101376,-312320,93728,1735,246222
21135,144384,-271360,94192,5505,224194
21145,144384,-262144,92104,1403,274875
21155,95232,-280576,85144,-3895,305881
21165,95232,-91136,42224,-1024,178068
21175,12288,-118784,29696,-6896,224938
21185,9216,88064,-17864,-2102,83790
21195,9216,-49152,13224,-554,240763
21205,9216,79872,-16008,-172,122429
21215,0,-21504,4872,-588,215564
21225,0,-6144,14848,-172,264810
21235,0,-73728,16704,-68,281267
21245,0,121856,-27608,-51,113934
21255,0,56320,-12760,-51,176029
21265,0,107520,-24360,-51,133310
21275,0,23552,-5336,-51,194400
21285,0,40960,-9280,-51,175984
21295,0,104448,-23664,-51,113921
21305,0,-56320,12760,-51,272303
21315,0,179200,-40600,-51,46235
21325,0,110592,-25056,-51,138541
21335,0,138240,-31320,-51,118816
21345,0,-30720,6960,-51,284361
21355,0,224256,-50808,-51,56083
21365,0,50176,-11368,-51,186263
21375,0,69632,-15776,-51,147946
21385,0,-49152,11136,-51,121437
21395,0,125952,-28536,-51,93248
21405,0,15360,-3480,-51,197943
21415,0,73728,-16704,-51,140007
21425,0,234496,-53128,-51,-23565
21435,-4096,81920,-19488,-460,135380
21445,-4096,47104,-11600,-138,149575
21455,-4096,25600,-3944,-51,176683
21465,-10240,208896,-49648,-665,-18682
21475,-34816,-17408,-3944,-1914,192067
21485,-238592,35840,-62176,-29575,41987
21495,-299008,-45056,-57536,-13492,96685
21505,-595968,-1024,-134792,-62137,-109763
21515,-643072,-301056,-77488,-22754,128542
21525,-643072,-276480,-102776,-5889,-58194
21535,-1246208,-534528,-161240,-43882,-7851
21545,-1246208,-633856,-138736,-11330,-54067
21555,-2500608,-957440,-349624,-132536,-342345
21565,-5328896,-1425408,-884384,-555737,-1222606
21575,-6241280,-2205696,-914312,-265168,-771770
21585,-6241280,-3286016,-669552,-72953,-221867
21595,-6999040,-4856832,-485344,-71906,145705
21605,-7293952,-5972992,-299280,-59173,215541
21615,-7219200,-6976512,-54984,-8050,448629
21625,-6306816,-7166976,194880,148641,523280
21635,-6306816,-7288832,222488,40867,201383
21645,-6306816,-7056384,169824,10523,115914
21655,-2473984,-6774784,974400,356684,1194948
21665,-2473984,-5932032,783464,98092,487901
21675,-2473984,-4802560,527568,25277,8197
21685,-546816,-3832832,744488,339657,563569
21695,-452608,-3177472,617352,105202,396202
21705,-452608,-2415616,444744,27107,164312
21715,-467968,-1795072,300672,6428,35215
21725,-467968,-1489920,231536,1634,145651
21735,-570368,-1114112,123192,-8306,37405
21745,-585728,-1038336,102544,-3250,136355
21755,-585728,-920576,75864,-857,108851
21765,-585728,-983040,90016,-239,222400
21775,-459776,-885760,96512,20329,209145
21785,-424960,-795648,83984,9315,174554
21795,-424960,-793600,83520,2547,215748
21805,-203776,-668672,105328,14250,234677
21815,-203776,-565248,81896,3652,206524
21825,-10240,-195584,41992,17435,19114
21835,0,-143360,32480,6136,82716
21845,0,-35840,8120,1668,68998
21855,0,-93184,21112,409,202564
21865,0,105472,-23896,93,-2965
21875,0,63488,-14384,3,146428
21885,0,248832,-56376,0,-17255
21895,0,165888,-37584,0,73225
21905,0,173056,-39208,0,62485
21915,0,62464,-14152,0,184911
21925,0,307200,-69600,0,-40269
21935,0,235520,-53360,0,46821
21945,0,212992,-48256,0,60102
21955,0,143360,-32480,0,111869
21965,0,282624,-64032,0,-45600
21975,0,183296,-41528,0,45017
21985,0,270336,-61248,0,-64621
21995,0,-11264,2552,0,186384
22005,0,135168,-30624,0,37969
22015,0,157696,-35728,0,18062
22025,0,139264,-31552,0,28100
22035,0,103424,-23432,0,64945
22045,0,12288,-35032,0,1344
22055,0,181248,-41064,0,-11930
22066,0,269312,-61016,0,-112150
22076,3072,81920,-17864,429,70717
22086,3072,164864,-36656,93,-36999
22096,294912,46080,56376,35919,171353
22106,294912,293888,232,9248,-105329
22116,294912,159744,30624,2363,59673
22126,3778560,375808,770936,260887,967288
22136,8415232,1027072,1673880,727732,2159797
22146,11124736,2505728,1952744,479665,1767482
22156,16436224,4959232,2600256,1168417,2642372
22166,16436224,7970816,1917944,301274,744134
22176,16436224,10904576,1253264,82845,-200201
22186,16436224,13473792,671176,21346,-602755
22196,16436224,14713856,390224,5851,-301654
22206,9031680,15361024,-1433992,-714614,-2557522
22216,5271552,14638080,-2079416,-877671,-2626838
22226,3464192,12463104,-2038816,-482791,-1558318
22236,3464192,9388032,-1342120,-124519,11937
22246,1208320,6811648,-1269504,-254265,-28116
22256,1208320,4366336,-715488,-65585,422180
22266,1208320,2879488,-378624,-16930,420226
22276,479232,2470912,-451240,-55742,-248499
22286,372736,1801216,-323640,-28618,-97345
22296,372736,1786880,-320392,-7886,-351270
22306,372736,1262592,-201608,-2055,-108589
22316,372736,983040,-138272,-551,-89711
22326,218112,687104,-106256,-15120,-104081
22336,172032,321536,-33872,-9581,-11787
22346,172032,79872,20880,-2491,44849
22356,135168,-62464,44776,-4049,9914
22366,135168,-137216,61712,-1065,-16590
22376,52224,-195584,56144,-10028,-63729
22386,52224,-377856,97440,-2777,72317
22396,9216,-154624,37120,-3378,-191575
22406,9216,-464896,107416,-947,104142
22416,0,-285696,64728,-1048,-87488
22426,0,-368640,83520,-286,9986
22436,0,-246784,55912,-98,-89212
22446,-4096,-459776,103240,-397,131648
22456,0,-159744,36192,127,-152825
22466,0,-221184,50112,16,-16445
22476,0,-181248,41064,0,-25383
22486,0,-233472,52896,0,50132
22496,0,-14336,3248,0,-134583
22506,64512,-47104,25288,5471,-39274
22516,259072,-120832,86072,13367,117020
22526,259072,71680,42456,3424,-24283
22536,2847744,155648,609928,220960,762097
22546,10281984,699392,2171056,1261837,3196073
22556,10281984,1876992,1904256,325370,1672111
22566,16436224,4152320,2783072,579896,2159220
22576,16436224,7666688,1986848,149514,466860
22586,16436224,11187200,1189232,38540,-519510
22596,12619776,13661184,-235944,-475420,-2089915
22606,7998464,14657536,-1508696,-824786,-3044028
22616,6305792,13980672,-1738840,-413138,-2014889
22626,5441536,11715584,-1421464,-175424,-603007
22636,2079744,9001984,-1568320,-524129,-781141
22646,2079744,6577152,-1018944,-144181,101484
22656,2079744,4416512,-529424,-37202,502361
22666,285696,3275776,-677440,-282846,-338464
22676,82944,2392064,-523160,-93870,-201521
22686,6144,1914880,-432448,-29961,-240427
22696,-7168,1331200,-303224,-10276,-106582
22706,-7168,842752,-192560,-2669,-58703
22716,-7168,353280,-81664,-709,40157
22726,-16384,-47104,6960,-1525,115917
22736,-53248,-29696,-5336,-4207,-122976
22746,-145408,-407552,59392,-19300,52132
22756,-166912,-442368,62408,-8060,-31957
22766,-206848,-587776,79808,-5956,-4535
22776,-222208,-529408,69600,-4677,-85004
22786,-222208,-747520,119016,-1226,111604
22796,-222208,-765952,123192,-356,111684
22806,-257024,-658432,90944,-4495,-3011
22816,-257024,-736256,108576,-1249,74464
22826,-409600,-663552,57536,-15097,-40104
22836,-489472,-814080,73544,-9507,100804
22846,-626688,-688128,13920,-22180,-58071
22856,-626688,-800768,39440,-5737,60769
22866,-2292736,-779264,-342896,-329302,-692841
22876,-2292736,-1000448,-292784,-84934,-294897
22886,-6855680,-1460224,-1222408,-463207,-1521062
22896,-6855680,-2371584,-1015928,-127423,-707254
22906,-17213440,-4142080,-2961480,-1416086,-3633087
22916,-17213440,-6336512,-2464304,-389522,-1771638
22926,-17213440,-9666560,-1709840,-100460,-232289
22936,-14835712,-12666880,-491376,271760,1284545
22946,-9402368,-14952448,1257440,600196,3105923
22956,-7071744,-15435776,1894976,379884,2705934
22966,-7071744,-14219264,1619360,104471,1329545
22976,-7071744,-11684864,1045160,26919,2994
22986,-1792000,-9100288,1655784,353595,733374
22996,-643072,-6770688,1388288,250665,386665
23006,-643072,-4466688,866288,64620,-216120
23016,-99328,-2868224,627328,67669,-111620
23026,-99328,-1808384,387208,18587,-123597
23036,0,-1302528,295104,13776,105621
23046,-4096,-1031168,232696,3064,211288
23056,0,-961536,217848,1278,357023
23066,0,-818176,185368,308,200009
23076,0,-476160,107880,67,146513
23086,0,-336896,76328,0,151293
23096,0,-313344,70992,0,249636
23106,0,-103424,23432,0,163159
23116,0,136192,-30856,0,30446
23126,0,80896,-18328,0,153503
23136,0,157696,-35728,0,124511
23146,0,118784,-26912,0,96316
23156,0,153600,-34800,0,177261
23166,0,150528,-34104,0,180266
23177,0,139264,-31552,0,183751
23187,0,176128,-39904,0,135506
23197,-4096,-1024,-696,-665,227034
23207,-4096,137216,-32016,-192,150762
23217,-126976,161792,-65424,-9863,86282
23227,-126976,76800,-46168,-2736,158311
23237,-585728,135168,-163328,-51207,-101516
23247,-1579008,-36864,-349392,-221622,-391627
23257,-1579008,-239616,-303456,-60979,-173498
23267,-1579008,-658432,-208568,-15748,42085
23277,-7757824,-1222656,-1480624,-496726,-1655838
23287,-7757824,-2490368,-1193408,-128108,-749118
23297,-17213440,-4598784,-2858008,-1073511,-3035159
23307,-17213440,-7319552,-2241584,-295300,-1213642
23317,-17213440,-10944512,-1420304,-76169,232541
23327,-17213440,-13946880,-740080,-20971,839524
23337,-12499968,-16143360,825456,983497,2987670
23347,-12499968,-16941056,1006184,253592,1910339
23357,-12499968,-16200704,838448,69736,768935
23367,-2394112,-14629888,2772168,834372,2911639
23377,-2394112,-12265472,2236480,229483,1304874
23387,-654336,-9144320,1923512,238627,675700
23397,-575488,-6487040,1339336,71905,22101
23407,-229376,-4319232,926608,71109,-103038
23417,-229376,-3118080,654472,18318,48833
23427,-25600,-2343936,525248,25227,196041
23437,-25600,-1722368,384424,6488,182242
23447,0,-1214464,275152,4293,141180
23457,0,-865280,196040,1158,189576
23467,0,-561152,127136,281,212936
23477,0,-182272,41296,60,103435
23487,0,114688,-25984,0,45569
23497,0,350208,-71688,0,28398
23507,0,343040,-77720,0,100597
23517,0,514048,-116464,0,-6824
23527,0,542720,-122960,0,-17220
23537,0,409600,-92800,0,94363
23547,0,484352,-109736,0,-4546
23557,0,351232,-79576,0,98898
23567,0,308224,-69832,0,107869
23577,0,367616,-83288,0,19938
23587,0,334848,-75864,0,31676
23597,0,249856,-56608,0,76027
23607,0,199680,-45240,0,88743
23617,0,174080,-39440,0,72312
23627,0,140288,-31784,0,72543
23637,0,260096,-58928,0,-49196
23647,0,115712,-26216,0,75795
23657,0,23552,-5336,0,147731
23667,0,206848,-46864,0,-51199
23677,0,145408,-32944,0,40614
23687,0,65536,-14848,0,69433
23697,0,31744,-7192,0,77747
23707,0,88064,-19952,0,10828
23717,0,72704,-16472,0,19735
23727,3072,86016,-18792,527,23390
23737,9216,110592,-22968,896,9770
23747,24576,92160,-15312,1520,38002
23757,24576,253952,-51968,402,-115190
23767,98304,58368,9048,9318,102560
23777,98304,79872,4176,2386,61337
23787,98304,240640,-32248,637,-93980
23797,98304,156672,-13224,147,10052
23807,95232,120832,-5800,-252,53742
23817,92160,273408,-41064,-272,-68367
23827,82944,286720,-46168,-1172,-70469
23837,67584,272384,-46400,-1649,-65329
23847,67584,182272,-25984,-447,14099
23857,55296,166912,-25288,-1484,4422
23867,55296,285696,-52200,-430,-121802
23877,147456,-16384,37120,9355,173373
23887,147456,146432,232,2396,-23147
23897,147456,168960,-4872,641,-39995
23907,670720,138240,120640,30343,150655
23917,2879488,242688,597400,250850,816771
23927,8587264,738304,1778280,523822,2072161
23937,8587264,2384896,1405224,135056,783205
23947,15985664,4418560,2620672,851224,2461724
23957,16135168,7440384,1969912,250850,749772
23967,16135168,10604544,1253032,64667,-260492
23977,16135168,12964864,718272,17771,-519421
23987,16135168,14545920,360064,4562,-409745
23997,16284672,15229952,238960,22457,-44200
24007,16284672,15451136,188848,6156,140425
24017,6643712,15419392,-1988240,-864206,-2866478
24027,6643712,14412800,-1760184,-237728,-1536758
24037,1716224,12225536,-2381016,-569632,-1918203
24047,1197056,9377792,-1853448,-183269,-644633
24057,243712,6415360,-1398264,-186230,-42757
24067,153600,4115456,-897608,-57340,270202
24077,-4096,2899968,-657952,-46810,-25355
24087,-4096,2023424,-459360,-12085,-84614
24097,0,1649664,-373752,-2743,-204070
24107,0,1474560,-334080,-773,-341044
24117,0,1024000,-232000,-222,-189623
24127,0,637952,-144536,-81,-113919
24137,0,440320,-99760,-51,-174085
24147,0,72704,-16472,-51,-35997
24157,0,153600,-34800,-51,-233335
24167,0,-174080,39440,-51,-32979
24177,0,-60416,13688,-51,-186284
24187,0,-83968,19024,-51,-187469
24197,0,-175104,39672,-51,-109351
24207,0,-17408,3944,-51,-259467
24217,0,-295936,67048,-51,30
24227,0,-65536,14616,-51,-236239
24237,0,-340992,77256,-51,14904
24247,0,-258048,58464,-51,-92074
24257,0,-268288,60784,-51,-109470
24267,0,-359424,81432,-51,-10187
24277,0,-172032,38976,-51,-178028
24287,0,-142336,32248,-51,-155844
24297,0,-124928,28304,-51,-137135
24307,0,-227328,51504,-51,-3226
24317,0,106496,-24128,-51,-293463
24327,0,-160768,36424,-51,-2345
24337,0,-88064,19952,-51,-78536
24347,0,-92160,20880,-51,-80989
24357,0,-69632,15776,-51,-119308
24367,0,-272384,61712,-51,60834
24377,0,-2048,464,-51,-183731
24387,0,-128000,29000,-51,-48954
24397,0,-182272,41296,-51,-6514
24407,12288,-192512,46400,2074,5538
24417,12288,23552,-2552,516,-189603
24427,387072,-143360,120176,31974,119395
24437,1105920,48128,239656,53019,183940
24447,6240256,224256,1363000,616282,1889411
24457,9031680,1142784,1787328,406766,1783800
24467,9031680,3274752,1304304,104873,436038
24477,9031680,5480448,804576,27030,-310712
24487,9031680,7427072,363544,7412,-586236
24497,13240320,8663040,1037040,244770,616132
24507,13240320,9752576,790192,67309,312091
24517,6854656,10850304,-905264,-525445,-1988656
24527,3210240,10867712,-1734896,-735206,-2580483
24537,2787328,9580544,-1539088,-239246,-1245391
24547,2787328,7401472,-1045392,-61708,-72419
24557,479232,4845568,-989248,-217745,-7336
24567,479232,2833408,-533368,-56165,444743
24577,190464,1726464,-348000,-40012,204630
24587,150528,898048,-169360,-12639,162229
24597,150528,524288,-84680,-3495,88313
24607,9216,493568,-109736,-12183,-162953
24617,9216,289792,-63568,-3159,-89610
24627,9216,99328,-20416,-887,-14627
24637,3072,14336,-2552,-1135,-60730
24647,-4096,-327680,73312,-1494,122220
24657,-4096,-610304,137344,-403,215422
24667,0,-593920,134560,735,71178
24678,0,-717824,162632,187,136993
24688,0,-734208,166344,33,161360
24698,-4096,-704512,158688,-336,171165
24708,-4096,-526336,118320,-105,46910
24718,-4096,-649216,146160,-51,188891
24728,-4096,-587776,132240,-51,150763
24738,-4096,-510976,114840,-51,104264
24748,-10240,-358400,78880,-665,-6788
24758,-62464,-481280,94888,-4106,111523
24768,-319488,-658432,76792,-37689,169387
24778,-319488,-675840,80736,-9739,157160
24788,-1972224,-728064,-281880,-327782,-551033
24798,-1972224,-1003520,-219472,-84545,-187627
24808,-9402368,-1294336,-1836976,-789759,-2506061
24818,-17213440,-2881536,-3247072,-1302497,-3825262
24828,-17213440,-5423104,-2623224,-335892,-1594901
24838,-17213440,-9485312,-1750904,-92410,111425
24848,-8163328,-13144064,1128448,1756267,4799157
24858,-7071744,-15548416,1920496,638549,4065475
24868,-7071744,-16232448,2075472,164644,2861544
24878,-2639872,-15261696,2859632,352833,2943099
24888,-1467392,-13088768,2632968,264046,1951274
24898,-1095680,-10091520,2038120,104017,784000
24908,-505856,-7077888,1488976,144606,165273
24918,-505856,-4386816,879280,37268,-368142
24928,-505856,-2651136,486040,9597,-372747
24938,-31744,-1644544,365400,35825,-3054
24948,0,-1002496,227128,13457,70382
24958,0,-676864,153352,3682,143301
24968,0,-491520,111360,926,231310
24978,0,-321536,72848,218,272173
24988,0,-45056,10208,43,181045
24998,0,333824,-75632,0,-1915
25008,0,346112,-78416,0,126031
25018,0,400384,-90712,0,134788
25028,0,535552,-121336,0,45735
25038,0,407552,-92336,0,162010
25048,0,551936,-125048,0,4339
25058,0,488448,-110664,0,42826
25068,0,445440,-100920,0,38449
25078,0,334848,-75864,0,104018
25088,0,303104,-68672,0,97364
25098,0,291840,-66120,0,75819
25108,0,124928,-28304,0,212867
25118,0,177152,-40136,0,132437
25128,0,304128,-68904,0,-9790
25138,0,139264,-31552,0,137333
25148,0,246784,-55912,0,2970
25158,0,172032,-38976,0,50271
25168,3072,-31744,7888,248,225584
25178,6144,104448,-22272,543,79812
25188,6144,67584,0,120,158524
25198,6144,53248,-10672,16,88367
25208,12288,203776,-43384,339,-54342
25218,12288,-18432,6960,73,166468
25228,9216,84992,-17168,-262,59856
25238,9216,-5120,3248,-91,129377
25248,9216,-65536,16936,-51,160455
25258,9216,156672,-33408,-51,-69002
25268,0,-149504,33872,-853,212778
25278,0,-43008,9744,-252,102449
25288,-4096,-1024,-696,-947,54732
25298,0,-91136,20648,342,138519
25308,0,86016,-19488,70,-37812
25318,0,-44032,9976,0,91928
25328,0,-93184,21112,0,139790
25338,0,77824,-17632,0,-35471
25348,-71680,65536,-31088,-12492,50911
25358,-71680,-65536,-1392,-3455,65484
25368,-349184,-114688,-53128,-29538,-8736
25378,-1629184,-154624,-334080,-244046,-513687
25388,-1629184,-350208,-289768,-62943,-278840
25398,-1629184,-751616,-198824,-16251,-58464
25408,-17213440,-1558528,-3546816,-1168750,-4307907
25418,-17213440,-3364864,-3137568,-301399,-2503864
25428,-17213440,-6490112,-2429504,-82923,-960206
25438,-17213440,-10080256,-1616112,-21404,61499
25448,-7678976,-13477888,1313816,1267722,4267975
25458,-7678976,-15374336,1743480,348681,3354939
25468,-1646592,-15307776,3095112,641963,3999028
25478,-1646592,-13624320,2713704,176554,2224358
25488,-1646592,-10608640,2030464,45506,750177
25498,-40960,-7198720,1621680,161062,192758
25508,-4096,-4338688,982056,49534,-443897
25518,-4096,-2241536,506920,12752,-507075
25528,181248,-993280,266104,37449,-279522
25538,224256,-585728,183512,16022,23982
25548,439296,-481280,208568,24915,323686
25558,787456,-201728,224112,29265,326143
25568,2817024,123904,610160,279068,942247
25578,2817024,773120,463072,71942,475465
25588,7599104,1777664,1318920,687637,1767793
25598,9401344,3270656,1388984,402932,1287983
25608,11016192,5187584,1320544,266986,819104
25618,13367296,7567360,1314048,463471,827061
25628,13367296,9680896,835200,119490,92547
25638,13367296,11371520,452168,32850,-170546
25648,16135168,12696576,779056,190193,546782
25658,16135168,13804544,528032,52301,288275
25668,16135168,14917632,275848,13468,66618
25678,15985664,15780864,46400,-22395,-70429
25688,14695424,16408576,-388136,-167713,-582951
25698,14695424,16465920,-401128,-43265,-238906
25708,10591232,16287744,-1290616,-721436,-1713758
25718,7218176,15674368,-1915856,-608354,-2208357
25728,6111232,13969408,-1780368,-250985,-1242789
25738,5384192,11443200,-1372744,-116795,-216518
25748,1949696,9107456,-1621680,-433253,-882271
25758,1406976,6843392,-1231688,-168394,-257887
25768,259072,4711424,-1008736,-135993,-78384
25778,259072,3115008,-647048,-35087,125058
25788,-10240,1974272,-449616,-32563,66077
25798,-71680,1058816,-256128,-12200,98052
25808,-71680,379904,-102312,-3374,146318
25818,-31744,285696,-71920,2504,-124538
25829,0,-122880,27840,5773,46729
25839,0,-362496,82128,1571,109435
25849,0,-378880,85840,382,674
25859,0,-602112,136416,80,113616
25869,0,-572416,129688,0,2152
25879,0,-765952,173536,0,161887
25889,0,-806912,182816,0,194686
25899,0,-677888,153584,0,91240
25909,0,-716800,158456,0,147314
25919,0,-634880,143840,0,125264
25929,0,-480256,108808,0,18877
25939,0,-429056,97208,0,35699
25949,0,-445440,100920,0,105707
25959,-7168,-335872,74472,-803,42312
25969,-7168,-330752,73312,-239,62026
25979,-343040,-337920,-1160,-51117,-43012
25989,-456704,-320512,-41528,-24926,-107998
25999,-456704,-417792,-8816,-6872,30976
26009,-456704,-619520,36888,-1793,152131
26019,-6784000,-704512,-1377384,-696745,-1997564
26029,-7999488,-1515520,-1469024,-270499,-1353492
26039,-13625344,-3450880,-2305152,-871152,-2334199
26049,-13625344,-5999616,-1727704,-239635,-726387
26059,-10592256,-9164800,-323408,311557,1534427
26069,-10592256,-11298816,160080,80321,1523517
26079,-8416256,-11996160,811072,246549,1682026
26089,-7600128,-11291648,836360,120722,815120
26099,-7600128,-9938944,529888,33186,-21766
26109,-7600128,-8497152,203232,8540,-464346
26119,-4491264,-7623680,709688,228842,473306
26129,-4491264,-6913024,548680,58994,223499
26139,-4491264,-6263808,401592,15196,106461
26149,-4589568,-5798912,273992,-3183,78395
26159,-4589568,-5397504,183048,-843,84760
26169,-4638720,-5108736,106488,-4989,59400
26179,-4210688,-4988928,176320,82798,291617
26189,-4076544,-4804608,164952,39245,209746
26199,-4076544,-4761600,155208,10101,254056
26209,-1717248,-4523008,635680,207001,902554
26219,-1717248,-3864576,486504,53361,418472
26229,-606208,-3150848,576520,122105,525605
26239,-606208,-2254848,373520,31464,186496
26249,0,-1486848,336864,83990,261273
26259,12288,-814080,187224,24270,76565
26269,30720,-382976,93728,6794,76646
26279,30720,-57344,19952,1853,58991
26289,30720,189440,-35960,459,29168
26299,33792,268288,-53128,305,71395
26309,184320,393216,-47328,18916,66387
26319,231424,436224,-46400,9127,70070
26329,707584,465920,54752,90294,276620
26339,1012736,569344,100456,61468,282859
26349,1012736,783360,51968,15831,135037
26359,2171904,1115136,239424,87918,309467
26369,2171904,1530880,145232,22652,94532
26379,2124800,1944576,40832,1819,-12110
26389,2035712,2352128,-71688,-5002,-143821
26399,1297408,2499584,-272368,-87966,-331810
26409,1220608,2454528,-279560,-31173,-194610
26419,831488,2262016,-324104,-71124,-224042
26429,855040,1903616,-237568,-15597,-25266
26439,855040,1542144,-155672,-4307,79475
26449,929792,1176576,-55912,5223,174857
26459,965632,930816,7888,5629,199246
26469,993280,782336,47792,3783,182228
26479,1012736,741376,61480,2074,143728
26489,1062912,801792,59160,6445,85299
26499,1062912,860160,45936,1644,38155
26509,1042432,902144,31784,-2881,9738
26519,1042432,880640,36656,-756,49346
26529,1042432,894976,35032,-212,56569
26539,1042432,879616,36888,-81,70072
26549,1052672,870400,41296,1084,80097
26559,1052672,907264,32944,281,38560
26569,1084416,907264,40136,2947,48107
26579,1084416,960512,28072,795,5180
26589,1105920,974848,29696,1900,16485
26599,1073152,976896,21808,-3448,21230
26609,1003520,1034240,-6960,-8635,-29577
26619,560128,994304,-98368,-95274,-166947
26629,496640,961536,-105328,-36514,-100356
26639,496640,945152,-101616,-9437,-97380
26649,496640,789504,-66352,-41341,-93869
26659,311296,674816,-82360,-11391,-24891
26669,228352,555008,-74008,-12085,-33970
26679,218112,362496,-32712,-4156,48913
26689,193536,264192,-16008,-4828,28958
26699,199680,115712,19024,-625,78955
26709,199680,51200,33640,-192,67279
26719,224256,-22528,55912,3430,86371
26729,224256,-63488,66120,862,95719
26739,215040,-64512,63336,-474,77640
26749,202752,-93184,67048,-1894,103029
26759,187392,-16384,46168,-2122,34269
26769,187392,-21504,47328,-568,67356
26779,187392,40960,33176,-168,49624
26789,187392,110592,17400,-68,-7750
26799,141312,92160,11136,-3653,25116
26809,141312,103424,8584,-961,29892
26819,73728,117760,-9976,-7255,-2597
26829,61440,103424,-9512,-2746,-1312
26839,39936,48128,-1856,-3596,39304
26849,36864,-15360,11832,-1310,36332
26859,52224,-50176,23200,2474,45552
26869,70656,-79872,34104,3121,61924
26879,70656,-59392,29464,788,38957
26889,153600,-15360,38280,15482,48460
26899,153600,-2048,35264,4239,49181
26909,181248,2048,40600,3581,74526
26919,181248,-4096,41992,966,93686
26929,193536,58368,30624,1869,48453
26939,193536,136192,12992,466,-14174
26949,193536,130048,14384,110,-4455
26959,193536,93184,22736,10,29775
26969,193536,113664,18096,0,9915
26979,190464,47104,32480,-222,79613
26989,190464,54272,30856,-81,76043
26999,190464,108544,18560,-51,40151
27009,184320,173056,2552,-756,-15041
27019,184320,182272,464,-225,-16470
27029,162816,135168,6264,-2028,22707
27039,125952,183296,-12992,-6516,-35621
27049,92160,179200,-19720,-6043,-33562
27059,86016,2048,19024,-2099,131658
27069,125952,54272,16240,3672,87915
27079,205824,69632,30856,10302,85938
27089,205824,93184,25520,2638,47461
27099,443392,70656,84448,15334,126784
27109,443392,73728,83752,3930,126395
27119,1052672,140288,206712,52851,291820
27129,1052672,313344,167504,13609,166284
27139,1594368,609280,223184,67071,185693
27149,1594368,847872,169128,18429,57797
27159,1771520,1197056,130152,14958,-29983
27169,1497088,1424384,16472,-28111,-140009
27179,1138688,1568768,-97440,-37729,-190721
27190,1138688,1586176,-101384,-9749,-84210
27200,584704,1509376,-209496,-67727,-210032
27210,483328,1360896,-198824,-25564,-145381
27220,483328,1050624,-128528,-7050,15328
27230,334848,781312,-101152,-18175,1684
27240,318464,460800,-32248,-8144,119798
27250,318464,325632,-1624,-2263,105761
27260,318464,393216,-16936,-605,-52096
27270,379904,212992,37816,4709,85975
27280,384000,222208,36656,1433,38335
27290,384000,221184,36888,352,47938
27300,384000,248832,30624,80,21963
27310,384000,321536,14152,0,-35935
27320,384000,299008,19256,0,54450
27330,384000,151552,52664,0,146663
27340,384000,310272,16704,0,-3258
27350,384000,216064,38048,0,89675
27360,384000,307200,17400,0,-7645
27370,384000,310272,16704,0,69
27380,384000,205824,40368,0,102140
27390,379904,190464,27608,-806,50206
27400,379904,294912,19256,-239,20648
27410,379904,284672,21576,-84,26691
27420,376832,315392,13920,-695,-10344
27430,376832,369664,1624,-202,-46626
27440,376832,237568,31552,-74,83222
27450,376832,263168,25752,-413,58949
27460,376832,340992,8120,-125,-7591
27470,376832,294912,18560,-51,34887
27480,376832,252928,28072,-51,68693
27490,376832,207872,38280,-51,94983
27500,372736,197632,39672,-460,94128
27510,362496,253952,24592,-2152,21001
27520,342016,338944,-696,-3307,-69410
27530,342016,287744,12296,-934,-7953
27540,263168,244736,4176,-14805,8698
27550,234496,244736,-2320,-8175,-9640
27560,234496,273408,-8816,-2125,-50031
27570,168960,41984,28768,-6698,97976
27580,168960,99328,15776,-1864,19172
27590,168960,50176,26912,-504,38372
27600,168960,-8192,40136,-158,69790
27610,168960,-46080,48720,-61,90900
27620,168960,46080,11832,-51,-57368
27630,168960,59392,24824,-51,19637
27640,156672,15360,32016,-1582,73471
27650,156672,-7168,37120,-457,107732
27660,116736,-58368,39672,-7503,137241
27670,104448,-32768,31088,-3495,107461
27680,98304,-31744,29464,-1538,108194
27690,76800,-80896,35728,-2156,139154
27700,64512,-38912,23432,-2253,81225
27710,39936,-62464,23200,-2830,85954
27720,12288,-111616,28072,-3341,154652
27730,12288,-135168,33408,-883,112504
27740,0,-166912,37816,-1360,117895
27750,0,-219136,49648,-397,152061
27760,0,-242688,54984,-125,158371
27770,0,-193536,43848,-51,114675
27780,0,-239616,54288,-51,153419
27790,-4096,-232448,51736,-521,150414
27800,-4096,-206848,45936,-162,134177
27810,-4096,-86016,18560,-61,24270
27820,-4096,30720,-7888,-51,-57093
27830,0,33792,-7656,308,-25819
27840,9216,-10240,4408,1557,37647
27850,9216,-3072,2784,382,-26069
27860,337920,64512,61944,28027,72355
27870,337920,-4096,77488,7210,126931
27880,11016192,28672,2489360,1255295,3782091
27890,11016192,740352,2328120,323678,2381959
27900,16436224,2682880,3115992,422654,2667237
27910,16436224,5903360,2386352,108969,1019866
27920,16436224,9239552,1630496,28080,8731
27930,16436224,12190720,961872,7707,-444523
27940,9308160,14201856,-1108728,-782381,-2917468
27950,7292928,14787584,-1698008,-386514,-2566482
27960,2527232,13804544,-2555016,-872078,-3097687
27970,2527232,11592704,-2053896,-239894,-1246245
27980,2527232,8642560,-1385504,-61879,-62673
27990,318464,5723136,-1224496,-155594,128055
28000,318464,3153920,-642408,-42818,597598
28010,3072,1632256,-369112,-41391,379997
28020,3072,646144,-145696,-11401,343475
28030,3072,414720,-93264,-2961,-11230
28040,-7168,200704,-47096,-1702,-75188
28050,-80896,45056,-28536,-4717,-100244
28060,-80896,-153600,16472,-1239,-41379
28070,-80896,-430080,79112,-356,84847
28080,-595968,-797696,45704,-29837,108124
28090,-595968,-904192,69832,-8222,67721
28100,-595968,-1181696,132704,-2139,150131
28110,-2036736,-1288192,-169592,-219487,-442127
28120,-2944000,-1397760,-350320,-160224,-597498
28130,-4999168,-2039808,-670480,-472529,-973826
28140,-6241280,-2533376,-840072,-298805,-994637
28150,-9216000,-3842048,-1217536,-409533,-1099338
28160,-11456512,-5368832,-1379240,-378441,-1070053
28170,-13625344,-7582720,-1369032,-406552,-812393
28180,-13755392,-9672704,-924984,-125261,-41178
28190,-13241344,-11669504,-356120,68790,600186
28200,-12380160,-13035520,148480,132723,849386
28210,-12380160,-13629440,283040,36489,555934
28220,-12380160,-13572096,270048,9392,221607
28230,-12380160,-13129728,169824,2564,-79998
28240,-3698688,-12893184,2083128,840243,2733553
28250,-3698688,-11776000,1830016,216653,1492594
28260,-3698688,-9771008,1375760,59572,493889
28270,-666624,-7516160,1551848,308576,778277
28280,-306176,-5320704,1136104,146023,195920
28290,-306176,-3654656,758640,40145,-80644
28301,-306176,-2367488,467016,10335,-134767
28311,-139264,-1599488,330832,14512,-12897
28321,-139264,-1141760,227128,3726,100716
28331,-139264,-746496,137576,943,61999
28341,0,-573440,129920,25925,177694
28351,0,-463872,105096,6666,216567
28361,0,-320512,72616,1701,209900
28371,0,-70656,16008,453,81340
28381,0,-39936,9048,100,167780
28391,0,108544,-24592,6,113487
28401,0,257024,-58232,0,40132
28411,0,263168,-59624,0,78042
28421,0,261120,-59160,0,106988
28431,0,340992,-77256,0,35390
28441,-22528,322560,-78184,-2656,126518
28451,-22528,192512,-48720,-756,153480
28461,-126976,236544,-82360,-10041,49406
28471,-126976,52224,-40600,-2780,188274
28481,-191488,148480,-77024,-6221,27640
28491,-328704,46080,-65656,-23862,119296
28501,-366592,-87040,-63336,-11028,108616
28511,-601088,-46080,-125744,-22801,-56528
28521,-1310720,-288768,-231536,-91239,-154761