R
Px,Ix,Dx,Py,Iy,Dy,Pz,Iz,FFrx,FFry,FFdrx,FFdry,satI,satPID,KFQAng,KFQbias,KFRmeas,CPx,CIx,CPy,CIy,CsatI,CsatPID,CFFdrx,CFFdry,CFalpha,iRelaxX,IRelaxY,DmaxR,DmaxE,DMx,DMy
58,80,47,58,80,47,250,0,0,0,450,0,500000,15000000,10,1,1000,0,0,0,0,0,0,0,0,0.995,1024,1024,0,0,0,0
sysTickMs,PIDRefXi,PIDSensXi,PIDPoutXi,PIDFFoutXi,PIDUXi
7781,0,0,0,0,0
7791,0,0,0,0,0
7801,0,0,0,0,0
7811,0,0,0,0,0
7821,0,0,0,0,0
7831,0,0,0,0,0
7841,0,0,0,0,0
7851,0,0,0,0,0
7861,0,0,0,0,0
7871,0,0,0,0,0
7881,0,0,0,0,0
7891,0,0,0,0,0
7901,0,0,0,0,0
7911,0,0,0,0,0
7921,0,0,0,0,0
7931,0,0,0,0,0
7941,0,0,0,0,0
7951,0,0,0,0,0
7961,0,0,0,0,0
7971,0,0,0,0,0
7981,0,0,0,0,0
7991,0,0,0,0,0
8001,0,0,0,0,0
8011,0,0,0,0,0
8021,0,0,0,0,0
8031,0,0,0,0,0
8041,0,0,0,0,0
8051,0,0,0,0,0
8061,0,0,0,0,0
8071,0,0,0,0,0
8081,0,0,0,0,0
8091,0,0,0,0,0
8101,0,0,0,0,0
8111,0,0,0,0,0
8121,0,0,0,0,0
8131,0,0,0,0,0
8141,0,0,0,0,0
8151,0,0,0,0,0
8161,0,0,0,0,0
8171,0,0,0,0,0
8181,0,0,0,0,0
8191,0,0,0,0,0
8201,0,0,0,0,0
8211,0,0,0,0,0
8221,0,0,0,0,0
8231,0,0,0,0,0
8241,0,0,0,0,0
8251,0,0,0,0,0
8261,0,0,0,0,0
8271,0,0,0,0,0
8281,0,0,0,0,0
8291,0,0,0,0,0
8301,0,0,0,0,0
8311,0,0,0,0,0
8321,0,0,0,0,0
8331,0,0,0,0,0
8341,0,0,0,0,0
8351,0,0,0,0,0
8361,0,0,0,0,0
8371,0,0,0,0,0
8381,0,0,0,0,0
8391,0,0,0,0,0
8401,0,0,0,0,0
8411,0,3072,-696,0,-753
8421,0,8192,-1856,0,-5058
8431,0,8192,-1856,0,-3075
8441,0,8192,-1856,0,-3931
8451,0,12288,-2784,0,-6728
8461,0,7168,-1624,0,-1134
8471,0,4096,-928,0,1122
8481,0,3072,-696,0,2102
8491,0,7168,-1624,0,-2262
8501,0,6144,-1392,0,-240
8511,0,8192,-1856,0,-3940
8521,0,3072,-696,0,177
8531,0,11264,-2552,0,-6882
8541,0,4096,-928,0,-653
8551,0,-3072,696,0,5978
8561,0,5120,-1160,0,-2516
8571,0,11264,-2552,0,-10708
8581,0,6144,-1392,0,-2425
8591,0,13312,-3016,0,-10337
8601,0,-15360,3480,0,19401
8611,0,4096,-928,0,770
8621,0,-10240,2320,0,9979
8631,0,28672,-3944,0,-9384
8641,0,6144,-1392,0,-4307
8651,0,20480,-4640,0,-14615
8661,0,-15360,3480,0,18625
8671,0,-1024,232,0,5568
8681,0,23552,-6032,0,-12948
8691,0,41984,-9512,0,-18830
8701,0,51200,-11600,0,-36172
8711,0,12288,-2784,0,-856
8721,0,14336,-3248,0,-5397
8731,0,7168,-1624,0,-3254
8741,0,-5120,1160,0,-2734
8751,0,-6144,1392,0,3062
8761,0,0,0,0,6714
8771,0,-5120,1160,0,18223
8781,0,23552,-5336,0,-14629
8791,0,0,0,0,16067
8801,0,63488,-14384,0,-46949
8811,0,-24576,5568,0,26007
8821,0,-90112,20416,0,70694
8831,0,-72704,16472,0,44540
8841,0,-44032,9976,0,14747
8851,0,-10240,2320,0,-14488
8861,0,-45056,10208,0,10841
8871,0,-75776,17168,0,27683
8881,0,-101376,22968,0,45713
8891,0,-67584,15312,0,22583
8901,0,-44032,9976,0,14401
8911,0,-43008,9744,0,32082
8921,0,-27648,6264,0,24839
8931,0,20480,-4640,0,-27167
8941,0,-9216,2088,0,4869
8951,0,-1024,232,0,7016
8961,0,34816,-7888,0,-20082
8971,0,-86016,19488,0,93772
8981,0,26624,-6032,0,-40050
8991,0,-57344,12992,0,14969
9001,0,-55296,12528,0,-6641
9011,0,-202752,45936,0,117211
9021,0,-216064,48952,0,126870
9031,0,-227328,51504,0,103186
9041,0,-390144,88392,0,227241
9051,0,-317440,71920,0,95646
9061,0,-505856,114608,0,237495
9071,0,-492544,111592,0,166336
9081,0,-514048,116464,0,169521
9091,0,-541696,122728,0,200301
9102,0,-379904,86072,0,74915
9112,0,-340992,77256,0,69486
9122,0,-435200,98600,0,171619
9132,0,-402432,91176,0,124713
9142,0,-471040,106720,0,164325
9152,0,-574464,130152,0,214629
9162,0,-684032,154976,0,266512
9172,0,-678912,153816,0,221155
9182,0,-782336,177248,0,292202
9192,0,-772096,174928,0,231830
9202,0,-846848,191864,0,264276
9212,0,-1001472,226896,0,365395
9222,0,-1121280,254040,0,411075
9232,0,-1210368,274224,0,433911
9242,0,-1257472,284896,0,422388
9252,0,-1324032,299976,0,445513
9262,0,-1399808,317144,0,462830
9272,0,-1488896,337328,0,496487
9282,0,-1600512,362616,0,557635
9292,0,-1628160,368880,0,574594
9302,0,-1562624,354032,0,553338
9312,0,-1241088,281184,0,355117
9322,0,-280576,63568,0,-197580
9332,0,599040,-135720,0,-378123
9342,0,589824,-133632,0,-42384
9352,3072,848896,-191632,1757,-183562
9362,6144,820224,-209264,1593,-185173
9372,12288,910336,-203464,5300,-127414
9382,33792,844800,-183744,13801,-90266
9392,33792,649216,-139432,3488,-558
9402,113664,705536,-134096,65148,-42641
9412,113664,776192,-150104,16726,-182076
9422,172032,998400,-187224,27328,-312073
9432,193536,1126400,-211352,17921,-342754
9442,193536,1204224,-228984,4559,-331598
9452,184320,1239040,-233160,-2321,-274428
9462,181248,1408000,-277936,-1594,-413602
9472,181248,1376256,-270744,-481,-325657
9482,181248,1419264,-280488,-206,-401908
9492,92160,1352704,-285592,-67402,-396903
9502,64512,1013760,-215064,-31627,-165550
9512,64512,638976,-130152,-8776,2771
9522,9216,135168,-28536,-18540,163213
9532,9216,-338944,78880,-4848,295562
9542,9216,-707584,162400,-1388,343577
9552,6144,-1060864,241744,-1223,393966
9562,9216,-1346560,307168,1167,446195
9572,6144,-1597440,363312,-921,471922
9582,6144,-1751040,399968,-330,505813
9592,6144,-1748992,397648,-206,447515
9602,6144,-1788928,406696,-206,479784
9612,6144,-1785856,406000,-206,486439
9622,6144,-1783808,405536,-206,494660
9632,6144,-1794048,407392,-206,510904
9642,3072,-1803264,409248,-2363,524411
9652,3072,-1837056,416904,-701,565162
9662,3072,-1844224,418528,-275,576438
9672,3072,-1859584,422008,-206,592569
9682,3072,-1850368,419920,-206,596136
9692,3072,-1828864,415048,-206,590532
9702,3072,-1744896,396024,-206,555907
9712,6144,-1571840,357512,1235,498135
9722,6144,-1304576,296960,274,399895
9732,6144,-900096,205320,0,239771
9742,3072,1128448,-254968,-1525,-1102754
9752,0,3142656,-712008,-1470,-1426406
9762,0,1907712,-432216,-454,-127915
9772,0,2049024,-464232,-206,-509028
9782,0,2356224,-533832,-206,-675743
9792,0,2651136,-602272,-206,-775205
9802,0,2880512,-652616,-206,-846892
9812,0,3024896,-685328,-206,-875900
9822,0,3100672,-702496,-206,-868161
9832,0,3129344,-708992,-206,-853195
9842,0,2835456,-642408,-206,-663682
9852,0,2031616,-460288,-206,-243817
9862,0,961536,-217848,-206,113375
9872,-4096,562176,-128296,-3502,-60440
9882,0,-1050624,238032,1345,845834
9892,0,-1174528,266104,274,278633
9902,-4096,-221184,49184,-1168,-438739
9912,0,442368,-100224,1991,-575379
9922,0,948224,-214832,439,-616999
9932,0,1036288,-234784,54,-485465
9942,0,843776,-191168,0,-259000
9952,0,538624,-122032,0,-121214
9962,0,53248,-12064,0,70730
9972,0,-59392,13456,0,-41103
9982,0,3072,-696,0,-166651
9992,0,36864,-8352,0,-167886
10002,0,25600,-5800,0,-145292
10012,0,-64512,24824,0,-46526
10022,0,-154624,35032,0,-66554
10032,0,-290816,65888,0,15845
10042,0,-322560,73080,0,-3998
10052,0,-363520,82360,0,-3451
10062,0,-405504,91640,0,6289
10072,0,-420864,95352,0,22553
10082,0,-440320,99760,0,42846
10092,0,-470016,106488,0,78709
10102,0,-457728,103704,0,90703
10112,0,-422912,95816,0,79722
10122,0,-333824,75632,0,13937
10132,0,-248832,56376,0,-50082
10142,0,-266240,60320,0,6740
10152,0,-295936,67048,0,79750
10162,0,-259072,58696,0,58848
10172,0,-296960,67280,0,99162
10182,0,-358400,81200,0,155600
10192,0,-324608,73544,0,124131
10202,0,-323584,73312,0,150847
10212,0,-270336,61248,0,113299
10222,0,-160768,36424,0,15802
10232,0,-169984,38512,0,28773
10242,0,-164864,37352,0,35014
10252,0,-93184,32248,0,34707
10262,0,-174080,39440,0,92155
10272,0,-108544,24592,0,61199
10282,0,22528,-5104,0,-19084
10292,0,145408,-32944,0,-95154
10302,0,33792,-7656,0,25388
10312,0,-77824,17632,0,121055
10322,0,-111616,25288,0,125680
10333,0,-72704,16472,0,63338
10343,0,-19456,4408,0,-7631
10353,0,-76800,17400,0,26407
10363,0,-187392,42456,0,117769
10373,0,-156672,35496,0,86783
10383,0,-58368,13224,0,16207
10393,0,113664,-25752,0,-114704
10403,0,131072,-29696,0,-97480
10413,0,19456,-4408,0,23814
10423,0,-100352,22736,0,114442
10433,0,-176128,39904,0,134092
10443,0,-131072,29696,0,36371
10453,0,-163840,37120,0,34210
10463,0,-235520,53360,0,100183
10473,0,-257024,58232,0,90455
10483,0,-196608,44544,0,42936
10493,0,-67584,15312,0,-43545
10503,0,9216,-2088,0,-68192
10513,0,-110592,25056,0,82569
10523,0,-90112,20416,0,70054
10533,0,10240,-2320,0,7983
10543,0,27648,-6264,0,-513
10553,-4096,-166912,36888,-2720,171775
10563,-4096,-120832,26448,-824,121284
10573,0,-40960,9280,1153,36030
10583,0,34816,-7888,219,10377
10593,0,-97280,22040,0,75105
10603,0,-113664,25752,0,82586
10613,0,-75776,17168,0,56248
10623,0,64512,-14616,0,-66310
10633,0,-46080,10440,0,44155
10643,0,-53248,12064,0,48626
10653,0,-131072,29696,0,118533
10663,0,-138240,31320,0,64446
10673,0,-67584,15312,0,54208
10683,0,8192,-1856,0,-8771
10693,0,-21504,4872,0,29117
10703,0,9216,-2088,0,15715
10713,0,25600,-5800,0,8154
10723,0,-48128,10904,0,80414
10733,0,-26624,6032,0,51539
10743,0,-16384,3712,0,38033
10753,0,-34816,7888,0,34936
10763,0,-87040,19720,0,57996
10773,0,-114688,25984,0,57665
10783,0,-140288,31784,0,64303
10793,0,-141312,32016,0,61399
10803,0,-98304,22272,0,25645
10813,0,-44032,9976,0,-6554
10823,0,53248,-12064,0,-81995
10833,0,68608,-15544,0,-51725
10843,3072,133120,-29464,2471,-81016
10853,6144,149504,-32480,2389,-64618
10863,6144,147456,-32016,535,-43130
10873,61440,71680,7192,41789,126243
10883,61440,108544,-10672,11412,16516
10893,135168,-33792,38280,32052,187695
10903,153600,116736,8352,13471,25048
10913,269312,52224,49184,66838,182230
10923,269312,151552,26680,17152,55429
10933,358400,199680,33872,71534,110907
10943,358400,243712,25984,19596,61655
10953,394240,290816,23432,18278,68687
10963,394240,363520,6960,4943,19868
10973,394240,361472,7424,1181,46985
10983,394240,417792,-5336,219,4661
10993,394240,330752,14384,0,84543
11003,394240,348160,10440,0,57033
11013,394240,337920,12760,0,54947
11023,398336,296960,22968,1029,82781
11033,398336,279552,26912,192,87582
11043,405504,293888,25288,2485,65144
11053,405504,253952,34336,617,98861
11063,405504,256000,33872,96,85415
11073,405504,223232,41296,0,107360
11083,398336,313344,19256,-5082,48249
11093,394240,261120,30160,-3365,46723
11103,384000,256000,29000,-4285,27961
11113,387072,141312,55680,-481,117251
11123,387072,67584,72384,-206,154392
11133,401408,94208,69600,4833,117992
11143,401408,130048,61480,1167,72634
11153,455680,181248,62176,24664,69461
11163,458752,306176,37352,17825,-23351
11173,471040,279552,43384,4820,17459
11183,471040,295936,39672,1167,32831
11193,471040,344064,28768,247,20959
11203,631808,327680,68904,50180,158148
11213,801792,385024,94424,84580,210323
11223,904192,564224,77024,56565,87641
11233,1062912,661504,90944,113159,173927
11243,1094656,820224,62176,45332,50513
11253,1094656,1042432,11832,11590,-88577
11263,1364992,1082368,62408,160441,179067
11273,1364992,1126400,54056,44055,105288
11283,2527232,1321984,273064,555578,780934
11293,2527232,1673216,193488,143193,202641
11303,2911232,2205696,159848,201365,161517
11313,2911232,2820096,20648,51855,-174591
11323,2879488,3197952,-72152,-4313,-260550
11333,2847744,3381248,-120872,-14585,-226706
11343,2787328,3298304,-115768,-52460,-144928
11353,2726912,3106816,-86072,-49714,-49227
11363,2726912,2918400,-43384,-12909,15877
11373,2472960,2755584,-64032,-194967,-222523
11383,2472960,2544640,-16240,-53710,-16414
11393,2554880,2270208,64496,18484,209890
11403,2756608,2162688,134560,58872,299322
11413,2756608,2211840,123424,16108,186714
11423,2668544,2231296,99064,-30748,134026
11433,2317312,2408448,-20648,-256394,-273396
11443,1971200,2396160,-96280,-243471,-289297
11453,1828864,2148352,-72384,-119861,-13567
11463,1258496,1871872,-138968,-434345,-374364
11473,1258496,1596416,-76560,-112061,-44464
11483,1258496,1172480,19488,-28977,153649
11493,594944,775168,-40832,-175164,-34113
11503,405504,331776,16704,-136217,115267
11513,405504,-7168,93496,-37519,300897
11523,218112,-125952,77952,-133993,75620
11533,147456,-120832,60784,-66413,7941
11543,101376,-172032,61944,-34374,25184
11553,0,-230400,52200,-34195,32159
11563,0,-191488,43384,-8886,4579
11573,-4096,-257024,57304,-3846,55350
11583,-4096,-374784,83984,-1072,159284
11593,-4096,-346112,77488,-385,132575
11603,-34816,-254976,49880,-23278,36301
11613,-74752,-252928,40368,-30900,33173
11623,-90112,-129024,8816,-15477,-65616
11633,-148480,-189440,9280,-34539,-32026
11643,-160768,-331776,38744,-16137,99771
11653,-160768,-395264,53128,-4505,142680
11663,-238592,-473088,53128,-40870,115940
11673,-238592,-371712,26680,-10630,4502
11683,-332800,-468992,30856,-42751,31388
11694,-346112,-489472,32480,-15148,52581
11704,-436224,-568320,29928,-60247,41706
11714,-463872,-653312,42920,-27288,120448
11724,-585728,-624640,8816,-105153,-34671
11734,-606208,-704512,22272,-40938,73979
11744,-606208,-703488,22040,-10644,69557
11754,-832512,-769024,-13224,-101198,-43217
11764,-879616,-807936,-16240,-55385,-25180
11774,-879616,-903168,5336,-14338,39811
11784,-879616,-1127424,56144,-4011,190306
11794,-1579008,-1181696,-90016,-383176,-364020
11804,-1735680,-1395712,-86072,-160882,-96262
11814,-1735680,-1540096,-44312,-44317,41315
11824,-1735680,-1997824,59392,-11509,296431
11834,-1735680,-2310144,130152,-3255,395963
11844,-1735680,-2294784,126672,-921,245657
11854,-1735680,-2206720,106720,-330,128317
11864,-1735680,-2036736,68208,-206,4642
11874,-2243584,-2051072,-43616,-136574,-197115
11884,-2318336,-2108416,-47560,-73581,-118916
11894,-2292736,-2530304,53824,-10190,241400
11904,-2125824,-2802688,153352,115315,486985
11914,-1950720,-2885632,211816,119338,472394
11924,-1950720,-2673664,163792,32752,159235
11934,-1185792,-2490368,295568,263259,486681
11944,-1185792,-1944576,171912,67799,-18653
11954,-580608,-1571840,224576,243045,219683
11964,-497664,-1139712,145464,83482,-1953
11974,-163840,-710656,123888,193867,52341
11984,-163840,-599040,98600,49919,47018
11994,-10240,-420864,93032,114642,149386
12004,-10240,-420864,93032,31462,173871
12014,-10240,-326656,71688,8033,121324
12024,-10240,-369664,67280,672,121727
12034,-10240,-205824,44312,123,35146
12044,-59392,-327680,60784,-17153,140864
12054,-59392,-329728,61248,-4793,157229
12064,-173056,-406528,52896,-55880,154400
12074,-173056,-355328,41296,-14489,139542
12084,-373760,-410624,8352,-137137,12750
12094,-467968,-404480,-14384,-77839,8864
12104,-825344,-538624,-64960,-326899,-248040
12114,-825344,-769024,-12760,-89992,116019
12124,-1482752,-855040,-142216,-319208,-319497
12134,-1681408,-1085440,-135024,-152642,-175263
12144,-1681408,-1705984,5568,-39455,250057
12154,-4256768,-2162688,-474440,-1169536,-1378848
12164,-4638720,-2887680,-396720,-446293,-450851
12174,-6306816,-4359168,-441264,-1152013,-881237
12184,-6241280,-5698560,-122960,-287430,337568
12194,-5860352,-6824960,218544,252767,1028140
12204,-5328896,-7760896,551000,374812,1421889
12214,-5328896,-7300096,446600,103010,511460
12224,-3008512,-6384640,764904,1094993,1473822
12234,-3008512,-4973568,445208,282279,-277
12244,-1298432,-3431424,483256,799255,519456
12254,-1298432,-2089984,179336,206021,-302560
12264,-424960,-1155072,165416,599537,252577
12274,-273408,-522240,56376,218490,-15166
12284,-62464,-251904,42920,226002,172238
12294,-16384,-143360,28768,88920,154258
12304,-16384,-109568,21112,22865,140136
12314,0,-73728,16704,10505,80576
12324,0,-98304,22272,2828,108986
12334,0,-106496,24128,659,81888
12344,0,-242688,54984,123,177724
12354,0,-158720,35960,0,80579
12364,0,-178176,40368,0,99006
12374,0,-20480,4640,0,-33134
12384,0,-117760,26680,0,92251
12394,0,-38912,8816,0,110824
12404,0,-176128,39904,0,177819
12414,0,-102400,23200,0,108576
12424,0,-83968,19024,0,93803
12434,0,-4096,928,0,24030
12444,0,-151552,35264,0,177952
12454,0,-37888,8584,0,58427
12464,0,-27648,6264,0,54526
12474,0,26624,-6032,0,4965
12484,0,-39936,9048,0,84330
12494,0,-22528,5104,0,75536
12504,0,-104448,23664,0,164868
12514,-4096,39936,-9976,-1566,36209
12524,-87040,-25600,-13920,-59134,51602
12534,-197632,-10240,-42456,-72977,608
12544,-241664,-78848,-36888,-34209,75679
12554,-501760,-106496,-89552,-193429,-170301
12564,-501760,-71680,-97440,-49975,-132793
12574,-649216,-370688,-63104,-64243,-2244
12584,-714752,-587776,-28768,-34237,87660
12594,-714752,-874496,36192,-8899,236529
12604,-832512,-877568,10208,-43287,32674
12614,-840704,-900096,13456,-14036,47648
12624,-825344,-952320,28768,3666,82240
12634,-825344,-915456,20416,947,39506
12644,-590848,-1046528,103240,155648,370366
12654,-497664,-792576,66816,81999,97856
12664,-497664,-698368,45472,22467,17085
12674,-235520,-474112,54056,67593,29911
12684,-235520,-309248,16704,17358,-39185
12694,0,-228352,51736,81477,132824
12704,3072,41984,-8816,21656,-71923
12714,3072,92160,-20184,5877,10109
12724,3072,147456,-32712,1441,-47853
12734,76800,-17408,21344,46142,181575
12744,101376,8192,21112,22206,67398
12754,101376,37888,14384,6015,74790
12764,291840,132096,36192,112458,144228
12774,291840,84992,46864,30857,130507
12784,560128,317440,54984,160606,163315
12794,560128,394240,37584,44096,68185
12804,1297408,720896,130616,322434,323771
12814,2726912,992256,393008,1133679,1387999
12824,3353600,1650688,385816,701298,770373
12834,3945472,2653184,292784,430540,215735
12844,7444480,3736576,840072,3121586,3384560
12854,7444480,4944896,566312,804872,740563
12864,7444480,6700032,168664,207463,-458433
12874,9031680,8128512,204624,542065,4302
12884,9031680,9410560,-85840,139718,-552510
12894,9031680,10184704,-261232,38342,-664072
12904,9031680,10201088,-264944,9819,-368250
12914,7836672,9711616,-424792,-650391,-890750
12924,7836672,9230336,-315752,-167789,-282693
12934,6305792,8092672,-404840,-624395,-532127
12944,6305792,7059456,-170752,-161088,136407
12954,4301824,5833728,-347072,-837214,-565156
12964,3945472,4895744,-215296,-318068,-2455
12974,3945472,3903488,9512,-82096,382586
12984,1577984,2948096,-310416,-959313,-757674
12994,1577984,2448384,-197200,-247454,-141991
13004,695296,1136640,-99992,-550374,-21354
13014,584704,751616,-37816,-185766,59841
13025,291840,-78848,83984,-160785,306612
13035,224256,-202752,96744,-81203,165682
13045,224256,-211968,98832,-21012,73273
13055,49152,-264192,70992,-129323,-48369
13065,9216,-121856,29696,-56127,-71921
13075,6144,58368,-11832,-15683,-125065
13085,-4096,-13312,2088,-11371,-3299
13095,-4096,-1024,-696,-3200,2327
13105,-4096,121856,-28536,-907,-108828
13115,-4096,-123904,27144,-330,122795
13125,-4096,-208896,46400,-206,183275
13135,-4096,-45056,9280,-206,-1169
13145,-4096,59392,-14384,-206,-62740
13155,-4096,-32768,6496,-206,-23636
13165,-4096,-133120,29232,-206,63206
13175,-493568,-195584,-67512,-182758,-174815
13185,-493568,-198656,-66816,-47201,-85330
13195,-994304,-375808,-140128,-187166,-265354
13205,-1498112,-761856,-166808,-283860,-288965
13215,-2944000,-1241088,-385816,-724151,-882148
13225,-4396032,-2042880,-533136,-704155,-851258
13235,-7600128,-3574784,-911992,-1955869,-2160337
13245,-8331264,-5571584,-625240,-833561,-399601
13255,-8588288,-7831552,-171448,-313152,666228
13265,-8852480,-9523200,151960,-245051,799623
13275,-8852480,-10408960,352640,-67457,879209
13285,-8675328,-10212352,348232,134555,554041
13295,-7837696,-9552896,388600,555276,683040
13305,-6241280,-8709120,559120,871284,997937
13315,-2848768,-7317504,1012448,2169223,2468844
13325,-2848768,-5174272,526872,559286,-8737
13335,-1139712,-3165184,458896,923098,281380
13345,-897024,-1065984,38280,312121,-746844
13355,-209920,118784,-74472,512869,-311354
13365,-56320,719872,-175856,196998,-397981
13375,-56320,872448,-210424,50729,-375028
13385,-4096,685056,-156136,44302,-158540
13395,-4096,123904,-29000,11357,215995
13405,0,-58368,13224,4298,198876
13415,0,39936,-9048,1029,-50693
13425,144384,-173056,71920,57321,160537
13435,321536,-156672,108344,69831,168557
13445,1436672,-150528,359600,667749,1061350
13455,1436672,378880,239656,172128,217948
13465,3502080,1007616,565152,878356,1139770
13475,3502080,2185216,298352,226400,14695
13485,3502080,3395584,24128,58296,-453022
13495,9308160,4176896,1162552,4395890,5137713
13505,9308160,4682752,1047944,1133473,1857757
13515,15400960,6068224,2114448,2552082,3943046
13525,15400960,8738816,1509392,701889,966728
13535,15400960,12018688,766296,180917,-612044
13545,16284672,14662656,367488,399339,-632748
13555,16284672,16292864,-1856,102914,-768636
13565,10384384,16779264,-1445360,-2995478,-4768137
13575,7599104,16300032,-1971304,-1857088,-3637168
13585,3903488,14154752,-2322552,-3092611,-4466703
13595,3903488,10883072,-1581312,-850727,-817556
13605,3903488,7119872,-728712,-219452,899811
13615,379904,3971072,-813624,-1110924,-255027
13625,379904,1402880,-231768,-305654,926012
13635,107520,-242688,79344,-179943,825693
13645,107520,-1305600,320160,-46500,883206
13655,0,-1113088,252184,-67937,241887
13665,0,-698368,158224,-17592,-51856
13675,0,-225280,51040,-4615,-210430
13685,0,123904,-28072,-1360,-259771
13695,0,273408,-61944,-426,-207302
13705,-62464,221184,-64264,-44372,-156372
13715,-62464,55296,-26680,-11522,4190
13725,-229376,-118784,-25056,-57473,-567
13735,-448512,-240640,-47096,-71068,-54629
13745,-788480,-461824,-74008,-181632,-153234
13755,-1162240,-719872,-100224,-231977,-196035
13765,-1754112,-940032,-184440,-456304,-526641
13775,-2342912,-1329152,-229680,-382778,-452633
13785,-5106688,-2092032,-683008,-2470963,-2799917
13795,-7145472,-2565120,-1037736,-1947025,-2717383
13805,-7145472,-4598784,-576984,-502131,-159051
13815,-11910144,-6790144,-1160000,-2541070,-2552713
13825,-13368320,-9470976,-882992,-1605391,-1040725
13835,-13368320,-12468224,-203928,-414048,974890
13845,-13241344,-14580736,303456,-4986,1565743
13855,-12989440,-15801344,637072,155209,1588105
13865,-12989440,-15407104,547752,39962,615824
13875,-9032704,-14451712,1227744,3407011,4005308
13885,-6926336,-12941312,1362768,2105941,2741961
13895,-6048768,-10524672,1014072,913334,708532
13905,-4165632,-7736320,808984,826652,159630
13915,-1514496,-4890624,764904,1757991,1088095
13925,-1514496,-2455552,213208,453240,-591561
13935,-546816,-794624,56144,903240,41757
13945,-546816,166912,-161704,232841,-462918
13955,-71680,373760,-100920,264468,433
13965,-71680,379904,-102312,68128,-47896
13975,-71680,254976,-61944,17481,32971
13985,-71680,-81920,2320,4737,179341
13995,0,-247808,56144,21697,231656
14005,0,-235520,53360,5891,122553
14015,0,-201728,45704,1441,48018
14025,0,-72704,16472,302,-69885
14035,6144,-109568,26216,3378,-14549
14045,9216,-177152,42224,2018,65048
14055,9216,-202752,48024,453,101614
14065,18432,-299008,71920,5081,199449
14075,18432,-201728,49880,1235,91355
14085,18432,-185344,46168,274,82536
14095,9216,-84992,21344,-4725,-13306
14105,9216,-24576,7656,-1291,-47014
14115,6144,-99328,23896,-1250,28632
14125,3072,-158720,36656,-1964,87789
14135,3072,-211968,48720,-591,145984
14145,3072,-227328,52200,-234,156592
14155,12288,-103424,26216,4559,49678
14165,21504,-31744,12064,4298,-7797
14175,141312,76800,14616,85830,10253
14185,263168,6144,58232,80557,129248
14195,263168,28672,53128,22068,78577
14205,2638848,46080,587424,1580726,2220463
14215,3280896,441344,616888,715841,1159126
14225,3280896,1723392,352872,196806,59779
14235,9122816,3337216,1310800,1706231,2277214
14245,9122816,5727232,769312,469253,68403
14255,11567104,8355840,727552,970848,401642
14265,11909120,10810368,248936,331018,-644372
14275,12025856,12447744,-95584,147038,-820048
14285,11909120,13322240,-320160,-206,-800243
14295,11909120,13149184,-280952,-206,-285052
14305,11909120,12582912,-152656,-206,100039
14315,11909120,12025856,-24824,-206,246533
14325,4944896,11571200,-1501272,-4617623,-5901299
14335,4944896,10845184,-1336784,-1190809,-2134955
14345,2267136,9147392,-1558808,-1180097,-1914289
14355,2267136,6404096,-937280,-324660,86873
14366,527360,3559424,-686952,-866959,-105312
14376,527360,1413120,-200680,-223641,717524
14386,101376,-232448,75632,-326377,689861
14396,101376,-727040,187688,-84224,494628
14406,-4096,-843776,190240,-54026,244235
14416,-4096,-593920,133632,-14942,33459
14426,0,-243712,55216,-2211,-137368
14436,0,-5120,1160,-687,-188020
14446,0,129024,-29232,-261,-167554
14456,0,145408,-32944,-206,-107253
14466,0,96256,-21808,-206,-52959
14476,0,2048,-464,-206,517
14486,0,-111616,25288,-206,50457
14496,-459776,-190464,-61016,-370171,-401610
14506,-649216,-252928,-89784,-199032,-255322
14516,-774144,-466944,-69600,-107557,-77512
14526,-1514496,-878592,-144072,-623557,-554821
14536,-2220032,-1227776,-233392,-546323,-577421
14546,-2220032,-1695744,-118784,-150362,803
14556,-6855680,-2373632,-1015464,-1774279,-2454662
14566,-6855680,-4033536,-639392,-488123,-322763
14576,-10385408,-6032384,-986232,-1522445,-1525392
14586,-10696704,-8488960,-500192,-476285,204926
14596,-10803200,-10843136,9048,-189267,1065565
14606,-10803200,-12135424,301832,-48876,1012492
14616,-10592256,-12667904,470264,136491,1006661
14626,-10283008,-12377088,474440,206405,663065
14636,-10283008,-11561984,289768,53146,29569
14646,-4638720,-10659840,1364160,2602853,3504593
14656,-4638720,-8921088,970224,671127,782599
14666,-1972224,-6773760,1049568,1162010,1061317
14676,-1546240,-4231168,608304,433959,-200611
14686,-550912,-1928192,312040,621606,-207812
14696,-550912,-438272,-25520,170906,-688547
14706,-166912,477184,-145928,170040,-467254
14716,-166912,714752,-199752,43766,-327266
14726,-13312,580608,-134560,68925,-36194
14736,-10240,308224,-72152,18470,56652
14746,0,43008,-9744,10272,113842
14756,0,-211968,48024,2581,149703
14766,0,-366592,83056,604,161828
14776,0,-460800,104400,109,184240
14786,0,-533504,120872,0,227601
14796,0,-474112,107416,0,175724
14806,0,-367616,83288,0,85791
14816,0,-297984,67512,0,35574
14826,0,-319488,73544,0,71501
14836,0,-354304,80272,0,99367
14846,0,-384000,87000,0,126924
14856,0,-437248,90480,0,147073
14866,0,-363520,82360,0,133880
14876,0,-300032,67976,0,99124
14886,0,-234496,53128,0,50246
14896,0,-249856,56608,0,80909
14906,0,-252928,57304,0,100427
14916,0,-294912,66816,0,154377
14926,0,-261120,59160,0,135772
14936,-370688,-226304,-32712,-193731,-166364
14946,-370688,-285696,-19256,-50029,19083
14956,-370688,-381952,2552,-13816,86978
14966,-1408000,-521216,-200912,-320650,-438881
14976,-3247104,-902144,-531280,-1087496,-1470439
14986,-6439936,-1753088,-1061864,-1646604,-2313235
14996,-6439936,-3586048,-646584,-424691,-177341
15006,-17213440,-5509120,-2651760,-6394977,-8035613
15016,-17213440,-7730176,-2148552,-1649131,-2604122
15026,-17213440,-10703872,-1474824,-425350,-256807
15036,-17213440,-13687808,-798776,-117060,889519
15046,-17213440,-15804416,-319232,-30254,1110027
15056,-17213440,-16612352,-136184,-8405,580958
15066,-17213440,-16815104,-90248,-2253,121694
15076,-17213440,-16550912,-150104,-660,-260349
15086,-17213440,-16288768,-209496,-261,-427486
15096,-5559296,-16321536,2438320,6366645,8826535
15106,-5559296,-16364544,2448064,1751124,4237310
15116,-565248,-15453184,3373048,4218846,7184863
15126,-565248,-13128704,2846408,1087825,2715406
15136,12288,-9784320,2219544,527632,851665
15146,55296,-5805056,1327736,147518,-810083
15156,165888,-3063808,731728,100923,-1093764
15166,205824,-1483776,382800,40759,-761407
15176,205824,-1033216,280720,10450,-159118
15186,1208320,-1078272,518056,550442,1049435
15196,1208320,-949248,488824,141860,677968
15206,6998016,-342016,1662976,2642184,3994019
15216,8162304,1386496,1535144,1277572,2072311
15226,8162304,4233216,890184,329370,-140112
15236,12988416,7110656,1331680,1386872,1052416
15246,15115264,10249216,1102464,1446844,754291
15256,15115264,12891136,503904,373013,-742670
15266,15115264,14949376,37584,102516,-1054522
15276,14558208,15945728,-314360,-241109,-1152832
15286,14285824,15886336,-362616,-167432,-569085
15296,12142592,15050752,-658880,-582976,-832811
15306,12142592,13281280,-257984,-150403,580245
15316,11233280,12192768,-217384,-357647,326040
15326,11124736,11160576,-8120,-119655,507806
15336,11124736,10723328,90944,-30927,400496
15346,10080256,10697728,-139896,-371764,-417719
15356,9308160,10565632,-284896,-607860,-803791
15366,9122816,10252288,-255896,-256257,-325577
15376,9122816,9828352,-159848,-66166,-432
15386,7756800,9495552,-393936,-866218,-1105927
15396,7756800,8862720,-250560,-238335,-194305
15406,7756800,8326144,-128992,-61538,82921
15416,4789248,7897088,-704120,-764306,-1086799
15426,4789248,6420480,-369576,-197164,86712
15436,1888256,5178368,-745416,-1279537,-1340796
15446,1888256,3795968,-432216,-352030,-109282
15456,831488,2139136,-296264,-566565,-153133
15466,831488,802816,6496,-146187,506962
15476,993280,150528,190936,60273,642956
15486,1073152,-125952,271672,51416,494682
15496,1466368,-58368,345448,329603,640711
15506,1545216,530432,229912,139595,141554
15516,1545216,1259520,64728,35911,-278321
15526,1545216,1957888,-93496,1084,-545766
15536,1545216,2167808,-141056,205,-349037
15546,1545216,2255872,-182352,0,-307374
15556,1545216,2394112,-192328,0,-277752
15566,1545216,2126848,-131776,0,-72180
15576,1545216,2027520,-109272,0,-61146
15586,3819520,1941504,425488,1830047,2284777
15596,3819520,2127872,383264,471835,746693
15606,3819520,2866176,204160,121591,-16924
15616,4443136,3948544,112056,162185,-220872
15626,4443136,5049344,-137344,41748,-677181
15636,3107840,5399552,-519216,-552105,-1355107
15646,3107840,5254144,-486272,-142438,-652801
15656,1908736,4085760,-492304,-691906,-750424
15666,1392640,2875392,-335936,-394574,-121141
15676,1197056,1517568,-72616,-249363,346473
15686,1197056,587776,138040,-68638,592928
15697,1197056,427008,174464,-17771,267344
15707,1173504,347136,187224,-11001,230717
15717,1173504,912384,59160,-3090,-157722
15727,1173504,1038336,30624,-866,-39503
15737,1173504,1521664,-78880,-330,-296538
15747,545792,1201152,-148480,-343104,-379783
15757,545792,1238016,-149408,-88550,-210318
15767,358400,468992,-25056,-165812,119385
15777,324608,0,73544,-60137,318512
15787,324608,-314368,144768,-15587,495352
15797,281600,-416768,158224,-20394,220107
15807,199680,-324608,118784,-47297,65771
15817,156672,-220160,85376,-27205,52767
15827,156672,-27648,41760,-7540,-18767
15837,9216,52224,-9744,-72812,-120306
15847,9216,-295936,46400,-18842,125569
15857,9216,-204800,48488,-5260,78409
15867,0,-386048,87464,-5851,176621
15877,0,-366592,83056,-1662,121134
15887,-50176,-384000,75632,-27041,117413
15897,-50176,-248832,45008,-7032,15948
15907,-232448,-329728,22040,-65369,11320
15917,-325632,-520192,44080,-78731,105905
15927,-328704,-557056,51736,-21753,104105
15937,-328704,-704512,85144,-6057,168587
15947,-328704,-592896,59856,-55,24275
15957,-328704,-543744,48720,-55,16473
15967,-328704,-436224,24360,-55,-47921
15977,-325632,-526336,59856,645,137145
15987,-325632,-409600,19024,123,-15760
15997,-306176,-510976,46400,6289,119363
16007,-306176,-326656,4640,1661,-22920
16017,-299008,-325632,6032,3584,-7110
16027,-306176,-649216,77720,-1360,272650
16037,-306176,-541696,53360,-454,106180
16047,-306176,-779264,107184,-206,277096
16057,-309248,-735232,96512,-1154,186818
16067,-309248,-621568,70760,-385,64589
16077,-319488,-717824,90248,-4505,216545
16087,-319488,-516096,44544,-1305,59343
16097,-319488,-613376,66584,-412,124727
16107,-319488,-787456,106024,-206,258732
16117,-309248,-709632,90712,6372,147673
16127,-309248,-762880,102776,1565,171980
16137,-309248,-676864,83288,357,114323
16147,-302080,-546816,55448,2197,45208
16157,-302080,-651264,79112,494,184244
16167,-302080,-499712,44776,68,60540
16177,-325632,-592896,60552,-6812,116580
16187,-356352,-867328,115768,-19858,335862
16197,-395264,-572416,40136,-21630,47383
16207,-417792,-547840,29464,-12113,62704
16217,-417792,-446464,6496,-3393,35678
16227,-666624,-384000,-64032,-99399,-132661
16237,-666624,-624640,-9512,-25709,149529
16247,-1529856,-731136,-180960,-478743,-490076
16257,-1529856,-1031168,-112984,-123528,-31396
16267,-1930240,-1631232,-67744,-356218,-67323
16277,-1930240,-1982464,11832,-91929,183172
16287,-1930240,-2409472,108576,-23772,370229
16297,-1993728,-2496512,113912,-54493,219855
16307,-1993728,-2540544,123888,-14118,233204
16317,-1993728,-2338816,78184,-3708,71709
16327,-2368512,-2250752,-26680,-101775,-153040
16337,-2368512,-2321408,-10672,-26326,-822
16347,-3041280,-2397184,-145928,-256408,-385911
16357,-3142656,-2840576,-68440,-91736,150009
16367,-3281920,-3363840,18560,-96625,221809
16377,-3281920,-3660800,85840,-24994,301506
16387,-3281920,-3855360,129920,-6963,194134
16397,-3281920,-3848192,128296,-1882,159002
16407,-3281920,-3877888,135024,-564,145668
16417,-3281920,-3841024,126672,-220,139684
16427,-3281920,-3698688,94424,-206,57642
16437,-3281920,-3731456,101848,-206,63326
16447,-3317760,-3513344,44312,-23951,-42653
16457,-3317760,-3553280,53360,-6235,34685
16467,-3317760,-3579904,59392,-1772,72245
16477,-3281920,-3666944,87232,7937,162631
16487,-3176448,-3582976,92104,52761,163561
16497,-2975744,-3552256,130616,83317,233298
16507,-2243584,-3487744,281880,476504,801767
16517,-2015232,-3128320,252184,240628,394348
16527,-2015232,-2717696,159152,61976,81647
16537,-781312,-2205696,322712,782885,945069
16547,-781312,-1633280,193024,215263,168400
16557,-335872,-1064960,165184,279684,215252
16567,-292864,-505856,48256,98780,-47725
16577,-292864,-121856,-38744,27108,-131214
16587,0,24576,-5568,98670,117964
16597,0,215040,-48720,25364,-18235
16607,9216,195584,-42224,11027,30368
16617,12288,153600,-32016,3707,54332
16627,12288,140288,-29000,947,34794
16637,178176,-87040,60088,70175,310807
16647,358400,-64512,95816,163023,387147
16657,432128,-87040,117624,87739,349618
16667,432128,103424,74472,22549,148727
16677,713728,159744,120640,132412,334734
16687,746496,458752,65192,55439,111485
16697,746496,636928,24824,14227,44595
16707,1042432,878592,37120,132618,84942
16717,1042432,971776,16008,34140,67700
16727,1350656,1173504,40136,130682,158185
16737,1497088,1223680,61944,77838,199616
16747,1497088,1468416,6496,19995,41497
16757,2219008,1539072,149640,272831,498972
16767,2611200,1870848,167736,370802,547721
16777,2668544,2273280,89552,126878,165055
16787,2668544,2646016,5104,34812,1147
16797,2668544,3019776,-79576,8885,-121469
16807,3007488,3102720,-8352,175808,274050
16817,3464192,3174400,65656,228955,390389
16827,4075520,3289088,178176,280206,562550
16837,4075520,3764224,70528,77014,127305
16847,4738048,4268032,106488,265525,269896
16857,3578880,4645888,-241744,-366944,-673578
16867,3578880,4743168,-263784,-101006,-347726
16877,2057216,4267008,-500656,-590529,-884923
16887,1848320,3275776,-323408,-218615,-55821
16897,1310720,2137088,-187224,-331801,66916
16907,863232,1296384,-98136,-241233,58689
16917,594944,368640,51272,-138483,377428
16927,269312,8192,59160,-202575,111464
16937,215040,-115712,74936,-75916,114391
16947,3072,-54272,12992,-169561,-188533
16958,-4096,-145408,32016,-47242,3752
16968,-4096,-83968,18096,-13074,-16571
16978,-4096,-192512,42688,-3461,80061
16988,-4096,-211968,47096,-976,82457
16998,-4096,-325632,72848,-358,172647
17008,-203776,-133120,-16008,-73183,-139962
17018,-203776,-197632,-1392,-20202,-27792
17028,-565248,-272384,-66352,-130985,-180252
17038,-621568,-526336,-21576,-47159,69600
17048,-1095680,-700416,-89552,-240711,-187160
17058,-1095680,-842752,-57304,-62156,-46920
17068,-1095680,-1301504,46632,-16109,228497
17078,-2103296,-1585152,-117392,-488315,-393308
17088,-2103296,-1681408,-95584,-126014,-127010
17098,-2975744,-2192384,-177480,-574860,-532604
17108,-2975744,-2756608,-49648,-158204,123197
17118,-3820544,-2975744,-191400,-485239,-552826
17128,-3820544,-3659776,232,-125203,233483
17138,-3820544,-4268032,101384,-34511,373367
17148,-3820544,-4460544,145000,-8982,302097
17158,-2912256,-4576256,377000,526876,1026241
17168,-2912256,-4187136,288840,144827,327923
17178,-2912256,-3588096,153120,37271,-65133
17188,-708608,-3089408,539400,1379924,1665112
17198,-708608,-2400256,383264,355751,416656
17208,-166912,-1301504,257056,332954,64546
17218,-166912,-240640,16704,85775,-451912
17228,-10240,430080,-99760,88165,-412552
17238,0,606208,-137344,32395,-273155
17248,0,428032,-96976,8280,-37547
17258,0,116736,-26448,2197,161914
17268,82944,6144,17400,67236,187868
17278,132096,-147456,63336,44123,184948
17288,132096,-167936,67976,12057,101651
17298,348160,2048,78416,92504,82414
17308,348160,89088,58696,25378,-3826
17318,348160,157696,43152,6454,23224
17328,369664,272384,22040,7745,12538
17338,369664,307200,14152,2059,43799
17348,369664,345088,5568,453,23544
17358,369664,243712,28536,41,103272
17368,387072,188416,45008,9475,129520
17378,394240,381952,2784,5204,-79567
17388,780288,284672,112288,292579,384480
17398,1284096,299008,223184,350587,551324
17408,1284096,476160,183048,90321,221681
17418,2726912,1034240,383496,438148,593516
17428,4032512,1861632,491840,781594,910789
17438,6925312,3028992,882760,1274441,1637200
17448,8762368,4860928,883920,1135423,1162355
17458,8762368,7393280,310184,292716,-572690
17468,12619776,9361408,738224,1511183,1177361
17478,14017536,11567104,555176,765060,189191
17488,14695424,13765632,210656,544400,-349810
17498,14420992,15365120,-213904,47886,-1065970
17508,10908672,15936512,-1139120,-2471718,-4011866
17518,8162304,15580160,-1680608,-1956144,-3489173
17528,8162304,13681664,-1250480,-538125,-964878
17538,2911232,10585088,-1738608,-2032993,-2277963
17548,2911232,7244800,-981824,-559273,219192
17558,1073152,3607552,-574200,-783422,500245
17568,584704,925696,-77256,-325086,1101587
17578,202752,-649216,193024,-272887,923878
17588,89088,-1175552,286520,-109987,634565
17598,89088,-1010688,249168,-28428,273718
17608,-7168,-539648,120640,-54122,-26354
17618,-7168,-131072,28072,-14022,-165379
17628,0,146432,-33176,755,-145608
17638,0,155648,-35264,151,-11212
17648,-7168,148480,-35264,-6153,16093
17658,-7168,184320,-40136,-1662,-37599
17668,-7168,15360,-5104,-536,35499
17678,-108544,-89088,-4408,-33275,-3693
17688,-289792,-185344,-23664,-121894,-99231
17698,-343040,-339968,-696,-55481,39390
17708,-795648,-349184,-101152,-402869,-475955
17718,-1221632,-507904,-161704,-375678,-475169
17728,-1221632,-783360,-99296,-96955,-76072
17738,-4302848,-1178624,-707832,-2504430,-3035415
17748,-4302848,-1779712,-571648,-688939,-933855
17758,-11456512,-3048448,-1904952,-3196692,-4478011
17768,-13755392,-5192704,-1939984,-1483072,-2332775
17778,-17213440,-8394752,-1997984,-2423131,-2758027
17788,-17213440,-12101632,-1158144,-624944,102606
17798,-17213440,-15765504,-328048,-171978,1454439
17808,-17213440,-18183168,219704,-44426,1563739
17818,-17213440,-19191808,448224,-11536,1200308
17828,-17213440,-18830336,366328,-3255,433056
17838,-17213440,-18131968,208104,-921,-35593
17848,-17213440,-17384448,38744,-344,-302778
17858,-17213440,-17070080,-32480,-206,-179324
17868,-17213440,-16927744,-64728,-206,-102786
17878,-17055744,-16889856,-37584,62237,-21796
17888,-17055744,-17139712,19024,15957,94029
17898,-4999168,-17285120,2783536,6590698,9409553
17908,-4999168,-17293312,2785392,1812757,4578004
17918,-1013760,-16466944,3501112,1983100,5098782
17928,-322560,-14091264,3119472,923002,2954588
17938,-114688,-10308608,2309560,320182,885680
17948,0,-6529024,1479232,174490,-257682
17958,0,-3384320,766760,44906,-770623
17968,0,-1525760,345680,11521,-585284
17978,0,-699392,158456,3089,-233427
17988,0,-449536,101848,714,79932
17998,39936,-562176,136416,14927,363975
18008,243712,-395264,144768,157749,429398
18018,387072,-234496,140824,114051,353566
18028,816128,172032,145928,190447,337866
18038,816128,779264,8352,49040,-48030
18048,3175424,1310720,422472,1220924,1552645
18058,3861504,2073600,405072,590213,828902
18068,11455488,3496960,1803104,5522758,6909093
18078,14017536,5048320,2032088,2831217,4136719
18088,14017536,7685120,1434688,730000,1103906
18098,16135168,11053056,1151416,721444,454346
18108,16135168,14397440,393704,198371,-926916
18118,16284672,16914432,-142680,103051,-1160647
18128,16284672,18205696,-435232,28262,-1042528
18138,16284672,18291712,-454720,7209,-497203
18148,16284672,17575936,-292552,1799,116632
18158,14973952,16768000,-406464,-329659,-187409
18168,14973952,16075776,-249632,-85076,76832
18178,7599104,15014912,-1680144,-2587926,-3753615
18188,3737600,13477888,-2206784,-3227688,-4590848
18198,3737600,10570752,-1548136,-832407,-784298
18208,1022976,7182336,-1395480,-2544722,-1924604
18218,589824,4494336,-884616,-987204,69418
18228,589824,2459648,-423632,-254650,812305
18238,252928,1343488,-247080,-205005,472623
18248,252928,948224,-157528,-56456,187239
18258,208896,1020928,-183976,-34456,-218490
18268,208896,1190912,-222488,76286,-272874
18278,308224,1148928,-190472,20915,-267825
18288,308224,1092608,-177712,5328,-250072
18298,308224,997376,-156136,1290,-253410
18308,294912,491520,-44544,-7993,53070
18318,294912,307200,-2784,-2129,61948
18328,288768,451584,-36888,-2541,-44269
18338,288768,92160,44544,-742,64303
18348,288768,302080,-3016,-275,-189485
18358,432128,211968,49880,81999,-7486
18368,455680,93184,82128,34785,61201
18378,455680,226304,51968,8871,-70042
18388,726016,279552,101152,132000,96853
18398,726016,329728,89784,33988,8824
18408,1042432,345088,126440,133882,106621
18418,1513472,631808,199752,415763,462809
18428,1513472,822272,156600,107116,127859
18438,1528832,1103872,96280,35472,-15676
18448,1528832,1498112,6960,9063,-196520
18459,1528832,1511424,3944,2265,-48733
18469,1161216,1571840,-93032,-135833,-257542
18479,766976,1371136,-136880,-334836,-388580
18489,701440,1102848,-90944,-120012,-96543
18499,701440,674816,6032,-31037,164828
18509,579584,502784,17400,-41337,77186
18519,475136,245760,51968,-64229,115674
18529,475136,343040,29928,-17757,7169
18539,401408,416768,-3480,-56786,-108866
18549,401408,402432,-232,-14708,-23197
18559,311296,606208,-66816,-37533,-222756
18569,234496,220160,3248,-29101,120248
18579,147456,356352,-47328,-52639,-119938
18589,101376,113664,-2784,-29677,56067
18599,101376,147456,-10440,-7732,-30232
18609,101376,87040,3248,-2198,-13380
18619,0,-188416,42688,-35898,142449
18629,-4096,31744,-8120,-12855,-139646
18639,-4096,-194560,43152,-3393,114277
18649,-4096,-67584,14384,-962,-38353
18659,0,-7168,1624,700,-68780
18669,0,-217088,49184,123,141271
18679,0,-146432,33176,0,71528
18689,0,-39936,9048,0,-17493
18699,0,-265216,60088,0,172711
18709,0,-65536,14848,0,-31184
18719,0,-263168,59624,0,142892
18729,0,-203776,46168,0,55133
18739,0,-117760,26680,0,-34218
18749,-4096,-202752,45008,-2555,75722
18759,0,-177152,40136,1071,88224
18769,0,219136,-49648,205,-221327
18779,0,-99328,22504,0,129625
18789,0,44032,-9976,0,-7664
18799,0,29696,-6728,0,-6336
18809,0,83968,-19024,0,-84744
18819,0,-238592,54056,0,194669
18829,0,144384,-41064,0,-216349
18839,0,-81920,18560,0,52975
18849,0,-3072,696,0,-23671
18859,0,-88064,19952,0,45798
18869,0,111616,-25288,0,-136689
18879,0,-237568,53824,0,182017
18889,0,113664,-25752,0,-164069
18899,0,-158720,35960,0,92658
18909,0,-91136,20648,0,-5836
18919,0,-19456,4408,0,-76880
18929,0,-288768,65424,0,176651
18939,0,-64512,14616,0,-30828
18949,0,-168960,38280,0,75069
18959,0,-146432,33176,0,32958
18969,6144,-191488,44776,2348,106226
18979,12288,-52224,14616,2334,-28086
18989,64512,-232448,67280,29058,168870
18999,86016,-258048,77952,16438,270732
19009,107520,-150528,58464,20379,90597
19019,119808,-178176,67512,11466,125477
19029,122880,-207872,78416,4023,187910
19039,122880,-39936,36888,1029,33913
19049,122880,-1024,28072,192,315
19059,122880,-139264,59392,0,145059
19069,119808,55296,14616,-2184,-37800
19079,119808,108544,2552,-646,-85175
19089,119808,-24576,32712,-261,70147
19099,122880,102400,4640,1977,-24177
19109,122880,-44032,37816,480,165349
19119,141312,208896,-15312,6866,-72343
19129,141312,129024,2784,1675,8699
19139,141312,182272,-9280,384,-39975
19149,172032,-65536,53824,10711,214165
19159,172032,258048,-19488,2883,-96992
19169,168960,75776,21112,-824,103464
19179,168960,148480,4640,-303,30734
19189,162816,376832,-48488,-1717,-171083
19199,159744,-49152,47328,-2006,232218
19209,159744,142336,11832,-591,64550
19219,162816,215040,-11832,535,-67871
19229,162816,39936,27840,68,115305
19239,342016,308224,7656,62251,-23134
19249,443392,356352,19720,39921,-34427
19259,443392,301056,32248,10203,68718
19269,2942976,542720,543808,871916,1364859
19279,6782976,1511424,1194336,2611656,3369329
19289,7368704,3112960,964192,937051,1009361
19299,8674304,5707776,672104,683280,107459
19309,10487808,8294400,496944,1303349,527932
19319,10487808,10308608,40600,358428,-712796
19329,10591232,11469824,-199056,181095,-710156
19339,10591232,11706368,-252648,46636,-453239
19349,10591232,11149312,-126440,12757,73571
19359,7144448,10631168,-789960,-1388645,-1900824
19369,7144448,9150464,-454488,-358182,-181344
19379,4944896,7335936,-541720,-1088718,-762261
19389,3353600,5368832,-456576,-767162,-211858
19399,3353600,3548160,-44080,-211103,736139
19409,1138688,2214912,-243832,-989237,-536374
19419,419840,1035264,-139432,-833616,-360697
19429,342016,224256,26680,-274714,241524
19439,342016,-332800,152888,-70917,426081
19449,342016,-492544,189080,-19570,309107
19459,342016,-333824,153120,-5109,118563
19469,107520,-139264,57768,-94153,-82855
19479,107520,52224,12528,-25983,-52750
19489,98304,290816,-43616,-12154,-160806
19499,89088,160768,-16240,-6867,-33021
19509,89088,-37888,28768,-1964,114137
19519,9216,-4096,3016,-44234,-56825
19529,9216,-81920,20648,-11495,30439
19539,-4096,-363520,81432,-7032,261951
19549,-4096,-19456,3480,-1882,-86337
19559,0,-284672,64496,961,157668
19569,0,-212992,48256,192,69911
19579,0,-184320,41760,0,42479
19589,0,-120832,37352,0,35517
19599,0,-172032,38976,0,51807
19609,0,-193536,43848,0,81195
19619,0,-12288,2784,0,-89955
19629,0,-226304,51272,0,135140
19639,0,-229376,51968,0,112930
19649,0,-50176,11368,0,-61420
19659,0,-222208,50344,0,112872
19669,-10240,-424960,93960,-5274,277302
19679,-28672,-163840,30624,-8281,15018
19689,-257024,-181248,-17168,-153631,-165779
19700,-257024,-199680,-12992,-42325,-44600
19710,-257024,-462848,46632,-11001,180504
19720,-666624,-486400,-40832,-113118,-88478
19730,-1646592,-667648,-221792,-499782,-646651
19740,-2196480,-1304576,-202072,-320170,-246954
19750,-11795456,-2149376,-2185440,-4754966,-6480619
19760,-11795456,-4436992,-1667152,-1226240,-1821654
19770,-17213440,-8048640,-2076400,-2221340,-2469558
19780,-17213440,-12395520,-1091560,-572869,592838
19790,-17213440,-16327680,-200680,-147794,1713862
19800,-17213440,-18802688,360064,-40760,1819861
19810,-17213440,-19596288,539864,-10589,1184683
19820,-17213440,-19076096,422008,-2816,377981
19830,-17213440,-18076672,195576,-852,-187966
19840,-8675328,-17292288,1952280,5306835,6927689
19850,-5860352,-16454656,2400272,2811250,4788322
19860,-5860352,-14461952,1948800,724836,1747856
19870,-1185792,-11233280,2276384,1423045,2154260
19880,-463872,-7392256,1569712,716308,334614
19890,-463872,-3634176,718272,184625,-980048
19900,-4096,-1087488,245456,333311,-781714
19910,-4096,24576,-6496,91612,-615005
19920,-4096,214016,-49416,23551,-189735
19930,-4096,-124928,27376,6385,193497
19940,0,-680960,154280,3405,538732
19950,0,-742400,168200,810,389985
19960,0,-745472,168896,164,339405
19970,0,-563200,127600,0,245991
19980,9216,-291840,68208,2952,130776
19990,9216,5120,928,700,7375
20000,138240,154624,-3712,54560,85700
20010,172032,223232,-11600,25282,84240
20020,259072,88064,38744,57156,307049
20030,259072,210944,10904,14653,176444
20040,246784,400384,-34800,-5562,24024
20050,246784,489472,-54984,-1621,-11168
20060,193536,404480,-47792,-21561,80378
20070,190464,502784,-70760,-6469,38243
20080,162816,448512,-64728,-16988,37872
20090,165888,282624,-26448,-3255,168595
20100,172032,412672,-54520,3666,11596
20110,175104,234496,-13456,2540,145111
20120,175104,139264,8120,576,197483
20130,178176,326656,-33640,2416,6119
20140,178176,226304,-10904,563,108930
20150,172032,159744,2784,-2225,213713
20160,172032,288768,-26448,-701,30847
20170,172032,277504,-23896,-261,45273
20180,172032,208896,-8352,-206,109555
20190,172032,184320,-2784,-206,67717
20200,291840,320512,-6496,57362,83002
20210,291840,271360,4640,14721,91443
20220,726016,358400,83288,113323,248083
20230,726016,588800,31088,29141,49770
20240,10591232,855040,2205856,3223443,5380692
20250,14973952,1572864,3036184,1990255,4737129
20260,14973952,3445760,2611856,513143,2328172
20270,16135168,6530048,2166880,639115,1391642
20280,16284672,10450944,1321704,175726,-245454
20290,16284672,13754368,573272,45249,-923168
20300,16135168,15581184,125512,-39606,-832356
20310,16135168,16239616,-23664,-10300,-281803
20320,6305792,16271360,-2240888,-4427395,-6681499
20330,4075520,15267840,-2535760,-1944910,-4096714
20340,1042432,13168640,-2747344,-1536246,-3243027
20350,1042432,9657344,-1951816,-396222,-597993
20360,240640,5638144,-1222872,-797251,-32277
20370,240640,2583552,-530816,-205665,861450
20380,58368,841728,-177480,-138689,651719
20390,3072,-124928,29000,-64628,466558
20400,3072,-71680,16936,-16741,-26934
20410,3072,51200,-10904,-4683,-164092
20420,0,289792,-65656,-3763,-310014
20430,-4096,234496,-54056,-3420,-201473
20440,-4096,-87040,18792,-1030,42413
20450,-4096,-128000,28072,-358,-61746
20460,-4096,-449536,100920,-206,108661
20470,-4096,-536576,120640,-206,61741
20480,-4096,-519168,116696,-206,7632
20490,-4096,-719872,162168,-206,202358
20500,-4096,-501760,112752,-206,13408
20510,-4096,-432128,96976,-2060,351
20520,-4096,-491520,110432,-646,110589
20530,-4096,-525312,118088,-248,177047
20540,0,-192512,43616,3089,-102596
20550,0,-390144,88392,714,119658
20560,-4096,-448512,100688,-1525,186665
20570,0,-354304,80272,672,110616
20580,0,-150528,34104,109,-45413
20590,-10240,-329728,78184,-3846,163572
20600,-185344,-387072,45704,-133237,33314
20610,-244736,-143360,-22968,-64847,-151373
20620,-524288,-254976,-61016,-128513,-186715
20630,-913408,-628736,-64496,-326761,-203968
20640,-1792000,-640000,-261000,-534334,-723643
20650,-2528256,-1154048,-311344,-420118,-499977
20660,-3989504,-1993728,-452168,-959478,-1044420
20670,-3503104,-3230720,-61712,1744,561771
20680,-3503104,-4190208,155672,384,707148
20690,-1366016,-4400128,687416,853431,1712137
20700,-1366016,-3803136,552160,234654,555844
20710,-616448,-2471936,420384,338447,198974
20720,-616448,-1088512,106952,93026,-487983
20730,-309248,-151552,-35728,181260,-346674
20740,-309248,274432,-121336,46664,-289507
20750,-216064,291840,-115072,37792,-132994
20760,-216064,31744,-56144,9667,65802
20770,-216064,-174080,-9512,2581,179457
20780,-276480,-464896,42688,-31875,170895
20790,-276480,-591872,71456,-8295,168262
20800,-276480,-649216,84448,-2363,124717
20810,-380928,-697344,71688,-69942,29555
20820,-380928,-713728,75400,-18128,86985
20830,-380928,-700416,72384,-5082,94114
20840,-370688,-697344,74008,5397,101071
20850,-370688,-688128,71920,1414,84922
20860,-370688,-687104,71688,302,88743
20870,-315392,-714752,90480,17001,157396
20880,-289792,-678912,88160,16891,145608
20890,-264192,-577536,70992,12620,86118
20900,-264192,-435200,38744,3186,-4086
20910,-264192,-377856,25752,810,-26468
20920,-238592,-380928,32248,8486,30920
20930,-238592,-432128,43848,2265,99279
20940,-235520,-499712,59856,1908,184195
20950,-232448,-441344,47328,1345,124731
20960,-232448,-409600,40136,302,109613
20970,-232448,-372736,31784,0,90758
20980,-238592,-364544,28536,-3708,88655
20990,-238592,-401408,36888,-1030,128043
21000,-238592,-475136,53592,-371,160278
21010,-238592,-467968,51968,-206,180368
21020,-238592,-408576,38512,-206,114022
21030,-235520,-351232,26216,1235,62744
21040,-197632,-318464,27376,32766,81442
21051,-197632,-324608,28768,8363,77778
21061,-197632,-249856,11832,2197,19859
21071,-197632,-250880,12064,494,30497
21081,-34816,-211968,40136,94949,134377
21091,-34816,-207872,39208,26065,57937
21101,-40960,-172032,29696,4888,20975
21111,-47104,-126976,18096,-2170,2894
21121,-47104,-70656,5336,-673,1036
21131,-47104,-44032,-696,-248,15388
21141,-47104,-39936,-1624,-206,32330
21151,-50176,-90112,9048,-1374,87782
21161,-50176,-105472,12528,-426,111104
21171,-50176,-141312,20648,-206,147892
21181,-53248,-182272,29232,-1374,166125
21191,-13312,-205824,43616,29690,190450
21201,-10240,-237568,51504,9146,173521
21211,-10240,-246784,53592,2444,178562
21221,-10240,-224256,48488,563,160352
21231,-10240,-124928,25984,82,99197
21241,-7168,-128000,27376,1084,128115
21251,-10240,-129024,26912,-564,141169
21261,-10240,-2048,-1856,-206,21301
21271,-10240,-82944,16472,-206,96933
21281,-47104,-114688,15312,-24637,84782
21291,-56320,-111616,12528,-11564,89990
21301,-59392,-95232,8120,-4120,76189
21311,-56320,10240,-15080,892,-30095
21321,-56320,-46080,-2320,164,15108
21331,-50176,-219136,38280,2114,167807
21341,-50176,-99328,11136,480,28418
21351,-47104,-104448,12992,1441,27606
21361,-47104,-257024,47560,329,164651
21371,-44032,-205824,36656,741,108684
21381,-44032,-168960,28304,137,80424
21391,0,-276480,62640,37792,226660
21401,0,-103424,23432,9667,38340
21411,0,-96256,21808,2581,37606
21421,0,-27648,6264,604,37104
21431,0,79872,-18096,96,-25292
21441,0,189440,-42920,0,-56799
21451,0,-10240,2320,0,147541
21461,0,141312,-32016,0,-6450
21471,0,-1024,232,0,99476
21481,0,-125952,28536,0,180562
21491,0,-120832,27376,0,148320
21501,0,-62464,14152,0,90087
21511,0,-19456,4408,0,42701
21521,0,7168,-1624,0,19713
21531,0,-151552,34336,0,167923
21541,-4096,-59392,12528,-1236,66569
21551,-4096,-93184,20184,-399,51277
21561,-4096,72704,-17400,-206,-69110
21571,-4096,12288,-3712,-206,3656
21581,-4096,-19456,3480,-206,33370
21591,-4096,-115712,25288,-206,134824
21601,-4096,-224256,49880,-206,227642
21611,0,-147456,33408,2059,149414
21621,0,-128000,29000,453,124077
21631,0,-86016,19488,54,75814
21641,0,75776,-17168,0,-76207
21651,0,-24576,5568,0,23601
21661,6144,-23552,6728,1455,31047
21671,369664,-144384,116464,186520,422716
21681,458752,-90112,124352,81092,303177
21691,458752,109568,79112,20819,147779
21701,6372352,283648,1379472,3034410,4449620
21711,7070720,1162240,1338640,1025244,2061688
21721,10080256,3123200,1576208,2410331,2991155
21731,10080256,5875712,952592,621469,287099
21741,10080256,8688640,315288,160194,-891896
21751,10487808,10689536,-45704,146626,-982526
21761,8080384,11602944,-798080,-1118189,-2488682
21771,6782976,11226112,-998064,-711352,-1666964
21781,3988480,9234432,-1188536,-2048552,-2363306
21791,3988480,6777856,-631968,-528333,134659
21801,3988480,4337664,-79112,-145405,-2076792
21811,555008,2268160,-388136,-1039650,-259881
21821,555008,447488,24360,-268177,772983
21831,199680,-614400,184440,-185051,614771
21841,199680,-1304576,340808,-50963,725227
21851,199680,-1205248,318304,-13225,397908
21861,199680,-903168,249864,-178391,-86961
21871,-4096,-400384,89784,-49123,-100611
21881,0,-249856,56608,-11014,42787
21891,-4096,-120832,26448,-4436,71762
21901,-7168,-148480,32016,-3022,139280
21911,-7168,-211968,46400,-921,168028
21921,-13312,-75776,14152,-5604,-30149
21931,-16384,-136192,45936,-3296,59976
21941,-16384,-247808,52432,-976,49255
21951,-130048,-314368,41760,-51938,29283
21961,-130048,-422912,66352,-13459,162708
21971,-130048,-398336,60784,-3777,141898
21981,-660480,-477184,-41528,-153040,-79620
21991,-1717248,-562176,-261696,-657972,-834171
22001,-2220032,-932864,-291624,-381913,-520967
22011,-9402368,-1794048,-1723760,-5516717,-6875902
22021,-9402368,-2927616,-1466936,-1517487,-2369620
22031,-9402368,-5085184,-978112,-391388,-289518
22041,-9402368,-7703552,-384888,-101006,837627
22051,-9402368,-9450496,10904,-27851,978593
22061,-9402368,-10598400,270976,-7265,940189
22071,-17213440,-10491904,-1527488,-2100106,-3535889
22081,-14835712,-11410432,-776040,721266,310123
22091,-13368320,-13068288,-67976,730178,1318234
22101,-4444160,-13897728,2141824,6932908,9559407
22111,-4444160,-13835264,2127672,1787709,3997993
22121,-1259520,-12397568,2523464,1642153,3552394
22131,-373760,-9680896,2108648,964627,1757252
22141,-373760,-6081536,1293168,248648,-190081
22151,-7168,-2980864,673728,200019,-692191
22161,0,-978944,221792,56236,-762673
22171,-4096,-12288,1856,13307,-516868
22181,-4096,116736,-27376,3378,-92650
22191,-4096,-95232,20648,810,182047
22201,-4096,-457728,102776,164,399692
22211,-7168,-455680,101616,-1099,254673
22221,-10240,-372736,82128,-2541,177713
22231,-10240,-200704,43152,-742,66699
22241,-10240,-113664,23432,-275,115170
22251,-7168,50176,-12992,1853,72184
22261,-7168,51200,-13224,411,167797
22271,-7168,132096,-31552,27,134441
22281,-7168,160768,-38048,0,134123
22291,-7168,118784,-28536,0,158232
22301,-7168,231424,-54056,0,26395
22311,0,205824,-46632,4435,39833
22321,0,235520,-53360,1071,-8251
22331,0,198656,-45008,219,23341
22341,9216,114688,-23896,2169,99782
22351,181248,165888,3480,77975,163585
22361,181248,232448,-11600,20022,55648
22371,1232896,354304,199056,658767,851057
22381,2787328,580608,499960,880842,1306039
22391,8674304,1468416,1632584,5279891,6552865
22401,13240320,2832384,2358048,4290353,5990107
22411,13240320,5269504,1805888,1106254,1756825
22421,16135168,8702976,1683856,1095309,1153698
22431,16135168,12371968,852600,301203,-677851
22442,16135168,15570944,127832,77604,-1383650
22452,16135168,17225728,-247080,21272,-1191480
22462,13754368,17726464,-899928,-1381971,-2681995
22472,13754368,16820224,-694608,-356452,-783948
22482,9784320,14978048,-1176704,-1311466,-1611084
22492,6175744,12342272,-1397104,-2441108,-2472236
22502,5384192,9411584,-912456,-942724,-215178
22512,2554880,6303744,-849352,-1124094,-305238
22522,2554880,3239936,-155208,-289930,1147119
22532,2554880,1090560,331760,-79816,1523214
22542,199680,166912,7424,-772394,-124857
22552,199680,-432128,146392,-199279,329101
22562,30720,-746496,176088,-126206,257296
22572,9216,-838656,192096,-48835,232070
22582,12288,-720896,166112,-11001,140114
22592,12288,-524288,121568,-3090,43320
22602,12288,-324608,76328,-866,-6906
22612,12288,-201728,48488,-330,-6650
22622,12288,-65536,17632,-206,-40807
22632,6144,-143360,33872,-1772,92238
22642,6144,-220160,51272,-564,182414
22652,0,-124928,28304,-2514,80013
22662,0,-121856,27608,-742,65492
22672,0,-104448,23664,-275,28428
22682,0,-140288,31784,-206,43937
22692,0,-252928,57304,-206,136050
22702,0,-162816,36888,-206,46882
22712,0,-106496,24128,-206,9646
22722,-4096,-122880,26912,-1168,36541
22732,-10240,-126976,26448,-3310,47607
22742,-22528,-209920,42456,-5260,120324
22752,-349184,-200704,-33640,-218010,-187766
22762,-472064,-208896,-65424,-111622,-152244
22772,-472064,-377856,-21344,-30762,50104
22782,-1379328,-765952,-138968,-222185,-143839
22792,-2944000,-1161216,-403912,-812467,-965175
22802,-2944000,-1816576,-255432,-209592,-167034
22812,-8763392,-3133440,-1275536,-3671357,-4353750
22822,-10696704,-4142080,-1485032,-1938195,-2820985
22832,-11910144,-6652928,-1191088,-1541396,-1582803
22842,-10592256,-9436160,-228752,421627,1615441
22852,-10592256,-11940864,305544,115878,1726434
22862,-10592256,-12836864,508544,29814,1184787
22872,-10592256,-12600320,454952,8129,487144
22882,-1930240,-11822080,2241120,3901217,5883313
22892,-1482752,-10373120,2014224,1142674,2502852
22902,-1482752,-7961600,1467864,314222,625254
22912,-299008,-5073920,1081816,580503,274176
22922,-299008,-2725888,549840,159603,-517796
22932,-102400,-859136,171448,163298,-599990
22942,-126976,28672,-35264,31668,-481497
22952,-270336,261120,-120408,-114409,-394816
22962,-306176,-88064,-49416,-50455,88958
22972,-306176,-384000,17632,-13939,281675
22982,-306176,-432128,28536,-3681,166265
22992,-306176,-602112,67048,-1030,231111
23002,-250880,-499712,56376,22975,152405
23012,-238592,-406528,38048,9626,118783
23022,-102400,-250880,33640,76835,170650
23032,-80896,-16384,-14616,30116,14455
23042,-13312,150528,-37120,62072,15891
23052,-13312,296960,-70296,17001,-79331
23062,-13312,305152,-72152,4298,-28178
23072,-13312,263168,-62640,1029,36996
23082,-13312,290816,-68904,205,6861
23092,-16384,258048,-62176,-1236,10972
23102,-25600,224256,-56608,-3063,5797
23112,-68608,159744,-51736,-24349,8634
23122,-108544,-22528,-19488,-22165,128016
23132,-108544,-44032,-14616,-6180,107658
23142,-108544,-3072,-23896,-1662,27958
23152,-108544,-110592,464,-536,93255
23162,-1829888,-176128,-374680,-1298736,-1567090
23172,-1829888,-356352,-333848,-334974,-533702
23182,-6439936,-1006592,-1230992,-1916140,-2817922
23192,-9688064,-2823168,-1555328,-1366672,-2036482
23202,-17213440,-5656576,-2618352,-4206748,-5343602
23212,-17213440,-9082880,-1842080,-1157177,-1213156
23222,-15116288,-13068288,-464000,1184669,2716223
23232,-15116288,-16193536,244064,325785,2317832
23242,-15116288,-17872896,624544,83935,1821719
23252,-6048768,-17643520,2626936,2872045,5657288
23262,-3579904,-16333824,2889560,2054388,4385824
23272,-3579904,-13474816,2241816,529705,1452896
23282,-1074176,-9708544,1956224,767518,886454
23292,-1074176,-5926912,1099448,211033,-667887
23302,-56320,-2791424,619672,408279,-601831
23312,3072,-773120,175856,154220,-820825
23322,0,266240,-60320,38218,-603391
23332,0,464896,-105328,9791,-219117
23342,135168,311296,-39904,98204,150673
23352,135168,27648,24360,25268,245266
23362,135168,-190464,73776,6866,301693
23372,956416,16384,212976,208493,455296
23382,4347904,414720,891112,1682130,2487194
23392,5921792,1528832,995280,1009890,1585279
23402,14017536,3699712,2337632,5627993,7071515
23412,15985664,6118400,2198664,2337162,3327794
23422,15985664,9418752,1487816,642782,574218
23432,16284672,12997632,744720,351535,-598458
23442,16284672,15594496,156368,96611,-1107557
23452,16284672,17099776,-184672,24829,-939017
23462,16284672,17509376,-277472,6330,-512139
23472,6047744,17141760,-2513488,-4606458,-7095676
23482,4255744,16103424,-2684240,-1772123,-3959296
23492,4255744,13919232,-2189384,-457059,-1525012
23502,4255744,11090944,-1548600,-125794,-251776
23512,1929216,8074240,-1392232,-2029409,-2001782
23522,1908736,5700608,-859096,-535337,-235842
23532,1908736,3699712,-405768,-147313,437220
23542,1680384,2379776,-158456,-163024,315326
23552,1497088,1790976,-66584,-148934,3307
23562,1497088,1545216,-10904,-41062,-69814
23572,1062912,1478656,-94192,-240958,-485594
23582,766976,1261568,-112056,-238816,-383926
23592,707584,1010688,-68672,-86724,-190408
23602,549888,816128,-60320,-149318,-301158
23612,492544,219136,61944,-74556,101037
23622,492544,244736,56144,-19295,-94960
23632,496640,122880,84680,-1978,-78812
23642,496640,-128000,141520,-618,100826
23652,500736,-136192,144304,1373,93126
23662,500736,162816,76560,274,-163567
23672,500736,277504,50576,0,-214210
23682,500736,159744,77256,0,-25738
23692,500736,148480,79808,0,39986
23702,615424,352256,59624,62622,-18189
23713,615424,568320,10672,16067,-208030
23723,831488,569344,59392,167321,63144
23733,831488,484352,78648,43066,91462
23743,831488,694272,31088,11013,-77513
23753,993280,945152,10904,46403,-156991
23763,993280,1028096,-7888,11906,-162320
23773,993280,944128,11136,2980,-6375
23783,993280,1013760,-4640,755,-23823
23793,993280,1219584,-51272,137,-192069
23803,993280,1193984,-45472,0,-145997
23813,518144,1057792,-122264,-336031,-467846
23823,518144,879616,-81896,-86724,-95366
23833,518144,899072,-86304,-22426,-171993
23843,401408,736256,-75864,-43245,-154451
23853,391168,265216,28536,-16137,175213
23863,387072,270336,26448,-5947,59601
23873,358400,442368,-19024,-20627,-187267
23883,331776,216064,26216,-17373,9352
23893,331776,140288,43384,-4834,80958
23903,211968,265216,-12064,-29609,-103589
23913,211968,396288,-41760,-8240,-211948
23923,211968,207872,928,-2198,-33437
23933,172032,33792,31320,-10067,84602
23943,172032,121856,11368,-2678,-107952
23953,175104,316416,-32016,192,-202356
23963,181248,119808,13920,3790,-2209
23973,181248,-2048,41528,961,102173
23983,202752,122880,18096,18635,-14637
23993,211968,229376,-3944,10093,-116478
24003,211968,160768,11600,2691,-41829
24013,218112,124928,21112,2499,2162
24023,218112,207872,2320,576,-64036
24033,218112,209920,1856,96,-53750
24043,205824,235520,-6728,-9888,-77470
24053,187392,88064,22504,-12703,53014
24063,187392,140288,10672,-3585,5648
24073,172032,266240,-21344,-13376,-130514
24083,172032,119808,11832,-3516,11962
24093,172032,57344,25984,-1030,54391
24103,144384,134144,2320,-9696,-56981
24113,144384,71680,16472,-2555,-5212
24123,132096,20480,25288,-5617,24190
24133,132096,0,29928,-1525,45985
24143,132096,49152,18792,-509,-3115
24153,132096,155648,-5336,-206,-99303
24163,138240,35840,23200,4147,33628
24173,138240,-6144,32712,1071,67950
24183,259072,118784,31784,45002,35587
24193,259072,137216,27608,11535,14041
24203,1012736,133120,199288,364759,586629
24213,1929216,354304,356816,440194,735951
24223,5499904,984064,1023120,2638710,3401379
24233,5499904,2130944,763280,680369,733128
24243,7070720,4067328,680456,733282,333789
24253,7521280,6083584,325728,302467,-588595
24263,8674304,7734272,212976,673667,-244418
24273,8762368,8635392,28768,204249,-503958
24283,8762368,8834048,-16240,52597,-225821
24293,8762368,8716288,10440,14392,65824
24303,8674304,8511488,36888,-26999,180666
24313,8501248,8364032,31088,-47901,129708
24323,8501248,7955456,123656,-12415,405297
24333,8501248,8026112,107648,-3489,249850
24343,5215232,8211456,-678832,-2043512,-2752380
24353,5215232,7906304,-609696,-562157,-1062041
24363,2582528,6325248,-847960,-1003299,-1070222
24373,1628160,4496384,-649832,-852004,-382873
24383,659456,2465792,-409248,-670482,155433
24393,536576,610304,-16704,-210526,930816
24403,536576,-236544,175160,-54355,810436
24413,536576,-484352,231304,-14104,530489
24423,-4096,15360,-4408,-439014,-518889
24433,-4096,324608,-74472,-113283,-298810
24443,0,429056,-97208,-29526,-157247
24453,0,278528,-63104,-7677,-1771
24463,0,-111616,25288,-2060,228553
24473,0,-449536,101848,-646,352880
24483,-7168,-542720,121336,-3901,264952
24493,-7168,-364544,80968,-1085,35151
24503,-77824,-313344,53360,-28345,-41626
24513,-77824,-376832,67744,-7389,66650
24523,-169984,-311296,32016,-55825,-52016
24533,-169984,-402432,52664,-14461,72611
24543,-244736,-442368,44776,-23896,51560
24553,-244736,-575488,74936,-6633,153083
24563,-244736,-742400,112752,-1772,254613
24573,-346112,-719872,75168,-27768,94705
24583,-373760,-745472,84216,-22825,117091
24593,-380928,-742400,81896,-8625,90186
24603,-575488,-847872,61712,-139884,10981
24613,-621568,-806912,41992,-62142,-682
24623,-621568,-892928,61480,-16109,118269
24633,-1209344,-1130496,-17864,-204003,-35115
24643,-1338368,-1357824,4408,-122251,124339
24653,-1351680,-1396736,10208,-36228,65188
24663,-1325056,-1810432,109968,8802,324337
24673,-1325056,-1885184,126904,2197,227489
24683,-1325056,-2049024,157528,494,288965
24693,-1325056,-1769472,100688,68,59747
24703,-1325056,-1679360,80272,0,35897
24713,-1325056,-1899520,130152,0,299460
24723,-1325056,-1644544,72384,0,81280
24733,-1482752,-1522688,9048,-75765,-120923
24743,-1482752,-1847296,82592,-20902,230173
24753,-2149376,-1852416,-67280,-228489,-195652
24763,-2149376,-2135040,-3248,-62938,115193
24773,-2848768,-2604032,-55448,-259525,-56641
24783,-3008512,-3090432,18560,-118680,187250
24793,-3075072,-3454976,86072,-64683,243966
24803,-3075072,-3931136,193952,-16755,463442
24813,-2818048,-3663872,191632,155360,263151
24823,-2583552,-3688448,250328,155264,409073
24833,-2583552,-3497984,207176,39962,247720
24843,-1664000,-3033088,310184,581808,763929
24853,-1150976,-2704384,351944,390866,595920
24863,-1162240,-2185216,231768,85047,114297
24873,-1162240,-1653760,111360,21849,3823
24883,-1162240,-1434624,61712,5946,59769
24893,-1546240,-1223680,-73080,-115893,-195905
24903,-1629184,-1461248,-38048,-83510,-5379
24913,-1629184,-2105344,107880,-21602,421484
24923,-1595392,-2341888,169128,21560,433727
24933,-1546240,-2665472,253576,36419,584344
24943,-1546240,-2488320,213440,9310,313451
24953,-1221632,-2304000,245224,263534,529211
24963,-1221632,-2192384,219936,72413,352110
24973,-905216,-1928192,231768,152133,403983
24983,-768000,-1618944,192792,83702,262070
24993,-768000,-812032,9976,21505,-211775
25003,-510976,2354176,-649136,107157,-2011367
25013,-363520,8075264,-1911912,138798,-5193199
25024,-312320,19317760,-4447440,66069,-9785753
25034,-312320,24113152,-5533896,16973,-8602789
25044,-206848,25702400,-5870064,46554,-7592556
25054,-206848,27092992,-6185120,12730,-7609567
25064,-166912,29027328,-6614320,18017,-8131771
25074,-169984,31091712,-7082728,4010,-8727051
25084,-222208,32848896,-7492672,-27576,-8956897
25094,-244736,33379328,-7617952,-15532,-8560041
25104,-286720,33511424,-7657392,-36036,-8358501
25114,-306176,33548288,-7670152,-19336,-8244726
25124,-312320,33554432,-7672936,-7348,-8195900
25134,-349184,33554432,-7681288,-28194,-8213716
25144,-356352,33554432,-7682912,-11014,-8194958
25154,-356352,33505280,-7671776,-3090,-8151664
25164,-395264,32992256,-7564360,-11330,-7849330
25174,-395264,31478784,-7171120,-2994,-6855354
25184,-402432,28672000,-6587176,-3557,-5752954
25194,-402432,25508864,-5870528,-989,-4702615
25204,-440320,22503424,-5198192,-19748,-3960328
25214,-440320,19470336,-4511008,-5150,-3303044
25224,-541696,16869376,-3944696,-26931,-2980168
25234,-580608,14458880,-3407384,-27425,-2501022
25244,-580608,12266496,-2910672,-7169,-2154807
25254,-601088,9759744,-2347376,-16535,-1472431
25264,-606208,7155712,-1758560,-6785,-830743
25274,-606208,4767744,-1217536,-1827,-389788
25284,-606208,2586624,-723376,-591,70840
25294,-580608,-741376,36424,12057,1295277
25304,-580608,-4361216,856544,3048,2299369
25314,-179200,-6746112,1487816,266899,2930894
25324,-19456,-8396800,1897992,140666,3064631
25334,-19456,-10431488,2358976,38616,3645303
25344,-19456,-12648448,2861256,13691,4464943
25354,-19456,-12648448,2861256,13691,4464943
25364,-19456,-12648448,2861256,13691,4464943
25374,-19456,-12648448,2861256,13691,4464943
25384,-19456,-12648448,2861256,13691,4464943
25394,-19456,-12648448,2861256,13691,4464943
25404,-19456,-12648448,2861256,13691,4464943
25414,-19456,-12648448,2861256,13691,4464943
25424,-19456,-12648448,2861256,13691,4464943
25434,-19456,-12648448,2861256,13691,4464943
25444,-19456,-12648448,2861256,13691,4464943
25454,-19456,-12648448,2861256,13691,4464943
25464,-19456,-12648448,2861256,13691,4464943
25474,-19456,-12648448,2861256,13691,4464943
25484,-19456,-12648448,2861256,13691,4464943
25494,-19456,-12648448,2861256,13691,4464943
25504,-19456,-12648448,2861256,13691,4464943
25514,-19456,-12648448,2861256,13691,4464943
25524,-19456,-12648448,2861256,13691,4464943
25534,-19456,-12648448,2861256,13691,4464943
25544,-19456,-12648448,2861256,13691,4464943
25554,-19456,-12648448,2861256,13691,4464943
25564,-19456,-12648448,2861256,13691,4464943
25574,-19456,-12648448,2861256,13691,4464943
25584,-19456,-12648448,2861256,13691,4464943
25594,-19456,-12648448,2861256,13691,4464943
25604,-19456,-12648448,2861256,13691,4464943
25614,-19456,-12648448,2861256,13691,4464943
25624,-19456,-12648448,2861256,13691,4464943
25634,-19456,-12648448,2861256,13691,4464943
25644,-19456,-12648448,2861256,13691,4464943
25654,-19456,-12648448,2861256,13691,4464943
25664,-19456,-12648448,2861256,13691,4464943
25674,-19456,-12648448,2861256,13691,4464943
25684,-19456,-12648448,2861256,13691,4464943
25694,-19456,-12648448,2861256,13691,4464943
25704,-19456,-12648448,2861256,13691,4464943
25714,-19456,-12648448,2861256,13691,4464943
25724,-19456,-12648448,2861256,13691,4464943
25734,-19456,-12648448,2861256,13691,4464943
25744,-19456,-12648448,2861256,13691,4464943
25754,-19456,-12648448,2861256,13691,4464943
25764,-19456,-12648448,2861256,13691,4464943
25774,-19456,-12648448,2861256,13691,4464943
25784,-19456,-12648448,2861256,13691,4464943
25794,-19456,-12648448,2861256,13691,4464943
25804,-19456,-12648448,2861256,13691,4464943
25814,-19456,-12648448,2861256,13691,4464943
25824,-19456,-12648448,2861256,13691,4464943
25834,-19456,-12648448,2861256,13691,4464943
25844,-19456,-12648448,2861256,13691,4464943
25854,-19456,-12648448,2861256,13691,4464943
25864,-19456,-12648448,2861256,13691,4464943
25874,-19456,-12648448,2861256,13691,4464943
25884,-19456,-12648448,2861256,13691,4464943
25894,-19456,-12648448,2861256,13691,4464943
25904,-19456,-12648448,2861256,13691,4464943
25914,-19456,-12648448,2861256,13691,4464943
25924,-19456,-12648448,2861256,13691,4464943
25934,-19456,-12648448,2861256,13691,4464943
25944,-19456,-12648448,2861256,13691,4464943
25954,-19456,-12648448,2861256,13691,4464943
25964,-19456,-12648448,2861256,13691,4464943
25974,-19456,-12648448,2861256,13691,4464943
25984,-19456,-12648448,2861256,13691,4464943
25994,-19456,-12648448,2861256,13691,4464943
26004,-19456,-12648448,2861256,13691,4464943
26014,-19456,-12648448,2861256,13691,4464943
26024,-19456,-12648448,2861256,13691,4464943
26034,-19456,-12648448,2861256,13691,4464943
26044,-19456,-12648448,2861256,13691,4464943
26054,-19456,-12648448,2861256,13691,4464943
26064,-19456,-12648448,2861256,13691,4464943
26074,-19456,-12648448,2861256,13691,4464943
26084,-19456,-12648448,2861256,13691,4464943
26094,-19456,-12648448,2861256,13691,4464943
26104,-19456,-12648448,2861256,13691,4464943
26114,-19456,-12648448,2861256,13691,4464943
26124,-19456,-12648448,2861256,13691,4464943
26134,-19456,-12648448,2861256,13691,4464943
26144,-19456,-12648448,2861256,13691,4464943