R
Px,Ix,Dx,Py,Iy,Dy,Pz,Iz,FFrx,FFry,FFdrx,FFdry,satI,satPID,KFQAng,KFQbias,KFRmeas,CPx,CIx,CPy,CIy,CsatI,CsatPID,CFFdrx,CFFdry,CFalpha,iRelaxX,IRelaxY,DmaxR,DmaxE,DMx,DMy
28,80,47,58,80,47,250,0,30,0,0,0,500000,15000000,10,1,1000,0,0,0,0,0,0,0,0,0.995,4096,4096,0,0,0,0
sysTickMs,PIDRefXi,PIDSensXi,PIDPoutXi,PIDFFoutXi,PIDUXi
140902,-4096,116736,-17936,-157,5800
140912,-4096,116736,-17936,-157,5800
140922,-4096,116736,-17936,-157,5800
140932,-4096,116736,-17936,-157,5800
140942,-4096,116736,-17936,-157,5800
140952,-4096,116736,-17936,-157,5800
140962,-4096,116736,-17936,-157,5800
140972,-4096,116736,-17936,-157,5800
140982,-4096,116736,-17936,-157,5800
140992,-4096,116736,-17936,-157,5800
141002,-4096,116736,-17936,-157,5800
141013,-4096,116736,-17936,-157,5800
141023,-4096,116736,-17936,-157,5800
141033,-4096,116736,-17936,-157,5800
141043,-4096,116736,-17936,-157,5800
141053,-4096,116736,-17936,-157,5800
141063,-4096,116736,-17936,-157,5800
141073,-4096,116736,-17936,-157,5800
141083,-4096,116736,-17936,-157,5800
141093,-4096,116736,-17936,-157,5800
141103,-4096,116736,-17936,-157,5800
141113,-4096,116736,-17936,-157,5800
141123,-4096,116736,-17936,-157,5800
141133,-4096,116736,-17936,-157,5800
141143,-4096,116736,-17936,-157,5800
141153,-4096,116736,-17936,-157,5800
141163,-4096,116736,-17936,-157,5800
141173,-4096,116736,-17936,-157,5800
141183,-4096,116736,-17936,-157,5800
141193,-4096,116736,-17936,-157,5800
141203,-4096,116736,-17936,-157,5800
141213,-4096,116736,-17936,-157,5800
141223,-4096,116736,-17936,-157,5800
141233,-4096,116736,-17936,-157,5800
141243,-4096,116736,-17936,-157,5800
141253,-4096,116736,-17936,-157,5800
141263,-4096,116736,-17936,-157,5800
141273,-4096,116736,-17936,-157,5800
141283,-4096,116736,-17936,-157,5800
141293,-4096,116736,-17936,-157,5800
141303,-4096,116736,-17936,-157,5800
141313,-4096,116736,-17936,-157,5800
141323,-4096,116736,-17936,-157,5800
141333,-4096,116736,-17936,-157,5800
141343,-4096,4096,-896,-235,-489
141353,-4096,8192,-1344,-235,-3581
141363,-4096,5120,-1008,-235,-822
141373,-4096,7168,-1232,-235,-2468
141383,0,7168,-784,0,-1879
141393,0,6144,-672,0,-75
141403,3072,10240,-784,175,-1111
141413,3072,8192,-560,175,-1958
141423,9216,4096,560,527,2141
141433,9216,7168,224,527,-11
141443,6144,9216,-336,351,-1067
141453,6144,12288,-672,351,-3050
141463,6144,10240,-448,351,-553
141473,6144,9216,-336,351,-358
141483,6144,7168,-112,351,-1487
141493,0,4096,-448,0,-1460
141503,0,14336,-1568,0,-3815
141513,0,22528,-2464,0,-4103
141523,0,-13312,1456,0,16493
141533,0,4096,-448,0,-3043
141543,0,5120,-896,0,-584
141553,0,4096,-448,0,3105
141563,0,-9216,1008,0,8699
141573,0,3072,-336,0,-5317
141583,0,14336,-1568,0,-8557
141593,0,35840,-3920,0,-13378
141603,0,-9216,1008,0,8923
141613,0,-18432,2016,0,5277
141623,0,18432,-2016,0,-11882
141633,0,6144,-672,0,-3607
141643,0,12288,-1344,0,-2755
141653,0,5120,-560,0,1845
141663,0,-16384,1792,0,14273
141673,0,25600,-2800,0,-19569
141683,0,-3072,336,0,8613
141693,-4096,24576,-3136,-235,-18499
141703,0,35840,-3920,0,-15959
141713,0,-21504,2352,0,20797
141723,0,-11264,1232,0,9417
141733,0,-20480,2240,0,15968
141743,0,27648,-3024,0,-19701
141753,0,-12288,1344,0,20561
141763,0,-15360,1680,0,6799
141773,0,0,0,0,8661
141783,0,23552,-2576,0,-11976
141793,0,-12288,1344,0,12765
141803,0,9216,-1008,0,-4262
141813,0,31744,-3472,0,-20601
141823,0,-17408,1904,0,22477
141833,0,-3072,336,0,6867
141843,0,-1024,112,0,5781
141853,0,27648,-3024,0,-19293
141863,0,16384,-1792,0,-11854
141873,0,17408,-1904,0,-11492
141883,0,9216,-1008,0,-4530
141893,0,-12288,1344,0,10236
141903,0,-3072,336,0,1147
141913,0,-3072,336,0,922
141923,0,10240,-1120,0,-9543
141933,0,17408,-1904,0,-14337
141943,0,-22528,2464,0,18071
141953,0,-32768,3584,0,24080
141963,0,-5120,560,0,-821
141973,0,15360,-1680,0,-14100
141983,0,-29696,3248,0,20092
141993,0,-29696,3248,0,13719
142003,0,-2048,224,0,-9469
142013,0,-32768,3584,0,9396
142023,0,-83968,9184,0,40516
142033,0,-18432,2016,0,-23566
142043,0,-87040,9520,0,34871
142053,0,-63488,6944,0,-327
142063,0,-104448,11424,0,22521
142073,0,-140288,15344,0,46550
142083,0,-94208,10304,0,-3938
142093,0,-179200,19600,0,59838
142103,0,-173056,18928,0,41872
142113,0,-150528,16464,0,19624
142123,0,-106496,11648,0,-16458
142133,0,-183296,20048,0,53375
142143,0,-171008,18704,0,40200
142153,0,-210944,22064,0,60018
142163,3072,-175104,19488,175,29963
142173,9216,-136192,15904,527,5119
142183,9216,-165888,19152,527,32707
142193,9216,-231424,26320,527,71850
142203,18432,-271360,31696,1054,86995
142213,18432,-267264,31248,1054,88210
142223,33792,-316416,38304,1933,99425
142233,73728,-315392,42560,4218,95441
142243,89088,-279552,40320,5097,62482
142253,89088,-273408,39648,5097,57491
142263,138240,-191488,36064,7910,26976
142273,138240,-173056,34048,7910,50921
142283,168960,-142336,34048,9667,64375
142293,168960,-132096,32928,9667,77380
142303,178176,-83968,28672,10195,66373
142313,178176,-76800,27888,10195,90983
142323,184320,-62464,26992,10546,109711
142333,184320,-16384,21952,10546,94438
142344,193536,15360,19488,11074,81738
142354,193536,11264,19936,11074,100555
142364,218112,14336,22288,12480,121561
142374,231424,76800,16912,13242,105083
142384,256000,68608,20496,14648,92899
142394,256000,47104,22848,14648,110567
142404,266240,70656,21392,15234,105449
142414,272384,110592,17696,15585,101211
142424,272384,166912,11536,15585,84325
142434,278528,211968,7280,15937,79199
142444,278528,237568,4480,15937,94804
142454,278528,309248,-3360,15937,64652
142464,345088,353280,-896,19746,73407
142474,362496,401408,-4256,20742,74745
142484,379904,438272,-6384,21738,77040
142494,384000,440320,-6160,21972,84244
142504,391168,441344,-5488,22382,83991
142514,391168,429056,-4144,22382,97120
142524,391168,465920,-8176,22382,81557
142534,391168,541696,-16464,22382,45991
142544,391168,565248,-19040,22382,46936
142554,394240,514048,-13104,22558,81455
142564,394240,449536,-6048,22558,106262
142574,405504,420864,-1680,23203,115080
142584,423936,373760,5488,24257,99509
142594,423936,304128,13104,24257,109960
142604,455680,245760,22960,26074,124566
142614,455680,244736,23072,26074,108108
142624,455680,289792,18144,26074,75215
142634,455680,352256,11312,26074,29970
142644,455680,348160,11760,26074,34036
142654,455680,291840,17920,26074,81207
142664,455680,279552,19264,26074,97241
142674,455680,300032,17024,26074,91112
142684,451584,364544,9520,25839,50868
142694,451584,312320,15232,25839,114390
142704,451584,373760,8512,25839,73506
142714,439296,460800,-2352,25136,24559
142724,439296,418816,2240,25136,81439
142734,398336,418816,-2240,22792,74587
142744,398336,416768,-2016,22792,55808
142754,398336,296960,11088,22792,123806
142764,321536,286720,3808,18398,80257
142774,321536,291840,3248,18398,52999
142784,218112,262144,-4816,12480,45652
142794,218112,292864,-8176,12480,21243
142804,172032,299008,-13888,9843,14492
142814,165888,251904,-9408,9492,41809
142824,135168,236544,-11088,7734,28944
142834,132096,215040,-9072,7558,23724
142844,132096,124928,784,7558,70572
142854,129024,114688,1568,7382,51508
142864,129024,82944,5040,7382,49339
142874,125952,-24576,16464,7207,105517
142884,125952,-11264,15008,7207,68553
142894,101376,-36864,15120,5800,67745
142904,89088,-99328,20608,5097,95109
142914,82944,-119808,22176,4746,85975
142924,49152,-97280,16016,2812,59239
142934,49152,-140288,20720,2812,86720
142944,24576,-185344,22960,1406,109337
142954,15360,-139264,16912,878,62875
142964,15360,-140288,17024,878,63097
142974,12288,-223232,25760,703,121413
142984,12288,-238592,27440,703,110325
142994,12288,-251904,28896,703,98923
143004,12288,-294912,33600,703,130463
143014,12288,-301056,34272,703,109513
143024,12288,-278528,31808,703,84020
143034,12288,-320512,36400,703,124641
143044,12288,-294912,33600,703,103043
143054,12288,-256000,29344,703,78029
143064,12288,-284672,32480,703,128665
143074,12288,-262144,30016,703,108278
143084,12288,-241664,27776,703,90236
143094,12288,-285696,32592,703,126608
143104,12288,-283648,32368,703,122732
143114,12288,-234496,26992,703,92663
143124,12288,-245760,28224,703,123770
143134,15360,-249856,29008,878,133504
143144,39936,-203776,26656,2285,104365
143154,92160,-210944,33152,5273,132629
143164,122880,-181248,33264,7031,128109
143174,141312,-115712,28112,8085,96632
143184,190464,-92160,30912,10898,126270
143194,202752,-96256,32704,11601,147605
143204,202752,-12288,23520,11601,107643
143214,272384,46080,24752,15585,111556
143224,272384,32768,26208,15585,153374
143234,372736,124928,27104,21328,121014
143244,372736,206848,18144,21328,87567
143254,372736,195584,19376,21328,130459
143264,466944,285696,19824,26718,101531
143274,466944,393216,8064,26718,61582
143284,625664,387072,26096,35800,135736
143294,625664,458752,18256,35800,114234
143304,870400,580608,31696,49804,105968
143314,870400,611328,28336,49804,134556
143324,870400,689152,19824,49804,124274
143334,870400,800768,7616,49804,95753
143344,904192,831488,7952,51738,136850
143354,904192,913408,-1008,51738,128283
143364,904192,1013760,-11984,51738,103820
143374,904192,1055744,-16576,51738,120674
143384,896000,1104896,-22848,51269,115134
143394,896000,1198080,-33040,51269,65878
143404,896000,1253376,-39088,51269,47485
143414,896000,1227776,-36288,51269,79416
143424,584704,1262592,-74144,33457,-5441
143434,564224,1290240,-79408,32285,-53638
143445,419840,1233920,-89040,24023,-76548
143455,419840,1110016,-75488,24023,-23700
143465,419840,968704,-60032,24023,22976
143475,263168,827392,-63728,15058,1170
143485,129024,695296,-61936,7382,-2859
143495,98304,553984,-49840,5625,-7241
143505,6144,399360,-43008,351,-1671
143515,6144,184320,-19488,351,67409
143525,0,29696,-3248,0,84573
143535,0,-89088,9744,0,87831
143545,-4096,-183296,19600,-235,73586
143555,-4096,-243712,26208,-235,50076
143565,-4096,-331776,35840,-235,69291
143575,-4096,-449536,48720,-235,118754
143585,-4096,-498688,54096,-235,111983
143595,-4096,-506880,54992,-235,82267
143605,-4096,-493568,53536,-235,40799
143615,-4096,-533504,57904,-235,52768
143625,-4096,-603136,65520,-235,99501
143635,-7168,-610304,65968,-411,101216
143645,-7168,-608256,65744,-411,104319
143655,-65536,-552960,53312,-3750,60526
143665,-87040,-537600,49280,-4981,63413
143675,-87040,-539648,49504,-4981,87019
143685,-253952,-525312,29680,-14532,63480
143695,-363520,-491520,14000,-20801,26710
143705,-440320,-497664,6272,-25196,23935
143715,-621568,-509952,-12208,-35567,-4902
143725,-621568,-544768,-8400,-35567,3483
143735,-621568,-603136,-2016,-35567,16434
143745,-1246208,-692224,-60592,-71309,-78106
143755,-1562624,-828416,-80304,-89415,-102396
143765,-1562624,-1025024,-58800,-89415,-50655
143775,-1562624,-1273856,-31584,-89415,27270
143785,-2698240,-1540096,-126672,-154395,-109160
143795,-3142656,-1827840,-183232,-200450,-204526
143805,-3503104,-2157568,-147168,-200450,-159883
143815,-4076544,-2590720,-162512,-233262,-186015
143825,-4076544,-3000320,-117712,-233262,-163596
143835,-5052416,-3502080,-169568,-289102,-272132
143845,-5052416,-4068352,-107632,-289102,-194456
143855,-5678080,-4644864,-113008,-324903,-218917
143865,-5678080,-5243904,-47488,-324903,-144979
143875,-5678080,-5832704,16912,-324903,-65266
143885,-5328896,-6402048,117376,-304922,56625
143895,-4739072,-6915072,238000,-271172,233274
143905,-4739072,-7257088,275408,-271172,236726
143915,-3862528,-7470080,394576,-221016,325602
143925,-3075072,-7481344,481936,-175958,392803
143935,-2818048,-7355392,496272,-161250,387749
143945,-2196480,-7065600,532560,-125684,420445
143955,-1869824,-6657024,523600,-106993,387963
143965,-1869824,-6181888,471632,-106993,295840
143975,-975872,-5698560,516544,-55840,403508
143985,-975872,-5173248,458752,-55840,373587
143995,-366592,-4591616,462112,-20977,401602
144005,-366592,-3914752,388080,-20977,301836
144015,-10240,-3315712,361536,-586,322708
144025,0,-2708480,296240,0,309466
144035,0,-2022400,221200,0,218071
144045,0,-1449984,158592,0,194572
144055,0,-931840,101920,0,205162
144065,12288,-449536,50512,703,190115
144075,12288,70656,-6384,703,120444
144085,12288,467968,-51520,703,98192
144095,159744,805888,-70672,9140,118881
144105,159744,1132544,-106400,9140,71796
144115,275456,1400832,-123088,15761,53466
144125,275456,1709056,-156800,15761,-41996
144135,401408,1857536,-159264,22968,-21192
144145,435200,1998848,-171024,24902,-57419
144155,615424,2031616,-154896,35214,-16428
144165,615424,2032640,-155008,35214,-23927
144175,846848,1995776,-125664,48457,1932
144185,1245184,1953792,-77504,71250,39850
144195,1245184,1937408,-75712,71250,-10059
144205,1245184,1836032,-64624,71250,21321
144215,3107840,1775616,145712,177832,353964
144225,3107840,1913856,130592,177832,261190
144235,3988480,2150400,201040,228222,323532
144245,4301824,2451456,202384,246152,317828
144255,4395008,2938880,159264,251484,220834
144265,4395008,3364864,112672,251484,178276
144275,3540992,3888128,-37968,202617,-24953
144285,3540992,4253696,-77952,202617,-13251
144295,3540992,4575232,-113120,202617,-59455
144305,2393088,4779008,-260960,136933,-257325
144315,1610752,4712448,-339248,92167,-267534
144325,1297408,4525056,-353024,74238,-217159
144335,824320,4218880,-371280,47167,-214979
144345,670720,3868672,-349776,38378,-207488
144355,670720,3496960,-309120,38378,-199014
144365,600064,3065856,-269696,34335,-185816
144375,600064,2620416,-220976,34335,-134712
144385,605184,2125824,-166320,34628,-47200
144395,605184,1739776,-124096,34628,-34493
144405,589824,1437696,-92736,33750,-48409
144415,589824,1152000,-61488,33750,-56038
144425,589824,908288,-34832,33750,-60168
144435,439296,652288,-23296,25136,-65629
144445,384000,366592,1904,21972,-18496
144455,372736,157696,23520,21328,-4579
144465,362496,-4096,40096,20742,-19532
144475,362496,-118784,52640,20742,-41961
144485,379904,-256000,69552,21738,-15738
144495,394240,-452608,92624,22558,84021
144505,405504,-516096,100800,23203,98170
144515,412672,-495616,99344,23613,71989
144525,412672,-474112,96992,23613,74531
144535,409600,-456704,94752,23437,102541
144546,409600,-339968,81984,23437,58778
144556,409600,-221184,68992,23437,16878
144566,405504,-136192,59248,23203,24826
144576,405504,-24576,47040,23203,9694
144586,405504,97280,33712,23203,-6672
144596,648192,122880,57456,37089,76124
144606,839680,168960,73360,48046,120853
144616,839680,295936,59472,48046,79061
144626,1378304,381952,108976,78867,181267
144636,1528832,505856,111888,87480,194896
144646,2057216,740352,144032,117714,203298
144656,2582528,965632,176848,147773,276644
144666,2974720,1306624,182448,170214,259960
144676,3107840,1677312,156464,177832,236212
144686,3464192,2072576,148176,198222,225417
144696,3617792,2548736,116928,207011,186610
144706,3617792,2941952,73920,207011,176518
144716,3778560,3412992,39984,216210,122528
144726,3778560,3759104,2128,216210,147602
144736,3778560,4209664,-47152,216210,61385
144746,3617792,4484096,-94752,207011,49880
144756,3617792,4825088,-132048,207011,-34835
144766,2817024,5045248,-243712,161191,-211644
144776,2817024,5171200,-257488,161191,-193516
144786,2817024,5194752,-260064,161191,-180920
144796,1790976,5058560,-357392,102480,-280145
144806,1680384,4725760,-333088,96152,-147101
144816,1577984,4525056,-322336,90292,-200755
144826,1577984,4188160,-285488,90292,-155336
144836,1378304,3731456,-257376,78867,-88866
144846,1378304,3452928,-226912,78867,-132081
144856,1378304,3135488,-192192,78867,-114716
144866,1105920,2793472,-184576,63281,-129808
144876,1105920,2482176,-150528,63281,-110438
144886,984064,2131968,-125552,56308,-89532
144896,984064,1828864,-92400,56308,-83708
144906,984064,1569792,-64064,56308,-84898
144916,984064,1241088,-28112,56308,-26466
144926,1392640,1001472,42784,79687,47215
144936,1392640,816128,63056,79687,47684
144946,1497088,654336,92176,85664,82961
144956,1481728,500736,107296,84785,131889
144966,1481728,419840,116144,84785,155110
144976,1245184,486400,82992,71250,47869
144986,1197056,453632,81312,68496,78018
144996,1073152,496640,63056,61406,59800
145006,1003520,428032,62944,57421,141167
145016,878592,495616,41888,50273,82305
145026,839680,505856,36512,48046,73632
145036,733184,536576,21504,41953,32489
145046,701440,468992,25424,40136,81206
145056,701440,459776,26432,40136,79451
145066,555008,453632,11088,31757,63710
145076,428032,457728,-3248,24492,31319
145086,384000,436224,-5712,21972,26145
145096,352256,375808,-2576,20156,39350
145106,352256,303104,5376,20156,66295
145116,352256,164864,20496,20156,137299
145126,132096,175104,-4704,7558,43984
145136,116736,112640,448,6679,49466
145146,113664,79872,3696,6503,33651
145156,110592,-66560,19376,6328,101150
145166,110592,-165888,30240,6328,119067
145176,101376,-231424,36400,5800,115524
145186,92160,-260096,38528,5273,84163
145196,64512,-295936,39424,3691,70955
145206,49152,-357376,44464,2812,85367
145216,49152,-380928,47040,2812,86645
145226,12288,-460800,51744,703,121146
145236,12288,-459776,51632,703,113365
145246,43008,-412672,49840,2460,77995
145256,52224,-416768,51296,2988,86951
145266,95232,-378880,51856,5449,70250
145276,122880,-443392,61936,7031,141975
145286,147456,-391168,58912,8437,118097
145296,150528,-414720,61824,8613,162664
145306,147456,-318464,50960,8437,97356
145316,147456,-283648,47152,8437,85546
145326,147456,-272384,45920,8437,97605
145336,147456,-264192,45024,8437,106095
145346,147456,-303104,49280,8437,163732
145356,147456,-224256,40656,8437,113892
145366,178176,-184320,39648,10195,104935
145376,228352,-167936,43344,13066,116747
145386,263168,-155648,45808,15058,126492
145396,269312,-210944,52528,15410,193140
145406,266240,-146432,45136,15234,155630
145416,266240,-66560,36400,15234,110933
145426,266240,-68608,36624,15234,138402
145436,266240,-16384,30912,15234,125821
145446,266240,-32768,32704,15234,170788
145456,266240,25600,26320,15234,148580
145466,266240,57344,22848,15234,137763
145476,266240,39936,24752,15234,153228
145486,266240,75776,20832,15234,124328
145496,269312,69632,21840,15410,139979
145506,272384,121856,16464,15585,114584
145516,269312,95232,19040,15410,167067
145526,269312,191488,8512,15410,122389
145536,269312,193536,8288,15410,157168
145546,259072,270336,-1232,14824,119133
145556,259072,290816,-3472,14824,123952
145566,202752,326656,-13552,11601,92977
145576,184320,314368,-14224,10546,98507
145586,184320,365568,-19824,10546,61577
145596,178176,315392,-15008,10195,101672
145606,178176,333824,-17024,10195,84619
145616,181248,277504,-10528,10371,129478
145626,181248,247808,-7280,10371,141008
145636,181248,273408,-10080,10371,99890
145646,181248,219136,-4144,10371,131044
145656,156672,191488,-3808,8964,130658
145667,141312,230400,-9744,8085,81206
145677,27648,287744,-28448,1582,10876
145687,3072,267264,-28896,175,15507
145697,0,201728,-22064,0,49870
145707,0,173056,-18928,0,40991
145717,-4096,106496,-12096,-235,47039
145727,-4096,-27648,2576,-235,105477
145737,-4096,-98304,10304,-235,123917
145747,-7168,-105472,10752,-411,100375
145757,-7168,-106496,10864,-411,80616
145767,-7168,-108544,11088,-411,59793
145777,-219136,-214016,-560,-12540,84691
145787,-436224,-249856,-20384,-24961,46814
145797,-436224,-279552,-17136,-24961,26487
145807,-632832,-381952,-27440,-36211,22904
145817,-632832,-462848,-18592,-36211,21355
145827,-734208,-630784,-11312,-42012,71373
145837,-734208,-742400,896,-42012,88399
145847,-957440,-845824,-12208,-54786,47924
145857,-957440,-969728,1344,-54786,58175
145867,-1162240,-1057792,-11424,-66504,-763
145877,-1162240,-1196032,3696,-66504,17161
145887,-1453056,-1364992,-9632,-83145,3308
145897,-1546240,-1577984,3472,-88477,55339
145907,-1810432,-1801216,-1008,-103594,73170
145917,-1930240,-1966080,3920,-110450,64376
145927,-1930240,-2164736,25648,-110450,73720
145937,-2420736,-2347008,-8064,-138516,-21613
145947,-2420736,-2531328,12096,-138516,-21170
145957,-2727936,-2747392,2128,-156094,-64008
145967,-2848768,-3035136,20384,-163008,-25156
145977,-2848768,-3381248,58240,-163008,51262
145987,-2880512,-3740672,94080,-164825,124651
145997,-2880512,-4060160,129024,-164825,180488
146007,-2880512,-4313088,156688,-164825,194912
146017,-2912256,-4487168,172256,-166641,174621
146027,-2912256,-4639744,188944,-166641,179228
146037,-2944000,-4765696,199248,-168458,176040
146047,-2975744,-4912128,218176,-170274,243893
146057,-3041280,-5113856,226688,-174024,260098
146067,-3041280,-5226496,239008,-174024,261540
146077,-3041280,-5325824,249872,-174024,275290
146087,-3041280,-5388288,256704,-174024,277700
146097,-3041280,-5448704,263312,-174024,300992
146107,-3075072,-5459968,260848,-175958,293446
146117,-3075072,-5445632,259280,-175958,278212
146127,-3041280,-5473280,266000,-174024,334157
146137,-3041280,-5472256,265888,-174024,354684
146147,-3075072,-5441536,258832,-175958,340835
146157,-3075072,-5421056,256592,-175958,353437
146167,-2944000,-5363712,264656,-168458,379125
146177,-2944000,-5240832,251216,-168458,357829
146187,-2727936,-5062656,255360,-156094,358941
146197,-2196480,-4816896,286608,-125684,390699
146207,-1869824,-4536320,291648,-106993,413618
146217,-1717248,-4152320,266336,-98262,361799
146227,-1024000,-3697664,292432,-58594,418133
146237,-1024000,-3240960,236656,-58594,343217
146247,-1024000,-2707456,184128,-58594,291718
146257,-565248,-2244608,183680,-32344,353079
146267,-565248,-1689600,122976,-32344,259860
146277,-349184,-1062912,78064,-19981,189969
146287,-264192,-505856,26432,-15118,180736
146297,-264192,-30720,-25536,-15118,179243
146307,-7168,425984,-47376,-411,190115
146317,0,702464,-76832,0,217386
146327,0,1055744,-115472,0,128870
146337,0,1231872,-134736,0,146909
146347,0,1484800,-162400,0,55124
146357,3072,1564672,-170800,175,79352
146367,3072,1717248,-187488,175,-4960
146377,33792,1739776,-186592,1933,-9922
146387,92160,1652736,-170688,5273,22255
146397,187392,1554432,-149520,10722,18214
146407,196608,1395712,-131152,11250,11081
146417,256000,1192960,-102480,14648,12125
146427,278528,1046528,-84000,15937,3467
146437,314368,835584,-57008,17988,45687
146447,352256,640000,-31472,20156,90358
146457,483328,535552,-5712,27656,92890
146467,636928,406528,25200,36445,143666
146477,636928,366592,29568,36445,116016
146487,1528832,380928,125552,87480,215974
146497,1528832,418816,119840,87480,175792
146507,1528832,582656,103488,87480,112623
146517,2267136,697344,171696,129726,243147
146527,2367488,954368,154560,135468,219256
146537,2472960,1210368,138096,141503,179992
146547,2419712,1488896,101808,138457,166499
146557,2419712,1823744,65184,138457,106904
146567,2419712,2084864,36624,138457,107111
146577,2446336,2347008,10864,139980,83022
146587,2446336,2557952,-12208,139980,63476
146597,2499584,2627584,-14000,143027,144377
146607,2499584,2794496,-31920,143027,110453
146617,2527232,2971648,-48608,144609,43998
146627,2527232,2999296,-51632,144609,88458
146637,2472960,3076096,-65968,141503,59272
146647,2446336,3156992,-77728,139980,9824
146657,2446336,3095552,-71008,139980,71176
146667,2446336,3067904,-67984,139980,80385
146677,2446336,3130368,-74816,139980,11778
146687,2446336,3008512,-61488,139980,95867
146697,2446336,3017728,-62496,139980,71579
146707,2446336,3088384,-70224,139980,-154
146717,2419712,2964480,-59584,138457,86472
146727,2446336,3048448,-65856,139980,8770
146737,2446336,2991104,-59584,139980,42160
146747,2446336,2903040,-49952,139980,93933
146757,2446336,2959360,-56112,139980,13217
146767,2446336,2811904,-39984,139980,100128
146777,2499584,2821120,-35168,143027,70916
146787,2611200,2837504,-24752,149414,54856
146797,2611200,2755584,-15792,149414,113654
146807,2668544,2836480,-18368,152695,45659
146817,2697216,2800640,-11312,154335,77844
146827,2726912,2808832,-8960,156035,83973
146837,2756608,2866176,-11984,157734,50951
146847,2756608,2875392,-12992,157734,58658
146857,2974720,2855936,12992,170214,125437
146868,2974720,2879488,10416,170214,126682
146878,3107840,2997248,12096,177832,75112
146888,3107840,2948096,17472,177832,145408
146898,3074048,2998272,8288,175898,127301
146908,3074048,3093504,-2128,175898,76653
146918,3074048,3113984,-4368,175898,97801
146928,3007488,3156992,-16352,172089,80606
146938,3007488,3149824,-15568,172089,117637
146948,3007488,3280896,-29904,172089,34078
146958,3007488,3272704,-29008,172089,76614
146968,3007488,3268608,-28560,172089,81327
146978,3007488,3245056,-25984,172089,94954
146988,2974720,3267584,-32032,170214,55617
146998,2974720,3195904,-24192,170214,88557
147008,2974720,3153920,-19600,170214,100089
147018,2582528,3066880,-52976,147773,65173
147028,2582528,3075072,-53872,147773,23367
147038,1324032,3007488,-184128,75761,-169226
147048,545792,2835456,-250432,31230,-227635
147058,401408,2606080,-241136,22968,-204345
147068,358400,2317312,-214256,20507,-172861
147078,82944,1773568,-184912,4746,-51088
147088,30720,1404928,-150304,1757,-91552
147098,30720,954368,-101024,1757,-19474
147108,-7168,477184,-52976,-411,40862
147118,-7168,163840,-18704,-411,9368
147128,-4096,-206848,22176,-235,52797
147138,-4096,-541696,58800,-235,97751
147148,-4096,-715776,77840,-235,58710
147158,-4096,-1001472,109088,-235,146101
147168,-4096,-1185792,129248,-235,188753
147178,-4096,-1225728,133616,-235,150238
147188,-4096,-1298432,141568,-235,166374
147198,-4096,-1328128,144816,-235,165079
147208,-4096,-1363968,148736,-235,191267
147218,-4096,-1287168,140336,-235,159345
147228,0,-1180672,129136,0,118371
147238,0,-1105920,120960,0,128510
147248,0,-1047552,114576,0,142941
147258,0,-1037312,113456,0,195097
147268,0,-923648,101024,0,147768
147278,0,-888832,97216,0,162346
147288,0,-808960,88480,0,134776
147298,0,-816128,89264,0,174883
147308,-4096,-736256,80080,-235,149399
147318,-13312,-717824,77056,-762,180242
147328,-31744,-626688,65072,-1817,145663
147338,-31744,-563200,58128,-1817,136688
147348,-102400,-488448,42224,-5860,110713
147358,-102400,-451584,38192,-5860,116641
147368,-160768,-413696,27664,-9200,109127
147378,-194560,-422912,24976,-11133,134112
147388,-349184,-409600,6608,-19981,122075
147398,-349184,-406528,6272,-19981,135155
147408,-349184,-386048,4032,-19981,123521
147418,-349184,-416768,7392,-19981,144245
147428,-565248,-402432,-17808,-32344,79474
147438,-585728,-423936,-17696,-33516,76661
147448,-595968,-442368,-16800,-34102,70237
147458,-632832,-522240,-12096,-36211,96630
147468,-666624,-544768,-13328,-38145,70962
147478,-666624,-627712,-4256,-38145,103047
147488,-887808,-740352,-16128,-50801,107458
147498,-887808,-800768,-9520,-50801,98759
147508,-1074176,-951296,-13440,-61465,131164
147518,-1209344,-1016832,-21056,-69200,90574
147528,-1209344,-1102848,-11648,-69200,80580
147538,-1209344,-1245184,3920,-69200,103460
147548,-1529856,-1307648,-24304,-87540,22560
147558,-1698816,-1458176,-26320,-97208,22385
147568,-1849344,-1603584,-26880,-105821,11058
147578,-2125824,-1765376,-39424,-121641,-21340
147588,-2394112,-2064384,-36064,-136993,34269
147598,-2394112,-2256896,-15008,-136993,36338
147608,-2394112,-2479104,9296,-136993,61577
147618,-3041280,-2752512,-31584,-174024,4272
147628,-3041280,-2968576,-7952,-174024,-1018
147638,-3390464,-3203072,-20496,-194004,-67719
147648,-3465216,-3551232,9408,-198282,2004
147658,-3465216,-3907584,48384,-198282,69454
147668,-3820544,-4211712,42784,-218614,55074
147678,-4033536,-4593664,61264,-230801,83140
147688,-4076544,-4868096,86576,-233262,66865
147698,-4165632,-5156864,108416,-238360,75906
147708,-4165632,-5482496,144032,-238360,126930
147718,-4165632,-5726208,170688,-238360,127805
147728,-4165632,-5963776,196672,-238360,152253
147738,-4165632,-6224896,225232,-238360,210880
147748,-4076544,-6336512,247184,-233262,203301
147758,-3989504,-6462464,270480,-228282,250302
147768,-3989504,-6516736,276416,-228282,244865
147778,-3989504,-6515712,276304,-228282,224124
147788,-4076544,-6578176,273616,-233262,253407
147798,-4076544,-6514688,266672,-233262,222159
147808,-4076544,-6521856,267456,-233262,256359
147818,-4076544,-6414336,255696,-233262,219817
147828,-4076544,-6391808,253232,-233262,262537
147838,-4076544,-6283264,241360,-233262,247262
147848,-3618816,-6228992,285488,-207071,361007
147858,-3618816,-6067200,267792,-207071,328622
147868,-3618816,-5917696,251440,-207071,341449
147878,-1185792,-5621760,485184,-67852,643993
147888,-897024,-5331968,485072,-51329,644357
147898,-897024,-4785152,425264,-51329,494297
147908,-108544,-4059136,432096,-6211,479818
147918,-108544,-3288064,347760,-6211,401125
147928,30720,-2470912,273616,1757,330753
147938,135168,-1688576,199472,7734,268760
147948,184320,-1000448,129584,10546,255169
147958,184320,-365568,60144,10546,211252
147968,324608,152576,18816,18574,249114
147978,594944,750592,-17024,34042,205750
147988,594944,1207296,-66976,34042,166514
147998,855040,1651712,-87136,48925,152386
148008,904192,1981440,-119280,51738,137478
148018,904192,2321408,-155008,51738,80107
148028,993280,2570240,-172480,56835,64980
148038,993280,2810880,-198800,56835,-5749
148048,993280,2915328,-210224,56835,-11290
148058,993280,3039232,-223776,56835,-87760
148068,1073152,2984960,-209104,61406,-45669
148078,1270784,2929664,-181440,72714,-36388
148088,1364992,2832384,-160496,78105,-35249
148098,1364992,2581504,-133056,78105,68534
148108,1771520,2488320,-78400,101367,86478
148118,1771520,2343936,-62608,101367,87275
148128,2102272,2222080,-13104,120292,135980
148138,2102272,2166784,-7056,120292,103192
148148,2756608,2099200,71904,157734,232068
148158,2817024,2142208,73808,161191,213340
148168,3007488,2236416,84336,172089,210212
148178,3007488,2363392,70448,172089,185990
148188,3007488,2577408,47040,172089,151695
148198,3316736,2760704,60816,189785,171767
148208,3316736,2994176,35280,189785,133554
148218,3502080,3257344,26768,200390,108170
148228,3540992,3427328,12432,202617,124953
148238,3540992,3673088,-14448,202617,74787
148248,3540992,3820544,-30576,202617,117913
148258,3540992,4013056,-51632,202617,55131
148268,3316736,4109312,-86688,189785,58007
148278,3316736,4292608,-106736,189785,-1851
148288,3040256,4410368,-149856,173964,-70250
148298,2974720,4442112,-160496,170214,-64617
148308,2974720,4410368,-157024,170214,-27146
148319,2879488,4346880,-160496,164765,-18211
148329,2879488,4320256,-157584,164765,-52752
148339,2756608,4182016,-155904,157734,-26856
148349,2787328,4021248,-134960,159492,23724
148359,2611200,3938304,-145152,149414,-26616
148369,2554880,3837952,-140336,146191,-47306
148379,2291712,3707904,-154896,131132,-76949
148389,2291712,3567616,-139552,131132,-57948
148399,2242560,3375104,-123872,128320,-11565
148409,2242560,3271680,-112560,128320,-51329
148419,2242560,3170304,-101472,128320,-76293
148429,2242560,2941952,-76496,128320,4662
148439,2242560,2803712,-61376,128320,2829
148449,2242560,2741248,-54544,128320,-48309
148459,2219008,2612224,-43008,126972,-32696
148469,2057216,2443264,-42224,117714,-12268
148479,2057216,2407424,-38304,117714,-60175
148489,2057216,2258944,-22064,117714,-24333
148499,2057216,2120704,-6944,117714,-4895
148509,1094656,1932288,-91616,62636,-120415
148519,1094656,1776640,-74592,62636,-115708
148529,642048,1601536,-104944,36738,-179767
148539,500736,1250304,-81984,28652,-91148
148549,475136,944128,-51296,27187,-50679
148559,391168,672768,-30800,22382,-69659
148569,391168,274432,12768,22382,27120
148579,391168,16384,40992,22382,26996
148589,184320,-185344,40432,10546,-29266
148599,132096,-480256,66976,7558,68589
148609,110592,-591872,76832,6328,10926
148619,82944,-747520,90832,4746,46989
148629,73728,-914432,108080,4218,110928
148639,64512,-958464,111888,3691,94227
148649,64512,-1013760,117936,3691,116895
148659,24576,-1007616,112896,1406,114165
148669,24576,-1036288,116032,1406,153600
148679,6144,-903168,99456,351,72879
148689,0,-837632,91616,0,81426
148699,-4096,-736256,80080,-235,56061
148709,-4096,-727040,79072,-235,112734
148719,0,-623616,63392,0,37203
148729,-4096,-560128,60816,-235,62199
148739,-4096,-523264,56784,-235,73018
148749,-4096,-505856,54880,-235,103092
148759,-4096,-378880,40992,-235,38399
148769,-4096,-352256,38080,-235,67267
148779,-4096,-302080,32592,-235,69274
148789,-4096,-334848,36176,-235,130854
148799,-4096,-234496,25200,-235,40666
148809,-4096,-237568,25536,-235,87779
148819,-4096,-185344,19824,-235,67253
148829,-4096,-189440,20272,-235,105845
148839,-4096,-81920,8512,-235,41923
148849,-4096,-63488,6496,-235,53798
148859,-4096,-10240,672,-235,34989
148869,-4096,-89088,9296,-235,121040
148879,-4096,-30720,2912,-235,75857
148889,-4096,0,-448,-235,54764
148899,-4096,27648,-3472,-235,43288
148909,-4096,-83968,8736,-235,142526
148919,-4096,-19456,1680,-235,80677
148929,0,-46080,5040,0,101716
148939,70656,8192,6832,4042,63814
148949,165888,-70656,25872,9492,139888
148959,165888,-51200,23744,9492,117668
148969,412672,-24576,47824,23613,148553
148979,412672,105472,33600,23613,66114
148989,412672,151552,28560,23613,76362
148999,896000,253952,70224,51269,187794
149009,1220608,277504,103152,69843,242437
149019,1310720,417792,97664,75000,228135
149029,1771520,623616,125552,101367,218246
149039,1771520,818176,104272,101367,209450
149049,1771520,1095680,73920,101367,140433
149059,2817024,1270784,169120,161191,332876
149069,2817024,1551360,138432,161191,292192
149079,2847744,1854464,108640,162949,260843
149089,2787328,2186240,65744,159492,217053
149099,2756608,2594816,17696,157734,133385
149109,2697216,2912256,-23520,154335,111776
149119,2611200,3200000,-64400,149414,59916
149129,2611200,3415040,-87920,149414,48898
149139,2057216,3622912,-171248,117714,-114081
149149,1734656,3678208,-212576,99257,-164840
149159,1645568,3648512,-219072,94160,-148093
149169,1645568,3421184,-194208,94160,-18556
149179,1161216,3301376,-234080,66445,-131062
149189,1161216,3008512,-202048,66445,-29699
149199,896000,2703360,-197680,51269,-18309
149209,560128,2443264,-205968,32050,-66940
149219,462848,2197504,-189728,26484,-84610
149229,435200,1915904,-161952,24902,-63405
149239,435200,1579008,-125104,24902,-11387
149249,435200,1371136,-102368,24902,-48446
149259,138240,998400,-94080,7910,1634
149269,138240,778240,-70000,7910,-41624
149279,9216,539648,-58016,527,-36634
149289,9216,290816,-30800,527,-16988
149299,0,6144,-672,0,46791
149309,0,-138240,15120,0,4
149319,3072,-408576,45024,175,75517
149329,3072,-561152,61712,175,80144
149339,3072,-699392,76832,175,92772
149349,3072,-752640,82656,175,50509
149359,3072,-910336,99904,175,134260
149369,3072,-955392,104832,175,137794
149379,3072,-987136,108304,175,153593
149389,-4096,-904192,98448,-235,74738
149399,-4096,-929792,101248,-235,107040
149409,-4096,-881664,95984,-235,97540
149419,-4096,-836608,91056,-235,94638
149429,-4096,-749568,81536,-235,68463
149439,-4096,-692224,75264,-235,57186
149449,-4096,-687104,74704,-235,105702
149459,-4096,-644096,70000,-235,106468
149469,-7168,-603136,65184,-411,111125
149480,-7168,-573440,61936,-411,116715
149490,-62464,-487424,46480,-3575,64458
149500,-123904,-471040,37968,-7090,63387
149510,-123904,-451584,35840,-7090,70445
149520,-363520,-499712,14896,-20801,80323
149530,-747520,-481280,-29120,-42774,8353
149540,-747520,-535552,-23184,-42774,44229
149550,-1393664,-537600,-93632,-79747,-103596
149560,-1810432,-645120,-127456,-103594,-174347
149570,-2394112,-861184,-167664,-136993,-215160
149580,-2727936,-1143808,-173264,-156094,-213369
149590,-4893696,-1565696,-364000,-280020,-457208
149600,-6048768,-2115584,-430192,-346114,-511759
149610,-6048768,-2803712,-354928,-346114,-381810
149620,-7678976,-3695616,-435680,-439395,-464194
149630,-7678976,-4715520,-324128,-439395,-292802
149640,-7999488,-5672960,-254464,-457735,-284892
149650,-8247296,-6743040,-164528,-471915,-161186
149660,-8247296,-7741440,-55328,-471915,-89072
149670,-8247296,-8646656,43680,-471915,-48938
149680,-7917568,-9516032,174832,-453047,125408
149690,-7917568,-10228736,252784,-453047,188471
149700,-7999488,-10737664,300160,-457735,153390
149710,-7917568,-11131904,351568,-453047,154897
149720,-7917568,-11491328,390880,-453047,197039
149730,-7999488,-11704320,405216,-457735,164262
149740,-7293952,-11856896,499072,-417364,286010
149750,-7293952,-12080128,523488,-417364,362669
149760,-6373376,-12091392,625408,-364688,471996
149770,-4444160,-12006400,827120,-254297,754070
149780,-3465216,-11652096,895440,-198282,770221
149790,-1849344,-11052032,1006544,-105821,888557
149800,-1325056,-10195968,970256,-75821,807979
149810,-1325056,-9184256,859600,-75821,618728
149820,-463872,-8160256,841792,-26543,688415
149830,-463872,-7156736,726208,-26543,623373
149840,-13312,-6062080,661584,-762,581733
149850,12288,-4889600,536144,703,394717
149860,12288,-3909632,428960,703,338595
149870,12288,-2832384,311136,703,226198
149880,61440,-1893376,213808,3515,195091
149890,61440,-1111040,128240,3515,188239
149900,243712,-321536,61824,13945,148386
149910,334848,267264,7392,19160,190863
149920,492544,819200,-35728,28183,170164
149930,492544,1308672,-89264,28183,128776
149940,870400,1629184,-82992,49804,194525
149950,870400,2009088,-124544,49804,118992
149960,1258496,2253824,-108864,72011,181430
149970,1337344,2520064,-129360,76523,137452
149980,2726912,2776064,-5376,156035,322039
149990,3007488,2977792,3248,172089,346081
150000,3007488,3390464,-41888,172089,249920
150010,8851456,3799040,552608,506484,1156525
150020,8851456,4548608,470624,506484,892622
150030,16284672,5804032,1146320,931816,1737786
150040,16284672,7851008,922432,931816,1145613
150050,16284672,10611712,620480,931816,540431
150060,16284672,13277184,328944,931816,227332
150070,16135168,15414272,78848,923261,140230
150080,13754368,17185792,-375312,787031,-260098
150090,9122816,18299904,-1003744,522011,-964479
150100,7836672,18765824,-1195376,448417,-1088041
150110,7836672,18356224,-1150576,448417,-630020
150120,7836672,17315840,-1036784,448417,-199203
150130,7836672,16270336,-922432,448417,-93356
150140,1173504,15237120,-1538208,67148,-1125817
150150,1173504,13887488,-1390592,67148,-797916
150160,1173504,12273664,-1214080,67148,-553639
150170,1173504,10790912,-1051904,67148,-532187
150180,82944,9115648,-987952,4746,-594909
150190,9216,7440384,-812784,527,-438339
150200,0,5939200,-649600,0,-251402
150210,-7168,4626432,-506800,-411,-230024
150220,-7168,3393536,-371952,-411,-181614
150230,-4096,2078720,-227808,-235,-14448
150240,-4096,1108992,-121744,-235,-36303
150250,-10240,231424,-26432,-586,1170
150260,-10240,-416768,44464,-586,-56925
150270,-68608,-1067008,109200,-3926,-14339
150280,-173056,-1539072,149408,-9903,-24290
150290,-235520,-2117632,205856,-13477,112968
150300,-260096,-2530304,248304,-14883,173441
150310,-338944,-2774016,266336,-19395,180439
150320,-338944,-2910208,281232,-19395,190632
150330,-353280,-2978816,287168,-20215,223753
150340,-359424,-3017728,290752,-20567,291309
150350,-406528,-2896896,272384,-23262,245581
150360,-424960,-2713600,250320,-24317,195589
150370,-489472,-2548736,225232,-28008,174197
150380,-489472,-2347008,203168,-28008,133621
150390,-489472,-2258944,193536,-28008,182602
150400,-616448,-2134016,165984,-35274,186455
150410,-666624,-1995776,145376,-38145,166335
150420,-714752,-1869824,126336,-40899,161000
150430,-871424,-1723392,93184,-49864,101249
150440,-1033216,-1606656,62720,-59122,59172
150450,-1128448,-1612800,52976,-64571,106995
150460,-1198080,-1579008,41664,-68555,102303
150470,-1285120,-1642496,39088,-73536,144808
150480,-1285120,-1685504,43792,-73536,163387
150490,-1325056,-1685504,39424,-75821,121289
150500,-1338368,-1828864,53648,-76583,189568
150510,-1338368,-1895424,60928,-76583,197741
150520,-1393664,-1959936,61936,-79747,208680
150530,-1529856,-1935360,44352,-87540,145870
150540,-1529856,-1932288,44016,-87540,127622
150550,-1579008,-1968128,42560,-90352,128893
150560,-1629184,-2053120,46368,-93223,162999
150570,-1681408,-2136064,49728,-96211,199938
150580,-1681408,-2169856,53424,-96211,181046
150590,-1562624,-2270208,77392,-89415,243118
150600,-1423360,-2250752,90496,-81446,209580
150610,-1423360,-2289664,94752,-81446,214687
150620,-966656,-2278400,143472,-55313,286003
150630,-643072,-2255872,176400,-36797,349503
150640,-570368,-2161664,174048,-32637,359688
150650,-424960,-1939456,165648,-24317,310461
150660,-424960,-1698816,139328,-24317,252388
150670,-424960,-1494016,116928,-24317,209405
150680,-402432,-1294336,97552,-23028,230808
150690,-402432,-1075200,73584,-23028,208488
150700,-395264,-947200,60368,-22618,243954
150710,-373760,-792576,45808,-21387,260965
150720,-363520,-600064,25872,-20801,224225
150730,-363520,-462848,10864,-20801,215522
150740,-363520,-318464,-4928,-20801,192250
150750,-363520,-171008,-21056,-20801,150041
150760,-456704,-126976,-36064,-26133,165797
150770,-611328,-95232,-56448,-34981,172319
150780,-649216,-23552,-68432,-37149,128819
150790,-887808,-15360,-95424,-50801,86083
150800,-1024000,3072,-112336,-58594,18495
150810,-1024000,-64512,-104944,-58594,11962
150821,-1393664,-237568,-126448,-79747,-4867
150831,-1829888,-448512,-151088,-104708,-45847
150841,-1930240,-680960,-136640,-110450,-54761
150851,-1930240,-930816,-109312,-110450,-74165
150861,-3041280,-1251328,-195776,-174024,-231900
150871,-3041280,-1783808,-137536,-174024,-80407
150881,-3779584,-2276352,-164416,-216270,-127413
150891,-3946496,-2812928,-123984,-225821,-100157
150901,-3862528,-3426304,-47712,-221016,4759
150911,-3862528,-3994624,14448,-221016,67675
150921,-3862528,-4557824,76048,-221016,135547
150931,-2818048,-4980736,236544,-161250,326836
150941,-2818048,-5201920,260736,-161250,251162
150951,-1595392,-5361664,411936,-91290,439788
150961,-1595392,-5188608,393008,-91290,298653
150971,-1595392,-5005312,372960,-91290,266060
150981,-708608,-4641792,430192,-40547,314226
150991,-626688,-4385792,409024,-35860,332777
151001,-585728,-4023296,375984,-33516,312083
151011,-395264,-3615744,352240,-22618,292641
151021,-309248,-3245056,321104,-17696,293145
151031,-90112,-2856960,302624,-5157,322239
151041,-90112,-2508800,264544,-5157,341814
151051,-90112,-2091008,218848,-5157,282975
151061,0,-1724416,188608,0,303898
151071,0,-1290240,141120,0,224032
151081,0,-926720,101360,0,213549
151091,0,-526336,57568,0,146294
151101,0,-247808,27104,0,149580
151111,0,26624,-2912,0,143067
151121,0,277504,-30352,0,122065
151131,0,489472,-53536,0,112127
151141,0,718848,-78624,0,61257
151151,3072,808960,-88144,175,88785
151161,6144,971776,-105616,351,33316
151171,6144,1026048,-111552,351,35385
151181,61440,1086464,-112112,3515,19031
151191,165888,1166336,-109424,9492,-23108
151201,352256,1113088,-83216,20156,36258
151211,352256,1102848,-82096,20156,12600
151221,2847744,1060864,195440,162949,432789
151231,2847744,1070080,194432,162949,428670
151241,6575104,1376256,568624,376230,905237
151251,6575104,1840128,517888,376230,713284
151261,6575104,2750464,418320,376230,482302
151271,8851456,3903488,541184,506484,604740
151281,9031680,5126144,427168,516796,427869
151291,9031680,6368256,291312,516796,318729
151301,6643712,7491584,-92736,380156,-175109
151311,5737472,8545280,-307104,328300,-412646
151321,5737472,9006080,-357504,328300,-305479
151331,2446336,9036800,-720832,139980,-688210
151341,2446336,8450048,-656656,139980,-326675
151351,1138688,7663616,-713664,65156,-339366
151361,733184,6747136,-657776,41953,-233785
151371,352256,5812224,-597184,20156,-217940
151381,211968,4954112,-518672,12128,-220197
151391,9216,4076544,-444864,527,-173949
151401,0,3402752,-372176,0,-255779
151411,0,2628608,-287504,0,-173990
151421,-7168,1890304,-207536,-411,-121071
151431,-7168,1271808,-139888,-411,-81826
151441,-4096,621568,-68432,-235,-13435
151451,0,152576,-16688,0,-43404
151461,0,-222208,24304,0,-81381
151471,0,-702464,76832,0,9878
151481,0,-1103872,120736,0,98685
151491,0,-1275904,139552,0,40307
151501,0,-1474560,161280,0,81287
151511,0,-1679360,183680,0,155978
151521,-10240,-1735680,188720,-586,165471
151531,-10240,-1768448,192304,-586,210327
151541,-289792,-1674240,151424,-16583,118181
151551,-289792,-1542144,136976,-16583,62677
151561,-590848,-1452032,94192,-33809,9994
151571,-897024,-1334272,47824,-51329,-55755
151581,-897024,-1398784,54880,-51329,56930
151591,-897024,-1381376,52976,-51329,43156
151601,-8763392,-1402880,-805056,-501446,-1296828
151611,-8763392,-1702912,-772240,-501446,-1126463
151621,-9496576,-2915328,-719824,-543399,-706446
151631,-9496576,-4512768,-545104,-543399,-331381
151641,-8163328,-6176768,-217280,-467110,125453
151651,-7369728,-7699456,36064,-421700,366442
151661,-6048768,-8519680,270256,-346114,424531
151671,-4589568,-8938496,475664,-262618,515731
151681,-4120576,-8856576,518000,-235782,332054
151691,-1717248,-8545280,746816,-98262,567853
151701,-1717248,-7983104,685328,-98262,410369
151711,-448512,-7305216,749952,-25665,478822
151721,-448512,-6540288,666288,-25665,396205
151731,-448512,-5690368,573328,-25665,288707
151741,9216,-4857856,532336,527,288131
151751,9216,-4117504,451360,527,294890
151761,9216,-3379200,370608,527,257175
151771,150528,-2630656,304192,8613,232549
151781,150528,-2040832,239680,8613,253795
151791,297984,-1396736,185360,17050,230608
151801,297984,-845824,125104,17050,213483
151811,416768,-376832,86800,23847,234579
151821,488448,106496,41776,27949,207169
151831,1452032,463872,108080,83085,391901
151841,2726912,902144,199584,156035,546246
151851,2726912,1374208,147952,156035,454504
151861,5160960,1980416,347872,295312,741230
151871,5984256,2752512,353472,342421,692908
151881,6575104,3811328,302288,376230,600337
151891,6575104,4973568,175168,376230,423586
151901,7292928,6163456,123536,417304,400790
151911,7218176,7297024,-8624,413027,241081
151921,7070720,8318976,-136528,404589,121901
151931,6575104,9157632,-282464,376230,-57407
151941,6575104,9794560,-352128,376230,-100095
151951,3617792,10146816,-714112,207011,-579305
151961,3246080,10288128,-770224,185742,-692511
151971,2472960,9866240,-808640,141503,-546218
151981,1392640,9010176,-833168,79687,-416058
151991,545792,8011776,-816592,31230,-422504
152001,384000,6703104,-691152,21972,-168866
152011,384000,5822464,-594832,21972,-236546
152021,95232,4724736,-506352,5449,-173252
152031,95232,3930112,-419440,5449,-249243
152041,0,2969600,-324800,0,-120472
152051,0,2240512,-245056,0,-144286
152061,-4096,1462272,-160384,-235,-72651
152071,-4096,976896,-107296,-235,-160542
152081,-4096,299008,-33152,-235,-54969
152091,-4096,-131072,13888,-235,-68795
152101,-4096,-628736,68320,-235,-11729
152112,-4096,-1013760,110432,-235,15934
152122,-4096,-1253376,136640,-235,-9332
152132,-10240,-1614848,175504,-586,113723
152142,-10240,-1809408,196784,-586,143372
152152,-179200,-1859584,183792,-10254,90133
152162,-179200,-1945600,193200,-10254,149913
152172,-338944,-1947648,175952,-19395,152033
152182,-338944,-1907712,171584,-19395,160071
152192,-556032,-1817600,137984,-31817,94350
152202,-556032,-1684480,123424,-31817,48656
152212,-1849344,-1633280,-23632,-105821,-147176
152222,-1849344,-1631232,-23856,-105821,-115099
152232,-1849344,-1714176,-14784,-105821,-59561
152242,-7999488,-1902592,-666848,-457735,-1022415
152252,-11456512,-2571264,-971824,-655547,-1272180
152262,-11456512,-3911680,-825216,-655547,-870069
152272,-10283008,-5883904,-481152,-588399,-165933
152282,-10283008,-7799808,-271600,-588399,101174
152292,-10283008,-9110528,-128240,-588399,-5781
152302,-5738496,-10229760,491232,-328360,783819
152312,-2788352,-10534912,847280,-159551,996457
152322,-1869824,-10068992,896784,-106993,655958
152332,-1869824,-9174016,798896,-106993,322230
152342,-505856,-8134656,834400,-28946,371483
152352,-505856,-7057408,716576,-28946,271602
152362,-10240,-6197248,671216,-586,355518
152372,-10240,-5388288,588224,-586,392241
152382,135168,-4542464,511616,7734,348550
152392,135168,-3821568,432768,7734,306603
152402,409600,-3152896,389648,23437,361279
152412,610304,-2489344,339024,34921,357141
152422,1971200,-1811456,413728,112792,539292
152432,2638848,-1168384,416416,150996,620084
152442,2638848,-399360,332304,150996,496961
152452,2638848,495616,234416,150996,357150
152462,2638848,1367040,139104,150996,267235
152472,9214976,2124800,775488,527285,1320672
152482,9214976,3277824,649376,527285,1069331
152492,9214976,4926464,469056,527285,687611
152502,9214976,6658048,279664,527285,379422
152512,5617664,8285184,-291760,321445,-369360
152522,5105664,9390080,-468608,292148,-457106
152532,5105664,9757696,-508816,292148,-320798
152542,3389440,9609216,-680288,193945,-494375
152552,3389440,9101312,-624736,193945,-256762
152562,3107840,8410112,-579936,177832,-147721
152572,2787328,7761920,-544096,159492,-152336
152582,2527232,6999040,-489104,144609,-91778
152592,2527232,6479872,-432320,144609,-164724
152602,1436672,5890048,-487088,82207,-308940
152612,1436672,5297152,-422240,82207,-231110
152622,719872,4769792,-442960,41191,-362194
152632,419840,4099072,-402416,24023,-305882
152642,419840,3450880,-331520,24023,-280353
152652,419840,2758656,-255808,24023,-217997
152662,49152,2030592,-216720,2812,-175748
152672,24576,1422336,-152880,1406,-175918
152682,24576,777216,-82320,1406,-60105
152692,98304,287744,-20720,5625,-87508
152702,119808,-200704,35056,6855,-57237
152712,119808,-643072,83440,6855,-5275
152722,409600,-933888,146944,23437,41713
152732,1138688,-1329152,269920,65156,313848
152742,2171904,-1371136,387520,124277,468500
152752,5271552,-1086464,695408,301640,900240
152762,6925312,-453632,807072,396269,886840
152772,7218176,614400,722288,413027,586238
152782,8246272,2080768,674352,471855,383798
152792,8246272,3456000,523936,471855,171784
152802,7444480,4709376,299152,425976,-12458
152812,7070720,5725184,147168,404589,-36649
152822,7070720,6458368,66976,404589,45068
152832,6372352,7025664,-71456,364628,1252
152842,6372352,7407616,-113232,364628,49318
152852,4395008,7720960,-363776,251484,-317370
152862,4301824,7813120,-384048,246152,-271149
152872,3903488,7655424,-410368,223359,-178344
152882,3903488,7411712,-383712,223359,-94646
152892,2847744,7022592,-456624,162949,-163645
152902,2847744,6657024,-416640,162949,-113479
152912,2847744,6304768,-378112,162949,-120674
152922,1452032,5885952,-484960,83085,-296626
152932,514048,5391360,-533456,29414,-360633
152942,401408,4884480,-490336,22968,-352476
152952,141312,4193280,-443184,8085,-252832
152962,70656,3466240,-371392,4042,-180885
152972,70656,2769920,-295232,4042,-116043
152982,12288,1968128,-213920,703,1144
152992,12288,1443840,-156576,703,-42369
153002,12288,864256,-93184,703,-26159
153012,12288,382976,-40544,703,-21439
153022,12288,-8192,2240,703,-45720
153032,9216,-437248,48832,527,-2803
153042,0,-861184,94192,0,74587
153052,0,-1139712,124656,0,41958
153062,0,-1344512,146720,0,17038
153072,0,-1583104,173152,0,77086
153082,0,-1875968,205184,0,214467
153092,0,-1948672,213136,0,217427
153102,0,-1945600,212800,0,212484
153112,0,-1888256,206528,0,190419
153122,0,-1751040,191520,0,134647
153132,0,-1630208,178304,0,130643
153142,0,-1472512,161056,0,113459
153152,0,-1293312,141456,0,85772
153162,0,-1225728,134064,0,144899
153172,0,-1060864,116032,0,113786
153182,0,-990208,108304,0,163590
153192,0,-857088,93744,0,144848
153202,-4096,-739328,80416,-235,135493
153212,-4096,-665600,72352,-235,153250
153222,-4096,-553984,60144,-235,118781
153232,-4096,-492544,53424,-235,138750
153242,-7168,-381952,40992,-411,101773
153252,-13312,-327680,34384,-762,119874
153262,-136192,-260096,13552,-7793,76800
153272,-173056,-171008,-224,-9903,52500
153282,-392192,-166912,-24640,-22442,54462
153292,-392192,-103424,-31584,-22442,26912
153302,-585728,-109568,-52080,-33516,6865
153312,-585728,-181248,-44240,-33516,52990
153322,-1024000,-225280,-87360,-58594,-38301
153333,-1162240,-379904,-85568,-66504,-11033
153343,-1546240,-520192,-112224,-88477,-69269
153353,-1698816,-669696,-112560,-97208,-113469
153363,-1993728,-908288,-118720,-114083,-123592
153373,-1993728,-1220608,-84560,-114083,-63209
153383,-2420736,-1527808,-95200,-138516,-87855
153393,-2500608,-1864704,-69552,-143086,-73602
153403,-2727936,-2258944,-51296,-156094,-30694
153413,-2727936,-2635776,-10080,-156094,38662
153423,-2727936,-2899968,18816,-156094,10738
153433,-3428352,-3174400,-27776,-196172,-124317
153443,-3428352,-3462144,3696,-196172,-90024
153453,-3503104,-3838976,36736,-200450,-10184
153463,-3503104,-4153344,71120,-200450,47596
153473,-3503104,-4483072,107184,-200450,100160
153483,-2912256,-4785152,204848,-166641,231875
153493,-2220032,-5050368,309568,-127032,385701
153503,-1993728,-5125120,342496,-114083,358834
153513,-2015232,-5084160,335664,-115313,297539
153523,-2015232,-4976640,323904,-115313,269009
153533,-2015232,-4789248,303408,-115313,225913
153543,-2058240,-4682752,287056,-117774,257936
153553,-2058240,-4524032,269696,-117774,249017
153563,-1972224,-4440064,269920,-112852,297694
153573,-1735680,-4336640,284480,-99317,336567
153583,-1611776,-4220928,285376,-92227,356015
153593,-1611776,-4091904,271264,-92227,337633
153603,-1351680,-3924992,281456,-77344,361557
153613,-1351680,-3778560,265440,-77344,358808
153623,-1351680,-3604480,246400,-77344,361568
153633,-1514496,-3414016,207760,-86661,334051
153643,-1579008,-3208192,178192,-90352,314107
153653,-1664000,-2961408,141904,-95215,255069
153663,-1735680,-2794496,115808,-99317,258659
153673,-1889280,-2631680,81200,-108106,220439
153683,-1889280,-2595840,77280,-108106,277328
153693,-2015232,-2540544,57456,-115313,273032
153703,-2015232,-2579456,61712,-115313,346366
153713,-2015232,-2532352,56560,-115313,325032
153723,-2015232,-2527232,56000,-115313,328630
153733,-2015232,-2464768,49168,-115313,291986
153743,-1849344,-2420736,61040,-105821,291856
153753,-1379328,-2441216,116144,-78926,410836
153763,-1379328,-2393088,110880,-78926,396512
153773,-1033216,-2395136,148960,-59122,498634
153783,-601088,-2251776,180544,-34395,516659
153793,-601088,-2031616,156464,-34395,443325
153803,-601088,-1820672,133392,-34395,414119
153813,-299008,-1596416,141904,-17110,455039
153823,-299008,-1328128,112560,-17110,404651
153833,-16384,-1035264,111440,-938,429189
153843,-4096,-667648,72576,-235,365418
153853,3072,-385024,42448,175,354115
153863,3072,-210944,23408,175,404581
153873,3072,37888,-3808,175,345066
153883,3072,232448,-25088,175,330799
153893,3072,381952,-41440,175,351119
153903,3072,628736,-68432,175,260276
153913,3072,788480,-85904,175,234862
153923,3072,900096,-98112,175,228030
153933,21504,960512,-102704,1230,221168
153943,21504,948224,-101360,1230,261240
153953,21504,1017856,-108976,1230,197741
153963,110592,952320,-92064,6328,238590
153973,122880,951296,-90608,7031,174505
153983,122880,789504,-72912,7031,239994
153993,122880,748544,-68432,7031,173721
154003,122880,563200,-48160,7031,230479
154013,101376,470016,-40320,5800,196009
154023,101376,266240,-18032,5800,251919
154033,101376,179200,-8512,5800,224313
154043,101376,97280,448,5800,218012
154053,101376,15360,9408,5800,248333
154063,101376,45056,6160,5800,201785
154073,107520,41984,7168,6152,188503
154083,107520,13312,10304,6152,186929
154093,107520,-73728,19824,6152,235518
154103,107520,-132096,26208,6152,235008
154113,107520,-186368,32144,6152,239083
154123,101376,-201728,33152,5800,229379
154133,95232,-202752,32592,5449,213515
154143,95232,-190464,31248,5449,201166
154153,6144,-219136,24640,351,209359
154163,-4096,-252928,27216,-235,245610
154173,-4096,-182272,19488,-235,198260
154183,-4096,-148480,15792,-235,187366
154193,-7168,-130048,13440,-411,189750
154203,-7168,-103424,10528,-411,181684
154213,-56320,-78848,2464,-3223,168862
154223,-126976,-86016,-4480,-7266,173330
154233,-188416,-59392,-14112,-10782,152303
154243,-212992,-72704,-15344,-12188,166166
154253,-212992,-26624,-20384,-12188,140103
154263,-273408,6144,-30576,-15645,100017
154273,-273408,-14336,-28336,-15645,100641
154283,-363520,-70656,-32032,-20801,107668
154293,-363520,-100352,-28784,-20801,96082
154303,-363520,-163840,-21840,-20801,104150
154313,-452608,-310272,-15568,-25899,160219
154323,-452608,-395264,-6272,-25899,165972
154333,-515072,-439296,-8288,-29473,136142
154343,-515072,-454656,-6608,-29473,90580
154353,-515072,-497664,-1904,-29473,79032
154363,-501760,-569344,7392,-28711,102333
154373,-493568,-687104,21168,-28243,169000
154383,-493568,-754688,28560,-28243,194556
154393,-472064,-749568,30352,-27012,163762
154403,-440320,-710656,29568,-25196,120239
154413,-429056,-681984,27664,-24551,88805
154423,-417792,-760832,37520,-23907,146972
154433,-399360,-731136,36288,-22852,123577
154443,-392192,-687104,32256,-22442,103045
154453,-392192,-707584,34496,-22442,135625
154463,-366592,-672768,33488,-20977,125728
154473,-366592,-642048,30128,-20977,119849
154483,-299008,-637952,37072,-17110,147927
154493,-253952,-552960,32704,-14532,114623
154503,-117760,-510976,43008,-6739,142326
154513,-53248,-488448,47600,-3047,177338
154523,9216,-392192,43904,527,154682
154533,49152,-324608,40880,2812,161278
154543,82944,-271360,38752,4746,187694
154553,365568,-142336,55552,20917,192432
154563,483328,-53248,58688,27656,211877
154573,483328,53248,47040,27656,203596
154583,1513472,219136,141568,86601,331333
154593,1680384,377856,142464,96152,351944
154603,2697216,710656,217280,154335,412035
154613,2847744,1007616,201264,162949,403251
154624,2847744,1464320,151312,162949,293043
154634,4395008,1906688,272160,251484,494717
154644,5105664,2552832,279216,292148,472163
154654,5105664,3217408,206528,292148,351234
154664,7144448,4040704,339472,408808,593818
154674,7144448,4962304,238672,408808,443210
154684,6305792,5829632,52080,360820,214402
154694,6305792,6740992,-47600,360820,118739
154704,3040256,7440384,-481264,173964,-503763
154714,2527232,7833600,-580384,144609,-583585
154724,1220608,7678976,-706384,69843,-604333
154734,831488,7113728,-687120,47578,-411184
154744,636928,6251520,-614096,36445,-244486
154754,263168,5266432,-547232,15058,-151006
154764,263168,4402176,-452704,15058,-128614
154774,263168,3577856,-362544,15058,-110395
154784,3072,2842624,-310576,175,-122130
154794,3072,2130944,-232736,175,-77237
154804,3072,1527808,-166768,175,-67658
154814,-77824,1005568,-118496,-4454,-69469
154824,-273408,448512,-78960,-15645,-44354
154834,-273408,-16384,-28112,-15645,-8488
154844,-273408,-480256,22624,-15645,37075
154854,-273408,-860160,64176,-15645,36985
154864,-643072,-1179648,58688,-36797,-8882
154874,-809984,-1479680,73248,-46348,-22672
154884,-809984,-1779712,106064,-46348,28439
154894,-1033216,-2089984,115584,-59122,64440
154904,-1351680,-2304000,104160,-77344,34129
154914,-1351680,-2478080,123200,-77344,42502
154924,-1717248,-2641920,104608,-98262,31943
154934,-2058240,-2879488,89824,-117774,46595
154944,-2058240,-3007488,103824,-117774,64476
154954,-2788352,-3103744,34496,-159551,-56642
154964,-2788352,-3281920,53984,-159551,-17232
154974,-4396032,-3558400,-91616,-251543,-185400
154984,-4540416,-3806208,-80304,-259805,-152756
154994,-4841472,-4135936,-77168,-277032,-162232
155004,-4739072,-4547584,-19600,-271172,-93644
155014,-4739072,-5075968,36848,-271172,7926
155024,-4120576,-5563392,157808,-235782,174365
155034,-3779584,-5933056,235536,-216270,246607
155044,-2669568,-6218752,388192,-152754,437833
155054,-1909760,-6247424,474432,-109278,477473
155064,-1909760,-6039552,451696,-109278,352176
155074,-825344,-5708800,534128,-47227,442388
155084,-671744,-5265408,502432,-38438,370562
155094,-325632,-4792320,488544,-18633,382617
155104,-325632,-4295680,434224,-18633,338725
155114,-74752,-3739648,400848,-4278,325595
155124,-44032,-3271680,353024,-2520,349840
155134,-44032,-2710528,291648,-2520,283181
155144,0,-2214912,242256,0,277079
155154,0,-1728512,189056,0,236420
155164,0,-1306624,142912,0,243633
155174,0,-856064,93632,0,179825
155184,0,-510976,55888,0,187811
155194,3072,-129024,14448,175,142935
155204,6144,119808,-12432,351,177767
155214,6144,444416,-47936,351,131508
155224,331776,662528,-36176,18984,204474
155234,564224,942080,-41328,32285,167845
155244,636928,1196032,-61152,36445,129009
155254,636928,1381376,-81424,36445,101480
155264,1197056,1557504,-39424,68496,176133
155274,1197056,1745920,-60032,68496,140581
155284,1753088,1907712,-16912,100312,223220
155294,3040256,2139136,98560,173964,394759
155304,3040256,2466816,62720,173964,324513
155314,6998016,2905088,447664,400429,870180
155324,6998016,3625984,368816,400429,681365
155334,6998016,4676608,253904,400429,436905
155344,7292928,5798912,163408,417304,279713
155354,6438912,6846464,-44576,368437,45676
155364,3861504,7642112,-413504,220957,-427147
155374,3210240,8127488,-537824,183691,-560244
155384,1284096,7926784,-726544,73476,-622828
155394,801792,7365632,-717920,45878,-429544
155404,334848,6512640,-675696,19160,-301050
155414,269312,5505024,-572656,15410,-114369
155424,269312,4611072,-474880,15410,-99650
155434,9216,3756032,-409808,527,-125157
155444,9216,2957312,-322448,527,-79434
155454,0,2267136,-247968,0,-95517
155464,0,1662976,-181888,0,-91791
155474,0,1012736,-110768,0,-11723
155484,0,476160,-52080,0,32128
155494,0,55296,-6048,0,6962
155504,-173056,-263168,9856,-9903,-76611
155514,-222208,-600064,41328,-12715,-62416
155524,-359424,-978944,67760,-20567,4401
155534,-467968,-1251328,85680,-26778,19204
155544,-467968,-1457152,108192,-26778,36636
155554,-825344,-1668096,92176,-47227,16804
155564,-825344,-1900544,117600,-47227,95108
155574,-825344,-2055168,134512,-47227,131897
155584,-825344,-2116608,141232,-47227,110530
155594,-825344,-2197504,150080,-47227,141496
155604,-825344,-2230272,153664,-47227,139414
155614,-4256768,-2203648,-224560,-243575,-480984
155624,-6439936,-2429952,-438592,-368497,-739079
155634,-6999040,-3026944,-434448,-400489,-592549
155644,-7445504,-4030464,-373520,-426036,-354314
155654,-7445504,-5056512,-261296,-426036,-206116
155664,-7445504,-6116352,-145376,-426036,-53561
155674,-7145472,-7051264,-10304,-408868,28324
155684,-4540416,-7800832,356608,-259805,499543
155694,-3041280,-8350720,580720,-174024,742637
155704,-1150976,-8211456,772240,-65860,743358
155714,-637952,-7711744,773696,-36504,580537
155724,-637952,-6790144,672896,-36504,294912
155734,-4096,-5968896,652400,-235,324570
155744,-4096,-5086208,555856,-235,264989
155754,147456,-4276224,483840,8437,259424
155764,231424,-3632128,422576,13242,301160
155775,285696,-2930688,351792,16347,260930
155785,285696,-2344960,287728,16347,260151
155795,605184,-1795072,262528,34628,288028
155805,605184,-1294336,207760,34628,297782
155815,605184,-758784,149184,34628,258521
155825,2817024,-226304,332864,161191,559208
155835,2817024,408576,263424,161191,480599
155845,6782976,1222656,608160,388125,941803
155855,7521280,2289664,572208,430371,827349
155865,7521280,3614720,416192,430371,526095
155875,7599104,5082112,275296,434824,392495
155885,7599104,6526976,117264,434824,246135
155895,7444480,7730176,-31248,425976,198245
155905,7368704,8790016,-155456,421640,91139
155915,7368704,9606144,-244720,421640,63612
155925,7368704,10185728,-308112,421640,48854
155935,7292928,10710016,-373744,417304,-62843
155945,7292928,11004928,-406000,417304,-112487
155955,7292928,11174912,-424592,417304,-153503
155965,4075520,11160576,-774928,233203,-615127
155975,3280896,11037696,-848400,187734,-665125
155985,2726912,10554368,-856128,156035,-571632
155995,2057216,9634816,-828800,117714,-391805
156005,1561600,8699904,-780752,89355,-334362
156015,1378304,7613440,-681968,78867,-240244
156025,1378304,6564864,-567280,78867,-171892
156035,794624,5682176,-534576,45468,-242004
156045,794624,4665344,-423360,45468,-164870
156055,794624,3854336,-334656,45468,-193725
156065,794624,3026944,-244160,45468,-133115
156075,794624,2178048,-151312,45468,-51431
156085,794624,1529856,-80416,45468,-81073
156095,794624,874496,-8736,45468,-18941
156105,256000,270336,-1568,14648,-9734
156115,246784,-175104,46144,14121,13540
156125,246784,-555008,87696,14121,-7249
156135,231424,-889856,122640,13242,22634
156145,205824,-1223680,156352,11777,59997
156155,125952,-1567744,185248,7207,168065
156165,89088,-1723392,198240,5097,183202
156175,89088,-1789952,205520,5097,182104
156185,-4096,-1811456,197680,-235,172611
156195,-4096,-1847296,201600,-235,223210
156205,-4096,-1857536,202720,-235,240959
156215,-13312,-1751040,190064,-762,179103
156225,-50176,-1646592,174608,-2872,146187
156235,-50176,-1583104,167664,-2872,165470
156245,-50176,-1463296,154560,-2872,141567
156255,-50176,-1370112,144368,-2872,136083
156265,-50176,-1333248,140336,-2872,172323
156275,-1106944,-1236992,14224,-63340,-24174
156285,-1106944,-1187840,8848,-63340,-10034
156295,-1889280,-1231872,-71904,-108106,-99593
156305,-1889280,-1342464,-59808,-108106,-51301
156315,-4638720,-1526784,-340368,-265430,-505943
156325,-4638720,-1945600,-294560,-265430,-366594
156335,-7293952,-2596864,-513744,-417364,-615627
156345,-7293952,-3592192,-404880,-417364,-308730
156355,-7600128,-4542464,-334432,-434883,-198304
156365,-7600128,-5539840,-225344,-434883,-107085
156375,-7369728,-6619136,-82096,-421700,78845
156385,-5798912,-7415808,176848,-331817,357644
156395,-4540416,-8069120,385952,-259805,597002
156405,-4540416,-8264704,407344,-259805,412085
156415,-2788352,-8121344,583296,-159551,470013
156425,-2788352,-7663616,533232,-159551,243430
156435,-921600,-7268352,694176,-52735,508688
156445,-921600,-6759424,638512,-52735,465801
156455,-302080,-6163456,641088,-17286,494990
156465,-90112,-5592064,601776,-5157,508590
156475,-65536,-5002240,539952,-3750,478206
156485,-13312,-4301824,469056,-762,390673
156495,-10240,-3703808,403984,-586,354074
156505,-10240,-3128320,341040,-586,370471
156515,0,-2514944,275072,0,323125
156525,0,-2041856,223328,0,322750
156535,0,-1501184,164192,0,288673
156545,0,-1003520,109760,0,241504
156555,64512,-635904,76608,3691,268583
156565,64512,-192512,28112,3691,213260
156575,175104,157696,1904,10019,228695
156585,190464,445440,-27888,10898,240369
156595,181248,759808,-63280,10371,201476
156605,178176,1010688,-88928,10195,204179
156615,178176,1248256,-117040,10195,135280
156625,178176,1405952,-134288,10195,128882
156635,178176,1587200,-154112,10195,54323
156645,175104,1622016,-158256,10019,71564
156655,175104,1654784,-161840,10019,34448
156665,172032,1603584,-156576,9843,27706
156675,168960,1497088,-145264,9667,10533
156685,162816,1370112,-132048,9316,-18994
156695,162816,1126400,-105392,9316,20908
156705,159744,911360,-82208,9140,32582
156715,159744,691200,-58128,9140,61344
156725,159744,382976,-24416,9140,145283
156735,147456,216064,-7504,8437,123022
156745,147456,55296,10080,8437,108865
156755,141312,-70656,23184,8085,91943
156765,144384,-194560,37072,8261,96007
156775,144384,-428032,62608,8261,190841
156785,162816,-462848,68432,9316,143995
156795,202752,-524288,79520,11601,161716
156805,202752,-520192,79072,11601,119542
156815,243712,-518144,83328,13945,101727
156825,243712,-562176,88144,13945,129865
156835,272384,-542720,89152,15585,128068
156845,272384,-621568,97776,15585,205412
156855,275456,-530432,88144,15761,143881
156866,275456,-491520,83888,15761,129748
156876,275456,-359424,69440,15761,80369
156886,215040,-338944,60592,12304,99468
156896,215040,-266240,52640,12304,88436
156906,205824,-323584,57904,11777,165634
156916,205824,-237568,48496,11777,122932
156926,205824,-195584,43904,11777,126650
156936,205824,-113664,34944,11777,87694
156946,178176,-126976,33376,10195,117843
156956,178176,-59392,25984,10195,97857
156966,178176,-69632,27104,10195,135618
156976,175104,-12288,20496,10019,114561
156986,184320,36864,16128,10546,104060
156996,202752,131072,7840,11601,63739
157006,297984,139264,17360,17050,103855
157016,311296,143360,18368,17812,119889
157026,358400,174080,20160,20507,132051
157036,358400,186368,18816,20507,149737
157046,358400,286720,7840,20507,96667
157056,365568,361472,448,20917,74281
157066,362496,425984,-6944,20742,59159
157076,365568,406528,-4480,20917,106612
157086,376832,474112,-9296,21562,94037
157096,376832,439296,-6832,21562,136583
157106,376832,557056,-19712,21562,57935
157116,447488,581632,-14672,25605,76346
157126,447488,683008,-25760,25605,19699
157136,896000,631808,28896,51269,160552
157146,1324032,707584,67424,75761,197809
157156,1324032,720896,65968,75761,243420
157166,3175424,932864,245280,181699,454790
157176,5617664,1168384,486640,321445,809120
157186,7144448,1711104,594272,408808,869204
157196,7144448,2597888,497280,408808,583835
157206,8851456,3764224,556416,506484,606882
157216,8851456,5039104,416976,506484,421882
157226,8851456,6244352,285152,506484,310396
157236,8851456,7406592,158032,506484,255529
157246,6047744,8430592,-260624,346054,-262284
157256,6047744,9137152,-337904,346054,-306658
157266,2942976,9308160,-696192,168398,-685046
157276,2942976,8914944,-653184,168398,-368777
157286,1350656,8181760,-747152,77285,-392266
157296,1173504,7266304,-666400,67148,-255900
157306,496640,6299648,-634704,28417,-242736
157316,496640,5378048,-533904,28417,-189072
157326,352256,4432896,-442288,20156,-97712
157336,272384,3680256,-372736,15585,-148545
157346,234496,2841600,-285152,13417,-76337
157356,181248,2191360,-219856,10371,-95349
157366,135168,1612800,-161616,7734,-140666
157376,135168,975872,-91952,7734,-36516
157386,135168,385024,-27328,7734,-5692
157396,6144,-75776,8960,351,-33469
157406,6144,-504832,55888,351,-1503
157416,6144,-908288,100016,351,41798
157426,0,-1277952,139776,0,100542
157436,0,-1547264,169232,0,131232
157446,0,-1726464,188832,0,134664
157456,0,-1916928,215040,0,249781
157466,0,-1999872,218736,0,252692
157476,0,-1966080,215040,0,246404
157486,0,-1869824,204512,0,214008
157496,0,-1697792,185696,0,159534
157506,0,-1531904,167552,0,129852
157516,0,-1388544,151872,0,121968
157526,0,-1235968,135184,0,113272
157536,0,-1086464,118832,0,99590
157546,0,-976896,106848,0,113220
157556,-4096,-821248,89376,-235,86350
157566,-4096,-778240,84672,-235,138116
157576,-4096,-619520,67312,-235,97545
157586,-4096,-611328,66416,-235,175277
157596,-4096,-473088,51296,-235,125542
157606,-4096,-430080,46592,-235,163451
157616,-4096,-329728,35616,-235,132766
157626,-4096,-256000,27552,-235,123151
157636,-4096,-207872,22288,-235,125651
157646,-4096,-108544,11424,-235,82336
157656,-4096,-58368,5936,-235,83169
157666,-4096,26624,-3360,-235,58078
157676,-4096,23552,-3024,-235,103513
157686,-4096,104448,-11872,-235,71710
157696,-4096,120832,-13664,-235,98064
157706,-4096,142336,-16016,-235,100591
157716,-4096,182272,-20384,-235,80693
157726,-4096,135168,-15232,-235,128818
157736,-4096,191488,-21392,-235,75361
157746,-4096,168960,-18928,-235,83916
157756,-4096,181248,-20272,-235,57898
157766,-4096,189440,-21168,-235,37756
157776,-4096,137216,-15456,-235,64767
157786,-4096,162816,-18256,-235,31618
157796,-4096,130048,-14672,-235,46267
157806,-4096,58368,-6832,-235,84298
157816,-4096,31744,-3920,-235,85604
157826,-4096,-71680,7392,-235,142876
157836,-322560,-75776,-26992,-18458,53988
157846,-395264,-138240,-28112,-22618,49606
157856,-975872,-215040,-83216,-55840,-36632
157866,-1117184,-247808,-95088,-63926,-112412
157876,-1467392,-396288,-117152,-83965,-147146
157886,-2555904,-582656,-215824,-146250,-289016
157896,-2555904,-877568,-183568,-146250,-219181
157907,-3281920,-1301504,-216608,-187793,-222182
157917,-4210688,-1868800,-256144,-240938,-233918
157927,-4210688,-2382848,-199920,-240938,-210955
157937,-5559296,-3023872,-277312,-318106,-336991
157947,-6048768,-3777536,-248416,-346114,-292972
157957,-6112256,-4573184,-168336,-349747,-188309
157967,-6112256,-5302272,-88592,-349747,-118951
157977,-6048768,-6139904,9968,-346114,17798
157987,-6048768,-6757376,77504,-346114,25614
157997,-5442560,-7309312,204176,-311426,146196
158007,-5442560,-7844864,262752,-311426,241839
158017,-5442560,-8150016,296128,-311426,221038
158027,-5442560,-8327168,315504,-311426,183132
158037,-975872,-8423424,814576,-55840,888781
158047,-975872,-7999488,768208,-55840,636804
158057,-975872,-7237632,684880,-55840,400441
158067,-363520,-6444032,665056,-20801,390666
158077,-93184,-5632000,605808,-5333,393504
158087,-40960,-4850688,526064,-2344,361776
158097,-7168,-4214784,460208,-411,373054
158107,-7168,-3617792,394912,-411,398477
158117,-7168,-2972672,324352,-411,342376
158127,-7168,-2457600,268016,-411,338569
158137,-7168,-1927168,210000,-411,310756
158147,-7168,-1432576,155904,-411,276323
158157,-7168,-1082368,117600,-411,310264
158167,-7168,-648192,70112,-411,271041
158177,-4096,-304128,32816,-235,275678
158187,0,84992,-9296,0,234689
158197,0,416768,-45584,0,193948
158207,0,664576,-72688,0,183431
158217,0,899072,-98336,0,144227
158227,0,1033216,-113008,0,156049
158237,0,1208320,-132160,0,83724
158247,0,1274880,-139440,0,79846
158257,0,1318912,-144256,0,50979
158267,0,1339392,-146496,0,22131
158277,0,1227776,-134288,0,55852
158287,0,1176576,-128688,0,14784
158297,0,998400,-109200,0,56453
158307,0,845824,-94416,0,31978
158317,0,715776,-78288,0,21012
158327,0,522240,-57120,0,47059
158337,0,377856,-41328,0,32549
158347,0,220160,-24080,0,29973
158357,0,4096,-448,0,79742
158367,0,-108544,11872,0,70658
158377,0,-320512,35056,0,153032
158387,0,-412672,45136,0,131710
158397,0,-473088,51744,0,118389
158407,0,-521216,57008,0,110326
158417,0,-524288,57344,0,79409
158427,0,-564224,61712,0,91782
158437,0,-563200,61600,0,77318
158447,0,-550912,60256,0,65699
158457,0,-630784,68992,0,121237
158467,0,-585728,64064,0,85327
158477,0,-676864,74032,0,170426
158487,0,-609280,66640,0,119804
158497,0,-583680,63840,0,122034
158507,0,-536576,58688,0,111347
158517,0,-470016,51408,0,89912
158527,0,-414720,45360,0,84783
158537,0,-323584,35392,0,32804
158547,0,-297984,32592,0,67462
158557,0,-223232,24416,0,44114
158567,0,-193536,21168,0,54619
158577,0,-201728,22064,0,86696
158587,0,-126976,13888,0,57927
158597,6144,-166912,18928,351,125879
158607,6144,-66560,7952,351,69625
158617,6144,-33792,4368,351,76720
158627,365568,65536,32816,20917,88895
158637,365568,121856,26656,20917,80507
158647,365568,194560,18704,20917,67777
158657,1790976,339968,158704,102480,257961
158667,5737472,506880,572096,328300,879004
158677,5737472,1086464,508704,328300,655528
158687,5737472,1996800,409136,328300,393405
158697,10591232,3079168,821632,606035,1003241
158707,10591232,4380672,679280,606035,763116
158717,11016192,5895168,560112,630351,609104
158727,11016192,7454720,389536,630351,413954
158737,7836672,8974336,-124432,448417,-240302
158747,6998016,10117120,-341152,400429,-415220
158757,5327872,10642432,-581280,304863,-600627
158767,3175424,10605568,-812672,181699,-705156
158777,1828864,10020864,-896000,104648,-612555
158787,1197056,8935424,-846384,68496,-346072
158797,462848,7911424,-814688,26484,-361168
158807,355328,6811648,-706160,20332,-220155
158817,355328,5920768,-608720,20332,-263211
158827,52224,4911104,-531440,2988,-193319
158837,52224,4120576,-444976,2988,-244475
158847,52224,3277824,-352800,2988,-151468
158857,-4096,2518016,-275856,-235,-162228
158867,-4096,1820672,-199584,-235,-143370
158877,0,1153024,-126112,0,-86208
158887,0,653312,-71456,0,-142358
158897,0,107520,-11760,0,-94235
158907,0,-404480,44240,0,-55273
158917,0,-766976,83888,0,-65538
158927,0,-1198080,131040,0,30898
158937,0,-1587200,173600,0,133032
158947,0,-1761280,192640,0,128746
158957,0,-1826816,199808,0,93888
158967,0,-1928192,210896,0,150103
158977,0,-1921024,210112,0,170646
158987,0,-1849344,202272,0,179799
158997,0,-1754112,191856,0,177987
159007,0,-1545216,169008,0,111220
159018,0,-1330176,145488,0,72412
159028,0,-1124352,122976,0,46645
159038,0,-918528,100464,0,22547
159048,0,-829440,90720,0,74700
159058,0,-662528,72464,0,46247
159068,0,-601088,65744,0,98538
159078,0,-507904,55552,0,98890
159088,0,-372736,40768,0,71400
159098,0,-334848,36624,0,107460
159108,0,-211968,23184,0,74874
159118,0,-118784,12992,0,55667
159128,0,-48128,5264,0,46947
159138,0,57344,-6272,0,11096
159148,0,38912,-4256,0,69559
159158,0,105472,-11536,0,48942
159168,0,132096,-14448,0,61740
159178,0,105472,-11536,0,100657
159188,0,156672,-17136,0,63392
159198,0,158720,-17360,0,76410
159208,0,171008,-18704,0,69217
159218,0,222208,-24304,0,22402
159228,0,207872,-22736,0,24219
159238,0,197632,-21616,0,18817
159248,0,195584,-21392,0,2076
159258,0,64512,-7056,0,80322
159268,0,47104,-5152,0,59209
159278,0,-6144,672,0,72649
159288,0,-101376,11088,0,106065
159298,0,-89088,9744,0,73160
159308,0,-107520,11760,0,59437
159318,-10240,-146432,14896,-586,69556
159328,-93184,-106496,1456,-5333,10963
159338,-392192,-141312,-27440,-22442,-16603
159348,-392192,-169984,-24304,-22442,-19145
159358,-1162240,-197632,-105504,-66504,-150349
159368,-1162240,-340992,-89824,-66504,-97160
159378,-2583552,-527360,-224896,-147833,-270172
159388,-2583552,-753664,-200144,-147833,-234604
159398,-6926336,-1099776,-637280,-396329,-888278
159408,-7522304,-1738752,-632576,-430430,-776623
159418,-10488832,-2844672,-836080,-600176,-899401
159428,-10488832,-4282368,-678832,-600176,-585657
159438,-11234304,-5891072,-584416,-642833,-511472
159448,-11125760,-7628800,-382480,-636622,-214840
159458,-11125760,-9113600,-220080,-636622,-179840
159468,-11125760,-10560512,-61824,-636622,26568
159478,-10488832,-11588608,120288,-600176,142256
159488,-9785344