R
Px,Ix,Dx,Py,Iy,Dy,Pz,Iz,FFrx,FFry,FFdrx,FFdry,satI,satPID,KFQAng,KFQbias,KFRmeas,CPx,CIx,CPy,CIy,CsatI,CsatPID,CFFdrx,CFFdry,CFalpha,iRelaxX,IRelaxY,DmaxR,DmaxE,DMx,DMy
58,80,47,58,80,47,250,0,100,0,0,0,500000,15000000,10,1,1000,0,0,0,0,0,0,0,0,0.995,1023,1024,0,0,0,0
sysTickMs,PIDRefXi,PIDSensXi,PIDPoutXi,PIDFFoutXi,PIDUXi
42110,-4096,-6113280,1384112,-547,300333
42120,-4096,-6113280,1384112,-547,300333
42130,-4096,-6113280,1384112,-547,300333
42140,-4096,-6113280,1384112,-547,300333
42150,-4096,-6113280,1384112,-547,300333
42160,-4096,-6113280,1384112,-547,300333
42170,-4096,-6113280,1384112,-547,300333
42180,-4096,-6113280,1384112,-547,300333
42190,-4096,-6113280,1384112,-547,300333
42200,-4096,-6113280,1384112,-547,300333
42210,-4096,-6113280,1384112,-547,300333
42220,-4096,-6113280,1384112,-547,300333
42230,-4096,-6113280,1384112,-547,300333
42240,-4096,-6113280,1384112,-547,300333
42250,-4096,-6113280,1384112,-547,300333
42260,-4096,-6113280,1384112,-547,300333
42270,-4096,-6113280,1384112,-547,300333
42280,-4096,-6113280,1384112,-547,300333
42290,-4096,-6113280,1384112,-547,300333
42300,-4096,-6113280,1384112,-547,300333
42310,-4096,-6113280,1384112,-547,300333
42320,-4096,-6113280,1384112,-547,300333
42330,-4096,-6113280,1384112,-547,300333
42340,-4096,-6113280,1384112,-547,300333
42350,-4096,-6113280,1384112,-547,300333
42360,-4096,-6113280,1384112,-547,300333
42370,-4096,-6113280,1384112,-547,300333
42380,-4096,-6113280,1384112,-547,300333
42390,-4096,-6113280,1384112,-547,300333
42400,-4096,-6113280,1384112,-547,300333
42410,-4096,-6113280,1384112,-547,300333
42420,-4096,-6113280,1384112,-547,300333
42430,-4096,-6113280,1384112,-547,300333
42440,-4096,-6113280,1384112,-547,300333
42450,-4096,-6113280,1384112,-547,300333
42460,-4096,-6113280,1384112,-547,300333
42470,-4096,-6113280,1384112,-547,300333
42480,-4096,-6113280,1384112,-547,300333
42490,-4096,-6113280,1384112,-547,300333
42500,-4096,-6113280,1384112,-547,300333
42510,-4096,-6113280,1384112,-547,300333
42520,-4096,-6113280,1384112,-547,300333
42530,-4096,-6113280,1384112,-547,300333
42540,-4096,-6113280,1384112,-547,300333
42550,-4096,-6113280,1384112,-547,300333
42560,-4096,-6113280,1384112,-547,300333
42570,-4096,-6113280,1384112,-547,300333
42580,-4096,-6113280,1384112,-547,300333
42590,-4096,-6113280,1384112,-547,300333
42600,-4096,-6113280,1384112,-547,300333
42610,-4096,-6113280,1384112,-547,300333
42620,-4096,-6113280,1384112,-547,300333
42630,-4096,-6113280,1384112,-547,300333
42640,0,11264,-2552,0,-6768
42650,0,9216,-2088,0,-2642
42660,0,8192,-1856,0,-1043
42670,0,6144,-1392,0,845
42680,0,9216,-2088,0,-73
42690,0,10240,-2320,0,-4360
42700,0,5120,-1160,0,386
42710,0,8192,-1856,0,-2121
42720,0,8192,-1856,0,-2826
42730,0,12288,-2784,0,-683
42740,0,5120,-1160,0,-139
42750,0,8192,-1856,0,-3215
42760,0,8192,-1160,0,179
42770,0,5120,-1160,0,-700
42781,0,8192,-1856,0,-4379
42791,0,-3072,696,0,6816
42801,0,20480,-4640,0,-12978
42811,0,-35840,8120,0,28801
42821,0,-7168,1624,0,4940
42831,0,-7168,1624,0,7508
42841,0,10240,-2320,0,-2293
42851,0,24576,-5568,0,-17791
42861,0,15360,-3480,0,-1895
42871,0,-34816,7888,0,36474
42881,0,14336,-696,0,-3335
42891,0,-22528,5104,0,9409
42901,0,-20480,4640,0,5859
42911,0,-4096,928,0,-5369
42921,0,20480,-4640,0,-16198
42931,0,24576,-5568,0,-16362
42941,0,24576,-5568,0,-12286
42951,0,4096,-928,0,7236
42961,0,14336,-3248,0,-5392
42971,0,-4096,928,0,8664
42981,0,-10240,2320,0,6588
42991,0,-3072,696,0,-6215
43001,3072,24576,-4872,585,-28050
43011,3072,-48128,11600,585,38665
43021,3072,-15360,4176,585,1267
43031,6144,-16384,5104,1171,9492
43041,6144,-30720,8352,1171,14329
43051,6144,-24576,6960,1171,10694
43061,6144,11264,-1160,1171,-23385
43071,6144,9216,-696,1171,12
43081,6144,28672,-5104,1171,-22289
43091,9216,-70656,18096,1757,70315
43101,9216,-22528,7192,1757,-5018
43111,12288,-120832,30160,2343,66181
43121,12288,-97280,24824,2343,42501
43131,46080,-81920,29000,8789,31442
43141,52224,-128000,40832,9960,76821
43151,73728,-104448,37584,14062,47347
43161,73728,-139264,48256,14062,81107
43171,73728,-167936,54752,14062,108093
43181,82944,-124928,47096,15820,72034
43191,82944,-95232,40368,15820,40058
43201,107520,-104448,48024,20507,62740
43211,110592,-93184,46168,21093,64424
43221,110592,-17408,29000,21093,13180
43231,116736,27648,20184,22265,7905
43241,116736,76800,9048,22265,-3699
43251,125952,129024,-696,24023,-8905
43261,138240,193536,-12528,26367,-36608
43271,150528,236544,-19488,28710,-56686
43281,147456,241664,-21344,28125,-28151
43291,175104,247808,-16472,33398,15859
43301,175104,299008,-28072,33398,-21459
43311,193536,262144,-15544,36914,26206
43321,193536,244736,-11600,36914,56172
43331,193536,244736,-11600,36914,37623
43341,246784,275456,-6496,47070,31865
43351,269312,293888,-5568,51367,27984
43361,269312,335872,-15080,51367,1792
43371,285696,311296,-5800,54492,52574
43381,294912,317440,-5104,56250,69420
43391,321536,293888,6264,61328,105487
43401,321536,294912,6032,61328,91874
43411,398336,271360,28768,75976,116444
43421,398336,202752,44312,75976,149546
43431,398336,148480,56608,75976,172185
43441,432128,158720,61944,82421,152471
43451,458752,210944,56144,87500,106016
43461,458752,218112,54520,87500,122782
43471,492544,257024,53360,93945,149893
43481,518144,365568,34568,98828,110870
43491,574464,440320,30392,109570,118165
43501,615424,500736,25984,117382,138888
43511,642048,550912,20648,122460,186578
43521,659456,584704,16936,125781,169908
43531,676864,695296,-4176,129101,108515
43541,683008,703488,-4640,130273,137944
43551,683008,715776,-7424,130273,144255
43561,683008,787456,-23664,130273,96728
43571,683008,914432,-52432,130273,2519
43581,683008,920576,-53824,130273,19152
43591,683008,833536,-34104,130273,107630
43601,683008,764928,-18560,130273,140140
43611,683008,778240,-21576,130273,118511
43621,683008,770048,-19720,130273,104259
43631,683008,778240,-21576,130273,86972
43641,733184,724992,1856,139843,162292
43651,773120,728064,10208,147460,175361
43661,839680,764928,16936,160156,188255
43671,839680,919552,-18096,160156,71443
43681,855040,984064,-29232,163085,53060
43691,870400,1024000,-34800,166015,70329
43701,870400,1057792,-42456,166015,98853
43711,870400,1102848,-52664,166015,102976
43721,984064,1131520,-33408,187695,151341
43731,1012736,1191936,-40600,193164,125758
43741,1012736,1223680,-47792,193164,117669
43751,1012736,1306624,-66584,193164,63794
43761,1012736,1336320,-73312,193164,42788
43771,1003520,1288192,-64496,191406,94375
43781,1003520,1214464,-47792,191406,175196
43791,993280,1238016,-55448,189453,157537
43801,993280,1294336,-68208,189453,103116
43811,993280,1352704,-81432,189453,45057
43821,993280,1312768,-72384,189453,67033
43831,993280,1275904,-64032,189453,89256
43841,993280,1238016,-55448,189453,114820
43851,993280,1204224,-47792,189453,135252
43861,993280,1157120,-37120,189453,166044
43871,993280,1205248,-48024,189453,105452
43881,993280,1213440,-49880,189453,88904
43891,1003520,1241088,-53824,191406,67995
43901,1003520,1245184,-54752,191406,65299
43911,993280,1225728,-52664,189453,83012
43921,993280,1179648,-42224,189453,122262
43931,993280,1216512,-50576,189453,83177
43942,993280,1283072,-65656,189453,16948
43952,993280,1270784,-62872,189453,29005
43962,993280,1174528,-41064,189453,119125
43972,536576,1143808,-137576,102343,-66324
43982,536576,1057792,-118088,102343,-29764
43992,401408,894976,-111824,76562,-28314
44002,401408,614400,-48256,76562,93050
44012,266240,394240,-29000,50781,79321
44022,202752,204800,-464,38671,66723
44032,92160,-7168,22504,17578,77163
44042,92160,-169984,59392,17578,98106
44052,12288,-234496,55912,2343,18619
44062,0,-424960,96280,0,111416
44072,0,-516096,116928,0,125963
44082,0,-601088,136184,0,155147
44092,-4096,-756736,170520,-782,248245
44102,-4096,-716800,161472,-782,183083
44112,-4096,-762880,171912,-782,230384
44122,-4096,-678912,152888,-782,166900
44132,-16384,-632832,139664,-3125,160012
44142,-56320,-496640,99760,-10743,55331
44152,-130048,-500736,83984,-24805,67172
44162,-130048,-505856,85144,-24805,90286
44172,-130048,-508928,85840,-24805,93826
44182,-212992,-636928,96048,-40625,147504
44192,-229376,-642048,87464,-43750,81038
44202,-232448,-760832,119712,-44336,177798
44212,-232448,-745472,116232,-44336,119754
44222,-247808,-816128,128760,-47266,154908
44232,-250880,-799744,124352,-47852,120200
44242,-257024,-869376,138736,-49024,192913
44252,-257024,-851968,134792,-49024,181842
44262,-276480,-876544,135952,-52735,215564
44272,-292864,-862208,128992,-55860,191543
44282,-306176,-863232,126208,-58399,206929
44292,-306176,-875520,128992,-58399,191956
44302,-315392,-862208,123888,-60157,170677
44312,-315392,-901120,132704,-60157,194311
44322,-328704,-841728,116232,-62696,120341
44332,-328704,-892928,127832,-62696,159217
44342,-370688,-822272,102312,-70704,78369
44352,-406528,-916480,115536,-77540,152560
44362,-433152,-861184,96976,-82618,86821
44372,-440320,-950272,115536,-83985,173939
44382,-515072,-878592,82360,-98243,71868
44392,-546816,-944128,90016,-104297,116108
44402,-556032,-901120,78184,-106055,65574
44412,-649216,-1013760,82592,-123829,114110
44422,-649216,-1029120,86072,-123829,98697
44432,-753664,-1175552,95584,-143750,155271
44442,-809984,-1198080,87928,-154493,102558
44452,-809984,-1346560,121568,-154493,255467
44462,-809984,-1411072,136184,-154493,201790
44472,-1128448,-1521664,89088,-215235,120675
44482,-1162240,-1599488,99064,-221680,125894
44492,-1162240,-1649664,110432,-221680,112512
44502,-1259520,-1816576,126208,-240235,155454
44512,-1259520,-1870848,138504,-240235,127524
44522,-1423360,-2074624,147552,-271485,162516
44532,-1437696,-2173952,166808,-274219,149893
44542,-1529856,-2285568,171216,-291797,137624
44552,-1546240,-2447360,204160,-294922,197492
44562,-1611776,-2488320,198592,-307422,127197
44572,-1629184,-2628608,226432,-310743,190031
44582,-1629184,-2635776,228056,-310743,136720
44592,-1646592,-2747392,249400,-314063,196795
44602,-1664000,-2729984,241512,-317383,143244
44612,-1664000,-2784256,253808,-317383,181140
44622,-1664000,-2765824,249632,-317383,153550
44632,-1664000,-2786304,254272,-317383,178148
44642,-1664000,-2806784,258912,-317383,201690
44652,-1664000,-2727936,241048,-317383,150781
44662,-1664000,-2767872,250096,-317383,212649
44672,-1664000,-2644992,222256,-317383,132390
44682,-1664000,-2697216,234088,-317383,211228
44692,-1664000,-2594816,210888,-317383,139130
44702,-1664000,-2683904,231072,-317383,252051
44712,-1664000,-2598912,211816,-317383,183040
44722,-1664000,-2628608,218544,-317383,247069
44732,-1629184,-2505728,198592,-310743,186207
44742,-1629184,-2503680,198128,-310743,235559
44752,-1529856,-2442240,206712,-291797,260802
44762,-1437696,-2406400,219472,-274219,314176
44772,-1408000,-2321408,206944,-268555,295348
44782,-1408000,-2226176,185368,-268555,275425
44792,-1338368,-2120704,177248,-255274,277180
44802,-1310720,-1990656,154048,-250000,251927
44812,-1246208,-1858560,138736,-237696,233832
44822,-1063936,-1733632,151728,-202930,285015
44832,-966656,-1632256,150800,-184375,324006
44842,-966656,-1442816,107880,-184375,249987
44852,-747520,-1329152,131776,-142579,348484
44862,-541696,-1061888,117856,-103321,393522
44872,-359424,-841728,109272,-68555,339766
44882,-253952,-591872,76560,-48438,339939
44892,-126976,-163840,8352,-24219,183986
44902,-71680,55296,-28768,-13672,222728
44912,0,411648,-93264,0,131341
44922,0,588800,-133400,0,130744
44932,0,859136,-194648,0,34518
44942,0,961536,-217848,0,18206
44952,0,1077248,-244064,0,-4506
44962,0,1000448,-226664,0,68077
44972,3072,977920,-220864,585,60641
44982,3072,807936,-182352,585,151639
44992,3072,778240,-175624,585,87741
45002,12288,610304,-135488,2343,155672
45012,46080,566272,-117856,8789,112550
45022,46080,520192,-107416,8789,85962
45032,61440,436224,-84912,11718,106133
45042,61440,418816,-80968,11718,70402
45052,61440,335872,-62176,11718,107845
45062,55296,398336,-77720,10546,-128
45072,52224,307200,-57768,9960,43770
45082,52224,218112,-37584,9960,90170
45093,55296,258048,-45936,10546,20758
45103,55296,175104,-27144,10546,80353
45113,55296,110592,-12528,10546,115945
45123,55296,113664,-10904,10546,100382
45133,55296,76800,-4872,10546,102950
45143,55296,17408,8584,10546,131099
45153,55296,43008,2784,10546,85965
45163,55296,24576,6960,10546,97396
45173,55296,-24576,18096,10546,138706
45183,21504,16384,1160,4101,79505
45193,12288,43008,-6960,2343,50164
45203,12288,31744,-4408,2343,60399
45213,12288,4096,1856,2343,79005
45223,12288,15360,-696,2343,56404
45233,12288,-24576,8352,2343,79033
45243,12288,-40960,12064,2343,80463
45253,15360,-45056,13688,2929,71876
45263,15360,-15360,6960,2929,48550
45273,15360,-87040,23200,2929,120928
45283,15360,-13312,6496,2929,55917
45293,12288,77824,-14848,2343,-14905
45303,12288,19456,-1624,2343,58334
45313,12288,20480,-1856,2343,62245
45323,12288,57344,-10208,2343,28025
45333,12288,108544,-21808,2343,-23348
45343,12288,10240,464,2343,66631
45353,12288,20480,-1856,2343,45577
45363,12288,43008,-6960,2343,20863
45373,12288,30720,-4176,2343,35180
45383,12288,12288,0,2343,53135
45393,12288,61440,-11136,2343,8939
45403,12288,100352,-19952,2343,-18142
45413,24576,24576,0,4687,71670
45423,24576,32768,-1856,4687,63239
45433,64512,103424,-8816,12304,16666
45443,64512,131072,-15080,12304,41921
45453,153600,92160,13920,29296,92019
45463,153600,92160,13920,29296,104777
45473,153600,191488,-8584,29296,25434
45483,153600,241664,-19952,29296,-2538
45493,314368,256000,13224,59960,76110
45503,314368,210944,23432,59960,145828
45513,500736,365568,30624,95507,114560
45523,500736,488448,2784,95507,50376
45533,816128,520192,67048,155664,220902
45543,816128,616448,45240,155664,173003
45553,816128,842752,-6032,155664,82158
45563,1392640,1015808,85376,265625,271824
45573,1392640,1229824,36888,265625,226006
45583,1734656,1607680,28768,330859,218603
45593,1734656,1875968,-32016,330859,207793
45603,1734656,2264064,-119944,330859,75560
45613,1734656,2690048,-216456,330859,-80476
45623,2787328,2879488,-20880,531640,390283
45633,2787328,3142656,-80504,531640,311174
45643,2787328,3514368,-164720,531640,143872
45653,2787328,3816448,-233160,531640,67482
45663,2787328,4143104,-307168,531640,-2396
45673,3280896,4477952,-271208,625781,121911
45683,3210240,4667392,-330136,612304,120092
45693,3210240,4943872,-392776,612304,47120
45703,3210240,5223424,-456112,612304,-46837
45713,3210240,5361664,-487432,612304,-33528
45723,3210240,5377024,-490912,612304,28050
45733,3210240,5400576,-496248,612304,28586
45743,3210240,5419008,-500424,612304,-8332
45753,3210240,5374976,-490448,612304,-6671
45763,3141632,5250048,-477688,599218,25214
45773,3040256,5214208,-492536,579882,-47849
45783,2974720,5209088,-506224,567382,-136815
45793,2974720,5147648,-492304,567382,-150390
45803,2554880,5004288,-554944,487304,-279018
45813,2554880,4730880,-493000,487304,-158305
45823,1771520,4359168,-586264,337890,-327930
45833,1497088,3974144,-561208,285546,-328891
45843,1094656,3457024,-535224,208789,-364666
45853,1094656,2795520,-365168,208789,-87858
45863,808960,2087936,-289768,154296,-77917
45873,801792,1581056,-176552,152929,-58622
45883,801792,1079296,-62872,152929,33703
45893,665600,577536,19952,126953,99103
45903,584704,249856,75864,111523,96268
45913,549888,35840,116464,104882,55990
45923,549888,-153600,159384,104882,41252
45933,369664,-265216,143840,70507,-35626
45943,215040,-381952,135256,41015,-73751
45953,184320,-507904,156832,35156,-20786
45963,184320,-717824,204392,35156,131917
45973,46080,-813056,194648,8789,121957
45983,46080,-805888,193024,8789,71320
45993,46080,-839680,200680,8789,76416
46003,0,-917504,207872,0,113513
46013,0,-904192,204856,0,104724
46023,0,-898048,203464,0,138349
46033,0,-936960,212280,0,224110
46043,0,-887808,201144,0,232439
46053,0,-754688,170984,0,160938
46063,0,-747520,169360,0,216335
46073,0,-562176,127368,0,97138
46083,0,-493568,111824,0,97894
46093,0,-435200,98600,0,94794
46103,0,-331776,75168,0,33208
46113,0,-330752,74936,0,61309
46123,0,-350208,77952,0,86220
46133,0,-300032,67976,0,67916
46143,0,-429056,97208,0,204791
46153,0,-332800,75400,0,127538
46163,0,-359424,81432,0,172420
46173,12288,-284672,67280,2343,107767
46183,30720,-247808,63104,5859,87900
46193,64512,-219136,64264,12304,80367
46203,70656,-203776,62176,13476,101830
46213,95232,-269312,82592,18164,162786
46223,95232,-241664,76328,18164,157794
46233,95232,-277504,84448,18164,214004
46243,132096,-156672,65424,25195,143017
46253,132096,-108544,54520,25195,127609
46263,144384,24576,27144,27539,37170
46274,150528,-14336,37352,28710,108887
46284,150528,69632,18328,28710,48268
46294,181248,-45056,51272,34570,188063
46304,181248,26624,35032,34570,129330
46314,215040,-48128,59624,41015,232030
46324,246784,129024,26680,47070,93393
46334,263168,96256,37816,50195,159413
46344,269312,218112,11600,51367,79243
46354,269312,168960,22736,51367,196523
46364,266240,233472,7424,50781,121189
46374,269312,177152,20880,51367,198084
46384,266240,299008,-7424,50781,95640
46394,266240,275456,-2088,50781,128085
46404,266240,362496,-21808,50781,56989
46414,266240,269312,-696,50781,145976
46424,266240,304128,-8584,50781,114507
46434,272384,198656,16704,51953,200330
46444,272384,306176,-7656,51953,90356
46454,285696,228352,12992,54492,162402
46464,285696,368640,-18792,54492,24152
46474,285696,308224,-5104,54492,85802
46484,278528,388096,-24824,53125,17436
46494,278528,248832,6728,53125,157153
46504,275456,295936,-4640,52539,108348
46514,275456,196608,17864,52539,202544
46524,278528,181248,22040,53125,202135
46534,278528,204800,16704,53125,174002
46544,311296,184320,28768,59375,189290
46554,311296,217088,21344,59375,153307
46564,334848,171008,37120,63867,200622
46574,352256,250880,22968,67187,129428
46584,358400,210944,33408,68359,183002
46594,352256,323584,6496,67187,81916
46604,348160,304128,9976,66406,119191
46614,352256,344064,1856,67187,90771
46624,352256,358400,-1392,67187,96049
46634,352256,325632,6032,67187,133100
46644,352256,387072,-7888,67187,98334
46654,348160,337920,2320,66406,152443
46664,348160,399360,-11600,66406,102751
46674,348160,266240,18560,66406,225130
46684,342016,320512,4872,65234,160349
46694,342016,292864,11136,65234,183977
46704,334848,257024,17632,63867,211910
46714,334848,336896,-464,63867,115341
46724,334848,218112,26448,63867,224998
46734,278528,306176,-6264,53125,112351
46744,256000,340992,-19256,48828,76904
46754,156672,231424,-16936,29882,134291
46764,141312,268288,-28768,26953,74337
46774,46080,275456,-51968,8789,2651
46784,6144,188416,-41296,1171,29032
46794,6144,51200,-10208,1171,102631
46804,-13312,-6144,-1624,-2540,77524
46814,-13312,-96256,18792,-2540,92556
46824,-13312,-227328,48488,-2540,149084
46834,-90112,-344064,57536,-17188,165232
46844,-191488,-365568,39440,-36524,86819
46854,-253952,-382976,37584,-48438,75932
46864,-292864,-542720,56608,-55860,137593
46874,-476160,-583680,24360,-90821,48560
46884,-476160,-621568,32944,-90821,29995
46894,-727040,-783360,12760,-138672,7832
46904,-774144,-962560,42688,-147657,60359
46914,-957440,-1099776,32248,-182618,1827
46924,-1117184,-1317888,45472,-213086,7549
46934,-1393664,-1558528,37352,-265821,-29194
46944,-1498112,-1820672,73080,-285743,-3910
46954,-1829888,-2040832,47792,-349024,-118529
46964,-1993728,-2376704,86768,-380274,-72574
46974,-1993728,-2738176,168664,-380274,117464
46984,-2368512,-3108864,167736,-451758,36042
46994,-2420736,-3421184,226664,-461719,71032
47004,-2473984,-3772416,294176,-471875,133569
47014,-2473984,-4118528,372592,-471875,233852
47024,-2473984,-4393984,435000,-471875,275464
47034,-2500608,-4562944,467248,-476954,257987
47044,-2555904,-4705280,486968,-487500,247878
47054,-2555904,-4823040,509936,-487500,269982
47064,-2757632,-4787200,459824,-525977,140465
47074,-2757632,-4852736,474672,-525977,200574
47084,-2788352,-4861952,469800,-531836,192022
47094,-2757632,-4867072,477920,-525977,204307
47104,-2698240,-4972544,513648,-514649,301616
47114,-2368512,-4962304,587656,-451758,418270
47124,-2368512,-4951040,585104,-451758,427928
47134,-1209344,-4837376,821976,-230665,873577
47144,-871424,-4507648,823832,-166211,860646
47154,-871424,-3812352,666304,-166211,514521
47164,-359424,-3170304,636840,-68555,586159
47174,-359424,-2322432,444744,-68555,355928
47184,-13312,-1552384,348696,-2540,285782
47194,-13312,-894976,199752,-2540,243642
47204,-13312,-336896,73312,-2540,195179
47214,-13312,64512,-17632,-2540,180517
47224,0,423936,-96048,0,136223
47234,0,573440,-129920,0,178952
47244,0,741376,-167968,0,143798
47254,0,774144,-175392,0,157205
47264,0,816128,-184904,0,125145
47274,0,717824,-162632,0,178458
47284,0,733184,-166112,0,155463
47294,0,531456,-120408,0,233708
47304,0,497664,-112752,0,184821
47314,0,355328,-80504,0,243836
47324,0,365568,-82824,0,162877
47334,0,258048,-58464,0,210345
47344,0,314368,-71224,0,107998
47354,0,181248,-41064,0,196317
47364,0,218112,-49416,0,128904
47374,0,53248,-12064,0,251916
47384,0,106496,-24128,0,172970
47394,0,-27648,6264,0,271186
47404,0,40960,-9280,0,177515
47414,0,-41984,9512,0,225764
47424,-7168,4096,-2552,-1368,147697
47434,-10240,-106496,21808,-1954,227120
47444,-10240,-52224,9512,-1954,165225
47454,-10240,-120832,25056,-1954,237418
47464,-10240,-37888,2088,-1954,152141
47474,-197632,-61440,-30856,-37696,116469
47484,-373760,37888,-93264,-71290,-57722
47494,-373760,-88064,-64728,-71290,28874
47504,-373760,-130048,-55216,-71290,10636
47515,-541696,-372736,-38280,-103321,85050
47525,-541696,-508928,-7424,-103321,94099
47535,-684032,-743424,13456,-130469,133747
47545,-1024000,-912384,-25288,-195313,22269
47555,-1095680,-1106944,2552,-208985,59928
47565,-1095680,-1325056,51968,-208985,123461
47575,-2015232,-1485824,-119944,-384375,-273693
47585,-2243584,-1812480,-97672,-427930,-266956
47595,-2818048,-2330624,-110432,-537500,-316225
47605,-3041280,-3013632,-6264,-580079,-146599
47615,-3041280,-3721216,154048,-580079,34999
47625,-3041280,-4384768,304384,-580079,177108
47635,-2318336,-4987904,604824,-442188,584173
47645,-2318336,-5351424,687184,-442188,593945
47655,-2318336,-5136384,638464,-442188,295890
47665,-2318336,-4900864,585104,-442188,195631
47675,-2318336,-4491264,492304,-442188,31350
47685,-424960,-4233216,862808,-81055,813366
47695,-424960,-3762176,756088,-81055,664304
47705,-68608,-2818048,622920,-13086,403732
47715,-68608,-1903616,415744,-13086,143211
47725,6144,-1204224,274224,1171,109015
47735,6144,-540672,123888,1171,50273
47745,95232,35840,13456,18164,-8762
47755,190464,272384,-18560,36328,105634
47765,190464,522240,-75168,36328,82973
47775,435200,697344,-59392,83007,143267
47785,615424,788480,-39208,117382,268292
47795,870400,1038336,-38048,166015,254690
47805,1062912,1173504,-25056,202734,344979
47815,2242560,1541120,158920,427734,686265
47825,3175424,2105344,228984,605664,785243
47835,3175424,2944000,52432,605664,508725
47845,6438912,4113408,526872,1228125,1433177
47855,6438912,5627904,183744,1228125,879483
47865,10281984,7619584,603200,1961132,1796918
47875,10281984,9953280,74472,1961132,1067938
47885,12142592,12405760,-59624,2316015,1166654
47895,12142592,15159296,-683472,2316015,382442
47905,12142592,17481728,-1209648,2316015,-177556
47915,11455488,19205120,-1755776,2184960,-616860
47925,11455488,20111360,-1961096,2184960,-460443
47935,7218176,20119552,-2922968,1376757,-1816188
47945,6782976,19534848,-2889096,1293750,-1511872
47955,3502080,17637376,-3202528,667968,-1869301
47965,3074048,15509504,-2817408,586328,-1313926
47975,1734656,12706816,-2485880,330859,-1034730
47985,1734656,9820160,-1831872,330859,-294568
47995,1734656,7069696,-1208720,330859,192175
48005,1734656,4961280,-731032,330859,360714
48015,278528,3728384,-781608,53125,-360980
48025,202752,2834432,-596240,38671,-444710
48035,202752,2202624,-453096,38671,-427272
48045,202752,1113088,-206248,38671,-87154
48055,76800,290816,-48488,14648,-30833
48065,76800,-670720,169360,14648,273805
48075,9216,-1177600,268888,1757,172047
48085,9216,-1547264,360992,1757,179661
48095,-4096,-1960960,443352,-782,315451
48105,0,-2029568,459824,0,290815
48115,0,-2076672,470496,0,355238
48125,0,-1935360,438480,0,294454
48135,-7168,-1826816,412264,-1368,316207
48145,-7168,-1581056,356584,-1368,230335
48155,-83968,-1461248,312040,-16016,250916
48165,-229376,-1176576,214600,-43750,69238
48175,-229376,-1038336,183280,-43750,72959
48185,-229376,-904192,152888,-43750,68702
48195,-229376,-823296,134560,-43750,62806
48205,-760832,-900096,31552,-145118,-44154
48215,-1074176,-903168,-38744,-204883,-184784
48225,-2015232,-1129472,-200680,-384375,-438111
48235,-2788352,-1354752,-324800,-531836,-738184
48245,-2788352,-1970176,-185368,-531836,-461007
48255,-4945920,-3123200,-412960,-943360,-829050
48265,-4945920,-4336640,-138040,-943360,-469502
48275,-5500928,-5970944,106488,-1049219,-104398
48285,-5500928,-7364608,422240,-1049219,172977
48295,-4945920,-8634368,836592,-943360,621054
48305,-4945920,-9204736,964888,-943360,478900
48315,-3698688,-9302016,1269504,-705469,756668
48325,-2500608,-8981504,1468328,-476954,964598
48335,-1972224,-8260608,1424712,-376172,870955
48345,-1013760,-7044096,1366248,-193360,796266
48355,-897024,-5865472,1125664,-171094,545321
48365,-897024,-4637696,847496,-171094,289080
48375,-452608,-3566592,705512,-86329,281091
48385,-452608,-2661376,500424,-86329,179927
48395,-452608,-1936384,336168,-86329,123192
48405,-417792,-1537024,253576,-79688,220713
48415,-417792,-1234944,185136,-79688,280226
48425,-413696,-947200,120872,-78907,232397
48435,-402432,-794624,88856,-76758,250725
48445,-325632,-606208,63568,-62110,230324
48455,-279552,-416768,31088,-53321,199109
48465,-279552,-234496,-10208,-53321,153209
48475,-279552,-199680,-18096,-53321,201885
48485,-279552,-244736,-7888,-53321,303371
48495,-31744,-155648,28072,-6055,375283
48505,-28672,44032,-16472,-5469,247261
48515,-34816,287744,-73080,-6641,102102
48525,-40960,353280,-89320,-7813,123837
48535,-40960,314368,-80504,-7813,215854
48545,-74752,302080,-85376,-14258,253607
48555,-87040,439296,-119248,-16602,108713
48565,-87040,396288,-109504,-16602,123476
48575,-87040,286720,-84680,-16602,198330
48585,-102400,196608,-67744,-19532,223700
48595,-105472,157696,-59624,-20118,194158
48605,-105472,69632,-39672,-20118,214691
48615,-123904,13312,-31088,-23633,203786
48625,-154624,-15360,-31552,-29493,164557
48635,-247808,-160768,-19720,-47266,204832
48645,-279552,-289792,2320,-53321,265756
48655,-413696,-245760,-38048,-78907,104719
48665,-413696,-282624,-31784,-78907,71851
48675,-413696,-523264,24824,-78907,243406
48685,-413696,-634880,50112,-78907,272400
48695,-1546240,-674816,-197432,-294922,-259522
48705,-1546240,-984064,-127368,-294922,-116472
48716,-2394112,-1480704,-206944,-456641,-280443
48726,-2727936,-2256896,-106720,-520313,-98705
48736,-2727936,-2904064,39904,-520313,-32803
48746,-3579904,-3976192,89784,-682813,31943
48756,-3618816,-4545536,209960,-690235,-13696
48766,-3618816,-5391360,401592,-690235,260685
48776,-3618816,-5953536,528960,-690235,314410
48786,-3354624,-6351872,679064,-639844,451588
48796,-3354624,-6537216,721056,-639844,385161
48806,-3354624,-6560768,726392,-639844,326736
48816,-3354624,-6611968,737992,-639844,354139
48826,-1004544,-6506496,1246536,-191602,1299294
48836,-1004544,-6102016,1154896,-191602,1080691
48846,-343040,-5090304,1075552,-65430,862614
48856,-343040,-3837952,791816,-65430,418278
48866,-99328,-2627584,572808,-18946,283725
48876,-99328,-1595392,338952,-18946,155983
48886,-235520,-859136,141288,-44922,41866
48896,-235520,-423936,42688,-44922,100077
48906,-353280,-187392,-37584,-67383,106094
48916,-353280,-104448,-56376,-67383,177314
48926,-370688,-90112,-63568,-70704,233749
48936,-366592,-22528,-77952,-69922,176581
48946,-366592,-55296,-70528,-69922,195978
48956,-353280,-27648,-73776,-67383,162404
48966,-335872,-84992,-62640,-64063,172771
48976,-319488,-116736,-45936,-60938,228383
48986,-299008,-69632,-51968,-57032,199413
48996,-299008,-98304,-45472,-57032,231835
49006,-212992,-13312,-45240,-40625,202828
49016,-111616,152576,-59856,-21290,109744
49026,-111616,98304,-47560,-21290,175584
49036,-16384,92160,-24592,-3125,250036
49046,-10240,265216,-62408,-1954,120734
49056,0,217088,-49184,0,211707
49066,0,313344,-70992,0,161152
49076,0,534528,-121104,0,-7533
49086,0,480256,-108808,0,76468
49096,0,391168,-88624,0,227673
49106,0,412672,-93496,0,111311
49116,0,346112,-78416,0,129385
49126,0,329728,-74704,0,98738
49136,67584,262144,-44080,12890,134772
49146,67584,125952,-13224,12890,225718
49156,122880,195584,-16472,23437,158032
49166,122880,216064,-21112,23437,132655
49176,132096,262144,-29464,25195,107182
49186,132096,320512,-42688,25195,72344
49196,138240,261120,-27840,26367,203883
49206,138240,287744,-33872,26367,143750
49216,156672,243712,-19720,29882,201968
49226,172032,312320,-31784,32812,150470
49236,172032,306176,-30392,32812,155130
49246,172032,421888,-56608,32812,46985
49256,196608,355328,-35960,37500,119525
49266,196608,448512,-57072,37500,28771
49276,196608,401408,-46400,37500,65722
49286,199680,396288,-44544,38085,61396
49296,218112,384000,-37584,41601,82149
49306,228352,301056,-16472,43554,152940
49316,249856,370688,-27376,47656,80965
49326,252928,348160,-21576,48242,101333
49336,252928,287744,-7888,48242,155189
49346,259072,380928,-27608,49414,73656
49356,259072,387072,-29000,49414,84007
49366,259072,321536,-14152,49414,158101
49376,259072,427008,-38048,49414,58333
49386,259072,449536,-43152,49414,42092
49396,259072,364544,-23896,49414,124397
49406,252928,353280,-22736,48242,126318
49416,252928,435200,-41296,48242,37424
49426,263168,449536,-42224,50195,67139
49436,318464,346112,-6264,60742,120522
49446,355328,327680,6264,67773,133606
49456,369664,430080,-13688,70507,43309
49466,428032,377856,11368,81640,126222
49476,428032,393216,7888,81640,120395
49486,428032,483328,-12528,81640,60427
49496,620544,488448,29928,118359,173233
49506,929792,544768,87232,177343,290523
49516,1127424,716800,93032,215039,271014
49526,1662976,789504,197896,317187,530864
49536,1662976,1124352,122032,317187,358651
49546,2124800,1543168,131776,405273,384525
49556,2756608,2042880,161704,525781,458093
49566,2756608,2673664,18792,525781,258391
49576,3464192,3394560,15776,660742,331358
49586,3903488,4054016,-34104,744531,370520
49596,3903488,4841472,-212512,744531,122473
49606,3903488,5488640,-289768,802929,125448
49616,4209664,6054912,-418064,802929,27483
49626,3502080,6519808,-683704,667968,-310193
49636,3502080,6773760,-741240,667968,-289807
49646,3502080,6830080,-754000,667968,-239438
49656,2554880,6667264,-931712,487304,-516884
49666,2554880,6280192,-844016,487304,-337738
49676,1610752,5630976,-910832,307226,-443625
49686,1310720,4926464,-819192,250000,-357995
49696,1127424,4133888,-681152,215039,-274966
49706,1127424,3159040,-460288,215039,11076
49716,549888,2391040,-417136,104882,-91309
49726,549888,1819648,-287680,104882,-94682
49736,331776,1243136,-206480,63281,-80468
49746,305152,790528,-109968,58203,-47865
49756,187392,405504,-49416,35742,-34697
49766,178176,11264,37816,33984,51597
49776,175104,-299008,107416,33398,107837
49786,162816,-494592,148944,31054,115314
49796,147456,-642048,178872,28125,119649
49806,147456,-731136,199056,28125,105644
49816,82944,-714752,180728,15820,69342
49826,46080,-679936,164488,8789,29730
49836,3072,-696320,158456,585,46458
49846,0,-743424,168432,0,116343
49856,0,-737280,167040,0,130059
49866,0,-753664,170752,0,167895
49876,0,-668672,151496,0,109305
49886,0,-602112,136416,0,80589
49896,0,-551936,125048,0,82241
49906,9216,-502784,116000,1757,93030
49916,9216,-446464,103240,1757,97278
49926,24576,-310272,75864,4687,34876
49936,24576,-229376,57536,4687,24308
49946,30720,-208896,54288,5859,35677
49956,30720,-225280,58000,5859,77822
49966,64512,-188416,57304,12304,77736
49976,64512,-117760,41296,12304,34010
49986,231424,-106496,76560,44140,119984
49997,318464,-101376,95120,60742,183747
50007,318464,91136,51504,60742,57414
50017,451584,159744,67744,86132,134881
50027,451584,256000,44312,86132,113071
50037,471040,448512,5104,89843,14806
50047,471040,491520,-4640,89843,44079
50057,492544,565248,-16472,93945,48375
50067,523264,703488,-40832,99804,-12490
50077,610304,694272,-19024,116406,84476
50087,707584,750592,-9744,134960,118008
50097,1052672,893952,35960,200781,173346
50107,1173504,925696,56144,223828,255740
50117,1220608,1163264,12992,232812,151491
50127,1184768,1303552,-26912,225976,128515
50137,1184768,1570816,-87464,225976,23104
50147,739328,1657856,-208104,141015,-130083
50157,739328,1817600,-244296,141015,-188503
50167,739328,1628160,-201376,141015,-3833
50177,739328,1481728,-168200,141015,58463
50187,739328,1375232,-144072,141015,26590
50197,205824,1113088,-205552,39257,-115941
50207,12288,970752,-217152,2343,-192964
50217,12288,684032,-152192,2343,-101652
50227,12288,347136,-75864,2343,13156
50237,12288,-34816,10672,2343,154597
50247,-56320,-231424,39672,-10743,123016
50257,-114688,-364544,56608,-21875,77949
50267,-114688,-558080,100456,-21875,161546
50277,-319488,-659456,77024,-60938,101242
50287,-319488,-642048,73080,-60938,28848
50297,-489472,-783360,66584,-93360,45845
50307,-590848,-920576,74704,-112696,64932
50317,-621568,-1000448,85840,-118555,49759
50327,-621568,-1173504,125048,-118555,115820
50337,-809984,-1341440,120408,-154493,99365
50347,-1004544,-1409024,91640,-191602,-22952
50357,-1053696,-1574912,118088,-200977,18755
50367,-1053696,-1712128,149176,-200977,49128
50377,-1482752,-1774592,66120,-282813,-182214
50387,-1482752,-2009088,119248,-282813,-72800
50397,-1849344,-2248704,90480,-352735,-136117
50407,-3247104,-2476032,-174696,-619336,-661667
50417,-3247104,-2939904,-69600,-619336,-447132
50427,-3247104,-3709952,104864,-619336,-74296
50437,-5216256,-4367360,-192328,-994922,-803464
50447,-5216256,-5450752,53128,-994922,-373758
50457,-5216256,-6794240,357512,-994922,75977
50467,-5160960,-7784448,594384,-984375,229987
50477,-4444160,-8761344,978112,-847657,714762
50487,-4444160,-9073664,1048872,-847657,549917
50497,-1681408,-9032704,1665528,-320704,1499952
50507,-1681408,-8170496,1470184,-320704,936058
50517,-708608,-6920192,1407312,-135157,805204
50527,-708608,-5314560,1043536,-135157,267078
50537,-309248,-3873792,807592,-58985,173841
50547,-250880,-2736128,563064,-47852,109749
50557,-312320,-1666048,306704,-59571,-59788
50567,-319488,-1025024,159848,-60938,-17837
50577,-319488,-612352,66352,-60938,25885
50587,-292864,-382976,20416,-55860,102574
50597,-151552,-180224,6496,-28907,139487
50607,-65536,-120832,12528,-12500,243582
50617,-65536,76800,-32248,-12500,141409
50627,-65536,193536,-58696,-12500,155773
50637,-65536,311296,-85376,-12500,94798
50647,172032,500736,-74472,32812,103851
50657,281600,570368,-65424,53710,156062
50667,352256,716800,-82592,67187,118540
50677,387072,825344,-99296,73828,88501
50687,610304,861184,-56840,116406,216591
50697,939008,1050624,-25288,179101,248778
50707,2171904,1168384,227360,414257,752916
50717,2499584,1683456,184904,476757,596188
50727,2499584,2305024,44080,476757,378071
50737,3945472,3186688,171912,752539,630577
50747,3945472,4173824,-51736,752539,294735
50757,5921792,4983808,212512,1129492,974303
50767,6372352,6144000,51736,1215429,762305
50777,6506496,7573504,-241744,1241015,335046
50787,6438912,8982528,-576288,1228125,-161503
50797,6175744,10066944,-881600,1177929,-473457
50807,4490240,10461184,-1352792,856445,-961634
50817,4490240,10306560,-1317760,856445,-566955
50827,2756608,9477120,-1522616,525781,-717721
50837,1771520,8554496,-1536768,337890,-761777
50847,1771520,7414784,-1278552,337890,-401638
50857,483328,6001664,-1249552,92187,-518436
50867,423936,4766720,-983912,80859,-256907
50877,187392,3612672,-776040,35742,-198451
50887,138240,2639872,-529656,26367,121
50897,138240,1501184,-308792,26367,183429
50907,3072,890880,-201144,585,40337
50917,3072,347136,-77952,585,47121
50927,-16384,-108544,20880,-3125,68124
50937,-37888,-456704,94888,-7227,78480
50947,-188416,-798720,138272,-35938,87092
50957,-250880,-946176,157528,-47852,10370
50967,-366592,-1137664,174696,-69922,14748
50977,-424960,-1350656,209728,-81055,86045
50987,-424960,-1425408,226664,-81055,80523
50997,-585728,-1581056,225504,-111719,95603
51007,-921600,-1710080,178640,-175782,24696
51017,-1024000,-1813504,178872,-195313,29160
51027,-1629184,-1904640,62408,-310743,-211951
51037,-2528256,-2167808,-81664,-482227,-447928
51047,-2528256,-2536448,1856,-482227,-300353
51057,-4120576,-3065856,-238960,-785938,-767037
51067,-4120576,-3791872,-74472,-785938,-467071
51077,-4120576,-4695040,130152,-785938,-137604
51087,-4165632,-5494784,301136,-794532,37321
51097,-4165632,-6325248,489288,-794532,238665
51107,-4165632,-7007232,643800,-794532,352630
51117,-4165632,-7241728,696928,-794532,217265
51127,-2727936,-7345152,1046088,-520313,732688
51137,-2583552,-7266304,1060936,-492774,673951
51147,-2583552,-6765568,947488,-492774,375427
51157,-1351680,-6177792,1093416,-257813,704891
51168,-1351680,-5459968,930784,-257813,509940
51178,-565248,-4568064,906888,-107813,518611
51188,-565248,-3780608,728480,-107813,401627
51198,-222208,-2946048,617120,-42383,423910
51208,-160768,-2030592,423632,-30665,197011
51218,0,-1258496,285128,0,130836
51228,0,-678912,151264,0,106635
51238,0,-144384,32712,0,9985
51248,0,140288,-31784,0,96252
51258,0,442368,-100224,0,28624
51268,0,572416,-129688,0,51262
51278,0,581632,-131776,0,88103
51288,0,671744,-152192,0,38506
51298,0,562176,-127368,0,136523
51308,0,603136,-136648,0,74578
51318,0,528384,-119712,0,114307
51328,0,475136,-107648,0,118266
51338,0,513024,-116232,0,32157
51348,0,351232,-79576,0,138288
51358,0,303104,-68672,0,122661
51368,-10240,232448,-54984,-1954,127925
51378,-10240,82944,-21112,-1954,206218
51388,-71680,103424,-39672,-13672,112402
51398,-87040,24576,-25288,-16602,135639
51408,-154624,60416,-48720,-29493,18480
51418,-244736,-22528,-50344,-46680,10326
51428,-244736,-158720,-22040,-46680,61042
51438,-515072,-210944,-68904,-98243,-61813
51448,-570368,-495616,-16936,-108790,91536
51458,-897024,-629760,-61480,-171094,-48186
51468,-985088,-794624,-43152,-187891,-59130
51478,-1514496,-1062912,-102312,-288868,-196102
51488,-1629184,-1331200,-67048,-310743,-198055
51498,-2036736,-1696768,-77024,-388477,-258536
51508,-2612224,-2192384,-95120,-498243,-325005
51518,-2612224,-2669568,12992,-498243,-197677
51528,-2818048,-3227648,92800,-537500,-141009
51538,-2818048,-3883008,251720,-537500,98704
51548,-2818048,-4441088,367720,-537500,186492
51558,-1754112,-4768768,683008,-334571,596882
51568,-1754112,-4811776,692752,-334571,477467
51578,-556032,-4439040,879744,-106055,705031
51588,-556032,-3792896,733352,-106055,402148
51598,-34816,-3087360,691592,-6641,440423
51608,-10240,-2154496,485808,-1954,163243
51618,0,-1418240,305776,0,-5360
51628,0,-783360,177480,0,-27018
51638,0,-259072,58696,0,-88854
51648,0,-4096,928,0,-16061
51658,15360,186368,-38744,2929,12247
51668,122880,291840,-38280,23437,81958
51678,412672,295936,26448,78710,262980
51688,471040,439296,7192,89843,206188
51698,471040,489472,-4176,89843,225027
51708,1452032,761856,156368,276953,464919
51718,1452032,1047552,91640,276953,376512
51728,1452032,1575936,-28072,276953,141290
51738,1452032,2034688,-132008,276953,55796
51748,1452032,2605056,-261232,276953,-155767
51758,9031680,2826240,1405920,1722656,3067543
51768,11124736,3994624,1615416,2121875,3295989
51778,11124736,6282240,1097128,2121875,2138111
51788,11124736,9827328,293944,2121875,821160
51798,11343872,13358080,-456344,2163671,-21741
51808,9590784,16137216,-1483176,1829296,-1284493
51818,9122816,17915904,-1992184,1740039,-1405609
51828,9122816,18239488,-2065496,1740039,-741467
51838,3945472,17529856,-3077712,752539,-2232341
51848,3945472,16108544,-2755696,752539,-1490903
51858,1232896,13624320,-2807432,235156,-1526866
51868,1232896,10969088,-2205856,235156,-782535
51878,458752,8332288,-1783848,87500,-462784
51888,331776,5708800,-1218232,63281,-66816
51898,331776,3659776,-754000,63281,95410
51908,67584,2051072,-449384,12890,119474
51918,33792,1024000,-224344,6445,2646
51928,0,99328,-22504,0,113276
51938,0,-431104,97672,0,36870
51948,-4096,-868352,195808,-782,36227
51958,-7168,-1201152,270512,-1368,65137
51968,-7168,-1520640,342896,-1368,173972
51978,-53248,-1714176,376304,-10157,228302
51988,-53248,-1732608,380480,-10157,191382
51998,-53248,-1729536,379784,-10157,197908
52008,-244736,-1733632,337328,-46680,178901
52018,-356352,-1585152,278400,-67969,82828
52028,-480256,-1506304,232464,-91602,46525
52038,-825344,-1519616,157296,-157422,-9655
52048,-825344,-1543168,162632,-157422,33774
52058,-1325056,-1601536,62640,-252735,-135037
52068,-2420736,-1813504,-137576,-461719,-470692
52078,-2612224,-2219008,-89088,-498243,-354934
52088,-2612224,-2824192,48024,-498243,-102173
52098,-4396032,-3631104,-173304,-838477,-569281
52108,-4396032,-4365312,-6960,-838477,-411749
52118,-6306816,-5387264,-208336,-1202930,-905975
52128,-6439936,-6749184,70064,-1228321,-399347
52138,-6306816,-8458240,487432,-1202930,180547
52148,-4540416,-9728000,1175312,-866016,1070377
52158,-3317760,-10659840,1663440,-632813,1645714
52168,-3317760,-10628096,1656248,-632813,1231924
52178,-1646592,-9499648,1779208,-314063,1149405
52188,-424960,-7938048,1702184,-81055,997526
52198,-424960,-6024192,1268576,-81055,369634
52208,-111616,-4348928,960016,-21290,211464
52218,-111616,-2997248,653776,-21290,81732
52228,-166912,-1886208,389528,-31836,-1467
52238,-203776,-1102848,203696,-38868,-17543
52248,-200704,-562176,81896,-38282,-36242
52258,-194560,-282624,19952,-37110,48161
52268,-191488,-156672,-7888,-36524,146776
52278,-176128,-46080,-29464,-33594,171737
52288,-160768,91136,-57072,-30665,131182
52298,-160768,169984,-74936,-30665,106318
52308,-111616,129024,-54520,-21290,186470
52318,-111616,119808,-52432,-21290,198646
52328,-111616,149504,-59160,-21290,172835
52338,-111616,229376,-77256,-21290,104819
52348,-182272,209920,-88856,-34766,102572
52358,-232448,193536,-96512,-44336,94399
52368,-232448,178176,-93032,-44336,86264
52378,-325632,224256,-124584,-62110,-32477
52388,-433152,189440,-141056,-82618,-96594
52398,-433152,1024,-98368,-82618,6336
52408,-433152,-238592,-44080,-82618,127065
52418,-433152,-350208,-18792,-82618,126193
52428,-433152,-391168,-9512,-82618,63468
52439,-429056,-515072,19488,-81836,101549
52449,-429056,-662528,52896,-81836,170565
52459,-429056,-661504,52664,-81836,114153
52469,-429056,-637952,47328,-81836,66630
52479,-270336,-626688,80736,-51563,125909
52489,-270336,-700416,97440,-51563,202536
52499,-270336,-632832,82128,-51563,156969
52509,162816,-539648,159152,31054,300781
52519,162816,-412672,117392,31054,222942
52529,1105920,-83968,269584,210937,507037
52539,1645568,282624,308792,313867,609778
52549,2942976,1044480,430128,561328,784209
52559,2942976,1911808,233624,561328,501034
52569,2942976,2892800,11368,561328,241486
52579,4075520,4021248,12296,777343,391007
52589,4075520,4916224,-190472,777343,236254
52599,3657728,5617664,-444048,697656,-19593
52609,3657728,6362112,-612712,697656,-244511
52619,3657728,6637568,-675120,697656,-194288
52629,2124800,6651904,-1025672,405273,-699600
52639,2124800,6168576,-916168,405273,-386904
52649,1094656,5284864,-949344,208789,-400057
52659,984064,4423680,-779288,187695,-267242
52669,531456,3437568,-658416,101367,-208845
52679,514048,2390016,-425024,98046,53730
52689,471040,1633280,-263320,89843,82334
52699,447488,1120256,-152424,85351,46080
52709,384000,564224,-40832,73242,142514
52719,355328,232448,27840,67773,166299
52729,355328,104448,56840,67773,92352
52739,278528,-36864,57072,41015,40312
52749,215040,-193536,92568,41015,90032
52759,215040,-259072,107416,41015,63627
52769,125952,-377856,114144,24023,70408
52779,113664,-513024,141984,21679,133685
52789,122880,-526336,147088,23437,84541
52799,168960,-553984,163792,32226,138275
52809,168960,-622592,179336,32226,210474
52819,168960,-508928,153584,32226,134025
52829,168960,-594944,173072,32226,253247
52839,168960,-423936,134328,32226,133244
52849,831488,-384000,275384,158593,432168
52859,831488,-122880,216224,158593,275207
52869,2554880,71680,562600,487304,970168
52879,2697216,674816,458200,514453,707516
52889,2974720,1492992,335704,567382,511441
52899,2911232,2452480,103936,555273,160308
52909,2911232,3454976,-123192,555273,-46629
52919,2582528,4205568,-367720,492578,-304575
52929,2582528,4413440,-414816,492578,-101848
52939,2582528,4586496,-454024,492578,-79695
52949,2582528,4474880,-428736,492578,25834
52959,1032192,4292608,-738688,196875,-546231
52969,1032192,3988480,-669784,196875,-424504
52979,372736,3369984,-679064,71093,-416324
52989,199680,2582528,-539864,38085,-192997
52999,116736,1765376,-373520,22265,-45194
53009,0,1010688,-228984,0,39806
53019,-4096,181248,-41992,-782,275951
53029,-4096,-217088,48256,-782,221753
53039,-4096,-378880,84912,-782,102253
53049,-7168,-527360,117856,-1368,71743
53059,-7168,-726016,162864,-1368,157965
53069,-148480,-778240,142680,-28321,87790
53079,-179200,-849920,151960,-34180,103111
53089,-179200,-973824,180032,-34180,184201
53099,-338944,-950272,138504,-64649,68885
53109,-472064,-1020928,124352,-90040,65468
53119,-556032,-1103872,124120,-106055,91955
53129,-795648,-1126400,74936,-151758,-26943
53139,-1004544,-1300480,67048,-191602,-4429
53149,-1004544,-1438720,98368,-191602,36586
53159,-1482752,-1707008,50808,-282813,-45827
53169,-1482752,-2045952,127600,-282813,100181
53179,-1829888,-2240512,93032,-349024,-85208
53189,-1909760,-2573312,150336,-364258,-38334
53199,-1909760,-3003392,247776,-364258,123814
53209,-1909760,-3313664,318072,-364258,169629
53219,-1930240,-3655680,390920,-368165,273391
53229,-1930240,-3836928,431984,-368165,288297
53239,-1772544,-3896320,481168,-338086,311456
53249,-1772544,-3941376,491376,-338086,329597
53259,-1772544,-3762176,450776,-338086,189612
53269,-1595392,-3707904,478616,-304297,278830
53279,-1629184,-3516416,427576,-310743,166181
53289,-1646592,-3469312,412960,-314063,211678
53299,-1646592,-3311616,377232,-314063,156824
53309,-1595392,-3264512,378160,-304297,228437
53319,-1562624,-3132416,355656,-298047,176556
53329,-1246208,-3092480,418296,-237696,370329
53339,-1246208,-2923520,380016,-237696,301822
53349,-921600,-2787328,422704,-175782,413725
53359,-720896,-2553856,415280,-137500,426824
53369,-561152,-2155520,361224,-107032,303913
53379,-444416,-1937408,338256,-84766,331796
53389,-232448,-1574912,304152,-44336,367426
53399,-232448,-1176576,213904,-44336,250964
53409,-232448,-923648,156600,-44336,268598
53419,-62464,-517120,103008,-11915,198390
53429,-62464,-323584,59160,-11915,219657
53439,0,-69632,15776,0,195748
53449,0,112640,-25520,0,176537
53459,0,234496,-53128,0,185239
53469,0,396288,-89784,0,122124
53479,0,439296,-96048,0,165896
53489,0,536576,-121568,0,93603
53499,0,464896,-105328,0,176076
53509,0,510976,-115768,0,114772
53519,0,377856,-85608,0,216705
53529,0,385024,-87232,0,145652
53539,0,302080,-68440,0,193753
53549,0,361472,-81896,0,86707
53559,0,254976,-57768,0,148867
53569,0,302080,-68440,0,60510
53579,0,176128,-39904,0,136758
53590,-7168,160768,-38048,-1368,100795
53600,-191488,-5120,-42224,-36524,144099
53610,-191488,40960,-52664,-36524,55425
53620,-611328,-179200,-97904,-116602,34670
53630,-727040,-252928,-107416,-138672,-43723
53640,-2196480,-504832,-383264,-418946,-563061
53650,-2583552,-876544,-386744,-492774,-642795
53660,-4945920,-1702912,-734744,-943360,-1262066
53670,-4945920,-3406848,-348696,-943360,-496808
53680,-4841472,-5289984,101616,-923438,148218
53690,-4444160,-6872064,550072,-847657,602512
53700,-3503104,-7939072,1005024,-668165,987382
53710,-2818048,-8233984,1227048,-537500,984997
53720,-1698816,-7572480,1330752,-324024,862942
53730,-1408000,-6668288,1191784,-268555,587575
53740,-1408000,-5672960,966280,-268555,331979
53750,-524288,-4509696,902944,-100000,410909
53760,-524288,-3481600,670016,-100000,193305
53770,-123904,-2654208,573272,-23633,281386
53780,-123904,-1959936,415976,-23633,195958
53790,0,-1269760,287680,0,154259
53800,0,-710656,161008,0,71161
53810,12288,-431104,100456,2343,160783
53820,12288,-48128,13688,2343,91117
53830,153600,101376,11832,29296,216237
53840,153600,320512,-37816,29296,166538
53850,605184,445440,22272,115429,292507
53860,605184,574464,6960,115429,332429
53870,3007488,870400,484184,573632,1179853
53880,3007488,1216512,405768,573632,1043832
53890,6854656,2239488,1045624,1307421,2138431
53900,7599104,4285440,750752,1449414,1478469
53910,9495552,6943744,578144,1811132,1290507
53920,9882624,9925632,-9744,1884960,615500
53930,9784320,12784640,-679760,1866210,-110563
53940,9882624,14782464,-1110120,1884960,-321261
53950,8246272,16110592,-1781760,1572851,-1026505
53960,8246272,16569344,-1885696,1572851,-755648
53970,8246272,16060416,-1770392,1572851,-171060
53980,8246272,15221760,-2689344,639648,-1826795
53990,3353600,14341120,-2489360,639648,-1547091
54000,3353600,12382208,-2045544,639648,-696341
54010,3353600,10162176,-1511248,639648,78355
54020,3353600,8130560,-1082280,639648,345509
54030,428032,6551552,-1387360,81640,-767462
54040,116736,5254144,-1163944,22265,-711236
54050,73728,3917824,-870928,14062,-518152
54060,0,2324480,-526640,0,-58464
54070,-37888,1077248,-252648,-7227,27222
54080,-40960,-67584,6032,-7813,151940
54090,-40960,-714752,152656,-7813,96445
54100,-117760,-1398784,290232,-22461,252626
54110,-117760,-1587200,332920,-22461,162045
54120,-556032,-1623040,241744,-106055,-119881
54130,-556032,-1729536,265872,-106055,-90587
54140,-1869824,-1999872,29464,-356641,-459536
54150,-1869824,-2272256,91176,-356641,-306484
54160,-4256768,-2811904,-327352,-811915,-1106294
54170,-4256768,-4027392,-51968,-811915,-535143
54180,-6999040,-5580800,-321320,-1334961,-1114953
54190,-7445504,-7648256,45936,-1420118,-534407
54200,-7522304,-9479168,443352,-1434766,-65334
54210,-7600128,-11493376,882064,-1449610,336896
54220,-7600128,-12908544,1202688,-1449610,573503
54230,-7600128,-13400064,1314048,-1449610,283870
54240,-7600128,-13568000,1352096,-1449610,133758
54250,-4256768,-13391872,2069672,-811915,1296906
54260,-4256768,-12696576,1912144,-811915,941107
54270,-4256768,-11253760,1585256,-811915,318349
54280,-696320,-9917440,2089160,-132813,1508302
54290,-696320,-8508416,1769928,-132813,1094792
54300,-696320,-6871040,1398960,-132813,676527
54310,-13312,-5035008,1137728,-2540,506546
54320,-4096,-3467264,784624,-782,250385
54330,0,-1975296,447528,0,14484
54340,0,-950272,215296,0,-14641
54350,0,-263168,59624,0,78331
54360,0,309248,-70064,0,40241
54370,-13312,601088,-139200,-2540,51430
54380,-37888,754688,-179568,-7227,89671
54390,-105472,933888,-235480,-20118,-9559
54400,-142336,886784,-233160,-27149,59038
54410,-142336,916480,-239888,-27149,22080
54420,-142336,742400,-200448,-27149,139203
54430,-501760,726016,-278168,-95704,-81509
54440,-565248,525312,-247080,-107813,-39541
54450,-565248,378880,-213904,-107813,-70187
54460,-1993728,108544,-476296,-380274,-616828
54470,-1993728,-403456,-360296,-380274,-426923
54480,-1993728,-1076224,-207872,-380274,-182539
54490,-3862528,-1862656,-453096,-736719,-782813
54500,-2912256,-3260416,78880,-555469,187288
54510,-2669568,-4324352,374912,-509180,470978
54520,-1033216,-5259264,957464,-197071,1303132
54530,-702464,-5150720,1007808,-133985,936712
54540,-335872,-4486144,940296,-64063,657762
54550,-282624,-3433472,713864,-53907,271652
54560,-282624,-2330624,464000,-53907,-36978
54570,-13312,-1411072,316680,-2540,-65149
54580,0,-862208,195344,0,-21804
54590,0,-562176,127368,0,54959
54600,0,-296960,67280,0,27852
54610,3072,-250880,57536,585,131443
54620,30720,-72704,23432,5859,61640
54630,355328,-66560,95584,67773,273967
54640,435200,86016,79112,83007,230128
54650,435200,124928,70296,83007,288251
54660,435200,371712,14384,83007,144977
54670,435200,496640,-13920,83007,179191
54680,435200,787456,-79808,83007,30754
54690,2171904,903168,287448,414257,777906
54700,2171904,1477632,157296,414257,464174
54710,6713344,2250752,1011056,1280468,2033330
54720,7677952,3673088,907352,1464453,1773027
54730,7677952,6216704,331064,1464453,702082
54740,11233280,8771584,525480,2142578,1425380
54750,11233280,11717632,-109736,2142578,668086
54760,11909120,14498816,-586728,2271484,319156
54770,11794432,16786432,-1131000,2249609,-149449
54780,9784320,18400256,-1952048,1866210,-1102469
54790,9784320,19190784,-2131152,1866210,-874736
54800,9784320,18959360,-2078720,1866210,-382204
54810,5215232,18170880,-2935264,994726,-1812543
54820,5215232,17094656,-2691432,994726,-1375874
54830,3107840,15148032,-2727856,592773,-1389979
54841,1716224,12514304,-2446440,327343,-1002244
54851,1716224,9715712,-1812384,327343,-254527
54861,419840,6914048,-1471344,80078,-242641
54871,224256,4603904,-992264,42773,-79589
54881,73728,2744320,-605056,14062,48417
54891,3072,1321984,-298816,585,92115
54901,0,336896,-76328,0,108026
54911,0,-242688,54984,0,-36555
54921,0,-977920,221560,0,161316
54931,0,-1451008,328744,0,251414
54941,0,-1675264,379552,0,197946
54951,-10240,-1836032,413656,-1954,196000
54961,-62464,-1979392,434304,-11915,256659
54971,-349184,-1899520,351248,-66602,76433
54981,-349184,-1855488,341272,-66602,83592
54991,-349184,-1833984,336400,-66602,166664
55001,-349184,-1673216,299976,-66602,102378
55011,-8163328,-1642496,-1477376,-1557032,-3110900
55021,-9032704,-1766400,-1646272,-1722852,-3337559
55031,-9032704,-3354624,-1286440,-1722852,-2309941
55041,-9032704,-6085632,-667696,-1722852,-1077344
55051,-11456512,-9825280,-369576,-2185157,-747838
55061,-11456512,-13540352,472120,-2185157,214490
55071,-11344896,-16455680,1157912,-2163868,720255
55081,-11344896,-18594816,1642560,-2163868,826913
55091,-8942592,-19414016,2372432,-1705665,1427043
55101,-8942592,-19340288,2355728,-1705665,912252
55111,-5442560,-18323456,2918328,-1038086,1700488
55121,-4589568,-16784384,2762888,-875391,1307833
55131,-1366016,-14707712,3022728,-260547,1889208
55141,-1366016,-12142592,2441568,-260547,1069938
55151,-1366016,-9172992,1768768,-260547,326126
55161,0,-6365184,1442112,0,332506
55171,0,-4218880,955840,0,104841
55181,0,-2373632,537776,0,-56334
55191,-4096,-1078272,243368,-782,-51893
55201,0,-182272,41296,0,-50469
55211,6144,347136,-77256,1171,40779
55221,159744,644096,-109736,30468,198112
55231,278528,929792,-147552,53125,196986
55241,278528,1130496,-193024,53125,179068
55251,947200,1384448,-99064,180664,352392
55261,1197056,1570816,-84680,228320,422833
55271,1197056,1996800,-181192,228320,194215
55281,3427328,2314240,252184,653710,1060188
55291,3427328,3104768,73080,653710,722386
55301,6372352,4259840,478616,1215429,1513981
55311,6925312,5966848,217152,1320898,1033219
55321,6925312,8081408,-261928,1320898,344116
55331,6854656,10116096,-738920,1307421,-214400
55341,5859328,11580416,-1296184,1117578,-876317
55351,5215232,12279808,-1600568,994726,-1071467
55361,4892672,12062720,-1624464,933203,-765409
55371,3175424,10900480,-1750208,605664,-729866
55381,3074048,9592832,-1476912,586328,-387838
55391,3074048,7876608,-1088080,586328,151506
55401,2393088,6717440,-979736,456445,-53330
55411,1324032,5432320,-930784,252539,-219936
55421,1032192,4628480,-814784,196875,-362590
55431,605184,3592192,-676744,115429,-246834
55441,355328,2659328,-522000,67773,-216177
55451,141312,1639424,-339416,26953,-54411
55461,-7168,701440,-160544,-1368,35955
55471,-10240,-84992,16936,-1954,134496
55481,-10240,-761856,170288,-1954,255819
55491,-4096,-1114112,251488,-782,192858
55501,-4096,-1348608,304616,-782,181827
55511,0,-1479680,335240,0,188813
55521,0,-1518592,344056,0,217529
55531,0,-1540096,348928,0,280025
55541,-4096,-1372160,309952,-782,208528
55551,-4096,-1333248,301136,-782,289169
55561,-4096,-1129472,254968,-782,196326
55571,-4096,-1033216,233160,-782,224073
55581,-4096,-881664,198824,-782,179129
55591,-4096,-772096,174000,-782,172921
55601,-4096,-719872,162168,-782,189894
55611,-10240,-596992,132936,-1954,127568
55621,-10240,-536576,119248,-1954,112874
55631,-90112,-465920,85144,-17188,45967
55641,-105472,-490496,87232,-20118,84590
55651,-105472,-446464,77256,-20118,79390
55661,-203776,-548864,78184,-38868,112124
55671,-203776,-564224,81664,-38868,119113
55681,-203776,-681984,108344,-38868,210810
55691,-203776,-693248,110896,-38868,192713
55701,-209920,-732160,118320,-40040,199283
55711,-203776,-661504,103704,-38868,123474
55721,-160768,-680960,117856,-30665,159319
55731,-130048,-583680,102776,-24805,129937
55741,-71680,-616448,123424,-13672,167826
55751,-25600,-620544,134792,-4883,231252
55761,0,-533504,120872,0,197770
55771,0,-483328,109504,0,196202
55781,0,-263168,59624,0,36854
55791,0,-286720,64960,0,104416
55801,0,-307200,69600,0,172941
55811,0,-262144,59392,0,155950
55821,0,-217088,49184,0,136611
55831,0,-89088,20184,0,40337
55841,0,-156672,35496,0,124677
55852,0,-202752,45936,0,175803
55862,0,-89088,20184,0,68019
55872,0,-109568,24824,0,87707
55882,0,-277504,60784,0,232550
55892,0,-227328,51504,0,192941
55902,0,-86016,19488,0,57906
55912,0,-163840,37120,0,132675
55922,0,-135168,30624,0,126215
55932,0,-99328,22504,0,161355
55942,0,-107520,24360,0,142474
55952,0,-77824,17632,0,140695
55962,0,62464,-14152,0,28796
55972,0,-52224,11832,0,156753
55982,0,-81920,18560,0,198314
55992,0,39936,-9048,0,90990
56002,0,64512,-14616,0,79667
56012,0,84992,-19256,0,75679
56022,0,54272,-12296,0,108310
56032,0,25600,-5800,0,122781
56042,-4096,-5120,232,-782,141272
56052,-10240,62464,-16472,-1954,66175
56062,-10240,-90112,18096,-1954,193819
56072,-44032,-160768,26448,-8399,234432
56082,-68608,-27648,-9280,-13086,88418
56092,-83968,27648,-25288,-16016,23191
56102,-83968,-119808,8120,-21875,146314
56112,-117760,-107520,-2320,-22461,128553
56122,-160768,81920,-54984,-30665,-69421
56132,-160768,-43008,-26680,-30665,51911
56142,-349184,-144384,-46400,-66602,59399
56152,-349184,-110592,-54056,-66602,-8780
56162,-349184,-174080,-39672,-66602,5636
56172,-677888,-336896,-77256,-129297,-44865
56182,-1139712,-542720,-135256,-217383,-149676
56192,-1889280,-746496,-258912,-360352,-423964
56202,-1889280,-1145856,-168432,-360352,-280777
56212,-3008512,-1741824,-286984,-573829,-490085
56222,-7145472,-2485248,-1055832,-1362891,-1947904
56232,-7522304,-3998720,-798312,-1434766,-1384015
56242,-7522304,-6367232,-261696,-1434766,-317337
56252,-7522304,-8899584,312040,-1434766,473140
56262,-4589568,-10777600,1401976,-875391,1987760
56272,-2944000,-11367424,1908432,-561524,2054537
56282,-1546240,-10592256,2049488,-294922,1610870
56292,-1063936,-8786944,1749744,-202930,689778
56302,-1063936,-6718464,1281104,-202930,-20421
56312,-373760,-4902912,1026136,-71290,-105831
56322,-373760,-3665920,745880,-71290,-1648
56332,-373760,-2840576,558888,-71290,170880
56342,0,-2374656,538008,0,435803
56352,0,-1985536,449848,0,474543
56362,0,-1456128,329904,0,344789
56372,181248,-879616,240352,34570,236531
56382,321536,-384000,159848,61328,213421
56392,321536,6144,71456,61328,217100
56402,1094656,467968,141984,208789,426544
56412,2035712,941056,248008,388281,683513
56422,2942976,1522688,321784,561328,866999
56432,5921792,2386944,800864,1129492,1789523
56442,7070720,3723264,758408,1348632,1752977
56452,7444480,5713920,392080,1419921,1102682
56462,7444480,8158208,-161704,1419921,324538
56472,10080256,10460160,-86072,1922656,902931
56482,10080256,12279808,-498336,1922656,615082
56492,10802176,14096384,-746344,2060351,485986
56502,10802176,15562752,-1078568,2060351,155872
56512,9214976,16823296,-1723760,1757617,-687719
56522,8941568,17432576,-1920728,1705468,-692750
56532,8941568,17088512,-1845792,1705468,-245996
56542,8941568,16398336,-1689424,1705468,109609
56552,1734656,15825920,-3192552,330859,-2808414
56562,1127424,14836736,-3106016,215039,-2631035
56572,1127424,12787712,-2641784,215039,-1701675
56582,358400,9625600,-2099600,68359,-857589
56592,358400,6310912,-1348616,68359,16396
56602,358400,3665920,-749360,68359,399940
56612,43008,1767424,-390688,8203,254033
56622,-4096,510976,-116696,-782,203888
56632,-4096,-126976,27840,-782,12850
56642,-4096,-624640,140592,-782,-11006
56652,-4096,-984064,222024,-782,11904
56662,-10240,-1300480,292320,-1954,64128
56672,-90112,-1533952,327120,-17188,61734
56682,-90112,-1782784,383496,-17188,185301
56692,-90112,-1924096,415512,-17188,244480
56702,-879616,-1907712,232928,-167774,-104145
56712,-1128448,-1915904,178408,-215235,-181476
56722,-1325056,-1897472,129688,-252735,-284226
56732,-2080768,-2214912,30392,-396875,-385336
56742,-2583552,-2750464,37816,-492774,-309022
56752,-2583552,-3211264,-339880,-894336,-1098258
56762,-5106688,-3936256,-265176,-974024,-995723
56772,-5106688,-5323776,49184,-974024,-363764
56782,-5106688,-6637568,346840,-974024,11913
56792,-4302848,-8105984,861648,-820704,816298
56802,-2318336,-8576000,1417752,-442188,1342448
56812,-2058240,-8446976,1447448,-392579,1110503
56822,-825344,-7314432,1470184,-157422,946360
56832,-696320,-5907456,1180648,-132813,461108
56842,-696320,-4520960,866520,-132813,163095
56852,-343040,-3261440,661200,-65430,106616
56862,-359424,-2359296,453096,-68555,20258
56872,-373760,-1753088,312504,-71290,51608
56882,-366592,-1369088,227128,-69922,121318
56892,-366592,-953344,132936,-69922,41013
56902,-319488,-835584,116928,-60938,166123
56912,-250880,-677888,96744,-47852,195574
56922,-250880,-572416,72848,-47852,201825
56932,-114688,-512000,90016,-21875,290415
56943,-114688,-358400,55216,-21875,214592
56953,-114688,-303104,42688,-21875,235871
56963,-114688,-99328,-3480,-21875,116086
56973,-13312,-21504,1856,-2540,156102
56983,-13312,76800,-20416,-2540,149590
56993,-71680,180224,-57072,-13672,87785
57003,-71680,126976,-45008,-13672,199919
57013,-209920,263168,-107184,-40040,62474
57023,-209920,132096,-77488,-40040,158706
57033,-370688,136192,-114840,-70704,52306
57043,-370688,-29696,-77256,-70704,143943
57053,-1529856,-122880,-318768,-291797,-344686
57063,-1529856,-411648,-257984,-291797,-257204
57073,-4396032,-718848,-833112,-838477,-1450841
57083,-5559296,-2044928,-796224,-1060352,-1236546
57093,-7522304,-4056064,-785320,-1434766,-1262782
57103,-7522304,-6659072,-195576,-1434766,-317395
57113,-6048768,-9268224,729408,-1153711,980294
57123,-6048768,-11027456,1127984,-1153711,1094917
57133,-4120576,-11758592,1730488,-785938,1542915
57143,-1869824,-11285504,2133240,-356641,1793038
57153,-1869824,-10063872,1856464,-356641,1101998
57163,-1869824,-8272896,1450696,-356641,420837
57173,-524288,-6462464,1345368,-100000,517291
57183,-524288,-5031936,1021264,-100000,355078
57193,-102400,-3644416,802488,-19532,323009
57203,-4096,-2621440,592992,-782,298486
57213,-4096,-1658880,374912,-782,127879
57223,-4096,-1075200,242672,-782,176206
57233,-10240,-620544,138272,-1954,190433
57243,-10240,-142336,29928,-1954,98126
57253,-10240,61440,-16240,-1954,172217
57263,-4096,259072,-59624,-782,156194
57273,0,337920,-76560,0,198932
57283,0,499712,-113216,0,107535
57293,0,482304,-109272,0,170637
57303,0,556032,-125976,0,106734
57313,0,467968,-106024,0,193365
57323,0,550912,-124816,0,100634
57333,0,514048,-116464,0,117834
57343,0,423936,-96048,0,159806
57353,0,351232,-79576,0,178183
57363,0,269312,-61016,0,190951
57373,0,283648,-64264,0,109640
57383,-7168,105472,-25520,-1368,211024
57393,-7168,72704,-18096,-1368,179413
57403,-7168,-16384,-9744,-11329,202890
57413,-59392,45056,-23664,-11329,118592
57423,-59392,-63488,928,-11329,202510
57433,-117760,-66560,-11600,-22461,155819
57443,-117760,-46080,-16240,-22461,117730
57453,-176128,-77824,-40368,-33594,22996
57463,-289792,-17408,-61712,-55274,-24536
57473,-289792,-138240,-34336,-55274,54954
57483,-335872,-140288,-44312,-64063,-5934
57493,-353280,-271360,-18560,-67383,58734
57503,-476160,-275456,-32248,-90821,14067
57513,-493568,-525312,7192,-94141,133331
57523,-459776,-533504,16704,-87696,97363
57533,-459776,-658432,45008,-87696,165606
57543,-120832,-670720,124584,-23047,264304
57553,-44032,-734208,156368,-8399,337762
57563,199680,-550912,170056,38085,296054
57573,240640,-394240,143840,45898,260878
57583,398336,-40960,99528,75976,142167
57593,615424,122880,111592,117382,242173
57603,956416,443392,116232,182421,280211
57613,956416,726016,52200,182421,208167
57623,2879488,1057792,412728,549218,929619
57633,2879488,1656832,277008,549218,657931
57643,4944896,2476032,559352,943164,1204969
57653,4944896,3902464,236176,943164,634694
57663,6438912,5367808,242672,1228125,859482
57673,6372352,7170048,-180728,1215429,288491
57683,6372352,8726528,-533368,1215429,-46755
57693,6372352,9877504,-794136,1215429,-220761
57703,4944896,10579968,-1276696,943164,-776587
57713,4944896,10528768,-1265096,943164,-461344
57723,4944896,9859072,-1113368,943164,-6128
57733,4944896,9278464,-981824,943164,104527
57743,4944896,8698880,-850512,943164,208743
57753,4944896,8289280,-757712,943164,214707
57763,2393088,8033280,-1277856,456445,-849335
57773,2393088,7527424,-1163248,456445,-685052
57783,1392640,6434816,-1142368,265625,-625443
57793,1392640,5252096,-874408,265625,-290229
57803,1392640,3869696,-561208,265625,99885
57813,432128,2899968,-559120,82421,-279012
57823,259072,1909760,-373984,49414,-152405
57833,259072,1087488,-187688,49414,-40212
57843,259072,532480,-61944,49414,-38325
57853,15360,-179200,44080,2929,57599
57863,-13312,-521216,115072,-2540,-71971
57873,-56320,-894976,190008,-10743,14627
57883,-185344,-1397760,274688,-35352,195521
57893,-319488,-1502208,267960,-60938,73610
57903,-319488,-1626112,296032,-60938,86876
57913,-575488,-1690624,252648,-109766,-23201
57923,-871424,-1850368,221792,-166211,-32593
57933,-871424,-2024448,261232,-166211,84955
57943,-1529856,-2032640,113912,-291797,-235316
57953,-1698816,-2197504,112984,-324024,-206666
57963,-1698816,-2393088,157296,-324024,-125814
57973,-1950720,-2744320,179800,-372071,-51592
57983,-1950720,-3106816,261928,-372071,87603
57993,-1993728,-3303424,296728,-380274,29145
58003,-1993728,-3640320,373056,-380274,165235
58013,-1993728,-3800064,409248,-380274,174922
58023,-4945920,-3918848,-232696,-943360,-1025626
58033,-6241280,-3993600,-509240,-1190430,-1607496
58043,-6241280,-4873216,-309952,-1190430,-1076923
58053,-11234304,-6587392,-1052816,-2142774,-2395835
58063,-11234304,-9274368,-444048,-2142774,-1249642
58073,-11344896,-12636160,292552,-2163868,-151032
58083,-7219200,-15531008,1883144,-1376954,2196839
58093,-5216256,-17443840,2770312,-994922,2940268
58103,-5216256,-17701888,2828776,-994922,2207291
58113,-1128448,-16375808,3454480,-215235,2833529
58123,-802816,-14036992,2998368,-153125,1847196
58133,-802816,-10867712,2280328,-153125,732556
58143,-802816,-7778304,1580384,-153125,-32429
58153,-53248,-5215232,1169512,-10157,15598
58163,-28672,-3367936,756552,-5469,-48413
58173,0,-2072576,469568,0,22162
58184,0,-1202176,272368,0,85368
58194,0,-609280,138040,0,118165
58204,0,-70656,16008,0,57729
58214,221184,234496,-3248,42187,212529
58224,259072,619520,-81664,49414,140838
58234,318464,855040,-121568,60742,174475
58244,365568,1150976,-177944,69726,106818
58254,365568,1385472,-231072,69726,39945
58264,631808,1574912,-213672,120507,100444
58274,631808,1689600,-239656,120507,74949
58284,1828864,1789952,8816,348828,573943
58294,2847744,2086912,172376,543164,838847
58304,3007488,2648064,81432,573632,646767
58314,3007488,3556352,-124352,573632,254035
58324,7292928,4605952,608768,1391015,1641338
58334,7292928,6363136,210656,1391015,913319
58344,7292928,8441856,-260304,1391015,254823
58354,7292928,10444800,-714096,1391015,-277796
58364,11233280,11950080,-162400,2142578,1205341
58374,10695680,13205504,-568632,2040039,722891
58384,7070720,14419968,-1665064,1348632,-1030801
58394,7070720,15089664,-1816792,1348632,-896929
58404,4347904,15009792,-2415584,829296,-1678842
58414,3697664,13759488,-2279632,705273,-1167836
58424,1790976,11677696,-2239960,341601,-1072608
58434,1790976,9240576,-1687800,341601,-318544
58444,458752,7036928,-1490368,87500,-438300
58454,458752,5265408,-1089008,87500,-192054
58464,246784,3897344,-827080,47070,-279024
58474,181248,2531328,-532440,34570,-68106
58484,92160,1458176,-309488,17578,11333
58494,73728,739328,-148016,14062,-47856
58504,0,12288,-2784,0,56321
58514,-4096,-501760,112752,-782,94722
58524,-4096,-645120,150104,-782,-49566
58534,-90112,-1078272,223880,-17188,102409
58544,-90112,-1266688,266568,-17188,119465
58554,-244736,-1296384,238264,-46680,-12176
58564,-276480,-1460224,268192,-52735,69975
58574,-366592,-1596416,278632,-69922,122733
58584,-366592,-1748992,313200,-69922,246792
58594,-373760,-1565696,270048,-71290,68651
58604,-392192,-1551360,262624,-74805,87178
58614,-392192,-1531904,258216,-74805,130782
58624,-444416,-1563648,253576,-84766,202362
58634,-476160,-1422336,214368,-90821,117734
58644,-528384,-1289216,172376,-100782,57488
58654,-532480,-1167360,143840,-101563,10711
58664,-532480,-1080320,124120,-101563,-17327
58674,-532480,-1150976,140128,-101563,64432
58684,-532480,-1156096,141288,-101563,135189
58694,-524288,-1287168,172840,-100000,185968
58704,-519168,-1234944,162168,-99024,132898
58714,-519168,-1307648,178640,-99024,198332
58724,-556032,-1193984,144536,-106055,74526
58734,-632832,-1230848,135488,-120704,96556
58744,-975872,-1127424,34336,-186133,-125902
58754,-1117184,-1268736,34336,-213086,-36882
58764,-2447360,-1423360,-232000,-466797,-484632
58774,-3579904,-1541120,-461912,-682813,-1001385
58784,-3579904,-2205696,-311344,-682813,-679388
58794,-3579904,-3420160,-36192,-682813,-116983
58804,-3579904,-4645888,241512,-682813,235890
58814,-3579904,-5663744,472120,-682813,402686
58824,-14018560,-6263808,-1756936,-2673829,-4028561
58834,-14151680,-6849536,-1654392,-2699219,-3983045
58844,-14835712,-8584192,-1416360,-2829688,-3390113
58854,-14835712,-12081152,-624080,-2829688,-1799319
58864,-13755392,-16184320,589976,-2623633,104520
58874,-12989440,-20162560,1625160,-2477540,1297933
58884,-12989440,-22764544,2214672,-2477540,1377435
58894,-12989440,-23596032,2403056,-2477540,793152
58904,-1810432,-23673856,4953432,-345313,4973712
58914,-590848,-22281216,4914224,-112696,4437185
58924,-133120,-19632128,4417744,-25391,3360424
58934,-133120,-15678464,3521992,-25391,1906828
58944,3072,-11455488,2596080,585,710632
58954,-4096,-7246848,1640936,-782,-137119
58964,-4096,-3985408,902016,-782,-463699
58974,39936,-1832960,424328,7617,-425088
58984,122880,-619520,168200,23437,-89554
58994,246784,60416,42224,47070,130482
59004,246784,317440,-16008,47070,304843
59014,816128,715776,22736,155664,437096
59024,816128,1021952,-46632,155664,399579
59034,2035712,1662976,84448,388281,624203
59044,4789248,2526208,512720,913476,1450206
59054,4789248,3680256,251256,913476,1043532
59064,8330240,5507072,639624,1588867,1836345
59074,8330240,7475200,147088,1588867,1066431
59084,8330240,9913344,-358672,1588867,429579
59094,8941568,12240896,-747504,1705468,101900
59104,8941568,14156800,-1181576,1705468,-328089
59114,8162304,15525888,-1668312,1556835,-879605
59124,6506496,15991808,-2149016,1241015,-1344725
59134,6305792,15609856,-2107952,1202734,-948622
59144,6305792,14406656,-1835352,1202734,-267499
59154,4998144,13255680,-1870848,953320,-506988
59164,4998144,11747328,-1529112,953320,-79798
59174,3464192,10520576,-1598712,660742,-519436
59184,2472960,9495552,-1591056,471679,-845366
59194,2014208,8125440,-1384576,384179,-614400
59204,1364992,6910976,-1256512,260351,-657107
59214,1364992,5731328,-989248,260351,-477483
59224,1364992,4372480,-681384,260351,-177268
59234,555008,3208192,-601112,105859,-293828
59244,555008,2505728,-441960,105859,-379702
59254,555008,1467392,-206712,105859,-76814
59264,348160,969728,-140824,66406,-240036
59274,348160,234496,25752,66406,-37403
59284,355328,-264192,140360,67773,49165
59294,355328,-479232,189080,67773,-34900
59304,337920,-734208,242904,64453,33653
59314,337920,-747520,245920,64453,-46334
59324,259072,-852992,251952,49414,14538
59334,259072,-672768,211120,49414,-148580
59344,259072,-892928,261000,49414,103015
59354,240640,-660480,204160,45898,-92826
59364,240640,-823296,241048,45898,103260
59374,321536,-678912,226664,61328,55191
59384,376832,-610304,223648,71875,83449
59394,384000,-425984,183512,73242,14245
59404,384000,-306176,156368,73242,17434
59414,387072,-283648,151960,73828,149631
59424,387072,77824,70064,73828,-87967
59434,387072,-8192,89552,73828,105011
59444,384000,310272,16704,73242,-112931
59454,391168,104448,64960,74609,152142
59465,391168,358400,7424,74609,-36440
59475,496640,322560,39440,94726,56136
59485,589824,290816,67744,112500,157793
59495,589824,379904,47560,112500,34965
59505,855040,465920,88160,163085,218311
59515,855040,837632,3944,163085,-23548
59525,974848,904192,16008,185937,90312
59535,1084416,1207296,-27840,206835,5168
59545,1436672,1224704,48024,274023,283279
59555,1594368,1632256,-8584,304101,135191
59565,2847744,1828864,230840,543164,645822
59575,2847744,2375680,106952,543164,345553
59585,2847744,2801664,10440,543164,293991
59595,2847744,3590144,-168200,543164,6570
59605,6175744,4283392,428736,1177929,1224896
59615,6240256,5156864,245456,1190234,967009
59625,6305792,6499328,-43848,1202734,457652
59635,6240256,8083456,-417600,1190234,-67355
59645,6240256,9404416,-716880,1190234,-290503
59655,6047744,10263552,-955144,1153515,-442918
59665,6047744,10609664,-1033560,1153515,-254228
59675,6047744,10637312,-1039824,1153515,-79022
59685,4588544,10514432,-1342584,875195,-561581
59695,3578880,10191872,-1498256,682617,-851265
59705,3175424,9321472,-1392464,605664,-591666
59715,2527232,8491008,-1351168,482031,-668253
59725,2419712,7308288,-1107568,461523,-361676
59735,2419712,6392832,-900160,461523,-226757
59745,1364992,5485568,-933568,260351,-542486
59755,1364992,4429824,-694376,260351,-237557
59765,1197056,3660800,-558192,228320,-254278
59775,878592,2636800,-398344,167578,-127886
59785,878592,1744896,-196272,167578,115846
59795,759808,1078272,-72152,144921,23623
59805,676864,314368,82128,129101,178368
59815,564224,-27648,134096,107617,49925
59825,564224,-320512,200448,107617,41098
59835,405504,-563200,219472,77343,76045
59845,405504,-705536,251720,77343,71662
59855,398336,-706560,250328,75976,49841
59865,384000,-700416,245688,73242,51204
59875,369664,-720896,247080,70507,105073
59885,246784,-693248,212976,47070,67348
59895,199680,-670720,197200,38085,67670
59905,199680,-633856,188848,38085,81880
59915,-4096,-573440,128992,-782,-4781
59925,-4096,-501760,112752,-782,-21077
59935,-4096,-455680,102312,-782,-6679
59945,-319488,-422912,23432,-60938,-129609
59955,-377856,-427008,11136,-72071,-131810
59965,-388096,-482304,21576,-74024,-91125
59975,-388096,-573440,41992,-74024,-38551
59985,-388096,-703488,71456,-74024,23282
59995,-388096,-790528,91176,-74024,32192
60005,-392192,-969728,130848,-74805,112313
60015,-392192,-1100800,160544,-74805,169646
60025,-420864,-1261568,190472,-80274,185798
60035,-448512,-1297408,192328,-85547,151482
60045,-448512,-1273856,186992,-85547,107296
60055,-484352,-1228800,168664,-92383,101385
60065,-484352,-1178624,157296,-92383,90278
60075,-484352,-1185792,158920,-92383,105723
60085,-476160,-1185792,160776,-90821,99580
60095,-476160,-1271808,180264,-90821,172500
60105,-452608,-1312768,194880,-86329,198549
60115,-444416,-1308672,195808,-84766,183944
60125,-444416,-1253376,183280,-84766,122424
60135,-417792,-1330176,206712,-79688,206111
60145,-417792,-1339392,208800,-79688,225191
60155,-332800,-1304576,209496,-63477,198190
60165,-312320,-1157120,191400,-59571,145762
60175,-312320,-1188864,198592,-59571,231292
60185,-154624,-1223680,242208,-29493,290478
60195,-154624,-995328,190472,-29493,211003
60205,-154624,-1052672,203464,-29493,338182
60215,-22528,-888832,196272,-4297,259399
60225,-22528,-726016,159384,-4297,228311
60235,-10240,-754688,168664,-1954,312306
60245,-10240,2300928,-523624,-1954,-1817515
60255,-10240,606208,-139664,-1954,901234
60265,-4096,-3982336,901320,-782,2822423
60275,-4096,-4025344,911064,-782,1345927
60285,0,-2486272,563296,0,93343
60295,0,-850944,192792,0,-502417
60305,0,369664,-83752,0,-663406
60315,0,1146880,-259840,0,-629205
60325,0,1260544,-285592,0,-633198
60335,0,1260544,-285592,0,-633198
60345,0,1260544,-285592,0,-633198
60355,0,1260544,-285592,0,-633198
60365,0,1260544,-285592,0,-633198
60375,0,1260544,-285592,0,-633198
60385,0,1260544,-285592,0,-633198
60395,0,1260544,-285592,0,-633198
60405,0,1260544,-285592,0,-633198
60415,0,1260544,-285592,0,-633198
60425,0,1260544,-285592,0,-633198
60435,0,1260544,-285592,0,-633198
60445,0,1260544,-285592,0,-633198
60455,0,1260544,-285592,0,-633198
60465,0,1260544,-285592,0,-633198
60475,0,1260544,-285592,0,-633198
60485,0,1260544,-285592,0,-633198
60495,0,1260544,-285592,0,-633198
60505,0,1260544,-285592,0,-633198
60515,0,1260544,-285592,0,-633198
60525,0,1260544,-285592,0,-633198
60535,0,1260544,-285592,0,-633198
60545,0,1260544,-285592,0,-633198
60555,0,1260544,-285592,0,-633198
60565,0,1260544,-285592,0,-633198
60575,0,1260544,-285592,0,-633198
6058