R
Px,Ix,Dx,Py,Iy,Dy,Pz,Iz,FFrx,FFry,FFdrx,FFdry,satI,satPID,KFQAng,KFQbias,KFRmeas,CPx,CIx,CPy,CIy,CsatI,CsatPID,CFFdrx,CFFdry,CFalpha,iRelaxX,IRelaxY,DmaxR,DmaxE,DMx,DMy
43,80,47,58,80,47,250,0,15,0,0,0,500000,15000000,10,1,1000,0,0,0,0,0,0,0,0,0.995,1024,1015,0,0,0,0
sysTickMs,PIDRefXi,PIDSensXi,PIDPoutXi,PIDFFoutXi,PIDUXi
116988,0,-1726464,289992,0,634787
116998,0,-1726464,289992,0,634787
117008,0,-1726464,289992,0,634787
117018,0,-1726464,289992,0,634787
117028,0,-1726464,289992,0,634787
117038,0,-1726464,289992,0,634787
117048,0,-1726464,289992,0,634787
117058,0,-1726464,289992,0,634787
117068,0,-1726464,289992,0,634787
117078,0,-1726464,289992,0,634787
117088,0,-1726464,289992,0,634787
117098,0,-1726464,289992,0,634787
117108,0,-1726464,289992,0,634787
117118,0,-1726464,289992,0,634787
117128,0,-1726464,289992,0,634787
117138,0,-1726464,289992,0,634787
117148,0,-1726464,289992,0,634787
117158,0,-1726464,289992,0,634787
117168,0,-1726464,289992,0,634787
117178,0,-1726464,289992,0,634787
117188,0,-1726464,289992,0,634787
117198,0,-1726464,289992,0,634787
117208,0,-1726464,289992,0,634787
117218,0,-1726464,289992,0,634787
117228,0,-1726464,289992,0,634787
117238,0,-1726464,289992,0,634787
117248,0,-1726464,289992,0,634787
117258,0,-1726464,289992,0,634787
117268,0,-1726464,289992,0,634787
117278,0,-1726464,289992,0,634787
117288,0,-1726464,289992,0,634787
117298,0,-1726464,289992,0,634787
117308,0,-1726464,289992,0,634787
117318,0,-1726464,289992,0,634787
117328,0,-1726464,289992,0,634787
117338,0,-1726464,289992,0,634787
117348,0,-1726464,289992,0,634787
117358,0,-1726464,289992,0,634787
117368,0,-1726464,289992,0,634787
117378,0,-1726464,289992,0,634787
117388,0,-1726464,289992,0,634787
117398,0,-1726464,289992,0,634787
117408,0,-1726464,289992,0,634787
117418,0,-1726464,289992,0,634787
117428,0,-1726464,289992,0,634787
117438,0,-1726464,289992,0,634787
117448,0,-1726464,289992,0,634787
117458,0,5120,-860,0,-2344
117468,0,7168,-1204,0,-2870
117478,0,8192,-1376,0,-2153
117488,0,7168,-1204,0,-2319
117498,0,5120,-860,0,-78
117508,0,3072,-516,0,1672
117518,0,12288,-2064,0,-5621
117528,0,6144,-1032,0,-56
117538,0,9216,-1548,0,-3237
117548,0,8192,-1376,0,-2313
117558,0,6144,-1032,0,-1431
117568,0,5120,-860,0,-1210
117578,0,4096,-688,0,93
117588,0,10240,-1720,0,-6050
117598,0,8192,-1376,0,-5004
117608,0,24576,-4128,0,-14375
117618,0,-4096,688,0,7116
117628,0,27648,-4644,0,-18538
117639,0,13312,-2236,0,-3932
117649,9216,15360,-1032,263,-9549
117659,9216,-9216,3096,263,14647
117669,12288,-10240,3784,351,2564
117679,12288,13312,-172,351,-8866
117689,12288,-17408,4988,351,18320
117699,12288,-26624,6536,351,27406
117709,12288,26624,-2408,351,-5432
117719,12288,29696,-2924,351,-6868
117729,12288,24576,-2064,351,-4419
117739,12288,41984,-4988,351,-15930
117749,12288,57344,-7568,351,-30812
117759,9216,65536,-9460,263,-15955
117769,9216,50176,-6880,263,4018
117779,9216,48128,-6536,263,-15407
117789,9216,28672,-3268,263,-13052
117799,6144,-14336,3440,175,13796
117809,6144,-31744,6364,175,19310
117819,3072,-17408,3440,87,79
117829,0,-19456,3268,0,938
117839,0,-25600,4300,0,4321
117849,-4096,-27648,3956,-118,17912
117859,-4096,-16384,2064,-118,182
117869,-4096,2048,-1032,-118,-10874
117879,-4096,0,-688,-118,8686
117889,-4096,-16384,2064,-118,14956
117899,-4096,20480,-4128,-118,-22331
117909,-4096,-22528,3096,-118,17568
117919,-4096,-39936,6020,-118,18028
117929,-4096,1024,-860,-118,965
117939,-4096,-90112,14448,-118,43611
117949,0,-53248,8944,0,7694
117959,-4096,-109568,17716,-118,31785
117969,0,-114688,19264,0,35219
117979,0,-99328,16684,0,7730
117989,-4096,-168960,27692,-118,63204
117999,0,-142336,23908,0,33802
118009,-4096,-145408,24940,-118,31150
118019,-4096,-214016,35260,-118,67678
118029,-4096,-224256,36980,-118,50848
118039,-4096,-281600,46612,-118,74956
118049,-4096,-323584,53664,-118,77656
118059,-4096,-364544,60544,-118,56384
118069,-4096,-368640,61232,-118,68999
118079,-4096,-417792,69488,-118,99741
118089,-4096,-405504,67424,-118,87557
118099,-4096,-391168,65016,-118,94603
118109,-4096,-276480,45752,-118,14505
118119,0,-259072,43516,0,25875
118129,0,-385024,64672,0,144116
118139,0,-315392,52976,0,62718
118149,0,-444416,74648,0,163241
118159,0,-451584,75852,0,139040
118169,0,-522240,87720,0,186913
118179,0,-460800,77400,0,125029
118189,0,-518144,87032,0,180802
118199,0,-371712,62436,0,91268
118209,0,-342016,57448,0,105759
118219,0,-333824,56072,0,135556
118229,0,-276480,46440,0,95983
118239,0,-288768,48504,0,126530
118249,6144,-268288,46096,175,112327
118259,9216,-256000,44548,263,117645
118269,12288,-231424,40936,351,99349
118279,12288,-243712,43000,351,116617
118289,30720,-185344,36292,878,64758
118299,39936,-218112,43344,1142,102758
118309,39936,-242688,47472,1142,115572
118319,98304,-235520,56072,2812,126549
118329,98304,-201728,50396,2812,112829
118339,119808,-194560,52804,3427,155340
118349,113664,-131072,41108,3251,149104
118359,110592,125952,-2580,3164,-9412
118369,107520,238592,-22016,3076,-23770
118379,104448,309248,-34400,2988,-13867
118389,104448,353280,-41796,2988,10972
118399,104448,391168,-48160,2988,6585
118409,95232,438272,-57620,2724,-25745
118419,95232,414720,-53664,2724,-8700
118429,95232,377856,-47472,2724,15353
118439,95232,353280,-43344,2724,24754
118449,95232,356352,-43860,2724,5858
118459,95232,338944,-40936,2724,-3488
118469,95232,304128,-35088,2724,-3539
118479,98304,244736,-24596,2812,25362
118489,98304,270336,-28896,2812,-26934
118499,138240,201728,-10664,3955,6433
118509,138240,120832,2924,3955,47047
118519,138240,140288,-344,3955,-1314
118529,138240,79872,9804,3955,21400
118539,269312,31744,39904,7705,78809
118549,269312,66560,34056,7705,36250
118559,331776,71680,43688,9492,43764
118569,331776,40960,48848,9492,76758
118579,362496,91136,45580,10371,54600
118589,379904,142336,40248,10869,32835
118599,379904,182272,33196,10869,19760
118609,379904,200704,30100,10869,21780
118619,379904,178176,33884,10869,47438
118629,379904,163840,36292,10869,59629
118639,409600,186368,37496,11718,39953
118649,409600,195584,35948,11718,23622
118659,419840,84992,56244,12011,114644
118669,419840,23552,66564,12011,153857
118679,432128,129024,50912,12363,58839
118689,432128,75776,59856,12363,112941
118699,458752,105472,59340,13125,97128
118709,458752,50176,68628,13125,158414
118719,458752,46080,69316,13125,165252
118729,500736,103424,66736,14326,138985
118739,514048,130048,52804,14707,63881
118749,514048,120832,66048,14707,145595
118759,527360,233472,49364,15087,68227
118769,540672,237568,50912,15468,84137
118779,540672,210944,55384,15468,135211
118789,589824,276480,52632,16875,125966
118799,615424,192512,71036,17607,203938
118809,620544,254976,61404,17753,177535
118819,620544,372736,41624,17753,89269
118829,620544,384000,39732,17753,102212
118839,620544,470016,25284,17753,70839
118849,615424,422912,32336,17607,115838
118859,615424,464896,25284,17607,110526
118869,615424,521216,15824,17607,72299
118879,615424,504832,18576,17607,101953
118889,615424,532480,13932,17607,83456
118899,615424,537600,13072,17607,97288
118909,610304,533504,12900,17460,99924
118919,610304,609280,-172,17460,40572
118929,610304,523264,14620,17460,126185
118939,610304,601088,1548,17460,66252
118949,610304,566272,7396,17460,107396
118959,610304,499712,18576,17460,166510
118969,701440,588800,19952,20068,118619
118979,701440,572416,21672,20068,137932
118989,878592,628736,41968,25136,124419
118999,920576,697344,37496,26337,94092
119009,984064,646144,56760,28154,186301
119019,984064,783360,33712,28154,103125
119029,984064,844800,23392,28154,105994
119040,984064,887808,16168,28154,119787
119050,984064,1001472,-2924,28154,62807
119060,965632,1054720,-14964,27626,52571
119070,965632,996352,-5160,27626,133731
119080,920576,1017856,-14620,26337,122835
119090,801792,1081344,-46956,22939,34869
119100,801792,1102848,-50568,22939,13580
119110,801792,1040384,-40076,22939,59414
119120,514048,963584,-75508,14707,39512
119130,514048,920576,-68284,14707,40479
119140,391168,802816,-69144,11191,35331
119150,365568,713728,-58480,10458,17706
119160,196608,565248,-61920,5625,24963
119170,147456,437248,-48676,4218,28375
119180,147456,321536,-29240,4218,25573
119190,43008,219136,-29584,1230,-14639
119200,43008,71680,-4816,1230,13189
119210,9216,-87040,16168,263,62515
119220,9216,-252928,44032,263,132396
119230,9216,-295936,51256,263,92505
119240,9216,-290816,50396,263,30777
119250,0,-403456,67768,0,91901
119260,0,-456704,76712,0,107973
119270,-4096,-464896,77400,-118,100728
119280,-4096,-570368,95116,-118,176878
119290,-4096,-506880,84452,-118,99567
119300,-4096,-566272,94428,-118,146400
119310,-4096,-579584,96664,-118,142829
119320,-4096,-568320,94772,-118,135725
119330,-7168,-550912,91332,-206,123719
119340,-7168,-553984,91848,-206,138866
119350,-34816,-560128,88236,-997,145210
119360,-133120,-499712,61576,-3809,89307
119370,-151552,-545792,66220,-4336,134856
119380,-185344,-512000,54868,-5303,105210
119390,-197632,-633856,73272,-5655,202977
119400,-197632,-552960,59684,-5655,104866
119410,-276480,-625664,58652,-7911,161639
119420,-282624,-574464,49020,-8086,109032
119430,-325632,-664576,56932,-9317,179831
119440,-366592,-573440,34744,-10489,81787
119450,-366592,-616448,41968,-10489,125181
119460,-436224,-632832,33024,-12481,119025
119470,-448512,-686080,39904,-12833,160967
119480,-484352,-691200,34744,-13858,140641
119490,-519168,-709632,31992,-14854,138444
119500,-519168,-746496,38184,-14854,159283
119510,-595968,-768000,28896,-17051,149870
119520,-595968,-753664,26488,-17051,108940
119530,-616448,-798720,30616,-17637,128219
119540,-643072,-852992,35260,-18399,149716
119550,-684032,-841728,26488,-19571,168394
119560,-747520,-881664,22532,-21387,125231
119570,-747520,-892928,24424,-21387,124674
119580,-747520,-879616,22188,-21387,96311
119590,-747520,-917504,28552,-21387,113152
119600,-747520,-975872,38356,-21387,145596
119610,-1128448,-969728,-26660,-32286,50331
119620,-1128448,-1026048,-17200,-32286,77696
119630,-1310720,-975872,-56244,-37500,-26430
119640,-1310720,-1111040,-33540,-37500,47065
119650,-1529856,-1158144,-62436,-43770,-17235
119660,-1529856,-1344512,-31132,-43770,66343
119670,-1595392,-1387520,-34916,-45645,71
119680,-1717248,-1576960,-23564,-49131,52524
119690,-1717248,-1657856,-9976,-49131,28896
119700,-1993728,-1782784,-35432,-57042,-627
119710,-2015232,-1961984,-8944,-57657,62553
119720,-2080768,-2135040,9116,-59532,111434
119730,-2058240,-2311168,42484,-58887,177331
119740,-2058240,-2340864,47472,-58887,110761
119750,-2058240,-2482176,71208,-58887,140576
119760,-2058240,-2539520,80840,-58887,136612
119770,-2058240,-2712576,109908,-58887,221652
119780,-2058240,-2657280,100620,-58887,126471
119790,-2058240,-2732032,113176,-58887,166143
119800,-2080768,-2688000,101996,-59532,93667
119810,-2080768,-2787328,118680,-59532,177180
119820,-2080768,-2704384,104748,-59532,90497
119830,-2058240,-2772992,120056,-58887,164005
119840,-2058240,-2780160,121260,-58887,173197
119850,-2058240,-2724864,111972,-58887,142490
119860,-2058240,-2741248,114724,-58887,181435
119870,-2080768,-2608128,88580,-59532,91648
119880,-2080768,-2603008,87720,-59532,115587
119890,-2103296,-2591744,82044,-60176,122068
119900,-2103296,-2520064,70004,-60176,78494
119910,-2103296,-2590720,81872,-60176,158337
119920,-1950720,-2571264,104232,-55811,182156
119930,-1717248,-2507776,132784,-49131,200142
119940,-1453056,-2490368,174236,-41573,275740
119950,-966656,-2289664,222224,-27657,253462
119960,-684032,-2161664,248196,-19571,290476
119970,-684032,-1966080,215344,-19571,242049
119980,-309248,-1724416,237704,-8848,281570
119990,-257024,-1480704,205540,-7354,261945
120000,-47104,-1136640,183008,-1348,217789
120010,-47104,-883712,140524,-1348,192346
120020,0,-569344,95632,0,132650
120030,0,-419840,70520,0,169721
120040,0,-39936,6708,0,37270
120050,0,83968,-14104,0,86275
120060,52224,221184,-28380,1494,89292
120070,52224,311296,-43516,1494,112198
120080,52224,375808,-59512,1494,89888
120090,190464,503808,-52632,5449,84897
120100,285696,465920,-30272,8173,170227
120110,285696,587776,-50740,8173,79017
120120,342016,606208,-44376,9785,93625
120130,345088,601088,-43000,9873,109939
120140,345088,734208,-65360,9873,-3563
120150,348160,679936,-55728,9960,53151
120160,348160,683008,-56244,9960,44111
120170,348160,739328,-65704,9960,-7208
120180,419840,670720,-42140,12011,59066
120190,419840,701440,-47300,12011,9806
120200,600064,621568,-3612,17167,97888
120210,600064,598016,344,17167,95170
120220,600064,657408,-9632,17167,33550
120230,759808,603136,26316,21738,113151
120240,773120,659456,19092,22119,70746
120250,766976,637952,21672,21943,110154
120260,766976,621568,24424,21943,83652
120270,733184,758784,-4300,20976,52490
120280,733184,704512,4816,20976,133762
120290,719872,815104,-15996,20595,17872
120300,719872,845824,-21156,20595,64347
120310,713728,851968,-23220,20419,73472
120320,713728,939008,-37840,20419,7810
120330,713728,874496,-27004,20419,65737
120340,713728,845824,-27004,20419,50859
120350,631808,874496,-40764,18076,26812
120361,631808,790528,-26660,18076,86620
120371,594944,820224,-42828,17021,183
120381,600064,786432,-31304,17167,34323
120391,648192,718848,-11868,18544,66903
120401,648192,735232,-14620,18544,16057
120411,648192,652288,-688,18544,52742
120421,1094656,610304,81356,31318,140424
120431,1094656,633856,77400,31318,102324
120441,1378304,616448,127968,39433,184739
120451,1610752,745472,139148,46083,120022
120461,1610752,831488,130892,46083,143537
120471,2911232,1004544,320264,83291,332837
120481,3903488,1286144,439632,111679,428966
120491,4075520,1664000,405060,116601,366138
120501,4075520,2127872,327144,116601,269756
120511,4588544,2703360,316652,131279,242030
120521,4588544,3222528,229448,131279,191727
120531,4588544,3846144,124700,131279,14986
120541,4637696,4212736,71380,132685,68103
120551,4637696,4627456,1720,132685,16150
120561,4637696,4839424,-33884,132685,62151
120571,4637696,5098496,-77400,132685,28556
120581,4395008,5184512,-132612,125742,31025
120591,4119552,5368832,-209840,117861,-111288
120601,4119552,5337088,-204508,117861,-57214
120611,3280896,5337088,-345376,93867,-229400
120621,3175424,5228544,-344860,90849,-220364
120631,3210240,4948992,-292056,91845,-102536
120641,3210240,4686848,-248024,91845,-73597
120651,3210240,4393984,-198832,91845,-31552
120661,3210240,4057088,-142244,91845,66545
120671,3210240,3850240,-107500,91845,58993
120681,3175424,3762176,-98556,90849,-20082
120691,3175424,3574784,-67080,90849,29479
120701,2847744,3544064,-116960,81474,-111864
120711,2847744,3378176,-89096,81474,-43262
120721,2267136,3191808,-155316,64863,-77994
120731,1908736,3101696,-200380,54609,-179551
120741,1270784,2927616,-278296,36357,-267047
120751,1094656,2653184,-261784,31318,-214454
120761,993280,2390016,-234608,28417,-200342
120771,564224,2036736,-247336,16142,-193226
120781,451584,1658880,-202788,12919,-149131
120791,394240,1242112,-142416,11279,-66278
120801,372736,844800,-79292,10664,-18742
120811,372736,533504,-27004,10664,-16152
120821,372736,191488,30444,10664,55473
120831,372736,-44032,70004,10664,58325
120841,372736,-235520,102168,10664,107981
120851,372736,-456704,139320,10664,155059
120861,318464,-464896,131580,9111,70656
120871,318464,-598016,153940,9111,147236
120881,256000,-561152,137256,7324,81251
120891,256000,-655360,153080,7324,189695
120901,237568,-579584,137256,6796,138141
120911,234496,-605184,141040,6708,191073
120921,240640,-550912,132956,6884,167270
120931,240640,-543744,131752,6884,189866
120941,246784,-389120,106812,7060,81962
120951,252928,-477184,122636,7236,188589
120961,259072,-359424,103888,7412,103140
120971,272384,-389120,111112,7792,149113
120981,297984,-382976,114380,8525,176377
120991,301056,-363520,111628,8613,174447
121001,348160,-353280,117820,9960,206733
121011,369664,-286720,107156,10576,166924
121021,369664,-276480,108532,10576,213082
121031,428032,-175104,101308,12246,173724
121041,462848,-150528,103028,13242,192030
121051,483328,-65536,92192,13828,167561
121061,496640,47104,75508,14208,112652
121071,518144,16384,84280,14824,178508
121081,518144,117760,67252,14824,129995
121091,625664,166912,77056,17900,140541
121101,752640,150528,101136,21533,227228
121111,984064,320512,111456,28154,166799
121121,1094656,317440,130548,31318,254922
121131,1297408,407552,149468,37119,296523
121141,1337344,613376,121604,38261,207056
121151,1337344,646144,116100,38261,272534
121161,1337344,846848,82388,38261,197696
121171,1337344,1025024,52460,38261,141018
121181,1337344,1044480,49192,38261,215678
121191,1422336,1226752,32852,40693,150519
121201,1422336,1312768,18404,40693,142545
121211,1422336,1314816,18060,40693,199559
121221,1406976,1463296,-9460,40253,106213
121231,1422336,1448960,-4472,40693,163443
121241,1422336,1520640,-16512,40693,136255
121251,1422336,1601536,-30100,40693,85581
121261,1422336,1553408,-22016,40693,153891
121271,1422336,1653760,-38872,40693,78077
121281,1422336,1637376,-36120,40693,100488
121291,1422336,1613824,-32164,40693,128383
121301,1422336,1676288,-42656,40693,65465
121311,1406976,1591296,-30960,40253,154213
121321,1406976,1606656,-33540,40253,111942
121331,1245184,1571840,-54868,35625,82092
121341,1245184,1456128,-35432,35625,148740
121351,1245184,1484800,-40248,35625,68146
121361,1245184,1354752,-18404,35625,138707
121371,676864,1357824,-114380,19365,-34495
121381,676864,1262592,-98384,19365,-28885
121391,416768,1102848,-115240,11923,14770
121401,416768,952320,-89956,11923,-21247
121411,318464,626688,-51772,9111,114628
121421,256000,482304,-38012,7324,81936
121431,138240,250880,-18920,3955,110992
121441,76800,148480,-12040,2197,46027
121451,0,-68608,11524,0,99196
121461,0,-239616,40248,0,139333
121471,-4096,-371712,61748,-118,141039
121481,-4096,-572416,95460,-118,231649
121491,-4096,-584704,97524,-118,157901
121501,-4096,-687104,114724,-118,192919
121511,-7168,-678912,112832,-206,153081
121521,-10240,-684032,113176,-293,127887
121531,-10240,-747520,123840,-293,173017
121541,-126976,-668672,90988,-3633,69372
121551,-206848,-755712,92192,-5918,132836
121561,-206848,-731136,88064,-5918,151789
121571,-370688,-773120,67596,-10606,98992
121581,-402432,-882688,80668,-11514,178394
121591,-402432,-816128,69488,-11514,104109
121601,-402432,-891904,82216,-11514,156188
121611,-402432,-928768,88408,-11514,179629
121621,-643072,-910336,44892,-18399,93225
121631,-747520,-1002496,42828,-21387,160398
121641,-768000,-977920,35260,-21973,82071
121651,-768000,-1081344,52632,-21973,142312
121661,-913408,-1081344,28208,-26133,74928
121671,-913408,-1189888,46440,-26133,121671
121681,-1063936,-1236992,29068,-30440,134851
121691,-1095680,-1323008,38184,-31348,103274
121701,-1233920,-1452032,36636,-35303,145382
121711,-1285120,-1486848,33884,-36768,102529
121721,-1498112,-1665024,28036,-42862,151691
121732,-1546240,-1704960,26660,-44239,103255
121742,-1546240,-1858560,52460,-44239,177156
121752,-1889280,-1909760,3440,-54053,86627
121762,-1889280,-2101248,35604,-54053,179667
121772,-2058240,-2172928,19264,-58887,122769
121782,-2103296,-2366464,44204,-60176,171426
121792,-2292736,-2401280,18232,-65596,110907
121802,-2318336,-2580480,44032,-66329,171186
121812,-2318336,-2673664,59684,-66329,156775
121822,-2318336,-2849792,89268,-66329,206380
121832,-2342912,-2954240,102684,-67032,198492
121842,-2318336,-3020800,117992,-66329,174049
121852,-2342912,-3145728,134848,-67032,227911
121862,-2420736,-3123200,117992,-69258,148344
121872,-2447360,-3271680,138460,-70020,252691
121882,-2447360,-3264512,137256,-70020,206444
121892,-2447360,-3284992,140696,-70020,202059
121902,-2447360,-3337216,149468,-70020,240549
121912,-2447360,-3255296,135708,-70020,155085
121922,-2447360,-3386368,157724,-70020,270056
121932,-2447360,-3345408,150844,-70020,237615
121942,-2528256,-3309568,131236,-72334,197240
121952,-2612224,-3420160,135708,-74737,288317
121962,-2880512,-3351552,79120,-82413,170432
121972,-2975744,-3474432,83764,-85137,243104
121982,-3041280,-3599360,93740,-87012,303533
121992,-3041280,-3602432,94256,-87012,244762
122002,-3041280,-3792896,126248,-87012,354825
122012,-3041280,-3819520,130720,-87012,326893
122022,-3041280,-3860480,137600,-87012,311609
122032,-3008512,-3946496,157552,-86075,355367
122042,-2757632,-3880960,188684,-78897,313581
122052,-2757632,-3940352,198660,-78897,361462
122062,-2196480,-3902464,286552,-62842,477600
122072,-1810432,-3687424,315276,-51797,438371
122082,-1043456,-3549184,420884,-29854,587572
122092,-684032,-3308544,440836,-19571,610321
122102,-395264,-2919424,423980,-11309,534974
122112,-302080,-2495488,368424,-8643,463498
122122,-302080,-2050048,293604,-8643,348903
122132,-235520,-1586176,226868,-6739,313723
122142,-235520,-1270784,173892,-6739,348877
122152,-191488,-864256,113004,-5479,268492
122162,-108544,-553984,74820,-3106,256633
122172,-108544,-402432,49364,-3106,319637
122182,-7168,-137216,21844,-206,268528
122192,0,50176,-8428,0,251462
122202,0,126976,-21328,0,308538
122212,0,404480,-67940,0,171760
122222,0,476160,-79980,0,203416
122232,0,581632,-97696,0,174890
122242,0,604160,-101480,0,201642
122252,0,670720,-112660,0,172262
122262,-4096,711680,-120228,-118,128085
122272,-4096,660480,-111628,-118,153925
122282,-4096,666624,-112660,-118,112087
122292,-4096,619520,-104748,-118,122727
122302,-4096,565248,-95632,-118,117725
122312,-4096,481280,-81528,-118,151184
122322,-4096,350208,-59512,-118,186834
122332,-4096,272384,-46440,-118,184890
122342,-4096,179200,-30788,-118,195008
122352,-4096,132096,-22876,-118,174543
122362,-4096,35840,-6708,-118,187600
122372,-4096,-10240,1032,-118,188785
122382,-4096,-61440,9632,-118,180436
122392,-4096,-99328,15996,-118,180232
122402,-4096,-152576,24940,-118,189225
122412,-4096,-161792,26488,-118,179088
122422,-4096,-131072,21328,-118,139145
122432,-4096,-236544,39044,-118,229990
122442,-4096,-124928,20296,-118,123682
122452,-4096,-238592,39388,-118,225879
122462,-4096,-125952,20468,-118,130350
122472,-4096,-161792,26488,-118,171002
122482,-4096,-201728,33196,-118,221570
122492,-4096,-137216,22360,-118,164985
122502,0,-177152,29756,0,212552
122512,0,-103424,17372,0,159503
122522,0,-123904,20812,0,190824
122532,0,-97280,16340,0,186290
122542,0,-49152,8256,0,130289
122552,0,-56320,9460,0,183505
122562,0,5120,-860,0,151169
122572,0,8192,-1376,0,162370
122582,3072,58368,-9288,87,142576
122592,3072,112640,-18404,87,107639
122602,3072,76800,-12384,87,148202
122612,64512,172032,-18060,1845,75973
122622,64512,131072,-11180,1845,106106
122632,79872,138240,-9804,2285,112886
122642,79872,206848,-21328,2285,68317
122652,82944,160768,-13072,2373,120837
122662,82944,151552,-11524,2373,142094
122672,89088,177152,-14792,2548,118998
122682,89088,128000,-6536,2548,150218
122692,89088,151552,-10492,2548,114933
122702,89088,210944,-20468,2548,46570
122712,125952,149504,-3956,3603,101775
122722,129024,151552,-3784,3691,99481
122732,129024,99328,4988,3691,127650
122742,132096,61440,11868,3779,156897
122752,132096,109568,3784,3779,111746
122762,132096,59392,12212,3779,160837
122772,132096,114688,2924,3779,120899
122782,132096,111616,3440,3779,123461
122792,132096,184320,-8772,3779,77334
122802,132096,231424,-16684,3779,27796
122812,135168,200704,-11008,3867,96314
122822,135168,237568,-17200,3867,73362
122832,135168,160768,-4300,3867,140978
122842,181248,207872,-4472,5185,114050
122852,193536,231424,-6364,5537,70744
122862,208896,222208,-2236,5976,109978
122872,208896,347136,-23220,5976,1256
122882,208896,237568,-4816,5976,103520
122892,208896,246784,-6364,5976,96563
122902,447488,218112,38528,12802,144131
122913,447488,240640,34744,12802,161392
122923,584704,402432,30616,16728,63152
122933,615424,386048,38528,17607,122487
122943,855040,529408,54696,24462,95757
122953,855040,558080,49880,24462,97479
122963,1452032,600064,143104,41542,272895
122973,1790976,754688,174064,51240,266882
122983,1790976,856064,157036,51240,273071
122993,2611200,1093632,254904,74707,372282
123003,2611200,1404928,195392,74707,237681
123013,2611200,1710080,151360,74707,214567
123023,3141632,2015232,189200,89882,286284
123033,3280896,2398208,148264,93867,209080
123043,3280896,2757632,87892,93867,146335
123053,3280896,3050496,35604,93867,130553
123063,3316736,3407872,-15308,94892,63916
123073,3316736,3664896,-58480,94892,29362
123083,3316736,3834880,-87032,94892,33171
123093,3316736,4029440,-119712,94892,-20423
123103,3316736,4048896,-122980,94892,42359
123113,3389440,4123648,-123324,96972,29427
123123,3389440,4067328,-113864,96972,81454
123133,3464192,4084736,-104232,99111,65123
123143,3427328,4082688,-110080,98056,10274
123153,3464192,4021248,-93568,99111,19260
123163,3389440,3968000,-97180,96972,-10850
123173,3427328,3770368,-57620,98056,115127
123183,3427328,3742720,-52976,98056,78136
123193,3464192,3690496,-38012,99111,83079
123203,3464192,3718144,-42656,99111,17944
123213,3389440,3632128,-40764,96972,62259
123223,3389440,3629056,-40248,96972,51229
123233,3464192,3532800,-11524,99111,139083
123243,3464192,3636224,-28896,99111,33350
123253,3175424,3534848,-60372,90849,47281
123263,3175424,3564544,-65360,90849,-243
123273,3074048,3441664,-61748,87949,73736
123283,2974720,3439616,-78088,85107,4757
123293,2942976,3395584,-76024,84199,-13060
123303,2974720,3331072,-59856,85107,-3316
123313,3007488,3143680,-22876,86044,93607
123323,3007488,3081216,-12384,86044,85122
123333,3040256,3031040,1548,86982,79009
123343,3040256,3006464,5676,86982,67303
123353,2974720,2937856,6192,85107,79295
123363,2974720,2836480,23220,85107,149974
123373,2554880,2924544,-62092,73095,-34745
123383,2367488,2817024,-75508,67734,-3677
123393,2367488,2830336,-77744,67734,-54066
123403,1436672,2589696,-193672,41103,-88844
123413,1436672,2496512,-178020,41103,-105782
123423,824320,2251776,-239768,23583,-166061
123433,500736,1925120,-239252,14326,-147309
123443,500736,1433600,-156692,14326,38650
123453,266240,1163264,-150672,7617,-56027
123463,79872,738304,-110596,2285,16540
123473,49152,432128,-64328,1406,14197
123483,49152,65536,-2752,1406,92845
123493,49152,-87040,22876,1406,21047
123503,49152,-454656,84624,1406,163042
123513,49152,-611328,110940,1406,168306
123523,-7168,-784384,130548,-206,201460
123533,-13312,-831488,137428,-381,182044
123543,-13312,-780288,128828,-381,105261
123553,-102400,-886784,131752,-2930,156028
123563,-117760,-879616,127968,-3370,146273
123573,-117760,-831488,119884,-3370,112736
123583,-282624,-888832,101824,-8086,142210
123593,-282624,-839680,93568,-8086,111028
123603,-282624,-798720,86688,-8086,83140
123613,-282624,-830464,92020,-8086,113236
123623,-847872,-752640,-15996,-24258,-54642
123633,-975872,-865280,-18576,-27920,11414
123643,-975872,-958464,-2924,-27920,63260
123653,-1285120,-1086464,-33368,-36768,39919
123663,-1285120,-1302528,2924,-36768,124387
123673,-1646592,-1373184,-45924,-47110,-874
123683,-1646592,-1648640,344,-47110,106420
123693,-1646592,-1712128,11008,-47110,27262
123703,-1993728,-2038784,7568,-57042,108411
123713,-1993728,-2122752,21672,-57042,50537
123723,-2125824,-2445312,53664,-60821,174647
123733,-2172928,-2556928,64500,-62168,128439
123743,-2172928,-2747392,96492,-62168,175221
123753,-2342912,-2859008,86688,-67032,127102
123763,-2420736,-2956288,89956,-69258,91919
123773,-2555904,-3096576,90816,-73125,112853
123783,-2583552,-3163136,97352,-73917,75610
123793,-2727936,-3351552,104748,-78047,141363
123803,-2727936,-3420160,116272,-78047,122047
123813,-2788352,-3592192,135020,-79776,191516
123823,-2818048,-3705856,149124,-80625,230894
123833,-2944000,-3761152,137256,-84229,201241
123843,-3041280,-3818496,130548,-87012,193652
123853,-3041280,-3852288,136224,-87012,174014
123863,-3862528,-3991552,21672,-110508,84628
123873,-3862528,-4001792,23392,-110508,28252
123883,-4396032,-4180992,-36120,-125772,-17686
123893,-4396032,-4356096,-6708,-125772,28870
123903,-4589568,-4599808,1720,-131309,59500
123913,-4589568,-4919296,55384,-131309,186622
123923,-4790272,-5079040,48504,-137051,123762
123933,-5106688,-5419008,52460,-146104,188201
123943,-5106688,-5552128,74820,-146104,152797
123953,-5328896,-5793792,78088,-152461,177852
123963,-5500928,-5956608,76540,-157383,144215
123973,-5500928,-6105088,101480,-157383,130450
123983,-5500928,-6352896,143104,-157383,224838
123993,-5500928,-6415360,153596,-157383,162919
124003,-5500928,-6627328,189200,-157383,254450
124013,-5328896,-6692864,229104,-152461,264932
124023,-4945920,-6747136,302548,-141504,313149
124033,-4688896,-6832128,359996,-134151,417854
124043,-4638720,-6694912,345376,-132715,331669
124053,-4638720,-6497280,312180,-132715,232727
124063,-4256768,-6441984,367048,-121788,365586
124073,-4256768,-6300672,343312,-121788,373768
124083,-3008512,-6056960,512044,-86075,537364
124093,-3008512,-5817344,471796,-86075,500699
124103,-2172928,-5437440,548336,-62168,568017
124113,-1453056,-4885504,576544,-41573,519240
124123,-1453056,-4362240,488652,-41573,403556
124133,-493568,-3752960,547476,-14122,485682
124143,-105472,-3163136,513592,-3018,472663
124153,-4096,-2492416,417960,-118,380374
124164,6144,-1870848,315276,175,279730
124174,15360,-1332224,226352,439,249902
124184,36864,-900096,157380,1054,251649
124194,55296,-433152,82044,1582,197113
124204,190464,-54272,41108,5449,179238
124214,190464,166912,3956,5449,248145
124224,337920,441344,-17372,9667,262582
124234,352256,760832,-68628,10078,169754
124244,405504,913408,-85312,11601,197584
124254,435200,1167360,-122980,12451,104750
124264,483328,1325056,-141384,13828,78641
124274,589824,1371136,-131236,16875,144366
124284,589824,1554432,-162024,16875,34649
124294,589824,1593344,-168560,16875,48523
124304,912384,1707008,-128656,26103,74066
124314,993280,1679360,-115240,28417,108645
124324,1258496,1792000,-89612,36005,74807
124334,1392640,1737728,-57964,39843,169331
124344,1809408,1849344,-6708,51767,187238
124354,1809408,1850368,-6880,51767,228337
124364,1809408,2022400,-35776,51767,133181
124374,2554880,2085888,78776,73095,292862
124384,2638848,2271232,61748,75498,239021
124394,2756608,2492416,44376,78867,192758
124404,2817024,2662400,25972,80595,217285
124414,2817024,2988032,-28724,80595,93347
124424,3007488,3206144,-33368,86044,114353
124434,3007488,3403776,-66564,86044,105758
124444,3074048,3578880,-84796,87949,64192
124454,3074048,3652608,-97180,87949,73165
124464,3074048,3812352,-124012,87949,5475
124474,3007488,3757056,-125904,86044,30054
124484,3007488,3714048,-118680,86044,69533
124494,3007488,3753984,-125388,86044,5167
124504,3007488,3727360,-120916,86044,-10456
124514,3007488,3630080,-104576,86044,29885
124524,3040256,3552256,-86000,86982,35435
124534,3040256,3396608,-59856,86982,96264
124544,2974720,3381248,-68284,85107,40796
124554,2974720,3348480,-62780,85107,21640
124564,2911232,3278848,-61748,83291,37724
124574,2911232,3336192,-71380,83291,8057
124584,2879488,3229696,-58824,82382,17010
124594,2879488,3104768,-37840,82382,71385
124604,2847744,3092480,-41108,81474,30415
124614,2847744,3004416,-26316,81474,57147
124624,2847744,2964480,-19608,81474,60657
124634,2847744,2973696,-21156,81474,37599
124644,2817024,2953216,-22876,80595,29054
124654,2817024,2962432,-24424,80595,4298
124664,2847744,2819072,4816,81474,120387
124674,2847744,2821120,4472,81474,81043
124684,2847744,2873344,-4300,81474,8027
124694,2847744,2723840,20812,81474,124581
124704,2847744,2817024,5160,81474,41927
124714,2847744,2882560,-5848,81474,-9578
124724,2847744,2772992,12556,81474,85623
124734,2847744,2810880,6192,81474,58497
124744,2879488,2833408,7740,82382,62623
124754,2879488,2819072,-2236,82382,17279
124764,2847744,2921472,-12384,81474,6928
124774,2847744,2902016,-9116,81474,58040
124784,2817024,2964480,-24768,80595,9603
124794,2817024,3031040,-35948,80595,-29998
124804,2787328,2903040,-19436,79746,81919
124814,2787328,2931712,-24252,79746,47787
124824,2554880,2969600,-69660,73095,-43842
124834,2419712,2787328,-68456,69228,22517
124844,2341888,2826240,-81356,67001,-29946
124854,2341888,2700288,-60200,67001,26248
124864,2079744,2587648,-85312,59501,-11687
124874,2102272,2450432,-58480,60146,36712
124884,2102272,2361344,-40764,60146,43039
124894,2124800,2343936,-36808,60791,-33763
124904,2124800,2039808,14276,60791,159360
124914,2124800,2121728,516,60791,44945
124924,2124800,2105344,3268,60791,8241
124934,2124800,2003968,20296,60791,64083
124944,2124800,2016256,18232,60791,42566
124954,1716224,1931264,-36120,49101,14645
124964,1716224,1949696,-39216,49101,-47246
124974,1324032,1735680,-69144,37880,7788
124984,1324032,1657856,-56072,37880,-8643
124994,1094656,1583104,-82044,31318,-75937
125004,839680,1292288,-76024,24023,3746
125014,733184,1108992,-63124,20976,48969
125024,733184,857088,-20812,20976,80972
125034,500736,786432,-47988,14326,-59321
125044,432128,399360,5504,12363,140889
125054,318464,357376,-6536,9111,14808
125064,318464,191488,21328,9111,40317
125074,237568,-27648,44548,6796,102314
125084,202752,-114688,53320,5800,73921
125094,202752,-364544,95288,5800,212506
125104,159744,-323584,81184,4570,100740
125114,129024,-378880,85312,3691,92086
125124,129024,-473088,101136,3691,116038
125134,129024,-369664,83764,3691,60005
125144,21504,-484352,84968,615,158227
125154,21504,-406528,71896,615,97143
125164,21504,-357376,63640,615,61390
125174,3072,-441344,74648,87,123425
125184,-4096,-395264,65704,-118,69028
125194,-4096,-458752,76368,-118,131279
125204,-4096,-500736,83420,-118,166749
125214,-4096,-419840,69832,-118,91536
125224,-4096,-435200,72412,-118,106285
125234,-7168,-504832,83592,-206,111127
125244,-31744,-475136,74476,-909,121606
125254,-31744,-478208,74992,-909,133266
125264,-166912,-535552,61920,-4776,158981
125274,-166912,-462848,49708,-4776,82038
125284,-267264,-474112,34744,-7647,37515
125294,-267264,-581632,52804,-7647,150520
125304,-366592,-588800,37324,-10489,117452
125314,-392192,-559104,28036,-11221,69822
125324,-524288,-609280,14276,-15000,63974
125334,-524288,-742400,36636,-15000,155810
125344,-632832,-731136,16512,-18106,96197
125354,-654336,-770048,19436,-18721,95203
125364,-913408,-874496,-6536,-26133,95994
125374,-1004544,-909312,-15996,-28741,51790
125384,-1095680,-1024000,-12040,-31348,65264
125394,-1139712,-1205248,11008,-32608,142016
125404,-1233920,-1275904,7052,-35303,88554
125414,-1285120,-1336320,8600,-36768,43791
125424,-1310720,-1530880,36980,-37500,139134
125435,-1437696,-1656832,36808,-41133,158886
125445,-1437696,-1633280,32852,-41133,87818
125455,-1437696,-1638400,33712,-41133,46580
125465,-1595392,-1782784,31476,-45645,94045
125475,-1869824,-1858560,-1892,-53497,56758
125485,-1869824,-1967104,16340,-53497,91355
125495,-2292736,-2158592,-22532,-65596,105924
125505,-2368512,-2186240,-30616,-67764,16399
125515,-2757632,-2304000,-76196,-78897,-66578
125525,-3008512,-2646016,-60888,-86075,46389
125535,-3008512,-2872320,-22876,-86075,68735
125545,-3820544,-3073024,-125560,-109307,-102876
125555,-4076544,-3481600,-99932,-116631,-16893
125565,-4033536,-3783680,-41968,-115401,15805
125575,-4033536,-4210688,29756,-115401,134541
125585,-4033536,-4537344,84624,-115401,164490
125595,-4033536,-4815872,131408,-115401,171305
125605,-3820544,-5122048,218612,-109307,306638
125615,-3281920,-5198848,321984,-93897,335606
125625,-3075072,-5125120,344344,-87979,246139
125635,-3075072,-5139456,346752,-87979,276854
125645,-2292736,-5050368,463196,-65596,427673
125655,-2292736,-4866048,433268,-65596,402395
125665,-2292736,-4623360,391472,-65596,355140
125675,-1198080,-4291584,519612,-34278,480757
125685,-677888,-3933184,546788,-19395,499440
125695,-677888,-3478528,470420,-19395,394228
125705,-319488,-3051520,458896,-9141,424044
125715,-200704,-2579456,399556,-5743,353620
125725,-200704,-2173952,331444,-5743,333898
125735,0,-1747968,293604,0,344315
125745,18432,-1387520,236156,527,292558
125755,64512,-1061888,189200,1845,298476
125765,135168,-735232,146200,3867,259243
125775,135168,-472064,101996,3867,247660
125785,135168,-193536,55212,3867,191766
125795,199680,-19456,29412,5712,173197
125805,252928,216064,6192,7236,152125
125815,252928,344064,-15308,7236,161600
125825,275456,420864,-24424,7880,201211
125835,372736,461824,-14964,10664,269568
125845,372736,605184,-39044,10664,208767
125855,447488,782336,-56244,12802,123886
125865,447488,883712,-73272,12802,95787
125875,636928,886784,-41968,18222,174878
125885,1003520,957440,7740,28710,236351
125895,1003520,1027072,-3956,28710,199410
125905,1003520,1161216,-26488,28710,186931
125915,1771520,1277952,82904,50683,321119
125925,1771520,1472512,50224,50683,253289
125935,2582528,1736704,142072,73886,314471
125945,3141632,2023424,187824,89882,348151
125955,3502080,2375680,189200,100195,328250
125965,4255744,2746368,253528,121757,394187
125975,4588544,3150848,241488,131279,406526
125985,4687872,3653632,173720,134121,306354
125995,5160960,4215808,158756,147656,274175
126005,5160960,4746240,69660,147656,175182
126015,5160960,5230592,-11696,147656,119166
126025,5499904,5697536,-33196,157353,114881
126035,5499904,5993472,-82904,157353,130316
126045,5499904,6269952,-129344,157353,120994
126055,4301824,6451200,-361028,123076,-109870
126065,4301824,6646784,-393880,123076,-199055
126075,4301824,6636544,-392160,123076,-212088
126085,3040256,6349824,-555904,86982,-354099
126095,2499584,5885952,-568804,71513,-287652
126105,1929216,5339136,-572760,55195,-268371
126115,1929216,4567040,-443072,55195,-46517
126125,600064,4040704,-577920,17167,-345480
126135,600064,3234816,-442556,17167,-105259
126145,168960,2723840,-429140,4833,-239970
126155,12288,1988608,-331960,351,-90791
126165,12288,1409024,-234608,351,-79877
126175,-4096,751616,-126936,-118,64551
126185,-4096,282624,-48160,-118,96544
126195,-4096,-50176,7740,-118,60069
126205,-4096,-344064,57104,-118,69534
126215,-37888,-630784,99588,-1084,120784
126225,-37888,-823296,131924,-1084,137565
126235,-273408,-909312,106812,-7823,74689
126245,-319488,-960512,107672,-9141,40997
126255,-319488,-1094656,130204,-9141,132624
126265,-497664,-1076224,97180,-14239,57851
126275,-616448,-1208320,99416,-17637,138143
126285,-660480,-1144832,81356,-18897,60311
126295,-1013760,-1255424,40592,-29004,71239
126305,-1013760,-1133568,20124,-29004,-56916
126315,-1629184,-1278976,-58824,-46612,-80692
126325,-2080768,-1286144,-133472,-59532,-207391
126335,-4210688,-1611776,-436536,-120469,-428622
126345,-5738496,-1917952,-641732,-164180,-645272
126355,-5738496,-2595840,-527868,-164180,-397821
126365,-8588288,-3586048,-840220,-245713,-624270
126375,-8588288,-4626432,-665468,-245713,-368039
126385,-9496576,-5731328,-632444,-271700,-390015
126395,-9402368,-6993920,-404544,-269004,-100347
126405,-9402368,-8006656,-234436,-269004,-68911
126415,-9216000,-9073664,-23908,-263672,142357
126425,-9216000,-9729024,86172,-263672,125830
126435,-9216000,-10238976,171828,-263672,105281
126445,-8163328,-10650624,417788,-233555,430399
126455,-7369728,-10849280,584456,-210850,522263
126465,-7071744,-10745856,617136,-202325,465430
126475,-4348928,-10342400,1006716,-124424,791307
126485,-4348928,-9863168,926220,-124424,625919
126495,-4348928,-9097216,797564,-124424,408507
126505,-660480,-8307712,1284496,-18897,957964
126515,-660480,-7197696,1098048,-18897,688677
126525,-660480,-5984256,894228,-18897,468438
126535,0,-4853760,815280,0,446872
126545,0,-3804160,638980,0,351705
126555,0,-2917376,490028,0,298220
126565,0,-2108416,354148,0,205711
126575,0,-1475584,247852,0,190769
126585,15360,-996352,169936,439,174912
126595,15360,-565248,97524,439,187888
126605,181248,-222208,67768,5185,206978
126615,181248,-33792,36120,5185,272717
126625,334848,241664,15652,9580,273299
126635,334848,551936,-36464,9580,184777
126645,405504,703488,-50052,11601,218550
126655,405504,955392,-92364,11601,139407
126665,759808,1184768,-71380,21738,132946
126675,1116160,1263616,-24768,31933,245484
126685,2756608,1495040,211904,78867,471906
126695,3107840,1721344,232888,88916,473483
126705,6998016,2116608,819924,200214,1127865
126715,6998016,2733056,716380,200214,939804
126725,8330240,3789824,762648,238330,811882
126735,8674304,5076992,604236,248173,559929
126745,8674304,6422528,378228,248173,281911
126755,8674304,7687168,165808,248173,124379
126765,6925312,8689664,-296356,198134,-270972
126775,6240256,9377792,-527008,178535,-459614
126785,6240256,9543680,-554872,178535,-320817
126795,2942976,9367552,-1079128,84199,-860039
126805,2942976,8857600,-993472,84199,-685755
126815,1828864,7840768,-1009812,52324,-502643
126825,1197056,6829056,-946000,34248,-451923
126836,1073152,5422080,-730484,30703,-105639
126846,1073152,4349952,-550400,30703,-48971
126856,615424,3283968,-448232,17607,42528
126866,479232,2690048,-371348,13710,-123566
126876,355328,2154496,-302204,10166,-180102
126886,266240,1478656,-203648,7617,-44090
126896,144384,1072128,-155832,4130,-103546
126906,144384,664576,-87376,4130,-74961
126916,3072,174080,-28724,87,21113
126926,3072,-152576,26144,87,38511
126936,9216,-308224,53320,263,-50106
126946,24576,-674816,117476,703,92932
126956,24576,-822272,142244,703,84902
126966,24576,-993280,170968,703,142187
126976,52224,-930816,165120,1494,43803
126986,52224,-1049600,185072,1494,150067
126996,52224,-985088,174236,1494,111372
127006,579584,-1020928,268836,16582,313626
127016,4944896,-776192,960964,141474,1031495
127026,4944896,-288768,879092,141474,807992
127036,9882624,591872,1560556,282744,1469280
127046,9882624,1893376,1341944,282744,1059780
127056,9882624,3703808,1037848,282744,526068
127066,11233280,5432320,974380,321386,446881
127076,11233280,7133184,688688,321386,222361
127086,9031680,8568832,77744,258398,-310754
127096,9031680,9535488,-84624,258398,-273289
127106,9031680,10063872,-173376,258398,-142069
127116,5558272,10135552,-768840,159023,-694680
127126,2611200,9822208,-1211224,74707,-1009168
127136,2611200,8951808,-1065024,74707,-634299
127146,801792,7533568,-1130728,22939,-462657
127156,670720,6430720,-967500,19189,-383563
127166,670720,4984832,-724636,19189,-81350
127176,401408,3944448,-595120,11484,-94857
127186,275456,2970624,-452704,7880,-82928
127196,224256,2179072,-328348,6416,-79926
127206,144384,1421312,-214484,4130,19895
127216,110592,987136,-147232,3164,-81472
127226,110592,466944,-59856,3164,-10634
127236,39936,26624,2236,1142,45483
127246,24576,-270336,49536,703,22098
127256,27648,-518144,91676,791,29894
127266,30720,-894976,155488,878,170612
127276,27648,-963584,166496,791,79929
127286,27648,-1097728,189028,791,116084
127296,30720,-1156096,199348,878,134679
127306,27648,-1231872,211560,791,221266
127316,18432,-1159168,197800,527,200445
127326,12288,-1041408,176988,351,151157
127336,12288,-926720,157724,351,70406
127346,12288,-832512,141900,351,115202
127356,18432,-676864,116788,527,48816
127366,18432,-718848,123840,527,148352
127376,27648,-608256,106812,791,103840
127386,33792,-646144,114208,966,188031
127396,36864,-506880,91332,1054,115089
127406,36864,-480256,86860,1054,137243
127416,39936,-370688,68972,1142,88756
127426,39936,-366592,68284,1142,119865
127436,76800,-277504,59512,2197,84996
127446,110592,-293888,67940,3164,128458
127456,110592,-251904,60888,3164,121803
127466,138240,-217088,59684,3955,119909
127476,141312,-246784,65188,4042,178633
127486,138240,-174080,52460,3955,126435
127496,138240,-216064,59512,3955,184544
127506,125952,-138240,44376,3603,124376
127516,107520,-165888,45924,3076,160973
127526,70656,-72704,24080,2021,83088
127536,36864,-109568,24596,1054,116494
127546,-4096,-10240,1032,-118,34492
127556,-7168,-34816,4644,-206,67613
127566,-53248,-32768,-3440,-1524,75139
127576,-53248,-26624,-4472,-1524,66581
127586,-53248,-146432,15652,-1524,158653
127596,-53248,-110592,9632,-1524,96555
127606,-1366016,-262144,-185416,-39083,-72205
127616,-1950720,-279552,-280704,-55811,-266832
127626,-5106688,-559104,-763852,-146104,-758997
127636,-6926336,-952320,-1003448,-198165,-999646
127646,-6926336,-2065408,-1081192,-243252,-835631
127656,-8588288,-3361792,-877888,-245713,-510124
127666,-8588288,-5007360,-601484,-245713,-82326
127676,-8675328,-6201344,-415552,-248204,-49692
127686,-8675328,-7514112,-195048,-248204,134995
127696,-8502272,-8364032,-23220,-243252,139422
127706,-8416256,-8934400,87032,-240792,111539
127716,-7522304,-9410560,317168,-215215,310753
127726,-7445504,-9811968,397492,-213018,416346
127736,-7837696,-9868288,341076,-224239,219125
127746,-7917568,-9952256,341764,-226524,199175
127756,-7917568,-9962496,343484,-226524,207014
127766,-7522304,-9951232,404200,-215215,250195
127776,-7522304,-10098688,432752,-215215,388400
127786,-4589568,-10007552,910052,-131309,872341
127796,-2058240,-9726976,1288108,-58887,1207936
127806,-1366016,-9097216,1298600,-39083,1088488
127816,-1366016,-7970816,1109400,-39083,715485
127826,-433152,-6769664,1064336,-12393,627462
127836,-433152,-5486592,848820,-12393,419237
127846,-105472,-4435968,727388,-3018,397548
127856,-77824,-3453952,567084,-2227,334556
127866,-4096,-2674688,448576,-118,341858
127876,-4096,-2069504,346924,-118,351598
127886,0,-1479680,248540,0,312532
127896,0,-951296,159788,0,238880
127906,0,-521216,87548,0,206283
127916,0,-224256,37668,0,213889
127926,0,74752,-12556,0,192229
127936,3072,321536,-53492,87,150704
127946,6144,430080,-71208,175,193583
127956,6144,606208,-100792,175,157488
127966,9216,813056,-135020,263,64392
127976,9216,821248,-134160,263,127409
127986,9216,841728,-139836,263,129221
127996,9216,888832,-147748,263,82749
128006,0,812032,-136396,0,132125
128016,0,801792,-134676,0,103652
128026,0,691200,-116100,0,126907
128036,0,613376,-103028,0,126063
128046,0,594944,-99932,0,56409
128056,0,403456,-67768,0,137470
128066,3072,403456,-67252,87,47565
128076,3072,210944,-34916,87,131000
128086,9216,138240,-21672,263,127606
128096,101376,-3072,17544,2900,190727
128106,101376,-91136,32336,2900,210900
128116,101376,-79872,30444,2900,150575
128126,1771520,-122880,318200,50683,499388
128136,5859328,34816,978336,167636,1192111
128146,7836672,641024,1208644,224208,1230925
128156,7836672,1843200,1006716,224208,694712
128166,11680768,3419136,1387696,334189,942496
128176,11680768,5038080,1115764,334189,543173
128186,12025856,6721536,890960,344062,281120
128196,12025856,8096768,659964,344062,218710
128206,9214976,9255936,-6880,263642,-353650
128217,9214976,9986048,-129516,263642,-233210
128227,6575104,10169344,-603720,188115,-547230
128237,5327872,9928704,-772796,152431,-570040
128247,2847744,9227264,-1071560,81474,-661406
128257,2847744,8275968,-911772,81474,-290944
128267,1032192,7025664,-1006716,29531,-245866
128277,1032192,6115328,-853808,29531,-229391
128287,665600,4817920,-697460,19042,-1059
128297,642048,3914752,-549712,18369,-19220
128307,648192,3107840,-413144,18544,21903
128317,648192,2460672,-304440,18544,19747
128327,636928,1842176,-202444,18222,53706
128337,636928,1320960,-114896,18222,105743
128347,636928,946176,-51944,18222,66154
128357,531456,574464,-7224,15205,75839
128367,439296,314368,20984,12568,12482
128377,398336,-65536,77916,11396,110985
128387,398336,-386048,131752,11396,207213
128397,398336,-488448,148952,11396,148567
128407,398336,-663552,178364,11396,198866
128417,398336,-703488,185072,11396,153767
128427,462848,-764928,206056,13242,200354
128437,462848,-726016,199692,13242,176444
128447,564224,-671744,207604,16142,186921
128457,564224,-589824,193844,16142,153394
128467,564224,-443392,169248,16142,106009
128477,746496,-345088,183352,21357,142216
128487,1610752,-239616,310804,46083,312212
128497,1610752,-80896,284144,46083,271288
128507,3988480,65536,658932,114111,706900
128517,7144448,659456,1089276,204404,1092648
128527,7144448,1668096,919856,204404,725316
128537,12498944,2959360,1602352,357597,1367581
128547,12498944,4802560,1292752,357597,835736
128557,13240320,6856704,1072248,378808,551900
128567,13240320,8686592,764884,378808,320881
128577,9308160,10450944,-191952,266308,-679708
128587,8674304,11362304,-451500,248173,-664325
128597,5677056,11539456,-984700,162421,-960197
128607,4209664,10977280,-1136748,120439,-791240
128617,4209664,9930752,-960964,120439,-382263
128627,1528832,8478720,-1167364,43740,-489749
128637,1528832,7282688,-966468,43740,-354642
128647,1528832,5840896,-724292,43740,-55460
128657,500736,4706304,-706404,14326,-183942
128667,184320,3656704,-583252,5273,-123527
128677,184320,2690048,-420884,5273,-42829
128687,0,1943552,-326456,0,-80434
128697,-4096,1203200,-202788,-118,-29411
128707,-4096,496640,-84108,-118,69685
128717,-4096,-30720,4472,-118,110350
128727,-4096,-362496,60200,-118,47745
128737,-4096,-627712,104748,-118,23267
128747,-4096,-1005568,168216,-118,154697
128757,-4096,-1114112,186448,-118,109562
128767,-4096,-1324032,221708,-118,214499
128777,-4096,-1337344,223944,-118,180551
128787,-4096,-1401856,241832,-118,281272
128797,-4096,-1339392,224288,-118,210609
128807,-4096,-1334272,223428,-118,249888
128817,-4096,-1133568,189716,-118,134411
128827,-7168,-1080320,180256,-206,175923
128837,-7168,-930816,155144,-206,102421
128847,-7168,-900096,149984,-206,155922
128857,-7168,-784384,130548,-206,108733
128867,-111616,-797696,115240,-3194,148944
128877,-120832,-708608,98728,-3458,109074
128887,-229376,-789504,94084,-6563,182194
128897,-332800,-714752,64156,-9522,106306
128907,-332800,-779264,78260,-9522,189198
128917,-957440,-735232,-37324,-27393,12257
128927,-957440,-814080,-24080,-27393,60328
128937,-2528256,-861184,-280016,-72334,-223631
128947,-2528256,-1125376,-235640,-72334,-170038
128957,-17213440,-1480704,-2642608,-492481,-2939948
128967,-17213440,-2427904,-2483508,-492481,-2478584
128977,-17213440,-4870144,-2073288,-492481,-1409946
128987,-17213440,-8141824,-1523748,-492481,-454788
128997,-17213440,-11284480,-995880,-492481,113959
129007,-17213440,-13965312,-545584,-492481,280036
129017,-17213440,-15688704,-256108,-492481,137427
129027,-17213440,-16949248,-44376,-492481,-90
129037,-17213440,-17795072,97696,-492481,-112755
129047,-17213440,-18569216,227728,-492481,-30196
129057,-9402368,-19398656,1679064,-269004,1854122
129067,-9402368,-19307520,1663756,-269004,1443873
129077,-9402368,-18395136,1510504,-269004,934189
129087,-9402368,-16894976,1258524,-269004,449265
129097,-472064,-15174656,2469576,-13506,1690141
129107,-182272,-13052928,2161868,-5215,1137489
129117,-133120,-10597376,1757668,-3809,697715
129127,-71680,-8415232,1401456,-2051,475077
129137,-10240,-6440960,1080160,-293,371970
129147,-10240,-4889600,819580,-293,294461
129157,0,-3658752,614556,0,321390
129167,0,-2555904,429312,0,291289
129177,0,-1521664,255592,0,157065
129187,0,-687104,115412,0,105802
129197,0,-52224,8772,0,104224
129207,0,647168,-108704,0,12437
129217,9216,1264640,-210872,263,-112988
129227,9216,1536000,-256452,263,-62841
129237,46080,1709056,-279328,1318,-37858
129247,49152,1712128,-279328,1406,9122
129257,89088,1794048,-286380,2548,-79179
129267,129024,1635328,-253012,3691,-1840
129277,321536,1420288,-184556,9199,114645
129287,321536,1405952,-182148,9199,-5875
129297,321536,1252352,-156348,9199,3864
129307,752640,1097728,-57964,21533,116337
129317,752640,1069056,-53148,21533,59655
129327,2756608,982016,298076,78867,503109
129337,5499904,1250304,713800,157353,853952
129347,6925312,1611776,892508,198134,1010052
129357,7599104,2564096,845724,217412,753246
129367,8674304,3828736,813904,248173,544909
129377,8674304,5100544,600280,248173,302703
129387,7521280,6196224,222568,192070,-235522
129397,6713344,6999040,-47988,192070,-160265
129407,4119552,7429120,-555904,117861,-583563
129417,4119552,7382016,-547992,117861,-443561
129427,1716224,6957056,-880296,49101,-683581
129437,1392640,6100992,-790856,39843,-389328
129447,605184,5167104,-766260,17314,-297030
129457,500736,4199424,-621264,14326,-142497
129467,500736,3365888,-481256,14326,-121118
129477,451584,2468864,-338840,12919,15001
129487,451584,1651712,-201584,12919,114775
129497,451584,1259520,-135708,12919,-8642
129507,451584,752640,-50568,12919,56484
129517,443392,332800,21672,12685,130723
129527,443392,200704,40764,12685,10576
129537,443392,-93184,90128,12685,104633
129547,345088,-178176,87892,9873,24271
129557,321536,-477184,134160,9199,179190
129568,321536,-614400,157208,9199,204587
129578,321536,-728064,176300,9199,237349
129588,369664,-723968,183696,10576,204809
129598,376832,-702464,181288,10781,184596
129608,409600,-559104,162712,11718,97008
129618,409600,-502784,153252,11718,142859
129628,409600,-283648,116444,11718,59110
129638,409600,-174080,98040,11718,90920
129648,394240,-9216,67768,11279,44935
129658,358400,54272,51084,10253,47723
129668,358400,91136,44892,10253,66061
129678,358400,101376,43172,10253,83999
129688,365568,105472,43688,10458,119285
129698,365568,195584,28552,10458,65887
129708,365568,199680,27864,10458,85889
129718,405504,318464,14620,11601,38153
129728,405504,188416,36464,11601,144138
129738,405504,293888,18748,11601,69883
129748,1270784,310272,161336,36357,247963
129758,1270784,414720,143792,36357,193463
129768,1270784,496640,130032,36357,173413
129778,1270784,546816,121604,36357,210991
129788,4119552,790528,559172,117861,661518
129798,4301824,1110016,536124,123076,580843
129808,5677056,1712128,665984,162421,656919
129818,6111232,2504704,605784,174843,523153
129828,6175744,3361792,472656,176689,336818
129838,6998016,4257792,460272,200214,340394
129848,6998016,5106688,317684,200214,227670
129858,6998016,5815296,198660,200214,168190
129868,7292928,6476800,137084,208652,178049
129878,6782976,7034880,-42312,194062,44798
129888,6240256,7506944,-212764,178535,-145148
129898,4789248,7794688,-504820,137021,-461695
129908,3175424,7735296,-765916,90849,-695310
129918,3175424,7375872,-705544,90849,-486625
129928,1378304,6623232,-865848,39433,-469633
129938,1378304,5650432,-717584,39433,-268425
129948,600064,4632576,-677336,17167,-213309
129958,600064,3782656,-534576,17167,-155175
129968,175104,2736128,-430172,5009,-1203
129978,144384,2208768,-346752,4130,-159914
129988,9216,1445888,-241316,263,-20243
129998,3072,855040,-143104,87,17024
130008,-4096,429056,-72756,-118,-10491
130018,-4096,-74752,11868,-118,95717
130028,-4096,-365568,60716,-118,50479
130038,-4096,-607232,101308,-118,44748
130048,-4096,-975872,163228,-118,195626
130058,-4096,-1036288,173376,-118,120488
130068,-4096,-1196032,200208,-118,193656
130078,-4096,-1178624,197284,-118,148915
130088,-4096,-1286144,215344,-118,250310
130098,-4096,-1215488,203476,-118,202183
130108,-4096,-1159168,194016,-118,190261
130118,-4096,-1073152,179568,-118,185849
130128,-4096,-916480,153252,-118,114574
130138,0,-864256,145168,0,139203
130148,0,-774144,130032,0,107367
130158,0,-819200,137600,0,176612
130168,0,-798720,134160,0,190021
130178,0,-778240,130720,0,198656
130188,0,-773120,129860,0,223636
130198,0,-676864,113692,0,168255
130208,0,-650240,109220,0,169985
130218,0,-582656,97868,0,155284
130228,0,-482304,81012,0,107415
130238,0,-515072,86516,0,180777
130248,0,-399360,75680,0,174003
130258,0,-371712,62436,0,147223
130268,0,-402432,67596,0,213234
130278,0,-276480,46440,0,127769
130288,0,-284672,47816,0,149744
130298,0,-270336,45408,0,156076
130308,0,-206848,34744,0,136943
130318,0,-321536,54008,0,215000
130328,0,-345088,57964,0,237000
130338,0,-239616,40248,0,140116
130348,0,-215040,36120,0,127788
130358,0,-346112,58136,0,251244
130368,0,-283648,47644,0,188573
130378,0,-211968,35604,0,123706
130388,0,-283648,47644,0,200140
130398,0,-295936,49708,0,215731
130408,0,-197632,33196,0,129385
130418,0,-245760,41280,0,179923
130428,0,-203776,34228,0,156421
130438,0,-203776,34228,0,165897
130448,0,-144384,24252,0,121420
130458,0,-144384,24252,0,140425
130468,0,-231424,38872,0,238668
130478,0,-142336,23908,0,175068
130488,0,-111616,18748,0,168073
130498,0,-163840,27520,0,212681
130508,0,-41984,7052,0,103459
130518,-4096,-113664,18404,-118,167840
130528,-7168,-92160,14276,-206,145237
130538,-7168,-48128,6880,-206,120099
130548,-117760,-135168,2924,-3370,189362
130559,-117760,-133120,2580,-3370,194837
130569,-117760,5120,-20640,-3370,72690
130579,-229376,-45056,-30960,-6563,98529
130589,-229376,-163840,-11008,-6563,191948
130599,-219136,-169984,-8256,-6270,163913
130609,-219136,-291840,12212,-6270,225396
130619,-206848,-228352,3612,-5918,134848
130629,-203776,-309248,17716,-5831,180217
130639,-203776,-275456,12040,-5831,148479
130649,-188416,-233472,7568,-5391,103891
130659,-185344,-311296,21156,-5303,185502
130669,-185344,-224256,6536,-5303,111289
130679,-185344,-369664,30960,-5303,246303
130689,-216064,-283648,11352,-6182,167728
130699,-216064,-303104,14620,-6182,182381
130709,-264192,-284672,3440,-7559,153984
130719,-264192,-257024,-1204,-7559,118861
130729,-302080,-292864,-1548,-8643,131521
130739,-315392,-378880,10664,-9024,194223
130749,-332800,-357376,4128,-9522,152161
130759,-332800,-467968,22704,-9522,240902
130769,-332800,-369664,6192,-9522,141466
130779,-349184,-442368,15652,-9991,202852
130789,-349184,-331776,-2924,-9991,106909
130799,-343040,-418816,12728,-9815,182453
130809,-286720,-356352,11696,-8204,128121
130819,-286720,-386048,16684,-8204,146666
130829,-286720,-376832,15136,-8204,137485
130839,202752,-401408,101480,5800,249211
130849,202752,-333824,90128,5800,243746
130859,202752,-284672,81872,5800,195436
130869,648192,-193536,141384,18544,274286
130879,1062912,24576,174408,30410,248464
130889,1062912,91136,163228,30410,311300
130899,2079744,388096,284144,59501,419095
130909,2219008,633856,266256,63486,357868
130919,2219008,894976,222396,63486,335717
130929,2787328,1293312,250948,79746,333854
130939,2787328,1695744,183352,79746,256756
130949,2787328,2065408,121260,79746,235592
130959,2014208,2423808,-68800,57626,47263
130969,1828864,2750464,-154800,52324,-49532
130979,1828864,2813952,-165464,52324,40083
130989,1828864,2921472,-183524,52324,-7608
130999,1828864,2822144,-166840,52324,45527
131009,1828864,2736128,-152392,52324,27984
131019,428032,2438144,-337636,12246,-167381
131029,369664,2202624,-307880,10576,-173541
131039,342016,1702912,-228588,9785,24788
131049,263168,1315840,-176816,7529,33774
131059,205824,874496,-112316,5888,94623
131069,205824,533504,-55040,5888,96080
131079,86016,206848,-20296,2460,94826
131089,86016,-142336,38356,2460,185179
131099,86016,-297984,64500,2460,152539
131109,-4096,-508928,84796,-118,194382
131119,-4096,-562176,93740,-118,159315
131129,0,-624640,104920,0,144411
131139,0,-703488,118164,0,166723
131149,0,-710656,119368,0,130557
131159,0,-726016,121948,0,133348
131169,0,-708608,119024,0,116172
131179,0,-724992,121776,0,145867
131189,0,-653312,109736,0,92955
131199,-4096,-732160,122292,-118,170418
131209,-4096,-690176,115240,-118,143664
131219,-4096,-687104,114724,-118,148473
131229,-13312,-721920,119024,-381,193262
131239,-59392,-669696,102512,-1700,145646
131249,-87040,-710656,104748,-2491,193544
131259,-260096,-635904,63124,-7442,111301
131269,-260096,-702464,74820,-7442,184999
131279,-611328,-634880,3956,-17491,62718
131289,-611328,-719872,18232,-17491,129645
131299,-1829888,-781312,-176128,-52354,-109289
131309,-2639872,-909312,-290680,-75528,-282090
131319,-4688896,-1238016,-579640,-134151,-567332
131329,-6176768,-1807360,-733924,-176719,-646967
131339,-6784000,-2782208,-672176,-194092,-419864
131349,-6714368,-3814400,-487104,-192100,-178021
131359,-6714368,-4851712,-312868,-192100,-43632
131369,-6507520,-6034432,-79464,-186182,266902
131379,-6507520,-6777856,45408,-186182,274443
131389,-6306816,-7193600,148952,-180440,177084
131399,-6306816,-7590912,215688,-180440,213386
131409,-6373376,-7805952,240628,-182344,175367
131419,-6439936,-8017920,265052,-184249,236553
131429,-6439936,-8071168,273996,-184249,166326
131439,-6048768,-8288256,376164,-173057,363160
131449,-6048768,-8254464,370488,-173057,281609
131459,-6048768,-8348672,386312,-173057,345896
131469,-1930240,-8231936,1058488,-55225,1069867
131479,-1930240,-7862272,996396,-55225,834427
131489,-1930240,-7161856,878748,-55225,580013
131499,-44032,-6250496,1042492,-1260,715100
131509,-44032,-5217280,868944,-1260,526996
131519,27648,-4269056,721712,791,439817
131529,70656,-3299328,566052,2021,326967
131539,70656,-2520064,435160,2021,299122
131549,278528,-1811456,351052,7968,252248
131559,278528,-1253376,257312,7968,241002
131569,439296,-842752,210700,12568,294566
131579,466944,-359424,138804,13359,232538
131589,1062912,7168,177332,30410,324205
131599,1270784,244736,172344,36357,420613
131609,1270784,656384,103200,36357,325633
131619,3353600,1038336,388892,95947,648879
131629,3353600,1500160,311320,95947,533383
131639,6854656,2087936,800660,196113,1077904
131649,6998016,2812928,702964,200214,910742
131659,6998016,3917824,517376,200214,590586
131669,7070720,5043200,331272,202294,368972
131679,7070720,6190080,147920,202294,208046
131689,6998016,7149568,-25456,200214,106142
131699,6854656,7914496,-178020,196113,-18801
131709,6506496,8429568,-323016,186152,-110329
131719,6506496,8684544,-365844,186152,-82320
131729,6506496,8806400,-386312,186152,-81621
131739,6643712,8816640,-364984,190078,-68398
131749,6643712,8688640,-343484,190078,-26390
131759,5617664,8568832,-495704,160722,-259159
131769,5617664,8269824,-445480,160722,-150791
131779,5617664,8013824,-402480,160722,-113210
131789,2697216,7483392,-803928,77167,-485002
131799,1138688,6835200,-956836,32578,-616673
131809,653312,5831680,-869804,18691,-435472
131819,305152,4714496,-740632,8730,-290327
131829,305152,3510272,-538360,8730,-20412
131839,305152,2502656,-369112,8730,42936
131849,305152,1684480,-231684,8730,81342
131859,-4096,989184,-166840,-118,43821
131870,-4096,421888,-71552,-118,67722
131880,-4096,98304,-17200,-118,-8225
131890,-4096,-404480,67252,-118,134687
131900,-4096,-691200,109220,-118,100421
131910,-4096,-918528,153596,-118,153264
131920,-4096,-1056768,176816,-118,129125
131930,0,-1191936,200208,0,171392
131940,0,-1213440,203820,0,160127
131950,199680,-1344512,259376,5712,331672
131960,199680,-1197056,234608,5712,223205
131970,199680,-1129472,223256,5712,221521
131980,199680,-1020928,205024,5712,216784
131990,1734656,-824320,429828,49628,445257
132000,1734656,-571392,387344,49628,376162
132010,3903488,-236544,695396,111679,718815
132020,6111232,359424,966124,174843,946567
132030,6854656,1122304,962856,196113,850118
132040,6998016,2209792,804272,200214,557258
132050,7368704,3484672,652396,210820,333319
132060,7368704,4604928,464228,210820,187502
132070,7444480,5612544,307708,212988,142004
132080,7444480,6386688,167012,212988,110276
132090,6575104,7025664,-75680,188115,-26752
132100,6575104,7502848,-155832,188115,-41513
132110,3074048,7643136,-767464,87949,-697017
132120,3074048,7415808,-729280,87949,-544799
132130,1528832,6667264,-863096,43740,-472507
132140,984064,5680128,-788792,28154,-204121
132150,984064,4581376,-604236,28154,25462
132160,984064,3659776,-449436,28154,127900
132170,237568,2847744,-438428,6796,20439
132180,184320,2355200,-364640,5273,-101411
132190,184320,1850368,-279844,5273,-64322
132200,86016,1470464,-232544,2460,-108765
132210,86016,1030144,-158584,2460,68420
132220,86016,531456,-74820,2460,56891
132230,-4096,216064,-36980,-118,13355
132240,-4096,-161792,26488,-118,85579
132250,-4096,-414720,68972,-118,79317
132260,-4096,-766976,128140,-118,193988
132270,-7168,-873472,145512,-206,151964
132280,-7168,-1061888,177160,-206,223721
132290,-7168,-1041408,173720,-206,153071
132300,-7168,-1043456,174064,-206,139223
132310,-222208,-1042432,137772,-6358,108961
132320,-312320,-960512,108876,-8936,35343
132330,-312320,-1038336,121948,-8936,113715
132340,-312320,-970752,110596,-8936,56499
132350,-312320,-1045504,123152,-8936,123922
132360,-1629184,-1020928,-102168,-46612,-165216
132370,-1629184,-1110016,-87204,-46612,-109327
132380,-3142656,-1198080,-326628,-89913,-374689
132390,-3142656,-1571840,-263848,-89913,-162134
132400,-3862528,-1945600,-321984,-110508,-185910
132410,-4076544,-2423808,-277608,-116631,-128053
132420,-4076544,-3048448,-172688,-116631,39109
132430,-4076544,-3513344,-94600,-116631,68912
132440,-5328896,-4033536,-217580,-152461,-79055
132450,-5328896,-4444160,-148608,-152461,-76712
132460,-2669568,-4840448,364640,-76377,519552
132470,-2342912,-5126144,467496,-67032,598003
132480,-2342912,-5084160,460444,-67032,453981
132490,-424960,-4671488,713284,-12159,549971
132500,-424960,-4186112,631756,-12159,407464
132510,-37888,-3630080,603376,-1084,398263
132520,0,-3098624,520472,0,367244
132530,0,-2520064,423292,0,292974
132540,0,-1980416,332648,0,181799
132550,0,-1654784,277952,0,216822
132560,0,-1424384,239252,0,280511
132570,0,-1167360,196080,0,254670
132580,0,-995328,167184,0,287973
132590,0,-758784,127452,0,234013
132600,0,-598016,100448,0,225237
132610,0,-516096,86688,0,260499
132620,0,-334848,56244,0,165831
132630,0,-326656,54868,0,224206
132640,0,-224256,37668,0,188090
132650,0,-263168,44204,0,274858
132660,0,-160768,27004,0,231059
132670,0,-155648,26144,0,260361
132680,-50176,-147456,16340,-1436,275480
132690,-148480,-81920,-11180,-4249,213359
132700,-448512,-96256,-59168,-12833,180950
132710,-595968,-63488,-90644,-17051,105851
132720,-595968,-139264,-76712,-17051,154927
132730,-1467392,-140288,-222912,-41983,-83522
132740,-1611776,-339968,-213624,-46114,-35494
132750,-1611776,-487424,-188856,-46114,-64424
132760,-3820544,-819200,-504132,-109307,-460559
132770,-7145472,-1472512,-952880,-204434,-842746
132780,-7837696,-2473984,-900936,-224239,-610078
132790,-7837696,-3687424,-697116,-224239,-304780
132800,-7445504,-5204992,-376336,-213018,106066
132810,-7445504,-6446080,-167872,-213018,188330
132820,-5860352,-7394304,257656,-167667,532160
132830,-5860352,-8079360,372724,-167667,576825
132840,-4302848,-8156160,647236,-123106,655092
132850,-2788352,-7936000,864644,-79776,737550
132860,-1408000,-7380992,1003276,-40284,766168
132870,-1004544,-6704128,954772,-28741,675745
132880,-590848,-5842944,882188,-16905,545282
132890,-489472,-5052416,766432,-14004,463630
132900,-456704,-4408320,663748,-13067,447515
132910,-392192,-3792896,571212,-11221,445179
132920,-392192,-3195904,470936,-11221,388552
132930,-388096,-2644992,379088,-11104,302457
132940,-377856,-2244608,313556,-10811,320989
132950,-377856,-1881088,252496,-10811,334451
132960,-145408,-1537024,233748,-4161,327213
132970,-4096,-1310720,219472,-118,399282
132980,0,-928768,156004,0,278057
132990,0,-672768,113004,0,269185
133000,0,-423936,71208,0,250096
133010,0,-203776,34228,0,243631
133020,0,22528,-3784,0,214694
133030,0,188416,-31648,0,153659
133040,0,225280,-37840,0,267598
133050,0,388096,-65188,0,189908
133060,0,428032,-71896,0,201162
133070,0,519168,-87204,0,139930
133080,0,510976,-85828,0,159899
133090,0,546816,-91848,0,124782
133100,-4096,482304,-81700,-118,176148
133110,-4096,470016,-79636,-118,164566
133120,-13312,435200,-75336,-381,172728
133130,-13312,406528,-70520,-381,155079
133140,-105472,400384,-84968,-3018,106245
133151,-148480,247808,-66564,-4249,171552
133161,-148480,291840,-73960,-4249,67674
133171,-370688,111616,-81012,-10606,115226
133181,-440320,98304,-90472,-12598,37006
133191,-626688,-46080,-97524,-17930,39362
133201,-626688,-190464,-73272,-17930,60188
133211,-1139712,-265216,-146888,-32608,-78722
133221,-1310720,-527360,-131580,-37500,-9178
133231,-1482752,-661504,-137944,-42422,-80959
133241,-1482752,-934912,-92020,-42422,2846
133251,-1482752,-1267712,-36120,-42422,103190
133261,-1579008,-1492992,-14448,-45176,88001
133271,-1579008,-1681408,17200,-45176,68958
133281,-1529856,-1921024,65704,-43770,132405
133291,-1529856,-2009088,80496,-43770,77363
133301,-1529856,-2199552,112488,-43770,146682
133311,-1074176,-2244608,196596,-30733,202965
133321,-1074176,-2327552,210528,-30733,269485
133331,-575488,-2183168,270040,-16465,236151
133341,-575488,-2205696,273824,-16465,315938
133351,-139264,-1920000,299108,-3985,255272
133361,0,-1646592,276576,0,198961
133371,0,-1429504,240112,0,205502
133381,0,-1078272,181116,0,92016
133391,0,-840704,141212,0,83295
133401,3072,-669696,113004,87,118974
133411,129024,-434176,94600,3691,86241
133421,129024,-364544,82904,3691,150055
133431,391168,-212992,101480,11191,174536
133441,518144,-109568,105436,14824,202480
133451,518144,-11264,89096,14824,215327
133461,1138688,227328,153080,32578,224134
133471,1138688,312320,138804,32578,272641
133481,2079744,606208,247508,59501,348512
133491,2079744,910336,196424,59501,263849
133501,3819520,1150976,448232,109277,606042
133511,3819520,1582080,375820,109277,485459
133521,3819520,2130944,278124,109277,299359
133531,3819520,2685952,190404,109277,209401
133541,5441536,3231744,371176,155683,454180
133551,5441536,3803136,275200,155683,334515
133561,3988480,4380672,-65876,114111,-72091
133571,3903488,4824064,-154628,111679,-131636
133581,3464192,5068800,-269524,99111,-193008
133591,3210240,5221376,-337808,91845,-266221
133601,2756608,5094400,-392676,78867,-274582
133611,2472960,4924416,-411768,70751,-290239
133621,1828864,4440064,-438600,52324,-188736
133631,1436672,4084736,-444792,41103,-252504
133641,896000,3671040,-466120,25634,-289246
133651,594944,3035136,-409876,17021,-145247
133661,439296,2616320,-365672,12568,-186612
133671,243712,2112512,-313900,6972,-162227
133681,147456,1520640,-230652,4218,-43546
133691,129024,1131520,-168388,3691,-48557
133701,6144,766976,-127796,175,-69184
133711,-4096,365568,-62092,-118,-2270
133721,-4096,37888,-7052,-118,45789
133731,-4096,-247808,40936,-118,77739
133741,-4096,-327680,54352,-118,-16040
133751,-4096,-583680,97352,-118,97809
133761,0,-659456,110768,0,77205
133771,0,-731136,122808,0,95874
133781,6144,-710656,120400,175,57382
133791,141312,-815104,160648,4042,181645
133801,178176,-731136,152736,5097,144348
133811,178176,-735232,153424,5097,173565
133821,545792,-477184,171828,15615,84327
133831,1828864,-392192,373068,52324,361457
133841,1828864,-114688,326456,52324,260250
133851,4347904,205824,695740,124394,654338
133861,7292928,898048,1074140,208652,983297
133871,8501248,1883136,1103724,243222,892905
133881,9784320,3273728,1093576,279931,773494
133891,9784320,4789248,839016,279931,472065
133901,9784320,6174720,606300,279931,287385
133911,9784320,7488512,385624,279931,151219
133921,9784320,8548352,207604,279931,103207
133931,6438912,9390080,-495704,184218,-672117
133941,3280896,9617408,-1064336,93867,-1169560
133951,3280896,9208832,-995708,93867,-747567
133961,3280896,8241152,-833168,93867,-409032
133971,2291712,6831104,-762476,65566,-116700
133981,1971200,5857280,-652740,56396,-129196
133991,1971200,4763648,-469044,56396,30840
134001,1971200,4109312,-359136,56396,-67804
134011,1466368,3499008,-341420,41953,-130080
134021,1258496,3100672,-309428,36005,-238839
134031,780288,2567168,-300140,22324,-172505
134041,780288,2177024,-234608,22324,-191663
134051,780288,1789952,-169592,22324,-187883
134061,372736,1209344,-140524,10664,-82419
134071,162816,742400,-97352,4658,-64227
134081,135168,439296,-51084,3867,-120962
134091,9216,-2048,1892,263,-34672
134101,9216,-438272,75164,263,86104
134111,3072,-579584,97868,87,-16867
134121,3072,-887808,149640,87,86100
134131,0,-1131520,190060,0,154973
134141,0,-1180672,198316,0,114903
134151,-4096,-1300480,217752,-118,180925
134161,-4096,-1245184,208464,-118,136698
134171,-4096,-1315840,220332,-118,239359
134181,-4096,-1197056,200380,-118,181181
134191,-4096,-1146880,191952,-118,199027
134201,-4096,-975872,163228,-118,128889
134211,-4096,-822272,137428,-118,74893
134221,-4096,-762880,127452,-118,114288
134231,-4096,-633856,105780,-118,67232
134241,-4096,-731136,122120,-118,204988
134252,-4096,-623616,104060,-118,149884
134262,-22528,-603136,97524,-645,159644
134272,-90112,-541696,75852,-2579,123182
134282,-90112,-446464,59856,-2579,57654
134292,-388096,-457728,11696,-11104,38798
134302,-388096,-419840,5332,-11104,19754
134312,-708608,-573440,-22704,-20274,84472
134322,-1829888,-551936,-214656,-52354,-183960
134332,-2555904,-718848,-308568,-73125,-308583
134342,-2912256,-956416,-328520,-83321,-318654
134352,-4638720,-1461248,-533716,-132715,-448885
134362,-4638720,-2034688,-437396,-132715,-293695
134372,-5798912,-2647040,-529416,-165909,-404550
134382,-5738496,-3515392,-373412,-164180,-158361
134392,-5738496,-4324352,-237532,-164180,-45161
134402,-5738496,-5072896,-111800,-164180,30582
134412,-5922816,-5796864,-21156,-169454,116836
134422,-7293952,-6270976,-171828,-208682,-193272
134432,-7600128,-6725632,-146888,-217442,-205492
134442,-9981952,-7222272,-463540,-285586,-579305
134452,-9981952,-7798784,-366704,-285586,-447154
134462,-10081280,-8502272,-265224,-288428,-301895
134472,-7145472,-9456640,388204,-204434,566929
134482,-5618688,-10034176,741664,-160752,932609
134492,-4491264,-10206208,959932,-128497,1002910
134502,-1139712,-9490432,1402660,-32608,1135494
134512,-1139712,-8272896,1198152,-32608,617229
134522,-264192,-6876160,1110604,-7559,474330
134532,3072,-5403648,908160,87,279438
134542,3072,-4150272,697632,87,143541
134552,55296,-3088384,528040,1582,112784
134562,147456,-2286592,408844,4218,123252
134572,147456,-1707008,311492,4218,198076
134582,365568,-1198080,262644,10458,262255
134592,642048,-701440,225664,18369,238547
134602,642048,-322560,162024,18369,236596
134612,1992704,74752,322156,57011,456390
134622,2911232,617472,385280,83291,456151
134632,5441536,1127424,724636,155683,861582
134642,5441536,1888256,985732,221923,1122193
134652,8674304,2936832,963716,248173,1005574
134662,8941568,4349952,771248,255820,685329
134672,9031680,5894144,527008,258398,374736
134682,9031680,7264256,296872,258398,170608
134692,7368704,8393728,-172172,210820,-207921
134702,4255744,9134080,-819408,121757,-825573
134712,3210240,9314304,-1025292,91845,-946891
134722,3210240,8707072,-923296,91845,-602438
134732,1577984,7631872,-1016864,45146,-466188
134742,1161216,6423552,-883908,33222,-313582
134752,1062912,5078016,-674412,30410,-20209
134762,984064,4058112,-516344,28154,-46991
134772,984064,2978816,-335056,28154,127586
134782,984064,2324480,-225148,28154,92614
134792,984064,1912832,-156004,28154,-35723
134802,773120,1424384,-109392,22119,-4232
134812,773120,1030144,-43172,22119,27633
134822,560128,812032,-42312,16025,-80603
134832,560128,436224,20812,16025,33254
134842,294912,185344,18404,8437,-6781
134852,246784,-121856,61920,7060,76067
134862,67584,-324608,65876,1933,60838
134872,67584,-424960,82732,1933,9560
134882,67584,-706560,130032,1933,134513
134892,67584,-781312,142588,1933,109320
134902,12288,-960512,163400,351,196243
134912,12288,-901120,153424,351,114722
134922,12288,-941056,160132,351,152585
134932,12288,-860160,146544,351,87328
134942,447488,-900096,226352,12802,235400
134952,447488,-770048,204508,12802,174344
134962,3007488,-711680,622812,86044,693228
134972,3007488,-295936,554872,86044,524643
134982,3007488,395264,438772,86044,278189
134992,3007488,1063936,326456,86044,133700
135002,9031680,1761280,1221200,258398,1180912
135012,9590784,2944000,1116452,274394,902116
135022,9590784,4334592,882876,274394,559433
135032,9590784,5966848,608708,274394,207794
135042,9590784,7365632,373756,274394,63497
135052,9590784,8413184,197800,274394,34317
135062,8851456,9155584,-51084,253242,-45400
135072,7677952,9593856,-321812,219667,-194570
135082,7677952,9794560,-355524,219667,-139112
135092,6372352,9835520,-581704,182314,-434045
135102,6372352,9383936,-505852,182314,-175215
135112,5327872,8829952,-588240,152431,-188368
135122,5327872,8162304,-476096,152431,-40067
135132,4789248,7487488,-453220,137021,-36776
135142,3353600,6799360,-578780,95947,-204745
135152,3353600,6346752,-502756,95947,-248449
135162,3353600,5581824,-374272,95947,-30831
135172,1868800,5014528,-528384,53466,-270989
135182,831488,4371456,-594604,23789,-391352
135192,620544,3493888,-482632,17753,-200527
135202,-299008,2846720,-528384,-8555,-361884
135212,-279552,1866752,-360512,-7999,-92474
135222,-279552,1049600,-223256,-7999,25693
135232,-10240,374784,-64672,-293,77467
135242,-10240,-370688,60544,-293,218855
135252,-10240,-838656,139148,-293,241681
135262,-10240,-1013760,168560,-293,113014
135272,-10240,-1298432,216376,-293,241796
135282,-47104,-1402880,227728,-1348,177691
135292,-93184,-1545216,243896,-2667,259904
135302,-87040,-1478656,233748,-2491,217574
135312,-87040,-1503232,237876,-2491,273729
135322,-74752,-1349632,214140,-2139,182879
135333,-74752,-1309696,207432,-2139,209186
135343,-59392,-1186816,189372,-1700,181785
135353,-56320,-1102848,175784,-1612,171446
135363,-56320,-1000448,158584,-1612,154581
135373,-59392,-931840,146544,-1700,149040
135383,-56320,-946176,149468,-1612,213870
135393,-28672,-848896,137772,-821,165494
135403,-4096,-896000,149812,-118,239820
135413,-4096,-832512,139148,-118,217051
135423,0,-840704,141212,0,220380
135433,0,-697344,117132,0,190405
135443,0,-537600,90300,0,111048
135453,0,-501760,84280,0,150981
135463,0,-352256,59168,0,85704
135473,0,-399360,67080,0,179088
135483,0,-248832,41796,0,80243
135493,-4096,-256000,42312,-118,113546
135503,-7168,-237568,38700,-206,119381
13551