R
Px,Ix,Dx,Py,Iy,Dy,Pz,Iz,FFrx,FFry,FFdrx,FFdry,satI,satPID,KFQAng,KFQbias,KFRmeas,CPx,CIx,CPy,CIy,CsatI,CsatPID,CFFdrx,CFFdry,CFalpha,iRelaxX,IRelaxY,DmaxR,DmaxE,DMx,DMy
58,80,47,58,80,47,250,0,0,0,250,0,500000,15000000,10,1,1000,0,0,0,0,0,0,0,0,0.995,4096,4096,0,0,0,0
sysTickMs,PIDRefXi,PIDSensXi,PIDPoutXi,PIDFFoutXi,PIDUXi
76317,0,-1150976,260768,0,1613323
76327,0,-1150976,260768,0,1613323
76337,0,-1150976,260768,0,1613323
76347,0,-1150976,260768,0,1613323
76357,0,-1150976,260768,0,1613323
76367,0,-1150976,260768,0,1613323
76377,0,-1150976,260768,0,1613323
76387,0,-1150976,260768,0,1613323
76397,0,-1150976,260768,0,1613323
76407,0,-1150976,260768,0,1613323
76417,0,-1150976,260768,0,1613323
76427,0,-1150976,260768,0,1613323
76437,0,-1150976,260768,0,1613323
76447,0,-1150976,260768,0,1613323
76457,0,-1150976,260768,0,1613323
76467,0,-1150976,260768,0,1613323
76477,0,-1150976,260768,0,1613323
76487,0,-1150976,260768,0,1613323
76497,0,-1150976,260768,0,1613323
76507,0,-1150976,260768,0,1613323
76517,0,-1150976,260768,0,1613323
76527,0,-1150976,260768,0,1613323
76537,0,-1150976,260768,0,1613323
76547,0,-1150976,260768,0,1613323
76557,0,-1150976,260768,0,1613323
76567,0,-1150976,260768,0,1613323
76577,0,-1150976,260768,0,1613323
76587,0,-1150976,260768,0,1613323
76597,0,-1150976,260768,0,1613323
76607,0,-1150976,260768,0,1613323
76617,0,-1150976,260768,0,1613323
76627,0,-1150976,260768,0,1613323
76637,0,-1150976,260768,0,1613323
76647,0,-1150976,260768,0,1613323
76657,0,-1150976,260768,0,1613323
76667,0,-1150976,260768,0,1613323
76677,0,-1150976,260768,0,1613323
76687,0,-1150976,260768,0,1613323
76697,0,-1150976,260768,0,1613323
76707,0,-1150976,260768,0,1613323
76717,0,-1150976,260768,0,1613323
76727,0,-1150976,260768,0,1613323
76737,0,-1150976,260768,0,1613323
76747,0,-1150976,260768,0,1613323
76757,0,-1150976,260768,0,1613323
76767,0,-1150976,260768,0,1613323
76777,0,-1150976,260768,0,1613323
76787,0,-1150976,260768,0,1613323
76797,0,-1150976,260768,0,1613323
76807,0,-1150976,260768,0,1613323
76817,0,-1150976,260768,0,1613323
76827,0,-1150976,260768,0,1613323
76837,0,-1150976,260768,0,1613323
76847,0,-1150976,260768,0,1613323
76857,0,-1150976,260768,0,1613323
76867,0,-1150976,260768,0,1613323
76877,0,8192,-1856,0,-4179
76888,0,5120,-1160,0,-340
76898,0,3072,-696,0,-1102
76908,0,4096,-928,0,276
76918,0,7168,-1624,0,-1847
76928,0,2048,-464,0,2805
76938,0,10240,-2320,0,-4156
76948,0,10240,-2320,0,-1303
76958,0,9216,-2088,0,-2812
76968,0,0,0,0,4934
76978,0,3072,-696,0,1490
76988,0,7168,-1624,0,-2047
76998,0,8192,-1856,0,-2817
77008,0,14336,-3248,0,-6599
77018,0,12288,-2784,0,-8340
77028,0,10240,-2320,0,-2829
77038,0,13312,-3016,0,-3233
77048,0,-7168,1624,0,13479
77058,0,25600,-5336,0,-17294
77068,0,-9216,2088,0,11392
77078,0,0,0,0,6895
77088,0,6144,-1392,0,-4520
77098,0,1024,-232,0,5339
77108,0,6144,-1392,0,-5001
77118,0,10240,-2320,0,-1418
77128,0,31744,-7192,0,-25488
77138,0,2048,-464,0,-5346
77148,0,9216,-2088,0,3556
77158,0,-5120,1160,0,12253
77168,0,-2048,464,0,645
77178,0,12288,-2784,0,-15464
77188,0,10240,-2320,0,-14777
77198,0,-5120,1160,0,-1387
77208,0,11264,-2552,0,-17525
77218,0,45056,-10208,0,-39061
77228,0,-53248,12064,0,52606
77238,0,-19456,4408,0,2731
77248,0,-24576,5568,0,12591
77258,0,-48128,10904,0,20652
77268,0,-52224,11832,0,34097
77278,0,-14336,3248,0,-12618
77288,0,-84992,19256,0,52990
77298,0,-20480,9280,0,9276
77308,0,-68608,15544,0,22380
77318,0,-131072,29696,0,72644
77328,0,-99328,22504,0,38451
77338,0,-90112,20416,0,27594
77348,0,-74752,16936,0,4724
77358,0,-112640,25520,0,23243
77368,0,-172032,38976,0,60395
77378,0,-179200,40600,0,57103
77388,0,-204800,46400,0,76615
77398,0,-160768,36424,0,38949
77408,0,-141312,32016,0,32876
77418,0,-158720,35960,0,68978
77428,0,-184320,41760,0,104916
77438,0,-136192,30856,0,73939
77448,0,-155648,35264,0,107124
77458,0,-181248,41064,0,138312
77468,0,-172032,38976,0,126702
77478,0,-107520,24360,0,69103
77488,0,-94208,21344,0,60407
77498,0,-136192,30856,0,91542
77508,0,-172032,38976,0,107227
77518,0,-167936,38048,0,93117
77528,0,-90112,20416,0,20230
77538,0,-69632,15776,0,5545
77548,0,-72704,16472,0,24131
77558,0,-78848,1624,0,-24391
77568,0,-9216,2088,0,-14573
77578,0,-70656,16008,0,49014
77588,0,-55296,12528,0,32075
77598,0,-201728,45704,0,153680
77608,0,-117760,26680,0,52981
77618,0,-74752,16936,0,25101
77628,0,22528,-5104,0,-64442
77638,0,-84992,19256,0,25870
77648,0,-97280,22040,0,36272
77658,0,-185344,41992,0,116148
77668,0,-141312,32016,0,68398
77678,0,-125952,28536,0,44379
77688,0,-112640,25520,0,37524
77698,0,-126976,28768,0,64739
77708,0,-89088,20184,0,57028
77718,0,36864,-8352,0,-28703
77728,0,99328,-22504,0,-52064
77738,0,174080,-39440,0,-100317
77748,0,46080,-10440,0,20193
77758,0,-24576,5568,0,57602
77768,0,-91136,20648,0,110907
77778,0,-17408,3944,0,46755
77788,12288,-97280,24824,2807,106092
77798,15360,-4096,4408,1602,-3793
77808,24576,-91136,26216,2548,63240
77818,49152,-44032,21112,10910,17912
77828,49152,-131072,40832,2784,96262
77838,79872,-138240,49416,7476,118330
77848,79872,10240,15776,1892,-8062
77858,79872,12288,25520,450,69385
77868,162816,-19456,41296,18310,114749
77878,196608,117760,17864,9727,-6511
77888,281600,93184,42688,28434,80355
77898,305152,279552,5800,12145,-79122
77908,387072,76800,70296,35278,208700
77918,398336,328704,15776,13076,-2814
77928,398336,240640,35728,3318,114756
77938,466944,466944,0,14305,-29913
77948,466944,343040,28072,3890,109664
77958,466944,556032,-20184,961,-57733
77968,625664,429056,44544,22422,154429
77978,625664,660480,-7888,6118,-45641
77988,625664,575488,11368,1533,83119
77998,831488,782336,11136,29144,-7317
78008,1012736,805888,46864,56320,104738
78018,1042432,982016,13688,20210,-44795
78028,1105920,1039360,15080,30464,9610
78038,1127424,1035264,20880,13557,70096
78048,1127424,1206272,-17864,3456,-39245
78058,1173504,1142784,6960,12725,79148
78068,1173504,1178624,-1160,3242,46901
78078,1310720,1292288,4176,27351,3928
78088,1324032,1217536,24128,8758,82619
78098,1452032,1268736,41528,34217,113678
78108,1466368,1492992,-6032,12138,-85836
78118,1466368,1457152,2088,3089,13099
78128,1466368,1461248,1160,755,45428
78138,1466368,1458176,1856,167,82376
78148,1466368,1536000,-15776,-3289,14476
78158,1466368,1595392,-29232,-954,-41105
78168,1466368,1429504,8352,-298,108011
78178,1466368,1465344,232,-115,49286
78188,1466368,1386496,18096,-115,110087
78198,1406976,1486848,-18096,-10170,-9965
78208,1406976,1409024,-464,-2839,60448
78219,1406976,1464320,-12992,-771,-1332
78229,594944,1449984,-193720,-363244,-554350
78239,564224,1400832,-174000,-103661,-234913
78249,564224,988160,-96048,-28557,43491
78259,372736,634880,-59392,-45884,108956
78269,372736,450560,-17632,-12665,61284
78279,337920,303104,7888,-11467,41529
78289,308224,72704,53360,-7737,147693
78299,221184,44032,40136,-28458,76470
78309,181248,104448,17400,-16640,15402
78319,76800,148480,-16240,-41726,-70852
78329,18432,146432,-29000,-30419,-78381
78339,6144,30720,-5568,-10582,19866
78349,6144,-141312,33408,-2770,139021
78359,12288,-162816,39672,1060,122037
78369,39936,-165888,46632,6309,108273
78379,55296,-150528,46632,3875,82744
78389,67584,-160768,51736,4753,103663
78399,70656,-105472,39904,1823,61353
78409,70656,-96256,37816,427,59942
78419,70656,-94208,37352,83,76167
78429,147456,-44032,43384,15800,72512
78439,196608,24576,38976,14122,25627
78449,275456,34816,54520,26031,66207
78459,305152,122880,41296,13244,7662
78469,311296,162816,33640,4287,2222
78479,311296,192512,26912,1068,15127
78489,311296,233472,17632,251,1330
78499,324608,273408,11600,1892,-11734
78509,324608,221184,23432,450,42075
78519,324608,222208,23200,91,38698
78529,327680,209920,26680,419,40394
78539,337920,163840,39440,2998,75698
78549,337920,119808,49416,732,105184
78559,342016,146432,44312,0,70667
78569,342016,149504,43616,0,67809
78579,318464,146432,38976,-4586,69665
78589,243712,149504,21344,-28077,46358
78599,205824,221184,-3480,-17396,-7912
78609,205824,201728,928,-4532,27353
78619,141312,183296,-9512,-13817,7587
78629,141312,120832,4640,-3602,50573
78639,98304,66560,7192,-8767,50472
78649,36864,54272,-3944,-25086,-3027
78659,21504,28672,-1624,-10361,-4091
78669,6144,-49152,12528,-10048,29022
78679,6144,-107520,25752,-2808,60857
78689,0,-133120,30160,-2305,66928
78699,0,-142336,32248,-680,75496
78709,0,-106496,24128,-222,37152
78719,0,-109568,24824,-115,41353
78729,0,-92160,20880,-115,22910
78739,0,-129024,29232,-115,54901
78749,0,-175104,39672,-115,90624
78759,0,-193536,43848,-115,103845
78769,0,-145408,32944,-115,50988
78779,0,-168960,38280,-115,72672
78789,0,-239616,54288,-115,145574
78799,0,-254976,57768,-115,161299
78809,0,-245760,55680,-115,156379
78819,0,-168960,38280,-115,94186
78829,0,-74752,16936,-115,10882
78839,0,-81920,18560,-115,18789
78849,0,-125952,28536,-115,57492
78859,0,-168960,38280,-115,92705
78869,0,-234496,53128,-115,151463
78879,0,-222208,50344,-115,141507
78889,-4096,-141312,31088,-1336,66625
78899,-4096,-126976,27840,-390,70346
78909,-4096,-129024,28304,-145,83490
78919,-4096,-113664,24824,-115,70613
78929,-4096,-111616,24360,-115,69013
78939,-4096,-100352,21808,-115,58129
78949,-4096,-104448,22736,-115,59952
78959,-4096,-150528,33176,-115,109195
78969,-4096,-191488,42456,-115,158448
78979,-4096,-200704,44544,-115,169358
78989,-4096,-138240,32016,-115,124006
78999,-34816,-52224,3944,-12177,23331
79009,-34816,-49152,3248,-3190,35843
79019,-130048,-66560,-14384,-20539,11786
79029,-148480,-96256,-11832,-8095,43163
79039,-148480,-128000,-11136,-2137,34598
79049,-276480,-126976,-33872,-27001,-18677
79059,-366592,-157696,-47328,-26612,-48536
79069,-366592,-305152,-13920,-7355,71752
79079,-440320,-420864,-4408,-16182,98561
79089,-497664,-531456,7656,-12246,133741
79099,-561152,-649216,19952,-21470,161283
79109,-601088,-689152,19952,-13283,130287
79119,-626688,-751616,28304,-7271,138115
79129,-626688,-787456,36424,-1923,145250
79139,-714752,-841728,28768,-17556,127512
79149,-714752,-852992,31320,-4876,120761
79159,-832512,-903168,16008,-32723,82990
79169,-887808,-931840,9976,-18494,81255
79179,-940032,-953344,3016,-24369,46180
79189,-940032,-973824,7656,-6333,46374
79199,-940032,-993280,1856,-23163,2645
79209,-985088,-1040384,12528,-6417,27700
79219,-985088,-1113088,29000,-1702,77797
79229,-1053696,-1153024,22504,-21248,66322
79239,-1053696,-1166336,25520,-5883,87068
79249,-1233920,-1173504,-13688,-46639,-2863
79259,-1271808,-1205248,-15080,-19730,25837
79269,-1271808,-1295360,5336,-5143,89012
79279,-1271808,-1425408,34800,-1374,165370
79289,-1498112,-1538048,9048,-41413,126952
79299,-1498112,-1629184,29696,-10720,181242
79309,-1514496,-1676288,36656,-6646,157605
79319,-1482752,-1755136,61712,8239,202765
79329,-1482752,-1757184,62176,2082,170192
79339,-1482752,-1726464,55216,495,168545
79349,-1482752,-1726464,55216,99,148909
79359,-1482752,-1734656,57072,0,167885
79369,-1482752,-1702912,49880,0,142809
79379,-1482752,-1655808,39208,0,104648
79389,-1482752,-1678336,44312,0,132982
79399,-1482752,-1690624,47096,0,195696
79409,-1482752,-1717248,53128,0,168734
79419,-1482752,-1673216,43152,0,124468
79429,-1514496,-1615872,22968,-6997,55473
79439,-1498112,-1660928,36888,5035,125483
79449,-1498112,-1707008,54288,1258,195329
79459,-1498112,-1695744,44776,312,160109
79469,-1498112,-1699840,45704,45,169645
79479,-1498112,-1703936,46632,0,210787
79489,-1498112,-1677312,40600,0,155981
79500,-1482752,-1615872,30160,6027,107969
79510,-1482752,-1602560,27144,1602,99327
79520,-1482752,-1458176,-5568,366,-26719
79530,-1453056,-1483776,6960,4211,29499
79540,-1437696,-1541120,23432,5485,91401
79550,-1393664,-1549312,35264,10444,117745
79560,-1393664,-1603584,47560,2830,171207
79570,-1259520,-1566720,69600,38856,215281
79580,-1246208,-1478656,52664,12550,132426
79590,-1209344,-1411072,45704,11901,110366
79600,-1209344,-1269760,13688,3028,25771
79610,-1209344,-1297408,19952,747,95445
79620,-1174528,-1222656,10904,5035,73888
79630,-1174528,-1280000,23896,1258,156465
79640,-1150976,-1216512,14848,4859,89965
79650,-1106944,-1150976,9976,17433,94919
79660,-1085440,-1061888,-5336,10185,20726
79670,-1085440,-994304,-20648,2754,-27759
79680,-948224,-1062912,25984,27404,118361
79690,-760832,-1008640,58696,53886,171212
79700,-696320,-1017856,72848,27244,207682
79710,-632832,-854016,50112,23643,140879
79720,-626688,-692224,14848,7591,68163
79730,-626688,-506880,-27144,2044,-29926
79740,-606208,-413696,-43616,3181,-39830
79750,-606208,-474112,-29928,839,39776
79760,-606208,-488448,-26680,183,54934
79770,-606208,-614400,1856,0,160480
79780,-319488,-543744,50808,71678,222257
79790,-139264,-408576,61016,104377,188662
79800,-111616,-290816,40600,38208,79219
79810,-111616,-117760,1392,9811,-15551
79820,-4096,-76800,16472,50552,114019
79830,-4096,29696,-7656,13862,50405
79840,-4096,19456,-5336,3532,98004
79850,0,158720,-35960,1670,-5275
79860,0,145408,-32944,396,18907
79870,0,105472,-23896,68,48343
79880,0,78848,-17864,0,61366
79890,0,-48128,10904,0,162095
79900,0,3072,-4640,0,80108
79910,0,29696,-6728,0,66905
79920,0,111616,-25288,0,-9466
79930,0,168960,-38280,0,-50358
79940,0,-7168,1624,0,126881
79950,0,23552,-8120,0,83956
79960,0,-15360,3480,0,133401
79970,0,150528,-34104,0,-27169
79980,0,139264,-31552,0,-16912
79990,0,59392,-13456,0,49161
80000,0,50176,-11368,0,49934
80010,0,18432,-4176,0,81790
80020,0,164864,-37352,0,-50565
80030,6144,227328,-50112,1716,-83854
80040,9216,193536,-41760,1365,-33845
80050,9216,178176,-38280,312,-7135
80060,27648,67584,-9048,2792,102492
80070,70656,91136,-4640,13771,84635
80080,70656,162816,-20880,3517,-14611
80090,125952,159744,-7656,9178,-5853
80100,187392,96256,20648,19805,77951
80110,187392,141312,10440,5058,35245
80120,187392,175104,2784,1358,26900
80130,187392,277504,-20416,312,-46130
80140,288768,384000,-21576,19622,-76916
80150,334848,280576,12296,17974,54998
80160,372736,234496,31320,14694,120628
80170,379904,309248,16008,5134,55983
80180,379904,367616,2784,1373,26053
80190,416768,457728,-9280,10154,-23564
80200,419840,474112,-12296,3334,-28563
80210,432128,429056,696,5340,33302
80220,443392,411648,7192,4638,60149
80230,443392,565248,-27608,1144,-80073
80240,518144,599040,-18328,27786,-50524
80250,549888,580608,-6960,16075,-16918
80260,549888,526336,5336,4104,40793
80270,631808,678912,-10672,11764,-51817
80280,839680,705536,30392,58639,48344
80290,904192,635904,60784,26771,134332
80300,1052672,813056,54288,58135,85923
80310,1084416,912384,38976,23887,46066
80320,1337344,1110016,51504,126724,108423
80330,1452032,1212416,54288,77041,69239
80340,1452032,1282048,38512,19821,38127
80350,1452032,1314816,33176,5065,81509
80360,1452032,1509376,-12992,1358,-51812
80370,1452032,1646592,-44080,312,-112588
80380,1452032,1684480,-52664,53,-107031
80390,2879488,1671168,273760,492919,742973
80400,2879488,1806336,245224,127059,310330
80410,3316736,2206720,251488,114105,211496
80420,3861504,2881536,222024,205749,147509
80430,3903488,3399680,114144,62858,-57212
80440,4301824,3877888,96048,207191,98159
80450,4301824,4123648,40368,53375,3274
80460,4539392,4345856,43848,65933,44026
80470,4738048,4557824,40832,51826,-4185
80480,4738048,4719616,4176,13313,-67496
80490,5051392,4880384,38744,77079,40140
80500,5384192,4989952,89320,168609,240342
80510,5499904,5116928,86768,78544,187179
80520,5737472,5386240,79576,73791,120496
80530,5921792,5675008,55912,48324,32924
80540,6047744,5959680,19952,54016,-59674
80550,5984256,6242304,-58464,-77,-185011
80560,5984256,6315008,-74936,-77,-109760
80570,5921792,6304768,-86768,-19021,-56772
80580,5921792,6355968,-98368,-4944,-80331
80590,5984256,6413312,-97208,23216,-114069
80600,5921792,6299648,-85608,-12612,-89588
80610,5921792,6092800,-38744,-3304,69275
80620,5797888,6136832,-76792,-49576,-101218
80630,5797888,6217728,-95120,-13688,-173991
80640,4789248,6080512,-292552,-211419,-508171
80650,4301824,5570560,-287448,-122757,-188231
80660,2582528,5150720,-581856,-523018,-878924
80670,1949696,4344832,-542648,-257165,-435847
80680,920576,3255296,-528960,-364251,-429251
80690,589824,2104320,-343128,-194336,14538
80700,589824,1200128,-138272,-50149,261756
80710,275456,692224,-94424,-78965,50501
80720,275456,493568,-49416,-21760,-52510
80730,39936,273408,-52896,-51156,-109696
80740,12288,55296,-9744,-16854,69019
80750,-4096,-116736,25520,-9049,63106
80760,-4096,-207872,46168,-2366,44538
80770,-4096,-267264,59624,-687,10103
80780,-31744,-384000,79808,-7134,33661
80790,-31744,-482304,126208,-1885,184645
80800,-179200,-637952,103936,-54879,117587
80810,-232448,-573440,77256,-27504,60547
80820,-232448,-619520,87696,-7607,122266
80830,-380928,-615424,53128,-53284,21032
80841,-380928,-571392,43152,-13779,2422
80851,-541696,-619520,17632,-80491,-61236
80861,-616448,-668672,11832,-46601,-3782
80871,-649216,-687104,8584,-19745,16862
80881,-649216,-807936,35960,-5478,97564
80891,-897024,-751616,-32944,-81681,-137142
80901,-897024,-962560,14848,-22507,85296
80911,-1063936,-933888,-29464,-43610,-70595
80921,-1063936,-1147904,19024,-11284,85629
80931,-1063936,-1344512,63568,-3144,185627
80941,-1063936,-1346560,64032,-863,112020
80951,-1043456,-1204224,36424,6362,-25036
80961,-1043456,-1339392,67048,1716,103312
80971,-1043456,-1402880,81432,396,166335
80981,-1053696,-1258496,46400,-3243,11123
80991,-1053696,-1274880,50112,-870,38893
81001,-1053696,-1327104,67048,-268,101240
81011,-1053696,-1447936,89320,-115,176130
81021,-1043456,-1307648,59856,2159,27073
81031,-1033216,-1385472,79808,5134,137152
81041,-994304,-1423360,97208,13084,168228
81051,-975872,-1344512,83520,7385,93723
81061,-975872,-1336320,81664,1998,106110
81071,-913408,-1275904,82128,19432,107067
81081,-905216,-1383424,108344,6652,210185
81091,-905216,-1264640,81432,1792,118127
81101,-905216,-1192960,65192,427,65434
81111,-905216,-1252352,78648,76,135554
81121,-905216,-1202176,67280,0,101133
81131,-905216,-1179648,62176,0,82010
81141,-905216,-1178624,61944,0,97401
81151,-905216,-1202176,67280,0,114394
81161,-905216,-1155072,56608,0,65265
81171,-913408,-1132544,49648,-1717,47875
81181,-913408,-1306624,89088,-481,208323
81191,-913408,-1424384,115768,-176,301134
81201,-985088,-1215488,52200,-14855,65329
81211,-1095680,-1205248,24824,-47318,1248
81221,-1174528,-1301504,28768,-33280,139210
81231,-1285120,-1248256,-8352,-30564,-5200
81241,-1285120,-1417216,29928,-7927,151827
81251,-1285120,-1510400,51040,-2221,198493
81261,-1285120,-1366016,18328,-611,19484
81271,-1285120,-1560576,62408,-206,184753
81281,-1529856,-1713152,41528,-61287,184598
81291,-1529856,-1600512,16008,-16900,80206
81301,-1529856,-1735680,46632,-4403,185372
81311,-1546240,-1752064,46632,-5272,151941
81321,-1546240,-1734656,42688,-1503,104845
81331,-1546240,-1955840,92800,-435,306017
81341,-1546240,-1870848,73544,-168,187357
81351,-1529856,-1750016,49880,7698,97437
81361,-1529856,-1842176,70760,1945,180996
81371,-1595392,-1781760,42224,-15900,94500
81381,-1698816,-1797120,22272,-53452,45683
81391,-1849344,-1947648,35496,-62569,195564
81401,-1930240,-2016256,19488,-37476,173402
81411,-2848768,-1988608,-194880,-420334,-521680
81421,-3041280,-2254848,-178176,-182137,-191700
81431,-3041280,-2622464,-94888,-47013,68225
81441,-4491264,-3276800,-275152,-258355,-186507
81451,-4491264,-3732480,-171912,-71106,10600
81461,-5216256,-4647936,-128760,-188363,110556
81471,-5216256,-5184512,-7192,-48615,199774
81481,-5272576,-5574656,68440,-31647,263687
81491,-5216256,-5786624,129224,4180,256265
81501,-5216256,-5896192,154048,1106,254940
81511,-5216256,-5880832,150568,244,210111
81521,-5216256,-5756928,122496,22,94662
81531,-5216256,-5782528,128296,0,140703
81541,-4491264,-5834752,304384,220024,572853
81551,-4396032,-5801984,318536,82801,415233
81561,-3542016,-5547008,454256,379219,766268
81571,-3354624,-5138432,404144,154609,411486
81581,-3354624,-4545536,269816,42480,44652
81591,-3108864,-4123648,229912,58815,80395
81601,-3108864,-3898368,178872,15129,109184
81611,-2912256,-3750912,190008,47332,263648
81621,-2880512,-3562496,154512,16899,184115
81631,-2447360,-3482624,234552,136070,385965
81641,-2149376,-3426304,289304,96450,435720
81651,-1950720,-3216384,286752,54473,375676
81661,-1950720,-2813952,195576,13999,166891
81671,-760832,-2432000,378624,249015,539548
81681,-312320,-1873920,353800,167335,349024
81691,-250880,-1271808,231304,63461,101102
81701,-250880,-606208,80504,16311,-104339
81711,-50176,-215040,37352,32241,-22195
81721,-50176,-76800,6032,8827,69052
81731,0,-33792,7656,11917,170924
81741,0,109568,-24824,3028,65608
81751,6144,-31744,8584,2441,213385
81761,6144,-99328,23896,595,252962
81771,208896,91136,26680,74798,197503
81781,208896,133120,17168,20530,132235
81791,208896,160768,10904,5256,165532
81801,352256,264192,16008,20118,168881
81811,369664,412672,-9744,10147,112269
81821,372736,586752,-48488,3120,25718
81831,369664,675840,-69368,-321,2719
81841,365568,577536,-48024,-1153,128774
81851,358400,632832,-72616,-4563,45010
81861,352256,688128,-76096,-1297,34512
81871,331776,565248,-52896,-5494,118115
81881,324608,580608,-58000,-2839,69800
81891,308224,575488,-60552,-6432,42666
81901,308224,428032,-27144,-1717,164575
81911,305152,520192,-48720,-1977,-4748
81921,301056,336896,-8120,-1961,142647
81931,301056,307200,-1392,-573,148343
81941,266240,557056,-65888,-12078,-123741
81951,266240,312320,15080,-3159,224007
81961,228352,272384,-9976,-10392,112866
81971,196608,411648,-48720,-16915,-48685
81981,184320,83968,22736,-8942,244307
81991,184320,243712,-13456,-2350,61263
82001,184320,227328,-9744,-649,57910
82011,184320,84992,22504,-222,176055
82021,184320,242688,-13224,-115,27227
82031,184320,223232,-8816,-115,45063
82041,184320,228352,-9976,-115,40834
82051,184320,198656,-3248,-115,71441
82061,184320,200704,-3712,-115,44106
82071,184320,174080,2320,-115,51793
82081,184320,145408,8816,-115,76066
82091,184320,257024,-16472,-115,-31380
82102,184320,189440,-1160,-115,47809
82112,184320,226304,-9512,-115,35917
82122,184320,246784,-14152,-115,19508
82132,184320,276480,-20880,-115,2410
82142,187392,143360,9976,595,137368
82152,187392,327680,-31784,114,-54152
82162,187392,261120,-16704,0,32150
82172,187392,355328,-38048,0,-52093
82182,187392,237568,-11368,0,68162
82192,193536,418816,-51040,1716,-122682
82202,193536,227328,-7656,427,65431
82212,193536,305152,-25288,76,-33241
82222,193536,395264,-45704,0,-108430
82232,193536,276480,-18792,0,4900
82242,372736,249856,27840,70396,147358
82252,372736,480256,-24360,19317,-119812
82262,372736,250880,27608,4928,133099
82272,372736,539648,-37816,1220,-111991
82282,372736,487424,-25984,297,-30807
82292,509952,444416,14848,26550,66630
82302,605184,439296,37584,41885,92524
82312,605184,580608,5568,11474,-53651
82322,808960,488448,72616,42289,174207
82332,846848,851968,-1160,15830,-130879
82342,1138688,880640,58464,82168,69056
82352,1258496,876544,86536,42846,137246
82362,1452032,1175552,62640,83030,30427
82372,1561600,1284096,62872,48774,48746
82382,1929216,1499136,97440,187820,182844
82392,2035712,1550336,109968,90843,183579
82402,2035712,1958912,17400,23376,-126862
82412,2035712,2076672,8816,5989,-19843
82422,2035712,2107392,-16240,1602,-23244
82432,2668544,2263040,91872,158622,215210
82442,2911232,2240512,151960,159309,336604
82452,3141632,2611200,120176,120597,129963
82462,3141632,2906112,53360,31059,-25798
82472,3861504,3301376,126904,138885,92374
82482,3861504,3571712,65656,35774,-20338
82492,5051392,3983360,241976,288162,376422
82502,6506496,4511744,451936,773063,969346
82512,6506496,5047296,330600,199310,270512
82522,6506496,5886976,140360,54779,-156938
82532,7368704,6753280,139432,243087,965
82542,7368704,7332864,18328,62644,-164737
82552,7368704,7529472,-36424,17189,-100924
82562,7368704,7837696,-106256,4402,-224958
82572,7368704,7698432,-74704,1174,136100
82582,7292928,7683072,-88392,-17510,-85419
82592,7292928,7531520,-54056,-4555,40279
82602,7292928,7603200,-70296,-1297,-58608
82612,7292928,7631872,-76792,-382,-92485
82622,5737472,7612416,-424792,-247735,-660259
82632,3819520,7294976,-787408,-650292,-1320675
82642,3819520,6201344,-539632,-167725,-213553
82652,2756608,5087232,-528032,-241601,-173758
82662,2446336,3801088,-306936,-156518,166488
82672,1753088,3009536,-284664,-183251,-29996
82682,1337344,2807808,-333152,-116616,-362456
82692,1337344,2304000,-219008,-30106,-130635
82702,458752,2001920,-349624,-201424,-435215
82712,327680,1586176,-285128,-106919,-238942
82722,196608,1162240,-218776,-64904,-178702
82732,196608,740352,-123192,-17891,-102811
82742,0,15360,-3480,-81902,195765
82752,-4096,332800,-60320,-22316,-173677
82762,-4096,54272,-13224,-6180,-78820
82772,0,-123904,28072,-23,17412
82782,0,23552,-5336,-23,-168953
82792,0,-351232,79576,-23,126092
82802,-4096,-196608,43616,-618,-68613
82812,-4096,-349184,78184,-214,18579
82822,-4096,-425984,95584,-115,52327
82832,-4096,-296960,66352,-115,-68634
82842,-4096,-457728,102776,-115,94910
82852,-4096,-321536,71920,-115,-38198
82862,-4096,-367616,82360,-115,37504
82872,-10240,-416768,92104,-1717,95286
82882,-13312,-294912,63800,-1076,23034
82892,-71680,-138240,15080,-20485,-105393
82902,-71680,-320512,56376,-5669,128580
82912,-145408,-163840,4176,-14863,-35470
82922,-160768,-177152,3712,-6981,45622
82932,-160768,-492544,75168,-1832,246402
82942,-157696,-172032,3248,45,-91004
82952,-154624,-461824,69600,1121,169438
82962,-154624,-310272,35264,251,10119
82972,-154624,-218112,21808,22,-29443
82982,-154624,-448512,66584,0,159634
82992,-154624,-278528,28072,0,6702
83002,-151552,-234496,18792,526,-23156
83012,-151552,-319488,38048,99,70162
83022,-151552,-315392,32480,0,41415
83032,-151552,-175104,5336,0,-78156
83042,-148480,-425984,62872,976,173014
83052,-148480,-297984,33872,228,32482
83062,-151552,-218112,15080,-1450,-37365
83072,-151552,-427008,75864,-420,218190
83082,-151552,-222208,16008,-161,-41233
83092,-151552,-352256,45472,-115,87649
83102,-160768,-529408,83520,-3090,218109
83113,-160768,-312320,34336,-901,8962
83123,-160768,-393216,52664,-283,94386
83133,-160768,-352256,43384,-115,68714
83143,-160768,-274432,25752,-115,8678
83153,-550912,-329728,-50112,-62165,-79857
83163,-660480,-350208,-70296,-52613,-100345
83173,-660480,-582656,-17632,-13611,59887
83183,-930816,-649216,-63800,-78934,-123637
83193,-994304,-1018880,5568,-39666,115962
83203,-994304,-1026048,7192,-10270,14102
83213,-1325056,-1170432,-35032,-98847,-101471
83223,-1325056,-1462272,31088,-25536,144400
83233,-1717248,-1418240,-67744,-87433,-129219
83243,-1930240,-1784832,-32944,-58007,95673
83253,-2292736,-2018304,-62176,-125023,17207
83263,-2318336,-2208768,-16472,-37552,124284
83273,-2394112,-2445312,11600,-42122,119360
83283,-2394112,-2611200,49184,-10888,177927
83293,-2394112,-2404352,2320,-3022,-73396
83303,-2394112,-2622464,51736,-817,106785
83313,-2394112,-2664448,61248,-252,109600
83323,-2394112,-2608128,48488,-115,33356
83333,-2420736,-2744320,73312,-10567,112851
83343,-2447360,-2816000,83520,-9873,162786
83353,-2473984,-2828288,80272,-8248,146968
83363,-2500608,-2712576,48024,-12635,-214
83373,-2528256,-2775040,79344,-10666,137594
83383,-2528256,-2959360,97672,-2976,192533
83393,-2528256,-2941952,93728,-809,150840
83403,-2583552,-2929664,78416,-16007,94302
83413,-2612224,-2952192,77024,-9720,101357
83423,-2639872,-3084288,100688,-6165,231462
83433,-2639872,-3080192,99760,-1725,170729
83443,-2639872,-2881536,54752,-481,5739
83453,-2639872,-3084288,100688,-176,186514
83463,-2639872,-3092480,102544,-115,188533
83473,-2639872,-3031040,88624,-115,126999
83483,-2639872,-3101696,104632,-5997,186194
83493,-2639872,-2940928,68208,-1702,55036
83503,-2612224,-2981888,83752,12702,137025
83513,-2612224,-3125248,105328,3234,215957
83523,-2944000,-3014656,16008,-82123,-2259
83533,-2944000,-3044352,22736,-21233,67455
83543,-4033536,-3209216,-186760,-358239,-440062
83553,-4033536,-3550208,-109504,-92423,52927
83563,-4444160,-3845120,-135720,-108529,-100458
83573,-4348928,-4627456,63104,2807,444424
83583,-4348928,-4856832,115072,732,320823
83593,-4348928,-4980736,143144,152,227961
83603,-4033536,-5009408,235016,95718,419176
83613,-4033536,-4780032,169128,26283,114361
83623,-2880512,-4514816,370272,190277,421540
83633,-1810432,-4203520,542184,398719,823187
83643,-1810432,-3491840,380944,102775,240723
83653,-975872,-2788352,410640,184852,345297
83663,-975872,-2086912,251720,50811,41629
83673,-720896,-1417216,157760,69107,-55692
83683,-677888,-1150976,107184,24200,13342
83693,-590848,-1184768,134560,33035,238026
83703,-528384,-1060864,120640,22201,214737
83713,-295936,-859136,127600,103477,203621
83723,-182272,-943104,172376,61141,327248
83733,-182272,-872448,156368,15724,287401
83743,0,-679936,154048,80673,302898
83753,0,-463872,105096,20759,156044
83763,0,-271360,61480,5302,90637
83773,0,-104448,23664,1396,37669
83783,0,-79872,18096,320,100786
83793,0,29696,-6728,53,57665
83803,0,93184,-21112,0,30309
83813,0,-110592,25056,0,242130
83823,0,-63488,14384,0,198774
83833,0,70656,-16008,0,67621
83843,0,104448,-23664,0,50515
83853,0,190464,-43152,0,-17793
83863,0,40960,-9280,0,136695
83873,0,10240,-2320,0,165240
83883,0,149504,-33872,0,27268
83893,0,148480,-33640,0,31382
83903,0,175104,-39672,0,14972
83913,0,78848,-17864,0,92861
83923,0,-16384,3712,0,174157
83933,0,113664,-25752,0,47076
83943,0,-11264,2552,0,151876
83953,0,110592,-25056,0,33148
83963,0,3072,-696,0,140595
83973,0,41984,-9512,0,94059
83983,0,174080,-39440,0,-45356
83993,0,-30720,6960,0,153587
84003,3072,51200,-10904,1464,76973
84013,3072,209920,-46864,366,-79955
84023,21504,6144,3480,4661,128132
84033,21504,58368,-8352,1144,80461
84043,21504,179200,-35728,274,-44321
84053,119808,63488,12760,23071,119215
84063,119808,161792,-9512,6309,19067
84073,122880,118784,928,2578,85302
84083,122880,247808,-28304,610,-6764
84093,116736,244736,-29000,-2808,11473
84103,110592,223232,-25520,-2747,48066
84113,110592,148480,-8584,-756,122039
84123,82944,226304,-32480,-4937,40855
84133,82944,347136,-59856,-1328,-68572
84143,82944,280576,-44776,-390,6951
84153,18432,253952,-53360,-10415,5194
84163,18432,325632,-69600,-2732,-81076
84173,18432,236544,-49416,-802,-23204
84183,3072,183296,-40832,-6691,-22738
84193,3072,217088,-48488,-1771,-66140
84203,3072,122880,-27144,-535,16525
84213,0,166912,-37816,-672,-40855
84223,0,140288,-16936,-222,43554
84233,0,37888,-8584,-115,59106
84243,0,122880,-27840,-115,-38542
84253,0,107520,-24360,-115,-42193
84263,9216,-21504,6960,1823,64137
84273,122880,90112,7424,40603,16602
84283,122880,50176,16472,11123,34087
84293,659456,91136,128760,113403,241235
84303,3353600,371712,675584,1087738,1631355
84313,6175744,766976,1225424,1102165,2087430
84323,6175744,2193408,902248,284172,537218
84334,11455488,4401152,1571336,961135,1398176
84344,13367296,7236608,1388984,808296,765641
84354,14150656,10175488,900624,359725,-239776
84364,14150656,12548096,363080,98907,-852976
84374,15115264,13941760,265872,282775,-247067
84384,15115264,14430208,145696,72883,-103714
84394,12498944,14417920,-434768,-346016,-790357
84404,8080384,13757440,-1286208,-1267945,-2278187
84414,6925312,11888640,-1124504,-571953,-775415
84424,6925312,9508864,-585336,-147522,512831
84434,5617664,7577600,-444048,-386895,198930
84444,4892672,6000640,-251024,-246514,422449
84454,4490240,5552128,-240584,-116395,5433
84464,4490240,4957184,-105792,-30060,134992
84474,2756608,4727808,-446600,-343209,-684060
84484,1888256,4177920,-518752,-388405,-693981
84494,1324032,3600384,-515736,-257386,-565759
84504,653312,2201600,-350784,-187890,60812
84514,439296,1467392,-232928,-76561,90307
84524,178176,603136,-96280,-86403,166749
84534,125952,74752,11600,-31785,188290
84544,-4096,-69632,14848,-56695,-18793
84554,-4096,-73728,15776,-14664,-109192
84564,0,-237568,53824,-1877,2656
84574,0,-409600,92800,-565,121446
84584,0,-359424,81432,-199,29598
84594,0,-354304,80272,-115,41673
84604,0,-433152,98136,-115,61407
84614,-7168,-357376,79344,-1771,-18359
84624,-13312,-280576,60552,-1641,-69949
84634,-145408,-428032,64032,-43244,27474
84644,-145408,-439296,66584,-11200,81380
84654,-145408,-466944,72848,-3121,116336
84664,-632832,-427008,-46632,-158639,-196849
84674,-795648,-440320,-80504,-81841,-168003
84684,-3542016,-675840,-649368,-1090729,-1666577
84694,-3542016,-1179648,-525480,-281304,-568051
84704,-3542016,-2410496,-256360,-77424,238554
84714,-17213440,-3388416,-3132232,-2196198,-4801325
84724,-17213440,-5363712,-2684704,-604126,-2277824
84734,-17213440,-8351744,-2007728,-155823,-740322
84744,-17213440,-12169216,-1142832,-40238,610395
84754,-17213440,-14836736,-538472,-11109,915168
84764,-17213440,-16321536,-202072,-2907,557099
84774,-17213440,-17006592,-46864,-847,298055
84784,-17213440,-16958464,-57768,-268,-90742
84794,-17213440,-16769024,-100688,-115,-329156
84804,-17213440,-16845824,-83288,-115,-295889
84814,-5798912,-17253376,2595152,3464294,6159134
84824,-5798912,-17202176,2583552,893287,3438163
84834,-5798912,-15703040,2243904,245666,1838435
84844,-203776,-12806144,2855224,1761466,3320337
84854,-96256,-9369600,2100992,508117,778319
84864,0,-5500928,1246304,171318,-441320
84874,3072,-2399232,544272,45005,-955303
84884,3072,-684032,155672,12336,-798756
84894,3072,-23552,6032,3128,-342485
84904,147456,-193536,77256,41839,252569
84914,147456,-448512,135024,11466,446961
84924,1220608,-483328,386048,424552,1078993
84934,1220608,24576,270976,109436,365900
84944,4687872,699392,903640,744529,1475391
84954,6240256,2274304,898536,409133,737901
84964,11794432,4426752,1669240,1587066,2333236
84974,11794432,7204864,1039824,436492,263100
84984,15985664,9981952,1360216,1656333,1787240
84994,15985664,12320768,830328,455535,102275
85004,12864512,14696448,-415048,-485520,-1958497
85014,12864512,15471616,-590672,-125237,-1128103
85024,8762368,14936064,-1398728,-1128747,-2374617
85034,8762368,13093888,-981360,-291108,-408676
85044,6305792,10395648,-926608,-397301,53169
85054,6305792,7779328,-333848,-109330,1022942
85064,6305792,6092800,48256,-28229,1013169
85074,5737472,5398528,76792,-217148,368819
85084,5737472,5692416,10208,-56038,-67028
85094,3040256,6080512,-688808,-783402,-1683618
85104,3040256,5591040,-577912,-215523,-632737
85114,1628160,4668416,-688808,-408776,-717968
85124,443392,3174400,-618744,-538018,-528925
85134,358400,1789952,-324336,-177384,144788
85144,318464,694272,-85144,-55764,322375
85154,172032,-99328,61480,-48264,398085
85164,159744,-163840,73312,-16732,149138
85174,159744,61440,22272,-4349,-122611
85184,138240,175104,-8352,-5143,-177884
85194,141312,88064,12064,-374,-27929
85204,141312,130048,2552,-138,-87756
85214,159744,5120,35032,8674,-6081
85224,159744,-188416,78880,2197,98534
85234,159744,-224256,87000,564,90001
85244,159744,-108544,60784,106,-24905
85254,159744,-25600,41992,0,-53575
85264,159744,-135168,66816,0,87596
85274,138240,13312,28304,-4349,-28583
85284,138240,-62464,45472,-1175,9745
85294,138240,136192,464,-367,-93608
85304,138240,53248,19256,-138,2109
85314,138240,-46080,41760,-115,97180
85324,138240,183296,-10208,-115,-120128
85334,138240,-53248,43384,-115,117471
85344,138240,-14336,34568,-115,86251
85354,138240,164864,-6032,-115,-86621
85364,0,5120,-1160,-20714,25388
85374,0,-84992,19256,-5738,89903
85384,-4096,-45056,9280,-2358,675
85394,-4096,-67584,14384,-687,-17148
85404,-4096,-380928,85376,-222,234081
85414,-4096,-199680,44312,-115,38141
85424,-4096,-69632,14848,-115,-79676
85434,-4096,-252928,56376,-115,125556
85444,-4096,-134144,29464,-115,18068
85454,-7168,-71680,14616,-542,-30636
85464,-7168,-138240,29696,-191,57051
85474,-7168,-246784,54288,-115,149966
85484,-7168,-232448,51040,-115,121297
85494,-7168,-68608,13920,-115,-38421
85504,-7168,-277504,61248,-115,154440
85514,-7168,-287744,63568,-115,146902
85524,-10240,-163840,34800,-916,24962
85534,-10240,-146432,30856,-298,23202
85544,-59392,-64512,1160,-18219,-76490
85554,-59392,-180224,27376,-4731,72230
85564,-59392,-244736,41992,-1336,132354
85574,-111616,-161792,11368,-9430,12665
85584,-117760,-293888,39904,-4273,115769
85594,-117760,-197632,18096,-1145,7376
85604,-114688,-233472,26912,717,46714
85614,-108544,-219136,25056,1800,45531
85625,-105472,-351232,55680,984,175799
85635,-44032,-264192,49880,22865,122571
85645,-25600,-314368,65424,10467,150206
85655,-25600,-233472,54056,12908,87010
85665,-4096,-315392,70528,3517,163468
85675,-4096,-93184,20184,869,-16642
85685,-4096,-288768,64496,198,184816
85695,-4096,-114688,25056,0,30327
85705,-4096,-136192,29928,0,-36028
85715,-59392,-214016,35032,-26368,101802
85725,-62464,-40960,-4872,-7905,-33337
85735,-62464,-76800,3248,-2205,16077
85745,-87040,-191488,23664,-4777,97470
85755,-166912,-139264,-6264,-28931,-11761
85765,-225280,-305152,18096,-22095,120878
85775,-225280,-254976,6728,-5738,64073
85785,-546816,-314368,-52664,-112649,-83209
85795,-595968,-361472,-53128,-40619,-25068
85805,-1024000,-537600,-110200,-215317,-197911
85815,-1024000,-776192,-56144,-55573,67232
85825,-1869824,-916480,-215992,-212678,-299940
85835,-1869824,-1334272,-116696,-54886,61009
85845,-8763392,-1557504,-1632584,-2246865,-3764617
85855,-8763392,-2819072,-1346760,-579445,-1309046
85865,-17213440,-4719616,-2830632,-1594155,-3398043
85875,-17213440,-8266752,-2026984,-411126,-712985
85885,-17213440,-12249088,-1124736,-106072,770412
85895,-17213440,-15246336,-445672,-29221,1196268
85905,-17213440,-17002496,-47792,-7569,920283
85915,-11910144,-17545216,1277624,1163665,2894260
85925,-4688896,-16544768,2686096,3346427,5689133
85935,-2583552,-14319616,2658952,1501884,3120122
85945,-2583552,-10971136,1900312,413063,637989
85955,-515072,-7073792,1485960,575729,103299
85965,-515072,-3880960,762584,148414,-803067
85975,-4096,-1984512,448688,153099,-523872
85985,-4096,-843776,190240,39428,-384632
85995,-4096,-711680,148712,10124,41723
86005,-4096,-681984,153584,2746,229655
86015,0,-922624,209032,1281,441466
86025,6144,-840704,191864,2174,343132
86035,43008,-565248,137808,8125,174735
86045,275456,-272384,124120,93383,193170
86055,275456,-41984,71920,25634,103534
86065,275456,231424,9976,6568,26227
86075,462848,423936,8816,33470,90569
86085,569344,659456,-20416,38887,41838
86095,569344,709632,-31784,9979,80877
86105,801792,773120,6496,37391,175247
86115,1929216,1045504,200216,310348,525269
86125,3502080,1284096,502512,383834,867312
86135,15838208,2120704,3107872,4952430,7523939
86145,15838208,3349504,2829472,1277046,3666777
86155,15838208,5903360,2250864,329261,1533541
86165,15985664,9157632,1546976,111145,196790
86175,15985664,12424192,806896,28610,-611528
86185,15838208,14667776,245688,-19364,-834571
86195,15838208,15674368,37120,-5372,-389716
86205,13754368,15783936,-459824,-522561,-906642
86215,6925312,15344640,-1907504,-3391137,-4982692
86225,6925312,13887488,-1577368,-932801,-1796674
86235,6925312,11736064,-1089936,-240571,-176005
86245,1577984,9163776,-1718656,-1034661,-1334777
86255,1577984,6263808,-1061632,-266854,154388
86265,384000,3344384,-670712,-348794,449418
86275,384000,1609728,-277704,-95978,635889
86285,122880,504832,-86536,-114968,393483
86295,122880,212992,-20416,-31662,168391
86305,101376,397312,-67048,-18471,-181904
86315,101376,496640,-89552,-4815,-251686
86325,82944,470016,-87696,-5982,-202852
86335,82944,316416,-52896,-1603,-90179
86345,27648,95232,-15312,-19570,-17721
86355,27648,-115712,32480,-5082,37853
86365,9216,-141312,34104,-4479,-56445
86375,9216,-384000,89088,-1259,89417
86385,9216,-447488,103472,-367,78930
86395,12288,-478208,111128,350,109611
86405,12288,-477184,110896,61,90291
86415,584704,-275456,194880,125778,208631
86425,886784,-261120,260072,80467,307941
86435,7836672,172032,1736520,2272048,3813500
86445,7836672,1199104,1503824,585838,1501670
86455,16135168,3403776,2884456,1389396,3010880
86465,16135168,6598656,2160616,358230,540057
86475,16135168,10227712,1338408,98495,-744878
86485,16135168,12977152,715488,25352,-1066366
86495,15690752,14368768,299512,-119950,-963218
86505,13624320,14583808,-217384,-458855,-1092538
86515,6998016,13665280,-1510552,-2721856,-3888526
86525,6998016,12255232,-1191088,-748719,-998612
86535,6998016,9863168,-649136,-193123,575616
86545,2419712,7444480,-1138424,-690354,-209944
86555,824320,5257216,-1004328,-643883,-64917
86565,605184,3322880,-615728,-208405,481013
86576,168960,1715200,-350320,-214463,591340
86586,168960,1361920,-270280,-59029,184772
86596,0,1051648,-238264,-47913,-58260
86606,-7168,1043456,-238032,-13344,-256854
86616,-7168,887808,-202768,-3716,-229115
86626,-13312,475136,-110664,-2190,-2290
86636,-28672,181248,-47560,-5913,15049
86646,-40960,-248832,47096,-4937,215896
86656,-90112,-461824,84216,-10209,198946
86666,-117760,-442368,73544,-6730,36636
86676,-166912,-698368,120408,-14069,174496
86686,-185344,-622592,99064,-6997,37796
86696,-222208,-618496,89784,-15542,4665
86706,-289792,-743424,102776,-20943,103034
86716,-493568,-655360,36656,-102616,-114301
86726,-649216,-706560,12992,-82032,-88201
86736,-649216,-858112,47328,-21195,80826
86746,-1869824,-876544,-225040,-212754,-445346
86756,-1869824,-1376256,-111824,-58556,16073
86766,-11234304,-1788928,-2139968,-2210679,-4182880
86776,-11234304,-3401728,-1774568,-570107,-1584520
86786,-17213440,-5899264,-2563368,-2092545,-3395315
86796,-17213440,-9124864,-1832568,-539635,-749907
86806,-17213440,-12785664,-1003168,-148469,732536
86816,-17213440,-15558656,-374912,-38331,1039910
86826,-9309184,-17105920,1766448,1727416,4462803
86836,-2818048,-17331200,3288136,3376869,6936446
86846,-2818048,-15553536,2885384,870742,3066005
86856,-677888,-12503040,2679136,741226,1935561
86866,-677888,-8589312,1792432,191101,68023
86876,-677888,-5090304,999688,49240,-711687
86886,-7168,-2789376,630344,170761,-472743
86896,-13312,-1437696,322712,41419,-347878
86906,-34816,-985088,215296,4112,16258
86916,-65536,-840704,175624,-5662,202334
86926,-87040,-878592,179336,-6524,341109
86936,-87040,-742400,148480,-1832,252563
86946,-87040,-590848,114144,-512,179889
86956,-87040,-320512,52896,-184,41675
86966,-22528,-258048,53360,19485,146665
86976,-13312,-99328,19488,6874,116115
86986,-13312,-104448,20648,1838,216835
86996,-13312,46080,-13456,427,143232
87006,0,94208,-21344,2807,158345
87016,0,263168,-59624,686,45007
87026,0,269312,-61016,152,81673
87036,0,203776,-46168,0,161869
87046,0,328704,-74472,0,48526
87056,0,353280,-80040,0,32857
87066,0,316416,-71688,0,53164
87076,0,257024,-58232,0,83017
87086,0,196608,-44544,0,93141
87096,0,167936,-38048,0,68794
87106,0,56320,-12760,0,135802
87116,0,-70656,16008,0,209598
87126,0,6144,-1392,0,109023
87136,0,69632,-15776,0,49399
87146,0,39936,-9048,0,110731
87156,0,33792,-7656,0,91665
87166,0,10240,-2320,0,108690
87176,0,87040,-19720,0,25939
87186,0,33792,-7656,0,81596
87196,0,-33792,7656,0,136546
87206,0,16384,-3712,0,80775
87216,0,21504,-4872,0,72796
87226,0,33792,-7656,0,60567
87236,0,-34816,7888,0,136501
87246,0,-62464,11600,0,149669
87256,0,81920,-18560,0,37107
87266,0,-17408,3944,0,144623
87276,0,-14336,3248,0,147049
87286,0,-58368,13224,0,197608
87296,0,80896,-18328,0,61130
87306,-10240,90112,-22736,-4578,53101
87316,-10240,-51200,9280,-1221,184452
87326,-74752,-44032,-6960,-15503,132572
87336,-74752,-26624,-10904,-4044,106136
87346,-74752,11264,-19488,-1084,47551
87356,-169984,-24576,-32944,-22660,11753
87366,-420864,-222208,-45008,-79880,44225
87376,-420864,-269312,-34336,-22011,99780
87386,-1423360,-362496,-240352,-226059,-345195
87396,-2788352,-804864,-449384,-275612,-497346
87406,-2788352,-1620992,-264480,-75852,75798
87416,-17213440,-2454528,-3343816,-3190217,-6103062
87426,-17213440,-3774464,-3044768,-822693,-3216835
87436,-17213440,-6617088,-2400736,-226334,-1245807
87446,-17213440,-10232832,-1581544,-58411,117688
87456,-17213440,-13560832,-827544,-15107,784289
87466,-17213440,-15685632,-346144,-4189,765119
87476,-17213440,-16719872,-111824,-1114,337981
87486,-6576128,-16999424,2361528,3185707,5550890
87496,-4790272,-15543296,2436232,1329589,3199789
87506,-4790272,-12615680,1772944,342811,764412
87516,-476160,-9137152,1962256,848831,987343
87526,-476160,-5459968,1129144,218856,-568302
87536,-4096,-2555904,578144,147590,-840349
87546,6144,-863232,196968,42831,-774719
87556,0,-33792,7656,9353,-495509
87566,0,-122880,34104,2372,21090
87576,49152,-512000,127136,19149,366004
87586,321536,-621568,213672,77560,439078
87596,569344,-637952,273528,64849,445719
87606,878592,-94208,220400,61058,145960
87616,878592,507904,83984,15693,-125601
87626,878592,994304,-27840,4005,-209048
87636,878592,1356800,-108344,1068,-264763
87646,878592,1332224,-102776,228,-76701
87656,16135168,1278976,3365856,2947311,6413307
87666,16135168,1576960,3298344,759971,3986557
87676,16135168,3537920,2854064,195930,2310852
87686,15985664,6682624,2107720,26771,808831
87696,9401344,10315776,-207176,-2266854,-4024091
87706,6925312,12884992,-1350240,-1242768,-3927798
87716,3778560,13717504,-2251792,-1821000,-4742154
87726,3353600,12659712,-2108416,-616379,-2412683
87736,3353600,10331136,-1580848,-169587,-747899
87746,2102272,7298048,-1177168,-256234,-79729
87756,1466368,4530176,-694144,-271981,328425
87766,1310720,2736128,-322944,-113785,498528
87776,1149952,1777664,-142216,-56679,224496
87786,560128,1223680,-150336,-205613,-162656
87796,560128,1145856,-133168,-53063,-214935
87806,178176,983040,-182352,-185380,-415353
87816,178176,703488,-119016,-47844,-175815
87826,6144,408576,-91176,-53544,-66980
87837,0,-121856,27608,-14824,122580
87847,12288,-198656,47792,-130,-42174
87857,12288,-498688,115768,-115,79550
87867,49152,-776192,186992,7392,252837
87877,49152,-631808,145000,1876,46085
87887,46080,-475136,118088,-206,-27264
87897,39936,-346112,87464,-2686,-86379
87907,39936,-302080,77488,-771,-60028
87917,43008,-455680,112984,427,145718
87927,43008,-318464,81896,76,57115
87937,288768,-196608,109968,74577,119909
87947,376832,-87040,105096,37330,59956
87957,2638848,150528,563760,667060,1075008
87967,2638848,598016,462376,171981,413964
87977,8851456,1547264,1654856,1324478,2591337
87987,12619776,3433472,2081272,1270935,2454988
87997,15985664,6443008,2162008,1285415,1988207
88007,16135168,10045440,1379704,360305,-59635
88017,13624320,13268992,80504,-887452,-2551363
88027,12379136,15415296,-687880,-583191,-2515469
88037,12379136,15860736,-788800,-160454,-1451387
88047,3903488,14993408,-2512560,-3371514,-5675179
88057,3175424,13048832,-2236944,-1063660,-2454983
88067,3175424,9973760,-1540248,-274323,-335410
88077,1052672,6964224,-1339336,-372468,-101317
88087,483328,3910656,-776504,-247971,539855
88097,355328,1870848,-343360,-92980,744229
88107,95232,385024,-65656,-119828,638738
88117,36864,-30720,15312,-45548,259226
88127,36864,-254976,66120,-12574,105281
88137,3072,-188416,43384,-7721,-45949
88147,3072,-189440,43616,-2045,-19899
88157,0,-178176,40368,-1168,-28248
88167,0,-102400,23200,-344,-128806
88177,0,-284672,64496,-138,-4885
88187,0,-556032,125976,-115,175988
88197,0,-395264,89552,-115,-40030
88207,0,-592896,134328,-115,123508
88217,-4096,-544768,122496,-817,83651
88227,-4096,-492544,110664,-268,82651
88237,-4096,-376832,84448,-115,24239
88247,-4096,-347136,77720,-115,49752
88257,-4096,-391168,87696,-115,124865
88267,-4096,-225280,50112,-115,2708
88277,-44032,-203776,36192,-18219,-4564
88287,-90112,-320512,52200,-20653,110560
88297,-114688,-58368,-12760,-11132,-145588
88307,-241664,-269312,6264,-33471,3891
88317,-241664,-412672,38744,-8683,117885
88327,-241664,-325632,19024,-2274,-7434
88337,-493568,-647168,34800,-113282,68542
88347,-493568,-504832,2552,-29259,-53921
88357,-493568,-658432,37352,-7592,98818
88367,-606208,-604160,-464,-21248,-5787
88377,-606208,-594944,-2552,-5517,-9721
88387,-606208,-791552,41992,-1565,126834
88397,-606208,-839680,52896,-451,105868
88407,-611328,-1007616,89784,-1717,230085
88417,-611328,-743424,29928,-512,-36868
88427,-621568,-963584,77488,-1809,164423
88437,-626688,-668672,9512,-2190,121937
88447,-626688,-653312,6032,-611,-100665
88457,-632832,-812032,40600,-1114,56006
88467,-632832,-868352,53360,-344,110080
88477,-626688,-950272,73312,1220,173896
88487,-626688,-791552,37352,297,-17268
88497,-626688,-1178624,125048,38,333312
88507,-626688,-1016832,88392,0,184314
88517,-626688,-829440,45936,0,-7805
88527,-606208,-1140736,121104,5813,344077
88537,-606208,-698368,20880,1556,-49617
88547,-611328,-777216,37584,-1786,70699
88557,-611328,-794624,41528,-512,113676
88567,-611328,-769024,35728,-184,99039
88577,-616448,-660480,9976,-863,-29037
88587,-616448,-915456,67744,-268,231404
88597,-626688,-804864,40368,-2221,94718
88607,-626688,-937984,70528,-611,218027
88617,-626688,-821248,44080,-206,106073
88627,-626688,-829440,45936,-115,110443
88637,-606208,-667648,13920,3967,4299
88647,-606208,-762880,35496,991,130007
88657,-550912,-791552,54520,10910,191700
88667,-524288,-587776,14384,6507,24513
88677,-463872,-582656,26912,17868,67689
88687,-463872,-712704,56376,4570,194007
88697,-463872,-611328,33408,1144,96246
88707,-463872,-561152,22040,274,62011
88717,-472064,-590848,26912,-1458,95281
88727,-484352,-530432,10440,-2038,49819
88737,-484352,-579584,21576,-603,100111
88747,-489472,-583680,21344,-1122,89826
88757,-489472,-623616,30392,-329,111841
88767,-353280,-653312,67976,33927,205299
88777,-325632,-630784,69136,13725,175875
88787,-289792,-568320,63104,15098,147644
88797,-315392,-472064,35496,-2282,58412
88807,-399360,-379904,-4408,-40673,-56680
88817,-399360,-437248,8584,-11231,64155
88827,-409600,-468992,13456,-5341,75351
88837,-406528,-564224,35728,-901,158861
88847,-406528,-568320,36656,-298,142921
88857,-406528,-471040,14616,-115,41562
88867,-413696,-556032,32248,-1221,111700
88877,-472064,-543744,16240,-18082,141933
88887,-472064,-731136,58696,-5013,242379
88897,-660480,-644096,-3712,-80300,25447
88907,-788480,-700416,-19952,-63576,20193
88917,-788480,-689152,-22504,-16427,61438
88927,-1453056,-801792,-147552,-139863,-173876
88937,-1453056,-1091584,-81896,-38506,75002
88947,-1772544,-1247232,-119016,-80193,-87747
88957,-1810432,-1559552,-35032,-36606,130777
88967,-1810432,-1992704,41296,-10109,269591
88978,-1810432,-2094080,64264,-2648,187510
88988,-1810432,-2245632,98600,-771,216808
88998,-1810432,-2281472,106720,-237,188279
89008,-1128448,-2305024,266568,140419,491809
89018,-802816,-1920000,253112,175056,305628
89028,-802816,-1650688,192096,45097,102962
89038,-802816,-1302528,122496,11581,17195
89048,-781312,-1142784,81896,6347,35106
89058,-781312,-1082368,68208,1602,123899
89068,-781312,-974848,43848,396,77830
89078,-774144,-1079296,69136,1136,188975
89088,-734208,-1196032,104632,10910,277625
89098,-702464,-1232896,120176,9513,293254
89108,-532480,-1172480,145000,65010,312761
89118,-532480,-1125376,134328,17845,248450
89128,-366592,-975872,138040,36605,212227
89138,-309248,-788480,108576,17417,124528
89148,-203776,-693248,110896,32882,170550
89158,-185344,-449536,59856,12008,34623
89168,-188416,-404480,48952,1922,71358
89178,-188416,-253952,14848,488,-4979
89188,-188416,-296960,24592,91,86430
89198,-185344,-266240,18328,389,86356
89208,-185344,-252928,15312,76,85524
89218,-120832,-364544,55216,15296,222054
89228,-120832,-335872,48720,4165,180642
89238,-120832,-348160,51504,1029,210246
89248,-90112,-386048,67048,5790,276682
89258,-90112,-270336,40832,1548,184233
89268,-68608,-262144,43848,5729,206414
89278,-7168,-248832,54752,19409,238042
89288,-4096,-163840,36192,5950,144167
89298,0,-138240,31320,2548,148873
89308,0,-174080,39440,610,203357
89318,0,-139264,31552,122,193493
89328,0,-94208,21344,0,180446
89338,0,-138240,31320,0,238485
89348,0,-103424,23432,0,210955
89358,0,-59392,13456,0,165869
89368,0,-32768,7424,0,136688
89378,0,-45056,10208,0,145049
89388,0,-17408,11136,0,155813
89398,0,2048,-464,0,118704
89408,0,61440,-13920,0,77063
89418,0,75776,-17168,0,75691
89428,0,93184,-21112,0,73112
89438,0,80896,-18328,0,91353
89448,0,111616,-25288,0,67590
89458,0,113664,-25752,0,70071
89468,0,130048,-29464,0,62499
89478,-4096,132096,-30856,-870,60046
89488,-13312,116736,-29464,-4143,64103
89498,-56320,87040,-32480,-13360,61753
89508,-56320,65536,-27608,-3495,63184
89518,-56320,-27648,-6496,-1008,122808
89528,-56320,-45056,-2552,-306,110567
89538,-235520,-48128,-42456,-34745,23300
89548,-286720,-135168,-34336,-28222,44939
89558,-286720,-190464,-21808,-7325,78874
89568,-286720,-225280,-13920,-2060,116994
89578,-363520,-291840,-16240,-15717,61287
89588,-363520,-337920,-5800,-4090,66589
89598,-417792,-399360,-4176,-11658,54657
89608,-424960,-517120,20880,-4059,126077
89618,-436224,-595968,36192,-4090,158131
89628,-436224,-677888,54752,-1175,217937
89638,-440320,-674816,53128,-870,206566
89648,-440320,-643072,45936,-268,151382
89658,-436224,-665600,51968,679,189268
89668,-424960,-690176,60088,3356,207710
89678,-424960,-654336,51968,869,168779
89688,-402432,-608256,46632,4264,132510
89698,-402432,-585728,52896,1060,168392
89708,-322560,-660480,76560,20225,238329
89718,-182272,-603136,95352,72067,281236
89728,-182272,-528384,78416,19798,193840
89738,-182272,-290816,24592,5058,13870
89748,-77824,-266240,42688,20896,118534
89758,-56320,-180224,28072,13137,92435
89768,-37888,-220160,41296,7949,170014
89778,-34816,-106496,-2320,1678,11628
89788,-34816,-27648,-1624,427,45420
89798,-34816,-89088,12296,76,125928
89808,-34816,-84992,11368,0,138688
89818,0,-66560,15080,11260,144072
89828,0,-68608,15544,2861,128227
89838,0,1024,-232,747,63253
89848,0,12288,-2784,152,65499
89858,0,-24576,5568,0,105294
89868,0,-29696,6728,0,116798
89878,0,-67584,15312,0,154687
89888,0,-54272,12296,0,110978
89898,-4096,60416,-14616,-1832,28369
89908,-7168,100352,-24360,-1435,1200
89918,-10240,31744,-9512,-1160,68727
89928,-16384,20480,-8352,-2923,81372
89938,-31744,-20480,0,-5463,129763
89948,-31744,-74752,9744,-1549,170241
89958,-59392,-22528,-8352,-5639,93138
89968,-59392,26624,-19488,-1603,38663
89978,-56320,50176,-24128,221,9843
89988,-56320,-86016,6728,7,121262
89998,-56320,-114688,13224,0,133461
90008,-56320,-95232,8816,0,114829
90018,337920,-114688,102544,165222,393234
90028,1022976,-23552,237104,250480,558696
90038,2057216,295936,399040,277664,612077
90048,2057216,803840,283968,76324,184877
90058,6782976,1551360,1185288,1364295,2284795
90068,6782976,2791424,904336,351776,728473
90078,7916544,4546560,763512,265884,219495
90088,7916544,6444032,333616,68519,-476592
90098,7916544,7657472,58696,17623,-497948
90108,7916544,8308736,-88856,4806,-383846
90118,7916544,8380416,-105096,1197,-129828
90128,7916544,8163328,-55912,297,80953
90138,1012736,7657472,-1505448,-1006508,-2292001
90149,419840,6084608,-1283424,-417740,-971017
90159,365568,3857408,-791120,-125428,198795
90169,9216,1627136,-366560,-124352,646956
90179,-13312,109568,-27840,-38109,814271
90189,-13312,-374784,81896,-10529,361687
90199,-105472,-433152,74240,-19219,113033
90209,-145408,-309248,37120,-14992,-51159
90219,-145408,-149504,928,-4166,-115590
90229,-312320,-21504,-65888,-46906,-252401
90239,-409600,-111616,-67512,-36469,-188333
90249,-409600,-425984,3712,-10071,44788
90259,-840704,-797696,-9744,-107216,46460
90269,-840704,-984064,32480,-27688,127880
90279,-1869824,-1136640,-166112,-270348,-375232
90289,-1869824,-1451008,-94888,-69764,-79374
90299,-3989504,-1906688,-471888,-549325,-859131
90309,-8081408,-2779136,-1201296,-1078232,-1887792
90319,-8081408,-4468736,-818496,-278092,-324764
90329,-8081408,-6351872,-391848,-76539,406303
90339,-11017216,-8239104,-629416,-518250,-275602
90349,-10909696,-9775104,-257056,-98877,419373
90359,-10909696,-10830848,-17864,-27245,487345
90369,-11017216,-11402240,87232,-25322,303273
90379,-10803200,-11638784,189312,58380,336371
90389,-10488832,-11638784,260536,89714,386376
90399,-6576128,-11286528,1067200,1353042,2327656
90409,-4348928,-10478592,1388752,1024833,2064548
90419,-2473984,-8759296,1424016,693962,1318597
90429,-957440,-6193152,1186216,502029,457269
90439,-338944,-3662848,753072,317138,-223729
90449,-59392,-1844224,388136,139350,-490965
90459,12288,-706560,162864,68321,-408431
90469,12288,-228352,54520,17585,-210035
90479,0,-208896,47328,2090,3095
90489,-4096,-349184,78184,-115,147596
90499,-4096,-555008,124816,-115,266443
90509,-4096,-531456,119480,-115,194594
90519,-10240,-401408,88624,-985,90135
90529,-44032,-326656,64032,-9308,84861
90539,-44032,-186368,32248,-2602,49032
90549,-65536,-108544,9744,-9163,62263
90559,-62464,-128000,14848,-1694,162306
90569,-62464,-73728,2552,-481,139838
90579,0,-13312,3016,8575,113745
90589,89088,-38912,29000,27664,185255
90599,153600,92160,13920,19554,82343
90609,984064,220160,172608,247756,433300
90619,984064,406528,130848,68107,172952
90629,5921792,845824,1150024,971397,1969809
90639,8851456,2012160,1549528,677017,1700079
90649,8851456,4365312,1016392,174530,162578
90659,16135168,6885376,2095656,1364105,2291656
90669,16135168,9807872,1433528,375167,385008
90679,16135168,12800000,755624,96702,-548551
90689,12741632,15065088,-526408,-1593277,-3182342
90699,11567104,16227328,-1055832,-870934,-2609923
90709,7916544,15775744,-1780600,-1137581,-2883300
90719,6925312,13889536,-1577832,-492463,-1972720
90729,5617664,11055104,-1231920,-298546,-163261
90739,2668544,8003584,-1208720,-814553,-485088
90749,2668544,5413888,-621992,-224099,648859
90759,2668544,3551232,-199984,-57831,832577
90769,2668544,2532352,30856,-14954,636366
90779,86016,2212864,-481864,-476601,-699733
90789,86016,1724416,-371200,-122941,-252056
90799,-13312,1088512,-249632,-58693,-23193
90809,-80896,507904,-133400,-37728,34904
90819,-93184,-187392,21344,-13749,250611
90829,-145408,-568320,95816,-16076,255563
90839,-169984,-711680,122728,-10918,179794
90849,-185344,-654336,106256,-8027,48165
90859,-209920,-510976,68208,-7882,-80912
90869,-328704,-549888,50112,-34241,-49661
90879,-328704,-535552,46864,-9461,20746
90889,-871424,-617472,-57536,-121766,-163884
90899,-1106944,-782336,-73544,-68932,-65289
90909,-4256768,-949248,-749360,-1038727,-1716835
90919,-5860352,-1606656,-963728,-620354,-1314521
90929,-17213440,-3244032,-3164944,-4918046,-7385677
90939,-17213440,-5282816,-2703032,-1352791,-2990737
90949,-17213440,-8322048,-2014456,-348885,-822080
90959,-17213440,-11678720,-1253960,-90012,292220
90969,-17213440,-14621696,-587192,-24804,881260
90979,-13241344,-16655360,773488,812065,2715633
90989,-13241344,-16909312,831024,209358,1440270
90999,-2243584,-15816704,3075160,3186828,5893374
91009,-2243584,-13850624,2629720,821731,2482957
91019,-532480,-10773504,2320232,451248,1235511
91029,-532480,-7206912,1512176,124084,-206698
91039,-532480,-4067328,800864,31959,-778697
91049,-532480,-2046976,343128,8743,-776092
91059,-4096,-1012736,228520,152557,-171747
91069,-4096,-687104,154744,39299,59658
91079,0,-653312,148016,11337,250310
91089,0,-586752,132936,2891,274920
91099,0,-498688,112984,701,274606
91109,0,-319488,72384,152,215925
91119,0,-47104,10672,0,100073
91129,12288,77824,-14848,2197,136765
91139,86016,293888,-47096,27717,94869
91149,193536,385024,-43384,33996,129985
91159,193536,453632,-58928,9315,89873
91169,405504,563200,-35728,80451,138975
91179,405504,615424,-47560,20706,62594
91189,405504,733184,-74240,5645,-32515
91199,405504,863232,-103704,1396,-113178
91209,405504,809984,-82824,320,4833
91219,405504,792576,-87696,53,-1378
91229,16589824,789504,3579760,5588821,9262011
91239,16589824,769024,3584400,1537208,5106650
91249,16436224,1775616,3321544,368530,3350136
91259,16284672,4487168,2672872,45913,1641612
91269,16284672,7936000,1891496,12580,388948
91279,16436224,11385856,1144224,28938,-319901
91289,13754368,13935616,-41064,-860810,-2001274
91299,13754368,15044608,-292320,-236809,-974412
91310,13754368,14925824,-265408,-61112,-109553
91320,3040256,14439424,-2582624,-3716691,-5949231
91330,3040256,13240320,-2310952,-958458,-2673509
91340,1481728,10910720,-2136256,-495278,-1440673
91350,1481728,7877632,-1449072,-136269,-6290
91360,231424,5087232,-1100144,-328316,-13839
91370,181248,2782208,-589280,-92698,465802
91380,9216,1594368,-359136,-81238,165158
91390,3072,589824,-132936,-22339,286658
91400,0,382976,-86768,-6714,46576
91410,0,334848,-75864,-1771,-129074
91420,0,231424,-52432,-504,-149430
91430,0,75776,-17168,-191,-98838
91440,0,-117760,26680,-115,-34566
91450,0,-302080,68440,-115,22230
91460,0,-420864,95352,-115,41583
91470,0,-495616,112288,-115,48811
91480,0,-482304,109272,-115,-56657
91490,0,-380928,86304,-115,-77909
91500,0,-446464,101152,-115,4146
91510,0,-479232,108576,-115,58831
91520,0,-447488,101384,-115,62744
91530,0,-420864,106256,-115,122070
91540,0,-461824,104632,-115,145081
91550,0,-313344,70992,-115,36562
91560,0,-291840,66120,-115,52457
91570,0,-226304,51272,-115,24436
91580,0,-153600,34800,-115,-12477
91590,0,-169984,38512,-115,40844
91600,0,-90112,20416,-115,-22496
91610,0,-89088,20184,-115,-15221
91620,0,-72704,16472,-115,-10779
91630,0,15360,-3480,-115,-79303
91640,0,3072,-696,-115,-50115
91650,0,-11264,2552,-115,-23408
91660,0,-94208,21344,-115,64102
91670,0,-143360,32480,-115,110052
91680,0,-134144,30392,-115,84204
91690,0,-144384,32712,-115,89856
91700,0,-168960,38280,-115,111087
91710,0,-80896,18328,-115,22820
91720,0,-158720,35960,-115,98879
91730,0,-117760,26680,-115,59028
91740,0,-132096,29928,-115,80499
91750,0,-130048,29464,-115,76245
91760,0,-6144,1392,-115,-42351
91770,0,-29696,6728,-115,-25623
91780,0,-24576,5568,-115,-46305
91790,0,-41984,9512,-115,-32944
91800,0,-173056,39208,-115,76144
91810,0,-108544,24592,-115,50839
91820,0,-181248,41064,-115,80597
91830,-99328,-124928,5800,-23385,-15302
91840,-392192,-142336,-56608,-146119,-176610
91850,-966656,-228352,-167272,-223702,-333345
91860,-966656,-345088,-140824,-57724,-101545
91870,-2612224,-759808,-419688,-295319,-511580
91880,-2612224,-1476608,-257288,-76195,16453
91890,-17213440,-2212864,-3398568,-3444283,-6461939
91900,-17213440,-3518464,-3102768,-888207,-3306230
91910,-17213440,-5878784,-2516968,-229073,-1442090
91920,-17213440,-9271296,-1799392,-63050,-255850
91930,-10488832,-12499968,455648,1639915,3650544
91940,-10488832,-14297088,862808,451011,2364400
91950,-3142656,-14529536,2579840,1730934,4606063
91960,-3142656,-12859392,2201448,446311,2007227
91970,-616448,-10059776,2139504,889434,1705897
91980,-616448,-6732800,1385736,229316,-10851
91990,-616448,-3789824,718968,63041,-777341
92000,-616448,-1648640,233856,16220,-900366
92010,-616448,-741376,28304,4135,-493005
92020,0,-445440,100920,99220,43448
92030,0,-541696,122728,25535,243597
92040,0,-672768,152424,6973,362182
92050,0,-521216,118088,1754,232168
92060,0,-375808,85144,419,181050
92070,12288,-103424,26216,2784,71458
92080,12288,99328,-19720,686,36644
92090,12288,355328,-69600,137,-32797
92100,12288,356352,-77952,0,17377
92110,175104,501760,-74008,26504,-6080
92120,175104,458752,-70992,6790,4644
92130,358400,570368,-48024,39596,4622
92140,412672,556032,-32480,17761,35952
92150,2942976,582656,534760,724807,1316481
92160,2942976,995328,441264,186874,556683
92170,13624320,2105344,2603040,2570823,4771346
92180,15690752,4302848,2580072,1295066,2916172
92190,15690752,7695360,1811456,333908,596213
92200,15690752,11170816,1024048,91812,-593265
92210,15690752,14070784,367024,23628,-1021285
92220,16284672,15667200,139896,120788,-531470
92230,13885440,16104448,-502744,-302468,-1049765
92240,13885440,15617024,-392312,-78042,-236997
92250,6782976,14480384,-1743944,-1306473,-2516511
92260,3246080,12729344,-2148552,-1662201,-2939232
92270,2171904,9716736,-1709376,-697304,-963351
92280,1697792,6466560,-1080424,-283440,371030
92290,471040,3566592,-701336,-525002,558831
92300,471040,1973248,-340344,-135430,696919
92310,224256,894976,-151960,-81978,610520
92320,224256,864256,-145000,-21187,144164
92330,224256,1081344,-194184,-5494,-240528
92340,98304,1181696,-245456,-57763,-435927
92350,95232,1028096,-211352,-16991,-279316
92360,95232,650240,-125744,-4433,-40893
92370,67584,329728,-59392,-6264,41516
92380,67584,21504,10440,-1664,87154
92390,67584,-269312,76328,-474,163172
92400,0,-367616,83288,-11651,98304
92410,0,-370688,83984,-3045,34533
92420,0,-330752,74936,-817,-23836
92430,0,-314368,71224,-268,-338
92440,0,-408576,92568,-115,63860
92450,0,-478208,108344,-115,128490
92460,0,-433152,98136,-115,88537
92470,0,-371712,84216,-115,43966
92480,0,-348160,78880,-115,39502
92490,-4096,-332800,74472,-725,42487
92501,-7168,-363520,80736,-1160,85786
92511,-13312,-388096,84912,-1717,119320
92521,-13312,-269312,58000,-481,27695
92531,-56320,-264192,47096,-12398,17586
92541,-56320,-300032,55216,-3441,76769
92551,-136192,-294912,35960,-19585,42789
92561,-273408,-397312,28072,-47066,106002
92571,-413696,-397312,-3712,-41092,16097
92581,-957440,-472064,-109968,-224289,-266272
92591,-1198080,-666624,-120408,-130219,-141139
92601,-2788352,-905216,-426648,-361313,-662335
92611,-6176768,-1684480,-1017784,-567277,-1233868
92621,-17213440,-3461120,-3115760,-3296425,-5565691
92631,-17213440,-5947392,-2552464,-850091,-2113302
92641,-17213440,-9143296,-1784080,-219254,-340864
92651,-17213440,-12905472,-976024,-60349,796640
92661,-17213440,-15479808,-392776,-15595,959983
92671,-17213440,-16904192,-70064,-4334,770773
92681,-17213440,-17110016,-23432,-1160,137082
92691,-17213440,-17037312,-39904,-344,-181235
92701,-17213440,-16915456,-67512,-138,-292468
92711,-17213440,-17004544,-47328,-115,-189130
92721,-17213440,-17114112,-16240,-115,-130872
92731,-17213440,-17523712,70296,-115,84649
92741,-17213440,-17868800,148480,-115,224602
92751,3072,-18008064,4080648,3119445,7353856
92761,6144,-17881088,4052576,857978,4911920
92771,6144,-16296960,3693672,221206,3310770
92781,6144,-13362176,3028760,60806,1840554
92791,6144,-9491456,2151800,15647,513700
92801,6144,-6035456,1368800,4264,-246219
92811,0,-3303424,748432,-46,-423357
92821,3072,-1704960,386976,1014,-191051
92831,3072,-788480,179336,228,-35220
92841,12288,-406528,94888,1693,214845
92851,58368,-44032,23200,15312,247793
92861,76800,392192,-71456,8789,107961
92871,119808,782336,-150104,22735,48766
92881,119808,1085440,-218776,5828,3412
92891,150528,1342464,-270048,8758,-28704
92901,153600,1585152,-324336,2723,-150336
92911,153600,1574912,-322016,656,-123902
92921,153600,1596416,-326888,137,-173395
92931,523264,1246208,-163792,58830,215109
92941,5271552,1285120,903176,1553359,2675320
92951,13367296,1991680,2577288,2298576,4691476
92961,15985664,3832832,2753376,1076774,3036563
92971,16135168,7063552,2055288,326026,964997
92981,15985664,10889216,1154664,51170,-514266
92991,15985664,13859840,481632,14045,-967214
93001,15985664,15730688,57768,3570,-810822
93011,15985664,16366592,-86304,930,-381037
93021,15838208,16183296,-78184,-108750,33756
93031,9784320,16108544,-1432832,-1865487,-3110177
93041,8080384,15155200,-1602888,-887673,-1967165
93051,2817024,13015040,-2310488,-2434792,-3736850
93061,2817024,9846784,-1592680,-627900,-633444
93071,1105920,6725632,-1273216,-548852,-125453
93081,759808,10424320,-2189616,-193230,-4466809
93091,372736,10236928,-2234856,-170678,-2296923
93101,281600,8994816,-1974088,-64080,-1693547
93111,256000,4398080,-938440,-26627,832695
93121,256000,1304576,-237568,-7363,1268073
93131,331776,-259072,133864,13671,861904
93141,156672,-678912,189312,-62821,255427
93151,-145408,-385024,54288,-103272,-295004
93161,3072,-367616,83984,3929,-118903
93171,0,-320512,72616,-245,-176256
93181,0,-732160,165880,-115,148055
93191,0,-570368,129224,-115,-37842
93201,0,-570368,129224,-115,-37842
93211,0,-570368,129224,-115,-37842
93221,0,-570368,129224,-115,-37842
93231,0,-570368,129224,-115,-37842
93241,0,-570368,129224,-115,-37842
93251,0,-570368,129224,-115,-37842
93261,0,-570368,129224,-115,-37842
93271,0,-570368,129224,-115,-37842
93281,0,-570368,129224,-115,-37842
93291,0,-570368,129224,-115,-37842
93301,0,-570368,129224,-115,-37842
93311,0,-570368,129224,-115,-37842
93321,0,-570368,129224,-115,-37842
93331,0,-570368,129224,-115,-37842
93341,0,-570368,129224,-115,-37842
93351,0,-570368,129224,-115,-37842
93361,0,-570368,129224,-115,-37842
93371,0,-570368,129224,-115,-37842
93381,0,-570368,129224,-115,-37842
93391,0,-570368,129224,-115,-37842
93401,0,-570368,129224,-115,-37842
93411,0,-570368,129224,-115,-37842
93421,0,-570368,129224,-115,-37842
93431,0,-570368,129224,-115,-37842
93441,0,-570368,129224,-115,-37842
93451,0,-570368,129224,-115,-37842
93461,0,-570368,129224,-115,-37842
93471,0,-570368,129224,-115,-37842
93481,0,-570368,129224,-115,-37842
93491,0,-570368,129224,-115,-37842
93501,0,-570368,129224,-115,-37842
93511,0,-570368,129224,-115,-37842
93521,0,-570368,129224,-115,-37842
93531,0,-570368,129224,-115,-37842
93541,0,-570368,129224,-115,-37842
93551,0,-570368,129224,-115,-37842
93561,0,-570368,129224,-115,-37842
93571,0,-570368,129224,-115,-37842
93581,0,-570368,129224,-115,-37842
93591,0,-570368,129224,-115,-37842
93601,0,-570368,129224,-115,-37842
93611,0,-570368,129224,-115,-37842
93621,0,-570368,129224,-115,-37842
93631,0,-570368,129224,-115,-37842
93641,0,-570368,129224,-115,-37842
93651,0,-570368,129224,-115,-37842
93661,0,-570368,129224,-115,-37842
93671,0,-570368,129224,-115,-37842
93681,0,-570368,129224,-115,-37842
93691,0,-570368,129224,-115,-37842
93701,0,-570368,129224,-115,-37842
93711,0,-570368,129224,-115,-37842
93721,0,-570368,129224,-115,-37842
93731,0,-570368,129224,-115,-37842
93741,0,-570368,129224,-115,-37842
93751,0,-570368,129224,-115,-37842
93761,0,-570368,129224,-115,-37842
93771,0,-570368,129224,-115,-37842
93781,0,-570368,129224,-115,-37842
93791,0,-570368,129224,-115,-37842
93801,0,-570368,129224,-115,-37842
93811,0,-570368,129224,-115,-37842
93821,0,-570368,129224,-115,-37842
93831,0,-570368,129224,-115,-37842
93841,0,-570368,129224,-115,-37842
93851,0,-570368,129224,-115,-37842
93861,0,-570368,129224,-115,-37842
93871,0,-570368,129224,-115,-37842
93881,0,-570368,129224,-115,-37842
93891,0,-570368,129224,-115,-37842
93901,0,-570368,129224,-115,-37842
93911,0,-570368,129224,-115,-37842
93921,0,-570368,129224,-115,-37842
93931,0,-570368,129224,-115,-37842
93941,0,-570368,129224,-115,-37842
93951,0,-570368,129224,-115,-37842
93961,0,-570368,129224,-115,-37842
93971,0,-570368,129224,-115,-37842
93981,0,-570368,129224,-115,-37842
93991,0,-570368,129224,-115,-37842
94001,0,-570368,129224,-115,-37842
94011,0,-570368,129224,-115,-37842
94022,0,-570368,129224,-115,-37842
94032,0,-570368,129224,-115,-37842
94042,0,-570368,129224,-115,-37842
94052,0,-570368,129224,-115,-37842
94062,0,-570368,129224,-115,-37842
94072,0,-570368,129224,-115,-37842
94082,0,-570368,129224,-115,-37842
94092,0,-570368,129224,-115,-37842
94102,0,-570368,129224,-115,-37842
94112,0,-570368,129224,-115,-37842
94122,0,-570368,129224,-115,-37842
94132,0,-570368,129224,-115,-37842
94142,0,-570368,129224,-115,-37842
94152,0,-570368,129224,-115,-37842
94162,0,-570368,129224,-115,-37842
94172,0,-570368,129224,-115,-37842
94182,0,-570368,129224,-115,-37842
94192,0,-570368,129224,-115,-37842
94202,0,-570368,129224,-115,-37842
94212,0,-570368,129224,-115,-37842
94222,0,-570368,129224,-115,-37842
94232,0,-570368,129224,-115,-37842
94242,0,-570368,129224,-115,-37842
94252,0,-570368,129224,-115,-37842
94262,0,-570368,129224,-115,-37842
94272,0,-570368,129224,-115,-37842
94282,0,-570368,129224,-115,-37842
94292,0,-570368,129224,-115,-37842
94302,0,-570368,129224,-115,-37842
94312,0,-570368,129224,-115,-37842
94322,0,-570368,129224,-115,-37842
94332,0,-570368,129224,-115,-37842
94342,0,-570368,129224,-115,-37842
94352,0,-570368,129224,-115,-37842
94362,0,-570368,129224,-115,-37842
94372,0,-570368,129224,-115,-37842
94382,0,-570368,129224,-115,-37842
94392,0,-570368,129224,-115,-37842
94402,0,-570368,129224,-115,-37842
94412,0,-570368,129224,-115,-37842
94422,0,-570368,129224,-115,-37842
94432,0,-570368,129224,-115,-37842
94442,0,-570368,129224,-115,-37842
94452,0,-570368,129224,-115,-37842