R
Px,Ix,Dx,Py,Iy,Dy,Pz,Iz,FFrx,FFry,FFdrx,FFdry,satI,satPID,KFQAng,KFQbias,KFRmeas,CPx,CIx,CPy,CIy,CsatI,CsatPID,CFFdrx,CFFdry,CFalpha,iRelaxX,IRelaxY,DmaxR,DmaxE,DMx,DMy
58,80,47,58,80,47,250,0,50,0,0,0,500000,15000000,10,1,1000,0,0,0,0,0,0,0,0,0.995,1016,1024,0,0,0,0
sysTickMs,PIDRefXi,PIDSensXi,PIDPoutXi,PIDFFoutXi,PIDUXi
54902,625664,-12590080,2994192,59667,1671817
54912,625664,-12590080,2994192,59667,1671817
54922,625664,-12590080,2994192,59667,1671817
54932,625664,-12590080,2994192,59667,1671817
54942,625664,-12590080,2994192,59667,1671817
54952,625664,-12590080,2994192,59667,1671817
54962,625664,-12590080,2994192,59667,1671817
54972,625664,-12590080,2994192,59667,1671817
54982,625664,-12590080,2994192,59667,1671817
54992,625664,-12590080,2994192,59667,1671817
55002,625664,-12590080,2994192,59667,1671817
55012,625664,-12590080,2994192,59667,1671817
55022,625664,-12590080,2994192,59667,1671817
55032,625664,-12590080,2994192,59667,1671817
55042,625664,-12590080,2994192,59667,1671817
55052,625664,-12590080,2994192,59667,1671817
55062,625664,-12590080,2994192,59667,1671817
55072,625664,-12590080,2994192,59667,1671817
55082,625664,-12590080,2994192,59667,1671817
55092,625664,-12590080,2994192,59667,1671817
55102,625664,-12590080,2994192,59667,1671817
55112,625664,-12590080,2994192,59667,1671817
55122,625664,-12590080,2994192,59667,1671817
55132,625664,-12590080,2994192,59667,1671817
55142,625664,-12590080,2994192,59667,1671817
55152,625664,-12590080,2994192,59667,1671817
55162,625664,-12590080,2994192,59667,1671817
55172,625664,-12590080,2994192,59667,1671817
55182,625664,-12590080,2994192,59667,1671817
55192,625664,-12590080,2994192,59667,1671817
55202,625664,-12590080,2994192,59667,1671817
55212,625664,-12590080,2994192,59667,1671817
55222,625664,-12590080,2994192,59667,1671817
55232,625664,-12590080,2994192,59667,1671817
55242,625664,-12590080,2994192,59667,1671817
55252,625664,-12590080,2994192,59667,1671817
55262,625664,-12590080,2994192,59667,1671817
55272,625664,-12590080,2994192,59667,1671817
55282,625664,-12590080,2994192,59667,1671817
55292,625664,-12590080,2994192,59667,1671817
55302,625664,-12590080,2994192,59667,1671817
55312,625664,-12590080,2994192,59667,1671817
55322,625664,-12590080,2994192,59667,1671817
55332,625664,-12590080,2994192,59667,1671817
55342,625664,-12590080,2994192,59667,1671817
55352,625664,-12590080,2994192,59667,1671817
55362,625664,-12590080,2994192,59667,1671817
55372,625664,-12590080,2994192,59667,1671817
55382,625664,-12590080,2994192,59667,1671817
55392,625664,-12590080,2994192,59667,1671817
55402,625664,-12590080,2994192,59667,1671817
55412,625664,-12590080,2994192,59667,1671817
55422,625664,-12590080,2994192,59667,1671817
55432,625664,-12590080,2994192,59667,1671817
55442,625664,-12590080,2994192,59667,1671817
55452,625664,-12590080,2994192,59667,1671817
55462,625664,-12590080,2994192,59667,1671817
55472,0,9216,-2088,0,-7067
55482,0,8192,-1856,0,-4182
55492,0,6144,-1392,0,-1668
55502,0,9216,-2088,0,-4330
55512,0,9216,-2088,0,-3593
55522,0,8192,-1856,0,-1609
55532,0,7168,-1624,0,-693
55542,0,11264,-2552,0,-5039
55552,0,5120,-1160,0,-79
55562,0,8192,-1856,0,-2536
55572,0,4096,-928,0,962
55582,0,4096,-928,0,-81
55592,0,2048,-464,0,-6527
55602,0,5120,-1160,0,-592
55612,0,7168,-1624,0,-3146
55622,0,15360,-3480,0,-10317
55632,0,10240,-2320,0,-6623
55642,0,14336,-3248,0,-8440
55652,0,-3072,696,0,4788
55662,0,11264,-2552,0,-5517
55672,0,0,0,0,1807
55682,0,22528,-5104,0,-16036
55692,0,13312,-3016,0,-3153
55702,0,11264,-2552,0,-3618
55712,0,0,0,0,5472
55722,0,-25600,5800,0,20045
55732,0,4096,-928,0,-7432
55742,0,21504,-4872,0,-15628
55752,0,87040,-19720,0,-60009
55762,0,74752,-16936,0,-31919
55772,0,21504,-4872,0,9318
55782,0,25600,-5800,0,-2509
55792,0,-12288,2784,0,15059
55802,0,-39936,9976,0,25669
55812,0,-39936,9048,0,12315
55822,0,-11264,2552,0,-7743
55832,0,19456,-4408,0,-20751
55842,0,-5120,1160,0,9683
55852,0,-3072,696,0,8752
55862,0,-15360,3480,0,14919
55872,0,-47104,10672,0,35300
55882,0,-69632,15776,0,46679
55892,0,-27648,6264,0,-3545
55902,0,-75776,17168,0,37388
55912,0,-77824,17632,0,25352
55922,0,-68608,15544,0,20533
55932,0,-47104,10672,0,-12135
55942,0,-139264,31552,0,72229
55952,0,-68608,15544,0,5699
55962,0,-125952,28536,0,43778
55972,0,-155648,35264,0,57426
55982,0,-140288,31784,0,39591
55992,0,-133120,30160,0,37286
56002,0,-115712,26216,0,32570
56012,0,-142336,32248,0,52409
56022,0,-192512,43616,0,80621
56032,0,-244736,55448,0,104090
56042,0,-294912,66816,0,128052
56052,0,-258048,58464,0,67777
56062,0,-188416,42688,0,4558
56072,0,-266240,60320,0,87648
56082,0,-205824,46632,0,53493
56092,0,-232448,52664,0,101292
56102,0,-91136,20648,0,-23933
56112,0,-276480,62640,0,160870
56122,0,-288768,65424,0,131918
56132,0,-330752,74936,0,134932
56142,3072,-368640,84216,292,145037
56152,3072,-319488,73080,292,92671
56162,3072,-393216,89784,292,184041
56172,3072,-280576,64264,292,79175
56182,3072,-250880,57536,292,57599
56192,3072,-418816,95584,292,219782
56202,3072,-276480,63336,292,65339
56212,3072,-257024,58928,292,69951
56222,3072,-292864,67048,292,142709
56232,3072,-114688,26680,292,12714
56242,3072,-28672,7192,292,8862
56252,3072,11264,-1856,292,8125
56262,3072,-145408,33640,292,161872
56272,3072,-14336,3944,292,414
56282,3072,-49152,11832,292,58219
56292,3072,-102400,23896,292,91666
56302,3072,-133120,30856,292,97750
56312,3072,-314368,71920,292,227458
56322,3072,-278528,63800,292,155290
56332,6144,-390144,89784,585,227409
56342,6144,-395264,90944,585,180254
56352,9216,-339968,79112,878,154399
56363,9216,-405504,93960,878,213353
56373,9216,-307200,71688,878,131256
56383,9216,-204800,48488,878,85166
56393,30720,-168960,46400,2929,113243
56403,46080,1024,10208,4394,11261
56413,132096,67584,14616,12597,57170
56423,132096,65536,15080,12597,105247
56433,132096,82944,11136,12597,95844
56443,297984,77824,49880,28417,142411
56453,297984,-11264,70064,28417,221125
56463,369664,72704,67280,35253,167372
56473,384000,130048,57536,36621,153693
56483,384000,160768,50576,36621,166148
56493,384000,284672,22504,36621,93529
56503,405504,284672,27376,38671,137693
56513,435200,204800,52200,41503,229855
56523,451584,248832,41296,43066,172823
56533,451584,258048,43848,43066,192523
56543,500736,202752,67512,47753,258404
56553,500736,307200,43848,47753,168113
56563,549888,366592,41528,52441,162716
56573,560128,397312,36888,53417,195513
56583,560128,545792,3248,53417,93643
56593,555008,602112,-10672,52929,90319
56603,555008,544768,464,52929,160856
56613,560128,541696,4176,53417,182154
56623,574464,595968,-4872,54785,138210
56633,574464,561152,3016,54785,176284
56643,574464,527360,10672,54785,209959
56653,636928,624640,2784,60742,150945
56663,636928,663552,-6032,60742,140879
56673,808960,695296,25752,77148,201244
56683,912384,704512,47096,87011,258525
56693,912384,809984,23200,87011,193774
56703,1116160,930816,41992,106445,193305
56713,1116160,1022976,21112,106445,156736
56723,1220608,1048576,38976,116406,222803
56733,1220608,1073152,33408,116406,254962
56743,1232896,1200128,7424,117578,171721
56753,1270784,1364992,-21344,121191,97738
56763,1270784,1459200,-42688,121191,78763
56773,1378304,1482752,-23664,131445,160512
56783,1378304,1516544,-31320,131445,176799
56793,1422336,1536000,-25752,135644,197155
56803,1406976,1667072,-58928,134179,92443
56813,1406976,1781760,-84912,134179,25518
56823,1220608,1866752,-146392,116406,-56227
56833,1173504,1846272,-152424,111914,-16754
56843,1173504,1801216,-142216,111914,16694
56853,824320,1710080,-200680,78613,-71281
56863,824320,1554432,-165416,78613,-2880
56873,574464,1363968,-178872,54785,-28767
56883,545792,1092608,-123888,52050,58785
56893,394240,858112,-105096,37597,71538
56903,379904,622592,-54984,36230,126839
56913,275456,455680,-40832,26269,99601
56923,259072,300032,-9280,24707,114101
56933,259072,135168,28072,24707,151120
56943,266240,34816,52432,25390,161579
56953,266240,-17408,64264,25390,140697
56963,263168,-133120,89784,25097,189081
56973,259072,-191488,102080,24707,193639
56983,259072,-243712,113912,24707,208822
56993,259072,-246784,114608,24707,185365
57003,259072,-188416,101384,24707,120549
57013,259072,-158720,94656,24707,93359
57023,249856,-128000,85608,23828,74112
57033,252928,-174080,96744,24121,143553
57043,252928,-126976,86072,24121,120326
57053,252928,-44032,67280,24121,60218
57063,318464,-68608,87696,30371,114787
57073,318464,-140288,103936,30371,177025
57083,334848,-161792,112520,31933,192311
57093,327680,-86016,93728,31250,120507
57103,327680,-101376,97208,31250,158414
57113,327680,-97280,96280,31250,178843
57123,337920,-5120,69136,32226,93959
57133,337920,8192,74704,32226,149265
57143,376832,7168,83752,35937,187294
57153,409600,63488,78416,39062,163655
57163,409600,70656,76792,39062,178527
57173,500736,61440,99528,47753,227324
57183,509952,118784,88624,48632,194367
57193,509952,118784,88624,48632,218147
57203,545792,171008,84912,52050,206744
57213,545792,250880,66816,52050,168276
57223,549888,254976,66816,52441,212766
57233,569344,295936,61944,54296,212565
57243,569344,413696,35264,54296,124194
57253,594944,370688,50808,56738,221202
57263,594944,337920,58232,56738,226436
57273,584704,442368,32248,55761,141038
57283,584704,487424,22040,55761,120176
57293,579584,438272,32016,55273,187230
57303,579584,443392,30856,55273,150115
57313,589824,513024,17400,56250,152117
57323,683008,523264,36192,65136,193019
57333,780288,509952,61248,74414,242113
57343,846848,557056,65656,80761,231667
57353,846848,669696,40136,80761,159613
57363,939008,732160,46864,89550,181041
57373,939008,751616,42456,89550,222053
57383,947200,864256,18792,90332,181371
57393,947200,993280,-10440,90332,113186
57403,947200,1064960,-26680,90332,99668
57413,947200,1119232,-38976,90332,92744
57423,993280,1170432,-40136,94726,97432
57433,1161216,1163264,-464,110742,186043
57443,1258496,1183744,16936,120019,223168
57453,1436672,1196032,54520,137011,295313
57463,1436672,1272832,37120,137011,257460
57473,1436672,1360896,17168,137011,237261
57483,1436672,1480704,-9976,137011,190745
57493,1436672,1551360,-25984,137011,191748
57503,1406976,1681408,-62176,134179,120428
57513,1406976,1768448,-81896,134179,73143
57524,1422336,1814528,-88856,135644,57610
57534,1452032,1788928,-76328,138476,109547
57544,1628160,1732608,-23664,155273,183063
57554,1680384,1651712,6496,160253,256625
57564,1929216,1643520,64728,183984,332647
57574,1908736,1766400,32248,182031,225187
57584,1908736,1820672,19952,182031,222920
57594,1888256,1916928,-6496,180078,181109
57604,1828864,2106368,-62872,174414,48395
57614,1771520,2111488,-77024,168945,82062
57624,1528832,2116608,-133168,145800,17815
57634,1528832,2162688,-143608,145800,-36199
57644,1528832,2014208,-109968,145800,72115
57654,1184768,1844224,-149408,112988,46417
57664,1127424,1773568,-146392,107519,-8852
57674,1127424,1567744,-99760,107519,62261
57684,766976,1307648,-122496,73144,42409
57694,766976,1138688,-84216,73144,39924
57704,615424,972800,-80968,58691,-7
57714,405504,674816,-61016,38671,59366
57724,365568,456704,-20648,34863,91047
57734,311296,316416,-1160,29687,67119
57744,190464,80896,24824,18164,109994
57754,138240,-121856,58928,13183,190157
57764,138240,-227328,82824,13183,151530
57774,39936,-346112,87464,3808,158652
57784,39936,-494592,121104,3808,233496
57794,3072,-487424,111128,292,162562
57804,3072,-564224,128528,292,205210
57814,-4096,-636928,143376,-391,239538
57824,0,-603136,136648,0,177901
57834,-4096,-640000,144072,-391,192378
57844,-7168,-683008,153120,-684,211220
57854,-56320,-623616,128528,-5372,140633
57864,-77824,-686080,137808,-7422,201198
57874,-77824,-613376,121336,-7422,143257
57884,-126976,-611328,109736,-12110,155317
57894,-126976,-618496,111360,-12110,177945
57904,-173056,-542720,83752,-16504,110086
57914,-222208,-644096,95584,-21192,189536
57924,-222208,-607232,87232,-21192,141035
57934,-328704,-689152,81664,-31348,171147
57944,-328704,-694272,82824,-31348,148634
57954,-440320,-659456,49648,-41993,66287
57964,-440320,-783360,77720,-41993,168115
57974,-440320,-766976,74008,-41993,123528
57984,-440320,-783360,77720,-41993,105400
57994,-440320,-893952,102776,-41993,180715
58004,-643072,-885760,54984,-61329,80152
58014,-666624,-888832,50344,-63575,58074
58024,-666624,-967680,68208,-63575,111928
58034,-702464,-943104,54520,-66993,43942
58044,-702464,-1034240,75168,-66993,102429
58054,-690176,-1102848,93496,-65821,137896
58064,-684032,-1137664,102776,-65235,141913
58074,-632832,-1243136,138272,-60352,226918
58084,-621568,-1229824,137808,-59278,190761
58094,-532480,-1250304,162632,-50782,227467
58104,-532480,-1205248,152424,-50782,189969
58114,-532480,-1169408,144304,-50782,180849
58124,-532480,-1146880,139200,-50782,196455
58134,-532480,-1044480,116000,-50782,149483
58144,-295936,-1080320,177712,-28223,301683
58154,-257024,-902144,146160,-24512,201716
58164,-250880,-850944,139432,-23926,252100
58174,-250880,-704512,102776,-23926,173522
58184,-238592,-626688,87928,-22754,189650
58194,-238592,-580608,77488,-22754,204238
58204,-250880,-539648,65424,-23926,199548
58214,-276480,-596992,72616,-26368,262930
58224,-276480,-530432,57536,-26368,200586
58234,-312320,-645120,75400,-29786,279593
58244,-363520,-635904,61712,-34668,222311
58254,-402432,-711680,70064,-38379,254193
58264,-424960,-695296,61248,-40528,214504
58274,-497664,-684032,42224,-47461,174477
58284,-497664,-733184,53592,-47461,208582
58294,-570368,-631808,13920,-54395,90087
58304,-575488,-657408,18560,-54883,129323
58314,-590848,-661504,16008,-56348,115940
58324,-590848,-663552,16472,-56348,125102
58334,-606208,-799744,43848,-57813,218873
58344,-616448,-768000,34336,-58790,154482
58354,-649216,-868352,49648,-61915,214708
58364,-649216,-911360,59392,-61915,220466
58374,-649216,-918528,61016,-61915,195575
58384,-753664,-1047552,66584,-71875,245767
58394,-795648,-1020928,51040,-75879,175358
58404,-795648,-1139712,77952,-75879,252117
58414,-840704,-1112064,61480,-80176,180794
58424,-840704,-1184768,77952,-80176,235053
58434,-840704,-1120256,63336,-80176,160097
58444,-840704,-1224704,87000,-80176,245598
58454,-887808,-1218560,74936,-84668,196664
58464,-921600,-1272832,79576,-87891,218153
58474,-975872,-1317888,77488,-93067,219630
58484,-975872,-1259520,64264,-93067,180537
58494,-1128448,-1300480,38976,-107618,159716
58504,-1209344,-1187840,-4872,-115333,53322
58514,-1467392,-1281024,-42224,-139942,65035
58524,-1498112,-1348608,-33872,-142872,78576
58534,-1772544,-1505280,-60552,-169043,61222
58544,-1869824,-1810432,-13456,-178321,180508
58554,-1869824,-1982464,25520,-178321,180110
58564,-2149376,-2223104,16704,-204981,158935
58574,-2149376,-2427904,63104,-204981,194007
58584,-2447360,-2538496,20648,-233399,72287
58594,-2500608,-2781184,63568,-238477,150199
58604,-2639872,-3010560,83984,-251758,179873
58614,-2639872,-3121152,109040,-251758,194388
58624,-2639872,-3433472,179800,-251758,319030
58634,-2669568,-3532800,195576,-254590,267516
58644,-2669568,-3674112,227592,-254590,297282
58654,-2669568,-3792896,254504,-254590,313563
58664,-2669568,-3818496,260304,-254590,320441
58674,-2669568,-3932160,286056,-254590,328523
58684,-2669568,-3954688,291160,-254590,328623
58695,-2669568,-4002816,302064,-254590,364338
58705,-2669568,-4000768,301600,-254590,362539
58715,-2669568,-3941376,288144,-254590,318290
58725,-2669568,-3876864,273528,-254590,303514
58735,-2669568,-3811328,258680,-254590,290637
58745,-2669568,-3832832,263552,-254590,345106
58755,-2669568,-3817472,260072,-254590,343182
58765,-2612224,-3830784,276080,-249122,393001
58775,-2583552,-3779584,270976,-246387,364483
58785,-2058240,-3830784,401592,-196290,595135
58795,-1698816,-3692544,451704,-162012,602684
58805,-1074176,-3538944,558424,-102442,771147
58815,-760832,-3073024,523856,-72559,680231
58825,-760832,-2599936,416672,-72559,492226
58835,-270336,-2219008,441496,-25782,616616
58845,-270336,-1686528,320856,-25782,464914
58855,-270336,-1214464,213904,-25782,392754
58865,-10240,-747520,167040,-977,381692
58875,0,-436224,98832,0,371280
58885,0,-163840,37120,0,368849
58895,0,234496,-53128,0,222799
58905,0,539648,-122264,0,156587
58915,0,696320,-157760,0,184721
58925,3072,878592,-198360,292,124984
58935,3072,928768,-209728,292,142709
58945,52224,957440,-205088,4980,146184
58955,116736,904192,-178408,11132,178416
58965,116736,798720,-154512,11132,214721
58975,116736,735232,-140128,11132,195058
58985,172032,678912,-114840,16406,205104
58995,172032,702464,-120176,16406,131202
59005,199680,617472,-94656,19042,184677
59015,243712,620544,-85376,23242,152471
59025,243712,519168,-62408,23242,207319
59035,243712,519168,-62408,23242,161452
59045,324608,425984,-22968,30957,245652
59055,398336,450560,-11832,37988,218998
59065,401408,384000,3944,38281,273802
59075,439296,486400,-10672,41894,194479
59085,455680,466944,-2552,43457,252688
59095,471040,576512,-23896,44921,188041
59105,479232,583680,-23664,45703,255199
59115,479232,625664,-33176,45703,201590
59125,625664,671744,-10440,59667,229650
59135,648192,676864,-6496,61816,251081
59145,773120,781312,-1856,73730,221370
59155,855040,843776,2552,81542,227649
59165,947200,958464,-2552,90332,200086
59175,984064,1009664,-5800,93847,229241
59185,1003520,1187840,-41760,95703,140151
59195,1073152,1212416,-31552,102343,208780
59205,1105920,1349632,-55216,105468,154518
59215,1184768,1352704,-38048,112988,227063
59225,1284096,1501184,-49184,122460,166296
59235,1350656,1502208,-34336,128808,234300
59245,1528832,1677312,-33640,145800,174475
59255,1577984,1727488,-33872,150488,211723
59265,1577984,1942528,-82592,150488,77917
59275,1680384,2028544,-78880,160253,109174
59285,1697792,2199552,-113680,161914,28795
59295,1697792,2231296,-120872,161914,51185
59305,1848320,2321408,-107184,176269,56066
59315,1848320,2249728,-90944,176269,136838
59325,1949696,2297856,-78880,185937,124357
59335,1971200,2245632,-62176,187988,182652
59345,1949696,2390016,-99760,185937,42676
59355,1949696,2435072,-109968,185937,25766
59365,1929216,2455552,-119248,183984,18027
59375,1929216,2399232,-106488,183984,78684
59385,1949696,2293760,-77952,185937,156925
59395,2035712,2355200,-72384,194140,91076
59405,2057216,2313216,-58000,196191,109054
59415,2057216,2277376,-49880,196191,119063
59425,2242560,2263040,-4640,213867,191855
59435,2242560,2294784,-11832,213867,169232
59445,2267136,2453504,-42224,216210,67825
59455,2267136,2492416,-51040,216210,92711
59465,2267136,2640896,-84680,216210,6067
59475,2267136,2554880,-65192,216210,143339
59485,2317312,2563072,-59624,220996,150286
59495,2291712,2604032,-70760,218554,130798
59505,2291712,2601984,-70296,218554,127378
59515,2291712,2672640,-86304,218554,55853
59525,2267136,2573312,-69368,216210,134886
59535,2267136,2590720,-73312,216210,109147
59545,2267136,2533376,-60320,216210,158868
59555,2242560,2571264,-74472,213867,98350
59565,2267136,2612224,-78184,216210,50767
59575,2267136,2531328,-59856,216210,105327
59585,2242560,2538496,-67048,213867,72035
59595,2242560,2427904,-41992,213867,162425
59605,2267136,2430976,-37120,216210,144610
59615,2267136,2458624,-43384,216210,111739
59625,2267136,2442240,-39672,216210,124461
59635,2242560,2531328,-65424,213867,41920
59645,2242560,2441216,-45008,213867,136002
59655,2242560,2479104,-53592,213867,97350
59665,2242560,2440192,-42920,213867,142637
59675,2242560,2490368,-56144,213867,81624
59685,2242560,2546688,-68904,213867,34268
59695,2242560,2472960,-52200,213867,95970
59705,2242560,2466816,-50808,213867,89663
59715,2242560,2357248,-25984,213867,207349
59725,2242560,2342912,-22736,213867,157456
59735,2219008,2390016,-38744,211621,91307
59745,2148352,2352128,-46168,204882,90894
59755,2148352,2441216,-66352,204882,-4633
59765,2057216,2201600,-32712,196191,164086
59775,1594368,2160640,-128296,152050,1
59785,1392640,2057216,-150568,132812,-26445
59795,1392640,1895424,-113912,132812,37115
59805,1392640,1828864,-98832,132812,-27411
59815,1392640,1457152,-14616,132812,172121
59825,419840,1206272,-178176,40039,-68927
59835,384000,1050624,-151032,36621,-101917
59845,187392,709632,-118320,17871,-34197
59855,187392,371712,-41760,17871,46113
59865,92160,-1024,21112,8789,159907
59875,92160,-380928,107184,8789,232032
59885,-4096,-522240,117392,-391,126370
59895,0,-658432,149176,0,121368
59905,-4096,-877568,197896,-391,243881
59915,-4096,-882688,199056,-391,221457
59925,-4096,-939008,211816,-391,285616
59935,-4096,-838656,189080,-391,202718
59945,-13312,-755712,168200,-1270,160876
59955,-13312,-687104,152656,-1270,144148
59965,-13312,-566272,125280,-1270,89390
59975,-13312,-535552,118320,-1270,111412
59985,-13312,-423936,93032,-1270,60627
59996,-13312,-467968,103008,-1270,134331
60006,-13312,-428032,93960,-1270,120308
60016,-31744,-535552,114144,-3028,231817
60026,-59392,-462848,91408,-5665,152704
60036,-59392,-500736,99992,-5665,191801
60046,-157696,-488448,74936,-15040,81536
60056,-157696,-453632,67048,-15040,96835
60066,-225280,-497664,61712,-21485,98882
60076,-260096,-486400,51272,-24805,63673
60086,-260096,-600064,77024,-24805,153813
60096,-260096,-579584,72384,-24805,113542
60106,-338944,-705536,83056,-32325,185827
60116,-338944,-689152,79344,-32325,135929
60126,-550912,-730112,40600,-52540,85474
60136,-649216,-760832,25288,-61915,49689
60146,-696320,-783360,19720,-66407,24823
60156,-696320,-901120,46400,-66407,92982
60166,-913408,-947200,7656,-87110,10236
60176,-913408,-1105920,47792,-87110,116606
60186,-913408,-1204224,65888,-87110,124607
60196,-1033216,-1271808,54056,-98536,86596
60206,-1162240,-1393664,52432,-110840,90564
60216,-1162240,-1425408,59624,-110840,48955
60226,-1198080,-1562624,82592,-114258,99342
60236,-1209344,-1614848,91872,-115333,79276
60246,-1198080,-1760256,127368,-114258,196149
60256,-1198080,-1822720,141520,-114258,172718
60266,-1198080,-1894400,157760,-114258,206037
60276,-1185792,-1894400,160544,-113086,163188
60286,-1185792,-1897472,161240,-113086,182501
60296,-1198080,-1844224,146392,-114258,136846
60306,-1198080,-1778688,131544,-114258,102784
60316,-1271808,-1729536,103704,-121290,70671
60326,-1271808,-1747968,107880,-121290,132634
60336,-1271808,-1703936,97904,-121290,114448
60346,-1482752,-1769472,64960,-141407,120270
60356,-1514496,-1750016,53360,-144434,66965
60366,-1514496,-1869824,80504,-144434,144436
60376,-1629184,-1912832,64264,-155372,82481
60386,-1629184,-2095104,105560,-155372,193718
60396,-1717248,-2156544,99528,-163770,155243
60406,-1717248,-2286592,128992,-163770,223567
60416,-1717248,-2293760,130616,-163770,174888
60426,-1735680,-2348032,138736,-165528,182190
60436,-1754112,-2257920,114144,-167286,61667
60446,-1754112,-2375680,140824,-167286,160965
60456,-1889280,-2361344,106952,-180176,99908
60466,-1889280,-2507776,140128,-180176,231418
60476,-1972224,-2494464,118320,-188086,173077
60486,-2015232,-2514944,113216,-192188,149957
60496,-2080768,-2523136,100224,-198438,116196
60506,-2103296,-2533376,97440,-200586,90837
60516,-2149376,-2596864,101384,-204981,142930
60526,-2149376,-2628608,108576,-204981,122186
60536,-2149376,-2757632,137808,-204981,219536
60546,-2268160,-2761728,111824,-216309,146287
60556,-2268160,-2856960,133400,-216309,204889
60566,-2342912,-2804736,104632,-223438,97459
60576,-2473984,-2925568,102312,-235938,144091
60586,-2473984,-2900992,96744,-235938,82419
60596,-2500608,-3026944,119248,-238477,154438
60606,-2473984,-3058688,132472,-235938,144530
60616,-2473984,-3219456,168896,-235938,248850
60626,-2473984,-3195904,163560,-235938,192039
60636,-2473984,-3302400,187688,-235938,271842
60646,-2473984,-3230720,171448,-235938,199493
60656,-2500608,-3282944,177248,-238477,248135
60666,-2500608,-3168256,147552,-238477,143114
60676,-2447360,-3170304,163792,-233399,215751
60686,-2447360,-3045376,135488,-233399,127662
60696,-2447360,-3068928,140824,-233399,188651
60706,-2473984,-3010560,121568,-235938,134496
60716,-2447360,-3089408,145464,-233399,234769
60726,-2447360,-2998272,124816,-233399,164464
60736,-2447360,-3032064,132472,-233399,226235
60746,-2447360,-2958336,115768,-233399,179224
60756,-2420736,-2920448,113216,-230860,207140
60766,-2420736,-2847744,96744,-230860,170360
60776,-2172928,-2829312,148712,-207227,271509
60786,-1869824,-2777088,205552,-178321,356777
60796,-1393664,-2655232,285824,-132911,463550
60806,-1246208,-2421760,266336,-118848,399150
60816,-565248,-2102272,348232,-53907,508466
60826,-463872,-1660928,271208,-44239,369876
60836,-463872,-1331200,196504,-44239,345222
60846,-13312,-761856,169592,-1270,277374
60856,0,-367616,72384,0,200852
60866,0,115712,-26216,0,101775
60876,0,396288,-89784,0,112048
60886,0,710656,-161008,0,26955
60896,12288,822272,-183512,1171,73822
60906,64512,971776,-205552,6152,34662
60916,64512,885760,-186064,6152,137698
60926,234496,915456,-154280,22363,144182
60936,331776,892928,-127136,31640,168879
60946,331776,885760,-125512,31640,148624
60956,379904,961536,-131776,36230,80898
60966,391168,900096,-115304,37304,112215
60976,398336,997376,-135720,37988,43628
60986,412672,987136,-130152,39355,56484
60996,412672,1026048,-138968,39355,1245
61006,488448,1006592,-117392,46582,21594
61016,701440,877568,-39904,66894,171909
61026,701440,910336,-47328,66894,101968
61036,855040,797696,12992,81542,230497
61046,1094656,808960,64728,104394,278816
61056,1184768,813056,84216,112988,314848
61066,1350656,980992,83752,128808,253179
61076,1481728,1160192,72848,141308,218847
61086,1481728,1486848,-1160,141308,40350
61096,1790976,1628160,36888,170800,153755
61106,2057216,1931264,28536,196191,103512
61117,2057216,2057216,0,196191,160171
61127,2057216,2307072,-56608,196191,41529
61137,2726912,2421760,69136,260058,296392
61147,2726912,2690048,8352,260058,182900
61157,2911232,2843648,15312,277636,239477
61167,3040256,3155968,-26216,289941,159086
61177,3040256,3392512,-79808,289941,111102
61187,3040256,3663872,-141288,289941,34743
61197,3040256,3836928,-180496,289941,13754
61207,3040256,3986432,-214368,289941,-34940
61217,3040256,4004864,-218544,289941,8185
61227,3007488,4074496,-241744,286816,-39379
61237,3007488,4007936,-226664,286816,31829
61247,3210240,3994624,-177712,306152,115753
61257,3210240,3930112,-163096,306152,153421
61267,3389440,4020224,-142912,323242,115964
61277,3389440,4060160,-151960,323242,85211
61287,3427328,4097024,-151728,326855,82822
61297,3427328,4199424,-174928,326855,14296
61307,3427328,4171776,-168664,326855,78779
61317,3617792,4286464,-151496,345019,70976
61327,3617792,4300800,-154744,345019,96660
61337,3861504,4470784,-138040,368261,53817
61347,3945472,4529152,-132240,376269,78296
61357,3903488,4529152,-141752,372265,118538
61367,3903488,4625408,-163560,372265,85203
61377,3903488,4698112,-180032,372265,60660
61387,3903488,4862976,-217384,372265,-50585
61397,3903488,4829184,-209728,372265,12454
61407,3903488,4870144,-219008,372265,2330
61417,3903488,4872192,-219472,372265,31298
61427,3903488,4934656,-233624,372265,-28584
61437,3737600,4857856,-253808,356445,-18252
61447,3737600,4669440,-211120,356445,111355
61457,3737600,4678656,-213208,356445,16305
61467,2697216,4466688,-400896,257226,-216042
61477,1848320,4182016,-528728,176269,-368549
61487,1392640,3836928,-553784,132812,-430002
61497,1392640,3303424,-432912,132812,-259575
61507,584704,2333696,-396256,55761,-88975
61517,584704,1844224,-285360,55761,-146701
61527,372736,1056768,-154976,35546,43955
61537,372736,563200,-43152,35546,24322
61547,372736,-113664,110200,35546,255675
61557,187392,-337920,119016,17871,109510
61567,187392,-460800,146856,17871,47518
61577,187392,-768000,216456,10546,189392
61587,110592,-701440,183976,10546,77700
61597,30720,-782336,184208,2929,104101
61607,30720,-831488,195344,2929,134796
61617,3072,-917504,208568,292,197892
61627,3072,-741376,168664,292,44373
61637,0,-832512,188616,0,164425
61647,0,-793600,179800,0,165498
61657,0,-800768,181424,0,201120
61667,0,-620544,140592,0,77807
61677,0,-622592,141056,0,131344
61687,0,-664576,150568,0,223628
61697,0,-476160,107880,0,79836
61707,0,-492544,111592,0,131367
61717,0,-478208,108344,0,149584
61727,0,-452608,102544,0,133501
61737,0,-410624,93032,0,109951
61747,0,-312320,70760,0,43260
61757,0,-438272,99296,0,172022
61767,0,-395264,89552,0,142081
61777,0,-286720,64960,0,46889
61787,0,-461824,104632,0,223877
61797,0,-377856,85608,0,147836
61807,0,-274432,62176,0,59960
61817,0,-374784,84912,0,175282
61827,0,-369664,83752,0,180890
61837,0,-248832,56376,0,72233
61847,-4096,-288768,64496,-391,126832
61857,-4096,-301056,67280,-391,144825
61867,-4096,-266240,59392,-391,115878
61877,-83968,-177152,21112,-8008,28393
61887,-83968,-212992,29232,-8008,82561
61897,-235520,-269312,7656,-22461,93859
61907,-286720,-187392,-22504,-27344,799
61917,-370688,-287744,-18792,-35352,47807
61927,-370688,-439296,15544,-35352,152897
61937,-436224,-375808,-13688,-41602,10396
61947,-497664,-501760,928,-47461,66054
61957,-541696,-588800,10672,-51661,82621
61967,-632832,-745472,25520,-60352,134347
61977,-649216,-710656,13920,-61915,30171
61987,-714752,-925696,48952,-68165,149016
61997,-864256,-978944,25984,-82422,91612
62007,-864256,-998400,30392,-82422,45580
62017,-1095680,-1063936,-7192,-104493,-17772
62027,-1338368,-1308672,-6728,-127637,55096
62037,-1379328,-1439744,13224,-131543,75928
62047,-1379328,-1461248,18560,-131543,488
62057,-1546240,-1736704,43152,-147461,95287
62067,-1546240,-1920000,84680,-147461,154231
62077,-1546240,-2153472,137576,-147461,227967
62087,-2125824,-2162688,8352,-202735,-72726
62097,-2292736,-2366464,16704,-218653,-35841
62107,-2292736,-2561024,60784,-218653,45112
62117,-2473984,-2741248,60552,-235938,20043
62127,-2473984,-2915328,99992,-235938,41412
62137,-2473984,-3233792,172144,-235938,177411
62147,-2500608,-3447808,214600,-238477,230203
62157,-2500608,-3519488,230840,-238477,176174
62167,-2639872,-3631104,224576,-251758,167989
62177,-2639872,-3604480,218544,-251758,96228
62187,-2669568,-3755008,245920,-254590,204206
62197,-2698240,-3701760,227360,-257325,123631
62207,-2698240,-3818496,253808,-257325,209288
62217,-2698240,-3766272,241976,-257325,136837
62227,-2698240,-3799040,249400,-257325,147844
62237,-2698240,-3896320,271440,-257325,229301
62247,-2698240,-3931136,279328,-257325,247190
62257,-2698240,-4021248,299744,-257325,330865
62267,-2698240,-3896320,271440,-257325,213504
62277,-2698240,-3880960,267960,-257325,177326
62287,-2669568,-3761152,247312,-254590,173748
62298,-2698240,-3679232,222256,-257325,128446
62308,-2698240,-3743744,236872,-257325,222113
62318,-2698240,-3664896,219008,-257325,176155
62328,-2669568,-3723264,238728,-254590,265050
62338,-2669568,-3704832,234552,-254590,276305
62348,-2669568,-3655680,223416,-254590,248700
62358,-2500608,-3638272,257752,-238477,316297
62368,-2473984,-3427328,215992,-235938,165876
62378,-1646592,-3411968,399968,-157032,479133
62388,-1423360,-3250176,413888,-135743,486013
62398,-1423360,-2949120,345680,-135743,351701
62408,-541696,-2533376,451240,-51661,501951
62418,-299008,-2081792,403912,-28516,491729
62428,-216064,-1375232,262624,-20606,271783
62438,-157696,-770048,138736,-15040,154097
62448,-157696,-390144,52664,-15040,167914
62458,-169984,26624,-44544,-16211,98904
62468,-169984,319488,-110896,-16211,56845
62478,-169984,376832,-123888,-16211,147880
62488,-160768,542720,-159384,-15333,79427
62498,-102400,569344,-152192,-9766,92835
62508,-102400,605184,-160312,-9766,46688
62518,-102400,401408,-114144,-9766,200901
62528,0,389120,-88160,0,201201
62538,0,297984,-67512,0,241292
62548,0,396288,-89784,0,118457
62558,0,304128,-68904,0,183852
62568,0,353280,-80040,0,116440
62578,0,268288,-60784,0,178815
62588,70656,370688,-67976,6738,91053
62598,246784,284672,-8584,23535,217271
62608,246784,329728,-18792,23535,172791
62618,401408,247808,34800,38281,296991
62628,401408,335872,14848,38281,235996
62638,625664,448512,40136,59667,227224
62648,625664,550912,16936,59667,202432
62658,1208320,756736,102312,115234,282789
62668,1208320,891904,71688,115234,285280
62678,3389440,1275904,478848,323242,814645
62688,3988480,2016256,446832,380371,625030
62698,6575104,2955264,820120,627050,1143162
62708,6575104,4046848,572808,627050,814281
62718,6998016,5457920,348928,667382,525409
62728,7070720,6910976,36192,674316,183559
62738,6925312,8064000,-257984,660449,-29025
62748,6925312,8941568,-456808,660449,-102688
62758,5677056,9417728,-847496,541406,-520971
62768,5677056,9409536,-845640,541406,-351584
62778,4032512,9216000,-1174384,384570,-729141
62788,3464192,8270848,-1089008,330371,-393422
62798,3464192,7288832,-866520,330371,-130405
62808,2219008,5975040,-850976,211621,-45235
62818,1310720,5172224,-874872,125000,-368350
62828,1310720,4130816,-638928,125000,-103259
62838,631808,3492864,-648208,60253,-343686
62848,369664,2530304,-489520,35253,-142037
62858,159744,1848320,-382568,15234,-149301
62868,49152,1058816,-228752,4687,177
62878,-4096,428032,-97904,-391,62634
62888,-4096,91136,-21576,-391,-24701
62898,0,-419840,95120,0,145750
62908,0,-676864,153352,0,149151
62918,0,-692224,156832,0,22839
62928,0,-902144,204392,0,141035
62938,0,-893952,202536,0,101324
62948,0,-988160,223880,0,198419
62958,-7168,-944128,212280,-684,174928
62968,-10240,-818176,183048,-977,104488
62978,-10240,-728064,162632,-977,87580
62988,-10240,-635904,141752,-977,96144
62998,-229376,-604160,84912,-21875,35759
63008,-229376,-497664,60784,-21875,4280
63018,-476160,-609280,30160,-45411,68047
63028,-720896,-501760,-49648,-68750,-119518
63038,-1453056,-608256,-191400,-138575,-293580
63048,-1950720,-841728,-251256,-186036,-346851
63058,-4444160,-1304576,-711312,-423829,-935949
63068,-4444160,-2232320,-501120,-423829,-495079
63078,-4444160,-3467264,-221328,-423829,-46828
63088,-5442560,-4701184,-167968,-519043,-39124
63098,-5442560,-5820416,85608,-519043,167364
63108,-5442560,-6742016,294408,-519043,274048
63118,-4638720,-7075840,552160,-442383,363365
63128,-4638720,-7473152,642176,-442383,439360
63138,-4302848,-7278592,674192,-410352,301507
63148,-4302848,-7038976,619904,-410352,199943
63158,-2757632,-6630400,877424,-262989,508053
63168,-2555904,-6315008,851672,-243750,536186
63178,-985088,-5754880,1080656,-93946,883536
63188,-702464,-4896768,950272,-66993,610736
63198,-166912,-3986432,865360,-15918,525791
63208,-68608,-2989056,661664,-6543,301055
63218,67584,-2009088,470496,6445,189669
63228,67584,-1135616,264016,6445,38398
63238,141312,-400384,122728,13476,-42713
63248,141312,-74752,48952,13476,76718
63258,141312,193536,-11832,13476,110604
63268,496640,373760,27840,47363,223570
63278,1138688,553984,132472,108593,394972
63288,1734656,850944,200216,165429,450185
63298,2242560,1176576,241512,213867,528326
63308,6438912,1886208,1031472,614062,1586118
63318,6854656,3034112,865592,653710,1483184
63328,7836672,4880384,669784,747363,795166
63338,7836672,7018496,185368,747363,142313
63348,8246272,8772608,-119248,786425,-31091
63358,8162304,10120192,-443584,778417,-167981
63368,8162304,10801152,-597864,778417,-88566
63378,8162304,11030528,-649832,778417,39494
63388,8246272,11026432,-629880,786425,131395
63398,8246272,11026432,-629880,786425,117056
63408,6925312,10857472,-890880,660449,-220914
63418,6925312,10798080,-877424,660449,-250128
63428,4998144,10539008,-1255352,476660,-752720
63438,4395008,9870336,-1438632,330371,-851630
63448,2102272,8876032,-1534680,200488,-960659
63458,1697792,7180288,-1242128,161914,-387582
63468,536576,5703680,-1170672,51171,-452158
63478,387072,4129792,-847960,36914,-221283
63488,387072,2532352,-486040,36914,178326
63498,125952,1752064,-368416,12011,-77973
63508,125952,727040,-136184,12011,159928
63518,125952,293888,-38048,12011,-1276
63528,-4096,-69632,14848,-391,-32305
63539,-19456,-463872,100688,-1856,62857
63549,-19456,-719872,158688,-1856,109000
63559,-306176,-802816,112520,-29200,-65199
63569,-580608,-1011712,97672,-55372,-74604
63579,-632832,-1314816,154512,-60352,69571
63589,-1043456,-1412096,83520,-99512,-85707
63599,-1095680,-1627136,120408,-104493,-17116
63609,-1095680,-1767424,152192,-104493,-6833
63619,-3390464,-2078720,-297192,-323340,-592505
63629,-4540416,-2402304,-484416,-433008,-856780
63639,-4540416,-3004416,-333616,-433008,-582176
63649,-15401984,-4330496,-2508384,-1468848,-3495899
63659,-15401984,-6939648,-1917248,-1468848,-2231419
63669,-17213440,-10474496,-1526792,-1641602,-1459778
63679,-17213440,-14755840,-556800,-1641602,-173272
63689,-17213440,-18449408,315984,-1641602,573982
63699,-17213440,-21263360,917560,-1641602,799050
63709,-17213440,-22894592,1287136,-1641602,665788
63719,-12499968,-23433216,2477064,-1192090,1758559
63729,-10283008,-23152640,2915776,-980665,1917379
63739,-3008512,-21543936,4199432,-286915,3311842
63749,-1889280,-19208192,3923816,-180176,2673493
63759,-1889280,-15695872,3128056,-180176,1343486
63769,-338944,-11808768,2598632,-32325,716704
63779,-338944,-8499200,1848808,-32325,141902
63789,-25600,-5592064,1261152,-2442,-99576
63799,-7168,-3744768,846800,-684,-11524
63809,0,-2332672,528496,0,32909
63819,0,-1506304,341272,0,186173
63829,0,-803840,182120,0,134769
63839,0,-340992,77256,0,171348
63849,76800,16384,13688,7324,232585
63859,249856,434176,-41760,23828,171876
63869,297984,704512,-92104,28417,168763
63879,297984,984064,-155440,28417,87508
63889,527360,1223680,-157760,50292,76651
63899,594944,1303552,-160544,56738,133593
63909,594944,1463296,-196736,56738,49887
63919,1771520,1445888,73776,168945,496735
63929,3945472,1622016,526408,376269,1101369
63939,7836672,2281472,1258600,747363,1921159
63949,10384384,3920896,1464384,990332,1873784
63959,10384384,6502400,879512,990332,810282
63969,10384384,9570304,184440,990332,-113813
63979,16135168,11953152,947488,1538769,1380637
63989,16135168,13882368,510400,1538769,1198623
63999,16135168,15803392,75168,1538769,863835
64009,16135168,17813504,-380248,1538769,345812
64019,14285824,19739648,-1235632,1362402,-743988
64029,12741632,20756480,-1815864,1215136,-1263542
64039,6047744,20780032,-3337784,576757,-2898751
64049,4840448,18957312,-3198352,461621,-2007982
64059,2638848,15994880,-3025976,251660,-1307007
64069,1594368,12478464,-2465928,152050,-580825
64079,719872,8768512,-1823520,68652,50426
64089,256000,5942272,-1288296,24414,242160
64099,141312,3813376,-831952,13476,225854
64109,141312,2473984,-528496,13476,114104
64119,6144,1550336,-349856,585,-14751
64129,6144,846848,-190472,585,-25442
64139,0,308224,-69832,0,710
64149,0,-258048,58464,0,109749
64159,0,-484352,109736,0,8929
64169,0,-1021952,231536,0,272071
64179,0,-1146880,259840,0,216235
64189,0,-1251328,283504,0,231161
64199,0,-1220608,276544,0,183210
64209,0,-1231872,279096,0,222185
64219,0,-1175552,266336,0,248125
64229,0,-936960,212280,0,108855
64239,0,-877568,198824,0,140295
64249,0,-683008,154744,0,54737
64259,0,-710656,161008,0,166009
64269,0,-585728,132704,0,133972
64279,0,-449536,101848,0,66292
64289,0,-412672,93496,0,89450
64299,0,-336896,76328,0,56405
64309,0,-436224,98832,0,181438
64319,0,-388096,87928,0,134336
64329,0,-472064,97208,0,159845
64339,0,-360448,81664,0,76091
64349,0,-515072,116696,0,200745
64359,-4096,-485376,109040,-391,171137
64369,-4096,-546816,122960,-391,223155
64379,-4096,-589824,132704,-391,274250
64389,-10240,-445440,98600,-977,136700
64399,-62464,-453632,88624,-5958,138459
64409,-83968,-397312,70992,-8008,95181
64419,-332800,-430080,22040,-31739,52717
64429,-429056,-561152,29928,-40918,150293
64439,-429056,-547840,26912,-40918,108448
64449,-1053696,-707584,-78416,-100489,-4192
64459,-3176448,-711680,-558424,-302930,-812599
64469,-4348928,-1203200,-712704,-414747,-925550
64479,-8763392,-2448384,-1430744,-835743,-1654169
64489,-8763392,-4418560,-984376,-835743,-839444
64499,-8763392,-6948864,-411104,-835743,-5596
64509,-13886464,-9617408,-967208,-1324317,-934569
64519,-13886464,-12137472,-396256,-1324317,-322431
64529,-11681792,-14714880,687184,-1114063,996511
64539,-8675328,-16411648,1752760,-827344,1949547
64549,-6241280,-17003520,2438320,-595215,2329640
64559,-6241280,-15948800,2199360,-595215,1312865
64569,-2172928,-13910016,2659184,-207227,1561276
64579,-1095680,-11028480,2250400,-104493,821704
64589,-666624,-8144896,1694296,-63575,244446
64599,-279552,-5908480,1275304,-26661,129762
64609,-279552,-4103168,866288,-26661,38896
64619,-279552,-2979840,611784,-26661,127690
64629,0,-2158592,489056,0,223214
64639,0,-1649664,373752,0,316135
64649,0,-1020928,231304,0,153970
64659,0,-622592,141056,0,186212
64669,12288,-121856,30392,1171,63254
64679,33792,258048,-50808,3222,38489
64689,132096,543744,-93264,12597,13019
64700,150528,691200,-122496,14355,66316
64710,365568,754688,-88160,34863,159718
64720,509952,791552,-63800,48632,211058
64730,509952,738304,-51736,48632,268044
64740,2195456,892928,295104,209375,698314
64750,2195456,1239040,216688,209375,497255
64760,7070720,1842176,1184592,674316,1818083
64770,7677952,3123200,1031936,732226,1402166
64780,7677952,5075968,589512,732226,603032
64790,12142592,7284736,1100608,1158007,1407161
64800,11909120,9671680,506920,1135742,670833
64810,11909120,11863040,10440,1135742,188154
64820,10080256,13853696,-854920,961328,-779123
64830,8162304,14913536,-1529576,778417,-1392560
64840,8162304,14755840,-1493848,778417,-794983
64850,5617664,13774848,-1848112,535742,-919763
64860,3861504,12265472,-1904024,368261,-837229
64870,3861504,10116096,-1417056,368261,-119175
64880,1042432,7994368,-1575048,99414,-433221
64890,1042432,6245376,-1178792,99414,-219579
64900,305152,4601856,-973472,29101,-246356
64910,305152,3133440,-640784,29101,22864
64920,82944,2079744,-452400,7910,-60407
64930,92160,1058816,-201840,8789,164796
64940,92160,348160,-58000,8789,140803
64950,92160,-149504,54752,8789,123259
64960,70656,-583680,148248,6738,198035
64970,52224,-839680,202072,4980,194643
64980,27648,-983040,228984,2636,170767
64990,27648,-1017856,236872,2636,124280
65000,27648,-1125376,261232,2636,196583
65010,24576,-1136640,263088,2343,205535
65020,24576,-1037312,240584,2343,153256
65030,24576,-1009664,234320,2343,195390
65040,70656,-842752,206944,6738,126607
65050,70656,-804864,198360,6738,187413
65060,263168,-588800,193024,25097,154168
65070,263168,-501760,173304,25097,173015
65080,2393088,-297984,609696,228222,772963
65090,3107840,-93184,725232,296386,924050
65100,9031680,715776,1884072,861328,2451101
65110,9882624,2078720,1768072,942480,2089067
65120,9980928,4269056,1294096,951855,1213251
65130,9784320,7138304,599488,933105,209578
65140,9031680,9786368,-170984,861328,-608541
65150,9031680,11406336,-538008,861328,-644558
65160,5271552,12030976,-1531432,502734,-1506955
65170,5271552,11811840,-1481784,502734,-1005664
65180,5271552,10440704,-1171136,502734,-139770
65190,1645568,8992768,-1664600,156933,-858192
65200,746496,7460864,-1521224,71191,-695007
65210,509952,5943296,-1230992,48632,-468019
65220,435200,4197376,-852368,41503,-16320
65230,135168,2685952,-577912,12890,109353
65240,24576,1421312,-316448,2343,211848
65250,-37888,773120,-183744,-3614,40016
65260,-71680,173056,-55448,-6836,53497
65270,-71680,-167936,12064,-10938,11377
65280,-163840,-471040,69600,-15625,56928
65290,-163840,-740352,130616,-15625,124680
65300,-163840,-873472,160776,-15625,112479
65310,-616448,-1064960,101616,-58790,2696
65320,-616448,-1224704,137808,-58790,14756
65330,-1514496,-1463296,-11600,-144434,-190307
65340,-2058240,-1746944,-70528,-196290,-263449
65350,-3738624,-2108416,-369344,-356543,-615092
65360,-4540416,-2942976,-361920,-433008,-494299
65370,-5860352,-3904512,-443120,-558887,-563067
65380,-5860352,-5259264,-136184,-558887,-44843
65390,-5860352,-6355968,112288,-558887,186363
65400,-6048768,-7187456,257984,-576856,146247
65410,-6048768,-7927808,425720,-576856,275318
65420,-6241280,-8228864,450312,-595215,160410
65430,-6241280,-8415232,492536,-595215,94748
65440,-6241280,-8548352,522696,-595215,77649
65450,-5385216,-8697856,750520,-513575,390615
65460,-5385216,-8765440,765832,-513575,384620
65470,-3862528,-8778752,1113832,-368360,862441
65480,-3317760,-8342528,1138424,-316407,739247
65490,-1285120,-7595008,1429584,-122559,1034396
65500,-1013760,-6575104,1259992,-96680,702282
65510,-632832,-5408768,1082048,-60352,505009
65520,-133120,-4220928,926144,-12696,374919
65530,-65536,-3203072,710848,-6250,238862
65540,-10240,-2388992,538936,-977,219401
65550,-56320,-1770496,388368,-5372,198144
65560,-56320,-1397760,303920,-5372,277063
65570,-163840,-1087488,209264,-15625,260091
65580,-163840,-754688,133864,-15625,197896
65590,-163840,-633856,106488,-15625,259480
65600,-238592,-498688,58928,-22754,245473
65610,-238592,-325632,19720,-22754,188762
65620,-238592,-245760,1624,-22754,204799
65630,-238592,-153600,-19256,-22754,189997
65640,-238592,-27648,-47792,-22754,136522
65650,-238592,-38912,-45240,-22754,206450
65660,-238592,91136,-74704,-22754,134053
65670,-677888,49152,-164720,-64649,45357
65680,-975872,39936,-230144,-93067,-58477
65690,-2757632,-44032,-614800,-262989,-639166
65700,-3176448,-515072,-602968,-302930,-534642
65710,-3176448,-1320960,-420384,-302930,-158986
65720,-3176448,-2209792,-219008,-302930,67505
65730,-3176448,-3108864,-15312,-302930,327093
65740,-6373376,-4065280,-522928,-607813,-517360
65750,-6306816,-4879360,-323408,-601465,-373614
65760,-5500928,-5832704,75168,-524610,73833
65770,-4540416,-6961152,548448,-433008,716678
65780,-4540416,-7596032,692288,-433008,685344
65790,-2268160,-7656448,1220784,-216309,1165812
65800,-2058240,-7161856,1156288,-196290,843676
65811,-1366016,-6183936,1091560,-130274,628730
65821,-1366016,-5061632,837288,-130274,236352
65831,-985088,-4111360,708296,-93946,218079
65841,-708608,-3281920,583016,-67579,192657
65851,-708608,-2791424,471888,-67579,261797
65861,-417792,-2259968,417368,-39844,304011
65871,-417792,-1822720,308328,-39844,219948
65881,-126976,-1440768,297656,-12110,314885
65891,-90112,-1018880,210424,-8594,230683
65901,-87040,-714752,142216,-8301,190244
65911,-90112,-480256,88392,-8594,205749
65921,-96256,-174080,17632,-9180,107248
65931,-99328,-98304,-232,-9473,182724
65941,-99328,100352,-45240,-9473,98303
65951,-99328,73728,-39208,-9473,190311
65961,-99328,193536,-66352,-9473,105729
65971,-96256,180224,-62640,-9180,134421
65981,-99328,275456,-84912,-9473,48358
65991,-99328,244736,-77952,-9473,77078
66001,-229376,346112,-130384,-21875,-26604
66011,-257024,284672,-122728,-24512,-12653
66021,-406528,253952,-149640,-38770,-38923
66031,-424960,136192,-127136,-40528,11968
66041,-497664,28672,-119248,-47461,18204
66051,-497664,-15360,-109272,-47461,-29722
66061,-497664,-179200,-72152,-47461,23005
66071,-497664,-333824,-37120,-47461,85290
66081,-556032,-614400,13224,-53028,195627
66091,-561152,-636928,17168,-53516,104393
66101,-556032,-731136,39672,-53028,123728
66111,-556032,-676864,27376,-53028,25875
66121,-550912,-775168,50808,-52540,84674
66131,-550912,-804864,57536,-52540,95236
66141,-550912,-823296,61712,-52540,96470
66151,-550912,-856064,69136,-52540,136717
66161,-550912,-743424,43616,-52540,39966
66171,-550912,-759808,47328,-52540,74845
66181,-444416,-684032,54288,-42383,59187
66191,-325632,-740352,93960,-31055,160166
66201,-286720,-730112,100456,-27344,185264
66211,-267264,-583680,71688,-25489,79195
66221,-200704,-537600,76328,-19141,113370
66231,-200704,-390144,42920,-19141,52270
66241,-90112,-327680,53824,-8594,88689
66251,-65536,-372736,69600,-6250,190097
66261,-65536,-242688,40136,-6250,94429
66271,308224,-173056,109040,29394,186318
66281,308224,-90112,90248,29394,171952
66291,308224,-12288,72616,29394,174128
66301,1258496,153600,250328,120019,435024
66311,2171904,637952,347536,207128,448597
66321,2668544,1163264,341040,254492,396287
66331,3578880,1703936,424792,341308,565603
66341,3988480,2437120,351480,380371,512299
66351,3988480,3314688,152656,380371,269178
66361,4687872,4200448,110432,447070,222122
66371,4687872,4997120,-70064,447070,61922
66381,4687872,5564416,-208568,447070,13696
66391,4840448,6066176,-277704,461621,41849
66401,4840448,6515712,-379552,461621,-85089
66411,5327872,6659072,-301600,508105,110346
66421,5327872,6897664,-355656,508105,8409
66431,3280896,6929408,-826616,312890,-590034
66441,3280896,6793216,-795760,312890,-451715
66451,3280896,6379520,-702032,312890,-257951
66461,3280896,5669888,-541256,312890,57664
66471,824320,5033984,-953752,78613,-606803
66481,824320,4402176,-810608,78613,-450052
66491,824320,3359744,-574432,78613,-131586
66501,297984,2593792,-520144,28417,-220077
66511,211968,1763328,-351480,20214,-60210
66521,156672,1205248,-237568,14941,-103492
66531,150528,593920,-100456,14355,38902
66541,150528,262144,-25288,14355,3651
66551,89088,31744,12992,8496,-29215
66561,89088,-124928,48488,8496,-25070
66571,89088,-291840,86304,8496,28964
66581,89088,-379904,106256,8496,37294
66591,104448,-440320,123424,9960,40903
66601,119808,-431104,124816,11425,14837
66611,119808,-397312,117160,11425,-723
66621,138240,-325632,105096,13183,-21724
66631,135168,-272384,92336,12890,-32085
66641,135168,-262144,90016,12890,2428
66651,135168,-274432,92800,12890,51986
66661,162816,-222208,87232,15527,44601
66671,175104,-155648,74936,16699,27327
66681,199680,-111616,70528,19042,35298
66691,205824,-74752,63568,19628,45942
66701,215040,34816,40832,20507,-3384
66711,205824,123904,18560,19628,-29698
66721,205824,206848,-232,19628,-41025
66731,165888,197632,-7192,15820,1152
66741,153600,219136,-14848,14648,2928
66751,119808,257024,-31088,11425,-21435
66761,119808,292864,-39208,11425,-47314
66771,119808,291840,-38976,11425,-55484
66781,98304,237568,-31552,9375,-26522
66791,98304,123904,-5800,9375,53323
66801,101376,89088,2784,9667,52846
66811,101376,55296,10440,9667,50361
66821,101376,62464,8816,9667,23065
66831,101376,58368,9744,9667,15712
66841,101376,67584,7656,9667,7218
66851,101376,82944,4176,9667,-4332
66861,101376,51200,11368,9667,23867
66871,101376,62464,8816,9667,18703
66881,101376,48128,12064,9667,41028
66891,104448,111616,-1624,9960,-14908
66901,104448,171008,-15080,9960,-67929
66911,104448,91136,3016,9960,16022
66921,104448,58368,10440,9960,57443
66932,104448,1024,23432,9960,86873
66942,178176,49152,29232,16992,55098
66952,193536,89088,23664,18457,19754
66962,193536,56320,31088,18457,51332
66972,221184,4096,49184,21093,110027
66982,228352,106496,27608,21777,27167
66992,243712,190464,12064,23242,-23842
67002,252928,200704,11832,24121,47689
67012,259072,182272,17400,24707,41693
67022,259072,186368,16472,24707,62315
67032,266240,232448,7656,25390,45712
67042,285696,326656,-9280,27246,-10924
67052,318464,338944,-4640,30371,15255
67062,318464,352256,-7656,30371,21350
67072,443392,324608,26912,42285,98740
67082,443392,307200,30856,42285,123063
67092,443392,389120,12296,42285,52078
67102,594944,451584,32480,56738,58289
67112,594944,433152,36656,56738,95733
67122,648192,450560,44776,61816,123606
67132,648192,551936,21808,61816,40472
67142,824320,623616,45472,78613,98385
67152,947200,637952,70064,90332,169797
67162,1270784,724992,123656,121191,243468
67172,1378304,884736,111824,131445,200901
67182,1392640,1011712,86304,132812,178165
67192,1392640,1253376,31552,132812,73731
67202,1392640,1412096,-4408,132812,72957
67212,1297408,1619968,-73080,123730,-54967
67222,1094656,1790976,-157760,104394,-159334
67232,1094656,1792000,-157992,104394,-95576
67242,620544,1731584,-251720,59179,-186060
67252,589824,1625088,-234552,56250,-148229
67262,455680,1403904,-214832,43457,-97205
67272,443392,1179648,-166808,42285,-42279
67282,398336,949248,-124816,37988,-17822
67292,398336,760832,-82128,37988,-2647
67302,398336,522240,-28072,37988,81726
67312,376832,402432,-5800,35937,89783
67322,376832,343040,7656,35937,57691
67332,246784,292864,-10440,23535,7411
67342,246784,267264,-4640,23535,-5339
67352,76800,192512,-26216,7324,-16336
67362,12288,143360,-29696,1171,-11090
67372,0,44032,-9976,0,28061
67382,0,-40960,9280,0,41824
67392,0,-177152,40136,0,87136
67402,0,-291840,66120,0,104524
67412,0,-398336,90248,0,130972
67422,0,-508928,115304,0,176635
67432,0,-560128,126904,0,191602
67442,-4096,-556032,125048,-391,153295
67452,-4096,-515072,115768,-391,109435
67462,-10240,-518144,115072,-977,132063
67472,-16384,-464896,101616,-1563,113045
67482,-16384,-336896,72616,-1563,30503
67492,-16384,-261120,55448,-1563,2311
67502,-417792,-244736,-39208,-39844,-79992
67512,-643072,-319488,-73312,-61329,-113927
67522,-643072,-359424,-64264,-61329,-107438
67532,-1221632,-496640,-164256,-116504,-240574
67542,-1529856,-757760,-174928,-145899,-220956
67552,-2698240,-1080320,-366560,-257325,-436231
67562,-3354624,-1602560,-396952,-319922,-483986
67572,-5442560,-2367488,-696696,-519043,-835799
67582,-6507520,-3170304,-756088,-620606,-932299
67592,-6714368,-4441088,-515040,-640333,-520100
67602,-6999040,-5832704,-264248,-667481,-221542
67612,-6926336,-7435264,115304,-660547,265626
67622,-6855680,-8452096,361688,-653809,315483
67632,-5798912,-9285632,789960,-553028,742119
67642,-5798912,-9441280,825224,-553028,486340
67652,-3317760,-9278464,1350472,-316407,1066769
67662,-2788352,-8523776,1299432,-265918,776655
67672,-2788352,-7390208,1042608,-265918,313144
67682,-905216,-6260736,1213360,-86329,627397
67692,-154624,-5062656,1111976,-14747,631217
67702,-154624,-3891200,846568,-14747,381026
67712,0,-2728960,618280,0,190331
67722,49152,-1709056,398344,4687,33125
67732,92160,-1040384,256592,8789,69003
67742,172032,-409600,131776,16406,44983
67752,324608,-2048,74008,30957,112706
67762,365568,310272,12528,34863,115220
67772,504832,553984,-11136,48144,142460
67782,733184,786432,-12064,69921,169692
67792,1848320,1008640,190240,176269,489353
67802,1848320,1348608,113216,176269,376705
67812,3427328,1836032,360528,326855,682102
67822,4637696,2335744,521536,442285,951757
67832,4637696,3229696,319000,442285,579365
67842,5859328,4379648,335240,558789,577998
67852,5558272,5614592,-37816,530078,54184
67862,4789248,6791168,-453560,456738,-390518
67872,4789248,7540736,-623384,456738,-436567
67882,3316736,7724032,-998528,316308,-798934
67892,3316736,7341056,-911760,316308,-470791
67902,2697216,6654976,-891808,257226,-356802
67912,2697216,5760000,-693912,257226,-90775
67922,1790976,4757504,-672104,170800,-83750
67932,1364992,4045824,-607376,130175,-126634
67942,642048,3454976,-637304,61230,-343336
67952,564224,2677760,-478848,53808,-104543
67962,308224,2097152,-405304,29394,-172243
67972,308224,1517568,-273992,29394,-105519
67982,308224,807936,-113216,29394,110769
67992,86016,388096,-68440,8203,27229
68002,86016,8192,17632,8203,61727
68012,3072,-265216,60784,292,60051
68022,0,-520192,117856,0,119722
68032,0,-624640,141520,0,27107
68042,0,-677888,153584,0,57641
68052,0,-852992,193256,0,179708
68062,0,-796672,180496,0,122542
68072,0,-781312,177016,0,147189
68082,6144,-643072,147088,585,49668
68092,6144,-569344,130384,585,79282
68102,228352,-505856,166344,21777,153759
68112,327680,-442368,174464,31250,200998
68122,327680,-95232,95816,31250,-14612
68133,496640,-31744,119712,47363,115064
68143,531456,109568,95584,50683,95010
68153,549888,203776,78416,52441,124435
68163,620544,353280,60552,59179,92735
68173,620544,534528,19488,59179,15896
68183,620544,434176,42224,59179,157718
68193,625664,578560,10672,59667,62601
68203,625664,598016,6264,59667,69679
68213,564224,599040,-7888,53808,56956
68223,509952,644096,-30392,48632,24967
68233,365568,641024,-62408,34863,-16366
68243,331776,651264,-72384,31640,-51191
68253,110592,645120,-121104,10546,-131234
68263,70656,416768,-78416,6738,12142
68273,9216,431104,-95584,878,-92662
68283,0,159744,-36192,0,60764
68293,0,-62464,14152,0,144760
68303,0,-142336,32248,0,98312
68313,0,-329728,74704,0,177290
68323,0,-464896,97208,0,172537
68333,0,-448512,101616,0,140634
68343,-7168,-367616,81664,-684,34496
68353,-7168,-352256,78184,-684,23813
68363,-80896,-474112,89088,-7715,125135
68373,-133120,-398336,60088,-12696,41955
68383,-247808,-401408,34800,-23633,1549
68393,-247808,-518144,61248,-23633,82024
68403,-363520,-623616,58928,-34668,99898
68413,-366592,-764928,90248,-34961,183108
68423,-366592,-772096,91872,-34961,133324
68433,-335872,-718848,86768,-32032,58983
68443,-335872,-748544,93496,-32032,72715
68453,-169984,-807936,144536,-16211,174298
68463,6144,-787456,179800,585,222611
68473,101376,-710656,183976,9667,210638
68483,101376,-667648,174232,9667,223599
68493,348160,-571392,208336,33203,288374
68503,419840,-288768,160544,40039,150928
68513,419840,-155648,130384,40039,152381
68523,615424,39936,130384,58691,165153
68533,615424,281600,75632,58691,125796
68543,615424,321536,66584,58691,155718
68553,615424,532480,18792,58691,75715
68563,1022976,602112,95352,97558,246227
68573,1022976,728064,66816,97558,204728
68583,1022976,905216,26680,97558,129439
68593,1022976,983040,9048,97558,150149
68603,1022976,1178624,-35264,97558,53484
68613,1012736,1248256,-53360,96582,75082
68623,1012736,1323008,-70296,96582,62927
68633,920576,1427456,-114840,87792,-19152
68643,956416,1393664,-99064,91210,41691
68653,939008,1428480,-110896,89550,-17109
68663,939008,1325056,-87464,89550,57295
68673,939008,1155072,-48952,89550,150865
68683,920576,1146880,-51272,87792,87262
68693,855040,1015808,-36424,81542,127893
68703,726016,956416,-52200,69238,85147
68713,726016,956416,-52200,69238,42767
68723,824320,808960,3480,78613,177025
68733,824320,778240,10440,78613,161969
68743,1337344,820224,117160,127539,251718
68753,1992704,786432,273296,190039,502538
68763,2446336,965632,335472,233300,506259
68773,2582528,1235968,305080,246289,464779
68783,2668544,1752064,207640,254492,261864
68793,2697216,2239488,103704,257226,157745
68803,2697216,2796544,-22504,257226,-20546
68813,2472960,3088384,-139432,235839,-80733
68823,2472960,3343360,-197200,235839,-112133
68833,2817024,3453952,-144304,268652,28334
68843,2879488,3426304,-123888,274609,124386
68853,3175424,3433472,-58464,302832,219466
68863,3175424,3416064,-54520,302832,229723
68873,3175424,3411968,-53592,302832,240402
68883,3175424,3533824,-81200,302832,129700
68893,3175424,3609600,-98368,302832,147139
68903,1771520,3707904,-438712,168945,-339113
68913,1422336,3629056,-499960,135644,-381407
68923,1258496,3194880,-438712,120019,-177010
68933,1173504,2752512,-357744,111914,-125356
68943,1173504,2233344,-240120,111914,49166
68953,636928,1662976,-232464,60742,26824
68963,432128,1182720,-170056,41210,68747
68973,401408,785408,-87000,38281,106301
68983,401408,531456,-29464,38281,56407
68993,401408,295936,23896,38281,73160
69003,401408,57344,77952,38281,127073
69013,-7168,-5120,-464,-684,-65305
69023,-7168,-178176,38744,-684,16880
69033,-176128,-388096,48024,-16797,71656
69043,-212992,-487424,62176,-20313,65868
69053,-212992,-688128,107648,-20313,163542
69063,-433152,-809984,85376,-41309,113103
69073,-433152,-885760,102544,-41309,100712
69083,-632832,-1070080,99064,-60352,136568
69093,-632832,-1102848,106488,-60352,101193
69103,-1033216,-1116160,18792,-98536,-72682
69113,-1366016,-1260544,-23896,-130274,-108393
69123,-2669568,-1392640,-289304,-254590,-505867
69133,-2975744,-1762304,-274920,-283790,-426509
69143,-2975744,-2383872,-134096,-283790,-138458
69153,-2975744,-3178496,45936,-283790,174094
69163,-2975744,-3755008,176552,-283790,250129
69173,-4444160,-4129792,-71224,-423829,-275314
69183,-3698688,-4659200,217616,-352735,101728
69193,-2912256,-5248000,529192,-277735,586619
69203,-2912256,-5416960,567472,-277735,466535
69213,-1792000,-5401600,817800,-170899,739954
69223,-1792000,-4969472,719896,-170899,439559
69233,-1889280,-4485120,588120,-180176,251719
69243,-2036736,-3902464,422704,-194239,55835
69253,-2036736,-3436544,317144,-194239,-18180
69263,-2268160,-3229696,217848,-216309,11702
69273,-2268160,-3124224,193952,-216309,61068
69283,-2292736,-3209216,207640,-218653,172806
69293,-2015232,-3360768,304848,-192188,364814
69303,-1646592,-3395584,396256,-157032,463058
69313,-1379328,-3404800,458896,-131543,539852
69323,-1043456,-3166208,480936,-99512,452921
69333,-788480,-2893824,476992,-75196,484584
69343,-654336,-2417664,399504,-62403,327807
69353,-654336,-2099200,327352,-62403,306195
69363,-570368,-1671168,249400,-54395,237379
69373,-570368,-1339392,174232,-61329,130810
69383,-708608,-1016832,69832,-67579,86390
69394,-708608,-803840,21576,-67579,72666
69404,-1128448,-679936,-101616,-107618,-1827
69414,-1128448,-695296,-98136,-107618,11213
69424,-1128448,-753664,-84912,-107618,59344
69434,-1664000,-971776,-156832,-158692,18012
69444,-1664000,-1118208,-123656,-158692,25037
69454,-2912256,-1346560,-354728,-277735,-355700
69464,-5328896,-1776640,-804808,-508204,-999981
69474,-7219200,-2401280,-1091560,-688477,-1438132
69484,-7917568,-3740672,-946328,-755079,-1039588
69494,-17213440,-5662720,-2616960,-1641602,-3253226
69504,-17213440,-8228864,-2035568,-1641602,-2213516
69514,-17213440,-11485184,-1297808,-1641602,-893311
69524,-17213440,-15228928,-449616,-1641602,175649
69534,-16437248,-18143232,386512,-1567579,875687
69544,-10696704,-20083712,2126744,-1020118,2682750
69554,-10696704,-20659200,2257128,-1020118,1982705
69564,-10696704,-19521536,1999376,-1020118,664231
69574,-10696704,-17755136,1599176,-1020118,-207945
69584,-781312,-15888384,3422696,-74512,2325947
69594,-781312,-13558784,2894896,-74512,1469633
69604,-781312,-10629120,2231144,-74512,597791
69614,58368,-7886848,1800088,5566,265153
69624,58368,-5511168,1261848,5566,-65361
69634,331776,-3631104,897840,31640,-54727
69644,455680,-2455552,659576,43457,105006
69654,455680,-1514496,446368,43457,157402
69664,455680,-926720,313200,43457,295967
69674,2847744,-221184,695304,271582,932318
69684,4944896,884736,919880,471582,1186413
69694,6372352,2223104,940064,607714,1166495
69704,6372352,3966976,544968,607714,555813
69714,11909120,6039552,1329824,1135742,1680133
69724,13624320,8044544,1264168,1299316,1647006
69734,15257600,10759168,1019176,1455078,1240539
69744,15690752,13492224,498104,1496386,598710
69754,15690752,16220160,-119944,1496386,44023
69764,13624320,18394112,-1080656,1299316,-886371
69774,12142592,19708928,-1714248,1158007,-1431530
69784,12142592,19773440,-1728864,1158007,-960104
69794,7916544,18963456,-2502816,754980,-1420387
69804,7916544,17006592,-2059464,754980,-342642
69814,7292928,15111168,-1771320,695507,17524
69824,7292928,13442048,-1393160,695507,310280
69834,7292928,12242944,-1121488,695507,292920
69844,7292928,11766784,-1013608,695507,-52487
69854,5617664,11451392,-1321704,535742,-746984
69864,4588544,10986496,-1449536,437597,-975965
69874,4588544,10016768,-1624232,271582,-1169213
69884,2219008,8873984,-1507768,211621,-1041148
69894,2219008,7143424,-1115688,211621,-436066
69904,2219008,5623808,-771400,211621,-105072
69914,670720,4193280,-798080,63964,-415595
69924,670720,2573312,-431056,63964,38941
69934,428032,1500160,-242904,40820,3061
69944,428032,420864,1624,40820,161527
69954,379904,-410624,183048,36230,261521
69964,372736,-918528,292552,35546,230708
69974,372736,-1359872,392544,35546,306487
69984,365568,-1442816,409712,34863,234708
69994,365568,-1515520,426184,34863,251417
70004,301056,-1386496,382336,28710,176170
70014,301056,-1335296,370736,28710,225615
70024,237568,-1200128,325728,22656,201685
70034,237568,-1174528,319928,22656,287845
70044,237568,-1044480,290464,22656,280503
70054,215040,-921600,257520,20507,232783
70064,187392,-847872,234552,17871,219207
70074,184320,-703488,201144,17578,150779
70084,147456,-633856,177016,14062,148477
70094,141312,-560128,158920,13476,139135
70104,132096,-647168,176552,12597,268542
70114,125952,-510976,144304,12011,172906
70124,119808,-548864,151496,11425,227262
70134,104448,-493568,135488,9960,182555
70144,95232,-545792,138736,9082,208848
70154,98304,-465920,127832,9375,179983
70164,98304,-443392,122728,9375,181191
70174,101376,-301056,91176,9667,85550
70184,101376,-362496,105096,9667,185067
70194,101376,-325632,96744,9667,179289
70204,101376,-342016,100456,9667,228993
70214,98304,-256000,80272,9375,175004
70224,95232,-181248,62640,9082,169401
70234,95232,-210944,69368,9082,195243
70244,73728,-121856,44312,7031,122419
70254,70656,-94208,37352,6738,118851
70264,24576,-116736,32016,2343,149382
70274,18432,-79872,22272,1757,124422
70284,12288,32768,-4640,1171,30289
70294,12288,-82944,21576,1171,140779
70304,12288,-118784,29696,1171,151870
70314,0,-90112,20416,0,93306
70324,0,-157696,35728,0,136573
70334,0,-211968,48024,0,170308
70344,0,-163840,37120,0,112441
70354,36864,-156672,43848,3515,121385
70364,36864,-270336,69600,3515,229477
70374,36864,-258048,66816,3515,215292
70384,156672,-147456,68904,14941,136571
70394,156672,-108544,60088,14941,153143
70404,156672,-132096,65424,14941,218253
70414,73728,-51200,28304,7031,157443
70424,73728,68608,1160,7031,88724
70434,67584,86016,-4176,6445,101605
70444,150528,68608,18560,14355,155103
70454,184320,91136,21112,17578,147633
70464,184320,111616,16472,17578,132227
70474,199680,160768,8816,19042,112129
70484,193536,145408,10904,18457,149046
70494,193536,207872,-3248,18457,113892
70504,159744,209920,-11368,15234,118325
70514,159744,256000,-21808,15234,84822
70524,107520,234496,-28768,10253,87473
70534,107520,167936,-13688,10253,136784
70544,21504,36864,-3480,2050,199698
70554,12288,6144,1392,1171,188529
70564,6144,-3072,2088,585,155180
70574,3072,9216,-1392,292,108451
70585,-4096,-22528,4176,-391,105989
70595,-4096,-72704,15544,-391,129628
70605,-4096,-109568,23896,-391,149700
70615,-4096,-94208,20416,-391,129054
70625,-4096,-50176,10440,-391,93727
70635,-4096,-115712,25288,-391,164704
70645,-467968,-146432,-72848,-44629,28474
70655,-643072,-193536,-101848,-61329,-24410
70665,-788480,-357376,-97672,-75196,2475
70675,-788480,-591872,-44544,-75196,91005
70685,-781312,-730112,-11600,-74512,62764
70695,-781312,-1014784,52896,-74512,168911
70705,-702464,-1216512,116464,-66993,222341
70715,-702464,-1310720,139432,-66993,196326
70725,-570368,-1445888,198360,-54395,281353
70735,-346112,-1380352,234320,-33008,259492
70745,-346112,-1389568,236408,-33008,287389
70755,-346112,-1214464,196736,-33008,181661
70765,-31744,-1131520,249168,-3028,303642
70775,-31744,-878592,191864,-3028,185302
70785,-25600,-772096,169128,-2442,224449
70795,-50176,-535552,109968,-4786,116983
70805,-157696,-460800,68672,-15040,131407
70815,-188416,-325632,31088,-17969,80122
70825,-257024,-301056,9976,-24512,96120
70835,-286720,-214016,-16472,-27344,21487
70845,-286720,-244736,-9512,-27344,47353
70855,-370688,-309248,-13920,-35352,60636
70865,-370688,-380928,2320,-35352,150612
70875,-370688,-539648,38280,-35352,214646
70885,-505856,-509952,928,-48243,95878
70895,-505856,-604160,22272,-48243,138073
70905,-734208,-583680,-34104,-70020,-6363
70915,-871424,-757760,-25752,-83106,59206
70925,-1514496,-945152,-128992,-144434,-65588
70935,-1514496,-1096704,-94656,-144434,-45628
70945,-7837696,-1503232,-1435152,-747461,-1970576
70955,-10803200,-3066880,-1752760,-1030274,-2039187
70965,-10803200,-5719040,-1151880,-1030274,-887545
70975,-11456512,-8871936,-585568,-1092579,-45014
70985,-11456512,-11874304,94656,-1092579,569413
70995,-11456512,-14017536,580232,-1092579,804168
71005,-6644736,-15042560,1902632,-633692,1980731
71015,-6644736,-14612480,1793128,-633692,1109303
71025,-6644736,-13146112,1472968,-633692,280270
71035,-2612224,-11307008,1969912,-249122,898881
71045,-1162240,-9232384,1828392,-110840,750466
71055,-708608,-7314432,1496632,-67579,498040
71065,-708608,-5317632,1044232,-67579,88377
71075,-80896,-3730432,826848,-7715,81158
71085,-25600,-2539520,569560,-2442,116877
71095,-25600,-1582080,352640,-2442,92405
71105,-25600,-901120,198360,-2442,67761
71115,318464,-398336,162400,30371,172625
71125,401408,-48128,101848,38281,208215
71135,443392,368640,16936,42285,93659
71145,1350656,560128,179104,128808,440567
71155,1771520,882688,201376,168945,505778
71165,1771520,1244160,119480,168945,380591
71175,1771520,1714176,12992,168945,267207
71185,1771520,2316288,-123424,168945,39470
71195,16436224,2749440,3100912,1567480,4702283
71205,16284672,3991552,2785160,1553027,4020401
71215,16284672,6615040,2190776,1553027,2764162
71225,16284672,10321920,1350936,1553027,1426245
71235,16284672,14228480,465856,1553027,338703
71245,16284672,17800192,-343360,1553027,-309886
71255,16284672,20292608,-908048,1553027,-488226
71265,16284672,21536768,-1189928,1553027,-319877
71275,13885440,22091776,-1859248,1324218,-928558
71285,12025856,21969920,-2252952,1146875,-1155835
71295,7599104,21028864,-3042680,724707,-1974805
71305,6782976,19318784,-2840144,646875,-1465752
71315,6782976,16878592,-2287288,646875,-505932
71325,1697792,14200832,-2832720,161914,-1337462
71335,1364992,11488256,-2293552,130175,-761490
71345,659456,8448000,-1764592,62890,-243196
71355,365568,5976064,-1271128,34863,-9747
71365,365568,3757056,-768384,34863,200949
71375,144384,1979392,-415744,13769,303565
71385,95232,1164288,-242208,9082,24434
71395,-13312,334848,-78880,-1270,52551
71405,-44032,-160768,26448,-4200,11118
71415,-176128,-527360,79576,-16797,-27574
71425,-222208,-930816,160544,-21192,53377
71435,-238592,-1292288,243600,-22754,166512
71445,-157696,-1556480,316912,-15040,231956
71455,-120832,-1787904,377696,-11524,321596
71465,-120832,-1921024,407856,-11524,379866
71475,3072,-1852416,420384,292,367276
71485,3072,-1798144,408088,292,407102
71495,3072,-1553408,352640,292,273483
71505,6144,-1372160,312272,585,253623
71515,6144,-1124352,249864,585,149902
71525,175104,-1021952,271208,16699,266651
71535,202752,-782336,223184,19335,159182
71545,327680,-748544,243832,31250,260947
71555,355328,-605184,217616,33886,221650
71565,352256,-568320,208568,33593,271762
71575,259072,-405504,150568,24707,180315
71585,168960,-303104,106952,16113,145308
71595,168960,-246784,94192,16113,166531
71605,-7168,-185344,40368,-684,81005
71615,-142336,-242688,22736,-13575,105711
71625,-142336,-234496,20880,-13575,79441
71635,-580608,-424960,-35264,-55372,75319
71645,-580608,-519168,-13920,-55372,88841
71655,-1698816,-740352,-217152,-162012,-151865
71665,-2473984,-914432,-353336,-235938,-412122
71675,-2473984,-1344512,-255896,-235938,-273920
71685,-2473984,-2009088,-105328,-235938,-12445
71695,-2473984,-2835456,81896,-235938,281836
71705,-3542016,-3358720,-41528,-337793,-61954
71715,-3542016,-4018176,107880,-337793,121202
71725,-1930240,-4676608,622224,-184083,807919
71735,-1437696,-4900864,784624,-137110,872607
71745,-1437696,-4426752,677208,-137110,421857
71755,-1437696,-3790848,533136,-137110,135534
71765,-200704,-3281920,698088,-19141,472740
71775,-200704,-2640896,552856,-19141,320926
71785,-179200,-2045952,422936,-17090,178637
71795,-185344,-1593344,319000,-17676,151931
71805,-244736,-1235968,224576,-23340,120683
71815,-244736,-942080,157992,-23340,92047
71825,-267264,-828416,127136,-25489,138249
71835,-267264,-733184,105560,-25489,146297
71845,-267264,-731136,105096,-25489,195530
71855,-241664,-825344,132240,-23047,335116
71865,-212992,-723968,115768,-20313,259627
71875,-212992,-672768,104168,-20313,225794
71885,-216064,-690176,107416,-20606,274586
71895,-216064,-556032,77024,-20606,184927
71905,-302080,-503808,45704,-28809,149750
71915,-349184,-491520,32248,-33301,164144
71925,-501760,-432128,-15776,-47852,80174
71935,-519168,-547840,6496,-49512,175198
71945,-472064,-683008,47792,-45020,286370
71955,-456704,-688128,52432,-43555,231543
71965,-456704,-801792,78184,-43555,288927
71975,-399360,-755712,80736,-38086,231493
71985,-399360,-758784,74704,-38086,191449
71995,-399360,-811008,93264,-38086,270117
72005,-399360,-729088,74704,-38086,219497
72015,-373760,-673792,67976,-35645,206538
72025,-373760,-691200,71920,-35645,271858
72036,-524288,-596992,16472,-50000,173124
72046,-524288,-596992,16472,-50000,188593
72056,-632832,-586752,-10440,-60352,141037
72066,-684032,-563200,-27376,-65235,71145
72076,-1043456,-806912,-53592,-99512,129677
72086,-1139712,-965632,-39440,-108692,155429
72096,-2342912,-1154048,-269352,-223438,-195335
72106,-2757632,-1358848,-316912,-262989,-315410
72116,-2757632,-1786880,-219936,-262989,-187899
72126,-7071744,-2643968,-1003168,-674415,-1208803
72136,-7678976,-4109312,-808752,-732325,-843855
72146,-7678976,-6323200,-307168,-732325,-9958
72156,-6926336,-8431616,341040,-660547,824726
72166,-6439936,-9920512,788568,-614161,1087591
72176,-6439936,-10401792,897608,-614161,707487
72186,-4165632,-10293248,1388288,-397266,1120764
72196,-4165632,-9625600,1237024,-397266,671391
72206,-1351680,-8806400,1688960,-128907,1259746
72216,-1351680,-7559168,1406384,-128907,786266
72226,-444416,-6119424,1285744,-42383,687183
72236,-444416,-4893696,1008040,-42383,483033
72246,0,-3706880,839840,0,463669
72256,0,-2618368,593224,0,266865
72266,24576,-2031616,465856,2343,348966
72276,39936,-1561600,362848,3808,374298
72286,39936,-1183744,277240,3808,351842
72296,297984,-836608,257056,28417,409776
72306,297984,-386048,154976,28417,272003
72316,439296,19456,95120,41894,228561
72326,451584,299008,34568,43066,223454
72336,584704,541696,9744,55761,263891
72346,584704,723968,-31552,55761,261136
72356,956416,896000,13688,91210,327090
72366,1062912,995328,15312,101367,361007
72376,1232896,1159168,16704,117578,358546
72386,1310720,1439744,-29232,125000,264265
72396,1310720,1666048,-80504,125000,207113
72406,1310720,1821696,-115768,125000,197903
72416,1310720,1978368,-151264,125000,177009
72426,1042432,2137088,-248008,99414,29573
72436,839680,2116608,-289304,80078,5754
72446,594944,2085888,-337792,56738,-87272
72456,594944,1981440,-314128,56738,-115874
72466,594944,1511424,-207640,56738,136463
72476,504832,1211392,-160080,48144,127369
72486,504832,968704,-105096,48144,98729
72496,376832,697344,-72616,35937,96904
72506,324608,332800,-1856,30957,217652
72516,259072,190464,15544,24707,174298
72526,259072,77824,41064,24707,148383
72536,259072,-101376,81664,24707,229273
72546,259072,-109568,83520,24707,172188
72556,259072,-167936,96744,24707,181453
72566,259072,-115712,86536,24707,121860
72576,15360,-120832,30856,1464,31520
72586,0,-273408,61944,0,163700
72596,0,-240640,54520,0,109553
72606,-7168,-293888,64960,-684,115847
72616,-13312,-334848,72848,-1270,115738
72626,-136192,-509952,84680,-12989,183997
72636,-166912,-627712,104400,-15918,232340
72646,-166912,-530432,82360,-15918,100244
72656,-279552,-580608,68208,-26661,82828
72666,-279552,-555008,62408,-26661,40908
72676,-279552,-705536,96512,-26661,159872
72686,-273408,-698368,96280,-26075,144555
72696,-273408,-698368,96280,-26075,134195
72706,-273408,-692224,94888,-26075,131310
72716,-273408,-610304,76328,-26075,58686
72726,-267264,-678912,93264,-25489,136117
72736,-260096,-638976,85840,-24805,111996
72746,-241664,-714752,107184,-23047,201034
72756,-229376,-618496,88160,-21875,121528
72766,-126976,-628736,113680,-12110,169162
72776,-93184,-503808,93032,-8887,73226
72786,-71680,-617472,123656,-6836,213337
72796,-4096,-536576,120640,-391,204701
72806,-4096,-432128,96976,-391,156723
72816,0,-343040,77720,0,147488
72826,0,-152576,34568,0,45118
72836,0,-118784,26912,0,85461
72846,0,-71680,16240,0,95591
72856,3072,-130048,30160,292,183112
72866,113664,-5120,26912,10839,125423
72876,150528,49152,22968,14355,109918
72886,150528,173056,-5104,14355,66547
72896,321536,115712,46632,30664,157286
72906,334848,143360,43384,31933,171961
72916,466944,220160,55912,44531,173652
72926,726016,353280,84448,69238,193063
72936,1032192,538624,116696,98437,215009
72946,3210240,612352,588584,306152,928370
72956,3210240,1156096,465392,306152,676305
72966,5984256,2100224,879976,570703,1145810
72976,7836672,3347456,1017088,747363,1304005
72986,7998464,4919296,697624,762792,818735
72996,7998464,6745088,283968,762792,304519
73006,8162304,8460288,-67512,778417,-5104
73016,7756800,9689088,-437784,739746,-265371
73026,7756800,10462208,-612944,739746,-247103
73036,4490240,10659840,-1397800,428222,-1134935
73046,4490240,10117120,-1274840,428222,-666967
73056,4490240,8811520,-979040,428222,18876
73066,1422336,7735296,-1430280,135644,-766333
73076,1232896,6158336,-1115920,117578,-308824
73087,1232896,4883456,-827080,117578,-136406
73097,455680,3506176,-691128,43457,-66291
73107,455680,2412544,-443352,43457,46654
73117,455680,1417216,-217848,43457,183334
73127,215040,871424,-148712,20507,43981
73137,215040,309248,-21344,20507,127323
73147,215040,46080,38280,20507,68044
73157,215040,-214016,97208,20507,82912
73167,215040,-429056,145928,20507,128696
73177,-4096,-592896,133400,-391,74274
73187,0,-772096,174928,0,153283
73197,0,-794624,180032,0,116605
73207,0,-778240,176320,0,76013
73217,0,-819200,185600,0,122302
73227,0,-724992,164256,0,71766
73237,0,-795648,180264,0,199566
73247,0,-737280,167040,0,185201
73257,0,-630784,142912,0,134178
73267,-4096,-625664,140824,-391,174660
73277,-4096,-474112,106488,-391,74217
73287,-4096,-465920,104632,-391,118038
73297,-65536,-404480,76792,-6250,80272
73307,-182272,-272384,20416,-17383,-41812
73317,-182272,-304128,27608,-17383,-2217
73327,-353280,-243712,-24824,-33692,-89455
73337,-1024000,-377856,-146392,-97657,-204213
73347,-1024000,-543744,-108808,-97657,-131088
73357,-1024000,-768000,-58000,-97657,-51548
73367,-13496320,-1130496,-2801632,-1287110