R
Px,Ix,Dx,Py,Iy,Dy,Pz,Iz,FFrx,FFry,FFdrx,FFdry,satI,satPID,KFQAng,KFQbias,KFRmeas,CPx,CIx,CPy,CIy,CsatI,CsatPID,CFFdrx,CFFdry,CFalpha,iRelaxX,IRelaxY,DmaxR,DmaxE,DMx,DMy
58,80,47,58,80,47,250,0,0,0,0,0,500000,15000000,10,1,1000,0,0,0,0,0,0,0,0,0.995,1024,1024,0,0,0,0
sysTickMs,PIDRefXi,PIDSensXi,PIDPoutXi,PIDFFoutXi,PIDUXi
24912,0,0,0,0,0
24922,0,0,0,0,0
24932,0,0,0,0,0
24942,0,0,0,0,0
24952,0,0,0,0,0
24962,0,0,0,0,0
24972,0,0,0,0,0
24982,0,0,0,0,0
24992,0,0,0,0,0
25002,0,0,0,0,0
25012,0,0,0,0,0
25022,0,0,0,0,0
25032,0,0,0,0,0
25042,0,0,0,0,0
25052,0,0,0,0,0
25062,0,0,0,0,0
25072,0,0,0,0,0
25082,0,0,0,0,0
25092,0,0,0,0,0
25102,0,0,0,0,0
25112,0,0,0,0,0
25122,0,0,0,0,0
25132,0,0,0,0,0
25142,0,0,0,0,0
25152,0,0,0,0,0
25162,0,0,0,0,0
25172,0,0,0,0,0
25182,0,0,0,0,0
25192,0,0,0,0,0
25202,0,0,0,0,0
25212,0,0,0,0,0
25222,0,0,0,0,0
25232,0,0,0,0,0
25242,0,0,0,0,0
25252,0,0,0,0,0
25262,0,0,0,0,0
25272,0,0,0,0,0
25282,0,0,0,0,0
25292,0,0,0,0,0
25302,0,0,0,0,0
25312,0,0,0,0,0
25322,0,0,0,0,0
25332,0,0,0,0,0
25342,0,0,0,0,0
25352,0,0,0,0,0
25362,0,0,0,0,0
25372,0,0,0,0,0
25382,0,0,0,0,0
25392,0,0,0,0,0
25402,0,0,0,0,0
25412,0,0,0,0,0
25422,0,0,0,0,0
25432,0,0,0,0,0
25442,0,0,0,0,0
25452,0,0,0,0,0
25462,0,0,0,0,0
25472,0,0,0,0,0
25482,0,0,0,0,0
25492,0,0,0,0,0
25502,0,0,0,0,0
25512,0,0,0,0,0
25522,0,0,0,0,0
25532,0,0,0,0,0
25542,0,0,0,0,0
25552,0,0,0,0,0
25562,0,0,0,0,0
25572,0,0,0,0,0
25582,0,0,0,0,0
25592,0,0,0,0,0
25602,0,0,0,0,0
25612,0,0,0,0,0
25622,-4096,7168,-2552,0,-4175
25632,-4096,6144,-2320,0,-1732
25642,-4096,7168,-2552,0,-3041
25652,-4096,9216,-3016,0,-5752
25662,-4096,5120,-2088,0,-1532
25672,-4096,6144,-2320,0,-1922
25682,-4096,5120,-2088,0,-1341
25692,-4096,4096,-1856,0,-796
25702,-4096,7168,-2552,0,-4392
25712,-4096,8192,-2784,0,-3410
25722,-4096,10240,-3248,0,-6014
25733,-4096,9216,-3016,0,-4375
25743,-4096,5120,-2088,0,-2036
25753,-4096,14336,-4176,0,-7300
25763,-4096,4096,-1856,0,-2537
25773,-4096,6144,-2320,0,-998
25783,-4096,7168,-2552,0,-6443
25793,-4096,4096,-1856,0,-1052
25803,-4096,5120,-2088,0,-1973
25813,-4096,18432,-5104,0,-12252
25823,-4096,13312,-3944,0,-4932
25833,-4096,-1024,-696,0,5264
25843,-4096,8192,-2784,0,-4280
25853,-4096,15360,-4408,0,-15947
25863,-4096,7168,-2552,0,-9098
25873,-4096,-4096,0,0,860
25883,-4096,-18432,3248,0,10451
25893,-4096,-7168,696,0,771
25903,-4096,36864,-9280,0,-38465
25913,-4096,27648,-7192,0,-26169
25923,-4096,5120,-2088,0,5052
25933,-4096,6144,-2320,0,325
25943,-4096,10240,-3248,0,-9616
25953,-4096,0,-928,0,-3053
25963,-4096,-2048,-464,0,-1231
25973,-4096,2048,-1392,0,-2542
25983,-4096,6144,-2320,0,-4476
25993,-4096,11264,-3480,0,-2727
26003,-4096,-3072,-232,0,678
26013,-4096,-12288,1856,0,6183
26023,-4096,-16384,2784,0,9161
26033,-4096,-14336,2320,0,3970
26043,-4096,-5120,232,0,-11907
26053,-4096,-6144,464,0,-5492
26063,-4096,-9216,1160,0,-1925
26073,-4096,-26624,5104,0,15593
26083,-4096,-3072,-232,0,-6543
26093,-4096,3072,-1624,0,-9920
26103,-4096,-24576,4640,0,14749
26113,-4096,-13312,2088,0,-916
26123,-4096,17408,-4872,0,-29996
26133,-4096,-64512,13688,0,42002
26143,-4096,-32768,6496,0,2019
26153,-4096,-41984,8584,0,12605
26163,-4096,-49152,10208,0,16504
26173,-4096,-56320,11832,0,21976
26183,-4096,-45056,9280,0,6842
26193,-4096,-55296,11600,0,12300
26203,-4096,-84992,18328,0,37984
26213,-4096,-52224,10904,0,-8107
26223,-4096,-130048,28536,0,62184
26233,-4096,-53248,11136,0,-2063
26243,-4096,-37888,7656,0,-11005
26253,-4096,-50176,10440,0,-16053
26263,-4096,-75776,16240,0,38045
26273,-4096,-88064,19024,0,47852
26283,-4096,-74752,16008,0,22538
26293,-4096,-133120,29232,0,54583
26303,-4096,-146432,35496,0,53876
26313,-4096,-161792,35728,0,31848
26323,-4096,-204800,45472,0,63006
26333,-4096,-240640,53592,0,87194
26343,-4096,-249856,55680,0,94066
26353,-4096,-228352,50808,0,72738
26363,-4096,-177152,39208,0,42705
26373,-4096,-138240,30392,0,42149
26383,-4096,-130048,28536,0,50752
26393,-4096,-164864,36424,0,83131
26403,-4096,-179200,39672,0,86963
26413,-4096,-187392,41528,0,77643
26423,-4096,-222208,49416,0,94971
26433,-4096,-204800,45472,0,70334
26443,-4096,-208896,46400,0,72791
26453,-4096,-218112,48488,0,74053
26463,-4096,-261120,58232,0,79712
26473,-4096,-230400,51272,0,54602
26483,-4096,-238592,53128,0,61289
26493,-4096,-250880,55912,0,75668
26503,-4096,-247808,55216,0,74249
26513,-4096,-252928,56376,0,93235
26523,-4096,-221184,49184,0,87051
26533,0,-165888,37584,0,63341
26543,0,-165888,37584,0,93071
26553,0,-178176,40368,0,122434
26563,0,-160768,36424,0,111524
26573,0,-115712,26216,0,92043
26583,0,-43008,9744,0,42754
26593,0,-73728,16704,0,89345
26603,0,-45056,10208,0,73289
26613,0,-47104,10672,0,83006
26623,0,-8192,1856,0,56477
26633,0,15360,-3480,0,33873
26643,0,-58368,13224,0,90339
26653,0,-76800,17400,0,90184
26663,0,-98304,22272,0,103555
26673,3072,-99328,23200,0,106481
26683,6144,-63488,15776,0,79634
26693,6144,-9216,3480,0,38846
26703,6144,1024,1160,0,40735
26713,6144,-49152,12528,0,87051
26723,46080,-109568,35264,0,143845
26733,46080,-136192,41296,0,145876
26743,110592,-132096,54984,0,132371
26753,110592,-112640,50576,0,101136
26763,122880,-68608,43384,0,76147
26773,132096,-24576,35496,0,75160
26783,147456,58368,20184,0,56968
26793,153600,116736,8352,0,53120
26803,159744,162816,-696,0,42622
26813,159744,232448,-16472,0,236
26823,159744,180224,-4640,0,52427
26833,187392,120832,15080,0,94437
26843,187392,104448,18792,0,84806
26854,196608,153600,9744,0,38627
26864,199680,248832,-11136,0,-21257
26874,199680,328704,-29232,0,-40623
26884,199680,370688,-38744,0,-30885
26894,205824,368640,-36888,0,3696
26904,205824,290816,-19256,0,80998
26914,205824,188416,3944,0,137505
26924,263168,98304,37352,0,164390
26934,301056,49152,57072,0,165793
26944,308224,75776,52664,0,114860
26954,308224,113664,44080,0,79992
26964,342016,209920,29928,0,25127
26974,348160,239616,24592,0,30520
26984,358400,241664,26448,0,51792
26994,358400,218112,31784,0,91366
27004,358400,226304,29928,0,102084
27014,362496,246784,26216,0,108769
27024,362496,310272,11832,0,74124
27034,362496,358400,928,0,50367
27044,362496,370688,-1856,0,52631
27054,362496,332800,6728,0,84840
27064,362496,293888,15544,0,108856
27074,358400,287744,16008,0,97032
27084,358400,278528,18096,0,84546
27094,358400,265216,21112,0,77472
27104,358400,268288,20416,0,65471
27114,358400,242688,26216,0,85725
27124,358400,297984,13688,0,35324
27134,358400,286720,16240,0,47505
27144,358400,275456,18792,0,55034
27154,358400,223232,30624,0,107753
27164,358400,224256,30392,0,123558
27174,358400,275456,18792,0,99417
27184,358400,336896,4872,0,60271
27194,358400,395264,-8352,0,14362
27204,362496,399360,-8352,0,11272
27214,362496,334848,6264,0,64096
27224,362496,275456,19720,0,110546
27234,362496,273408,20184,0,99311
27244,362496,265216,22040,0,101969
27254,369664,306176,14384,0,67614
27264,369664,294912,16936,0,87730
27274,387072,234496,34568,0,154549
27284,387072,242688,32712,0,140289
27294,387072,306176,18328,0,78262
27304,405504,271360,30392,0,124465
27314,405504,280576,28304,0,112099
27324,405504,318464,19720,0,88663
27334,416768,304128,25520,0,101329
27344,416768,374784,9512,0,39335
27354,416768,313344,23432,0,97272
27364,416768,365568,11600,0,56875
27374,416768,284672,29928,0,145832
27384,412672,319488,21112,0,112456
27394,409600,352256,12992,0,97729
27404,409600,347136,14152,0,68114
27414,409600,387072,5104,0,62728
27424,352256,377856,-5800,0,58190
27434,352256,421888,-15776,0,20753
27444,321536,308224,3016,0,115898
27454,305152,328704,-5336,0,79817
27464,308224,276480,7192,0,119810
27474,308224,271360,8352,0,92677
27484,305152,269312,8120,0,75357
27494,308224,268288,9048,0,71020
27504,308224,313344,-1160,0,28965
27514,308224,237568,16008,0,101811
27524,308224,292864,3480,0,54724
27534,342016,247808,21344,0,115016
27544,365568,243712,27608,0,121017
27554,372736,299008,16704,0,77269
27564,384000,269312,25984,0,122017
27574,394240,352256,9512,0,55696
27584,394240,342016,11832,0,80881
27594,398336,399360,-232,0,45422
27604,419840,457728,-8584,0,32634
27614,432128,406528,5800,0,75840
27624,439296,450560,-2552,0,49775
27634,466944,458752,1856,0,56668
27644,466944,354304,25520,0,150958
27654,466944,421888,10208,0,80180
27664,466944,427008,9048,0,89147
27674,564224,370688,43848,0,171148
27684,564224,457728,24128,0,97081
27694,549888,507904,9512,0,75294
27704,549888,471040,17864,0,132596
27714,549888,560128,-2320,0,67179
27724,545792,618496,-16472,0,39334
27734,545792,581632,-8120,0,93113
27744,545792,591872,-10440,0,84758
27754,479232,650240,-42688,0,1944
27764,462848,640000,-40136,0,28362
27774,462848,553984,-20648,0,98701
27784,412672,559104,-33176,0,60608
27794,398336,571392,-39208,0,16759
27804,372736,515072,-32248,0,35573
27814,362496,390144,-6264,0,115483
27824,352256,365568,-3016,0,92903
27834,352256,384000,-7192,0,48019
27844,352256,420864,-15544,0,-180
27854,352256,392192,-9048,0,19333
27864,352256,293888,13224,0,97255
27874,352256,306176,10440,0,69692
27884,352256,337920,3248,0,32598
27894,352256,386048,-7656,0,-15950
27904,352256,379904,-6264,0,26675
27914,269312,307200,-8584,0,33864
27924,269312,312320,-9744,0,28756
27934,259072,337920,-17864,0,-1016
27944,259072,361472,-23200,0,-34264
27954,259072,294912,-8120,0,8125
27964,259072,210944,10904,0,56963
27974,259072,158720,22736,0,77306
27984,259072,181248,17632,0,31418
27994,259072,193536,14848,0,6549
28004,259072,143360,26216,0,49726
28014,259072,106496,34568,0,85688
28024,259072,143360,26216,0,45836
28034,252928,135168,26680,0,50328
28044,252928,137216,26216,0,45310
28054,256000,41984,48488,0,130073
28064,256000,29696,51272,0,134178
28074,205824,86016,27144,0,66986
28084,199680,136192,14384,0,29535
28094,181248,78848,23200,0,93079
28105,162816,50176,25520,0,111582
28115,162816,80896,16472,0,66467
28125,104448,131072,-6032,0,9260
28135,67584,109568,-9512,0,15144
28145,49152,70656,-4872,0,38104
28155,49152,56320,-1624,0,43917
28165,49152,33792,3480,0,55843
28175,-4096,48128,-11832,0,23513
28185,-4096,56320,-13688,0,10494
28195,-4096,-37888,7656,0,96355
28205,-4096,-90112,19488,0,133345
28215,-4096,-86016,18560,0,113076
28225,-4096,-47104,9744,0,57672
28235,-4096,-8192,928,0,15340
28245,-4096,-32768,6496,0,22085
28255,-4096,-92160,19952,0,70764
28265,-4096,-97280,21112,0,70657
28275,-4096,-73728,15776,0,44597
28285,-7168,-79872,16472,0,46309
28295,-7168,-117760,25056,0,78094
28305,-13312,-210944,44776,0,157770
28315,-65536,-175104,24824,0,110193
28325,-65536,-112640,10672,0,49362
28335,-65536,-66560,232,0,12171
28345,-102400,-136192,7656,0,70354
28355,-102400,-197632,21576,0,112943
28365,-182272,-177152,-1160,0,57890
28375,-260096,-183296,-17400,0,27186
28385,-292864,-192512,-22736,0,5453
28395,-292864,-274432,-4176,0,58185
28405,-380928,-403456,5104,0,127199
28415,-380928,-430080,11136,0,110843
28425,-459776,-468992,2088,0,93043
28435,-541696,-457728,-19024,0,30670
28445,-541696,-495616,-10440,0,36443
28455,-541696,-572416,6960,0,70916
28465,-611328,-659456,10904,0,110935
28475,-611328,-688128,17400,0,81089
28485,-660480,-705536,10208,0,48634
28495,-660480,-771072,25056,0,78346
28505,-948224,-862208,-19488,0,71180
28515,-1024000,-955392,-17168,0,100088
28525,-1150976,-992256,-35960,0,67454
28535,-1150976,-1042432,-24592,0,57606
28545,-1150976,-1098752,-11832,0,43475
28555,-1408000,-1210368,-44776,0,8210
28565,-1546240,-1392640,-34800,0,67026
28575,-1529856,-1524736,-1160,0,114192
28585,-1629184,-1617920,-2552,0,79823
28595,-1629184,-1731584,17864,0,73203
28605,-1611776,-1803264,43384,0,94462
28615,-1611776,-1979392,83288,0,193205
28625,-1611776,-2031616,95120,0,192731
28635,-1629184,-2011136,86536,0,134782
28645,-1629184,-1958912,74704,0,69701
28655,-1629184,-1958912,74704,0,68417
28665,-1629184,-2012160,86768,0,133327
28675,-1629184,-2048000,94888,0,165042
28685,-1629184,-1999872,83984,0,124681
28695,-1611776,-1920000,69832,0,64230
28705,-1629184,-1905664,62640,0,64650
28715,-1629184,-1973248,77952,0,136823
28725,-1611776,-1943552,75168,0,118276
28735,-1629184,-1907712,63104,0,90813
28745,-1629184,-1887232,58464,0,86763
28755,-1529856,-1914880,87232,0,158101
28765,-1529856,-1909760,86072,0,168485
28775,-1139712,-1817600,153584,0,188898
28785,-740352,-1685504,214136,0,192904
28795,-740352,-1608704,196736,0,189753
28805,-546816,-1544192,225968,0,273404
28815,-467968,-1303552,189312,0,190527
28825,-356352,-1054720,158224,0,115413
28835,-338944,-871424,120640,0,96147
28845,-309248,-756736,101384,0,127494
28855,-309248,-569344,58928,0,76996
28865,-309248,-412672,23432,0,39849
28875,-309248,-343040,7656,0,45853
28885,-282624,-366592,19024,0,116569
28895,-282624,-329728,10672,0,74647
28905,-282624,-302080,4408,0,90356
28915,-282624,-318464,8120,0,117708
28925,-282624,-367616,19256,0,177023
28935,-282624,-281600,-232,0,104269
28945,-282624,-200704,-17864,0,51425
28955,-286720,-248832,-8584,0,111357
28965,-286720,-244736,-9512,0,108179
28975,-286720,-179200,-24360,0,57183
28985,-286720,-228352,-13224,0,111559
28995,-286720,-250880,-8120,0,124412
29005,-286720,-188416,-22272,0,60879
29015,-282624,-202752,-5800,0,124328
29025,-289792,-284672,-1160,0,138482
29035,-289792,-223232,-15080,0,67533
29045,-302080,-214016,-19952,0,57414
29055,-319488,-293888,-5800,0,123152
29065,-328704,-242688,-19488,0,44631
29075,-335872,-187392,-33640,0,16786
29085,-343040,-286720,-12760,0,106701
29095,-343040,-308224,-7888,0,111486
29105,-353280,-267264,-19488,0,46719
29115,-359424,-303104,-12760,0,61891
29125,-366592,-434176,15312,0,149873
29135,-366592,-477184,25056,0,142127
29145,-366592,-466944,22736,0,100027
29155,-420864,-492544,16240,0,97648
29165,-436224,-574464,31320,0,156367
29175,-472064,-528384,12760,0,94251
29185,-472064,-475136,696,0,44098
29195,-489472,-497664,1856,0,54860
29205,-484352,-603136,26912,0,138497
29215,-472064,-542720,16008,0,73593
29225,-472064,-487424,3480,0,20233
29235,-444416,-553984,24824,0,88568
29245,-444416,-570368,28536,0,97967
29255,-343040,-506880,37120,0,64997
29265,-343040,-477184,30392,0,51289
29275,-247808,-496640,55912,0,105063
29285,-247808,-393216,32944,0,40083
29295,-188416,-316416,29000,0,31623
29305,-188416,-320512,29928,0,89010
29315,-166912,-238592,16240,0,58131
29325,-108544,-164864,12760,0,38792
29335,-53248,-175104,27608,0,96693
29345,0,-157696,35728,0,113945
29355,0,-99328,22504,0,64105
29365,0,-18432,4176,0,46046
29376,0,-73728,16704,0,129086
29386,0,-17408,3944,0,87888
29396,0,78848,-17864,0,10115
29406,0,95232,-21576,0,9419
29416,0,65536,-14848,0,43996
29426,0,123904,-28072,0,3370
29436,24576,157696,-30160,0,-11202
29446,24576,172032,-33408,0,-16977
29456,129024,136192,-1624,0,61459
29466,162816,87040,17168,0,94245
29476,266240,156672,24824,0,58780
29486,291840,208896,18792,0,37562
29496,291840,253952,8584,0,36615
29506,291840,245760,10440,0,87646
29516,291840,319488,-6264,0,54490
29526,500736,412672,19952,0,46369
29536,500736,432128,15544,0,62576
29546,625664,417792,47096,0,133244
29556,870400,504832,82824,0,133448
29566,956416,637952,72152,0,73994
29576,956416,775168,41064,0,13639
29586,1149952,855040,75632,0,100154
29596,1149952,990208,36192,0,24930
29606,1245184,1185792,13456,0,-34230
29616,1284096,1325056,-9280,0,-62013
29626,1284096,1387520,-23432,0,-33092
29636,1284096,1433600,-33872,0,-7842
29646,1284096,1519616,-53360,0,-40631
29656,1284096,1579008,-66816,0,-73330
29666,1284096,1601536,-71920,0,-90744
29676,1310720,1566720,-58000,0,-64503
29686,1324032,1468416,-32712,0,13069
29696,1324032,1449984,-28536,0,10942
29706,1422336,1461248,-8816,0,18146
29716,1422336,1502208,-18096,0,-17121
29726,1481728,1540096,-13224,0,-31617
29736,1610752,1560576,11368,0,-10682
29746,1594368,1511424,18792,0,44003
29756,1734656,1512448,50344,0,86156
29766,1828864,1514496,71224,0,119656
29776,1888256,1609728,63104,0,70737
29786,1888256,1718272,38512,0,15623
29796,1908736,1840128,15544,0,-33037
29806,1908736,1864704,9976,0,7165
29816,1929216,1923072,1392,0,6627
29826,1929216,1930240,-232,0,36340
29836,1929216,1984512,-13456,0,3459
29846,1929216,2026496,-22040,0,-18323
29856,1949696,2065408,-26216,0,-47095
29866,1949696,2063360,-25752,0,-46515
29876,1949696,2012160,-14152,0,-985
29886,1949696,1944576,1160,0,56946
29896,1949696,1951744,-464,0,49733
29906,1949696,1987584,-8584,0,15841
29916,1949696,2026496,-17400,0,-20198
29926,1949696,2043904,-21344,0,-41323
29936,1949696,1994752,-10208,0,-3624
29946,1949696,1902592,10672,0,73333
29956,1949696,1876992,16472,0,82647
29966,1929216,1886208,9744,0,52716
29976,1929216,1921024,1856,0,9866
29986,1929216,1949696,-4640,0,-21684
29996,1888256,1931264,-9744,0,-13496
30006,1828864,1894400,-14848,0,4502
30016,1828864,1820672,1856,0,68573
30026,1284096,1833984,-124816,0,-76694
30036,1284096,1816576,-120640,0,-74192
30046,1138688,1777664,-144768,0,-112104
30056,1094656,1645568,-124816,0,-71237
30066,1094656,1502208,-92336,0,-48800
30076,1094656,1307648,-48256,0,9058
30086,1084416,1125376,-9280,0,60896
30096,1084416,1009664,16936,0,63227
30106,1062912,969728,21112,0,31427
30116,1073152,976896,21808,0,-3240
30126,1073152,868352,46400,0,89290
30136,1073152,879616,43848,0,73409
30146,920576,968704,-10904,0,-41991
30156,920576,933888,-3016,0,2212
30166,984064,925696,13224,0,15352
30176,993280,941056,11832,0,-10975
30186,1022976,849920,46168,0,90859
30196,1022976,819200,46168,0,72901
30206,1022976,837632,41992,0,54391
30216,1022976,782336,54520,0,103701
30226,1022976,888832,30392,0,5454
30236,1022976,886784,30856,0,21159
30246,1022976,897024,28536,0,23678
30256,1032192,907264,28304,0,23432
30266,1032192,814080,49416,0,109400
30276,1032192,835584,44544,0,72534
30286,1032192,845824,42224,0,60395
30297,1032192,822272,47560,0,79322
30307,1032192,881664,34104,0,20970
30317,1032192,866304,37584,0,38628
30327,1032192,843776,42688,0,63120
30337,956416,898048,13224,0,5886
30347,956416,831488,28304,0,79299
30357,801792,816128,-3248,0,47963
30367,801792,821248,-4408,0,29381
30377,801792,754688,10672,0,74877
30387,600064,677888,-17632,0,57866
30397,443392,680960,-53824,0,-36717
30407,443392,578560,-30624,0,-209
30417,311296,448512,-31088,0,22815
30427,311296,359424,-10904,0,30484
30437,237568,274432,-8352,0,17627
30447,237568,101376,30856,0,102609
30457,162816,-15360,40368,0,115430
30467,147456,-35840,41528,0,74487
30477,15360,-131072,33176,0,95843
30487,9216,-205824,48720,0,104275
30497,0,-178176,40368,0,71109
30507,0,-224256,50808,0,96268
30517,0,-314368,71224,0,150074
30527,-4096,-287744,64264,0,87734
30537,-4096,-330752,74008,0,106897
30547,-4096,-389120,87232,0,138413
30557,-4096,-346112,77488,0,84553
30567,-4096,-356352,79808,0,92499
30577,-4096,-346112,77488,0,87888
30587,-4096,-318464,71224,0,72880
30597,-4096,-361472,80968,0,128512
30607,-7168,-285696,63104,0,64827
30617,-22528,-306176,64264,0,86324
30627,-28672,-316416,65192,0,100168
30637,-77824,-274432,44544,0,53550
30647,-126976,-317440,43152,0,88190
30657,-197632,-313344,26216,0,66595
30667,-225280,-322560,22040,0,58503
30677,-343040,-408576,14848,0,101009
30687,-343040,-413696,16008,0,76165
30697,-343040,-451584,24592,0,83922
30707,-501760,-542720,9280,0,110748
30717,-561152,-599040,8584,0,120477
30727,-575488,-582656,1624,0,66122
30737,-637952,-691200,12064,0,122870
30747,-637952,-794624,35496,0,172575
30757,-637952,-798720,36424,0,121120
30767,-690176,-830464,31784,0,105255
30777,-690176,-972800,64032,0,202906
30787,-690176,-935936,55680,0,134867
30797,-817152,-913408,21808,0,70865
30807,-817152,-1034240,49184,0,167679
30817,-966656,-1017856,11600,0,91354
30827,-1024000,-972800,-11600,0,23712
30837,-1024000,-1031168,1624,0,59226
30847,-1024000,-1114112,20416,0,112129
30857,-1271808,-1112064,-36192,0,17414
30867,-1393664,-1152000,-54752,0,-10973
30877,-1423360,-1245184,-40368,0,24222
30887,-1611776,-1449984,-36656,0,104560
30897,-1595392,-1565696,-6728,0,134599
30907,-1595392,-1647616,11832,0,119870
30917,-1595392,-1722368,28768,0,103463
30927,-1909760,-1883136,-6032,0,101210
30937,-1909760,-2025472,26216,0,159258
30947,-1993728,-2044928,11600,0,100233
30957,-1993728,-2045952,11832,0,49876
30967,-2036736,-2115584,17864,0,50050
30977,-2036736,-2236416,45240,0,109509
30987,-2080768,-2345984,60088,0,148739
30997,-2080768,-2373632,66352,0,133320
31007,-2103296,-2368512,60088,0,95918
31017,-2058240,-2467840,92800,0,187026
31027,-2058240,-2496512,99296,0,195262
31037,-2080768,-2450432,83752,0,136701
31047,-2080768,-2449408,83520,0,136929
31057,-2080768,-2524160,100456,0,199811
31067,-2080768,-2480128,90480,0,146225
31077,-2080768,-2424832,77952,0,92422
31087,-2080768,-2476032,89552,0,158961
31097,-2080768,-2494464,93728,0,185848
31107,-2080768,-2427904,78648,0,140485
31117,-2080768,-2372608,66120,0,107548
31127,-2103296,-2434048,74936,0,173955
31137,-2080768,-2392064,70528,0,143678
31147,-2080768,-2356224,62408,0,114666
31157,-2058240,-2354176,67048,0,128526
31167,-2058240,-2442240,87000,0,226051
31177,-2058240,-2388992,74936,0,187914
31187,-2080768,-2258944,40368,0,83690
31197,-2080768,-2184192,23432,0,47149
31207,-2080768,-2245632,37352,0,135871
31217,-2080768,-2289664,47328,0,166022
31227,-2080768,-2249728,38280,0,153703
31237,-2080768,-2195456,25984,0,103784
31247,-2080768,-2202624,27608,0,105676
31257,-2080768,-2269184,42688,0,165716
31267,-2080768,-2245632,37352,0,143687
31277,-2080768,-2207744,28768,0,115704
31287,-2080768,-2169856,20184,0,93467
31297,-2080768,-2151424,16008,0,88470
31307,-2080768,-2186240,23896,0,128019
31317,-2080768,-2165760,19256,0,110746
31327,-2080768,-2142208,13920,0,97083
31337,-2080768,-2111488,6960,0,89254
31347,-2080768,-2200576,27144,0,189447
31357,-2080768,-2146304,14848,0,145675
31367,-2080768,-2080768,0,0,92936
31377,-2080768,-2123776,9744,0,137931
31387,-1198080,-2120704,209032,0,327523
31397,-1198080,-2076672,199056,0,298241
31407,-660480,-2014208,301600,0,380464
31417,-556032,-1697792,258680,0,242583
31427,-273408,-1387520,252416,0,199763
31437,-166912,-1049600,199984,0,131278
31447,-13312,-705536,156832,0,77910
31457,-7168,-563200,125976,0,146470
31467,-7168,-313344,69368,0,70449
31477,0,-279552,63336,0,172667
31487,0,-93184,21112,0,127627
31497,0,-75776,17168,0,164071
31507,0,77824,-17632,0,90456
31517,0,143360,-32480,0,88950
31527,6144,250880,-55448,0,44571
31537,12288,330752,-72152,0,-3404
31547,12288,337920,-73776,0,42058
31557,132096,345088,-48256,0,67334
31567,199680,345088,-32944,0,91138
31578,199680,316416,-26448,0,111729
31588,199680,387072,-42456,0,57797
31598,199680,440320,-54520,0,20665
31608,199680,490496,-65888,0,11350
31618,527360,441344,19488,0,119347
31628,870400,509952,81664,0,157994
31638,1012736,493568,117624,0,228119
31648,1324032,671744,147784,0,180330
31658,1436672,851968,132472,0,131432
31668,1828864,1093632,166576,0,125104
31678,1971200,1304576,151032,0,123571
31688,1971200,1543168,96976,0,82139
31698,2638848,1753088,200680,0,214819
31708,2638848,1964032,152888,0,205617
31718,2817024,2289664,119480,0,111200
31728,2911232,2542592,83520,0,89592
31738,2879488,2842624,-232,0,-44556
31748,2879488,3016704,-31088,0,-13486
31758,2879488,3207168,-74240,0,-58597
31768,2879488,3236864,-80968,0,8207
31778,2787328,3324928,-121800,0,-53065
31788,2787328,3348480,-127136,0,-50041
31798,2787328,3264512,-108112,0,-14476
31808,2787328,3227648,-99760,0,-21677
31818,2787328,3090432,-68672,0,52395
31828,2787328,3097600,-70296,0,-15622
31838,2787328,3077120,-65656,0,-22916
31848,2787328,2940928,-34800,0,47657
31858,2787328,2938880,-34336,0,6787
31868,2697216,2877440,-40832,0,26031
31878,2697216,2861056,-37120,0,-15559
31888,2697216,2845696,-33640,0,-30098
31898,2697216,2713600,-3712,0,62001
31908,2697216,2734080,-8352,0,8651
31918,2638848,2709504,-16008,0,527
31928,2638848,2668544,-6728,0,11599
31938,2446336,2653184,-46864,0,-46450
31948,2393088,2515968,-27840,0,41029
31958,2079744,2544640,-105328,0,-94360
31968,2079744,2490368,-93032,0,-75935
31978,2148352,2363392,-48720,0,-561
31988,2148352,2259968,-25288,0,17986
31998,2148352,2085888,14152,0,98020
32008,2148352,2074624,16704,0,33272
32018,2148352,2053120,21576,0,16711
32028,2148352,1943552,46400,0,96962
32038,1971200,2019328,-10904,0,-30525
32048,1971200,2002944,-7192,0,7158
32058,1908736,2018304,-24824,0,-26841
32068,1790976,1970176,-40600,0,-24306
32078,1716224,1858560,-32248,0,25060
32088,1716224,1873920,-35728,0,-35315
32098,1645568,1747968,-23200,0,22998
32108,1645568,1643520,464,0,57245
32118,1716224,1626112,20416,0,35673
32128,2079744,1522688,126208,0,175404
32138,2554880,1554432,226664,0,233422
32148,2554880,1597440,216920,0,223331
32158,2847744,1848320,226432,0,137399
32168,2847744,2092032,171216,0,52137
32178,2974720,2357248,139896,0,15835
32188,2879488,2497536,86536,0,41842
32198,2879488,2666496,48256,0,7807
32208,2668544,2789376,-27376,0,-52304
32218,2242560,2812928,-129224,0,-132130
32228,1716224,2735104,-230840,0,-208362
32238,1392640,2496512,-250096,0,-144060
32248,920576,2308096,-314360,0,-222094
32258,773120,1922048,-260304,0,-101571
32268,773120,1526784,-170752,0,10148
32278,384000,1220608,-189544,0,-54164
32288,384000,888832,-114376,0,22121
32298,181248,602112,-95352,0,25783
32308,64512,449536,-87232,0,-33574
32318,64512,186368,-27608,0,57667
32328,64512,8192,12760,0,77039
32338,39936,-73728,25752,0,40791
32348,79872,-223232,68672,0,105667
32358,76800,-262144,76792,0,81817
32368,76800,-321536,90248,0,110980
32378,76800,-363520,99760,0,134229
32388,76800,-302080,79576,0,49640
32398,73728,-312320,87464,0,90369
32408,70656,-283648,80272,0,74222
32418,70656,-245760,71688,0,53582
32428,70656,-311296,86536,0,130716
32438,70656,-271360,77488,0,100702
32448,110592,-212992,73312,0,68028
32458,119808,-261120,86304,0,130541
32468,129024,-259072,87928,0,148673
32478,125952,-169984,67048,0,85903
32488,122880,-68608,43384,0,27166
32498,119808,-67584,42456,0,60387
32508,98304,-95232,43848,0,107902
32518,98304,-80896,40600,0,106243
32528,55296,-60416,26216,0,72890
32538,55296,-29696,19256,0,30048
32548,6144,-33792,9048,0,7582
32558,6144,-63488,15776,0,26515
32568,-7168,-88064,18328,0,37066
32578,-7168,-153600,33176,0,97141
32588,-10240,-184320,39440,0,126271
32598,-102400,-200704,22272,0,119984
32608,-102400,-188416,19488,0,100286
32618,-247808,-188416,-13456,0,58152
32628,-270336,-192512,-17632,0,35716
32638,-270336,-219136,-11600,0,24652
32648,-270336,-294912,5568,0,56188
32658,-388096,-345088,-9744,0,35380
32668,-388096,-438272,5800,0,60007
32678,-489472,-483328,-1392,0,61553
32688,-532480,-512000,-4640,0,38260
32698,-616448,-547840,-15544,0,17801
32708,-616448,-577536,-8816,0,14155
32718,-616448,-627712,2552,0,29212
32728,-616448,-676864,13688,0,38316
32738,-616448,-770048,34800,0,91441
32748,-1117184,-831488,-64728,0,28924
32758,-1117184,-891904,-51040,0,33876
32768,-1325056,-952320,-84448,0,-4657
32778,-1423360,-1062912,-81664,0,-3749
32788,-1423360,-1222656,-45472,0,43779
32798,-1869824,-1389568,-108808,0,-12854
32808,-2292736,-1600512,-156832,0,-61669
32818,-2394112,-1831936,-127368,0,-10491
32828,-2394112,-2075648,-72152,0,73620
32839,-2394112,-2315264,-17864,0,135709
32849,-3946496,-2462720,-336168,0,-234844
32859,-4120576,-2689024,-324336,0,-234309
32869,-4491264,-3056640,-325032,0,-192991
32879,-4491264,-3476480,-229912,0,-67248
32889,-4999168,-3947520,-238264,0,-55709
32899,-5106688,-4370432,-166808,0,2467
32909,-5216256,-4814848,-90944,0,70379
32919,-5216256,-5202944,-3016,0,137626
32929,-5160960,-5480448,72384,0,179449
32939,-5160960,-5679104,117392,0,194520
32949,-4491264,-5737472,282344,0,324260
32959,-4120576,-5669888,351016,0,332177
32969,-4076544,-5464064,314360,0,239250
32979,-4076544,-5204992,255664,0,150574
32989,-4210688,-4948992,167272,0,81805
32999,-4210688,-4696064,109968,0,33501
33009,-4210688,-4515840,69136,0,13248
33019,-4210688,-4439040,51736,0,33601
33029,-4210688,-4365312,35032,0,18361
33039,-4210688,-4379648,38280,0,54755
33049,-4076544,-4433920,80968,0,131193
33059,-3862528,-4513792,147552,0,244898
33069,-3738624,-4485120,169128,0,254857
33079,-2727936,-4319232,360528,0,382701
33089,-2727936,-3993600,286752,0,211630
33099,-1849344,-3688448,416672,0,337986
33109,-740352,-3308544,581856,0,481067
33119,-606208,-2746368,484880,0,306726
33129,-606208,-2254848,373520,0,211774
33139,-80896,-1665024,358904,0,187744
33149,3072,-1067008,242440,0,61106
33159,3072,-668672,152192,0,48821
33169,6144,-249856,58000,0,-23790
33179,6144,-35840,9512,0,15649
33189,6144,67584,-13920,0,90147
33199,61440,203776,-32248,0,52592
33209,294912,300032,-1160,0,106614
33219,355328,283648,16240,0,178597
33229,355328,379904,-5568,0,119498
33239,504832,507904,-696,0,88274
33249,504832,579584,-16936,0,89059
33259,625664,755712,-29464,0,21777
33269,631808,765952,-30392,0,78745
33279,719872,886784,-37816,0,45110
33289,759808,839680,-18096,0,136594
33299,816128,998400,-41296,0,33363
33309,816128,1021952,-46632,0,47039
33319,863232,1050624,-42456,0,61176
33329,870400,1022976,-34568,0,96271
33339,870400,1110016,-54288,0,21096
33349,870400,1092608,-50344,0,41388
33359,870400,1067008,-44544,0,63838
33369,870400,1083392,-48256,0,22052
33379,1848320,996352,193024,0,308595
33389,1848320,1076224,174928,0,233576
33399,1848320,1205248,145696,0,179980
33409,2472960,1445888,232696,0,214516
33419,2472960,1690624,177248,0,146153
33429,2726912,1889280,189776,0,202825
33439,2726912,2271232,103240,0,36564
33449,2817024,2508800,69832,0,35948
33459,2817024,2611200,46632,0,102842
33469,2817024,2844672,-6264,0,8756
33479,2817024,2958336,-32016,0,12149
33489,2847744,3024896,-40136,0,27260
33499,2879488,3032064,-34568,0,55353
33509,2879488,3085312,-46632,0,29000
33519,2879488,3088384,-47328,0,39071
33529,2879488,3033088,-34800,0,93529
33539,2847744,3119104,-61480,0,-12239
33549,2847744,2967552,-27144,0,106105
33559,2847744,3006464,-35960,0,39286
33569,2472960,2952192,-108576,0,-23519
33579,2472960,2936832,-105096,0,-45972
33589,1392640,2778112,-313896,0,-211715
33599,1392640,2711552,-298816,0,-255564
33609,816128,2277376,-331064,0,-146542
33619,610304,1945600,-302528,0,-135666
33629,600064,1425408,-186992,0,37368
33639,600064,1012736,-93496,0,101050
33649,509952,765952,-58000,0,52043
33659,509952,476160,7656,0,123947
33669,376832,376832,0,0,52337
33679,376832,327680,11136,0,19829
33689,318464,263168,12528,0,16738
33699,305152,256000,11136,0,-23290
33709,249856,84992,37352,0,82726
33719,246784,72704,39440,0,51683
33729,246784,36864,47560,0,57566
33739,246784,-19456,60320,0,83548
33749,246784,14336,52664,0,26726
33759,252928,-108544,81896,0,130147
33769,249856,-69632,72384,0,80235
33779,249856,-92160,77488,0,111012
33789,249856,-57344,69600,0,79649
33799,231424,28672,45936,0,12897
33809,231424,32768,45008,0,34654
33819,224256,65536,35960,0,30491
33829,224256,89088,30624,0,33182
33839,231424,58368,39208,0,79505
33849,231424,84992,33176,0,56104
33859,240640,138240,23200,0,6346
33869,246784,68608,40368,0,70495
33879,246784,23552,50576,0,107750
33889,278528,93184,41992,0,48626
33899,288768,138240,34104,0,22546
33909,294912,106496,42688,0,70731
33919,294912,105472,42920,0,84229
33929,305152,198656,24128,0,17001
33939,305152,231424,16704,0,15947
33949,318464,263168,12528,0,10696
33959,327680,299008,9512,0,9559
33969,327680,218112,24824,0,86086
33979,342016,260096,18560,0,51672
33989,362496,309248,12064,0,16961
33999,384000,281600,23200,0,55363
34009,391168,329728,13920,0,19363
34019,398336,311296,19720,0,53527
34029,398336,382976,3480,0,-3485
34039,398336,324608,16704,0,64744
34050,419840,350208,15776,0,33150
34060,419840,289792,29464,0,57841
34070,419840,269312,34104,0,95045
34080,419840,318464,22968,0,39103
34090,419840,220160,45240,0,120894
34100,419840,268288,34336,0,74071
34110,439296,284672,35032,0,57488
34120,435200,247808,42456,0,85021
34130,435200,270336,37352,0,70785
34140,435200,282624,34568,0,70719
34150,423936,273408,34104,0,46340
34160,423936,336896,19720,0,57565
34170,391168,375808,3480,0,23284
34180,391168,364544,6032,0,47404
34190,391168,352256,8816,0,65426
34200,365568,350208,3480,0,46122
34210,365568,291840,16704,0,90018
34220,365568,312320,12064,0,61319
34230,369664,302080,15312,0,69502
34240,369664,338944,6960,0,32604
34250,369664,321536,10904,0,51290
34260,369664,301056,15544,0,84734
34270,369664,375808,-1392,0,17290
34280,369664,300032,15776,0,86057
34290,362496,347136,3480,0,42868
34300,355328,277504,17632,0,105546
34310,311296,357376,-10440,0,20489
34320,288768,356352,-15312,0,16900
34330,288768,363520,-16936,0,19341
34340,291840,276480,3480,0,96094
34350,291840,309248,-3944,0,55982
34360,291840,271360,4640,0,83429
34370,342016,209920,29928,0,141917
34380,376832,250880,28536,0,105453
34390,423936,340992,18792,0,42362
34400,600064,362496,53824,0,81303
34410,752640,428032,73544,0,80242
34420,752640,474112,63104,0,71877
34430,1908736,519168,314824,0,335327
34440,1908736,736256,265640,0,222925
34450,1908736,1054720,193488,0,86415
34460,3353600,1350656,453792,0,340159
34470,3861504,1725440,483952,0,378832
34480,3861504,2203648,375608,0,225670
34490,3945472,2801664,259144,0,90093
34500,3945472,3338240,137576,0,-34743
34510,3502080,3670016,-36192,0,-112921
34520,3502080,3866624,-82592,0,-81008
34530,3107840,3952640,-191400,0,-132864
34540,3107840,3915776,-183048,0,-86989
34550,3040256,3794944,-170984,0,-57564
34560,3040256,3634176,-134560,0,-39507
34570,2756608,3422208,-150800,0,-64197
34580,1949696,3210240,-285592,0,-212321
34590,1481728,2967552,-336632,0,-255836
34600,1481728,2680832,-271672,0,-169954
34610,605184,2330624,-390920,0,-269636
34620,605184,1932288,-300672,0,-132135
34630,605184,1457152,-193024,0,-16320
34640,101376,971776,-197200,0,10300
34650,0,607232,-137576,0,42018
34660,-7168,216064,-50576,0,134122
34670,-19456,-31744,2784,0,127474
34680,-19456,-209920,43152,0,123903
34690,-185344,-283648,22272,0,24584
34700,-185344,-428032,54984,0,76622
34710,-484352,-581632,22040,0,86953
34720,-580608,-613376,7424,0,27890
34730,-788480,-672768,-26216,0,-37744
34740,-832512,-778240,-12296,0,-2683
34750,-832512,-1003520,38744,0,123299
34760,-1162240,-1117184,-10208,0,60772
34770,-1162240,-1201152,8816,0,36449
34780,-1529856,-1320960,-47328,0,-17788
34790,-1529856,-1561600,7192,0,88724
34800,-1529856,-1741824,48024,0,133989
34810,-1529856,-1840128,70296,0,119065
34820,-3075072,-1940480,-257056,0,-244664
34830,-3820544,-2238464,-358440,0,-264824
34840,-4210688,-2614272,-361688,0,-200925
34850,-4540416,-3085312,-329672,0,-141297
34860,-4540416,-3603456,-209264,0,-13414
34870,-4491264,-4127744,-82360,0,106600
34880,-4491264,-4566016,16936,0,161198
34890,-4348928,-4849664,113448,0,193050
34900,-4165632,-5068800,204624,0,272288
34910,-3779584,-5118976,303456,0,340401
34920,-3779584,-4969472,269584,0,225353
34930,-3176448,-4817920,371896,0,300253
34940,-3075072,-4631552,352640,0,270430
34950,-3075072,-4333568,285128,0,161138
34960,-2727936,-4128768,317376,0,247470
34970,-2727936,-3868672,258448,0,192252
34980,-2727936,-3556352,187688,0,89489
34990,-2727936,-3412992,158456,0,137245
35000,-2757632,-3247104,110896,0,84151
35010,-2757632,-3129344,84216,0,76779
35020,-2757632,-3147776,88392,0,165450
35030,-2500608,-3104768,136880,0,225294
35040,-2500608,-3039232,122032,0,194414
35050,-1514496,-3014656,339880,0,425188
35060,-1514496,-2891776,312040,0,354222
35070,-1514496,-2647040,256592,0,234850
35080,-595968,-2416640,412496,0,393509
35090,-476160,-2020352,349856,0,286545
35100,-448512,-1649664,272136,0,213201
35110,-429056,-1259520,188152,0,139562
35120,-424960,-910336,109968,0,66361
35130,-424960,-739328,71224,0,121749
35140,-349184,-529408,40832,0,103978
35150,-349184,-390144,9280,0,78048
35160,-349184,-380928,7192,0,143807
35170,-40960,-391168,79344,0,265104
35180,-10240,-270336,58928,0,188827
35190,-10240,-184320,39440,0,151948
35200,-62464,-152576,20416,0,159052
35210,-62464,-58368,-928,0,122296
35220,-241664,13312,-57768,0,56775
35230,-338944,52224,-88624,0,39831
35240,-515072,10240,-119016,0,41733
35250,-515072,-19456,-112288,0,32939
35260,-720896,-70656,-147320,0,-34941
35270,-760832,-229376,-120408,0,19022
35280,-940032,-443392,-112520,0,64520
35290,-1004544,-685056,-72384,0,140100
35300,-1004544,-880640,-28072,0,189250
35310,-1004544,-1040384,8120,0,199031
35320,-1053696,-1162240,22040,0,167471
35330,-1053696,-1234944,41064,0,158576
35340,-1053696,-1252352,45008,0,114144
35350,-637952,-1253376,150800,0,229539
35360,-459776,-1269760,183512,0,241231
35370,-328704,-1187840,194648,0,239562
35380,-328704,-989184,149640,0,137861
35390,-16384,-776192,172144,0,121498
35401,-16384,-656384,145000,0,137132
35411,0,-530432,120176,0,144433
35421,0,-313344,70992,0,63934
35431,0,-209920,47560,0,76001
35441,0,-137216,31088,0,80295
35451,0,-12288,2784,0,19259
35461,3072,28672,-5800,0,31456
35471,6144,-27648,7656,0,124575
35481,64512,24576,9048,0,110910
35491,202752,84992,26680,0,95095
35501,202752,107520,21576,0,90408
35511,314368,74752,54288,0,155674
35521,365568,165888,45240,0,102453
35531,365568,265216,22736,0,43495
35541,496640,238592,58464,0,142911
35551,1105920,311296,180032,0,257381
35561,1105920,423936,154512,0,207629
35571,3316736,553984,625936,0,671571
35581,4347904,955392,768616,0,703281
35591,6998016,1753088,1188304,0,943821
35601,6998016,2786304,954216,0,554341
35611,8415232,3956736,1010128,0,581591
35621,8501248,5243904,737992,0,242871
35631,8501248,6334464,490912,0,77650
35641,8501248,7327744,265872,0,-60466
35651,8501248,8025088,107880,0,-91643
35661,6175744,8505344,-527800,0,-637568
35671,3040256,8452096,-1226120,0,-1195964
35681,2219008,7697408,-1241200,0,-917198
35691,1436672,6325248,-1107568,0,-482370
35701,536576,4687872,-940528,0,-128829
35711,379904,3206144,-640320,0,91971
35721,379904,1977344,-361920,0,249219
35731,156672,1167360,-228984,0,171144
35741,156672,717824,-127136,0,48573
35751,-7168,400384,-92336,0,-27927
35761,-4096,130048,-30392,0,-16851
35771,-7168,-92160,19256,0,11594
35781,-7168,-336896,74704,0,86841
35791,-44032,-498688,103008,0,94264
35801,-44032,-592896,124352,0,83512
35811,-229376,-684032,103008,0,56214
35821,-377856,-796672,94888,0,91195
35831,-456704,-805888,79112,0,60204
35841,-456704,-797696,77256,0,36028
35851,-747520,-869376,27608,0,19933
35861,-809984,-990208,40832,0,94459
35871,-809984,-1052672,54984,0,109848
35881,-1351680,-1112064,-54288,0,-13601
35891,-1810432,-1196032,-139200,0,-105290
35901,-2243584,-1410048,-188848,0,-97712
35911,-2243584,-1677312,-128296,0,17449
35921,-2243584,-2006016,-53824,0,134602
35931,-2243584,-2284544,9280,0,183686
35941,-3317760,-2547712,-174464,0,-14313
35951,-2555904,-2859008,68672,0,234466
35961,-1972224,-3116032,259144,0,424378
35971,-1972224,-3150848,267032,0,317197
35981,-580608,-3104768,571880,0,580654
35991,-580608,-2771968,496480,0,394808
36001,0,-2186240,495320,0,260230
36011,0,-1699840,379784,0,155487
36021,6144,-1167360,265872,0,56074
36031,6144,-721920,164952,0,-3792
36041,9216,-502784,116000,0,61893
36051,52224,-309248,81896,0,81795
36061,52224,-190464,54984,0,82520
36071,132096,-100352,52664,0,79443
36081,162816,-107520,61248,0,133173
36091,184320,-145408,74704,0,203406
36101,199680,-67584,60552,0,165172
36111,199680,41984,55216,0,122722
36121,305152,153600,34336,0,61784
36131,365568,211968,34800,0,65409
36141,405504,200704,46400,0,130952
36151,509952,201728,69832,0,199142
36161,620544,285696,75864,0,171491
36171,620544,408576,48024,0,111818
36181,620544,528384,20880,0,49509
36191,620544,573440,10672,0,59653
36201,1105920,531456,130152,0,262617
36211,1105920,623616,109272,0,224041
36221,1337344,758784,131080,0,210393
36231,1594368,948224,146392,0,172328
36241,1771520,1091584,154048,0,176446
36251,2367488,1256448,251720,0,282108
36261,2817024,1444864,310880,0,361510
36271,3210240,1760256,328512,0,341857
36281,3175424,2196480,221792,0,166656
36291,2668544,2563072,23896,0,-29837
36301,2102272,2860032,-171680,0,-177239
36311,1042432,2992128,-441728,0,-395522
36321,615424,2806784,-496480,0,-354043
36331,288768,2255872,-445672,0,-163013
36341,190464,1618944,-323640,0,27313
36351,-53248,929792,-222720,0,128788
36361,-130048,420864,-124816,0,169185
36371,-130048,31744,-36656,0,157505
36381,-325632,-219136,-24128,0,92199
36391,-325632,-353280,6264,0,55318
36401,-515072,-452608,-14152,0,-7935
36411,-753664,-564224,-42920,0,-43975
36421,-753664,-686080,-15312,0,-9499
36431,-753664,-830464,17400,0,37942
36441,-1024000,-996352,-6264,0,42331
36451,-1024000,-1159168,30624,0,104689
36461,-1024000,-1304576,63568,0,158784
36471,-1139712,-1353728,48488,0,103858
36481,-1106944,-1461248,80272,0,142969
36491,-1106944,-1507328,90712,0,135736
36501,-1117184,-1544192,96744,0,129747
36512,-1117184,-1537024,95120,0,105440
36522,-1162240,-1539072,85376,0,99805
36532,-1162240,-1467392,69136,0,43888
36542,-1233920,-1444864,47792,0,22096
36552,-1233920,-1439744,46632,0,26354
36562,-1233920,-1505280,61480,0,98088
36572,-1529856,-1497088,-7424,0,26348
36582,-1529856,-1549312,4408,0,64643
36592,-2318336,-1602560,-162168,0,-110062
36602,-2318336,-1716224,-136416,0,-66922
36612,-3108864,-1942528,-264248,0,-153511
36622,-3176448,-2268160,-205784,0,-30805
36632,-3142656,-2649088,-111824,0,99936
36642,-3142656,-3003392,-31552,0,175280
36652,-3142656,-3253248,25056,0,183721
36662,-3142656,-3454976,70760,0,185269
36672,-1930240,-3551232,367256,0,454455
36682,-1629184,-3452928,413192,0,412126
36692,-1579008,-3079168,339880,0,201711
36702,-1579008,-2663424,245688,0,46127
36712,-1579008,-2282496,159384,0,-18652
36722,-1562624,-2028544,105560,0,-4635
36732,-1408000,-1827840,95120,0,43874
36742,-1408000,-1675264,60552,0,36541
36752,-484352,-1574912,247080,0,234194
36762,-10240,-1443840,324800,0,297574
36772,9216,-1275904,291160,0,260302
36782,141312,-1016832,262392,0,212109
36792,172032,-671744,191168,0,112962
36802,172032,-307200,108576,0,3892
36812,165888,21504,32712,0,-65283
36822,165888,231424,-14848,0,-71384
36832,190464,290816,-22736,0,14404
36842,190464,329728,-31552,0,50911
36852,211968,352256,-31784,0,70639
36862,211968,374784,-36888,0,57084
36872,311296,391168,-18096,0,64717
36882,355328,449536,-21344,0,19983
36892,369664,484352,-25984,0,-5351
36902,372736,507904,-30624,0,-15494
36912,369664,514048,-32712,0,-10538
36922,369664,496640,-28768,0,19203
36932,369664,492544,-27840,0,34003
36942,636928,497664,31552,0,92797
36952,636928,519168,26680,0,71607
36962,3280896,541696,620600,0,654950
36972,4209664,824320,766992,0,693614
36982,8941568,1455104,1696152,0,1434208
36992,10591232,2709504,1785704,0,1267983
37002,11455488,4696064,1531432,0,659686
37012,11455488,6757376,1064416,0,65735
37022,10908672,8621056,518288,0,-351300
37032,9495552,9828352,-75400,0,-617476
37042,6438912,10249216,-863272,0,-1075498
37052,4789248,9900032,-1157912,0,-1084189
37062,2124800,8504320,-1445360,0,-760664
37072,1208320,7087104,-1331912,0,-438726
37082,1208320,5398528,-949344,0,59495
37092,372736,4049920,-833112,0,89147
37102,372736,2996224,-594384,0,86030
37112,55296,2246656,-496480,0,-23033
37122,-4096,1653760,-375608,0,-59849
37132,-4096,1204224,-273760,0,-50410
37142,-4096,806912,-183744,0,-11127
37152,0,429056,-97208,0,34918
37162,0,98304,-22272,0,54659
37172,0,-188416,42688,0,103242
37182,0,-402432,91176,0,104247
37192,0,-518144,117392,0,68540
37202,0,-606208,137344,0,67583
37212,0,-663552,150336,0,84412
37222,0,-727040,164720,0,138620
37232,0,-727040,164720,0,154095
37242,0,-672768,152424,0,131680
37252,0,-589824,133632,0,92440
37262,-10240,-527360,117160,0,72636
37272,-53248,-526336,107184,0,109897
37282,-292864,-485376,43616,0,60216
37292,-385024,-419840,7888,0,9267
37302,-1106944,-359424,-169360,0,-204843
37312,-1106944,-425984,-154280,0,-164799
37322,-2420736,-628736,-406000,0,-349377
37332,-3465216,-1061888,-544504,0,-362525
37342,-3465216,-1605632,-421312,0,-162609
37352,-4638720,-2283520,-533600,0,-233923
37362,-3618816,-2981888,-144304,0,170859
37372,-3142656,-3576832,98368,0,345425
37382,-2058240,-3879936,412728,0,530802
37392,-2058240,-3846144,405072,0,395401
37402,-1310720,-3531776,503208,0,386093
37412,-1310720,-2981888,378624,0,145113
37422,-940032,-2424832,336400,0,78689
37432,-930816,-1999872,237104,0,30435
37442,-930816,-1619968,156136,0,-2308
37452,-930816,-1316864,87464,0,-28427
37462,-930816,-1178624,56144,0,23283
37472,-930816,-1107968,40136,0,72060
37482,-930816,-1014784,19024,0,39669
37492,-930816,-939008,1856,0,17169
37502,-590848,-908288,71920,0,86403
37512,-590848,-916480,73776,0,104731
37522,-590848,-941056,79344,0,145392
37532,-126976,-861184,166344,0,209107
37542,-77824,-733184,148480,0,151990
37552,-44032,-583680,122264,0,101310
37562,-44032,-480256,98832,0,114145
37572,-90112,-345088,57768,0,88376
37582,-90112,-176128,19488,0,39224
37592,-111616,-70656,-9280,0,21027
37602,-120832,-101376,-4408,0,108045
37612,-120832,-89088,-7192,0,115623
37622,-117760,-71680,-10440,0,96326
37632,-114688,-36864,-17632,0,57196
37642,-114688,-123904,2088,0,129499
37652,-117760,-177152,13456,0,160583
37662,-117760,-159744,9512,0,124771
37672,-117760,-129024,2552,0,69314
37682,-319488,-106496,-48256,0,27693
37692,-781312,-192512,-133400,0,-5457
37702,-781312,-235520,-123656,0,-4856
37712,-2125824,-328704,-407160,0,-326898
37722,-2125824,-606208,-344288,0,-211969
37732,-6373376,-1043456,-1207560,0,-1019334
37742,-6373376,-1882112,-1002704,0,-616678
37752,-7757824,-3233792,-1024976,0,-421345
37762,-7757824,-4535296,-730104,0,-110984
37772,-7071744,-5836800,-279792,0,310498
37782,-7071744,-6732800,-76792,0,358446
37792,-4348928,-7115776,626864,0,837868
37802,-1950720,-6906880,1122880,0,1064216
37812,-1950720,-6261760,976720,0,697896
37822,-1950720,-5012480,693680,0,150514
37832,-309248,-3816448,794600,0,222910
37842,-309248,-2734080,549376,0,3889
37853,0,-1876992,425256,0,20264
37863,-4096,-1177600,265872,0,-54634
37873,-4096,-751616,169360,0,10894
37883,-4096,-410624,92104,0,16333
37893,0,-147456,33408,0,-16898
37903,0,-13312,3016,0,7766
37913,0,35840,-8120,0,54100
37923,6144,91136,-19256,0,65046
37933,6144,146432,-42224,0,10916
37943,218112,227328,-2088,0,63948
37953,218112,225280,-1624,0,103970
37963,1032192,217088,184672,0,327716
37973,1032192,367616,150568,0,231253
37983,2697216,570368,481864,0,509470
37993,2697216,820224,425256,0,445081
38003,6111232,1400832,1067200,0,941000
38013,6998016,2280448,1068824,0,786794
38023,7444480,3696640,849120,0,327736
38033,7444480,4952064,564688,0,52217
38043,7292928,6159360,256824,0,-175625
38053,7292928,6985728,69600,0,-186271
38063,7292928,7397376,-23664,0,-95516
38073,4789248,7444480,-601576,0,-526704
38083,2697216,7120896,-1002240,0,-810486
38093,1161216,6359040,-1177632,0,-811623
38103,1161216,5250048,-926376,0,-420070
38113,1161216,3912704,-623384,0,25455
38123,288768,2814976,-572344,0,-30397
38133,288768,1912832,-367952,0,69283
38143,12288,1179648,-264480,0,32454
38153,-4096,648192,-147784,0,47766
38163,-4096,284672,-65424,0,53839
38173,-4096,17408,-4872,0,51968
38183,0,-183296,41528,0,57583
38193,0,-339968,77024,0,78669
38203,0,-434176,98368,0,72284
38213,0,-510976,115768,0,82886
38223,0,-560128,126904,0,96429
38233,0,-541696,122728,0,69354
38243,0,-507904,115072,0,57794
38253,0,-495616,112288,0,88285
38263,0,-442368,100224,0,121019
38273,0,-413696,93728,0,107156
38283,0,-349184,79112,0,92353
38293,0,-252928,57304,0,47654
38303,0,-173056,39208,0,9370
38313,196608,-112640,70064,0,20611
38323,196608,-84992,63800,0,21044
38333,345088,-75776,95352,0,90421
38343,345088,14336,74936,0,38608
38353,275456,146432,29232,0,-20598
38363,249856,140288,24824,0,35700
38373,249856,194560,12528,0,24893
38383,249856,240640,2088,0,11
38393,249856,191488,13224,0,54180
38403,249856,167936,18560,0,73487
38413,249856,175104,16936,0,57876
38423,0,219136,-49648,0,-40823
38433,0,201728,-45704,0,-41172
38443,0,83968,-19024,0,39532
38453,0,34816,-7888,0,51164
38463,0,7168,-1624,0,28429
38473,0,-36864,8352,0,23269
38483,0,-25600,5800,0,-16414
38493,0,-38912,8816,0,-21406
38503,0,-36864,8352,0,-30510
38513,0,-39936,9048,0,-21500
38523,0,-68608,15544,0,12948
38533,0,-91136,20648,0,32311
38543,0,-130048,29464,0,60609
38553,0,-144384,32712,0,75961
38563,0,-146432,33176,0,50427
38573,0,-119808,27144,0,15324
38583,0,-130048,29464,0,80512
38593,0,-222208,50344,0,108547
38603,0,-161792,36656,0,56075
38613,0,-111616,23664,0,14652
38623,0,-145408,32944,0,65140
38633,3072,-121856,28304,0,38266
38643,3072,-93184,21808,0,3274
38653,3072,-155648,35960,0,57395
38663,6144,-149504,35264,0,44217
38673,6144,-146432,34568,0,59001
38683,49152,-140288,42920,0,70602
38693,49152,-71680,27376,0,15866
38703,451584,-65536,117160,0,121006
38713,631808,1024,142912,0,127048
38723,1173504,-4096,266800,0,308205
38733,1258496,236544,226200,0,172524
38743,1561600,453632,251024,0,202122
38753,2035712,750592,291160,0,205058
38763,2035712,1022976,229448,0,131807
38773,3778560,1263616,569792,0,511139
38783,3778560,1752064,459128,0,306600
38793,5737472,2222080,796456,0,637339
38803,5737472,2951168,631272,0,408380
38813,6111232,3866624,508544,0,197725
38823,6111232,4661248,328512,0,23005
38833,4944896,5304320,-81432,0,-289866
38843,2847744,5684224,-642640,0,-766299
38853,2554880,5396480,-643800,0,-539774
38863,2554880,4718592,-490216,0,-184982
38873,707584,3807232,-702264,0,-262330
38883,707584,2961408,-510632,0,-109763
38893,165888,2168832,-453792,0,-39959
38903,165888,1371136,-273064,0,85459
38913,6144,838656,-188616,0,71809
38923,-4096,490496,-112056,0,42236
38933,-4096,194560,-45008,0,34381
38943,0,-45056,10208,0,47998
38953,0,-244736,55448,0,92361
38963,0,-414720,93960,0,147753
38973,0,-460800,104400,0,124198
38983,0,-457728,103704,0,84351
38993,0,-472064,106952,0,117860
39003,-4096,-566272,127368,0,174977
39013,0,-499712,113216,0,122150
39023,0,-418816,94888,0,72635
39033,-4096,-427008,95816,0,115908
39043,0,-425984,96512,0,138570
39053,0,-356352,80736,0,94391
39063,0,-338944,76792,0,101927
39073,0,-376832,85376,0,146476
39084,0,-319488,72384,0,96225
39094,0,-273408,61944,0,66187
39104,0,-352256,79808,0,150803
39114,0,-299008,67744,0,102499
39124,0,-262144,59392,0,82111
39134,0,-352256,79808,0,175037
39144,0,-291840,66120,0,119074
39154,0,-269312,61016,0,113031
39164,-4096,-327680,73312,0,170326
39174,-4096,-259072,57768,0,101375
39184,-4096,-263168,58696,0,122108
39194,-4096,-253952,56608,0,119209
39204,-4096,-219136,48720,0,90929
39214,-4096,-241664,53824,0,120696
39224,-4096,-200704,44544,0,83201
39234,-4096,-203776,45240,0,92336
39244,-4096,-196608,43616,0,93599
39254,-4096,-153600,33872,0,56505
39264,-4096,-190464,42224,0,93545
39274,-4096,-159744,35264,0,71666
39284,-4096,-153600,33872,0,74623
39294,-4096,-115712,25288,0,52683
39304,-34816,-72704,8584,0,19156
39314,-83968,-136192,11832,0,74136
39324,-270336,-107520,-36888,0,4705
39334,-346112,-134144,-48024,0,-1709
39344,-677888,-227328,-102080,0,-24716
39354,-1063936,-258048,-182584,0,-128685
39364,-2757632,-441344,-524784,0,-445963
39374,-2757632,-803840,-442656,0,-263395
39384,-5678080,-1275904,-997368,0,-754468
39394,-6784000,-2022400,-1078800,0,-726015
39404,-7219200,-3365888,-873016,0,-273759
39414,-7219200,-4601856,-592992,0,18351
39424,-6784000,-5855232,-210424,0,374472
39434,-6784000,-6681600,-22736,0,374921
39444,-5442560,-7013376,355888,0,542714
39454,-3989504,-6942720,669088,0,672848
39464,-3989504,-6536192,576984,0,410289
39474,-3989504,-5969920,448688,0,192339
39484,-2058240,-5295104,733352,0,425068
39494,-2125824,-4782080,601808,0,362179
39504,-2125824,-4221952,474904,0,225476
39514,-2196480,-3747840,351480,0,168342
39524,-2196480,-3232768,234784,0,58362
39534,-2220032,-2930688,161008,0,88399
39544,-2220032,-2632704,93496,0,56224
39554,-2220032,-2421760,45704,0,30088
39564,-2220032,-2428928,47328,0,136289
39574,-1909760,-2312192,91176,0,155837
39584,-1909760,-2259968,79344,0,143515
39594,-1909760,-2267136,80968,0,179198
39604,-948224,-2118656,265176,0,303891
39614,-948224,-1955840,228288,0,257918
39624,-295936,-1633280,302992,0,267537
39634,-145408,-1339392,270512,0,231991
39644,263168,-964608,278168,0,221042
39654,263168,-623616,200912,0,165778
39664,2267136,-299008,581392,0,580966
39674,3246080,174080,696000,0,651340
39684,3246080,782336,558192,0,438519
39694,7521280,1633280,1334000,0,1112452
39704,7521280,2926592,1040984,0,596481
39714,8941568,4438016,1020336,0,469985
39724,9214976,6018048,724304,0,144315
39734,9308160,7357440,441960,0,-17824
39744,8330240,8337408,-1624,0,-284048
39754,8330240,8895488,-128064,0,-188228
39764,5558272,9011200,-782304,0,-630780
39774,5558272,8640512,-698320,0,-422695
39784,1868800,7878656,-1361608,0,-982282
39794,1868800,6553600,-1036112,0,-360345
39804,605184,4921344,-977880,0,-222847
39814,605184,3258368,-601112,0,191236
39824,605184,2100224,-338720,0,229292
39834,-10240,1357824,-309952,0,39518
39844,-25600,779264,-182352,0,56696
39854,-25600,440320,-105560,0,35125
39864,-96256,232448,-74472,0,-48727
39874,-111616,5120,-26448,0,-29413
39884,-111616,-304128,43616,0,58858
39894,-148480,-558080,92800,0,121002
39904,-148480,-676864,119712,0,116800
39914,-148480,-803840,148480,0,156334
39924,-151552,-813056,149872,0,113587
39934,-151552,-797696,146392,0,89939
39944,-173056,-790528,139896,0,101857
39954,-173056,-699392,119248,0,68629
39964,-13312,-633856,140592,0,95709
39974,-13312,-636928,141288,0,147960
39984,168960,-512000,154280,0,127304
39994,168960,-462848,143144,0,156243
40004,246784,-342016,133400,0,98722
40014,278528,-222208,113448,0,82665
40024,288768,-161792,102080,0,89167
40034,288768,-59392,78880,0,41905
40044,288768,-69632,81200,0,99904
40054,288768,15360,61944,0,55215
40064,384000,-31744,94192,0,150131
40074,384000,15360,83520,0,116521
40084,1848320,75776,401592,0,424308
40094,2638848,199680,552624,0,543971
40104,2638848,585728,465160,0,335284
40114,2638848,1074176,354496,0,149078
40124,13754368,1646592,2743168,0,2499063
40134,15838208,3013632,2905568,0,2237115
40144,15838208,5479424,2346912,0,1052080
40154,13624320,8538112,1152344,0,-534996
40164,9687040,10912768,-277704,0,-1828388
40174,6998016,12164096,-1170440,0,-2174625
40184,6438912,11813888,-1217768,0,-1392593
40194,2499584,10341376,-1776656,0,-1159685
40204,1908736,8068096,-1395480,0,-166694
40214,1908736,6148096,-960480,0,314793
40224,956416,4476928,-797616,0,284137
40234,956416,3530752,-583248,0,87298
40244,956416,2964480,-454952,0,-80258
40255,956416,2470912,-343128,0,-112165
40265,-182272,2084864,-513648,0,-351484
40275,-182272,1656832,-416672,0,-256821
40285,-257024,1166336,-322480,0,-171295
40295,-257024,662528,-208336,0,-71446
40305,-1053696,49152,-249864,0,-77130
40315,-2788352,-524288,-512952,0,-320001
40325,-4396032,-974848,-775112,0,-612022
40335,-5442560,-1620992,-865824,0,-669577
40345,-8081408,-2736128,-1211040,0,-830244
40355,-8081408,-4157440,-889024,0,-409870
40365,-9785344,-5793792,-904336,0,-319635
40375,-9981952,-7184384,-633824,0,-119726
40385,-9981952,-8627200,-306936,0,161595
40395,-14151680,-9625600,-1025440,0,-731921
40405,-14151680,-10815488,-755856,0,-454402
40415,-17213440,-12099584,-1158608,0,-828044
40425,-17213440,-13586432,-821744,0,-363073
40435,-17213440,-15145984,-468408,0,-1446
40445,-17213440,-16583680,-142680,0,283409
40455,-12865536,-17604608,1073696,0,1393155
40465,-12865536,-17628160,1079032,0,1076295
40475,-1909760,-16774144,3367712,0,3029585
40485,-1408000,-14875648,3051264,0,2162846
40495,-182272,-11879424,2650136,0,1238218
40505,-182272,-8778752,1947640,0,367770
40515,3072,-6008832,1362072,0,9581
40525,3072,-3979264,902248,0,-112450
40535,3072,-2603008,590440,0,-30154
40545,0,-1830912,414816,0,145446
40555,0,-1284096,290928,0,177415
40565,0,-904192,204856,0,230126
40575,0,-458752,103936,0,130147
40585,0,-221184,50112,0,163073
40595,0,89088,-20184,0,94466
40605,0,347136,-75864,0,53162
40615,0,475136,-107648,0,48195
40625,0,628736,-142448,0,-3492
40635,0,691200,-156600,0,-6201
40645,0,675840,-153120,0,36195
40655,0,687104,-155672,0,10464
40665,285696,640000,-80272,0,76142
40675,523264,547840,-5568,0,173713
40685,523264,544768,-4872,0,140609
40695,2726912,629760,475136,0,565662
40705,7144448,985088,1386200,0,1336652
40715,8501248,1892352,1497328,0,1217920
40725,9980928,3577856,1450696,0,810093
40735,10281984,5421056,1101304,0,303847
40745,10384384,7252992,709456,0,-53552
40755,8674304,8708096,-7656,0,-638611
40765,7218176,9535488,-525016,0,-838957
40775,7218176,9684992,-558888,0,-594362
40785,3861504,9074688,-1181112,0,-957417
40795,3861504,7755776,-882296,0,-299257
40805,3861504,6279168,-547752,0,164523
40815,462848,5073920,-1044696,0,-410582
40825,348160,4209664,-874872,0,-428149
40835,348160,3422208,-696464,0,-324532
40845,21504,2567168,-576752,0,-229239
40855,21504,1703936,-381176,0,-46985
40865,-4096,928768,-211352,0,104603
40875,-4096,278528,-64032,0,172350
40885,0,-179200,40600,0,171168
40895,0,-474112,107416,0,165737
40905,0,-605184,137112,0,112501
40915,0,-717824,162632,0,137442
40925,0,-804864,182352,0,183085
40935,0,-731136,165648,0,112738
40945,0,-694272,157296,0,103911
40955,0,-677888,153584,0,138753
40965,0,-557056,126208,0,66307
40975,0,-500736,113448,0,54217
40985,6144,-462848,106256,0,68984
40995,9216,-363520,84448,0,27542
41005,9216,-344064,80040,0,57545
41015,9216,-333824,77720,0,91538
41025,9216,-268288,62872,0,51870
41035,9216,-311296,72616,0,121847
41045,18432,-291840,70296,0,114843
41055,113664,-234496,78880,0,91035
41065,159744,-210944,83984,0,98455
41075,159744,-144384,68904,0,56486
41085,993280,-166912,262856,0,299016
41095,993280,-68608,240584,0,252372
41105,1971200,120832,419224,0,399110
41115,1971200,443392,346144,0,263621
41125,1753088,812032,213208,0,107014
41135,1716224,1231872,109736,0,-19655
41145,1513472,1515520,-464,0,-89128
41155,1452032,1672192,-49880,0,-87118
41165,1105920,1670144,-127832,0,-88650
41175,1105920,1511424,-91872,0,43652
41185,659456,1460224,-181424,0,-96328
41195,500736,1270784,-174464,0,-76929
41205,500736,972800,-106952,0,56261
41215,266240,785408,-117624,0,1130
41225,231424,557056,-73776,0,44783
41235,147456,388096,-54520,0,22827
41245,147456,137216,2320,0,120690
41255,181248,31744,33872,0,111078
41265,193536,-28672,50344,0,95895
41275,205824,-34816,54520,0,48116
41285,205824,-116736,73080,0,105309
41295,162816,-97280,58928,0,60490
41305,125952,-169984,67048,0,122833
41315,39936,-92160,29928,0,15317
41325,18432,-140288,35960,0,44948
41335,18432,-169984,42688,0,63615
41345,12288,-275456,65192,0,92475
41355,12288,-225280,53824,0,62862
41365,39936,-225280,60088,0,62862
41375,43008,-303104,78416,0,136925
41385,39936,-209920,56608,0,45001
41395,39936,-210944,56840,0,58118
41405,39936,-249856,65656,0,112163
41415,39936,-150528,43152,0,26338
41425,39936,-163840,46168,0,53064
41435,215040,-190464,91872,0,139790
41445,605184,-141312,169128,0,184284
41455,605184,-92160,157992,0,163543
41465,605184,-27648,143376,0,163030
41475,8246272,117760,1841616,0,1824706
41485,10180608,906240,2101224,0,1751067
41495,16284672,2856960,3042216,0,2095036
41505,16284672,5935104,2344824,0,872217
41515,16284672,9249792,1567856,0,-65183
41525,16135168,12115968,910600,0,-501648
41535,15115264,13973504,258680,0,-661140
41545,11680768,14718976,-688344,0,-1140619
41555,10591232,14246912,-828240,0,-739819
41565,6506496,13020160,-1475752,0,-965575
41575,6506496,11308032,-1087848,0,-245870
41585,2291712,9476096,-1627712,0,-678597
41595,1828864,7672832,-1324024,0,-392190
41605,929792,5723136,-1085992,0,-162512
41615,560128,3959808,-770240,0,92188
41626,560128,2807808,-509240,0,86569
41636,181248,1751040,-355656,0,97903
41646,0,1153024,-261232,0,-5567
41656,-7168,577536,-132472,0,48836
41666,-7168,194560,-45704,0,28493
41676,-7168,-232448,51040,0,136363
41686,-7168,-475136,106024,0,109098
41696,0,-685056,155208,0,142185
41706,0,-798720,180960,0,140080
41716,0,-890880,201840,0,187637
41726,0,-819200,185600,0,121761
41736,-4096,-813056,183280,0,144338
41746,-4096,-758784,177944,0,182583
41756,-4096,-693248,156136,0,132659
41766,-4096,-610304,137344,0,110114
41776,-930816,-506880,-96048,0,-150634
41786,-930816,-542720,-87928,0,-102815
41796,-3142656,-760832,-539632,0,-431755
41806,-3142656,-1141760,-453328,0,-264176
41816,-9591808,-1915904,-1739072,0,-1370269
41826,-9591808,-3426304,-1396872,0,-694524
41836,-15691776,-5473280,-2315128,0,-1284481
41846,-15691776,-7964672,-1750672,0,-474164
41856,-15691776,-10482688,-1180184,0,163171
41866,-15691776,-12683264,-681616,0,440125
41876,-15258624,-14016512,-281416,0,397147
41886,-14422016,-14764032,77488,0,389660
41896,-11125760,-15047680,888560,0,1023550
41906,-10385408,-14666752,969992,0,850181
41916,-6644736,-13779968,1616576,0,1222421
41926,-4638720,-12524544,1786632,0,1144919
41936,-4638720,-10873856,1412648,0,596334
41946,-1437696,-9219072,1762968,0,971891
41956,-1437696,-7570432,1389448,0,577790
41966,-1437696,-6053888,1045856,0,367594
41976,-1437696,-4781056,757480,0,203243
41986,-429056,-3736576,749360,0,346125
41996,-299008,-2860032,580232,0,279436
42006,-120832,-2230272,477920,0,305364
42016,-50176,-1565696,343360,0,228476
42026,0,-946176,214368,0,121840
42036,0,-572416,129688,0,152490
42046,0,-208896,47328,0,119269
42056,0,-10240,2320,0,128898
42066,0,159744,-36192,0,112944
42076,0,246784,-55912,0,104854
42086,0,342016,-77488,0,100694
42096,0,372736,-84448,0,108372
42106,0,431104,-97672,0,75476
42116,0,399360,-90480,0,109572
42126,3072,466944,-105096,0,49515
42136,6144,457728,-102312,0,56754
42146,184320,478208,-66584,0,69840
42156,184320,458752,-62176,0,83341
42166,610304,432128,40368,0,196162
42176,855040,472064,86768,0,225985
42186,1297408,477184,185832,0,350316
42196,1337344,690176,146624,0,232394
42206,2195456,823296,310880,0,424788
42216,2554880,1206272,305544,0,334226
42226,2554880,1508352,237104,0,274737
42236,3316736,1886208,324104,0,370235
42246,3945472,2344960,362616,0,351684
42256,3945472,2723840,276776,0,302438
42266,4075520,3235840,190240,0,198823
42276,4075520,3602432,107184,0,116899
42286,3427328,3891200,-105096,0,-28049
42296,3427328,4176896,-169824,0,-113606
42306,2393088,4147200,-397416,0,-246660
42316,2102272,4056064,-442656,0,-293266
42326,2102272,3637248,-347768,0,-82332
42336,2102272,3211264,-251256,0,-1890
42346,2102272,2790400,-155904,0,-154310
42356,1094656,2257920,-263552,0,-6196
42366,904192,1818624,-207176,0,28705
42376,766976,1442816,-153120,0,49243
42386,766976,1077248,-70296,0,100146
42396,766976,832512,-14848,0,92137
42406,423936,539648,-26216,0,99559
42416,275456,449536,-39440,0,9037
42426,231424,290816,-13456,0,49259
42436,110592,238592,-29000,0,-22708
42446,110592,43008,15312,0,60157
42456,67584,-69632,31088,0,57518
42466,64512,-280576,78184,0,166749
42476,70656,-352256,95816,0,158625
42486,70656,-403456,107416,0,167352
42496,70656,-291840,82128,0,45904
42506,73728,-310272,87000,0,71479
42516,73728,-302080,85144,0,88390
42526,76800,-343040,95120,0,129074
42536,89088,-316416,91872,0,118496
42546,113664,-221184,75864,0,49760
42556,178176,-221184,90480,0,83438
42566,190464,-191488,86536,0,88352
42576,190464,-185344,85144,0,102785
42586,301056,-184320,109968,0,149208
42596,301056,-90112,88624,0,82799
42606,405504,-132096,121800,0,165168
42616,419840,-79872,113216,0,155976
42626,488448,9216,108576,0,117122
42636,500736,81920,94888,0,91542
42646,500736,150528,79344,0,81544
42656,500736,197632,68672,0,86105
42666,500736,201728,67744,0,124872
42676,447488,275456,38976,0,65598
42686,447488,317440,29464,0,50623
42696,447488,260096,42456,0,125725
42706,428032,310272,26680,0,83875
42716,432128,328704,23432,0,92032
42726,432128,415744,3712,0,32431
42736,432128,400384,7192,0,58822
42746,432128,344064,19952,0,126702
42756,432128,439296,-1624,0,31152
42766,432128,390144,9512,0,71767
42776,466944,371712,21576,0,94460
42786,488448,367616,27376,0,92528
42797,514048,379904,30392,0,89305
42807,759808,409600,79344,0,129235
42817,831488,324608,114840,0,239276
42827,1258496,438272,185832,0,245332
42837,1258496,561152,157992,0,189024
42847,1628160,737280,201840,0,200223
42857,1868800,947200,208800,0,180104
42867,1868800,1183744,155208,0,125146
42877,1971200,1442816,119712,0,67810
42887,1971200,1642496,74472,0,58892
42897,1929216,1841152,19952,0,9542
42907,1828864,1948672,-27144,0,-2274
42917,1497088,1967104,-106488,0,-28629
42927,1466368,2043904,-130848,0,-78879
42937,1466368,1960960,-112056,0,-5994
42947,1497088,1875968,-85840,0,30751
42957,1497088,1806336,-70064,0,30910
42967,1466368,1680384,-48488,0,66096
42977,1324032,1543168,-49648,0,36561
42987,1073152,1511424,-99296,0,-49707
42997,794624,1375232,-131544,0,-83900
43007,555008,1221632,-151032,0,-89424
43017,423936,1034240,-138272,0,-56368
43027,423936,871424,-94424,0,-7209
43037,311296,588800,-62872,0,64467
43047,311296,379904,-15544,0,106981
43057,252928,302080,-11136,0,42007
43067,252928,173056,18096,0,62904
43077,263168,20480,54984,0,124860
43087,263168,5120,58464,0,94055
43097,263168,16384,55912,0,61844
43107,263168,-51200,71224,0,115491
43117,256000,-68608,73544,0,121185
43127,252928,-9216,59392,0,60016
43137,252928,-20480,61944,0,70914
43147,205824,18432,42456,0,38784
43157,205824,40960,37352,0,20590
43167,172032,17408,35032,0,37424
43177,168960,34816,30392,0,26514
43187,168960,71680,22040,0,-647
43197,110592,31744,17864,0,24459
43207,33792,19456,3248,0,20510
43217,12288,45056,-7424,0,-7170
43227,12288,-64512,17400,0,84411
43237,0,-123904,28072,0,99869
43247,-4096,-116736,25520,0,74221
43257,-4096,-181248,40136,0,115250
43267,-4096,-231424,51504,0,134969
43277,-4096,-212992,47328,0,96181
43287,-4096,-207872,46168,0,88417
43297,-13312,-185344,38976,0,70960
43307,-13312,-133120,27144,0,30255
43317,-102400,-128000,5800,0,20002
43327,-102400,-105472,696,0,9570
43337,-212992,-98304,-25984,0,-26756
43347,-276480,-164864,-25288,0,17632
43357,-606208,-168960,-99064,0,-90294
43367,-897024,-210944,-155440,0,-158051
43377,-897024,-360448,-121568,0,-75621
43387,-3904512,-581632,-752840,0,-651254
43397,-3904512,-986112,-657024,0,-457133
43407,-8416256,-1724416,-1516120,0,-1174304
43417,-8416256,-3059712,-1213592,0,-610353
43427,-10081280,-4683776,-1222872,0,-444937
43437,-9688064,-6437888,-736368,0,104054
43447,-8081408,-7712768,-83520,0,569778
43457,-7219200,-8594432,311576,0,725858
43467,-7219200,-8805376,359368,0,514396
43477,-3465216,-8287232,1092488,0,917059
43487,-3465216,-7388160,888792,0,493596
43497,-3465216,-6157312,609928,0,26918
43507,-459776,-5045248,1038896,0,461425
43517,-459776,-4065280,816872,0,341201
43527,-459776,-3069952,591368,0,131514
43537,12288,-2205696,502512,0,120698
43547,12288,-1527808,348928,0,89474
43557,12288,-936960,215064,0,4824
43567,0,-557056,126208,0,34749
43577,0,-239616,54288,0,16032
43587,0,-81920,18560,0,55797
43597,0,39936,-9048,0,71371
43607,0,118784,-26912,0,71478
43617,0,148480,-33640,0,96733
43627,0,245760,-55680,0,35126
43637,0,257024,-58232,0,41072
43647,288768,269312,4408,0,107486
43657,288768,288768,0,0,91716
43667,610304,257024,80040,0,201227
43677,610304,369664,54520,0,129442
43687,2317312,478208,416672,0,478865
43697,4539392,697344,870464,0,878037
43707,9495552,1273856,1862728,0,1751362
43717,15545344,2482176,2959624,0,2523517
43727,15545344,4558848,2489128,0,1620074
43737,16589824,7403520,2044152,0,739901
43747,16589824,10531840,1372512,0,-31252
43757,16589824,12983296,817104,0,-281461
43767,14017536,14619648,-136416,0,-858154
43777,14017536,15410176,-315520,0,-606870
43787,9122816,15293440,-1398032,0,-1359725
43797,6713344,14274560,-1713088,0,-1285309
43807,2756608,12333056,-2169664,0,-1278968
43817,2756608,9871360,-1611936,0,-347992
43827,394240,7452672,-1599176,0,-338058
43837,394240,5497856,-1156288,0,-160900
43847,394240,3763200,-763280,0,120405
43857,9216,2607104,-588584,0,-15635
43867,9216,1599488,-360296,0,69041
43877,-4096,970752,-220864,0,36383
43887,-4096,438272,-100224,0,43076
43897,-74752,19456,-21344,0,65858
43907,-74752,-290816,48952,0,76420
43917,-392192,-457728,14848,0,-45713
43927,-392192,-623616,52432,0,-44321
43937,-905216,-841728,-14384,0,-83032
43947,-1562624,-1021952,-122496,0,-183236
43957,-2975744,-1260544,-388600,0,-424252
43967,-6576128,-1625088,-1121720,0,-1099625
43977,-7678976,-2485248,-1176704,0,-948226
43987,-17213440,-4091904,-2972848,0,-2413117
43997,-17213440,-6219776,-2490752,0,-1547370
44007,-17213440,-9272320,-1799160,0,-467546
44017,-17213440,-12359680,-1099680,0,283539
44027,-17213440,-14651392,-580464,0,505864
44037,-17213440,-16075776,-257752,0,306838
44047,-17213440,-16754688,-103936,0,49344
44057,-17213440,-17081344,-29928,0,-105330
44067,-17213440,-17275904,14152,0,-132767
44077,-13755392,-17514496,851672,0,736368
44087,-13755392,-17458176,838912,0,668560
44097,-2788352,-16997376,3219232,0,3019382
44107,-2788352,-15080448,2784928,0,1951145
44117,-654336,-12250112,2627168,0,1257159
44127,-83968,-8850432,1986152,0,342915
44137,3072,-5927936,1343744,0,-106624
44147,3072,-3854336,873944,0,-186304
44158,39936,-2403328,553552,0,-106803
44168,39936,-1699840,394168,0,108388
44178,39936,-1226752,286984,0,209767
44188,308224,-935936,281880,0,331878
44198,308224,-640000,214832,0,299626
44208,308224,-339968,146856,0,268688
44218,1138688,100352,235248,0,299282
44228,2726912,440320,518056,0,611132
44238,4840448,1104896,846336,0,793353
44248,10180608,2012160,1850664,0,1658493
44258,10180608,3368960,1543264,0,1122244
44268,10180608,5411840,1080424,0,388637
44278,16284672,7456768,2000072,0,1276486
44288,16284672,9309184,1580384,0,871615
44298,16284672,11337728,1120792,0,417618
44308,16284672,13159424,681152,0,41509
44318,13114368,14768128,-374680,0,-863642
44328,12619776,15551488,-664216,0,-851373
44338,12619776,15358976,-620600,0,-417048
44348,11124736,14649344,-798544,0,-373651
44358,11124736,13732864,-586264,0,-94017
44368,11124736,12852224,-391384,0,64003
44378,11124736,12091392,-219008,0,158576
44388,6925312,11454464,-1026136,0,-690995
44398,3141632,10555392,-1679680,0,-1226770
44408,3141632,9374720,-1412184,0,-829238
44418,631808,7625728,-1584560,0,-737747
44428,631808,5642240,-1135176,0,-169990
44438,631808,3944448,-750520,0,100500
44448,631808,2462720,-414816,0,258186
44458,0,1599488,-362384,0,25467
44468,-4096,1125376,-255896,0,-113836
44478,-4096,734208,-167272,0,-129331
44488,-4096,371712,-85144,0,-68833
44498,-4096,-53248,11136,0,69024
44508,-4096,-365568,81896,0,126305
44518,-4096,-573440,128992,0,136382
44528,-4096,-703488,158456,0,107276
44538,0,-826368,187224,0,125762
44548,0,-912384,206712,0,155270
44558,0,-924672,209496,0,158089
44568,0,-877568,198824,0,135395
44578,0,-825344,186992,0,138459
44588,0,-777216,176088,0,144228
44598,0,-656384,148712,0,94211
44608,0,-570368,129224,0,83872
44618,0,-524288,118784,0,107907
44628,0,-422912,95816,0,69934
44638,0,-381952,86536,0,76062
44648,0,-392192,88856,0,120270
44658,0,-357376,80968,0,107011
44668,0,-331776,75168,0,100146
44678,0,-294912,66816,0,91937
44688,-7168,-270336,59624,0,95232
44698,-13312,-222208,47328,0,74919
44708,-13312,-192512,40600,0,68499
44718,-120832,-175104,12296,0,41809
44728,-120832,-159744,8816,0,42428
44738,-120832,-204800,19024,0,44673
44748,-366592,-261120,-23896,0,55317
44758,-409600,-239616,-38512,0,3222
44768,-515072,-271360,-55216,0,-14439
44778,-585728,-376832,-47328,0,24462
44788,-768000,-427008,-77256,0,-7661
44798,-768000,-539648,-51736,0,7126
44808,-1085440,-666624,-94888,0,-21298
44818,-1095680,-774144,-72848,0,-8464
44828,-1095680,-901120,-44080,0,22677
44838,-1209344,-1058816,-34104,0,40416
44848,-1393664,-1193984,-45240,0,25463
44858,-1393664,-1316864,-17400,0,41016
44868,-2125824,-1475584,-147320,0,-72835
44878,-2125824,-1626112,-113216,0,-37408
44888,-2727936,-1767424,-217616,0,-155804
44898,-2727936,-2039808,-155904,0,-36444
44908,-3142656,-2248704,-202536,0,-113034
44918,-3317760,-2594816,-163792,0,-25395
44928,-3820544,-2871296,-215064,0,-76575
44938,-3904512,-3292160,-138736,0,30939
44948,-3946496,-3654656,-66120,0,86526
44958,-3946496,-4060160,25752,0,201757
44968,-3904512,-4338688,98368,0,232284
44978,-3904512,-4515840,138504,0,237325
44988,-3904512,-4614144,160776,0,224086
44998,-3904512,-4647936,168432,0,206240
45008,-3904512,-4612096,160312,0,200075
45018,-3904512,-4543488,144768,0,143833
45028,-3904512,-4449280,123424,0,111005
45038,-3738624,-4372480,143608,0,131656
45048,-3738624,-4301824,127600,0,119175
45058,-3738624,-4238336,113216,0,103761
45068,-2848768,-4176896,300904,0,297261
45078,-2342912,-4128768,404608,0,441065
45088,-1993728,-3874816,426184,0,369477
45098,-1993728,-3550208,352640,0,278836
45108,-1128448,-3127296,452864,0,333774
45118,-696320,-2667520,446600,0,347070
45128,-570368,-2153472,358672,0,183018
45138,-244736,-1655808,319696,0,172767
45148,-173056,-1128448,216456,0,51949
45158,0,-737280,167040,0,63884
45168,0,-382976,86768,0,-3602
45178,0,-173056,39208,0,28570
45188,0,66560,-15080,0,-14461
45198,0,160768,-36424,0,18927
45208,0,227328,-51504,0,32109
45218,21504,312320,-61248,0,39993
45228,21504,303104,-63800,0,67651
45238,196608,450560,-57536,0,-1077
45248,266240,434176,-38048,0,52565
45258,545792,404480,32016,0,144983
45268,545792,335872,47560,0,197954
45278,1258496,349184,206016,0,318816
45288,1270784,440320,188152,0,251385
45298,1337344,657408,154048,0,146815
45308,1406976,903168,114144,0,83672
45318,1481728,1146880,71456,0,32658
45328,1497088,1367040,29464,0,12985
45338,1497088,1410048,19720,0,97562
45348,1545216,1562624,-3944,0,56293
45358,1545216,1613824,-15544,0,88859
45368,1561600,1651712,-20416,0,106456
45378,1545216,1785856,-54520,0,6188
45388,1497088,1813504,-71688,0,-8384
45398,1270784,1805312,-121104,0,-46608
45408,1138688,1771520,-143376,0,-61612
45418,1138688,1641472,-113912,0,11811
45428,610304,1517568,-205552,0,-78226
45439,610304,1387520,-176088,0,-84537
45449,475136,1158144,-154744,0,-56754
45459,455680,897024,-99992,0,18177
45469,447488,643072,-44312,0,68258
45479,447488,449536,-464,0,90201
45489,439296,349184,20416,0,63001
45499,439296,334848,23664,0,20948
45509,443392,333824,24824,0,14759
45519,443392,356352,19720,0,7949
45529,443392,357376,19488,0,19486
45539,443392,319488,28072,0,50277
45549,443392,285696,35728,0,61225
45559,443392,270336,39208,0,49108
45569,443392,228352,48720,0,60937
45579,443392,183296,58928,0,93509
45589,443392,183296,58928,0,85951
45599,447488,194560,57304,0,74122
45609,451584,243712,47096,0,41799
45619,451584,270336,41064,0,26857
45629,451584,280576,38744,0,32994
45639,451584,329728,27608,0,10366
45649,451584,344064,24360,0,30615
45659,451584,363520,19952,0,36957
45669,451584,349184,23200,0,59928
45679,451584,352256,22504,0,60896
45689,455680,330752,28304,0,70749
45699,455680,291840,37120,0,86101
45709,466944,233472,52896,0,123412
45719,471040,228352,54984,0,109392
45729,475136,259072,48952,0,67706
45739,475136,248832,51272,0,83245
45749,475136,250880,50808,0,84994
45759,475136,287744,42456,0,50514
45769,483328,245760,53824,0,91276
45779,479232,263168,48952,0,70431
45789,479232,278528,45472,0,77737
45799,579584,219136,81664,0,127238
45809,594944,271360,73312,0,97554
45819,594944,209920,87232,0,177362
45829,594944,320512,62176,0,90711
45839,625664,365568,58928,0,84788
45849,625664,433152,43616,0,50801
45859,625664,381952,55216,0,119759
45869,615424,415744,45240,0,91374
45879,610304,370688,54288,0,149777
45889,589824,444416,32944,0,73966
45899,589824,430080,36192,0,87727
45909,504832,461824,9744,0,36454
45919,475136,409600,14848,0,76411
45929,443392,354304,20184,0,108923
45939,439296,366592,16472,0,118953
45949,439296,370688,15544,0,74588
45959,432128,316416,26216,0,114465
45969,435200,284672,34104,0,118922
45979,435200,294912,31784,0,107123
45989,439296,367616,16240,0,45377
45999,439296,352256,19720,0,72226
46009,439296,342016,22040,0,89470
46019,443392,300032,32480,0,142098
46029,462848,385024,17632,0,66987
46039,466944,351232,26216,0,107599
46049,466944,372736,21344,0,87232
46059,458752,360448,22272,0,110336
46069,458752,476160,-3944,0,15654
46079,514048,388096,28536,0,117033
46089,514048,405504,24592,0,100329
46099,620544,345088,62408,0,183304
46109,620544,410624,47560,0,113295
46119,620544,345088,62408,0,173790
46129,620544,428032,43616,0,104133
46139,620544,412672,47096,0,146277
46149,625664,552960,16472,0,45014
46159,631808,567296,14616,0,42557
46169,625664,616448,2088,0,43602
46179,625664,530432,21576,0,131972
46189,620544,583680,8352,0,86885
46199,620544,610304,2320,0,71884
46209,620544,644096,-5336,0,45224
46219,620544,625664,-1160,0,72388
46229,620544,621568,-232,0,91453
46239,620544,583680,8352,0,127079
46249,610304,640000,-6728,0,72002
46259,594944,617472,-5104,0,87638
46269,589824,653312,-14384,0,48510
46279,579584,508928,16008,0,166923
46289,564224,562176,464,0,90399
46299,564224,529408,7888,0,109136
46309,496640,584704,-19952,0,33265
46319,496640,466944,6728,0,137587
46329,435200,487424,-11832,0,87844
46339,435200,489472,-12296,0,70219
46349,365568,501760,-30856,0,30804
46359,337920,408576,-16008,0,95633
46369,278528,338944,-13688,0,113937
46379,278528,386048,-24360,0,36251
46389,202752,295936,-21112,0,71729
46399,181248,243712,-14152,0,78790
46409,181248,1966