R
Px,Ix,Dx,Py,Iy,Dy,Pz,Iz,FFrx,FFry,FFdrx,FFdry,satI,satPID,KFQAng,KFQbias,KFRmeas,CPx,CIx,CPy,CIy,CsatI,CsatPID,CFFdrx,CFFdry,CFalpha,iRelaxX,IRelaxY,DmaxR,DmaxE,DMx,DMy
18,80,47,58,80,47,250,0,40,0,0,0,500000,15000000,10,1,1000,0,0,0,0,0,0,0,0,0.995,1009,1023,0,0,0,0
sysTickMs,PIDRefXi,PIDSensXi,PIDPoutXi,PIDFFoutXi,PIDUXi
213693,337920,-31704064,3504592,19335,3572539
213703,337920,-31704064,3504592,19335,3572539
213713,337920,-31704064,3504592,19335,3572539
213723,337920,-31704064,3504592,19335,3572539
213733,337920,-31704064,3504592,19335,3572539
213743,337920,-31704064,3504592,19335,3572539
213753,337920,-31704064,3504592,19335,3572539
213763,337920,-31704064,3504592,19335,3572539
213773,337920,-31704064,3504592,19335,3572539
213783,337920,-31704064,3504592,19335,3572539
213793,337920,-31704064,3504592,19335,3572539
213803,337920,-31704064,3504592,19335,3572539
213813,337920,-31704064,3504592,19335,3572539
213823,337920,-31704064,3504592,19335,3572539
213833,337920,-31704064,3504592,19335,3572539
213843,337920,-31704064,3504592,19335,3572539
213853,337920,-31704064,3504592,19335,3572539
213863,337920,-31704064,3504592,19335,3572539
213873,337920,-31704064,3504592,19335,3572539
213883,337920,-31704064,3504592,19335,3572539
213893,337920,-31704064,3504592,19335,3572539
213903,337920,-31704064,3504592,19335,3572539
213913,337920,-31704064,3504592,19335,3572539
213923,337920,-31704064,3504592,19335,3572539
213933,337920,-31704064,3504592,19335,3572539
213943,337920,-31704064,3504592,19335,3572539
213953,337920,-31704064,3504592,19335,3572539
213963,337920,-31704064,3504592,19335,3572539
213973,337920,-31704064,3504592,19335,3572539
213983,337920,-31704064,3504592,19335,3572539
213993,337920,-31704064,3504592,19335,3572539
214003,337920,-31704064,3504592,19335,3572539
214013,337920,-31704064,3504592,19335,3572539
214023,337920,-31704064,3504592,19335,3572539
214033,337920,-31704064,3504592,19335,3572539
214043,337920,-31704064,3504592,19335,3572539
214053,337920,-31704064,3504592,19335,3572539
214063,337920,-31704064,3504592,19335,3572539
214073,337920,-31704064,3504592,19335,3572539
214083,337920,-31704064,3504592,19335,3572539
214093,337920,-31704064,3504592,19335,3572539
214103,337920,-31704064,3504592,19335,3572539
214113,337920,-31704064,3504592,19335,3572539
214123,337920,-31704064,3504592,19335,3572539
214133,337920,-31704064,3504592,19335,3572539
214143,337920,-31704064,3504592,19335,3572539
214153,337920,-31704064,3504592,19335,3572539
214163,337920,-31704064,3504592,19335,3572539
214173,337920,-31704064,3504592,19335,3572539
214183,337920,-31704064,3504592,19335,3572539
214193,337920,-31704064,3504592,19335,3572539
214203,337920,-31704064,3504592,19335,3572539
214213,337920,-31704064,3504592,19335,3572539
214223,337920,-31704064,3504592,19335,3572539
214233,337920,-31704064,3504592,19335,3572539
214243,337920,-31704064,3504592,19335,3572539
214253,337920,-31704064,3504592,19335,3572539
214263,337920,-31704064,3504592,19335,3572539
214273,337920,-31704064,3504592,19335,3572539
214283,337920,-31704064,3504592,19335,3572539
214293,337920,-31704064,3504592,19335,3572539
214303,337920,-31704064,3504592,19335,3572539
214313,337920,-31704064,3504592,19335,3572539
214323,0,9216,-648,0,-2940
214333,0,6144,-432,0,347
214343,0,11264,-792,0,-3357
214353,0,8192,-576,0,-957
214363,0,10240,-720,0,473
214373,0,10240,-720,0,-2138
214383,0,4096,-288,0,2090
214393,0,10240,-720,0,-2301
214403,0,9216,-648,0,-2258
214413,0,4096,-288,0,2137
214423,0,8192,-576,0,-1277
214433,0,12288,-864,0,-5159
214443,0,9216,-648,0,-3118
214453,0,6144,-432,0,-649
214463,0,-8192,576,0,9716
214473,0,4096,-288,0,-4817
214483,0,5120,-720,0,-3034
214493,0,0,0,0,4964
214503,0,5120,-360,0,-4391
214513,0,21504,-1512,0,-11191
214523,0,0,0,0,3623
214533,0,-7168,504,0,4011
214543,0,11264,-792,0,-4523
214553,0,2048,-144,0,1501
214563,0,17408,-1224,0,-11253
214573,0,1024,-72,0,2019
214583,0,17408,-1224,0,-2786
214593,0,-26624,1872,0,25641
214603,0,19456,-1368,0,-8718
214613,0,-19456,864,0,9491
214623,0,-1024,72,0,2550
214633,0,14336,-1008,0,-6767
214643,0,7168,-504,0,-5149
214653,0,1024,-72,0,5634
214663,0,8192,-576,0,-2025
214673,0,14336,-1008,0,-7035
214683,0,18432,-1296,0,-15226
214693,0,6144,-432,0,-6092
214703,0,-14336,1008,0,13792
214713,0,5120,-360,0,-579
214723,0,-2048,144,0,1590
214733,0,7168,-504,0,-5691
214743,0,2048,-144,0,-1137
214753,0,-6144,432,0,5747
214763,0,-20480,1440,0,15751
214773,0,-12288,864,0,6695
214783,0,-1024,72,0,-2460
214793,0,-17408,1224,0,9848
214803,0,-7168,504,0,2692
214813,0,7168,-504,0,-7299
214823,0,26624,-1872,0,-18121
214833,0,-3072,216,0,8657
214843,0,-30720,2160,0,25011
214853,0,14336,-1008,0,-15089
214863,0,21504,-1512,0,-12212
214873,0,-36864,2592,0,26128
214883,0,6144,-432,0,-13346
214894,0,0,0,0,-2483
214904,0,-18432,1296,0,9491
214914,0,-30720,2160,0,13706
214924,0,-2048,144,0,-14457
214934,0,1024,-72,0,-7207
214944,0,-43008,3024,0,20756
214954,0,32768,-2304,0,-31846
214964,0,-38912,2736,0,25459
214974,0,6144,-432,0,-9211
214984,0,-2048,144,0,-4386
214994,0,-29696,2088,0,23300
215004,0,21504,-1512,0,-25048
215014,0,-49152,3456,0,28893
215024,0,-10240,720,0,-17792
215034,0,-84992,5976,0,23669
215044,0,-81920,5760,0,17794
215054,0,-28672,2016,0,-26813
215064,0,-106496,7488,0,35238
215074,0,-87040,6120,0,18299
215084,0,-110592,7776,0,22252
215094,0,-109568,7704,0,5607
215104,0,-164864,11592,0,38440
215114,0,-151552,11016,0,26327
215124,0,-190464,13392,0,45652
215134,0,-167936,11808,0,17725
215144,0,-187392,13176,0,26796
215154,0,-159744,11232,0,4896
215164,0,-211968,14904,0,41278
215174,0,-216064,15192,0,37554
215184,0,-261120,18360,0,59151
215194,0,-239616,16848,0,43200
215204,0,-254976,17928,0,51104
215214,0,-289792,20376,0,69036
215224,0,-339968,23904,0,83801
215234,0,-360448,25344,0,78357
215244,3072,-356352,25272,234,70384
215254,3072,-364544,25848,234,81285
215264,12288,-377856,27432,937,84898
215274,12288,-420864,30456,937,103152
215284,27648,-432128,32328,2109,104172
215294,39936,-452608,34632,3046,109849
215304,67584,-459776,37080,5156,118986
215314,70656,-415744,34200,5390,104166
215324,79872,-325632,28512,6093,68982
215334,79872,-278528,25200,6093,69351
215344,92160,-279552,26136,7031,87682
215354,101376,-284672,27144,7734,99327
215364,104448,-336896,31032,7968,114674
215374,104448,-355328,32328,7968,125798
215384,101376,-312320,29088,7734,112274
215394,110592,-240640,24696,8437,95227
215404,113664,-183296,20880,8671,76808
215414,113664,-190464,21384,8671,98129
215424,113664,-183296,20880,8671,114904
215434,113664,-147456,18360,8671,126118
215444,113664,-98304,14904,8671,96767
215454,168960,-11264,12672,12890,67188
215464,175104,34816,9864,13359,77375
215474,193536,89088,7344,14765,92899
215484,196608,144384,3672,15000,104910
215494,196608,230400,-2376,15000,79379
215504,221184,284672,-4464,16875,67490
215514,221184,299008,-5472,16875,71779
215524,252928,251904,72,19296,120723
215534,252928,180224,5112,19296,163734
215544,294912,125952,11880,22500,184554
215554,321536,122880,13968,24531,146396
215564,369664,81920,20232,28203,150433
215574,379904,77824,21240,28984,151344
215584,379904,133120,17352,28984,134341
215594,409600,229376,12672,31250,105334
215604,409600,295936,7992,31250,110503
215614,455680,353280,7200,34765,127710
215624,455680,425984,2088,34765,110969
215634,475136,465920,648,36250,112950
215644,492544,450560,2952,37578,147541
215654,545792,432128,7992,41640,183756
215664,564224,499712,4536,43046,141934
215674,564224,496640,4752,43046,147715
215684,579584,492544,6120,44218,162945
215694,579584,537600,2952,44218,116875
215704,600064,445440,10872,45781,194481
215714,615424,352256,18504,46953,249197
215724,615424,388096,15984,46953,185682
215734,615424,345088,19008,46953,191034
215744,689152,320512,25920,52578,205712
215754,689152,387072,21240,52578,172896
215764,726016,400384,22896,55390,218336
215774,746496,476160,19008,56953,175550
215784,746496,582656,11520,56953,130732
215794,733184,590848,10008,55937,170388
215804,752640,623616,9072,57421,194112
215814,752640,760832,-576,57421,131362
215824,746496,822272,-5328,56953,131911
215834,746496,838656,-6480,56953,158924
215844,739328,881664,-10008,56406,156205
215854,719872,960512,-16920,54921,124276
215864,695296,995328,-21096,53046,139204
215874,689152,998400,-21744,52578,123155
215884,659456,1058816,-28080,50312,79242
215894,659456,1050624,-27504,50312,87590
215904,659456,1007616,-24480,50312,108933
215914,659456,997376,-23760,50312,92811
215925,648192,988160,-23904,49453,69921
215935,642048,919552,-19512,48984,88452
215945,600064,847872,-17424,45781,91996
215955,584704,741376,-11016,44609,109497
215965,584704,635904,-7056,44609,79453
215975,523264,581632,-4104,39921,88672
215985,523264,477184,3240,39921,103962
215995,531456,376832,10872,40546,119780
216005,531456,291840,16848,40546,122723
216015,540672,175104,25704,41250,113594
216025,540672,159744,26784,41250,116365
216035,540672,114688,29952,41250,111212
216045,536576,58368,33624,40937,120895
216055,536576,-16384,38880,40937,149165
216065,479232,-99328,39024,36562,152433
216075,479232,-77824,39168,36562,127070
216085,409600,-114688,36864,31250,115359
216095,394240,-184320,40680,30078,138485
216105,358400,-290816,45648,27343,184909
216115,352256,-301056,45936,26875,157808
216125,352256,-300032,45864,26875,130951
216135,352256,-334848,48312,26875,140467
216145,352256,-392192,52344,26875,188655
216155,156672,-402432,39312,11953,153276
216165,147456,-320512,32904,11250,94222
216175,89088,-299008,27288,6796,84654
216185,21504,-350208,26136,1640,128460
216195,3072,-368640,26136,234,142068
216205,0,-364544,25632,0,128861
216215,-4096,-380928,26496,-313,124898
216225,-4096,-411648,28656,-313,127580
216235,0,-506880,35640,0,178290
216245,0,-544768,38304,0,185771
216255,0,-518144,36432,0,154754
216265,0,-478208,33624,0,132893
216275,0,-463872,32616,0,136041
216285,0,-478208,33624,0,164066
216295,0,-468992,32976,0,173786
216305,0,-380928,26784,0,118288
216315,0,-379904,26712,0,140483
216325,-4096,-384000,26712,-313,163152
216335,-4096,-389120,27072,-313,175627
216345,-4096,-342016,23760,-313,149961
216355,0,-292864,20592,0,130329
216365,0,-319488,22464,0,170423
216375,0,-313344,22032,0,182715
216385,0,-197632,13896,0,117966
216395,0,-184320,12960,0,142954
216405,0,-200704,14112,0,186865
216415,0,-83968,5904,0,124578
216425,0,-56320,3960,0,124090
216435,0,-105472,7416,0,178162
216445,3072,-57344,4248,234,153997
216455,3072,-41984,3168,234,151942
216465,9216,-99328,7632,703,186958
216475,9216,-106496,8136,703,172012
216485,12288,-130048,10008,937,185052
216495,12288,-204800,15264,937,234816
216505,12288,-77824,6336,937,132940
216515,138240,-75776,15048,10546,159598
216525,138240,-132096,19008,10546,207492
216535,187392,-73728,18360,14296,172607
216545,187392,-128000,22176,14296,229109
216555,199680,-48128,17424,15234,194480
216565,196608,-6144,14256,15000,195050
216575,196608,38912,11088,15000,184487
216585,193536,124928,4824,14765,154027
216595,196608,112640,5904,15000,197558
216605,196608,184320,864,15000,167612
216615,196608,148480,3384,15000,210363
216625,199680,180224,1368,15234,194948
216635,199680,120832,5544,15234,236502
216645,199680,171008,2016,15234,204195
216655,202752,175104,1944,15468,191466
216665,202752,207872,-360,15468,203817
216675,202752,248832,-3240,15468,183054
216685,202752,266240,-4464,15468,185387
216695,202752,332800,-9144,15468,145414
216705,202752,328704,-8856,15468,157484
216715,215040,349184,-9432,16406,140629
216725,215040,293888,-5544,16406,200967
216735,266240,269312,-216,20312,174002
216745,278528,189440,6264,21250,213055
216755,318464,216064,7200,24296,163085
216765,345088,169984,12312,26328,203858
216775,394240,199680,13680,30078,168657
216785,419840,142336,19512,32031,216450
216795,419840,211968,14616,32031,169418
216805,479232,177152,21240,36562,222378
216815,500736,310272,13392,38203,167966
216825,500736,332800,11808,38203,200651
216835,527360,463872,4464,40234,182548
216845,527360,470016,4032,40234,210583
216855,589824,568320,1512,45000,190440
216865,589824,609280,-1368,45000,190284
216875,594944,692224,-6840,45390,156106
216885,594944,640000,-3168,45390,190006
216895,605184,702464,-6840,46171,182713
216905,605184,653312,-3384,46171,223598
216915,605184,672768,-4752,46171,205926
216925,471040,630784,-11232,35937,210839
216935,471040,694272,-15696,35937,175336
216945,401408,646144,-17208,30625,179158
216955,401408,712704,-21888,30625,117528
216965,401408,677888,-19440,30625,138723
216975,331776,738304,-28584,25312,71698
216985,331776,667648,-23616,25312,120051
216995,199680,658432,-32256,15234,84992
217005,104448,594944,-34488,7968,90507
217015,33792,476160,-31968,2578,99234
217025,33792,401408,-25848,2578,89510
217035,-7168,181248,-13248,-547,148798
217045,-10240,76800,-6120,-782,112970
217055,-10240,-154624,10152,-782,167751
217065,-105472,-322560,15264,-8047,152837
217075,-105472,-420864,22176,-8047,112462
217085,-105472,-615424,35856,-8047,161796
217095,-295936,-707584,28944,-22579,84516
217105,-332800,-844800,36000,-25391,125089
217115,-332800,-970752,44856,-25391,138649
217125,-452608,-1048576,41904,-34532,103928
217135,-452608,-1264640,57096,-34532,190261
217145,-452608,-1336320,62136,-34532,156308
217155,-606208,-1544192,65952,-46250,211766
217165,-606208,-1627136,71784,-46250,162901
217175,-720896,-1722368,70416,-55000,187209
217185,-720896,-1799168,75816,-55000,185304
217195,-897024,-1838080,66168,-68438,146395
217205,-921600,-1894400,68400,-70313,156149
217215,-1095680,-1866752,54216,-83594,90187
217225,-1095680,-1966080,61200,-83594,153398
217235,-1393664,-1958912,39744,-106329,82561
217246,-1437696,-2094080,46152,-109688,156087
217256,-1437696,-2126848,48456,-109688,141222
217266,-1735680,-2181120,31320,-132422,89544
217276,-1735680,-2331648,41904,-132422,142312
217286,-1735680,-2380800,45360,-132422,105575
217296,-1735680,-2518016,55008,-132422,141782
217306,-1735680,-2613248,61704,-132422,146966
217316,-1735680,-2684928,66744,-132422,149017
217326,-1629184,-2828288,84312,-124297,226424
217336,-1467392,-2827264,95616,-111954,214220
217346,-1139712,-2893824,123336,-86954,298697
217356,-1063936,-2811904,122904,-81172,250083
217366,-570368,-2748416,153144,-43516,313792
217376,-570368,-2632704,145008,-43516,295169
217386,-570368,-2487296,134784,-43516,291269
217396,-570368,-2317312,122832,-43516,240917
217406,-570368,-2111488,108360,-43516,280598
217416,0,-1848320,129960,0,320497
217426,0,-1623040,114120,0,317458
217436,0,-1315840,92520,0,266869
217446,9216,-1069056,75816,703,262474
217456,73728,-760832,58680,5625,222641
217466,122880,-540672,46656,9375,262482
217476,202752,-226304,30168,15468,221616
217486,237568,-76800,22104,18125,276204
217496,272384,185344,6120,20781,234935
217506,291840,340992,-3456,22265,270831
217516,291840,621568,-23184,22265,197828
217526,291840,783360,-34560,22265,212107
217536,288768,1033216,-52344,22031,136390
217546,288768,1111040,-57816,22031,188020
217556,288768,1308672,-71712,22031,114905
217566,221184,1376256,-81216,16875,119876
217576,221184,1462272,-87264,16875,79035
217586,190464,1527808,-94032,14531,32559
217596,190464,1434624,-87480,14531,73112
217606,190464,1422336,-86616,14531,18819
217616,184320,1259520,-75600,14062,61986
217626,181248,1155072,-68472,13828,43903
217636,181248,1025024,-59328,13828,44682
217646,181248,807936,-44064,13828,110772
217656,153600,666624,-36072,11718,99933
217666,153600,474112,-22536,11718,120796
217676,144384,264192,-8424,11015,159260
217686,147456,165888,-1296,11250,104665
217696,147456,-27648,12312,11250,138485
217706,147456,-156672,21384,11250,142298
217716,159744,-206848,25776,12187,97816
217726,159744,-308224,32904,12187,104296
217736,159744,-399360,39312,12187,110997
217746,184320,-424960,42840,14062,81798
217756,231424,-504832,51768,17656,112383
217766,246784,-527360,54432,18828,99105
217776,246784,-560128,56736,18828,108953
217786,342016,-638976,68976,26093,171813
217796,342016,-581632,64944,26093,120066
217806,447488,-647168,76968,34140,191366
217816,447488,-663552,78120,34140,212079
217826,447488,-581632,72360,34140,169684
217836,801792,-537600,94176,61171,226253
217846,801792,-384000,83376,61171,147446
217856,1105920,-340992,101736,84375,231049
217866,1105920,-193536,91368,84375,195409
217876,1392640,-61440,102240,106250,245920
217886,1497088,73728,100080,114218,268391
217896,1790976,326656,102960,136640,245052
217906,1929216,548864,97056,147187,247101
217916,1929216,813056,78480,147187,202045
217926,2124800,1044480,75960,162109,239141
217936,2124800,1351680,54360,162109,198731
217946,2124800,1549312,40464,162109,236681
217956,2267136,1882112,27072,172968,196225
217966,2367488,2101248,18720,180625,217270
217976,2419712,2377728,2952,184609,179536
217986,2472960,2580480,-7560,188671,207227
217996,2472960,2848768,-26424,188671,155475
218006,2499584,3040256,-38016,190703,174010
218016,2582528,3295232,-50112,197031,120662
218026,2638848,3465216,-58104,201328,124496
218036,2638848,3636224,-70128,201328,91770
218046,2911232,3744768,-58608,222109,124498
218056,2911232,3809280,-63144,222109,131369
218066,3316736,3939328,-43776,253046,129714
218076,3578880,4008960,-30240,273046,171284
218086,3578880,4082688,-35424,273046,158708
218096,4209664,4140032,4896,321171,252738
218106,4209664,4190208,1368,321171,277786
218116,4209664,4386816,-12456,321171,206606
218126,4301824,4504576,-14256,328203,228673
218136,4301824,4775936,-33336,328203,150222
218146,4209664,4914176,-49536,321171,158741
218156,4209664,5127168,-64512,321171,99659
218166,3210240,5210112,-140616,244921,-1489
218176,2847744,5362688,-176832,217265,-102666
218186,2847744,5328896,-174456,217265,-34294
218196,2079744,5211136,-220176,158671,-79876
218206,2079744,5101568,-212472,158671,-76484
218216,1094656,4855808,-264456,83515,-170167
218226,1022976,4516864,-245664,78046,-102497
218236,555008,4158464,-253368,42343,-171136
218246,423936,3746816,-233640,32343,-189986
218256,308224,3218432,-204624,23515,-139020
218266,141312,2641920,-175824,10781,-106921
218276,6144,2054144,-144000,468,-80318
218286,0,1571840,-110520,0,-105575
218296,0,977920,-68760,0,-52956
218306,-4096,402432,-28584,-313,12413
218316,-4096,-113664,7704,-313,24173
218326,-4096,-533504,37224,-313,-4039
218336,0,-940032,66096,0,16041
218346,0,-1399808,98424,0,110143
218356,0,-1746944,122832,0,156456
218366,0,-1942528,136584,0,150603
218376,-4096,-2206720,154872,-313,245804
218386,-4096,-2234368,156816,-313,184720
218396,-4096,-2338816,164160,-313,220040
218406,-4096,-2304000,161712,-313,183638
218416,-4096,-2280448,160056,-313,208075
218426,-4096,-2228224,156384,-313,203430
218436,-4096,-2148352,150768,-313,205624
218446,-4096,-2136064,149904,-313,253397
218456,-4096,-2013184,141264,-313,239253
218467,-4096,-1926144,135144,-313,250426
218477,-4096,-1811456,127080,-313,254626
218487,-13312,-1691648,118008,-1016,253272
218497,-40960,-1533952,104976,-3125,249358
218507,-40960,-1449984,99072,-3125,245738
218517,-87040,-1313792,86256,-6641,226768
218527,-105472,-1246208,80208,-8047,256634
218537,-105472,-1098752,69840,-8047,243616
218547,-130048,-1000448,61200,-9922,254273
218557,-130048,-854016,50904,-9922,228056
218567,-136192,-766976,44352,-10391,237499
218577,-136192,-608256,33192,-10391,209865
218587,-136192,-566272,30240,-10391,242836
218597,-130048,-439296,21744,-9922,228962
218607,-130048,-366592,16632,-9922,245832
218617,-130048,-220160,6336,-9922,202482
218627,-117760,-156672,2736,-8985,219153
218637,-117760,-16384,-7128,-8985,163202
218647,-114688,-17408,-6840,-8750,221261
218657,-114688,73728,-13248,-8750,193308
218667,-114688,84992,-14040,-8750,230513
218677,-114688,208896,-22752,-8750,157674
218687,-114688,219136,-23472,-8750,169986
218697,-114688,253952,-25920,-8750,154690
218707,-114688,260096,-26352,-8750,155210
218717,-114688,193536,-21672,-8750,199855
218727,-114688,270336,-25560,-8750,151768
218737,-114688,191488,-21528,-8750,181478
218747,-117760,225280,-24120,-8985,121236
218757,-117760,148480,-18720,-8985,145195
218767,-117760,86016,-14328,-8985,143781
218777,-166912,41984,-14688,-12735,140043
218787,-166912,-108544,-4104,-12735,199325
218797,-250880,-124928,-8856,-19141,146097
218807,-250880,-277504,1872,-19141,209906
218817,-429056,-290816,-9720,-32735,126766
218827,-429056,-425984,-216,-32735,170659
218837,-429056,-497664,4824,-32735,159106
218847,-740352,-562176,-12528,-56485,93047
218857,-847872,-705536,-10008,-64688,111023
218867,-1074176,-779264,-20736,-81954,48655
218877,-1162240,-974848,-13176,-88672,88116
218887,-1162240,-1189888,1944,-88672,127750
218897,-1393664,-1310720,-5832,-106329,61140
218907,-1393664,-1590272,13824,-106329,141626
218917,-1562624,-1783808,15552,-119219,122627
218927,-1579008,-1977344,28008,-120469,120769
218937,-1849344,-2244608,27792,-141094,141705
218947,-1849344,-2414592,39744,-141094,118156
218957,-2058240,-2669568,42984,-157032,136878
218967,-2058240,-2878464,57672,-157032,157059
218977,-2058240,-3021824,67752,-157032,125859
218987,-2583552,-3272704,48456,-197110,106293
218997,-2669568,-3489792,57672,-203672,110667
219007,-2727936,-3727360,70272,-208125,130133
219017,-2848768,-3981312,79632,-217344,151475
219027,-2848768,-4170752,92952,-217344,125792
219037,-2848768,-4466688,113760,-217344,206192
219047,-2848768,-4689920,129456,-217344,223538
219057,-2848768,-4878336,142704,-217344,240343
219067,-2880512,-5105664,156456,-219766,298238
219077,-2880512,-5186560,162144,-219766,262499
219087,-2583552,-5381120,196704,-197110,374657
219097,-2583552,-5354496,194832,-197110,297073
219107,-2220032,-5444608,226728,-169375,398262
219117,-2220032,-5346304,219816,-169375,327302
219127,-2220032,-5349376,220032,-169375,384345
219137,-2220032,-5208064,210096,-169375,347204
219147,-2220032,-5144576,205632,-169375,394599
219157,-585728,-4912128,304200,-44688,574085
219167,-436224,-4816896,308016,-33282,648619
219177,-436224,-4430848,280872,-33282,552556
219187,-99328,-3948544,270648,-7579,508825
219197,-99328,-3505152,239472,-7579,469882
219207,-4096,-3024896,212400,-313,448470
219217,0,-2423808,170424,0,343088
219227,0,-2022400,142200,0,388554
219237,0,-1506304,105912,0,335697
219247,0,-1125376,79128,0,336284
219257,0,-718848,50544,0,339481
219267,0,-287744,20232,0,286116
219277,0,17408,-1224,0,303756
219287,0,416768,-29304,0,246938
219297,0,650240,-45720,0,286961
219307,36864,982016,-66456,2812,215620
219317,36864,1132544,-77040,2812,244303
219327,52224,1384448,-93672,3984,160918
219337,49152,1469440,-99864,3750,172350
219347,49152,1630208,-111168,3750,74670
219357,49152,1588224,-108216,3750,130759
219367,39936,1636352,-112248,3046,61908
219377,39936,1599488,-109656,3046,33589
219387,39936,1454080,-99432,3046,47618
219397,15360,1370112,-95256,1171,-30021
219407,21504,1132544,-78120,1640,7228
219417,21504,838656,-57456,1640,77660
219427,33792,658432,-43920,2578,42082
219437,33792,359424,-22896,2578,104696
219447,36864,72704,-2520,2812,141275
219457,36864,-102400,9792,2812,111619
219467,33792,-320512,24912,2578,142038
219477,33792,-507904,38088,2578,159887
219487,30720,-583680,43200,2343,114169
219497,24576,-760832,55224,1875,163928
219507,24576,-860160,62208,1875,157720
219517,9216,-906240,64368,703,136262
219527,9216,-1038336,73656,703,189322
219537,9216,-1056768,74952,703,123012
219547,9216,-1059840,75168,703,151700
219557,9216,-1126400,79848,703,193155
219567,9216,-1053696,74736,703,129744
219577,12288,-1115136,79272,937,178853
219587,12288,-1079296,76752,937,147367
219597,12288,-1060864,75456,937,136542
219607,12288,-1098752,78120,937,178893
219617,104448,-1052672,81360,7968,144296
219627,172032,-1047552,85752,13125,198404
219637,231424,-999424,86544,17656,205687
219647,348160,-873472,85896,26562,183262
219657,394240,-840704,86832,30078,241693
219667,589824,-624640,85392,45000,190376
219677,689152,-499712,83592,52578,221770
219687,689152,-293888,69120,52578,179510
219697,1350656,-152576,105696,103046,305681
219707,1828864,88064,122400,139531,340017
219717,1828864,353280,103752,139531,323960
219727,2697216,762880,136008,205781,351731
219737,2911232,1087488,128232,222109,390846
219747,2911232,1582080,93456,222109,290367
219758,3464192,2006016,102528,264296,375240
219768,3464192,2510848,67032,264296,333640
219778,4637696,3119104,106776,353828,406728
219788,4637696,3650560,69408,353828,390032
219798,5051392,4216832,58680,385390,410507
219808,5051392,4886528,11592,385390,326654
219818,5051392,5425152,-26280,385390,327694
219828,5051392,6062080,-71064,385390,251301
219838,4998144,6646784,-115920,381328,160873
219848,4998144,7069696,-145656,381328,137089
219858,4998144,7526400,-177768,381328,32769
219868,5051392,7836672,-195840,385390,-21074
219878,5051392,7972864,-205416,385390,42404
219888,5051392,8110080,-215064,385390,40255
219898,4892672,8145920,-228744,373281,47994
219908,4892672,8163328,-229968,373281,39397
219918,3778560,8167424,-308592,288281,-139659
219928,3778560,8072192,-301896,288281,-128235
219938,2638848,7993344,-376488,201328,-334856
219948,2638848,7628800,-350856,201328,-217363
219958,1436672,7225344,-407016,109609,-321240
219968,1436672,6767616,-374832,109609,-286514
219978,600064,6241280,-396648,45781,-376231
219988,500736,5523456,-353160,38203,-299380
219998,500736,4691968,-294696,38203,-198425
220008,135168,3916800,-265896,10312,-206358
220018,135168,3138560,-211176,10312,-210187
220028,135168,2322432,-153792,10312,-151307
220038,135168,1525760,-97776,10312,-141077
220048,0,641024,-45072,0,-42011
220058,0,17408,-1224,0,-78318
220068,-4096,-613376,42840,-313,-94928
220078,-4096,-1319936,96480,-313,47336
220088,-4096,-1975296,138600,-313,127522
220098,-4096,-2381824,167184,-313,102387
220108,-4096,-2819072,197928,-313,189482
220118,-4096,-3148800,221112,-313,253858
220128,-4096,-3377152,237168,-313,345750
220138,-4096,-3388416,237960,-313,295692
220148,-4096,-3432448,241056,-313,326588
220158,-4096,-3286016,230760,-313,267774
220168,-4096,-3172352,222768,-313,273721
220178,-4096,-3030016,212760,-313,294390
220188,-4096,-2831360,198792,-313,260181
220198,-4096,-2752512,193248,-313,319338
220208,-4096,-2592768,182016,-313,325039
220218,-4096,-2347008,164736,-313,264302
220228,-7168,-2165760,151776,-547,274626
220238,-7168,-1983488,138960,-547,298542
220248,-7168,-1755136,122904,-547,285813
220258,-83968,-1538048,102240,-6407,250576
220268,-83968,-1388544,91728,-6407,290674
220278,-166912,-1159168,69768,-12735,249584
220288,-191488,-950272,53352,-14610,223641
220298,-238592,-815104,40536,-18204,243380
220308,-260096,-698368,30816,-19844,269108
220318,-273408,-536576,18504,-20860,245021
220328,-273408,-415744,10008,-20860,238255
220338,-273408,-330752,4032,-20860,264219
220348,-270336,-141312,-9072,-20625,228398
220358,-270336,-49152,-15552,-20625,196549
220368,-260096,5120,-18648,-19844,225633
220378,-250880,141312,-27576,-19141,181484
220388,-250880,221184,-33192,-19141,161504
220398,-173056,195584,-25920,-13204,227995
220408,-173056,294912,-32904,-13204,174640
220418,-56320,309248,-25704,-4297,192207
220428,-4096,274432,-19584,-313,236775
220438,-4096,355328,-25272,-313,171082
220448,0,294912,-20736,0,210202
220458,0,333824,-23472,0,177112
220468,0,342016,-24048,0,151515
220478,0,266240,-18720,0,197239
220488,0,308224,-21672,0,133498
220498,0,238592,-16776,0,158425
220508,0,209920,-14760,0,151791
220518,0,180224,-12672,0,128544
220528,0,86016,-6048,0,159569
220538,3072,40960,-2664,234,130243
220548,12288,-122880,9504,937,196010
220558,12288,-145408,11088,937,150987
220568,33792,-282624,22248,2578,202147
220578,64512,-351232,29232,4921,214749
220588,86016,-365568,31752,6562,182577
220598,101376,-467968,40032,7734,236247
220608,101376,-410624,36000,7734,162175
220618,101376,-487424,41400,7734,209680
220628,101376,-524288,43992,7734,231177
220638,95232,-470016,39744,7265,174556
220648,95232,-547840,45216,7265,232196
220658,98304,-519168,43416,7500,209064
220668,107520,-515072,43776,8203,209817
220678,107520,-552960,46440,8203,255672
220688,107520,-465920,40320,8203,210519
220698,237568,-433152,47160,18125,229981
220708,237568,-447488,48168,18125,275837
220718,237568,-343040,40824,18125,232989
220728,263168,-268288,37368,20078,217136
220738,252928,-271360,36864,19296,258596
220748,252928,-211968,32688,19296,255180
220758,193536,-117760,21888,14765,213722
220768,172032,-88064,18288,13125,221046
220778,172032,-93184,18648,13125,265782
220788,141312,-28672,11952,10781,243749
220798,132096,14336,8280,10078,229248
220808,132096,-13312,10224,10078,274040
220818,138240,58368,5616,10546,233156
220828,138240,78848,4176,10546,225629
220838,138240,67584,4968,10546,253241
220848,138240,135168,216,10546,215386
220858,138240,154624,-1152,10546,207570
220868,138240,137216,-1440,10546,218764
220879,162816,212992,-3528,12421,193974
220889,172032,251904,-5616,13125,174440
220899,172032,191488,-1368,13125,222872
220909,172032,211968,-2808,13125,225847
220919,311296,267264,3096,23750,213250
220929,348160,236544,7848,26562,248426
220939,348160,238592,7704,26562,263936
220949,372736,338944,2376,28437,207496
220959,384000,303104,5688,29296,255738
220969,384000,286720,6840,29296,287023
220979,384000,393216,-648,29296,225726
220989,555008,407552,10368,42343,259670
220999,555008,391168,11520,42343,297683
221009,555008,470016,5976,42343,260705
221019,564224,491520,5112,43046,260351
221029,564224,502784,4320,43046,295151
221039,466944,605184,-9720,35625,229373
221049,458752,625664,-11736,35000,242736
221059,409600,677888,-18864,31250,231713
221069,409600,780288,-26064,31250,173855
221079,342016,754688,-29016,26093,206604
221089,342016,832512,-34488,26093,157565
221099,234496,805888,-40176,17890,148649
221109,92160,720896,-44208,7031,163242
221119,92160,705536,-43128,7031,117738
221129,-7168,544768,-38808,-547,157180
221139,-13312,506880,-36576,-1016,91553
221149,-130048,299008,-30168,-9922,131308
221159,-130048,207872,-23760,-9922,73464
221169,-424960,-36864,-27288,-32422,99386
221179,-424960,-152576,-19152,-32422,42426
221189,-649216,-393216,-18000,-49532,55055
221199,-708608,-586752,-8568,-54063,30277
221209,-1310720,-880640,-30240,-100000,705
221219,-1467392,-1128448,-23832,-111954,-11809
221229,-1993728,-1436672,-39168,-152110,-45229
221239,-2196480,-1805312,-27504,-167579,-14942
221249,-2196480,-2121728,-5256,-167579,1642
221259,-4540416,-2608128,-135864,-346407,-228113
221269,-4540416,-3089408,-102024,-346407,-192297
221279,-8416256,-3724288,-329904,-642110,-658599
221289,-8942592,-4683776,-299448,-682266,-550774
221299,-9309184,-5957632,-235656,-710235,-337226
221309,-9402368,-7270400,-149904,-717344,-233315
221319,-8588288,-8525824,-4392,-655235,-7813
221329,-7522304,-9829376,162216,-573907,252180
221339,-7522304,-10777600,228888,-573907,229821
221349,-3820544,-11364352,530424,-291485,615332
221359,-3820544,-11671552,552024,-291485,493058
221369,-1209344,-11500544,723600,-92266,650342
221379,-448512,-11195392,755640,-34219,697383
221389,-257024,-10532864,722520,-19610,594285
221399,-257024,-9809920,671688,-19610,545514
221409,-50176,-9099264,636264,-3829,555534
221419,-50176,-8346624,583344,-3829,558540
221429,3072,-7657472,538632,234,611173
221439,3072,-6834176,480744,234,562534
221449,3072,-6007808,422640,234,477338
221459,3072,-5230592,367992,234,406316
221469,294912,-4491264,336528,22500,424118
221479,294912,-3822592,289512,22500,439960
221489,455680,-3103744,250272,34765,399273
221499,496640,-2391040,203040,37890,341098
221509,620544,-1793024,169704,47343,356951
221519,653312,-1288192,136512,49843,387889
221529,759808,-716800,103824,57968,362351
221539,794624,-218112,71208,60625,336443
221549,956416,219136,51840,72968,380652
221559,1208320,687104,36648,92187,397347
221569,1208320,1198080,720,92187,308647
221579,2726912,1697792,72360,208046,466392
221589,2726912,2120704,42624,208046,473777
221599,7292928,2708480,322344,556406,1090784
221609,10695680,3598336,499032,816015,1372454
221619,10695680,4996096,400752,816015,1022989
221629,10695680,6690816,281592,816015,731848
221639,13624320,8478720,361800,1039453,916947
221649,13624320,10324992,231984,1039453,762406
221659,13624320,12099584,107208,1039453,624320
221669,7144448,13814784,-469008,545078,-389474
221679,7144448,15251456,-570024,545078,-568707
221689,4032512,15933440,-836784,307656,-968148
221699,2611200,15720448,-921744,199218,-753651
221709,2611200,14772224,-855072,199218,-338753
221719,1161216,13499392,-867528,88593,-294019
221729,483328,12315648,-831960,36875,-389790
221739,435200,10987520,-741960,33203,-286178
221749,435200,9721856,-652968,33203,-300386
221759,327680,8495104,-574272,25000,-272876
221769,327680,7282688,-489024,25000,-280528
221779,263168,6174720,-415656,20078,-281594
221789,196608,4980736,-336384,15000,-162064
221799,141312,3949568,-267768,10781,-184403
221809,110592,2888704,-195336,8437,-63131
221819,110592,1911808,-126648,8437,-54876
221829,110592,1118208,-70848,8437,-104183
221839,6144,306176,-21096,468,-75172
221849,-4096,-512000,35712,-313,-18531
221859,-4096,-1183744,82944,-313,34032
221869,-4096,-1883136,132120,-313,110033
221879,0,-2426880,170640,0,142031
221889,0,-2967552,208656,0,260421
221899,0,-3336192,234576,0,306448
221909,0,-3524608,247824,0,330570
221919,0,-3650560,256680,0,355711
221929,0,-3585024,252072,0,302262
221939,0,-3432448,241344,0,241284
221949,0,-3339264,234792,0,276847
221959,0,-3162112,222336,0,269841
221969,0,-2949120,207360,0,232437
221979,-4096,-2817024,197784,-313,267675
221989,-4096,-2693120,189072,-313,311677
221999,-4096,-2488320,174672,-313,303991
222009,-4096,-2236416,156960,-313,263580
222019,-7168,-2010112,140832,-547,237007
222029,-7168,-1819648,127440,-547,260935
222039,-7168,-1636352,114552,-547,287270
222049,-7168,-1463296,102384,-547,319613
222059,-139264,-1226752,76464,-10625,271430
222069,-139264,-1028096,62496,-10625,270993
222079,-139264,-839680,49248,-10625,255916
222089,-136192,-690176,38952,-10391,270194
222099,-126976,-533504,28584,-9688,273632
222109,-114688,-370688,18000,-8750,263649
222120,-96256,-192512,6768,-7344,236838
222130,-96256,-36864,-4176,-7344,207986
222140,-96256,55296,-10656,-7344,232463
222150,-7168,128000,-9504,-547,275579
222160,-7168,223232,-16200,-547,279817
222170,0,382976,-26928,0,229474
222180,0,528384,-37152,0,180556
222190,0,635904,-44712,0,143022
222200,3072,656384,-45936,234,163647
222210,6144,636928,-44352,468,184445
222220,49152,672768,-43848,3750,184845
222230,73728,707584,-44568,5625,148953
222240,73728,695296,-43704,5625,125213
222250,237568,605184,-25848,18125,179866
222260,294912,498688,-14328,22500,228222
222270,365568,501760,-9576,27890,204613
222280,372736,539648,-11736,28437,147664
222290,372736,506880,-9432,28437,143793
222300,394240,423936,-2088,30078,183099
222310,394240,331776,4392,30078,251790
222320,405504,322560,5832,30937,195842
222330,405504,313344,6480,30937,165355
222340,405504,197632,14616,30937,209579
222350,594944,217088,26568,45390,224646
222360,594944,242688,24768,45390,185759
222370,773120,192512,40824,58984,246915
222380,1012736,205824,56736,77265,282479
222390,1350656,292864,74376,103046,306446
222400,1497088,336896,81576,114218,327083
222410,1545216,413696,79560,117890,357916
222420,1868800,646144,85968,142578,333376
222430,1868800,871424,70128,142578,292762
222440,2057216,1055744,70416,156953,327446
222450,2057216,1264640,55728,156953,323039
222460,2057216,1544192,36072,156953,273583
222470,2079744,1752064,23040,158671,271454
222480,2079744,1942528,9648,158671,291442
222490,2079744,2206720,-8928,158671,248807
222500,2079744,2406400,-22968,158671,229119
222510,2079744,2560000,-33768,158671,241523
222520,1481728,2767872,-90432,113046,88841
222530,1481728,2852864,-96408,113046,79646
222540,719872,2877440,-151704,54921,-40154
222550,483328,2849792,-166392,36875,-104969
222560,308224,2664448,-165672,23515,-58863
222570,256000,2376704,-149112,19531,-8870
222580,256000,2063360,-127080,19531,12658
222590,39936,1680384,-115344,3046,33659
222600,27648,1374208,-94680,2109,-640
222610,27648,1026048,-70200,2109,10857
222620,12288,621568,-42840,937,74037
222630,12288,301056,-20304,937,63568
222640,9216,21504,-864,703,86062
222650,9216,-335872,24264,703,115698
222660,9216,-548864,39240,703,87115
222670,9216,-801792,57024,703,135386
222680,24576,-1033216,74376,1875,190163
222690,24576,-1125376,80856,1875,155750
222700,89088,-1261568,94968,6796,179054
222710,193536,-1386496,111096,14765,219604
222720,193536,-1380352,110664,14765,172571
222730,221184,-1437696,116640,16875,203447
222740,221184,-1466368,118368,16875,216529
222750,221184,-1405952,114408,16875,183607
222760,172032,-1453056,114264,13125,235470
222770,172032,-1382400,109296,13125,203515
222780,172032,-1346560,106776,13125,216208
222790,12288,-1314816,93312,937,186057
222800,0,-1201152,84456,0,162822
222810,0,-1244160,87480,0,245505
222820,0,-1133568,79704,0,198893
222830,-4096,-1161216,81360,-313,264319
222840,-7168,-1029120,70560,-547,188281
222850,-154624,-970752,57384,-11797,186768
222860,-154624,-899072,52344,-11797,175695
222870,-356352,-819200,32544,-27188,133155
222880,-444416,-843776,28080,-33907,185374
222890,-671744,-762880,6408,-51250,143772
222900,-671744,-808960,9648,-51250,190092
222910,-671744,-790528,8352,-51250,181786
222920,-671744,-852992,12744,-51250,208131
222930,-1579008,-891904,-48312,-120469,64326
222940,-1579008,-962560,-43344,-120469,52529
222950,-2103296,-1110016,-69840,-160469,-1894
222960,-2243584,-1259520,-69192,-171172,-47877
222970,-2342912,-1544192,-56160,-178750,-5499
222980,-2420736,-1849344,-40176,-184688,-3988
222990,-2420736,-2230272,-13392,-184688,57303
223000,-2420736,-2624512,14328,-184688,99651
223010,-2420736,-2942976,36720,-184688,85323
223020,-2394112,-3345408,66888,-182657,154192
223030,-2292736,-3620864,93384,-174922,143328
223040,-2292736,-3969024,117864,-174922,198175
223050,-2292736,-4149248,130536,-174922,162360
223060,-1629184,-4416512,195984,-124297,313880
223070,-1629184,-4481024,200520,-124297,269313
223080,-1629184,-4549632,205344,-124297,267004
223090,-1629184,-4601856,209016,-124297,305003
223100,-489472,-4508672,282600,-37344,417691
223110,-489472,-4469760,279864,-37344,442337
223120,-409600,-4263936,271008,-31250,436728
223130,-388096,-3944448,250056,-29610,339181
223140,-295936,-3656704,236304,-22579,343708
223150,-257024,-3368960,218808,-19610,354930
223160,-7168,-3001344,210528,-547,351618
223170,6144,-2732032,192528,468,387555
223180,9216,-2429952,171504,703,424730
223190,82944,-2000896,146520,6328,390433
223200,82944,-1612800,119232,6328,332252
223210,231424,-1266688,105336,17656,361542
223220,231424,-874496,77760,17656,322124
223230,787456,-478208,88992,60078,372867
223240,1392640,-195584,111672,106250,487913
223250,3316736,264192,214632,253046,748570
223260,3945472,914432,213120,301015,703864
223270,7292928,1748992,389808,556406,994867
223280,7599104,2734080,342072,579765,866799
223290,7599104,3903488,259848,579765,671883
223300,9214976,5319680,273888,703046,705508
223310,9687040,6686720,210960,739062,686657
223320,9590784,8056832,107856,731718,547258
223330,8415232,9371648,-67248,642031,330826
223340,8415232,10557440,-150624,642031,240586
223350,6305792,11636736,-374832,481093,-207778
223360,4119552,12269568,-573048,314296,-566317
223370,3107840,12393472,-652896,237109,-570644
223380,3107840,12002304,-625392,237109,-320557
223390,1094656,11199488,-710496,83515,-365436
223400,1094656,10284032,-646128,83515,-238386
223410,352256,9263104,-626544,26875,-279657
223421,150528,8256512,-569952,11484,-263095
223431,76800,7310336,-508608,5859,-325502
223441,76800,6295552,-436248,-313,-249593
223451,-4096,5211136,-366696,-313,-221723
223461,-4096,4217856,-296856,-313,-206099
223471,-4096,3318784,-233640,-313,-202644
223481,-4096,2336768,-164592,-313,-135041
223491,-44032,1453056,-105264,-3360,-121285
223501,-44032,567296,-42984,-3360,-32410
223511,-151552,-171008,1368,-11563,-69178
223521,-194560,-835584,45072,-14844,-72725
223531,-370688,-1545216,82584,-28282,-24390
223541,-444416,-2181120,122112,-33907,32862
223551,-444416,-2717696,159840,-33907,103395
223561,-1325056,-3231744,134064,-101094,54925
223571,-1325056,-3596288,159696,-101094,46237
223581,-1950720,-3984384,142992,-148829,63356
223591,-3041280,-4330496,90648,-232032,-44754
223601,-5500928,-4621312,-61848,-419688,-376898
223611,-5985280,-5116928,-61056,-456641,-324516
223621,-7369728,-5693440,-117864,-562266,-439849
223631,-7369728,-6393856,-68616,-562266,-345737
223641,-7369728,-7351296,-1296,-562266,-159279
223651,-7445504,-8275968,58392,-568047,-42947
223661,-7445504,-9167872,121104,-568047,32537
223671,-6644736,-9936896,231480,-506954,160611
223681,-6112256,-10677248,320976,-466329,314149
223691,-6112256,-11151360,354312,-466329,270589
223701,-6112256,-11411456,372600,-466329,214929
223711,-1198080,-11598848,731304,-91407,870871
223721,-1198080,-11427840,719280,-91407,750031
223731,-601088,-10805248,717480,-45860,624148
223741,-601088,-10031104,663048,-45860,516455
223751,-257024,-9307136,636336,-19610,561699
223761,-133120,-8519680,589680,-10157,573687
223771,-65536,-7744512,539928,-5000,604485
223781,-53248,-6993920,488016,-4063,591614
223791,-53248,-6172672,430272,-4063,491873
223801,-56320,-5342208,371664,-4297,414178
223811,-56320,-4645888,322704,-4297,391105
223821,-34816,-3997696,278640,-2657,400236
223831,-10240,-3371008,236304,-782,397090
223841,-10240,-2735104,191592,-782,337748
223851,-10240,-2139136,149688,-782,303303
223861,0,-1698816,119448,0,350943
223871,0,-1145856,80568,0,291546
223881,0,-675840,47520,0,265681
223891,0,-355328,24984,0,317122
223901,0,78848,-5544,0,269383
223911,0,428032,-30096,0,257892
223921,39936,742400,-49392,3046,241317
223931,70656,1082368,-71136,5390,176286
223941,159744,1255424,-77040,12187,228396
223951,348160,1549312,-84456,26562,173140
223961,348160,1677312,-93456,26562,170294
223971,466944,1912832,-101664,35625,111610
223981,965632,2013184,-73656,73671,169343
223991,965632,2142208,-82728,73671,112299
224001,3107840,2209792,63144,237109,430234
224011,6782976,2363392,310752,517500,933559
224021,7070720,2855936,296352,539453,772120
224031,7070720,3545088,247896,539453,526497
224041,10180608,4587520,393264,776718,894649
224051,10180608,5740544,312192,776718,758706
224061,12988416,6936576,425520,990937,1043005
224071,13367296,8451072,345672,1019843,854301
224081,13367296,10003456,236520,1019843,699170
224091,12864512,11876352,69480,981484,257565
224101,12864512,13327360,-32544,981484,226450
224111,7521280,14492672,-490176,573828,-601705
224121,6713344,15168512,-594504,512187,-655278
224131,6713344,15128576,-591696,512187,-293451
224141,6713344,14639104,-557280,512187,15071
224151,1032192,13968384,-909576,78750,-591646
224161,1032192,13127680,-850464,78750,-416326
224171,334848,12053504,-823968,25546,-371639
224181,263168,11082752,-760752,20078,-388734
224191,9216,9960448,-699696,703,-365470
224201,0,8837120,-621360,0,-348818
224211,-7168,7814144,-549936,-547,-328454
224221,-7168,6703104,-471816,-547,-212238
224231,-7168,5626880,-396144,-547,-163417
224241,-10240,4580352,-322776,-782,-61093
224251,-13312,3631104,-256248,-1016,-57198
224261,-13312,2840576,-200664,-1016,-126239
224271,-28672,2022400,-144216,-2188,-79225
224281,-56320,1175552,-86616,-4297,-23069
224291,-71680,458752,-37296,-5469,-11605
224301,-126976,-212992,6048,-9688,-21505
224311,-179200,-1060864,61992,-13672,111837
224321,-179200,-1629184,105120,-13672,117036
224331,-356352,-2291712,136080,-27188,182083
224341,-380928,-2765824,167688,-29063,181383
224351,-380928,-3216384,199368,-29063,260660
224361,-606208,-3582976,209304,-46250,287441
224371,-606208,-3751936,221184,-46250,295213
224381,-606208,-3965952,236232,-46250,358689
224391,-1482752,-3954688,173808,-113125,141433
224401,-1595392,-3999744,169056,-121719,131768
224411,-1595392,-4031488,171288,-121719,150229
224421,-1950720,-4115456,152208,-148829,133691
224431,-1950720,-4275200,163440,-148829,206534
224441,-2080768,-4453376,166824,-158750,235486
224451,-2080768,-4595712,176832,-158750,260283
224461,-2268160,-4773888,176184,-173047,232111
224471,-2268160,-4919296,186408,-173047,317193
224481,-2698240,-4966400,159480,-205860,206476
224491,-2698240,-5129216,170928,-205860,267677
224501,-2698240,-5215232,176976,-205860,287646
224511,-2698240,-5249024,179352,-205860,269501
224522,-2473984,-5367808,203472,-188750,369389
224532,-2473984,-5343232,201744,-188750,431907
224542,-2058240,-5312512,228816,-157032,379506
224552,-1033216,-5281792,298728,-78829,547407
224562,-825344,-5159936,304776,-62969,596136
224572,-353280,-4856832,316656,-26954,562906
224582,-353280,-4439040,287280,-26954,476897
224592,-173056,-3999744,269064,-13204,434668
224602,-173056,-3610624,241704,-13204,433834
224612,-173056,-3194880,212472,-13204,411371
224622,-173056,-2759680,181872,-13204,376812
224632,-34816,-2462720,170712,-2657,444897
224642,-13312,-2033664,142056,-1016,383401
224652,0,-1648640,115920,0,358453
224662,0,-1367040,96120,0,391735
224672,0,-1027072,72216,0,381382
224682,0,-721920,50760,0,396714
224692,0,-376832,26496,0,351612
224702,0,-32768,2304,0,310805
224712,0,194560,-13680,0,331767
224722,0,468992,-32976,0,308131
224732,0,760832,-52560,0,262179
224742,0,935936,-65808,0,247037
224752,-4096,1091584,-77040,-313,239275
224762,-4096,1222656,-86256,-313,215002
224772,-44032,1330176,-96624,-3360,166288
224782,-44032,1326080,-96336,-3360,175014
224792,-117760,1392640,-106200,-8985,109511
224802,-126976,1314816,-101376,-9688,110643
224812,-126976,1166336,-90936,-9688,136835
224822,-126976,1064960,-83808,-9688,73292
224832,-142336,794624,-65880,-10860,128959
224842,-142336,638976,-54936,-10860,60643
224852,-133120,283648,-29304,-10157,142176
224862,-133120,115712,-17496,-10157,84248
224872,-96256,-261120,11592,-7344,188829
224882,-90112,-432128,24048,-6875,141857
224892,-68608,-737280,47016,-5235,209547
224902,-68608,-961536,62784,-5235,229271
224912,-68608,-1084416,71424,-5235,190573
224922,-59392,-1273856,85392,-4532,224368
224932,-59392,-1343488,90288,-4532,183121
224942,-71680,-1516544,101592,-5469,215906
224952,-102400,-1677312,110736,-7813,253491
224962,-130048,-1686528,109440,-9922,187793
224972,-130048,-1778688,115920,-9922,218975
224982,-229376,-1857536,114480,-17500,268255
224992,-413696,-1857536,101520,-31563,190585
225002,-541696,-1907712,96048,-41329,199094
225012,-541696,-1963008,99936,-41329,245802
225022,-1221632,-1959936,51912,-93204,124446
225032,-1379328,-2042880,46656,-105235,141394
225042,-2058240,-2131968,5184,-157032,68969
225052,-2058240,-2193408,9504,-157032,30811
225062,-2555904,-2446336,-6048,-195000,58595
225072,-2788352,-2661376,-8928,-212735,20405
225082,-2880512,-3057664,12456,-219766,126209
225092,-2880512,-3375104,34776,-219766,161557
225102,-2848768,-3646464,56088,-217344,161890
225112,-2848768,-3963904,78408,-217344,197480
225122,-2848768,-4090880,87336,-217344,118715
225132,-1972224,-4363264,168120,-150469,320480
225142,-1972224,-4498432,177624,-150469,325293
225152,-1004544,-4464640,243288,-76641,397614
225162,-370688,-4393984,282888,-28282,459913
225172,-309248,-4224000,275256,-23594,450850
225182,-4096,-3851264,270504,-313,412861
225192,-4096,-3446784,242064,-313,369868
225202,43008,-2992128,213408,3281,314735
225212,138240,-2594816,192168,10546,341553
225222,138240,-2233344,166752,10546,381075
225232,318464,-1788928,148176,24296,376553
225242,318464,-1325056,115560,24296,317936
225252,509952,-973824,104328,38906,364479
225262,509952,-600064,78048,38906,380313
225272,846848,-167936,71352,64609,391419
225282,846848,325632,36648,64609,297834
225292,846848,801792,3168,64609,249101
225302,1561600,1240064,22608,119140,331130
225312,2102272,1731584,26064,160390,374697
225322,2102272,2225152,-8640,160390,352890
225332,3141632,2770944,26064,239687,429621
225342,3141632,3365888,-15768,239687,340904
225352,4209664,3881984,23040,321171,470730
225362,4687872,4466688,15552,357656,514861
225372,4687872,5212160,-36864,357656,399028
225382,4738048,5879808,-80280,361484,344973
225392,3988480,6571008,-181584,304296,152327
225402,3861504,7213056,-235656,294609,10472
225412,3861504,7667712,-267624,294609,-76754
225422,2697216,7834624,-361224,205781,-261039
225432,2697216,7803904,-359064,205781,-181807
225442,2697216,7488512,-336888,205781,-59271
225452,2014208,7182336,-363384,153671,-160845
225462,2014208,6716416,-330624,153671,-78588
225472,2014208,6307840,-301896,153671,-96033
225482,1392640,5807104,-310392,106250,-134493
225492,1392640,5327872,-276696,106250,-144437
225502,615424,4764672,-291744,46953,-181076
225512,443392,4141056,-259992,33828,-172805
225522,184320,3585024,-239112,14062,-236588
225532,135168,2846720,-190656,10312,-129884
225542,135168,2152448,-141840,10312,-102407
225552,-4096,1500160,-105768,-313,-123731
225562,-4096,820224,-57960,-313,-61327
225572,-4096,190464,-13680,-313,-44936
225582,-4096,-329728,22896,-313,-59790
225592,-4096,-937984,65664,-313,28486
225602,-4096,-1412096,99000,-313,42494
225612,-4096,-1796096,126000,-313,60711
225622,-16384,-2264064,158040,-1250,177441
225632,-28672,-2513920,174744,-2188,193443
225642,-102400,-2776064,187992,-7813,268553
225652,-126976,-2850816,191520,-9688,252573
225662,-126976,-2829312,190008,-9688,193182
225672,-145408,-2799616,186624,-11094,201877
225682,-163840,-2658304,175392,-12500,155725
225692,-185344,-2596864,169560,-14141,184756
225702,-222208,-2558976,164304,-16954,239713
225712,-222208,-2411520,153936,-16954,217014
225722,-356352,-2294784,136296,-27188,194138
225732,-356352,-2233344,131976,-27188,243057
225742,-463872,-2057216,112032,-35391,187120
225752,-541696,-1983488,97776,-41329,169419
225762,-580608,-1876992,91152,-44297,210423
225773,-590848,-1682432,76752,-45079,139412
225783,-590848,-1666048,75600,-45079,202863
225793,-606208,-1533952,65232,-46250,178691
225803,-611328,-1354752,52272,-46641,121334
225813,-606208,-1321984,50328,-46250,181320
225823,-626688,-1203200,40536,-47813,169544
225833,-626688,-1110016,33984,-47813,130996
225843,-666624,-1051648,27072,-50860,184798
225853,-666624,-917504,17640,-50860,148496
225863,-1221632,-846848,-26352,-93204,72820
225873,-1221632,-765952,-32040,-93204,68198
225883,-1366016,-681984,-48096,-104219,7045
225893,-1174528,-754688,-29520,-89610,91014
225903,-1074176,-742400,-23328,-81954,70718
225913,-1074176,-883712,-13392,-81954,144179
225923,-306176,-898048,41616,-23360,222208
225933,-306176,-974848,47016,-23360,243244
225943,0,-932864,65592,0,255984
225953,27648,-817152,59400,2109,202779
225963,58368,-759808,57528,4453,229849
225973,89088,-546816,44712,6796,169835
225983,266240,-399360,46800,20312,191721
225993,266240,-282624,38592,20312,216208
226003,266240,-78848,24264,20312,167529
226013,615424,8192,42696,46953,260055
226023,1208320,179200,72360,92187,327234
226033,1208320,428032,54864,92187,257706
226043,2787328,585728,154800,212656,522377
226053,2787328,970752,127728,212656,440672
226063,2787328,1478656,92016,212656,329561
226073,4738048,2043904,189432,361484,521541
226083,6506496,2643968,271584,496406,710140
226093,6782976,3433472,235512,517500,648811
226103,6643712,4352000,161136,506875,508338
226113,6643712,5396480,87696,506875,393619
226123,6643712,6335488,21672,506875,374263
226133,3316736,7193600,-272592,253046,-217928
226143,3007488,7800832,-337032,229453,-338027
226153,3007488,7946240,-347256,229453,-289293
226163,1392640,7719936,-444888,106250,-333643
226173,1392640,7263232,-412776,106250,-187909
226183,1392640,6712320,-374040,106250,-95615
226193,746496,6116352,-377568,56953,-152927
226203,540672,5603328,-355968,41250,-221765
226213,540672,4840448,-302328,41250,-109882
226223,540672,4268032,-262080,41250,-157196
226233,540672,3589120,-214344,41250,-108125
226243,348160,2941952,-182376,26562,-84544
226253,162816,2442240,-160272,12421,-186069
226263,135168,1819648,-118440,10312,-97013
226273,135168,1147904,-71208,10312,-60626
226283,0,674816,-47448,0,-137542
226293,0,30720,-2160,0,-19326
226303,9216,-431104,30960,703,-48187
226313,36864,-905216,66240,2812,-8591
226323,125952,-1400832,107352,9609,76768
226333,184320,-1808384,140112,14062,146231
226343,263168,-2134016,168552,20078,220538
226353,275456,-2326528,182952,21015,251576
226363,275456,-2467840,192888,21015,306713
226373,352256,-2513920,201528,26875,317837
226383,352256,-2362368,190872,26875,230806
226393,352256,-2256896,183456,26875,228385
226403,1734656,-2075648,267912,132343,410192
226413,1734656,-1817600,249768,132343,331384
226423,2847744,-1561600,310032,217265,487855
226433,3007488,-1234944,298296,229453,483703
226443,3007488,-714752,261720,229453,411811
226453,3988480,-115712,288576,304296,472459
226463,3988480,502784,245088,304296,411112
226473,5327872,1158144,293184,406484,582948
226483,5797888,1840128,278280,442343,580075
226493,5797888,2682880,219024,442343,548453
226503,5558272,3565568,140112,424062,445747
226513,4789248,4440064,24552,365390,246675
226523,2942976,5245952,-161928,224531,-89066
226533,2472960,5796864,-233712,188671,-190589
226543,1197056,6022144,-339264,91328,-311348
226553,766976,6019072,-369288,58515,-337990
226563,615424,5695488,-357192,46953,-228152
226573,234496,5254144,-352944,17890,-209472
226583,234496,4561920,-304272,17890,-67214
226593,234496,3993600,-264312,17890,-57258
226603,-53248,3418112,-244080,-4063,-111197
226613,-136192,2854912,-210312,-10391,-112371
226623,-182272,2331648,-176760,-13907,-141046
226633,-346112,1720320,-145296,-26407,-95466
226643,-452608,1180672,-114840,-34532,-78500
226653,-452608,723968,-82728,-34532,-125323
226663,-654336,185344,-59040,-49922,-101652
226673,-654336,-388096,-18720,-49922,-40934
226683,-654336,-813056,11160,-49922,-79184
226693,-654336,-1298432,45288,-49922,-23764
226703,-654336,-1837056,83160,-49922,93946
226713,-654336,-2146304,104904,-49922,83188
226723,-2528256,-2503680,-1728,-192891,-132073
226733,-2528256,-2758656,16200,-192891,-160809
226743,-2528256,-3055616,37080,-192891,-124281
226753,-3281920,-3547136,18648,-250391,-110265
226763,-3542016,-3937280,27792,-270235,-125385
226773,-3542016,-4419584,61704,-270235,-52986
226783,-3862528,-4944896,76104,-294688,-14944
226793,-4165632,-5385216,85752,-317813,4447
226803,-4165632,-5942272,124920,-317813,122026
226813,-5738496,-6285312,38448,-437813,-153056
226823,-5738496,-6763520,72072,-437813,-99650
226833,-5738496,-7301120,109872,-437813,-31060
226843,-6926336,-7874560,66672,-528438,-124800
226853,-6926336,-8584192,116568,-528438,5311
226863,-6644736,-9131008,174816,-506954,49048
226873,-4589568,-9829376,368424,-350157,461550
226883,-4589568,-10310656,402264,-350157,449827
226893,-1664000,-10590208,627624,-126954,811524
226903,-684032,-10368000,680904,-52188,735092
226913,-260096,-9842688,673776,-19844,608374
226923,-96256,-9208832,640728,-7344,562205
226933,-96256,-8596480,597672,-7344,575961
226943,0,-7920640,556920,0,601656
226953,0,-7317504,514512,0,629925
226963,0,-6670336,469008,0,648534
226973,0,-6012928,422784,0,594645
226983,0,-5438464,382392,0,572119
226994,0,-4832256,339768,0,533431
227004,0,-4228096,297288,0,477450
227014,0,-3706880,260640,0,441589
227024,0,-3168256,222768,0,395226
227034,0,-2784256,195768,0,432793
227044,0,-2331648,163944,0,412524
227054,3072,-1960960,138096,234,432051
227064,3072,-1593344,112248,234,422130
227074,3072,-1174528,82800,234,362263
227084,3072,-859136,60624,234,353145
227094,3072,-584704,41328,234,381595
227104,3072,-279552,19872,234,369892
227114,0,73728,-5184,0,292831
227124,0,326656,-22968,0,295235
227134,0,529408,-37224,0,324763
227144,0,824320,-57960,0,265492
227154,0,1089536,-76608,0,195809
227164,0,1221632,-85896,0,206185
227174,0,1422336,-100008,0,139189
227184,0,1537024,-108072,0,94261
227194,0,1500160,-105480,0,133009
227204,0,1526784,-107352,0,73131
227214,0,1392640,-97920,0,109100
227224,0,1314816,-92448,0,65015
227234,0,1116160,-78480,0,78772
227244,0,950272,-66816,0,65108
227254,3072,718848,-50328,234,72169
227264,3072,507904,-32976,234,94556
227274,3072,230400,-15984,234,111667
227284,9216,-34816,3096,703,153482
227294,73728,-222208,20808,5625,152560
227304,110592,-471040,40896,8437,202836
227314,297984,-613376,64080,22734,193952
227324,362496,-822272,83304,27656,255735
227334,362496,-857088,85752,27656,188503
227344,1116160,-999424,148752,85156,349097
227354,1116160,-961536,146088,85156,301985
227364,1116160,-894976,141408,85156,270942
227374,6240256,-806912,495504,476093,1025963
227384,6240256,-484352,472824,476093,885370
227394,8162304,257024,555840,622734,907668
227404,8941568,1292288,537840,682187,784787
227414,8851456,2672640,434448,675312,577294
227424,8851456,4067328,336384,675312,479055
227434,8851456,5305344,249336,675312,460183
227444,8851456,6509568,164664,675312,445253
227454,8851456,7540736,92160,675312,450136
227464,3578880,8493056,-345528,273046,-446164
227474,1716224,8912896,-506016,130937,-675496
227484,1350656,8684544,-515664,103046,-393011
227494,1062912,8052736,-491472,81093,-198659
227504,462848,7225344,-475488,35312,-165711
227514,462848,6294528,-410040,35312,-48745
227524,443392,5454848,-352368,33828,-59775
227534,443392,4809728,-307008,33828,-148222
227544,443392,3971072,-248040,33828,-67326
227554,405504,3317760,-206064,30937,-121107
227564,405504,2739200,-164088,30937,-133776
227574,405504,2002944,-112320,30937,-36780
227584,355328,1422336,-75024,27109,-37223
227594,318464,932864,-43200,24296,-106806
227604,288768,280576,576,22031,-20729
227614,259072,-288768,38520,19765,44370
227624,256000,-687104,66312,19531,-1007
227634,234496,-1142784,96840,17890,88406
227644,240640,-1558528,126504,18359,128966
227654,240640,-1915904,151632,18359,201163
227664,384000,-2216960,182880,29296,306024
227674,384000,-2295808,188424,29296,278295
227684,956416,-2411520,236808,72968,392810
227694,956416,-2269184,226800,72968,290807
227704,2756608,-2093056,340992,210312,506008
227714,2756608,-1824768,322128,210312,480726
227724,4944896,-1307648,439632,377265,674185
227734,6575104,-575488,502776,501640,722786
227744,7292928,401408,484560,556406,673216
227754,7292928,1563648,402840,556406,539907
227764,7292928,2689024,323712,556406,478851
227774,7292928,3817472,244368,556406,447780
227784,7292928,4782080,176544,556406,467416
227794,4539392,5726208,-83448,346328,44676
227804,4539392,6447104,-134136,346328,51103
227814,1680384,6894592,-366624,128203,-385233
227824,1422336,6956032,-389088,108515,-362108
227834,733184,6609920,-413208,55937,-248254
227844,435200,6105088,-398664,33203,-189128
227854,288768,5429248,-361440,22031,-129412
227864,172032,4647936,-314712,13125,-27007
227874,172032,3977216,-267552,13125,-49416
227884,3072,3353600,-235584,234,-104547
227894,0,2664448,-187344,0,-43280
227904,0,2057216,-144648,0,-60527
227914,0,1489920,-104760,0,-76587
227924,0,831488,-58464,0,23317
227934,0,297984,-20952,0,13579
227944,0,-168960,11880,0,4509
227954,0,-739328,51984,0,85579
227964,0,-1157120,81360,0,86550
227974,0,-1603584,112752,0,175572
227984,6144,-1943552,137088,468,213296
227994,27648,-2140160,154008,2109,228948
228004,27648,-2360320,167904,2109,283325
228014,27648,-2443264,173736,2109,262443
228024,224256,-2462720,188928,17109,271287
228034,224256,-2485248,190512,17109,301269
228044,224256,-2356224,181440,17109,245469
228054,314368,-2324480,185544,23984,304182
228064,314368,-2208768,177408,23984,304061
228074,314368,-2052096,166392,23984,267997
228084,462848,-1983488,172008,35312,337940
228094,462848,-1809408,159768,35312,320058
228105,462848,-1607680,145584,35312,275680
228115,726016,-1468416,154296,55390,340326
228125,726016,-1272832,140544,55390,338282
228135,726016,-1008640,121968,55390,298183
228145,2102272,-757760,201096,160390,480908
228155,2974720,-521216,242496,226953,605233
228165,2974720,-56320,213120,226953,554502
228175,2527232,513024,141624,192812,401400
228185,2219008,1117184,77472,169296,260730
228195,2219008,1650688,39960,169296,236704
228205,1161216,2086912,-65088,88593,71417
228215,1161216,2288640,-79272,88593,154738
228225,594944,2501632,-134064,45390,49618
228235,428032,2593792,-152280,32656,-9597
228245,208896,2478080,-159552,15937,631
228255,116736,2384896,-159480,8906,-71504
228265,12288,2102272,-146952,937,-22140
228275,6144,1790976,-125496,468,18536
228285,3072,1421312,-99720,234,63261
228295,-4096,1004544,-70920,-313,112928
228305,-4096,655360,-46368,-313,110396
228315,-4096,321536,-22896,-313,100204
228325,-4096,9216,-936,-313,84242
228335,-4096,-385024,26784,-313,170656
228345,-4096,-605184,42264,-313,151879
228355,-4096,-904192,63288,-313,214876
228365,-4096,-1035264,72504,-313,178001
228375,0,-1245184,87552,0,208882
228385,0,-1377280,96840,0,212252
228395,0,-1433600,100800,0,170833
228405,0,-1562624,109872,0,213032
228415,0,-1636352,115056,0,224864
228425,0,-1676288,117864,0,221501
228435,0,-1777664,124992,0,282164
228445,-4096,-1767424,123984,-313,261223
228455,-4096,-1769472,124128,-313,255343
228465,-10240,-1819648,127224,-782,303055
228475,-13312,-1748992,122040,-1016,262439
228485,-16384,-1725440,120168,-1250,261959
228495,-47104,-1737728,118872,-3594,301259
228505,-47104,-1647616,112536,-3594,273819
228515,-71680,-1570816,105408,-5469,257928
228525,-90112,-1548288,102528,-6875,301628
228535,-154624,-1403904,87840,-11797,238951
228545,-173056,-1347584,82584,-13204,258665
228555,-173056,-1256448,76176,-13204,257432
228565,-216064,-1139712,64944,-16485,224967
228575,-216064,-1084416,61056,-16485,257384
228585,-216064,-934912,50544,-16485,210596
228595,-191488,-900096,49824,-14610,270845
228605,-191488,-736256,38304,-14610,218032
228615,-185344,-672768,34272,-14141,242997
228625,-185344,-533504,24480,-14141,201578
228635,-185344,-515072,23184,-14141,256068
228645,-185344,-422912,16704,-14141,242867
228655,-176128,-333824,11088,-13438,272423
228665,-176128,-240640,4536,-13438,237177
228675,-108544,-78848,-2088,-8282,194158
228685,-108544,-17408,-6408,-8282,218377
228695,-108544,126976,-16560,-8282,164185
228705,0,158720,-11160,0,222014
228715,0,231424,-16272,0,215354
228725,0,335872,-23616,0,185315
228735,0,377856,-26568,0,190291
228745,0,470016,-33048,0,148297
228755,0,416768,-29304,0,205573
228765,0,452608,-31824,0,170290
228775,0,461824,-32472,0,152839
228785,0,430080,-30240,0,154528
228795,0,445440,-31320,0,106735
228805,0,325632,-22896,0,164766
228815,0,221184,-15552,0,195353
228825,0,220160,-15480,0,152442
228835,0,149504,-10512,0,160393
228845,0,99328,-6984,0,145064
228855,0,71680,-5040,0,116118
228865,0,-61440,4320,0,179096
228875,0,-161792,11376,0,207762
228885,0,-124928,8784,0,137265
228895,-80896,-191488,7776,-6172,137553
228906,-322560,-284672,-2664,-24610,136128
228916,-399360,-325632,-5184,-30469,86308
228926,-575488,-349184,-15912,-43907,82705
228936,-575488,-437248,-9720,-43907,103609
228946,-575488,-525312,-3528,-43907,113860
228956,-2500608,-652288,-129960,-190782,-186016
228966,-3820544,-826368,-210528,-291485,-412650
228976,-7999488,-1247232,-474768,-610313,-892767
228986,-10592256,-2034688,-601704,-808125,-1030646
228996,-14559232,-3347456,-788328,-1110782,-1276699
229006,-14696448,-4890624,-689472,-1121250,-1029808
229016,-14696448,-7046144,-537912,-1121250,-669081
229026,-14422016,-9026560,-379368,-1100313,-475401
229036,-14422016,-11211776,-225720,-1100313,-346090
229046,-9591808,-13131776,248904,-731797,455664
229056,-7837696,-14618624,476784,-597969,733285
229066,-3946496,-15347712,801648,-301094,1043579
229076,-3946496,-15408128,805896,-301094,704819
229086,-1004544,-15005696,984456,-76641,901064
229096,-781312,-14303232,950760,-59610,701904
229106,-781312,-13546496,897552,-59610,677804
229116,-216064,-12648448,874152,-16485,673472
229126,-47104,-11718656,820656,-3594,717848
229136,-47104,-10722304,750600,-3594,717040
229146,0,-9673728,680184,0,597263
229156,0,-8615936,605808,0,530254
229166,0,-7554048,531144,0,428360
229176,15360,-6549504,461592,1171,390903
229186,15360,-5598208,394704,1171,367986
229196,324608,-4634624,348696,24765,315795
229206,419840,-3876864,302112,32031,395331
229216,665600,-2965504,255312,50781,331768
229226,1062912,-2307072,236952,81093,424868
229236,2974720,-1521664,316152,226953,633165
229246,3280896,-737280,282528,250312,591894
229256,3280896,10240,229968,517500,1036640
229266,7070720,969728,428976,539453,969367
229276,7070720,2193408,342936,539453,763116
229286,7070720,3616768,242856,539453,509885
229296,7599104,5063680,178272,579765,461918
229306,7599104,6455296,80424,579765,385848
229316,7836672,7692288,10152,597890,378177
229326,7677952,8846336,-82152,585781,315766
229336,6506496,9819136,-232920,496406,86326
229346,6175744,10519552,-305424,471171,3911
229356,3657728,11099136,-523224,279062,-472586
229366,3389440,11338752,-558936,258593,-510872
229376,3389440,11020288,-536544,258593,-251329
229386,2057216,10565632,-598248,156953,-338708
229396,2057216,9877504,-549864,156953,-230226
229406,984064,9177088,-576072,75078,-345555
229416,984064,8454144,-525240,75078,-316861
229426,984064,7658496,-469296,75078,-305167
229436,412672,6763520,-446544,31484,-304937
229446,144384,5917696,-405936,11015,-304596
229456,144384,5079040,-346968,11015,-325841
229466,144384,4134912,-280584,11015,-263767
229476,172032,3338240,-222624,13125,-253165
229486,184320,2415616,-156888,14062,-146216
229496,187392,1648640,-102744,14296,-117059
229506,199680,951296,-52848,15234,-126834
229516,196608,295936,-6984,15000,-124945
229526,196608,-292864,34416,15000,-100136
229536,208896,-780288,69552,15937,-115831
229546,228352,-1309696,108144,17421,-25476
229556,466944,-1832960,161712,35625,124850
229566,615424,-2127872,192888,46953,146427
229576,1324032,-2379776,260424,101015,329830
229586,2242560,-2442240,329400,171093,527683
229596,2242560,-2162688,309744,171093,415369
229606,2787328,-1649664,311976,212656,323491
229616,2787328,-1112064,274176,212656,282879
229626,2787328,-559104,235224,212656,272786
229636,2787328,16384,194832,212656,217169
229646,2472960,420864,144288,188671,237001
229656,2472960,825344,115848,188671,250938
229666,2367488,1288192,75888,180625,178618
229676,2367488,1655808,50040,180625,135470
229686,2367488,1988608,26640,180625,152879
229696,2367488,2354176,936,180625,128566
229706,2367488,2585600,-15336,180625,163089
229716,2367488,2859008,-34560,180625,153777
229726,2341888,3139584,-56088,178671,98550
229736,2148352,3265536,-78552,163906,84763
229746,1577984,3415040,-129168,120390,-25589
229756,1577984,3589120,-141408,120390,-122114
229766,1284096,3507200,-156312,97968,-71098
229776,794624,3478528,-190656,60625,-157262
229786,794624,3329024,-178200,60625,-78388
229796,605184,3210240,-183168,46171,-120110
229806,605184,2907136,-161856,46171,-17500
229816,605184,2771968,-152352,46171,-86961
229826,540672,2454528,-134568,41250,-31427
229836,518144,2312192,-126144,39531,-92256
229846,518144,2102272,-111384,39531,-90880
229856,531456,1905664,-96624,40546,-92593
229866,536576,1630208,-76896,40937,-27400
229876,536576,1473536,-65880,40937,-82398
229886,594944,1102848,-35712,45390,48627
229896,594944,971776,-26496,45390,-26824
229906,659456,809984,-10584,50312,-38463
229916,659456,592896,4680,50312,13531
229926,824320,506880,22320,62890,-6212
229936,831488,347136,34056,63437,26694
229946,824320,215040,42840,62890,32300
229956,824320,90112,51624,62890,53825
229966,689152,-32768,50760,52578,81929
229976,689152,-48128,51840,52578,50340
229986,689152,-125952,57312,52578,112376
229996,615424,-175104,55584,46953,100691
230006,615424,-285696,63360,46953,169610
230016,615424,-285696,63360,46953,151857
230026,579584,-222208,56376,44218,78406
230036,579584,-304128,62136,44218,158078
230046,579584,-177152,53208,44218,101607
230056,631808,-36864,47016,48203,67441
230066,631808,49152,40968,48203,58464
230077,713728,26624,48312,54453,131049
230087,713728,50176,46656,54453,143897
230097,713728,158720,39024,54453,84467
230107,713728,179200,37584,54453,99273
230117,659456,208896,31680,50312,117202
230127,659456,277504,26856,50312,120393
230137,594944,355328,16848,45390,96690
230147,584704,394240,13392,44609,100220
230157,531456,374784,11016,40546,137755
230167,518144,428032,6336,39531,116477
230177,518144,501760,1152,39531,71971
230187,500736,493568,504,38203,90830
230197,500736,453632,3312,38203,139674
230207,500736,505856,-360,38203,109899
230217,500736,596992,-6768,38203,49270
230227,500736,550912,-3528,38203,99752
230237,500736,558080,-4032,38203,105625
230247,584704,608256,-1656,44609,88223
230257,584704,604160,-1368,44609,92219
230267,610304,603136,504,46562,95405
230277,605184,622592,-1224,46171,92799
230287,605184,612352,-504,46171,118626
230297,631808,689152,-4032,48203,64808
230307,631808,694272,-4392,48203,65143
230317,689152,611328,5400,52578,142762
230327,701440,628736,5112,53515,130466
230337,787456,726016,4320,60078,74528
230347,846848,703488,10080,64609,110151
230357,974848,645120,23184,74375,189745
230367,1084416,717824,25776,82734,158936
230377,1084416,798720,20088,82734,109300
230387,1284096,785408,35064,97968,177480
230397,1297408,806912,30456,98984,158635
230407,1337344,952320,27072,102031,152446
230417,1406976,1051648,24984,107343,156621
230427,1406976,1166336,16920,107343,135663
230437,1790976,1263616,37080,136640,189519
230447,1992704,1382400,42912,152031,215239
230457,2472960,1528832,66384,188671,280155
230467,2582528,1737728,59400,197031,252856
230477,2582528,1955840,44064,197031,224260
230487,2554880,2132992,29664,194921,231784
230497,2554880,2341888,14976,194921,229222
230507,2472960,2575360,-7200,188671,188242
230517,2393088,2805760,-29016,182578,117757
230527,2317312,2925568,-42768,176796,129871
230537,2267136,2997248,-51336,172968,162014
230547,2267136,3139584,-61344,172968,115810
230557,2341888,3223552,-61992,178671,86258
230567,2446336,3187712,-52128,186640,139557
230577,2446336,3239936,-55800,186640,88577
230587,2499584,3156992,-46224,190703,144781
230597,2446336,3176448,-51336,186640,108662
230607,2393088,3108864,-50328,182578,132716
230617,2057216,3120128,-74736,156953,54846
230627,2057216,3026944,-68184,156953,93539
230637,2057216,2950144,-62784,156953,107963
230647,1422336,2802688,-97056,108515,54155
230657,1003520,2728960,-121320,76562,-47355
230667,855040,2476032,-113976,65234,10112
230677,412672,2243584,-128736,31484,-43019
230687,372736,2012160,-115272,28437,-56032
230697,372736,1669120,-91152,28437,5727
230707,144384,1356800,-85248,11015,-33305
230717,0,934912,-65736,0,17463
230727,-10240,504832,-36216,-782,88744
230737,-53248,188416,-16992,-4063,40589
230747,-212992,-181248,-2232,-16250,40984
230757,-295936,-544768,17496,-22579,68401
230767,-484352,-803840,22464,-36954,10311
230777,-570368,-1173504,42408,-43516,81082
230787,-570368,-1420288,59760,-43516,71327
230797,-696320,-1779712,76176,-53125,157115
230807,-696320,-2008064,92232,-53125,183416
230817,-696320,-2209792,106416,-53125,200961
230827,-985088,-2342912,95472,-75157,125094
230837,-1085440,-2461696,96768,-82813,107935
230847,-1150976,-2589696,101160,-87813,109625
230857,-1351680,-2673664,92952,-103125,104789
230867,-1423360,-2781184,95472,-108594,85570
230877,-1423360,-2939904,106632,-108594,147864
230887,-1579008,-3022848,101520,-120469,116365
230897,-1579008,-3204096,114264,-120469,184360
230907,-1646592,-3279872,114840,-125625,153980
230917,-1646592,-3489792,129600,-125625,237868
230927,-1664000,-3564544,133632,-126954,214734
230937,-1664000,-3695616,142848,-126954,248754
230947,-1325056,-3743744,170064,-101094,285982
230957,-1233920,-3737600,176040,-94141,261770
230967,-1013760,-3793920,195480,-77344,342830
230977,-532480,-3630080,217800,-40625,334404
230987,-532480,-3523584,210312,-40625,314064
230997,-209920,-3364864,221832,-16016,413702
231007,-13312,-3108864,217656,-1016,415007
231017,0,-2804736,197208,0,362522
231027,0,-2551808,179424,0,378942
231037,0,-2276352,160056,0,384980
231047,0,-1911808,134424,0,326991
231057,0,-1587200,111600,0,298615
231067,0,-1378304,96912,0,350108
231077,0,-1113088,78264,0,359926
231087,0,-803840,56520,0,310220
231097,0,-575488,40464,0,331083
231107,0,-347136,24408,0,356004
231117,0,-31744,2232,0,268876
231127,0,173056,-12168,0,271738
231137,0,329728,-23184,0,294320
231147,0,620544,-43632,0,208829
231157,0,752640,-52920,0,232553
231167,3072,886784,-62136,234,230019
231177,3072,1032192,-72360,234,178732
231187,9216,1037312,-72288,703,206760
231197,12288,1131520,-78696,937,140388
231207,89088,1087488,-70200,6796,161349
231217,141312,1086464,-66456,10781,132771
231227,141312,1005568,-60768,10781,133158
231237,331776,916480,-41112,25312,185681
231247,355328,802816,-31464,27109,160203
231257,355328,662528,-21600,27109,184724
231267,462848,583680,-8496,35312,174734
231277,824320,443392,26784,62890,265732
231287,1184768,422912,53568,90390,261914
231297,2148352,295936,130248,163906,468492
231307,2527232,425984,147744,192812,420588
231317,2611200,520192,147024,199218,416752
231327,3540992,841728,189792,270156,462826
231337,3540992,1199104,164664,270156,405943
231347,4539392,1587200,207576,346328,524356
231357,4840448,2109440,192024,369296,493844
231368,4840448,2627584,155592,369296,473145
231378,4840448,3249152,111888,369296,408239
231388,3657728,3808256,-10584,279062,199451
231398,3107840,4350976,-87408,237109,85443
231408,3107840,4815872,-120096,237109,34646
231418,1971200,5096448,-219744,150390,-140107
231428,1971200,5211136,-227808,150390,-147498
231438,1561600,5206016,-256248,119140,-178408
231448,1497088,4960256,-243504,114218,-79394
231458,1284096,4611072,-233928,97968,-27394
231468,1284096,4256768,-209016,97968,3674
231478,794624,3900416,-218376,60625,-81420
231488,794624,3517440,-191448,60625,-79659
231498,794624,3141632,-165024,60625,-76985
231508,483328,2671616,-153864,36875,-66799
231518,483328,2231296,-122904,36875,-46538
231528,496640,1843200,-94680,37890,-52139
231538,496640,1436672,-66096,37890,-48892
231548,496640,1021952,-36936,37890,-25470
231558,496640,585728,-6264,37890,19650
231568,466944,191488,19368,35625,52912
231578,451584,-112640,39672,34453,63241
231588,439296,-345088,55152,33515,38360
231598,394240,-642048,72864,30078,84143
231608,394240,-899072,90936,30078,133241
231618,275456,-1128448,98712,21015,163363
231628,208896,-1282048,104832,15937,153118
231638,208896,-1391616,112536,15937,196951
231648,24576,-1476608,105552,1875,183136
231658,24576,-1467392,104904,1875,159710
231668,-10240,-1395712,97416,-782,110758
231678,-22528,-1388544,96048,-1719,123693
231688,-34816,-1364992,93528,-2657,127052
231698,-34816,-1324032,90648,-2657,128545
231708,-282624,-1333248,73872,-21563,133098
231718,-282624,-1336320,74088,-21563,161049
231728,-561152,-1267712,47520,-42813,63417
231738,-795648,-1257472,32472,-60704,54954
231748,-948224,-1353728,28512,-72344,98867
231758,-948224,-1387520,30888,-72344,90256
231768,-1259520,-1482752,15696,-96094,79488
231778,-1298432,-1640448,24048,-99063,136120
231788,-1298432,-1712128,29088,-99063,122702
231798,-1408000,-1808384,28152,-107422,107394
231808,-1408000,-2024448,43344,-107422,178706
231818,-1482752,-2111488,44208,-113125,128874
231828,-1467392,-2324480,60264,-111954,184729
231838,-1453056,-2461696,70920,-110860,186015
231848,-1453056,-2535424,76104,-110860,164400
231858,-1453056,-2696192,87408,-110860,209106
231868,-1408000,-2751488,94464,-107422,214174
231878,-1423360,-2920448,105264,-108594,243757
231888,-1423360,-2936832,106416,-108594,209195
231898,-1467392,-3022848,109368,-111954,240630
231908,-1467392,-2997248,107568,-111954,201757
231918,-1529856,-3076096,108720,-116719,247044
231928,-1529856,-3047424,106704,-116719,221417
231938,-1529856,-3062784,107784,-116719,230538
231948,-1562624,-3113984,109080,-119219,269509
231958,-1562624,-3091456,107496,-119219,250100
231968,-1562624,-3176448,113472,-119219,322876
231978,-1562624,-3130368,110232,-119219,296654
231988,-1772544,-3159040,97488,-135235,293753
231998,-1930240,-3152896,85968,-147266,280336
232008,-2243584,-3107840,60768,-171172,207444
232018,-2368512,-3176448,56808,-180704,248277
232028,-2394112,-3137536,52272,-182657,210633
232038,-2420736,-3219456,56160,-184688,246154
232048,-2420736,-3275776,60120,-184688,258279
232058,-2420736,-3364864,66384,-184688,272628
232068,-2420736,-3479552,74448,-184688,319316
232078,-2420736,-3466240,73512,-184688,269150
232088,-2420736,-3570688,80856,-184688,320536
232098,-1562624,-3576832,141624,-119219,452390
232108,-1562624,-3434496,131616,-119219,377859
232118,-643072,-3365888,191448,-49063,539534
232128,-319488,-3164160,200016,-24375,544719
232138,-238592,-2856960,184104,-18204,474688
232148,-238592,-2555904,162936,-18204,444536
232158,-16384,-2301952,160704,-1250,502103
232168,-10240,-1968128,137664,-782,489434
232178,0,-1585152,111456,0,416686
232188,0,-1276928,89784,0,395313
232198,0,-976896,686