R
Px,Ix,Dx,Py,Iy,Dy,Pz,Iz,FFrx,FFry,FFdrx,FFdry,satI,satPID,KFQAng,KFQbias,KFRmeas,CPx,CIx,CPy,CIy,CsatI,CsatPID,CFFdrx,CFFdry,CFalpha,iRelaxX,IRelaxY,DmaxR,DmaxE,DMx,DMy
48,80,47,58,80,47,250,0,10,0,0,0,500000,15000000,10,1,1000,0,0,0,0,0,0,0,0,0.995,1024,4096,0,0,0,0
sysTickMs,PIDRefXi,PIDSensXi,PIDPoutXi,PIDFFoutXi,PIDUXi
63271,-4096,352256,-80736,0,-64410
63281,-4096,352256,-80736,0,-64410
63291,-4096,352256,-80736,0,-64410
63301,-4096,352256,-80736,0,-64410
63311,-4096,352256,-80736,0,-64410
63321,-4096,352256,-80736,0,-64410
63331,-4096,352256,-80736,0,-64410
63341,-4096,352256,-80736,0,-64410
63351,-4096,352256,-80736,0,-64410
63361,-4096,352256,-80736,0,-64410
63371,-4096,352256,-80736,0,-64410
63381,-4096,352256,-80736,0,-64410
63391,-4096,352256,-80736,0,-64410
63401,-4096,352256,-80736,0,-64410
63411,-4096,352256,-80736,0,-64410
63421,-4096,352256,-80736,0,-64410
63431,-4096,352256,-80736,0,-64410
63441,-4096,352256,-80736,0,-64410
63451,-4096,352256,-80736,0,-64410
63461,-4096,352256,-80736,0,-64410
63471,-4096,352256,-80736,0,-64410
63481,-4096,352256,-80736,0,-64410
63491,-4096,352256,-80736,0,-64410
63501,-4096,352256,-80736,0,-64410
63511,-4096,352256,-80736,0,-64410
63521,-4096,352256,-80736,0,-64410
63531,-4096,352256,-80736,0,-64410
63541,-4096,352256,-80736,0,-64410
63551,-4096,352256,-80736,0,-64410
63561,-4096,352256,-80736,0,-64410
63571,-4096,352256,-80736,0,-64410
63581,-4096,352256,-80736,0,-64410
63591,-4096,352256,-80736,0,-64410
63601,-4096,352256,-80736,0,-64410
63611,-4096,352256,-80736,0,-64410
63621,-4096,352256,-80736,0,-64410
63631,-4096,352256,-80736,0,-64410
63641,-4096,352256,-80736,0,-64410
63651,-4096,352256,-80736,0,-64410
63661,-4096,352256,-80736,0,-64410
63671,-4096,352256,-80736,0,-64410
63681,-4096,352256,-80736,0,-64410
63691,-4096,352256,-80736,0,-64410
63701,-4096,352256,-80736,0,-64410
63711,-4096,352256,-80736,0,-64410
63721,-4096,352256,-80736,0,-64410
63731,-4096,352256,-80736,0,-64410
63741,-4096,352256,-80736,0,-64410
63751,-4096,352256,-80736,0,-64410
63761,-4096,352256,-80736,0,-64410
63771,-4096,352256,-80736,0,-64410
63781,-4096,352256,-80736,0,-64410
63791,-4096,352256,-80736,0,-64410
63801,-4096,352256,-80736,0,-64410
63811,-4096,352256,-80736,0,-64410
63821,-4096,352256,-80736,0,-64410
63831,-4096,352256,-80736,0,-64410
63841,-4096,352256,-80736,0,-64410
63851,-4096,352256,-80736,0,-64410
63861,-4096,352256,-80736,0,-64410
63871,-4096,352256,-80736,0,-64410
63881,-4096,352256,-80736,0,-64410
63891,-4096,352256,-80736,0,-64410
63901,-4096,352256,-80736,0,-64410
63911,-4096,352256,-80736,0,-64410
63921,0,9216,-1728,0,-8341
63931,0,8192,-1536,0,-3335
63941,0,6144,-1152,0,-3302
63951,0,5120,-960,0,406
63961,0,1024,-192,0,4186
63971,0,4096,-768,0,1426
63981,0,11264,-2112,0,-5451
63991,0,4096,-768,0,1620
64001,0,4096,-768,0,20
64011,0,2048,-384,0,2270
64021,0,6144,-1152,0,47
64031,0,10240,-1920,0,-3497
64041,0,27648,-5184,0,-16728
64051,0,3072,-576,0,5402
64061,0,-15360,2880,0,4611
64071,0,27648,-5184,0,-22974
64081,0,8192,-1536,0,1481
64091,0,-4096,768,0,3156
64101,0,28672,-5376,0,-11980
64111,0,-12288,2304,0,16550
64121,0,13312,-2496,0,-11976
64131,0,25600,-4800,0,-15904
64141,0,-3072,576,0,3993
64151,0,18432,-3456,0,-15066
64161,0,15360,-2880,0,1746
64171,0,3072,-576,0,10149
64181,0,41984,-7872,0,-16589
64191,0,17408,-3264,0,1527
64201,0,14336,-2688,0,967
64211,0,-20480,3840,0,17118
64221,0,-20480,3840,0,13988
64231,0,11264,-2112,0,-8466
64241,0,19456,-3648,0,-14089
64251,0,7168,-1344,0,-9796
64261,0,10240,-1920,0,-3763
64271,0,0,0,0,6456
64281,0,9216,-1728,0,-333
64291,0,9216,-1728,0,1332
64301,0,-4096,768,0,8859
64311,0,4096,-768,0,931
64321,0,12288,-2304,0,-6775
64331,0,11264,-2112,0,-7427
64341,0,3072,-576,0,-3627
64351,0,6144,-1152,0,2355
64361,0,1024,-192,0,4898
64371,0,6144,-1152,0,-1023
64381,0,3072,-576,0,1082
64391,0,-3072,576,0,4316
64401,0,5120,-960,0,-203
64411,0,10240,-1920,0,-2692
64421,0,-13312,2496,0,12357
64431,0,-30720,5760,0,16556
64442,0,-28672,5376,0,2610
64452,0,-60416,11328,0,23334
64462,0,-16384,3072,0,-18173
64472,0,-82944,15552,0,42836
64482,0,-12288,2304,0,-19609
64492,0,-119808,22464,0,62417
64502,0,-123904,23232,0,51087
64512,0,-134144,25152,0,26804
64522,0,-165888,31104,0,32372
64532,0,-183296,34368,0,44828
64542,0,-207872,38976,0,69517
64552,0,-202752,38016,0,67704
64562,0,-182272,34176,0,38464
64572,0,-211968,39744,0,49493
64582,0,-224256,42048,0,53557
64592,0,-200704,37632,0,28716
64602,0,-265216,49728,0,82896
64612,0,-295936,55488,0,93155
64622,0,-295936,55488,0,81660
64632,0,-277504,52032,0,69882
64642,0,-268288,50304,0,74955
64652,0,-308224,57792,0,95348
64662,0,-283648,53184,0,68337
64672,0,-279552,52416,0,67074
64682,0,-278528,52224,0,64370
64692,0,-233472,43776,0,40486
64702,0,-197632,37056,0,54109
64712,0,-168960,31680,0,30365
64722,6144,-152576,29760,117,47671
64732,9216,-117760,23808,175,42702
64742,12288,-75776,16512,234,41038
64752,18432,-39936,10944,351,51784
64762,18432,20480,-384,351,24157
64772,18432,3072,2880,351,43671
64782,52224,-61440,21312,996,97145
64792,52224,-21504,13824,996,63265
64802,67584,2048,12288,1289,56423
64812,67584,76800,-1728,1289,407
64822,70656,121856,-9600,1347,-3746
64832,70656,189440,-22272,1347,-21679
64842,70656,246784,-33024,1347,-31568
64852,76800,251904,-32832,1464,-17787
64862,73728,201728,-24000,1406,17715
64872,73728,149504,-14208,1406,45290
64882,73728,187392,-21312,1406,-1072
64892,73728,178176,-19584,1406,-9511
64902,101376,149504,-9024,1933,5255
64912,119808,101376,3456,2285,36404
64922,122880,104448,3456,2343,25509
64932,125952,50176,14208,2402,74848
64942,125952,7168,22272,2402,112383
64952,125952,13312,21120,2402,98226
64962,125952,72704,9984,2402,40321
64972,125952,124928,192,2402,4856
64982,125952,75776,9408,2402,59732
64992,125952,27648,18432,2402,93963
65002,125952,23552,19200,2402,71830
65012,125952,69632,10560,2402,18102
65022,125952,77824,9024,2402,3266
65032,125952,-9216,25344,2402,76391
65042,125952,22528,19392,2402,45677
65052,125952,27648,18432,2402,31433
65062,122880,-23552,27456,2343,79540
65072,122880,-121856,45888,2343,110462
65082,125952,-124928,47040,2402,89250
65092,122880,-126976,46848,2343,68965
65102,122880,-155648,52224,2343,88869
65112,122880,-84992,38976,2343,45011
65122,122880,-32768,29184,2343,27070
65132,125952,-111616,44544,2402,105878
65142,125952,-116736,45504,2402,100840
65152,129024,-57344,34944,2460,61257
65162,141312,-136192,52032,2695,149701
65172,147456,-126976,51456,2812,136879
65182,147456,-126976,51456,2812,127752
65192,147456,-176128,60672,2812,165287
65202,162816,-139264,56640,3105,129719
65212,162816,-134144,55680,3105,126294
65222,178176,-134144,58560,3398,144891
65232,178176,-37888,40512,3398,78739
65242,178176,0,33408,3398,75418
65252,190464,41984,27840,3632,71323
65262,193536,108544,15936,3691,36941
65272,193536,104448,16704,3691,68744
65282,196608,150528,8640,3750,53393
65292,215040,194560,3840,4101,45131
65302,215040,183296,5952,4101,67151
65312,263168,143360,22464,5019,117746
65322,263168,166912,18048,5019,101914
65332,266240,223232,8064,5078,61253
65342,291840,256000,6720,5566,54622
65352,301056,230400,13248,5742,96835
65362,301056,253952,8832,5742,89737
65372,365568,308224,10752,6972,77681
65382,365568,358400,1344,6972,56358
65392,365568,389120,-4416,6972,53368
65402,365568,378880,-2496,6972,80865
65412,376832,401408,-4608,7187,76734
65422,376832,434176,-10752,7187,61992
65432,376832,464896,-16512,7187,48675
65442,376832,470016,-17472,7187,59079
65452,439296,482304,1152,8378,110443
65462,447488,436224,2112,8535,106185
65472,466944,492544,-4800,8906,59095
65482,471040,516096,-8448,8984,45079
65492,471040,546816,-14208,8984,24626
65502,475136,550912,-14208,9062,39000
65512,475136,474112,192,9062,110889
65522,475136,478208,-576,9062,111718
65532,475136,483328,-1536,9062,104036
65542,471040,492544,-4032,8984,75733
65552,471040,514048,-8064,8984,39935
65562,471040,482304,-2112,8984,57175
65572,471040,413696,10752,8984,108593
65582,471040,443392,5184,8984,73781
65592,471040,472064,-192,8984,44781
65602,471040,487424,-3072,8984,27486
65612,471040,474112,-576,8984,36829
65622,471040,424960,11136,8984,95032
65632,471040,385024,16128,8984,117692
65642,432128,413696,3456,8242,83026
65652,412672,416768,-768,7871,75323
65662,412672,461824,-9216,7871,32803
65672,372736,396288,-4416,7109,79137
65682,372736,384000,-2112,7109,79724
65692,314368,395264,-15168,5996,48731
65702,285696,416768,-24576,5449,-6618
65712,269312,412672,-26880,5136,-542
65722,269312,357376,-16512,5136,33875
65732,269312,269312,0,5136,96840
65742,275456,226304,9216,5253,112087
65753,272384,222208,9408,5195,90542
65763,278528,264192,2688,5312,33129
65773,278528,252928,4800,5312,27131
65783,278528,222208,10560,5312,41868
65793,391168,173056,40896,7460,103159
65803,391168,211968,33600,7460,67301
65813,514048,235520,52224,9804,81206
65823,514048,296960,40704,9804,51774
65833,514048,253952,48768,9804,124275
65843,659456,264192,74112,12578,172841
65853,659456,357376,56640,12578,117792
65863,659456,483328,33024,12578,40902
65873,739328,550912,35328,14101,41256
65883,739328,535552,38208,14101,91346
65893,739328,586752,28608,14101,76807
65903,1127424,637952,91776,21503,143721
65913,1127424,695296,81024,21503,131677
65923,1127424,738304,72960,21503,153234
65933,2554880,850944,319488,48730,413146
65943,2638848,1125376,283776,50332,297593
65953,2611200,1501184,208128,49804,155906
65963,2291712,1803264,91584,43710,36463
65973,2291712,2201600,16896,43710,-30855
65983,1716224,2477056,-142656,32734,-179744
65993,1378304,2571264,-223680,26289,-209745
66003,1094656,2497536,-263040,20878,-189888
66013,920576,2329600,-264192,17558,-146761
66023,531456,2065408,-287616,10136,-139350
66033,531456,1744896,-227520,10136,-67023
66043,345088,1385472,-195072,6582,-24047
66053,234496,1044480,-151872,4472,-5861
66063,82944,716800,-118848,1582,6845
66073,9216,428032,-78528,175,15890
66083,-4096,165888,-31872,-79,45424
66093,-4096,-21504,3264,-79,43750
66103,-4096,-231424,42624,-79,92384
66113,-7168,-397312,73152,-137,134432
66123,-53248,-457728,73920,-1016,97412
66133,-53248,-518144,87168,-1016,114790
66143,-179200,-532480,66240,-3418,72809
66153,-253952,-541696,53952,-4844,50225
66163,-267264,-542720,51648,-5098,46306
66173,-335872,-613376,52032,-6407,85251
66183,-346112,-650240,57024,-6602,99212
66193,-346112,-655360,57984,-6602,79608
66203,-440320,-712704,51072,-8399,66087
66213,-440320,-713728,51264,-8399,68095
66223,-585728,-739328,28800,-11172,46188
66233,-643072,-742400,18624,-12266,17672
66243,-708608,-838656,24384,-13516,62675
66253,-708608,-900096,35904,-13516,81431
66263,-948224,-973824,4800,-18086,56214
66273,-1063936,-1036288,-5184,-20293,41918
66283,-1139712,-1114112,-7872,-21739,23115
66293,-1351680,-1146880,-38400,-25782,-35253
66303,-1453056,-1265664,-35136,-27715,-22475
66313,-1453056,-1398784,-10176,-27715,11476
66323,-1595392,-1584128,-2112,-30430,51152
66333,-1792000,-1752064,-7488,-34180,59437
66343,-1792000,-1909760,22080,-34180,108307
66353,-1950720,-2039808,16704,-37208,90743
66363,-1950720,-2159616,39168,-37208,98543
66373,-2036736,-2228224,35904,-38848,51925
66383,-2080768,-2307072,42432,-39688,33962
66393,-2318336,-2417664,18624,-44219,21992
66403,-2500608,-2545664,8448,-47696,29074
66413,-2500608,-2683904,34368,-47696,87150
66423,-2500608,-2802688,56640,-47696,134916
66433,-2639872,-2872320,43584,-50352,99707
66443,-2698240,-2939904,45312,-51465,81807
66453,-2698240,-3014656,59328,-51465,79456
66463,-2698240,-3063808,68544,-51465,57252
66473,-2698240,-3170304,88512,-51465,99363
66483,-2698240,-3291136,111168,-51465,162227
66493,-2698240,-3293184,111552,-51465,133932
66503,-2698240,-3321856,116928,-51465,142432
66513,-2698240,-3301376,113088,-51465,114659
66523,-2698240,-3306496,114048,-51465,121016
66533,-2698240,-3293184,111552,-51465,117545
66543,-2698240,-3212288,96384,-51465,59082
66553,-2612224,-3193856,109056,-49825,73273
66563,-2555904,-3234816,127296,-48750,139605
66573,-2555904,-3229696,126336,-48750,155220
66583,-2220032,-3188736,181632,-42344,219991
66593,-2220032,-3064832,158400,-42344,150313
66603,-1889280,-2914304,192192,-36036,136409
66613,-1717248,-2847744,211968,-32754,185192
66623,-1221632,-2680832,273600,-23301,237888
66633,-957440,-2495488,288384,-18262,248077
66643,-626688,-2289664,311808,-11954,300093
66653,-626688,-1964032,250752,-11954,202436
66663,-429056,-1630208,225216,-8184,154779
66673,-302080,-1372160,200640,-5762,176680
66683,-302080,-1040384,138432,-5762,87359
66693,-108544,-783360,126528,-2071,94530
66703,0,-579584,108672,0,118995
66713,0,-400384,75072,0,107328
66723,0,-238592,44736,0,119205
66733,6144,-137216,26880,117,120356
66743,6144,53248,-8832,117,102664
66753,67584,174080,-19968,1289,112693
66763,92160,269312,-33216,1757,118152
66773,92160,408576,-59328,1757,58276
66783,184320,476160,-54720,3515,81686
66793,231424,496640,-49728,4414,112962
66803,231424,589824,-67200,4414,54407
66813,269312,645120,-70464,5136,33560
66823,285696,585728,-56256,5449,99040
66833,285696,630784,-64704,5449,47460
66843,285696,638976,-66240,5449,29408
66853,285696,595968,-58176,5449,60076
66863,285696,546816,-48960,5449,82402
66873,311296,575488,-49536,5937,30677
66883,311296,562176,-47040,5937,13872
66893,311296,502784,-35904,5937,40505
66903,311296,503808,-36096,5937,4734
66914,419840,484352,-12096,8007,13935
66924,419840,434176,-2688,8007,41015
66934,435200,461824,-4992,8300,14684
66944,432128,476160,-8256,8242,9222
66954,432128,403456,5376,8242,70515
66964,428032,446464,-3456,8164,30086
66974,432128,448512,-3072,8242,46428
66984,435200,467968,-6144,8300,35092
66994,435200,519168,-15744,8300,-13514
67004,435200,502784,-12672,8300,11898
67014,435200,529408,-17664,8300,-10307
67024,455680,448512,1344,8691,66617
67034,455680,465920,-1920,8691,39576
67044,455680,481280,-4800,8691,32926
67054,455680,532480,-14400,8691,-15823
67064,458752,530432,-13440,8750,-5394
67074,455680,462848,-1344,8691,51420
67084,483328,493568,-1920,9218,25668
67094,540672,505856,6528,10312,29939
67104,540672,575488,-6528,10312,-28782
67114,615424,507904,20160,11738,55927
67124,665600,524288,26496,12695,46872
67134,701440,557056,27072,13378,58859
67144,739328,637952,19008,14101,14440
67154,766976,716800,9408,14628,-17303
67164,766976,712704,10176,14628,17709
67174,824320,793600,5760,15722,1414
67184,824320,771072,9984,15722,65360
67194,846848,834560,2304,16152,31694
67204,870400,922624,-9792,16601,-17458
67214,870400,946176,-14208,16601,-9973
67224,939008,1019904,-15168,17910,-26691
67234,1022976,969728,9984,19511,67331
67244,1022976,1031168,-1536,19511,31612
67254,1022976,1127424,-19584,19511,-30980
67264,1184768,1164288,3840,22597,142
67274,1284096,1223680,11328,24492,-21
67284,1284096,1223680,11328,24492,35393
67294,1364992,1180672,34560,26035,112698
67304,1364992,1298432,12480,26035,23879
67314,1364992,1369088,-768,26035,-6077
67324,1364992,1411072,-8640,26035,-8938
67334,1452032,1463296,-2112,27695,-2403
67344,1452032,1416192,6720,27695,68199
67354,1452032,1473536,-4032,27695,37590
67364,1452032,1585152,-24960,27695,-33307
67374,1753088,1611776,26496,33437,36956
67384,1790976,1668096,23040,34160,23216
67394,1790976,1714176,14400,34160,19487
67404,1790976,1722368,12864,34160,57671
67414,1771520,1876992,-19776,33789,-28707
67424,1771520,1996800,-42240,33789,-70647
67434,1771520,2016256,-45888,33789,-41298
67444,1809408,2042880,-43776,34511,-34485
67454,1809408,2012160,-38016,34511,206
67464,1992704,1943552,9216,38007,97378
67474,2079744,1990656,16704,39667,63258
67484,2079744,2058240,4032,39667,8928
67494,2079744,2086912,-1344,39667,5197
67504,2148352,2119680,5376,40976,15230
67514,2148352,2179072,-5760,40976,-7992
67524,2148352,2151424,-576,40976,55422
67534,2219008,2216960,384,42324,43744
67544,2219008,2349056,-24384,42324,-39328
67554,2219008,2374656,-29184,42324,-5760
67564,2291712,2381824,-16896,43710,6021
67574,2291712,2402304,-20736,43710,1546
67584,2341888,2367488,-4800,44667,50996
67594,2341888,2390016,-9024,44667,33652
67604,2393088,2481152,-16512,45644,-26165
67614,2419712,2495488,-14208,46152,-13893
67624,2419712,2479104,-11136,46152,20730
67634,2393088,2507776,-21504,45644,6530
67644,2393088,2485248,-17280,45644,42243
67654,2393088,2468864,-14208,45644,33398
67664,2393088,2533376,-26304,45644,-11651
67674,2291712,2545664,-47616,43710,-47887
67684,2291712,2469888,-33408,43710,15439
67694,2057216,2454528,-74496,39238,-29949
67704,2057216,2475008,-78336,39238,-55069
67714,1497088,2438144,-176448,28554,-156297
67724,1297408,2330624,-193728,24746,-151595
67734,1042432,2169856,-211392,19882,-147601
67744,947200,1956864,-189312,18066,-109344
67754,670720,1707008,-189888,12792,-87919
67764,569344,1402880,-156288,10859,-40192
67774,428032,1131520,-131904,8164,-34035
67784,376832,865280,-91584,7187,-10161
67794,376832,644096,-50112,7187,5285
67804,275456,413696,-25920,5253,27579
67814,246784,189440,10752,4707,78947
67824,240640,44032,36864,4589,92836
67834,215040,-17408,43584,4101,41338
67844,215040,-95232,58176,4101,36563
67854,165888,-173056,63552,3164,39634
67864,165888,-275456,82752,3164,93068
67874,107520,-315392,79296,2050,92307
67884,46080,-288768,62784,878,46209
67894,18432,-274432,51840,351,11236
67904,18432,-288768,57600,351,38595
67914,3072,-320512,60672,58,66494
67924,0,-290816,54528,0,44677
67934,0,-252928,47424,0,12387
67944,0,-304128,57024,0,62311
67954,0,-351232,65856,0,99657
67964,0,-319488,59904,0,71712
67974,0,-277504,52032,0,42632
67984,0,-299008,56064,0,66598
67994,0,-330752,62016,0,97971
68004,0,-280576,52608,0,59835
68014,0,-243712,45696,0,38871
68025,0,-317440,59520,0,113090
68035,-4096,-289792,53568,-79,92124
68045,0,-219136,41088,0,40150
68055,0,-244736,45888,0,75239
68065,0,-271360,50880,0,101665
68075,0,-229376,43008,0,69370
68085,0,-197632,37056,0,45722
68095,0,-256000,48000,0,102324
68105,0,-243712,45696,0,93762
68115,0,-198656,37248,0,60492
68125,0,-209920,39360,0,77482
68135,0,-202752,38016,0,78138
68145,0,-176128,33024,0,62184
68155,0,-171008,32064,0,67601
68165,0,-198656,37248,0,96004
68175,0,-164864,30912,0,73250
68185,0,-138240,25920,0,55262
68195,0,-168960,31680,0,89827
68205,0,-174080,32640,0,97818
68215,0,-144384,27072,0,73048
68225,0,-172032,32256,0,98933
68235,0,-211968,39744,0,138507
68245,0,-176128,33024,0,104429
68255,0,-171008,32064,0,100145
68265,0,-203776,38208,0,138180
68275,0,-177152,33216,0,118608
68285,0,-165888,31104,0,114964
68295,0,-175104,32832,0,135149
68305,0,-204800,38400,0,166597
68315,0,-152576,28608,0,114306
68325,-4096,-125952,22848,-79,113680
68335,-4096,-200704,36864,-79,165335
68345,-4096,-152576,27840,-79,118233
68355,-4096,-92160,16512,-79,75234
68365,-4096,-117760,21312,-79,112098
68375,-4096,-114688,20736,-79,113227
68385,-4096,-50176,8640,-79,62160
68395,-4096,-90112,16128,-79,99340
68405,-4096,-125952,22848,-79,129632
68415,-4096,-93184,16704,-79,84421
68425,-4096,-102400,18432,-79,88940
68435,-4096,-151552,27648,-79,126957
68445,-4096,-114688,20736,-79,93976
68455,-4096,-102400,18432,-79,88243
68465,-4096,-125952,22848,-79,116442
68475,-7168,-93184,16128,-137,94532
68485,-7168,-92160,15936,-137,103017
68495,-13312,-137216,23232,-254,152460
68505,-34816,-135168,18816,-665,142857
68515,-83968,-122880,7296,-1602,117482
68525,-90112,-181248,17088,-1719,162082
68535,-126976,-195584,12864,-2422,148001
68545,-126976,-163840,6912,-2422,108265
68555,-136192,-223232,16320,-2598,161146
68565,-130048,-238592,20352,-2481,163868
68575,-133120,-192512,11136,-2540,109867
68585,-133120,-281600,27840,-2540,184477
68595,-130048,-259072,24192,-2481,147837
68605,-133120,-243712,20736,-2540,127792
68615,-133120,-302080,31680,-2540,177215
68625,-133120,-264192,24576,-2540,133626
68635,-133120,-293888,30144,-2540,165565
68645,-130048,-330752,37632,-2481,192252
68655,-130048,-277504,27648,-2481,138284
68665,-139264,-290816,37056,-2657,188102
68675,-139264,-316416,33216,-2657,161606
68685,-151552,-259072,20160,-2891,109720
68695,-151552,-314368,30528,-2891,156610
68705,-169984,-294912,23424,-3243,128938
68715,-169984,-307200,25728,-3243,136769
68725,-169984,-333824,30720,-3243,150066
68735,-200704,-289792,16704,-3829,104180
68745,-200704,-317440,21888,-3829,125359
68755,-238592,-311296,13632,-4551,114116
68765,-238592,-273408,6528,-4551,86171
68775,-289792,-331776,7872,-5528,124944
68785,-289792,-316416,4992,-5528,106771
68795,-338944,-325632,-2496,-6465,95254
68805,-338944,-367616,5376,-6465,122206
68815,-363520,-373760,1920,-6934,108937
68825,-380928,-415744,6528,-7266,125377
68835,-456704,-460800,768,-8711,127571
68845,-456704,-476160,3648,-8711,117402
68855,-550912,-525312,-4800,-10508,121517
68865,-606208,-545792,-11328,-11563,114238
68875,-643072,-546816,-18048,-12266,87749
68885,-684032,-628736,-10368,-13047,123190
68895,-871424,-661504,-39360,-16622,76147
68905,-913408,-711680,-37824,-17422,67922
68915,-1063936,-794624,-50496,-20293,70697
68925,-1063936,-824320,-44928,-20293,49409
68935,-1063936,-934912,-24192,-20293,90229
68945,-1271808,-1058816,-39936,-24258,86061
68955,-1351680,-1168384,-34368,-25782,76496
68965,-1408000,-1329152,-14784,-26856,101046
68975,-1579008,-1500160,-14784,-30118,111326
68985,-1595392,-1595392,0,-30430,89203
68995,-1595392,-1723392,24000,-30430,117599
69005,-1869824,-1881088,2112,-35665,108433
69015,-1869824,-1947648,14592,-35665,85037
69025,-2149376,-2079744,-13056,-40997,68738
69035,-2447360,-2237440,-39360,-46680,68263
69045,-2555904,-2324480,-43392,-48750,25248
69055,-2583552,-2486272,-18240,-49278,63958
69065,-2818048,-2694144,-23232,-53750,85054
69075,-2818048,-2854912,6912,-53750,104657
69085,-2818048,-3017728,37440,-53750,125787
69095,-2912256,-3247104,62784,-55547,180792
69105,-2912256,-3399680,91392,-55547,190424
69115,-2944000,-3500032,104256,-56153,171708
69125,-2944000,-3644416,131328,-56153,218350
69135,-2944000,-3689472,139776,-56153,198240
69145,-2944000,-3734528,148224,-56153,200646
69155,-2944000,-3810304,162432,-56153,244423
69165,-2944000,-3824640,165120,-56153,240456
69175,-2944000,-3850240,169920,-56153,255109
69185,-2944000,-3907584,180672,-56153,292161
69196,-2944000,-3871744,173952,-56153,249593
69206,-2944000,-3915776,182208,-56153,291722
69216,-2944000,-3851264,170112,-56153,234846
69226,-2944000,-3813376,163008,-56153,217515
69236,-2944000,-3808256,162048,-56153,236878
69246,-2944000,-3719168,145344,-56153,200735
69256,-2944000,-3724288,146304,-56153,259835
69266,-2944000,-3610624,124992,-56153,198062
69276,-2342912,-3549184,229824,-44688,331767
69286,-2342912,-3526656,221952,-44688,340547
69296,-2342912,-3353600,189504,-44688,265183
69306,-1095680,-3233792,400896,-20899,522643
69316,-1095680,-2965504,350592,-20899,423178
69326,-601088,-2629632,380352,-11465,445013
69336,-250880,-2221056,369408,-4786,396677
69346,-154624,-1742848,297792,-2950,316871
69356,-13312,-1274880,236544,-254,249261
69366,-7168,-798720,148416,-137,170056
69376,-7168,-400384,73728,-137,117573
69386,0,-69632,13056,0,88400
69396,0,149504,-28032,0,123598
69406,0,400384,-75072,0,66508
69416,9216,542720,-100032,175,54133
69426,61440,584704,-98112,1171,101887
69436,61440,594944,-100032,1171,124741
69446,181248,657408,-89280,3457,107390
69456,181248,729088,-102720,3457,45606
69466,246784,710656,-86976,4707,62264
69476,246784,595968,-65472,4707,140296
69486,269312,528384,-48576,5136,169902
69496,275456,531456,-48000,5253,131824
69506,275456,570368,-55296,5253,70337
69516,275456,588800,-58752,5253,36944
69526,387072,519168,-24768,7382,110065
69536,387072,476160,-16704,7382,127888
69546,466944,471040,-768,8906,129612
69556,536576,491520,8448,10234,117295
69566,625664,466944,29760,11933,169044
69576,625664,455680,31872,11933,199310
69586,759808,573440,34944,14492,147542
69596,780288,708608,13440,14882,69815
69606,855040,760832,17664,16308,93114
69616,855040,807936,8832,16308,84368
69626,855040,923648,-12864,16308,62007
69636,1084416,999424,15936,20683,101438
69646,1084416,983040,19008,20683,175121
69656,1258496,1105920,28608,24003,147753
69666,1258496,1225728,6144,24003,94588
69676,1310720,1239040,13440,25000,155067
69686,1337344,1398784,-11520,25507,78338
69696,1337344,1488896,-28416,25507,58014
69706,1350656,1541120,-35712,25761,63993
69716,1364992,1671168,-57408,26035,3466
69726,1364992,1665024,-56256,26035,49189
69736,1364992,1754112,-72960,26035,3583
69746,1364992,1751040,-72384,26035,5095
69756,1364992,1692672,-61440,26035,45381
69766,1364992,1701888,-63168,26035,25312
69776,1392640,1583104,-35712,26562,101764
69786,1392640,1548288,-29184,26562,83154
69796,1392640,1504256,-20928,26562,75442
69806,1392640,1419264,-4992,26562,106301
69816,1392640,1412096,-3648,26562,74990
69826,1392640,1405952,-2496,26562,52774
69836,1392640,1420288,-5184,26562,32437
69846,1392640,1454080,-11520,26562,3293
69856,1392640,1434624,-7872,26562,29396
69866,1422336,1446912,-4608,27128,31188
69876,1422336,1469440,-8832,27128,22549
69886,1422336,1411072,2112,27128,81975
69896,1422336,1417216,960,27128,68257
69906,1422336,1443840,-4032,27128,42949
69916,1422336,1461248,-7296,27128,26944
69926,1406976,1487872,-15168,26835,1496
69936,1406976,1513472,-19968,26835,-18935
69946,1406976,1414144,-1344,26835,72563
69956,1422336,1362944,11136,27128,111443
69966,1422336,1418240,768,27128,47148
69976,1406976,1402880,768,26835,53138
69986,1406976,1370112,6912,26835,80656
69996,1406976,1442816,-6720,26835,4875
70006,1406976,1448960,-7872,26835,-3284
70016,1406976,1374208,6144,26835,61243
70026,1406976,1409024,-384,26835,30988
70036,1406976,1441792,-6528,26835,7702
70046,1406976,1358848,9024,26835,89051
70056,1406976,1359872,8832,26835,87160
70066,1406976,1401856,960,26835,51111
70076,1406976,1436672,-5568,26835,23359
70086,1406976,1440768,-6336,26835,29534
70096,1392640,1403904,-2112,26562,71054
70106,1284096,1454080,-31872,24492,16421
70116,1284096,1497088,-39936,24492,-12760
70126,1284096,1518592,-43968,24492,-34130
70136,1284096,1504256,-41280,24492,-39002
70146,1232896,1447936,-40320,23515,-27012
70156,1208320,1367040,-29760,23046,12992
70166,1220608,1320960,-18816,23281,28172
70176,1220608,1342464,-22848,23281,-8764
70186,1232896,1274880,-7872,23515,41231
70196,1232896,1184768,9024,23515,94456
70206,1258496,1242112,3072,24003,20079
70216,1310720,1236992,13824,25000,19636
70226,1436672,1223680,39936,27402,59391
70236,1466368,1266688,37440,27968,31769
70246,1662976,1287168,70464,31718,68261
70256,1662976,1250304,77376,31718,121332
70266,1848320,1342464,94848,35253,96853
70276,1888256,1397760,91968,36015,128562
70286,2035712,1548288,91392,38828,82995
70296,2035712,1672192,68160,38828,43198
70306,2726912,1790976,175488,52011,172099
70316,2726912,1983488,139392,52011,104450
70326,3040256,2112512,173952,57988,177140
70336,3040256,2368512,125952,57988,93065
70346,3040256,2566144,88896,57988,77700
70356,3040256,2735104,57216,57988,76954
70367,2911232,2915328,-768,55527,25706
70377,2911232,2973696,-11712,55527,66086
70387,2472960,3079168,-113664,47167,-82605
70397,2079744,3037184,-179520,39667,-132451
70407,1929216,2932736,-188160,36796,-120061
70417,1929216,2767872,-157248,36796,-55376
70427,1284096,2494464,-226944,24492,-76533
70437,1284096,2214912,-174528,24492,-14142
70447,636928,1990656,-253824,12148,-153588
70457,419840,1698816,-239808,8007,-143040
70467,394240,1278976,-165888,7519,159
70477,394240,983040,-110400,7519,-1855
70487,266240,705536,-82368,5078,26483
70497,266240,412672,-27456,5078,71615
70507,36864,188416,-28416,703,36023
70517,36864,-13312,9408,703,55961
70527,-4096,-252928,46656,-79,132502
70537,-4096,-361472,67008,-79,113093
70547,-4096,-478208,88896,-79,141982
70557,-4096,-522240,97152,-79,127512
70567,-4096,-524288,97536,-79,97239
70577,-7168,-566272,104832,-137,112384
70587,-7168,-519168,96000,-137,68701
70597,-80896,-610304,99264,-1543,138997
70607,-105472,-557056,84672,-2012,87723
70617,-185344,-607232,79104,-3536,129449
70627,-244736,-623616,71040,-4668,126697
70637,-315392,-606208,54528,-6016,94408
70647,-359424,-678912,59904,-6856,101578
70657,-359424,-629760,50688,-6856,69478
70667,-480256,-700416,41280,-9161,81108
70677,-480256,-717824,44544,-9161,73565
70687,-611328,-761856,28224,-11661,73841
70697,-660480,-869376,39168,-12598,131093
70707,-677888,-833536,29184,-12930,74320
70717,-753664,-849920,18048,-14375,54637
70727,-753664,-876544,23040,-14375,56613
70737,-753664,-945152,35904,-14375,86379
70747,-768000,-1108992,63936,-14649,177575
70757,-768000,-1114112,64896,-14649,126108
70767,-747520,-1178624,80832,-14258,147171
70777,-690176,-1177600,91392,-13165,127118
70787,-649216,-1263616,115200,-12383,192551
70797,-649216,-1218560,106752,-12383,139712
70807,-546816,-1289216,139200,-10430,237588
70817,-440320,-1180672,138816,-8399,177709
70827,-392192,-1172480,146304,-7481,219209
70837,-335872,-1061888,136128,-6407,184130
70847,-338944,-971776,118656,-6465,160570
70857,-338944,-929792,110784,-6465,190837
70867,-343040,-817152,88896,-6543,144937
70877,-346112,-813056,87552,-6602,194776
70887,-346112,-737280,73344,-6602,155463
70897,-356352,-714752,67200,-6797,159275
70907,-356352,-679936,60672,-6797,149265
70917,-359424,-657408,55872,-6856,147627
70927,-359424,-658432,56064,-6856,158198
70937,-353280,-654336,56448,-6739,156175
70947,-349184,-647168,55872,-6661,158475
70957,-328704,-608256,52416,-6270,117559
70967,-328704,-613376,53376,-6270,152223
70977,-328704,-568320,44928,-6270,127812
70987,-299008,-598016,56064,-5704,172101
70997,-295936,-512000,40512,-5645,119696
71007,-292864,-503808,39552,-5586,147482
71017,-299008,-405504,19968,-5704,91156
71027,-299008,-407552,20352,-5704,122882
71037,-299008,-358400,11136,-5704,97972
71047,-299008,-343040,8256,-5704,102532
71057,-299008,-324608,4800,-5704,102146
71067,-322560,-272384,-9408,-6153,71843
71077,-322560,-275456,-8832,-6153,94751
71087,-359424,-210944,-27840,-6856,54850
71097,-359424,-261120,-18432,-6856,111356
71107,-436224,-209920,-42432,-8321,49503
71117,-436224,-335872,-18816,-8321,154606
71127,-524288,-351232,-32448,-10000,110597
71137,-541696,-432128,-20544,-10333,140487
71147,-541696,-488448,-9984,-10333,133743
71157,-546816,-545792,-192,-10430,132940
71167,-505856,-631808,23616,-9649,170360
71177,-505856,-652288,27456,-9649,125608
71187,-312320,-707584,74112,-5958,201108
71197,-264192,-672768,76608,-5040,163923
71207,-74752,-663552,110400,-1426,195557
71217,9216,-575488,109632,175,163918
71227,92160,-475136,106368,1757,152298
71237,116736,-360448,89472,2226,132895
71247,190464,-237568,80256,3632,132249
71257,190464,-155648,64896,3632,136195
71267,190464,-35840,42432,3632,114255
71277,190464,-22528,39936,3632,161245
71287,372736,75776,55680,7109,165886
71297,372736,98304,51456,7109,191616
71307,518144,197632,60096,9882,176899
71317,518144,261120,48192,9882,170928
71327,801792,388096,77568,15292,173470
71337,993280,476160,96960,18945,167960
71347,993280,637952,66624,18945,148987
71357,1161216,802816,67200,22148,135913
71367,1161216,884736,51840,22148,170201
71377,1161216,1064960,18048,22148,113330
71387,1161216,1117184,8256,22148,166621
71397,1149952,1277952,-24000,21933,103069
71407,1149952,1352704,-38016,21933,105276
71417,1161216,1488896,-61440,22148,43493
71427,1149952,1540096,-73152,21933,41368
71437,1149952,1619968,-88128,21933,-1362
71447,1149952,1593344,-83136,21933,28871
71457,1032192,1620992,-110400,19687,-26685
71467,584704,1509376,-173376,11152,-52456
71477,523264,1396736,-163776,9980,-43857
71487,523264,1225728,-131712,9980,-11648
71497,272384,1032192,-142464,5195,-37886
71507,272384,816128,-101952,5195,5110
71517,6144,581632,-107904,117,5559
71527,6144,396288,-73152,117,29844
71537,-4096,272384,-51840,-79,14095
71547,-4096,128000,-24768,-79,25228
71557,-4096,-34816,5760,-79,64251
71567,-4096,-137216,24960,-79,68587
71577,-7168,-261120,47616,-137,103146
71587,-7168,-352256,64704,-137,126124
71597,-7168,-412672,76032,-137,142436
71608,-7168,-407552,75072,-137,113083
71618,-7168,-348160,63936,-137,58680
71628,-10240,-305152,55296,-196,30050
71638,-31744,-329728,55872,-606,52735
71648,-59392,-381952,60480,-1133,90988
71658,-166912,-410624,45696,-3184,86631
71668,-166912,-415744,46656,-3184,76772
71678,-166912,-398336,43392,-3184,45792
71688,-253952,-465920,39744,-4844,72421
71698,-279552,-525312,46080,-5333,104986
71708,-279552,-519168,44928,-5333,88870
71718,-299008,-501760,38016,-5704,61613
71728,-306176,-463872,29568,-5840,23674
71738,-306176,-480256,32640,-5840,36777
71748,-325632,-512000,34944,-6211,49412
71758,-325632,-570368,45888,-6211,87990
71768,-325632,-611328,53568,-6211,110582
71778,-406528,-628736,41664,-7754,91013
71788,-406528,-634880,42816,-7754,78268
71798,-484352,-667648,34368,-9239,75691
71808,-456704,-676864,41280,-8711,73577
71818,-456704,-701440,45888,-8711,78883
71828,-456704,-734208,52032,-8711,97731
71838,-385024,-784384,74880,-7344,131669
71848,-385024,-824320,82368,-7344,159013
71858,-238592,-828416,110592,-4551,194432
71868,-145408,-785408,120000,-2774,184126
71878,-145408,-745472,112512,-2774,170526
71888,-154624,-652288,93312,-2950,118888
71898,-157696,-622592,87168,-3008,139110
71908,-157696,-591872,81408,-3008,160399
71918,-157696,-521216,68160,-3008,142987
71928,-194560,-427008,43584,-3711,90782
71938,-250880,-370688,22464,-4786,61789
71948,-250880,-357376,19968,-4786,70335
71958,-292864,-394240,19008,-5586,95992
71968,-292864,-424960,24768,-5586,118256
71978,-302080,-393216,17088,-5762,82475
71988,-312320,-395264,15552,-5958,79913
71998,-319488,-395264,14208,-6094,79209
72008,-319488,-474112,28992,-6094,148342
72018,-363520,-501760,25920,-6934,157065
72028,-510976,-501760,-1728,-9747,108620
72038,-510976,-508928,-384,-9747,95787
72048,-654336,-565248,-16704,-12481,88680
72058,-654336,-696320,7872,-12481,165356
72068,-1698816,-738304,-180096,-32403,-89540
72078,-4444160,-873472,-669504,-84766,-678288
72088,-4444160,-1290240,-591360,-84766,-493975
72098,-4444160,-2161664,-427968,-84766,-124747
72108,-7522304,-3125248,-824448,-143477,-481699
72118,-7522304,-4171776,-628224,-143477,-250158
72128,-7369728,-5385216,-372096,-140567,24087
72138,-6784000,-6490112,-55104,-129395,348269
72148,-5738496,-7186432,271488,-109454,530904
72158,-4688896,-7427072,510528,-89434,608447
72168,-2757632,-7192576,831552,-52598,725258
72178,-2500608,-6714368,790080,-47696,545877
72188,-1467392,-5960704,842496,-27989,485389
72198,-1467392,-5144576,689472,-27989,324437
72208,-590848,-4251648,686400,-11270,315091
72218,-417792,-3526656,582912,-7969,274419
72228,-250880,-2750464,468672,-4786,188496
72238,-250880,-2103296,347328,-4786,143788
72248,-250880,-1560576,245568,-4786,107539
72258,-250880,-1053696,150528,-4786,44803
72268,-120832,-804864,128256,-2305,140066
72278,9216,-512000,97728,175,136675
72288,70656,-285696,66816,1347,127389
72298,70656,-151552,41664,1347,153736
72308,193536,25600,31488,3691,157074
72318,193536,220160,-4992,3691,109568
72328,311296,335872,-4608,5937,140108
72338,401408,433152,-5952,7656,159397
72348,455680,588800,-24960,8691,106343
72358,689152,701440,-2304,13144,126011
72368,1127424,750592,70656,21503,240229
72378,2341888,917504,267072,44667,423529
72388,2341888,1142784,224832,44667,355756
72398,3502080,1456128,383616,66796,512589
72408,3617792,1969152,309120,69003,354463
72418,4032512,2450432,296640,76914,353886
72428,4209664,3014656,224064,80292,250487
72438,5499904,3588096,358464,104902,411808
72448,6175744,4112384,386880,117792,473065
72458,6998016,4780032,415872,133476,482621
72468,6998016,5466112,287232,133476,338491
72478,6998016,6160384,157056,133476,190990
72488,6854656,6809600,8448,130742,75766
72498,5737472,7408640,-313344,109433,-270225
72508,4443136,7723008,-614976,84746,-535223
72518,2817024,7644160,-905088,53730,-762926
72528,2817024,7133184,-809280,53730,-529031
72538,1003520,6213632,-976896,19140,-535186
72548,1003520,5069824,-762432,19140,-179008
72558,263168,3924992,-686592,5019,-140710
72568,181248,2825216,-495744,3457,-12784
72578,6144,1880064,-351360,117,64756
72588,6144,1135616,-211776,117,81748
72598,0,617472,-115776,0,32633
72608,0,237568,-44544,0,39518
72618,0,-60416,11328,0,27111
72628,0,-297984,55872,0,39744
72638,0,-468992,87936,0,42840
72648,0,-588800,110400,0,47736
72658,0,-673792,126336,0,63572
72668,0,-720896,135168,0,74098
72678,0,-759808,142464,0,103736
72688,0,-781312,146496,0,141610
72698,0,-784384,147072,0,168707
72708,0,-708608,132864,0,135395
72718,0,-631808,118464,0,110972
72728,0,-499712,93696,0,47988
72738,0,-420864,78912,0,33311
72748,0,-428032,80256,0,90130
72758,0,-405504,77376,0,107911
72768,0,-360448,67584,0,82902
72778,0,-317440,59520,0,62502
72788,0,-280576,52608,0,44975
72798,0,-287744,53952,0,68790
72808,0,-327680,61440,0,120725
72818,0,-334848,62784,0,137053
72828,0,-290816,54528,0,105912
72838,0,-274432,51456,0,102446
72848,0,-247808,46464,0,94321
72858,-4096,-265216,48960,-79,119822
72868,-4096,-281600,52032,-79,138822
72878,-4096,-221184,40704,-79,94528
72888,-4096,-147456,26880,-79,45399
72898,-4096,-126976,23040,-79,48728
72908,-4096,-191488,35136,-79,115548
72918,-4096,-161792,29568,-79,89052
72929,-4096,-124928,22656,-79,54362
72939,-4096,-134144,24384,-79,59359
72949,-4096,-155648,28416,-79,78936
72959,0,-198656,37248,0,119219
72969,0,-197632,37056,0,121211
72979,0,-157696,29568,0,94883
72989,3072,-126976,24384,58,101782
72999,27648,-178176,38592,527,146722
73009,27648,-184320,39744,527,156843
73019,458752,-137216,111744,8750,209342
73029,1197056,-29696,230016,22832,287924
73039,1197056,89088,207744,22832,267125
73049,2219008,238592,371328,42324,420447
73059,2726912,592896,400128,52011,385313
73069,2726912,973824,328704,52011,280615
73079,3074048,1412096,311616,58632,277905
73089,3074048,1977344,205632,58632,127339
73099,3074048,2448384,117312,58632,49760
73109,3074048,2787328,53760,58632,67153
73119,2472960,3117056,-120768,47167,-99430
73129,2472960,3328000,-160320,47167,-126179
73139,1297408,3325952,-380352,24746,-323845
73149,676864,3079168,-450432,12910,-335086
73159,600064,2694144,-392640,11445,-194798
73169,305152,2122752,-340800,5820,-66320
73179,150528,1526784,-258048,2871,47402
73189,150528,999424,-159168,2871,137239
73199,-10240,526336,-100608,-196,147534
73209,-50176,163840,-40128,-958,137439
73219,-59392,-110592,9600,-1133,143344
73229,-117760,-296960,33600,-2247,109933
73239,-117760,-452608,62784,-2247,119595
73249,-191488,-534528,64320,-3653,80137
73259,-216064,-583680,68928,-4122,78903
73269,-229376,-707584,89664,-4375,123989
73279,-232448,-818176,109824,-4434,191269
73289,-232448,-830464,112128,-4434,176495
73299,-232448,-788480,104256,-4434,121046
73309,-235520,-734208,95808,-4493,82395
73319,-247808,-746496,93504,-4727,84467
73329,-250880,-814080,105600,-4786,147097
73339,-250880,-775168,98304,-4786,117582
73349,-253952,-724992,88320,-4844,80878
73359,-253952,-724992,88320,-4844,88715
73369,-273408,-743424,88128,-5215,117958
73379,-273408,-779264,94848,-5215,166536
73389,-332800,-743424,76992,-6348,113095
73399,-392192,-656384,49536,-7481,47250
73409,-420864,-698368,52032,-8028,92146
73419,-444416,-728064,53184,-8477,113064
73429,-433152,-698368,49728,-8262,85078
73439,-433152,-724992,54720,-8262,106000
73449,-433152,-710656,52032,-8262,89241
73459,-420864,-790528,69312,-8028,169207
73469,-420864,-789504,69120,-8028,172956
73479,-402432,-739328,63168,-7676,131713
73489,-353280,-667648,58944,-6739,84516
73499,-353280,-653312,56256,-6739,78224
73509,-353280,-699392,64896,-6739,133519
73519,-322560,-672768,65664,-6153,129247
73529,-322560,-671744,65472,-6153,144700
73539,-325632,-641024,50304,-6211,93079
73549,-325632,-606208,52608,-6211,127838
73559,-325632,-647168,60288,-6211,183160
73569,-325632,-605184,52416,-6211,155245
73579,-315392,-519168,38208,-6016,90985
73589,-312320,-468992,29376,-5958,60382
73599,-312320,-491520,33600,-5958,92481
73609,-273408,-546816,51264,-5215,164717
73619,-273408,-521216,46464,-5215,156728
73629,-250880,-438272,35136,-4786,106090
73639,-250880,-440320,35520,-4786,139582
73649,-250880,-436224,34752,-4786,153736
73659,-253952,-359424,19776,-4844,99226
73669,-253952,-302080,9024,-4844,67693
73679,-253952,-297984,8256,-4844,83810
73689,-456704,-324608,-24768,-8711,73930
73699,-456704,-320512,-25536,-8711,66464
73709,-621568,-333824,-53952,-11856,26240
73719,-690176,-437248,-47424,-13165,72486
73729,-1033216,-545792,-91392,-19708,44612
73739,-1162240,-626688,-100416,-22168,4226
73749,-1246208,-750592,-92928,-23770,-3047
73759,-1423360,-917504,-94848,-27149,-10817
73769,-1423360,-1159168,-39936,-27149,105573
73779,-1453056,-1452032,-192,-27715,163328
73789,-1467392,-1631232,30720,-27989,157958
73799,-1514496,-1775616,48960,-28887,137942
73809,-1514496,-1900544,72384,-28887,128854
73819,-1829888,-2098176,50304,-34903,140447
73829,-1829888,-2181120,65856,-34903,130381
73839,-1829888,-2232320,75456,-34903,98250
73849,-1829888,-2265088,81600,-34903,65288
73859,-1829888,-2402304,107328,-34903,133533
73869,-2528256,-2455552,-13632,-48223,-14164
73879,-1735680,-2506752,144576,-33106,133160
73889,-1735680,-2555904,153792,-33106,163420
73899,-1033216,-2650112,303168,-19708,374818
73909,-734208,-2536448,337920,-14004,349769
73919,-306176,-2282496,370560,-5840,307817
73929,-212992,-2049024,344256,-4063,284303
73939,3072,-1667072,313152,58,206125
73949,3072,-1323008,248640,58,165784
73959,3072,-1003520,188736,58,127110
73969,0,-652288,122304,0,49983
73979,52224,-454656,95040,996,87663
73989,52224,-314368,68736,996,109499
73999,447488,-147456,111552,8535,167124
74009,610304,-31744,120384,11640,210961
74019,610304,111616,93504,11640,180625
74029,2697216,404480,429888,51445,478750
74039,2697216,765952,362112,51445,364134
74049,5327872,1383424,739584,101621,697969
74059,5327872,2142208,597312,101621,512635
74069,5327872,3161088,406272,101621,191758
74080,6372352,4015104,441984,121542,313860
74090,4637696,4902912,-49728,88457,-228392
74100,4119552,5496832,-258240,78574,-325663
74110,2446336,5773312,-623808,46660,-606911
74120,1809408,5643264,-718848,34511,-629272
74130,1809408,5065728,-610560,34511,-350226
74140,642048,4270080,-680256,12246,-331629
74150,642048,3395584,-516288,12246,-113048
74160,642048,2468864,-342528,12246,79974
74170,278528,1723392,-270912,5312,101088
74180,12288,1125376,-208704,234,68886
74190,0,687104,-128832,0,42101
74200,0,321536,-60288,0,50693
74210,0,40960,-7680,0,31365
74220,-4096,-186368,34176,-79,35865
74230,-4096,-398336,73920,-79,74373
74240,-7168,-591872,109632,-137,135657
74250,-16384,-673792,123264,-313,132497
74260,-16384,-693248,126912,-313,108207
74270,-222208,-695296,88704,-4239,62906
74280,-222208,-766976,102144,-4239,139317
74290,-528384,-744448,40512,-10079,57373
74300,-528384,-722944,36480,-10079,40692
74310,-994304,-723968,-50688,-18965,-60039
74320,-1095680,-857088,-44736,-20899,12530
74330,-1849344,-955392,-167616,-35274,-114948
74340,-1849344,-1097728,-140928,-35274,-88727
74350,-2757632,-1309696,-271488,-52598,-220963
74360,-2757632,-1649664,-207744,-52598,-117013
74370,-2757632,-2086912,-125760,-52598,21733
74380,-2757632,-2490368,-50112,-52598,121067
74390,-4165632,-2810880,-254016,-79454,-157742
74400,-4210688,-3104768,-207360,-80313,-158042
74410,-4076544,-3456000,-116352,-77754,-66435
74420,-4076544,-3814400,-49152,-77754,-21803
74430,-2698240,-4154368,273024,-51465,336675
74440,-1993728,-4364288,444480,-38028,511347
74450,-1013760,-4122624,582912,-19336,497021
74460,-626688,-3665920,569856,-11954,366280
74470,-626688,-3051520,454656,-11954,187192
74480,-10240,-2417664,451392,-196,176230
74490,6144,-1874944,352704,117,144921
74500,9216,-1329152,244800,175,34824
74510,9216,-961536,182016,175,78666
74520,9216,-627712,119424,175,64041
74530,107520,-321536,80448,2050,37116
74540,327680,-168960,93120,6250,109624
74550,327680,-14336,64128,6250,104733
74560,816128,118784,130752,15566,201811
74570,1350656,283648,200064,25761,287171
74580,2317312,480256,344448,44199,449297
74590,3945472,894976,571968,75253,606286
74600,4738048,1378304,629952,90371,643182
74610,4738048,2228224,470592,90371,334077
74620,5921792,3041280,540096,112949,366521
74630,5921792,4019200,356736,112949,182251
74640,5617664,4881408,138048,107148,5810
74650,5617664,5615616,384,107148,-89919
74660,5617664,6099968,-90432,107148,-52958
74670,5617664,6424576,-151296,107148,-40012
74680,1220608,6550528,-999360,23281,-1013942
74690,1220608,6044672,-904512,23281,-700033
74700,324608,5079040,-891456,6191,-475600
74710,256000,3762176,-657408,4882,-68058
74720,76800,2615296,-475968,1464,90271
74730,-7168,1662976,-313152,-137,108019
74740,-7168,958464,-181056,-137,92232
74750,-13312,510976,-98304,-254,44630
74760,-13312,126976,-26304,-254,64842
74770,-34816,-122880,16512,-665,67275
74780,-34816,-351232,59328,-665,103465
74790,-99328,-476160,70656,-1895,69472
74800,-163840,-604160,82560,-3125,67769
74810,-169984,-688128,97152,-3243,54449
74820,-244736,-801792,104448,-4668,99904
74830,-270336,-924672,122688,-5157,140535
74840,-270336,-936960,124992,-5157,120337
74850,-295936,-918528,116736,-5645,95095
74860,-295936,-912384,115584,-5645,112626
74870,-295936,-940032,120768,-5645,155685
74880,-295936,-868352,107328,-5645,109859
74890,-295936,-790528,92736,-5645,72248
74900,-295936,-797696,94080,-5645,121672
74910,-338944,-742400,75648,-6465,95320
74920,-353280,-670720,59520,-6739,37652
74930,-353280,-642048,54144,-6739,72163
74940,-395264,-636928,45312,-7540,79193
74950,-395264,-602112,38784,-7540,59048
74960,-395264,-614400,41088,-7540,79009
74970,-392192,-599040,33024,-7481,41936
74980,-392192,-543744,28416,-7481,19600
74990,-392192,-603136,39552,-7481,71724
75000,-332800,-582656,46848,-6348,64030
75010,-241664,-575488,62592,-4610,83440
75020,-241664,-636928,74112,-4610,155532
75030,-130048,-565248,81600,-2481,114147
75040,-130048,-553984,79488,-2481,138131
75050,-130048,-498688,69120,-2481,113917
75060,-130048,-412672,52992,-2481,68736
75070,-130048,-394240,49536,-2481,93769
75080,-7168,-267264,48768,-137,44622
75090,-7168,-219136,39744,-137,52170
75100,-4096,-112640,20352,-79,16638
75110,-4096,-135168,24576,-79,85443
75120,0,-59392,11136,0,58013
75130,0,-38912,7296,0,64674
75140,0,13312,-2496,0,30401
75150,0,23552,-4416,0,29323
75160,0,0,0,0,63669
75170,6144,-41984,9024,117,85787
75180,6144,-14336,3840,117,80141
75190,321536,31744,54336,6132,103846
75200,321536,32768,54144,6132,105612
75210,2879488,117760,517824,54921,585046
75220,2879488,331776,477696,54921,508353
75230,2879488,918528,367680,54921,237157
75240,6506496,1600512,919872,124101,777749
75250,6998016,2534400,836928,133476,607670
75260,6998016,3808256,598080,133476,238740
75270,6925312,4893696,368064,132089,38261
75280,5327872,5850112,-97920,101621,-342137
75291,4892672,6475776,-296832,93320,-429390
75301,2942976,6480896,-663360,56132,-607266
75311,2554880,6108160,-666240,48730,-448501
75321,2554880,5480448,-547392,48730,-201265
75331,1003520,4751360,-702720,19140,-343975
75341,1003520,3879936,-539328,19140,-132923
75351,1003520,3130368,-398784,19140,-21660
75361,1003520,2495488,-279744,19140,-1334
75371,27648,1880064,-347328,527,-139499
75381,-4096,1346560,-253248,-79,-71585
75391,-4096,841728,-158592,-79,5087
75401,-40960,450560,-92160,-782,6737
75411,-34816,82944,-22080,-665,51106
75421,-34816,-216064,33984,-665,65678
75431,-34816,-502784,87744,-665,126771
75441,-34816,-739328,132096,-665,180034
75451,-7168,-783360,145536,-137,127221
75461,0,-832512,156096,0,133599
75471,0,-825344,154752,0,127961
75481,0,-773120,144960,0,92820
75491,0,-737280,138240,0,110880
75501,-4096,-655360,122112,-79,81185
75511,-4096,-574464,106944,-79,56748
75521,-4096,-548864,102144,-79,82774
75531,-10240,-468992,83904,-196,44165
75541,-10240,-472064,86592,-196,87305
75551,-13312,-416768,75648,-254,65935
75561,-13312,-382976,69312,-254,58544
75571,-13312,-415744,75456,-254,105195
75581,-16384,-346112,61824,-313,63475
75591,-50176,-384000,62592,-958,107642
75601,-62464,-365568,56832,-1192,93883
75611,-62464,-335872,51264,-1192,73659
75621,-151552,-424960,51264,-2891,128197
75631,-179200,-377856,37248,-3418,75866
75641,-179200,-412672,43776,-3418,105994
75651,-556032,-454656,-19008,-10606,42576
75661,-1810432,-453632,-254400,-34532,-257217
75671,-4033536,-656384,-633216,-76934,-621227
75681,-4033536,-1210368,-529344,-76934,-336860
75691,-17213440,-1964032,-2859264,-328321,-2794242
75701,-17213440,-3418112,-2586624,-328321,-2185339
75711,-17213440,-6064128,-2090496,-328321,-1196719
75721,-17213440,-9211904,-1500288,-328321,-257616
75731,-17213440,-12365824,-908928,-328321,230602
75741,-17213440,-14699520,-471360,-328321,299231
75751,-17213440,-16241664,-182208,-328321,234935
75761,-17213440,-17160192,-9984,-328321,46793
75771,-11344896,-17600512,1172928,-216387,1202663
75781,-7071744,-17353728,1927872,-134883,1737248
75791,-4589568,-16062464,2151168,-87540,1488627
75801,-1095680,-13960192,2412096,-20899,1366263
75811,-1095680,-11455488,1942464,-20899,681891
75821,-260096,-9096192,1656768,-4961,431650
75831,0,-6852608,1284864,0,223250
75841,15360,-4970496,934848,292,78614
75851,15360,-3671040,691200,292,112195
75861,43008,-2584576,492672,820,130756
75871,337920,-1743872,390336,6445,157884
75881,659456,-1062912,322944,12578,234843
75891,4032512,-416768,834240,76914,849065
75901,4032512,179200,722496,76914,766934
75911,4032512,1221632,527040,76914,415596
75921,15985664,2409472,2545536,304902,2515332
75931,15985664,4619264,2131200,304902,1674578
75941,16284672,7626752,1623360,310605,830216
75951,16284672,10633216,1059648,310605,185222
75961,16135168,13365248,519360,307753,-179928
75971,15690752,15277056,77568,299277,-261000
75981,15690752,16381952,-129600,299277,-90139
75991,10487808,17086464,-1237248,200039,-1137199
76001,8080384,17104896,-1692096,154121,-1542864
76011,5737472,15935488,-1912128,109433,-1327548
76021,2974720,14018560,-2070720,56738,-1104716
76031,1173504,11792384,-1991040,22382,-865362
76041,1173504,9310208,-1525632,22382,-305145
76051,1173504,7166976,-1123776,22382,30404
76061,1173504,5542912,-819264,22382,-27474
76071,1173504,4137984,-555840,22382,28714
76081,82944,3265536,-596736,1582,-265253
76091,49152,2372608,-435648,937,-175343
76101,49152,1672192,-304320,937,-148312
76111,49152,1017856,-181632,937,-77926
76121,39936,295936,-48000,761,71249
76131,9216,-217088,42432,175,101549
76141,6144,-634880,120192,117,106470
76151,-4096,-963584,179904,-79,124549
76161,-4096,-1227776,229440,-79,183442
76171,0,-1350656,253248,0,178916
76181,0,-1386496,260928,0,170434
76191,0,-1400832,262656,0,185077
76201,0,-1356800,254400,0,197078
76211,0,-1307648,245184,0,217323
76221,0,-1162240,217920,0,175234
76231,0,-1002496,187968,0,129308
76241,0,-852992,159936,0,105558
76251,0,-662528,124224,0,47183
76261,0,-611328,114624,0,88348
76271,0,-501760,94080,0,63406
76281,0,-528384,99072,0,159977
76291,0,-401408,75264,0,95697
76301,0,-346112,64896,0,102595
76311,0,-240640,45120,0,50746
76321,0,-274432,51456,0,111031
76331,0,-240640,45120,0,100058
76341,0,-287744,53952,0,156402
76351,0,-183296,34368,0,70651
76361,0,-119808,22464,0,36692
76371,0,-164864,30912,0,103725
76382,0,-95232,17856,0,64240
76392,0,21504,-4032,0,-2072
76402,0,-15360,2880,0,51247
76412,0,-21504,4032,0,92623
76422,0,-4096,768,0,19825
76432,0,-151552,28416,0,132598
76442,0,-88064,16512,0,53090
76452,0,-210944,39552,0,123968
76462,0,-293888,55104,0,160927
76472,0,-369664,69312,0,173495
76482,0,-429056,80448,0,189724
76492,0,-436224,81792,0,189859
76502,0,-306176,57408,0,99767
76512,0,-257024,48192,0,100690
76522,0,-292864,54912,0,168952
76532,0,-178176,33408,0,103014
76542,-4096,-53248,9216,-79,40805
76552,-4096,-17408,2496,-79,50617
76562,-4096,11264,-2880,-79,62398
76572,-4096,64512,-12864,-79,37424
76582,-4096,59392,-11904,-79,55044
76592,-4096,16384,-3072,0,102411
76602,0,33792,-6336,0,85894
76612,0,53248,-9984,0,79428
76622,0,83968,-15744,0,50390
76632,0,48128,-9024,0,81464
76642,0,18432,-3456,0,92746
76652,0,-10240,1920,0,91156
76662,0,-44032,8256,0,105479
76672,0,-56320,10560,0,105544
76682,58368,-63488,22848,1113,113415
76692,58368,-31744,16896,1113,86963
76702,224256,-46080,50688,4277,145952
76712,224256,-18432,45504,4277,163627
76722,384000,-9216,73728,7324,183143
76732,405504,52224,66240,7734,158081
76742,648192,104448,101952,12363,191100
76752,648192,205824,82944,12363,144232
76762,648192,306176,64128,12363,83816
76772,2787328,434176,441216,53164,504090
76782,4738048,642048,768000,90371,850941
76792,4738048,1192960,664704,90371,605930
76802,5441536,2064384,633216,103789,413186
76812,5441536,2935808,469824,103789,172351
76822,4301824,3795968,94848,82050,-212112
76832,3175424,4316160,-221184,60566,-404673
76842,2611200,4524032,-358656,49804,-389951
76852,2317312,4328448,-377088,44199,-237285
76862,863232,3909632,-571200,16464,-363039
76872,863232,3350528,-466368,16464,-154301
76882,863232,2654208,-335808,16464,55664
76892,193536,2042880,-346752,3691,38165
76902,193536,1505280,-245952,3691,83628
76912,79872,1061888,-184128,1523,89178
76922,-4096,709632,-133824,-79,52868
76932,-4096,406528,-76992,-79,68562
76942,-4096,135168,-26112,-79,72739
76952,-4096,-48128,8256,-79,59421
76962,-4096,-173056,31680,-79,35405
76972,-4096,-394240,73152,-79,129150
76982,-4096,-489472,91008,-79,137898
76992,-4096,-548864,102144,-79,130748
77002,-4096,-569344,105984,-79,106150
77012,-4096,-580608,108096,-79,95763
77022,-4096,-612352,114048,-79,117303
77032,-4096,-662528,123456,-79,165956
77042,-4096,-640000,119232,-79,156443
77052,-4096,-586752,109248,-79,116920
77062,-4096,-544768,101376,-79,92473
77072,-4096,-599040,111552,-79,148774
77082,-4096,-593920,110592,-79,146712
77092,-4096,-551936,102720,-79,113687
77102,0,-532480,99840,0,107268
77112,0,-580608,108864,0,169308
77122,-4096,-595968,110976,-79,199616
77132,-4096,-523264,97344,-79,138385
77142,-34816,-428032,73728,-665,81841
77152,-34816,-453632,78528,-665,128961
77162,-191488,-460800,50496,-3653,116921
77172,-289792,-433152,26880,-5528,81987
77182,-289792,-408576,22272,-5528,66566
77192,-788480,-496640,-54720,-15040,29918
77202,-1829888,-612352,-228288,-34903,-142346
77212,-2528256,-752640,-332928,-48223,-286254
77222,-3618816,-1088512,-474432,-69024,-388134
77232,-3618816,-1650688,-369024,-69024,-199843
77242,-3618816,-2308096,-245760,-69024,-14696
77252,-2473984,-2975744,94080,-47188,353050
77262,-2473984,-3516416,195456,-47188,430303
77272,-1829888,-3720192,354432,-34903,492739
77282,-1437696,-3532800,392832,-27422,338779
77292,-1437696,-3290112,347328,-27422,239645
77302,-1437696,-2918400,277632,-27422,129499
77312,-225280,-2630656,451008,-4297,352457
77322,-225280,-2413568,410304,-4297,336226
77332,-4096,-2119680,396672,-79,324247
77342,-4096,-1850368,346176,-79,304958
77352,-4096,-1459200,272832,-79,191650
77362,-4096,-1147904,214464,-79,174118
77372,-10240,-819200,151680,-196,111330
77382,-13312,-594944,109056,-254,104340
77392,-13312,-454656,82752,-254,134403
77402,-13312,-342016,59712,-254,137598
77412,-191488,-310272,22272,-3653,158832
77422,-250880,-259072,1536,-4786,139536
77432,-276480,-221184,-10368,-5274,120517
77442,-276480,-273408,-576,-5274,172843
77452,-270336,-286720,3072,-5157,165691
77462,-273408,-281600,1536,-5215,142725
77472,-273408,-370688,18240,-5215,197753
77482,-286720,-369664,15552,-5469,169513
77492,-319488,-344064,4608,-6094,130013
77502,-328704,-387072,10944,-6270,166636
77512,-510976,-351232,-29952,-9747,83369
77522,-510976,-357376,-28800,-9747,85417
77532,-714752,-394240,-60096,-13633,61791
77542,-1209344,-393216,-153024,-23067,-77957
77552,-1209344,-522240,-128832,-23067,-30435
77562,-1993728,-727040,-237504,-38028,-132375
77572,-2196480,-949248,-233856,-41895,-152645
77582,-2196480,-1258496,-175872,-41895,-87213
77592,-2196480,-1672192,-98304,-41895,31784
77602,-2196480,-2131968,-12096,-41895,166757
77612,-2196480,-2445312,46656,-41895,194397
77622,-2196480,-2691072,92736,-41895,192019
77632,-2172928,-2886656,133824,-41446,204492
77642,-2196480,-3060736,162048,-41895,231755
77652,-2196480,-3072000,164160,-41895,172425
77662,-2149376,-3076096,173760,-40997,155319
77672,-1993728,-3115008,210240,-38028,209905
77682,-1993728,-3030016,194304,-38028,148745
77692,-1053696,-3025920,369792,-20098,366958
77702,-1053696,-2907136,347520,-20098,319305
77712,-1053696,-2698240,308352,-20098,240830
77722,-541696,-2479104,363264,-10333,318108
77732,-247808,-2153472,357312,-4727,294393
77742,-247808,-1889280,307776,-4727,284080
77752,-151552,-1499136,252672,-2891,194310
77762,-151552,-1222656,200832,-2891,185271
77772,-191488,-922624,137088,-3653,115755
77783,-212992,-694272,90240,-4063,96054
77793,-225280,-587776,67968,-4297,147011
77803,-253952,-425984,32256,-4844,114846
77813,-279552,-351232,13440,-5333,131584
77823,-325632,-351232,4800,-6211,175536
77833,-356352,-267264,-16704,-6797,119057
77843,-580608,-210944,-69312,-11075,65653
77853,-637952,-294912,-64320,-12168,88344
77863,-1162240,-301056,-161472,-22168,-56995
77873,-1562624,-348160,-227712,-29805,-174551
77883,-1562624,-585728,-183168,-29805,-88510
77893,-1562624,-891904,-125760,-29805,14268
77903,-1562624,-1199104,-68160,-29805,77090
77913,-1562624,-1468416,-17664,-29805,105747
77923,-4210688,-1698816,-470976,-80313,-425359
77933,-5618688,-2172928,-646080,-107168,-529305
77943,-6306816,-2825216,-652800,-120293,-452471
77953,-6306816,-3618816,-504000,-120293,-251573
77963,-6644736,-4595712,-384192,-126739,-86991
77973,-6644736,-5505024,-213696,-126739,82731
77983,-6644736,-6275072,-69312,-126739,145845
77993,-2125824,-6733824,864000,-40547,1101645
78003,-2125824,-6542336,828096,-40547,786419
78013,-493568,-5639168,964800,-9415,608747
78023,-493568,-4465664,744768,-9415,213793
78033,0,-3375104,632832,0,126885
78043,70656,-2271232,439104,1347,-42758
78053,240640,-1553408,336384,4589,34850
78063,275456,-969728,233472,5253,28619
78073,384000,-552960,175680,7324,82679
78083,384000,-257024,120192,7324,87763
78093,1270784,50176,228864,24238,259207
78103,1270784,279552,185856,24238,271644
78113,2787328,607232,408768,53164,493332
78123,3464192,1090560,445056,66074,456559
78133,6998016,1682432,996672,133476,1001003
78143,6998016,2713600,803328,133476,614116
78153,7444480,4035584,639168,141992,329887
78163,7521280,5313536,413952,143457,110392
78173,7521280,6542336,183552,143457,-57913
78183,7521280,7455744,12288,143457,-95109
78193,8762368,8030208,137280,167128,209524
78203,8762368,8483840,52224,167128,233357
78213,11909120,8969216,551232,227148,774963
78223,12142592,9660416,465408,231601,630486
78233,11794432,10738688,197952,224960,196522
78243,10591232,11805696,-227712,202011,-307237
78253,6575104,12499968,-1110912,125410,-1253310
78263,6575104,12427264,-1097280,125410,-1025008
78273,3141632,11549696,-1576512,59921,-1169927
78283,2367488,9902080,-1412736,45156,-645062
78293,896000,7991296,-1330368,17089,-314133
78303,896000,6330368,-1018944,17089,-199598
78313,334848,4643840,-807936,6386,-48281
78323,334848,3587072,-609792,6386,-117321
78333,76800,2552832,-464256,1464,-79201
78343,-4096,1896448,-356352,-79,-118585
78353,-4096,1362944,-256320,-79,-152400
78363,-4096,805888,-151872,-79,-75080
78373,-4096,337920,-64128,-79,-9528
78383,-4096,-57344,9984,-79,13261
78393,-4096,-350208,64896,-79,4923
78403,-10240,-577536,106368,-196,11591
78413,-10240,-769024,142272,-196,42204
78423,-13312,-916480,169344,-254,83072
78433,-13312,-986112,182400,-254,100043
78443,-25600,-1004544,183552,-489,109546
78453,-25600,-961536,175488,-489,94953
78463,-34816,-867328,156096,-665,56277
78473,-34816,-795648,142656,-665,65659
78483,-31744,-730112,130944,-606,79538
78493,-31744,-671744,120000,-606,93502
78503,-59392,-500736,82752,-1133,16151
78513,-59392,-395264,62976,-1133,-442
78523,-120832,-423936,56832,-2305,73635
78533,-139264,-372736,43200,-2657,53665
78543,-145408,-313344,31488,-2774,26186
78553,-145408,-378880,43776,-2774,99134
78563,-126976,-370688,45696,-2422,93258
78573,-123904,-326656,38016,-2364,49149
78583,-120832,-358400,44544,-2305,72336
78593,-120832,-352256,43392,-2305,65084
78603,-120832,-315392,36480,-2305,23464
78613,-105472,-370688,49728,-2012,67941
78623,-90112,-376832,53760,-1719,77194
78633,-62464,-332800,50688,-1192,52597
78643,-31744,-378880,65088,-606,112946
78653,-16384,-348160,62208,-313,103294
78663,-10240,-283648,51264,-196,75878
78673,-10240,-316416,57408,-196,132362
78683,-10240,-271360,48960,-196,103839
78693,-10240,-208896,37248,-196,69288
78703,-10240,-245760,44160,-196,124983
78713,-10240,-218112,38976,-196,108372
78723,-10240,-167936,29568,-196,74191
78733,-10240,-204800,36480,-196,121742
78743,-10240,-161792,28416,-196,90107
78753,-10240,-113664,19392,-196,64726
78763,-10240,-81920,13440,-196,68617
78773,-10240,-52224,7872,-196,62244
78783,-10240,-27648,3264,-196,47565
78793,-10240,-38912,5376,-196,64591
78803,-10240,-93184,15552,-196,111712
78813,-10240,-51200,7680,-196,65835
78823,-10240,-76800,12480,-196,87681
78833,-10240,-113664,19392,-196,117484
78843,-10240,-57344,8832,-196,61016
78853,0,-88064,16512,0,96488
78863,0,-39936,7488,0,55013
78873,3072,-45056,9024,58,62068
78883,3072,-30720,6336,58,51278
78893,3072,13312,-1920,58,21568
78903,423936,-65536,91776,8085,182577
78913,615424,14336,112704,11738,164799
78923,615424,45056,106944,11738,188228
78933,615424,217088,74688,11738,100903
78943,3107840,372736,512832,59277,574827
78953,3502080,687104,527808,66796,521247
78964,3502080,1278976,416832,66796,286269
78974,4687872,1982464,507264,89414,345263
78984,4687872,2616320,388416,89414,263513
78994,4687872,3364864,248064,89414,104556
79004,4687872,3953664,137664,89414,58272
79014,4687872,4434944,47424,89414,19939
79024,3107840,4739072,-305856,59277,-307560
79034,3107840,4814848,-320064,59277,-256268
79044,3107840,4594688,-278784,59277,-110755
79054,1258496,4254720,-561792,24003,-359452
79064,816128,3902464,-578688,15566,-388730
79074,816128,3362816,-477504,15566,-240430
79084,187392,2673664,-466176,3574,-189617
79094,187392,1861632,-313920,3574,46496
79104,-4096,1262592,-237504,-79,73972
79114,-4096,760832,-143424,-79,70238
79124,0,362496,-67968,0,63569
79134,-4096,24576,-5376,-79,68423
79144,-4096,-238592,43968,-79,151201
79154,-4096,-442368,82176,-79,127820
79164,-4096,-504832,93888,-79,87328
79174,-4096,-564224,105024,-79,90737
79184,-13312,-663552,121920,-254,146507
79194,-44032,-650240,113664,-840,114669
79204,-111616,-610304,93504,-2129,49237
79214,-111616,-628736,96960,-2129,84774
79224,-102400,-609280,95040,-1954,84539
79234,-102400,-575488,88704,-1954,70076
79244,-102400,-590848,91584,-1954,96406
79254,-102400,-629760,98880,-1954,143270
79264,-114688,-588800,88896,-2188,112180
79274,-130048,-537600,76416,-2481,76236
79284,-130048,-539648,76800,-2481,101852
79294,-130048,-585728,85440,-2481,162164
79304,-130048,-528384,74688,-2481,125029
79314,-436224,-459776,4416,-8321,18591
79324,-626688,-473088,-28800,-11954,5244
79334,-727040,-567296,-29952,-13868,47306
79344,-1393664,-664576,-136704,-26583,-65470
79354,-1993728,-768000,-229824,-38028,-197972
79364,-1993728,-973824,-191232,-38028,-136057
79374,-2788352,-1331200,-273216,-53184,-157817
79384,-2368512,-1742848,-117312,-45176,66979
79394,-1993728,-2132992,26112,-38028,209013
79404,-1993728,-2395136,75264,-38028,182059
79414,-930816,-2556928,304896,-17754,375197
79424,-930816,-2643968,321216,-17754,354403
79434,-570368,-2482176,358464,-10879,306567
79444,-570368,-2242560,313536,-10879,229060
79454,-309248,-1947648,307200,-5899,213376
79464,-309248,-1669120,254976,-5899,167572
79474,-80896,-1432576,253440,-1543,200549
79484,-80896,-1156096,201600,-1543,143102
79494,-173056,-1025024,159744,-3301,145629
79504,-173056,-821248,121536,-3301,96697
79514,-343040,-742400,74880,-6543,92549
79524,-399360,-657408,48384,-7618,83497
79534,-561152,-607232,8640,-10704,57293
79544,-601088,-648192,8832,-11465,103159
79554,-621568,-634880,2496,-11856,85201
79564,-621568,-680960,11136,-11856,114426
79574,-621568,-715776,17664,-11856,126462
79584,-501760,-697344,36672,-9571,118156
79594,-501760,-781312,52416,-9571,170616
79604,-409600,-757760,65280,-7813,150776
79614,-373760,-831488,85824,-7129,210882
79624,-373760,-753664,71232,-7129,146212
79634,-373760,-819200,83520,-7129,215380
79644,-373760,-744448,69504,-7129,159319
79654,-1106944,-817152,-54336,-21114,76166
79664,-1106944,-743424,-68160,-45176,-251731
79674,-2368512,-898048,-275712,-45176,-183722
79684,-4739072,-1134592,-675840,-90391,-637706
79694,-6373376,-1697792,-876672,-121563,-719698
79704,-6784000,-2747392,-756864,-129395,-423186
79714,-6714368,-4140032,-482688,-128067,39692
79724,-6714368,-5428224,-241152,-128067,231996
79734,-4540416,-6481920,364032,-86602,821087
79744,-2880512,-6746112,724800,-54942,931651
79754,-2555904,-6449152,729984,-48750,651662
79764,-2555904,-5666816,583296,-48750,247521
79774,-2555904,-4895744,438720,-48750,57326
79784,-247808,-4301824,760128,-4727,514027
79794,-163840,-3690496,661248,-3125,420413
79804,-163840,-3128320,555840,-3125,363928
79814,-37888,-2603008,480960,-723,350805
79824,-182272,-2068480,353664,-3477,222919
79834,-182272,-1671168,279168,-3477,237267
79844,-182272,-1285120,202176,-3477,173995
79854,-182272,-1068032,166080,-3477,229262
79864,-182272,-842752,123840,-3477,210740
79874,-561152,-729088,31488,-10704,176923
79884,-616448,-530432,-16128,-11758,93501
79894,-616448,-522240,-17664,-11758,156123
79904,-643072,-491520,-28416,-12266,135266
79914,-643072,-500736,-26688,-12266,139408
79924,-637952,-555008,-15552,-12168,175871
79934,-621568,-553984,-12672,-11856,169767
79944,-595968,-600064,768,-11368,207966
79954,-580608,-607232,4992,-11075,208304
79964,-489472,-586752,18240,-9336,202674
79974,-489472,-649216,29952,-9336,228895
79984,-480256,-563200,15552,-9161,191751
79994,-480256,-557056,14400,-9161,214778
80004,-590848,-502784,-20544,-11270,147739
80014,-590848,-453632,-25728,-11270,141009
80024,-1467392,-521216,-177408,-27989,19156
80034,-1467392,-488448,-183552,-27989,-41733
80044,-3904512,-698368,-601152,-74473,-475536
80054,-4999168,-1135616,-724416,-95352,-548421
80064,-4999168,-1997824,-562752,-95352,-175211
80074,-4999168,-3124224,-351552,-95352,177717
80084,-8588288,-4123648,-837120,-163809,-354336
80094,-7369728,-5113856,-422976,-140567,69739
80104,-6784000,-6150144,-118848,-129395,361101
80114,-4256768,-6770688,471360,-81192,836971
80124,-2944000,-7059456,771648,-56153,1015259
80134,-2944000,-6566912,679296,-56153,507989
80144,-1453056,-5828608,820416,-27715,450199
80155,-1453056,-4851712,637248,-27715,135620
80165,-966656,-4005888,569856,-18438,69142
80175,-897024,-3367936,463296,-17110,71999
80185,-660480,-2812928,403584,-12598,108265
80195,-550912,-2469888,359808,-10508,187754
80205,-59392,-2128896,388032,-1133,293145
80215,-59392,-1804288,328896,-1133,286745
80225,-59392,-1491968,268608,-1133,249060
80235,269312,-1027072,243072,5136,176217
80245,443392,-712704,216768,8457,193021
80255,443392,-318464,142848,8457,103376
80265,1929216,18432,358272,36796,379520
80275,2446336,385024,386496,46660,406814
80285,5327872,834560,842496,101621,902188
80295,5327872,1442816,728448,101621,693280
80305,5327872,2307072,566400,101621,433114
80315,10180608,3472384,1257792,194179,1040882
80325,13367296,4828160,1601088,254960,1260574
80335,13367296,6453248,1296384,254960,800957
80345,12379136,8562688,715584,236113,1311
80355,12379136,10276864,394176,236113,-79431
80365,12379136,11567104,152256,236113,3589
80375,8162304,12360704,-787200,155683,-836477
80385,8162304,12572672,-826944,155683,-694331
80395,5499904,12078080,-1233408,104902,-967166
80405,2911232,11003904,-1517376,55527,-983037
80415,1929216,9637888,-1445376,36796,-763476
80425,1929216,8002560,-1138752,36796,-291735
80435,362496,6489088,-1148736,6914,-413089
80445,362496,4862976,-843840,6914,-118181
80455,362496,3617792,-610368,6914,-22798
80465,-13312,2476032,-466752,-254,-12018
80475,-13312,1687552,-319680,-254,-71120
80485,-13312,1013760,-192576,-254,-30118
80495,-10240,461824,-88512,-196,-615
80505,-10240,51200,-11520,-196,21182
80515,-22528,-251904,43008,-430,3201
80525,-31744,-521216,91776,-606,17377
80535,-50176,-734208,128256,-958,42595
80545,-56320,-929792,163776,-1075,100735
80555,-44032,-1035264,184704,-840,117476
80565,-34816,-1049600,190272,-665,102318
80575,-34816,-988160,178752,-665,62147
80585,-34816,-979968,177216,-665,106434
80595,-34816,-882688,158976,-665,102816
80605,0,-751616,140928,0,70007
80615,0,-620544,116352,0,43775
80625,0,-552960,103680,0,48260
80635,0,-421888,79104,0,37318
80645,0,-310272,58176,0,12306
80655,0,-274432,51456,0,42263
80665,0,-237568,44544,0,53221
80675,0,-177152,33216,0,24072
80685,0,-198656,37248,0,51524
80695,0,-240640,45120,0,93690
80705,0,-221184,41472,0,44097
80715,0,-195584,36672,0,49186
80725,0,-225280,42240,0,78208
80735,0,-227328,42624,0,60492
80745,6144,-195584,37824,117,57602
80755,6144,-228352,43968,117,84954
80765,369664,-208896,108480,7050,146475
80775,369664,-142336,96000,7050,100270
80785,3316736,-96256,639936,63261,696513
80795,5677056,397312,989952,108281,893487
80805,11680768,1316864,1943232,222792,1777337
80815,14150656,2944000,2101248,269902,1639892
80825,16589824,5602304,2060160,316425,1177713
80835,16589824,8659968,1486848,316425,370253
80845,16589824,11344896,983424,316425,-63886
80855,14834688,13486080,252864,282949,-511151
80865,14834688,14793728,7680,282949,-315114
80875,7677952,15350784,-1438656,146445,-1646350
80885,7677952,14662656,-1309632,146445,-967070
80895,7677952,13074432,-1011840,146445,-190407
80905,7677952,11461632,-709440,146445,211026
80915,540672,9839616,-1743552,10312,-946967
80925,540672,8194048,-1435008,10312,-615660
80935,113664,6317056,-1163136,2167,-353662
80945,113664,4495360,-821568,2167,-6863
80955,-13312,3026944,-570048,-254,36672
80965,-56320,1773568,-343104,-1075,110680
80975,-96256,995328,-204672,-1836,19183
80985,-96256,353280,-84288,-1836,19788
80995,-448512,-185344,-49344,-8555,-26815
81005,-524288,-624640,18816,-10000,-6609
81015,-781312,-1045504,49536,-14903,-2373
81025,-781312,-1427456,121152,-14903,84962
81035,-1482752,-1758208,51648,-28282,-19286
81045,-1664000,-2017280,66240,-31739,-48208
81055,-2196480,-2276352,14976,-41895,-108760
81065,-2727936,-2595840,-24768,-52032,-132809
81075,-2727936,-2938880,39552,-52032,-31122
81085,-5272576,-3266560,-376128,-100567,-475282
81095,-5272576,-3822592,-271872,-100567,-297454
81105,-17213440,-4574208,-2369856,-328321,-2540194
81115,-17213440,-6196224,-2065728,-328321,-1791633
81125,-17213440,-8911872,-1556544,-328321,-788329
81135,-17213440,-11824128,-1010496,-328321,7202
81145,-17213440,-14600192,-489984,-328321,315056
81155,-17213440,-16576512,-119424,-328321,320741
81165,-16899072,-17812480,171264,-322325,293837
81175,-10803200,-18509824,1444992,-206055,1580102
81185,-4302848,-17972224,2563008,-82071,2346881
81195,-3008512,-16531456,2535552,-57383,1787911
81205,-590848,-13938688,2502720,-11270,1257883
81215,-590848,-11210752,1991232,-11270,614854
81225,-590848,-8786944,1536768,-11270,289298
81236,-590848,-6687744,1143168,-11270,170338
81246,3072,-5099520,956736,58,291962
81256,0,-3922944,735552,0,274370
81266,9216,-2879488,541632,175,220191
81276,9216,-2067456,389376,175,210844
81286,321536,-1190912,283584,6132,143067
81296,615424,-541696,216960,11738,189339
81306,1392640,53248,251136,26562,276227
81316,2102272,557056,289728,40097,394876
81326,3316736,1135616,408960,63261,518402
81336,3578880,1664000,359040,68261,495196
81346,3578880,2387968,223296,68261,304278
81356,3578880,3111936,87552,68261,160227
81366,3578880,3775488,-36864,68261,52479
81376,4539392,4332544,38784,86582,200560
81386,3353600,4780032,-267456,63964,-79821
81396,3353600,5064704,-320832,63964,-96244
81406,3353600,5256192,-356736,63964,-117439
81416,1734656,5223424,-654144,33085,-435070
81426,1734656,5117952,-634368,33085,-458733
81436,1561600,4573184,-564672,29785,-286035
81446,1561600,3968000,-451200,29785,-109618
81456,1466368,3348480,-352896,27968,-29279
81466,1422336,2621440,-224832,27128,149519
81476,1232896,2159616,-173760,23515,80730
81486,1232896,1732608,-93696,23515,97500
81496,1042432,1519616,-89472,19882,31913
81506,1042432,1306624,-49536,19882,15469
81516,726016,1217536,-92160,13847,-98599
81526,719872,1007616,-53952,13730,-8712
81536,701440,946176,-45888,13378,-76493
81546,701440,671744,5568,13378,62997
81556,631808,578560,9984,12050,18139
81566,631808,448512,34368,12050,66188
81576,579584,343040,44352,11054,27766
81586,564224,152576,77184,10761,125308
81596,416768,125952,54528,7949,65759
81606,391168,122880,50304,7460,32168
81616,391168,4096,72576,7460,107974
81626,147456,28672,22272,2812,6293
81636,147456,-37888,34752,2812,94437
81646,147456,-20480,31488,2812,19770
81656,147456,-86016,43776,2812,66587
81666,147456,-147456,55296,2812,102535
81676,147456,-131072,52224,2812,76182
81686,-4096,-122880,22272,-79,40475
81696,-4096,-33792,5568,-79,-34949
81706,-4096,-173056,31680,-79,79127
81716,-4096,-240640,44352,-79,107385
81726,-4096,-295936,54720,-79,113697
81736,-4096,-366592,67968,-79,109737
81746,-4096,-404480,75072,-79,98861
81756,-4096,-544768,101376,-79,200361
81766,-4096,-448512,83328,-79,92239
81776,-4096,-460800,85632,-79,100764
81786,-4096,-459776,85440,-79,100193
81796,-4096,-437248,81216,-79,96098
81806,-4096,-457728,85056,-79,143249
81816,0,-422912,79296,0,128207
81826,0,-327680,61440,0,55028
81836,0,-355328,66624,0,98121
81846,0,-346112,64896,0,127695
81856,0,-182272,34176,0,22127
81866,0,-116736,21888,0,20783
81876,18432,-133120,28416,351,84950
81886,18432,-36864,10368,351,23715
81896,125952,-37888,30720,2402,65214
81906,153600,-103424,48192,2929,143825
81916,165888,29696,25536,3164,43075
81926,165888,55296,20736,3164,55285
81936,156672,87040,13056,2988,64767
81946,153600,187392,-6336,2929,2986
81956,141312,194560,-9984,2695,23381
81966,141312,212992,-13440,2695,30206
81976,15360,174080,-29760,292,37390
81986,15360,199680,-34560,292,-2346
81996,0,107520,-20160,0,49069
82006,0,36864,-6912,0,95821
82016,0,38912,-7296,0,38124
82026,0,-21504,4032,0,61480
82036,0,-9216,1728,0,36332
82046,0,-107520,20160,0,113581
82056,0,-39936,7488,0,36560
82066,0,-53248,9984,0,43463
82076,488448,-52224,101376,9316,154350
82086,488448,-90112,108480,9316,190312
82096,9031680,148480,1665600,172265,1782015
82106,9031680,1184768,1471296,172265,1189628
82116,15985664,3132416,2409984,304902,1808746
82126,15985664,5853184,1899840,304902,921055
82136,15985664,8848384,1338240,304902,163456
82146,15985664,11493376,842304,304902,-130375
82156,15985664,13328384,498240,304902,-114103
82166,15115264,14567424,102720,288300,-163448
82176,15115264,15101952,2496,288300,109224
82186,6643712,15545344,-1669056,126718,-1662066
82196,5797888,15338496,-1788864,110585,-1615815
82206,1828864,14101504,-2301120,34882,-1730087
82216,1828864,11869184,-1882560,34882,-837678
82226,1828864,9250816,-1391616,34882,-63936
82236,1828864,6817792,-935424,34882,315986
82246,1828864,5104640,-614208,34882,274874
82256,12288,3989504,-745728,234,-204297
82266,-126976,3203072,-624384,-2422,-327361
82276,-126976,2483200,-490560,-2422,-317624
82286,-126976,1801216,-361536,-2422,-244923
82296,-424960,899072,-248256,-8106,-69574
82306,-905216,239616,-209088,-17266,-111453
82316,-1338368,-473088,-162240,-25528,-81753
82326,-1338368,-1045504,-54912,-25528,-42721
82336,-3820544,-1609728,-414528,-72872,-462259
82346,-3820544,-2233344,-297600,-72872,-326431
82356,-7999488,-2945024,-947712,-152579,-1026934
82366,-7999488,-4085760,-733824,-152579,-609481
82376,-7999488,-5549056,-459456,-152579,-203920
82386,-10592256,-7132160,-648768,-202032,-365026
82396,-10803200,-8620032,-409344,-206055,-106775
82406,-10181632,-9938944,-45504,-194200,144613
82416,-10181632,-11076608,167808,-194200,251620
82426,-6507520,-11701248,973824,-124122,986623
82437,-6507520,-11960320,1022400,-124122,968494
82447,-3354624,-11445248,1516992,-63985,1284576
82457,-1310720,-10076160,1643520,-25000,1053855
82467,-940032,-8309760,1381824,-17930,582831
82477,-497664,-6444032,1114944,-9493,244895
82487,-448512,-5054464,863616,-8555,175123
82497,-448512,-3802112,628800,-8555,102327
82507,-312320,-2981888,500544,-5958,208437
82517,-312320,-2277376,368448,-5958,171864
82527,-312320,-1805312,279936,-5958,197703
82537,-133120,-1482752,253056,-2540,269333
82547,0,-1145856,214848,0,263023
82557,0,-944128,177024,0,301981
82567,0,-647168,121344,0,245777
82577,0,-407552,76416,0,225577
82587,0,-124928,23424,0,154503
82597,0,50176,-9408,0,168205
82607,0,264192,-49536,0,104200
82617,0,335872,-62976,0,133138
82627,0,437248,-81984,0,100118
82637,0,376832,-70656,0,175175
82647,0,375808,-70464,0,161530
82657,-34816,253952,-54144,-665,227440
82667,-34816,229376,-49536,-665,195706
82677,-34816,237568,-43776,-665,191308
82687,-556032,141312,-130752,-10606,93777
82697,-595968