R
Px,Ix,Dx,Py,Iy,Dy,Pz,Iz,FFrx,FFry,FFdrx,FFdry,satI,satPID,KFQAng,KFQbias,KFRmeas,CPx,CIx,CPy,CIy,CsatI,CsatPID,CFFdrx,CFFdry,CFalpha,iRelaxX,IRelaxY,DmaxR,DmaxE,DMx,DMy
58,80,47,58,80,47,250,0,0,0,180,0,500000,15000000,10,1,1000,0,0,0,0,0,0,0,0,0.995,1024,1024,0,0,0,0
sysTickMs,PIDRefXi,PIDSensXi,PIDPoutXi,PIDFFoutXi,PIDUXi
31712,0,0,0,0,0
31722,0,0,0,0,0
31732,0,0,0,0,0
31742,0,0,0,0,0
31752,0,0,0,0,0
31762,0,0,0,0,0
31772,0,0,0,0,0
31782,0,0,0,0,0
31792,0,0,0,0,0
31802,0,0,0,0,0
31812,0,0,0,0,0
31822,0,0,0,0,0
31832,0,0,0,0,0
31842,0,0,0,0,0
31852,0,0,0,0,0
31862,0,0,0,0,0
31872,0,0,0,0,0
31882,0,0,0,0,0
31892,0,0,0,0,0
31902,0,0,0,0,0
31912,0,0,0,0,0
31922,0,0,0,0,0
31932,0,0,0,0,0
31942,0,0,0,0,0
31952,0,0,0,0,0
31962,0,0,0,0,0
31972,0,0,0,0,0
31982,0,0,0,0,0
31992,0,0,0,0,0
32002,0,0,0,0,0
32012,0,0,0,0,0
32022,0,0,0,0,0
32032,0,0,0,0,0
32042,0,0,0,0,0
32052,0,0,0,0,0
32062,0,0,0,0,0
32072,0,6144,-1392,0,-5241
32082,0,11264,-2552,0,-7006
32092,0,8192,-1856,0,940
32102,0,3072,-696,0,1750
32112,0,10240,-2320,0,-5512
32122,0,6144,-1392,0,-1175
32132,0,4096,-928,0,898
32142,0,11264,-2552,0,-5222
32152,0,6144,-1392,0,-1462
32162,0,5120,-1160,0,-1199
32172,0,11264,-2552,0,-6049
32182,0,6144,-1392,0,-1906
32192,0,12288,-2784,0,-7927
32202,0,1024,-232,0,-1230
32212,0,31744,-7192,0,-24402
32222,0,-34816,7888,0,29542
32232,0,31744,-7192,0,-31473
32242,0,-16384,3712,0,18918
32252,0,27648,-6264,0,-22273
32262,0,-18432,4176,0,22984
32272,0,43008,-9744,0,-33602
32282,0,-7168,1624,0,14842
32292,0,18432,-4176,0,-13037
32302,0,16384,-3712,0,-12015
32312,0,30720,-6960,0,-25311
32322,0,-2048,464,0,4698
32332,0,29696,-6728,0,-18166
32342,0,-30720,6960,0,34991
32352,0,-39936,9048,0,21218
32362,0,-50176,11368,0,25977
32372,0,-102400,23200,0,55241
32382,0,-83968,19024,0,51424
32392,0,9216,-2088,0,-23624
32402,0,27648,-6264,0,-13041
32412,0,22528,-5104,0,-21873
32422,0,-26624,6032,0,16761
32432,0,13312,-3016,0,-24023
32442,0,21504,-4872,0,-13268
32452,0,40960,-9280,0,-32382
32462,0,32768,-7424,0,-17959
32472,0,-60416,13688,0,64270
32482,0,-76800,17400,0,58750
32492,0,62464,-14152,0,-73088
32502,0,-67584,15312,0,55343
32512,0,-27648,6264,0,-2419
32522,0,138240,-31320,0,-50782
32532,0,-46080,10440,0,58440
32542,0,-78848,17864,0,50619
32552,0,-73728,16704,0,28033
32562,0,-80896,18328,0,22572
32572,0,-110592,25056,0,67242
32582,0,-64512,14616,0,-6309
32592,0,-169984,38512,0,72128
32602,0,-166912,37816,0,64577
32612,0,-130048,29464,0,24146
32622,0,-154624,35032,0,41391
32632,0,-216064,48952,0,94571
32642,0,-186368,42224,0,57935
32652,0,-229376,51968,0,72176
32662,0,-252928,57304,0,102544
32672,0,-243712,55216,0,94768
32682,0,-208896,47328,0,66425
32692,0,-203776,46168,0,53144
32702,0,-181248,41064,0,58890
32712,0,-150528,34104,0,28508
32722,0,-67584,15312,0,-21963
32732,0,-95232,21576,0,20936
32742,0,-88064,19952,0,25543
32752,0,-33792,7656,0,-9354
32762,0,32768,-7424,0,-35602
32772,0,103424,-23432,0,-58404
32782,0,135168,-30624,0,-90278
32792,0,169984,-38512,0,-93318
32802,0,62464,-14152,0,-6621
32812,0,24576,-5568,0,21704
32822,0,-3072,696,0,50111
32832,0,-20480,4640,0,31020
32842,0,-33792,7656,0,52620
32852,0,-65536,14848,0,56114
32862,0,-77824,17632,0,39991
32872,0,-11264,2552,0,-25633
32882,0,18432,-4176,0,-40290
32892,0,-45056,10208,0,29022
32902,0,-166912,37816,0,139404
32913,0,-182272,41296,0,143111
32923,0,-110592,25056,0,57143
32933,0,-147456,33408,0,78337
32943,0,-114688,25984,0,28411
32953,0,-45056,10208,0,-29187
32963,0,-25600,5800,0,-20366
32973,0,-87040,19720,0,70437
32983,0,-87040,19720,0,87717
32993,0,-38912,8816,0,50662
33003,3072,-48128,11600,499,54446
33013,12288,-27648,9048,2614,21717
33023,12288,-38912,11600,648,3262
33033,12288,-139264,34336,153,71194
33043,86016,-245760,75168,11738,176277
33053,86016,-164864,55216,2993,91371
33063,86016,-92160,40368,796,74685
33073,122880,15360,24360,4691,40940
33083,122880,120832,464,1263,-15581
33093,122880,167936,-10208,302,-30638
33103,190464,125952,14616,8316,44817
33113,190464,205824,-3480,2252,-26335
33123,190464,167936,5104,543,33155
33133,394240,74752,72384,25037,206986
33143,610304,165888,100688,56782,217689
33153,824320,281600,122960,48477,184721
33163,939008,399360,122264,27322,154265
33173,939008,655360,64264,7020,6557
33183,1809408,796672,229448,148820,335272
33193,2527232,1127424,317144,269384,459756
33203,2527232,1547264,222024,69444,91968
33213,2611200,1930240,154280,33239,-20882
33223,2726912,2344960,86536,32722,-74406
33233,2726912,2516992,47560,8970,-4851
33243,2817024,2665472,34336,16545,71936
33253,2879488,2803712,17168,11392,65150
33263,2879488,2870272,2088,3109,62837
33273,2879488,2937856,-13224,769,35831
33283,2697216,3001344,-68904,-58486,-106030
33293,2697216,3021824,-73544,-15112,-74238
33303,2291712,2907136,-139432,-64100,-126402
33313,1378304,2821120,-326888,-293281,-539907
33323,1184768,2586624,-317608,-117955,-308914
33333,1184768,2255872,-242672,-30438,-90617
33343,492544,1732608,-280952,-108639,-156982
33353,492544,1249280,-171448,-28043,24105
33363,334848,834560,-113216,-32701,51630
33373,334848,480256,-32944,-8465,127999
33383,116736,335872,-49648,-46901,-18378
33393,95232,241664,-33176,-16123,-18499
33403,9216,101376,-20880,-28527,-3856
33413,9216,-5120,3248,-7883,42773
33423,0,-171008,38744,-3423,126840
33433,0,-231424,52432,-907,106142
33443,0,-282624,64032,-281,110689
33453,-4096,-261120,58232,-665,49658
33463,0,-284672,64496,230,57079
33473,0,-291840,66120,32,69194
33483,0,-299008,67744,0,91576
33493,0,-323584,73312,0,128602
33503,0,-305152,69136,0,118716
33513,-4096,-267264,59624,-627,90034
33523,-4096,-196608,43616,-193,29923
33533,-4096,-184320,40832,-83,15679
33543,-4096,-248832,55448,-83,73845
33553,-4096,-307200,68672,-731,124194
33563,-4096,-321536,71920,-237,141827
33573,-4096,-181248,40136,-88,7930
33583,-4096,-220160,48952,-83,55974
33593,-4096,-288768,64496,-83,125141
33603,-4096,-208896,46400,-83,58121
33613,-4096,-239616,53360,-83,97225
33623,-4096,-159744,35264,-83,27592
33633,-10240,-164864,35032,-852,50425
33643,-10240,-323584,70992,-264,197560
33653,-13312,-309248,67048,-660,155738
33663,-13312,-326656,70992,-204,147838
33673,-13312,-332800,72384,-83,140335
33683,-13312,-337920,73544,-83,137371
33693,-28672,-286720,58464,-5356,76204
33703,-28672,-232448,46168,-1500,47671
33713,-34816,-244736,47560,-1451,76917
33723,-34816,-295936,59160,-429,141146
33733,-56320,-403456,78648,-5488,222077
33743,-56320,-305152,45240,-1445,78166
33753,-47104,-272384,51040,2735,92664
33763,-44032,-205824,36656,1389,43262
33773,-44032,-299008,57768,351,129596
33783,-25600,-315392,65656,3537,162110
33793,-13312,-205824,43616,3746,69894
33803,-13312,-171008,35728,1005,58001
33813,-13312,-161792,33640,230,73672
33823,-4096,-271360,60552,2180,133115
33833,-4096,-99328,21576,538,61181
33843,0,-73728,16704,576,53831
33853,0,-68608,15544,131,57020
33863,0,-185344,41992,0,163317
33873,0,-120832,27376,0,94370
33883,0,-113664,25752,0,90225
33893,0,52224,-11832,0,-55072
33903,0,14336,-3248,0,1023
33913,0,-66560,15080,0,81123
33923,0,-136192,30856,0,144394
33933,0,-206848,46864,0,194403
33943,0,-125952,28536,0,100688
33953,0,-81920,18560,0,54589
33963,0,-64512,14616,0,40410
33973,0,-8192,13920,0,49945
33983,0,-182272,41296,0,162009
33993,0,-167936,38048,0,136428
34003,0,-183296,41528,0,154131
34013,0,-200704,45472,0,172704
34023,0,-77824,17632,0,29546
34033,0,-14336,3248,0,23808
34043,0,-23552,5336,0,48165
34053,-56320,5120,-13920,-14437,3642
34063,-56320,-112640,12760,-3758,121959
34073,-185344,-174080,-2552,-21479,98175
34083,-315392,-215040,-22736,-19545,85893
34093,-315392,-277504,-8584,-5076,119454
34103,-1271808,-252928,-230840,-134374,-321282
34113,-4348928,-427008,-888560,-907477,-1752497
34124,-5618688,-1205248,-999920,-477906,-1101811
34134,-5618688,-2325504,-746112,-131479,-263063
34144,-14151680,-4227072,-2248544,-1084626,-2233209
34154,-14151680,-7020544,-1615648,-279723,-216605
34164,-14151680,-9828352,-979504,-76971,823491
34174,-14151680,-12107776,-463072,-19880,1099959
34184,-17213440,-13145088,-921736,-556458,-503564
34194,-17213440,-13958144,-737528,-153095,-261319
34204,-17213440,-14515200,-611320,-39513,-300792
34214,-17213440,-15367168,-418296,-10893,-55316
34224,-17213440,-16317440,-203000,-2835,269927
34234,-9032704,-16845824,1770160,2168800,4336610
34244,-9032704,-16759808,1750672,559231,2400808
34254,-9032704,-15374336,1436776,144184,926577
34264,-9032704,-13426688,995512,39633,-75704
34274,-9032704,-11524096,564456,10195,-450141
34284,-273408,-10303488,2272440,3009869,4617781
34294,-90112,-9733120,2184744,873435,2719472
34304,-28672,-7958528,1796608,236260,1318426
34314,3072,-5460992,1237952,71795,247915
34324,3072,-3235840,733816,19720,-278900
34334,0,-1486848,336864,4531,-414295
34344,0,-505856,114608,1142,-291041
34354,144384,-179200,73312,36177,106148
34364,285696,28672,58232,33156,212322
34374,455680,52224,91408,67450,381202
34384,455680,236544,49648,17363,250204
34394,1528832,560128,219472,185608,501931
34404,1528832,922624,137344,51020,226605
34414,3210240,1589248,367256,405043,694923
34424,3210240,2219008,224576,104414,224887
34434,10180608,3012608,1624000,2130194,3614849
34444,14285824,4055040,2317912,1482989,3476035
34454,14285824,6203392,1831176,382379,1383874
34464,16284672,9061376,1636528,334226,753218
34474,16284672,12246016,915008,86154,-325476
34484,16284672,14758912,345680,22186,-685401
34494,16436224,16214016,50344,23439,-520567
34504,16436224,16772096,-76096,6015,-144745
34514,16436224,16864256,-96976,1516,139275
34524,10695680,16795648,-1382024,-1135514,-2266753
34534,10695680,15854592,-1168816,-292841,-991167
34544,5984256,14270464,-1877344,-826189,-1932793
34554,3861504,11695104,-1774800,-441162,-959076
34564,3861504,8722432,-1101304,-113791,266441
34574,3861504,6248448,-540792,-31328,776018
34584,439296,4642816,-952360,-976213,-1060440
34594,391168,3631104,-734048,-278405,-426504
34604,391168,2651136,-512024,-71818,-94322
34614,113664,1839104,-390920,-62167,-60361
34624,113664,1004544,-201840,-17134,106974
34634,12288,466944,-103008,-18545,67965
34644,3072,147456,-32712,-6114,46175
34654,-4096,-14336,2320,-3071,-10260
34664,0,-215040,48720,-270,-19360
34674,0,-45056,10208,-99,-176168
34684,0,-250880,56840,-83,-16186
34694,0,-258048,58464,-83,-70710
34704,0,-416768,94424,-83,37088
34714,0,-456704,103472,-83,47090
34724,0,-366592,83056,-83,-26883
34734,0,-358400,81200,-83,-18825
34744,0,-312320,88856,-83,53163
34754,0,-412672,93496,-83,104894
34764,0,-295936,67048,-83,36649
34774,0,-269312,61016,-83,35260
34784,0,-243712,55216,-83,41988
34794,-4096,-334848,73776,-1088,131963
34804,-4096,-208896,46400,-330,42016
34814,-4096,-154624,34104,-121,-4480
34824,-4096,-21504,3944,-83,-19558
34834,-4096,-158720,35032,-83,59718
34844,-7168,-32768,5800,-1138,-31784
34854,-10240,-97280,19720,-1105,37789
34864,-13312,74752,-19952,-868,-120779
34874,-13312,-160768,33408,-253,103013
34884,-13312,-23552,2320,-99,-27737
34894,-19456,-115712,21808,-1088,60610
34904,-25600,21504,-10672,-2291,-72984
34914,-25600,-164864,31552,-660,111011
34924,-25600,-111616,19488,-204,56606
34934,-25600,-99328,16704,-83,50618
34944,-25600,-57344,7192,-83,8266
34954,-40960,-82944,9512,-2654,38220
34964,-77824,-163840,19488,-10119,98634
34974,-93184,-80896,-2784,-6395,18822
34984,-93184,-74752,-4176,-1681,-1223
34994,-130048,-28672,-22968,-8680,-16753
35004,-130048,-188416,13224,-2269,90793
35014,-176128,-139264,-8352,-7905,22472
35024,-200704,-55296,-32944,-5027,-62918
35034,-200704,-161792,-8816,-1319,27848
35044,-200704,-166912,-7656,-391,8279
35054,-585728,-242688,-77720,-116318,-139332
35064,-585728,-109568,-107880,-30026,-200001
35074,-847872,-231424,-139664,-49769,-197851
35084,-847872,-581632,-60320,-12865,59208
35094,-847872,-512000,-73080,-3346,-115002
35104,-1074176,-989184,-19256,-36766,114774
35114,-1033216,-1013760,-4408,2081,56860
35124,-1004544,-1037312,7424,6806,20385
35134,-1004544,-1139712,30624,1719,74940
35144,-948224,-1181696,52896,6465,107943
35154,-948224,-894976,-12064,1757,-151439
35164,-802816,-1027072,50808,22000,61955
35174,-720896,-1134592,93728,30739,212935
35184,-626688,-876544,56608,27191,14367
35194,-570368,-752640,41296,14826,44840
35204,-424960,-789504,82592,45186,125054
35214,-332800,-745472,93496,30498,155721
35224,-257024,-429056,38976,19605,-72152
35234,-117760,-434176,71688,44412,68803
35244,-117760,-336896,59624,11420,57820
35254,-10240,-286720,62640,19066,65128
35264,0,-117760,26680,7091,-17852
35274,0,-66560,15080,1922,-2288
35284,0,97280,-22040,466,-101151
35294,0,-5120,1160,98,30310
35304,0,-23552,5336,0,53195
35314,0,31744,-29928,0,-95545
35324,0,83968,-19024,0,-34786
35334,0,-118784,26912,0,151166
35344,0,57344,-12992,0,-24305
35354,0,-59392,13456,0,81999
35364,0,53248,-12064,0,-30330
35374,0,-29696,6728,0,65138
35384,0,-77824,17632,0,98968
35394,0,80896,-18328,0,-57211
35404,0,-47104,10672,0,59266
35414,12288,57344,-10208,1719,-45893
35425,12288,-84992,22040,411,92273
35435,12288,-60416,16472,76,65063
35445,365568,11264,80272,70944,169137
35455,620544,-20480,145232,64176,263170
35465,620544,317440,68672,17622,-39662
35475,7677952,340992,1662280,1876195,3511591
35485,7677952,1168384,1474824,483782,1533668
35495,13240320,2806784,2363848,858372,2338254
35505,16135168,5856256,2328816,563214,1372366
35515,16135168,9435136,1517976,145211,-270984
35525,16284672,12732416,804808,91235,-772165
35535,16135168,14822400,297424,-13684,-825103
35545,16135168,15748096,87696,-3791,-462400
35555,9590784,15579136,-1356736,-1299392,-2718099
35565,8674304,14417920,-1301288,-548729,-1353688
35575,6047744,12132352,-1378544,-623903,-880607
35585,3778560,9496576,-1295488,-438317,-338466
35595,1577984,6939648,-1214752,-625996,-518119
35605,984064,4770816,-857936,-272472,29702
35615,362496,2961408,-588816,-270352,81750
35625,297984,2109440,-410408,-84787,-81652
35635,297984,1188864,-201840,-23352,173595
35645,0,999424,-226432,-101965,-254413
35655,0,698368,-158224,-28076,-138799
35665,0,389120,-88160,-7268,-21058
35675,0,149504,-33872,-1907,29342
35685,0,-33792,7656,-522,28301
35695,0,-101376,22968,-171,-44421
35705,0,-398336,90248,-83,136730
35715,0,-447488,101384,-83,119096
35725,-7168,-397312,88392,-1198,23959
35735,-13312,-422912,92800,-1594,26176
35745,-13312,-450560,99064,-467,52962
35755,-13312,-484352,106720,-154,90838
35765,-413696,-447488,7656,-77580,-104913
35775,-537600,-540672,696,-47115,-12770
35785,-537600,-393216,-32712,-12173,-145648
35795,-1514496,-578560,-212048,-199869,-431919
35805,-1735680,-988160,-169360,-96889,-119919
35815,-3579904,-1240064,-530120,-298636,-721755
35825,-4589568,-1977344,-591832,-190657,-500847
35835,-11344896,-3170304,-1852056,-1433151,-2771311
35845,-13625344,-4789248,-2001928,-732574,-1918514
35855,-17213440,-7624704,-2172448,-1203970,-2050640
35865,-17213440,-10916864,-1426568,-310491,-113857
35875,-17213440,-13991936,-729872,-85436,825744
35885,-17213440,-16250880,-218080,-22056,984864
35895,-17213440,-17238016,5568,-5719,586315
35905,-17213440,-17290240,17400,-1599,61992
35915,-9591808,-17099776,1701024,2020880,3586326
35925,-9591808,-16655360,1600336,521092,1820172
35935,-9591808,-14775296,1174384,143305,539581
35945,-1366016,-12192768,2452936,967780,2162005
35955,-1366016,-9110528,1754616,266171,389614
35965,-1366016,-5777408,999456,68609,-609742
35975,-219136,-3360768,711776,134357,-520013
35985,0,-1912832,433376,76706,-295638
35995,0,-1354752,302296,19753,60091
36005,0,-964608,218544,5405,154464
36015,0,-802816,181888,1362,201293
36025,0,-616448,139664,346,141918
36035,0,-558080,126440,65,209574
36045,0,-441344,99992,0,242479
36055,0,-132096,29928,0,107712
36065,9216,91136,-18560,1790,45668
36075,9216,231424,-50344,466,28550
36085,98304,277504,-40600,16281,97153
36095,98304,346112,-56144,4449,72507
36105,172032,391168,-49648,14386,83927
36115,172032,390144,-49416,3933,97812
36125,172032,370688,-45008,988,115235
36135,159744,526336,-83056,-1978,-29629
36145,159744,527360,-83288,-577,-25822
36155,122880,378880,-58000,-9350,92228
36165,110592,296960,-42224,-4521,38579
36175,49152,328704,-63336,-22369,38042
36185,49152,307200,-58464,-5796,17650
36195,49152,305152,-58000,-1626,-9469
36205,49152,119808,-16008,-456,130076
36215,49152,80896,-7192,-160,133602
36225,36864,167936,-29696,-2143,13666
36235,36864,172032,-30624,-583,8668
36245,36864,73728,-8352,-193,78895
36255,33792,153600,-27144,-605,-2913
36265,33792,-58368,20880,-198,187035
36275,30720,72704,-9512,-797,40277
36285,30720,108544,-17632,-237,6047
36295,27648,92160,-14616,-467,10168
36305,27648,49152,-4872,-154,44579
36315,27648,51200,-5336,-83,43193
36325,27648,-6144,7656,-83,96561
36335,27648,203776,-39904,-83,-100161
36345,27648,98304,-16008,-83,6786
36355,168960,21504,33408,25691,120151
36365,387072,106496,63568,57870,133250
36375,739328,30720,160544,70642,318963
36385,739328,347136,88856,18187,47787
36395,10281984,604160,2192632,2229301,4311197
36405,10281984,1230848,2050648,574837,2331372
36415,16284672,3215360,2961016,2090143,4179165
36425,16284672,6274048,2268032,538945,1357274
36435,16436224,9890816,1482944,162938,-118071
36445,16436224,13028352,772096,44796,-844780
36455,16436224,15060992,311576,11519,-741455
36465,16436224,16050176,87464,3131,-460575
36475,14285824,16017408,-392312,-245682,-680846
36485,9590784,15188992,-1268344,-1025245,-1959740
36495,9590784,14034944,-1006880,-282036,-717790
36505,3819520,12082176,-1872008,-1814228,-2861817
36515,3040256,10077184,-1594304,-669348,-1281777
36525,3040256,7605248,-1034256,-172640,-64603
36536,594944,5064704,-1012680,-389389,-151856
36546,594944,3239936,-599256,-100443,436095
36556,184320,1989632,-409016,-88578,167456
36566,12288,1224704,-274688,-71543,2394
36576,6144,836608,-188152,-20968,-54715
36586,6144,608256,-136416,-5439,-94345
36596,12288,434176,-95584,-314,-121836
36606,12288,419840,-92336,-121,-242494
36616,15360,-113664,29232,373,112672
36626,15360,-112640,29000,76,-49582
36636,12288,-305152,71920,-605,13424
36646,12288,-424960,99064,-198,48299
36656,9216,-441344,102080,-391,28308
36666,9216,-434176,100456,-138,9511
36676,0,-248832,56376,-1352,-151957
36686,0,-478208,108344,-385,112315
36696,0,-473088,107184,-143,56344
36706,0,-269312,61016,-83,-60668
36716,0,-346112,78416,-83,34324
36726,0,-365568,82824,-83,65826
36736,0,-427008,96744,-83,139912
36746,0,-271360,61480,-83,14768
36756,0,-247808,56144,-83,40177
36766,0,-83968,19024,-83,-80782
36776,0,-181248,41064,-83,50010
36786,0,-235520,53360,-83,108000
36796,0,-119808,27144,-83,-2122
36806,0,-71680,16240,-83,-45186
36816,0,-262144,59392,-83,130657
36826,0,-319488,72384,-83,168595
36836,0,-152576,34568,-83,8101
36846,0,-147456,33408,-83,10060
36856,0,-212992,48256,-83,84644
36866,0,-146432,33176,-83,25361
36876,0,-188416,42688,-83,110391
36886,0,-190464,43152,-83,84489
36896,0,-137216,31088,-83,38586
36906,0,-148480,35960,-83,65133
36916,0,-296960,67280,-83,207751
36926,0,-134144,30392,-83,44774
36936,0,-66560,15080,-83,-14888
36946,-4096,-160768,35496,-1401,65656
36956,-4096,-294912,65888,-412,189659
36966,-4096,-262144,58464,-143,141207
36976,-10240,-214016,46168,-775,95242
36986,-120832,-212992,20880,-24401,37156
36996,-169984,-334848,37352,-15046,142496
37006,-169984,-240640,16008,-3906,49996
37016,-493568,-364544,-29232,-76526,7119
37026,-493568,-324608,-38280,-19770,-9819
37036,-1498112,-478208,-231072,-224698,-385628
37046,-1498112,-730112,-174000,-61832,-127287
37056,-7600128,-1249280,-1438864,-981656,-2176682
37066,-7600128,-2357248,-1187840,-270050,-923610
37076,-17213440,-4540416,-2871232,-2170421,-4065894
37086,-17213440,-7161856,-2277312,-559721,-1545188
37096,-17213440,-10630144,-1491528,-153985,81175
37106,-17213440,-14002176,-727552,-39738,946771
37116,-17213440,-16045056,-264712,-10278,838310
37126,-17213440,-17314816,22968,-2862,771019
37136,-14151680,-17135616,676048,626484,1378915
37146,-14151680,-16737280,585800,161520,543865
37156,-2848768,-15649792,2900232,3241867,5691656
37166,-1735680,-14233600,2831560,1063976,3177310
37176,-1735680,-11708416,2259448,292626,1235019
37186,-580608,-8328192,1755312,199528,287012
37196,-90112,-5269504,1173456,145623,-248160
37206,-13312,-3077120,694144,51416,-467321
37216,3072,-1736704,394168,14880,-303154
37226,0,-1214464,275152,3218,24813
37236,0,-935936,212048,851,135057
37246,6144,-843776,192560,1818,257232
37256,6144,-581632,133168,466,153720
37266,141312,-430080,129456,18896,225416
37276,240640,-154624,89552,31190,222996
37286,291840,104448,42456,18385,129409
37296,358400,357376,232,13974,90339
37306,358400,602112,-55216,3806,-6121
37316,387072,591872,-46400,6454,136900
37326,391168,733184,-77488,2312,65939
37336,398336,856064,-103704,1290,-7336
37346,398336,961536,-127600,307,-77116
37356,401408,796672,-89552,483,81522
37366,401408,820224,-94888,87,36982
37376,401408,763904,-69600,0,114417
37386,401408,691200,-65656,0,87647
37396,391168,713728,-73080,-2555,16038
37406,391168,756736,-82824,-731,-50702
37416,365568,623616,-58464,-3555,51346
37426,291840,568320,-62640,-20572,38360
37436,278528,521216,-54984,-7735,52355
37446,215040,418816,-46168,-23830,61934
37456,218112,582656,-82592,-5818,-114595
37466,218112,334848,-26448,-1528,84556
37476,231424,328704,-22040,4141,36895
37486,231424,220160,2552,1109,101104
37496,272384,151552,27376,7168,136224
37506,352256,356352,-928,29371,-32976
37516,352256,276480,17168,7536,57810
37526,1610752,321536,292088,214359,524029
37536,2756608,570368,495320,199017,613479
37546,16743424,1270784,3505520,3311526,6536132
37556,16743424,2432000,3242432,910832,3575008
37566,17054720,4952064,2742008,335033,1917558
37576,16898048,8612864,1877112,49839,256854
37586,16898048,11930624,1125432,13677,-530690
37596,16743424,14373888,536848,-14222,-660587
37606,16743424,15599616,259144,-3945,-351625
37616,16743424,15888384,193720,-1050,165578
37626,14285824,16011264,-387904,-741885,-961598
37636,12619776,16041984,-775344,-592438,-1251125
37646,7521280,15266816,-1754848,-959662,-2393443
37656,7521280,13711360,-1402440,-264002,-977543
37666,7521280,11120640,-815480,-68105,251212
37676,7521280,8918016,-316448,-17595,771260
37686,398336,7781376,-1672720,-2297489,-3257096
37697,308224,7195648,-1560432,-612181,-1824746
37707,308224,5367808,-1146312,-168421,-464372
37717,107520,3379200,-741240,-104019,137163
37727,107520,1584128,-334544,-26862,493712
37737,110592,463872,-80040,-6933,489617
37747,113664,196608,-18792,-1489,37265
37757,110592,-135168,55680,-1039,71461
37767,98304,-108544,46864,-2258,-28295
37777,98304,158720,-13688,-621,-276647
37787,98304,-2048,22736,-204,-130989
37797,6144,-288768,66816,-13761,32695
37807,0,-420864,95352,-4780,59605
37817,-4096,-664576,149640,-2176,186665
37827,-4096,-477184,107184,-588,-59939
37837,0,-542720,122960,247,4342
37847,0,-713728,161704,38,185803
37857,-10240,-605184,134792,-1445,66132
37867,-80896,-513024,97904,-20419,41144
37877,-139264,-396288,58232,-17249,-26423
37887,-302080,-414720,25520,-27120,-12677
37897,-392192,-544768,34568,-16568,119199
37907,-392192,-288768,-23432,-4307,-146726
37917,-606208,-777216,38744,-32959,195490
37927,-666624,-564224,-23200,-24555,-97850
37937,-666624,-818176,34336,-6367,73669
37947,-666624,-878592,48024,-1786,76093
37957,-660480,-1003520,77720,1148,154824
37967,-660480,-847872,42456,285,-24976
37977,-570368,-1122304,125048,12579,262355
37987,-476160,-1082368,137344,28196,277110
37997,-476160,-716800,54520,7728,-54811
38007,-476160,-866304,88392,1961,106976
38017,-505856,-809984,68904,-9432,77525
38027,-505856,-803840,67512,-2626,163174
38037,-546816,-641024,21344,-6048,-68763
38047,-585728,-819200,52896,-11267,50580
38057,-595968,-906240,70296,-4972,141658
38067,-616448,-782336,37584,-8350,-22897
38077,-616448,-946176,74704,-2176,113724
38087,-616448,-1080320,105096,-627,216259
38097,-611328,-1131520,117856,1565,263422
38107,-611328,-817152,46632,406,-47847
38117,-643072,-1230848,133168,-5279,364633
38127,-684032,-882688,45008,-6400,38032
38137,-817152,-987136,38512,-34893,68931
38147,-817152,-1055744,54056,-9031,156111
38157,-887808,-1117184,51968,-25110,145194
38167,-887808,-1010688,27840,-6933,11159
38177,-905216,-1308672,91408,-4758,264185
38187,-940032,-1001472,13920,-5598,-63115
38197,-1233920,-1380352,33176,-69978,167678
38207,-1529856,-1085440,-100688,-64913,-191774
38217,-2015232,-1608704,-92104,-174112,24894
38227,-2394112,-1498112,-203000,-127717,-279189
38237,-2394112,-2053120,-77256,-35151,113044
38247,-2880512,-2499584,-86304,-77784,96191
38257,-2880512,-2916352,8120,-20089,251602
38267,-3281920,-3039232,-54984,-69083,-49818
38277,-4444160,-3551232,-202304,-368553,-317965
38287,-4491264,-3542016,-215064,-105359,-268944
38297,-4491264,-4264960,-51272,-29010,256024
38307,-4790272,-4447232,-77720,-29686,-4168
38317,-4790272,-5192704,91176,-8191,403955
38327,-4396032,-5317632,208800,60249,433512
38337,-4396032,-5287936,202072,15501,244282
38347,-2447360,-5192704,621992,430070,1034017
38357,-2447360,-4608000,489520,110863,349127
38367,-1209344,-3777536,581856,172353,295841
38377,-489472,-2906112,547520,191898,268036
38387,-295936,-2132992,416208,78167,139560
38397,-154624,-1472512,298584,64110,105258
38407,-209920,-902144,156832,5174,-71765
38417,-209920,-781312,129456,1395,62136
38427,-626688,-826368,45240,-55948,51044
38437,-1053696,-1096704,9744,-101932,155084
38447,-1233920,-1059840,-39440,-54800,31512
38457,-1233920,-1372160,31320,-14162,238790
38467,-1529856,-1531904,464,-60524,100605
38477,-1529856,-1690624,36424,-16683,191812
38487,-1579008,-1719296,31784,-14673,128030
38497,-1579008,-1886208,69600,-4071,240580
38507,-1579008,-1817600,54056,-1083,137670
38517,-1562624,-1795072,52664,1345,146393
38527,-1393664,-1889280,112288,32794,306267
38537,-1393664,-1812480,94888,8415,209406
38547,-913408,-1754112,190472,65396,340818
38557,-913408,-1471488,126440,16831,129128
38567,-546816,-1405952,194648,52124,336678
38577,-424960,-1096704,152192,26575,199045
38587,-440320,-835584,89552,3867,89539
38597,-440320,-721920,63800,966,107810
38607,-489472,-591872,23200,-12794,53201
38617,-510976,-709632,45008,-7202,223089
38627,-556032,-587776,7192,-8279,15822
38637,-556032,-643072,19720,-2165,167579
38647,-556032,-705536,33872,-588,210393
38657,-1074176,-658432,-94192,-67759,-45988
38667,-2103296,-831488,-288144,-273384,-384828
38677,-2268160,-974848,-293016,-98350,-240350
38687,-2727936,-1667072,-240352,-184933,-37643
38697,-2757632,-1995776,-172608,-55113,12152
38707,-2880512,-2673664,-46864,-34981,300031
38717,-3618816,-3063808,-125744,-182082,-34027
38727,-4945920,-3284992,-376304,-356320,-582806
38737,-5860352,-3828736,-460288,-262684,-443342
38747,-5860352,-4572160,-291856,-67770,1965
38757,-6439936,-5640192,-181192,-152601,231779
38767,-6439936,-6018048,-95584,-42012,120313
38777,-6306816,-6822912,116928,5416,517111
38787,-6306816,-6841344,121104,1455,166821
38797,-4638720,-6802432,490216,281931,764951
38807,-2818048,-6524928,839840,658685,1373285
38817,-2268160,-5835776,808288,289984,770412
38827,-2268160,-4655104,540792,79733,90757
38837,-1735680,-3542016,409248,78107,-60662
38847,-1735680,-2738176,227128,21450,-180626
38857,-1810432,-2205696,89552,-6334,-181829
38867,-1810432,-2185216,84912,-1665,94652
38877,-1810432,-2201600,88624,-489,183212
38887,-1810432,-2197504,87696,-160,182122
38897,-1792000,-2212864,95352,5482,187744
38907,-1681408,-2162688,109040,25554,196098
38917,-1681408,-2076672,89552,6558,162108
38927,-1024000,-1863680,190240,121195,326081
38937,-1024000,-1483776,104168,31223,22712
38948,-528384,-1297408,174232,86989,195467
38958,-319488,-1138688,185600,44846,261157
38968,-83968,-683008,135720,59782,130625
38978,0,-303104,68672,28872,-7522
38988,0,-105472,23896,7415,-3454
38998,0,-79872,18096,1884,29450
39008,0,149504,-33872,494,25333
39018,6144,297984,-66120,719,-45245
39028,6144,283648,-62872,164,-12926
39038,89088,63488,5800,12321,226280
39048,138240,287744,-33872,8646,8971
39058,518144,266240,57072,80024,219240
39068,636928,229376,92336,37128,286005
39078,1513472,653312,194880,104359,251505
39088,1513472,1067008,101152,26878,2999
39098,1513472,1422336,20648,6904,-66073
39108,3778560,1804288,447296,358363,716665
39118,5921792,2414592,794600,504019,1117030
39128,7292928,3471360,865824,308732,787921
39138,8162304,5071872,700176,172457,209005
39148,8162304,6822912,303456,44445,-398469
39158,8162304,8001536,36424,11431,-441882
39168,13240320,8520704,1069288,1349846,2209667
39178,12741632,9007104,846104,258250,926216
39188,11343872,10215424,-247544,-878242,-1578305
39198,6925312,11223040,-973704,-787973,-2259443
39208,5558272,10813440,-1190624,-449369,-1611771
39218,2317312,9503744,-1628176,-1236330,-2259846
39228,2317312,7357440,-1141904,-318835,-330163
39238,2317312,4728832,-546360,-82244,869241
39248,458752,3281920,-639624,-282459,222249
39258,458752,2147328,-382568,-72867,414630
39268,301056,2154496,-419920,-48461,-259499
39278,301056,1589248,-291856,-12525,-52165
39288,178176,1724416,-350320,-31905,-426312
39298,178176,1346560,-264712,-8806,-212109
39308,39936,1000448,-217616,-30240,-153997
39318,39936,723968,-154976,-8345,-130742
39328,39936,206848,-37816,-2176,86045
39338,0,-4096,928,-13442,57728
39348,0,-19456,4408,-3725,-62678
39358,0,-71680,16240,-995,-64789
39368,0,-226304,51272,-308,27058
39378,0,-134144,30392,-116,-93238
39388,0,-246784,55912,-83,-16027
39398,0,-336896,76328,-83,42788
39408,0,-206848,46864,-83,-106117
39418,0,-446464,101152,-83,87555
39428,0,-196608,44544,-83,-122882
39438,0,-389120,88160,-83,93400
39448,27648,-135168,36888,4042,-111961
39458,107520,-188416,67048,10233,14723
39468,1324032,-185344,341968,268450,588810
39478,3007488,238592,627328,318960,790183
39488,6438912,780288,1282032,1123126,2135665
39498,6438912,2155520,970456,289588,670693
39508,7599104,3912704,835200,263232,263191
39518,7756800,5748736,454952,84792,-342692
39528,7756800,7013376,168432,23296,-497968
39538,6998016,7507968,-115536,-106601,-481644
39548,5384192,7629824,-508776,-446331,-1089702
39558,3988480,7014400,-685560,-408725,-816887
39568,3988480,6199296,-500888,-105436,-233029
39578,2102272,4986880,-653544,-284739,-424494
39588,2102272,3792896,-383032,-78355,93337
39598,1258496,2896896,-371200,-137604,-90472
39608,1184768,2046976,-195344,-58739,202957
39618,1184768,1948672,-173072,-15167,-55663
39628,1116160,1748992,-143376,-13486,-155991
39638,766976,1662976,-203000,-73422,-334724
39648,766976,1455104,-155904,-18963,-210390
39658,466944,1345536,-199056,-49763,-306207
39668,391168,990208,-135720,-20495,-111421
39678,391168,715776,-73776,-5318,-25016
39688,110592,458752,-78880,-40518,-60122
39698,110592,278528,-38048,-10476,-40535
39708,-4096,81920,-19488,-24939,-41036
39718,-4096,12288,-3712,-6455,-69255
39728,0,-110592,28536,-1313,-12919
39738,6144,-131072,31088,791,-53493
39748,9216,-193536,45936,576,-25628
39758,36864,-167936,46400,7459,-48049
39768,36864,-150528,42456,1895,-61499
39778,36864,-288768,73776,112258,176649
39788,423936,-50176,107416,47142,-7466
39798,1173504,-201728,311576,147090,475204
39808,2035712,253952,403680,160356,392353
39818,4738048,912384,866752,713210,1230217
39828,4738048,1721344,683472,196138,428765
39838,4738048,3044352,383728,50542,-186683
39848,9031680,4290560,1074160,552524,989350
39858,9031680,5835776,724072,151940,98920
39868,9031680,7436288,361456,39149,-385675
39878,9031680,8450048,131776,10733,-428417
39888,9031680,8853504,40368,2730,-171328
39898,9031680,8879104,34568,719,65307
39908,2974720,8919040,-1346760,-1505809,-2857568
39918,2446336,8197120,-1302912,-483476,-1447901
39928,435200,6797312,-1441416,-823492,-1636531
39938,362496,4550656,-948880,-230455,-202191
39948,82944,2540544,-556800,-113747,325466
39958,-10240,972800,-222720,-61354,509349
39968,-93184,440320,-120872,-35184,116201
39978,-102400,-123904,4872,-11366,258468
39988,-105472,165888,-61480,-3335,-163551
39998,-105472,308224,-93728,-956,-294892
40008,-105472,-86016,-4408,-281,60529
40018,-151552,36864,-42688,-14936,-178272
40029,-151552,-256000,23664,-4137,5891
40039,-151552,-591872,99760,-1088,176737
40049,-459776,-625664,45936,-54949,6353
40059,-459776,-729088,61016,-15145,22118
40069,-1185792,-693248,-111592,-126492,-346407
40079,-1498112,-1163264,-75864,-73005,-15901
40089,-4256768,-1179648,-697160,-661894,-1387613
40099,-4256768,-2001920,-510864,-170712,-401553
40109,-10488832,-3014656,-1693368,-2052873,-3318903
40119,-10488832,-4497408,-1357432,-529399,-1171698
40129,-14151680,-6604800,-1709840,-763951,-1381513
40139,-14286848,-9393152,-1108728,-212520,51542
40149,-13886464,-11996160,-428272,32656,861859
40159,-11568128,-13637632,468872,375847,1694681
40169,-8163328,-14036992,1330752,1124280,2743006
40179,-6855680,-12998656,1391768,614025,1565425
40189,-6855680,-10880000,911760,158302,71281
40199,-3317760,-8614912,1200136,420919,406272
40209,-3317760,-6281216,671408,115746,-425481
40219,-3317760,-4690944,311112,29816,-506314
40229,-660480,-3775488,705744,312709,496716
40239,-253952,-3035136,630112,169442,447494
40249,-133120,-2357248,503904,61589,325314
40259,-10240,-1703936,383728,53992,260602
40269,-4096,-1112064,251024,15150,141268
40279,0,-747520,169360,4784,146200
40289,0,-411648,93264,1208,87944
40299,0,-143360,32480,307,-60290
40309,0,-162816,36888,54,111836
40319,0,-232448,52664,0,236700
40329,0,-138240,31320,0,176766
40339,0,-6144,1392,0,90329
40349,0,158720,-35960,0,-29706
40359,0,0,0,0,159343
40369,-4096,-75776,16240,-627,247866
40379,-53248,2048,-12528,-14107,144257
40389,-80896,21504,-23200,-9328,128247
40399,-80896,93184,-39440,-2593,61218
40409,-328704,-26624,-68440,-70807,38076
40419,-328704,65536,-89320,-19512,9360
40429,-328704,-165888,-36888,-5065,169446
40439,-328704,-200704,-29000,-1341,135656
40449,-1233920,-109568,-254736,-185851,-415071
40459,-1698816,-477184,-276776,-112621,-205545
40469,-6048768,-916480,-1162784,-1182717,-2110627
40479,-6048768,-1543168,-1020800,-325344,-1023022
40489,-6048768,-3350528,-611320,-83925,77645
40499,-12620800,-5287936,-1661352,-642294,-1262215
40509,-14835712,-7843840,-1584096,-602101,-865878
40519,-14835712,-10575872,-965120,-155287,237010
40529,-14696448,-12879872,-411568,-5812,838708
40539,-14696448,-14308352,-87928,-1528,597928
40549,-14696448,-14875648,40600,-429,311174
40559,-14696448,-14711808,3480,-154,-91491
40569,-11125760,-14681088,805504,642864,1420608
40579,-11125760,-14001152,651456,176797,549576
40589,-7071744,-12979200,1338408,1120720,1979773
40599,-7071744,-11712512,1051424,288962,694187
40609,-7071744,-10052608,675352,79442,-77345
40619,-1117184,-8276992,1622144,582764,1268835
40629,-216064,-6074368,1308016,312495,503950
40639,-93184,-3829760,846568,101958,-135563
40649,61440,-1879040,439640,64703,-413743
40659,61440,-889856,215528,17770,-277013
40669,82944,-458752,122728,13238,-25577
40679,153600,-423936,130848,19852,224568
40689,153600,-337920,111360,5427,194957
40699,1220608,-397312,366560,367695,902900
40709,1848320,-141312,450776,257167,792979
40719,1848320,513024,302528,66280,246565
40729,10802176,1327104,2146696,1111662,2864314
40739,10802176,3248128,1711464,305744,1235358
40749,16135168,5967872,2303528,979046,2109609
40759,16135168,9201664,1570872,269269,292302
40769,16135168,12441600,836824,69411,-573643
40779,16135168,14796800,303224,17874,-750841
40789,16135168,15884288,56840,4883,-426170
40799,16135168,16142336,-1624,1230,39733
40809,16135168,16116736,4176,307,233695
40819,16284672,15886336,90248,18319,471604
40829,16284672,15925248,81432,4696,403953
40839,16284672,16228352,12760,1263,222515
40849,10384384,16560128,-1399192,-675918,-2070243
40859,10384384,15845376,-1237256,-185950,-1152664
40869,10384384,13971456,-812696,-47989,-92905
40879,2171904,12083200,-2245528,-2490513,-3851768
40889,2171904,10382336,-1860176,-685064,-1607205
40899,2171904,7906304,-1299200,-176683,-275363
40909,211968,5390336,-1150488,-298955,-178549
40919,211968,3143680,-664216,-82261,328515
40929,0,1516544,-343592,-54795,317159
40939,-4096,367616,-84216,-15574,452972
40949,0,214016,-48488,-3154,52854
40959,0,155648,-35264,-846,-123130
40969,0,137216,-31088,-264,-190656
40979,0,-144384,32712,-99,-5153
40989,0,-202752,45936,-83,-60947
40999,0,-514048,116464,-83,110319
41009,0,-490496,111128,-83,-38807
41019,0,-646144,146392,-83,49933
41029,0,-828416,187688,-83,200346
41039,0,-628736,142448,-83,19243
41049,0,-704512,159616,-83,141472
41059,0,-532480,120640,-83,29977
41069,0,-367616,83288,-83,-52195
41079,0,-440320,99760,-83,86363
41089,0,-420864,95352,-83,132698
41099,-4096,-344064,77024,-907,102052
41109,-4096,-351232,78648,-264,130415
41119,-10240,-365568,80504,-753,148666
41129,-10240,-143360,30160,-226,-30528
41139,-13312,-277504,59856,-517,130748
41149,-13312,-274432,59160,-171,99587
41159,-13312,-362496,79112,-83,177694
41169,-40960,-396288,80504,-3901,173656
41179,-40960,-302080,59160,-1022,80958
41189,-241664,-156672,-19256,-36431,-114329
41199,-282624,-248832,-7656,-15749,-96
41209,-484352,-246784,-53824,-57591,-112924
41219,-484352,-413696,-16008,-15865,125570
41229,-580608,-550912,-6728,-16678,82987
41239,-580608,-519168,-13920,-4335,-3546
41249,-580608,-711680,29696,-1225,102821
41259,-580608,-661504,18328,-347,-12903
41269,-580608,-864256,64264,-132,143819
41279,-580608,-836608,58000,-83,88906
41289,-550912,-787456,55680,6970,61327
41300,-541696,-778240,53592,1884,51223
41310,-515072,-809984,66816,5245,93496
41320,-515072,-703488,42688,1406,1361
41330,-417792,-872448,103008,14254,227916
41340,-417792,-677888,58928,3641,50451
41350,-349184,-730112,86304,9915,151969
41360,-349184,-603136,57536,2532,30404
41370,-349184,-562176,48256,670,4523
41380,-302080,-688128,87464,5899,167276
41390,-302080,-750592,101616,1598,117482
41400,-332800,-564224,52432,-5148,77446
41410,-489472,-513024,5336,-30323,-15919
41420,-626688,-519168,-24360,-42485,-45948
41430,-1366016,-721920,-145928,-135792,-161570
41440,-3041280,-802816,-507152,-541681,-951108
41450,-10696704,-1354752,-2116536,-1924141,-3800646
41460,-15986688,-2586624,-3035952,-1389178,-3850533
41470,-17213440,-5501952,-2653384,-803321,-2077136
41480,-17213440,-9458688,-1756936,-207181,-51661
41490,-17213440,-13186048,-912456,-57020,999522
41500,-17213440,-15923200,-292320,-14733,1176101
41510,-17213440,-17140736,-16472,-3829,728175
41520,-17213440,-17404928,43384,-1088,291627
41530,-17213440,-17011712,-45704,-314,-210953
41540,-4396032,-16827392,2816480,2987534,5738559
41550,-4396032,-16220160,2678904,770355,3137307
41560,-1162240,-14096384,2930392,569234,2487090
41570,-1162240,-10858496,2155280,146755,662521
41580,-1162240,-7218176,1372048,40330,-357845
41590,12288,-4207616,956072,146129,-429622
41600,15360,-2356224,537312,40841,-467292
41610,9216,-1252352,285824,9536,-294069
41620,153600,-1058816,274688,45999,246104
41630,246784,-883712,256128,32986,337184
41640,455680,-594944,238032,39468,278885
41650,6713344,-274432,1583168,1412078,2956662
41660,8851456,934912,1793592,855609,2168369
41670,16284672,3380224,2923664,1323424,3097366
41680,16436224,6756352,2193096,356500,733906
41690,16436224,10427392,1361376,98025,-644949
41700,16284672,13572096,614568,2763,-1261849
41710,16284672,14905344,312504,725,-741567
41720,16436224,14969856,332224,31206,263350
41730,16436224,14999552,325496,8014,501344
41740,10180608,14744576,-1034024,-1767475,-2447460
41750,10180608,14756864,-1036808,-455812,-1290316
41760,5384192,13429760,-1822824,-784704,-1949810
41770,2847744,11246592,-1902864,-933404,-1533083
41780,1270784,8379392,-1610544,-543599,-428933
41790,1084416,5424128,-983216,-175474,815982
41800,1084416,3357696,-515040,-45275,989370
41810,1084416,2464768,-312736,-11706,367989
41820,1084416,2275328,-269816,-3258,35769
41830,-7168,2514944,-571416,-104480,-750111
41840,-7168,2309120,-524784,-28768,-563001
41850,0,1693696,-383728,-6455,-224916
41860,0,814080,-184440,-1802,80696
41870,0,81920,-18560,-495,234023
41880,0,-446464,101152,-160,301592
41890,0,-304128,68904,-83,-41935
41900,0,-496640,112520,-83,52358
41910,-53248,-410624,79808,-7004,-49291
41920,-53248,-242688,42920,-1962,-189498
41930,-74752,-604160,119944,-4412,174153
41940,-71680,-442368,83984,-846,-3390
41950,-71680,-507904,98832,-248,29908
41960,-71680,-618496,123888,-94,146616
41970,-47104,-551936,114376,8355,111434
41980,-47104,-467968,95352,2120,76550
41990,-47104,-233472,51040,505,-57246
42000,-10240,-508928,112984,6229,231636
42010,-10240,-139264,29232,1576,-92106
42020,-7168,-199680,43616,955,1048
42030,-7168,-256000,56376,214,59028
42040,-7168,-349184,77488,32,154502
42050,-7168,4096,-2552,0,-170850
42060,-10240,-323584,70992,-989,162674
42070,-10240,-180224,38512,-308,28511
42080,-10240,-110592,22736,-116,-21446
42090,-37888,-264192,51272,-9575,95654
42100,-37888,-245760,47096,-2494,95436
42110,-13312,-90112,17400,3477,-27436
42120,0,-88064,19952,2554,-7647
42130,208896,-154624,82360,49317,158688
42140,455680,108544,78648,55195,1053
42150,455680,-62464,117392,14188,175823
42160,7836672,245760,1719816,1616555,3223520
42170,14973952,919552,3184200,1649426,4473348
42180,16436224,3116032,3017856,895957,2894216
42190,16436224,6475776,2256664,231015,781572
42200,16436224,10242048,1403368,63506,-352752
42210,16589824,13268992,752376,33947,-733531
42220,16589824,14941184,373520,9305,-572749
42230,11233280,15560704,-980432,-845333,-2264790
42240,7916544,14443520,-1478768,-574382,-1631201
42250,7916544,12383232,-1011984,-158028,-140779
42260,7916544,9748480,-415048,-40782,825118
42270,7916544,8058880,-32248,-10542,845284
42280,288768,7000064,-1520528,-1669785,-2552748
42290,288768,6524928,-1412880,-430610,-1486814
42300,-7168,4646912,-1054440,-159473,-382060
42310,-7168,2623488,-596008,-41150,321884
42320,-7168,1003520,-228984,-10641,578782
42330,-448512,202752,-147552,-50373,157343
42340,-448512,-489472,9280,-13019,289903
42350,-1198080,-288768,-206016,-114819,-428267
42360,-2268160,-595968,-378856,-144619,-539737
42370,-2268160,-1184768,-245456,-39804,-166146
42380,-2268160,-2051072,-49184,-10295,245552
42390,-17213440,-2496512,-3334304,-4230544,-7430397
42400,-17213440,-3236864,-3166568,-1163678,-4073028
42410,-17213440,-5399552,-2676584,-300103,-2070115
42420,-17213440,-8465408,-1928384,-77410,-578783
42430,-17213440,-12227584,-1129608,-21325,479563
42440,-10283008,-14902272,1046552,958441,3299940
42450,-3142656,-16020480,2917632,1956027,5639647
42460,-1829888,-15292416,3050104,756496,3621745
42470,-1829888,-12824576,2490984,195045,1542702
42480,-1117184,-9291776,1852056,99673,315472
42490,-1379328,-5905408,1025440,-24681,-634758
42500,-1379328,-3602432,503672,-6818,-724992
42510,-2420736,-2494464,16704,-106689,-649016
42520,-2420736,-2440192,15776,-27543,71730
42530,-3075072,-2749440,-73776,-98619,107571
42540,-3075072,-3291136,48952,-25467,422314
42550,-3075072,-3679232,136880,-7032,527684
42560,-3075072,-3675136,135952,-1846,366307
42571,-3075072,-3278848,46168,-511,34896
42581,-840704,-3062784,503440,428966,904565
42591,-649216,-2673664,458664,135560,540233
42601,-643072,-1851392,273760,36452,125380
42611,-727040,-1205248,108344,-5120,-30404
42621,-975872,-745472,-52200,-86782,-151446
42631,-975872,-455680,-117856,-22413,-86401
42641,-975872,-628736,-78648,-6186,113542
42651,-1233920,-761856,-106952,-90220,24434
42661,-1233920,-1024000,-47560,-23297,201736
42671,-1233920,-1043456,-43152,-6438,138623
42681,-1221632,-1398784,40136,-193,373593
42691,-1162240,-1179648,3944,14683,126920
42701,-1074176,-1333248,58696,18616,253403
42711,-1074176,-1430528,80736,4768,340585
42721,-897024,-1190912,66584,42572,209048
42731,-897024,-1190912,66584,10947,239458
42741,-897024,-1053696,35496,2790,164719
42751,-541696,-935936,89320,83567,287713
42761,-519168,-779264,58928,25087,147262
42771,-456704,-687104,52200,26971,171818
42781,-448512,-421888,-6032,8827,-11907
42791,-448512,-464896,3712,2235,-37163
42801,-424960,-470016,10208,3290,176456
42811,-424960,-305152,-27144,823,53672
42821,-343040,-360448,3944,13167,171605
42831,-346112,-346112,0,3015,157809
42841,-346112,-263168,-18792,741,101831
42851,-346112,-192512,-34800,175,48291
42861,-338944,-174080,-37352,2180,50076
42871,-338944,-214016,-28304,576,94889
42881,-338944,-312320,-6032,120,187549
42891,-332800,-274432,-13224,714,146617
42901,-332800,-259072,-16704,153,130671
42911,-335872,-259072,-17400,-445,133690
42921,-332800,-306176,-6032,774,184253
42931,-332800,-300032,-7424,164,173124
42941,-328704,-261120,-15312,620,124964
42951,-328704,-214016,-25984,142,61597
42961,-328704,-196608,-29928,0,35929
42971,-328704,-231424,-22040,0,65714
42981,-328704,-274432,-12296,0,106011
42991,-332800,-240640,-20880,-852,79908
43001,-332800,-256000,-17400,-264,155943
43011,-373760,-332800,-9280,-8696,140943
43021,-373760,-249856,-28072,-2275,48876
43031,-546816,-261120,-64728,-26340,-20101
43041,-1053696,-386048,-151264,-119697,-144719
43051,-1053696,-464896,-133400,-32954,-22377
43061,-2555904,-697344,-421080,-217469,-515551
43071,-4076544,-1224704,-646120,-209285,-595572
43081,-6714368,-2270208,-1006880,-564220,-1038584
43091,-6644736,-3519488,-708064,-135841,-215320
43101,-6241280,-4897792,-304384,76739,397304
43111,-5678080,-6309888,143144,127924,947298
43121,-5216256,-6582272,309488,93186,658829
43131,-2757632,-6435840,833344,677653,1480956
43141,-2103296,-5763072,829168,300393,815361
43151,-957440,-4568064,818032,470824,747717
43161,-632832,-3339264,613176,215562,189977
43171,-532480,-2304000,401360,73624,-40179
43181,-219136,-1391616,297424,105166,-7197
43191,-10240,-849920,190240,47988,-24269
43201,-10240,-418816,92568,12348,-73848
43211,-10240,-269312,58696,3367,494
43221,-10240,-198656,42688,834,54354
43231,0,-124928,28304,2043,63881
43241,0,-135168,30624,499,104963
43251,153600,-147456,68208,38292,216575
43261,208896,-124928,75632,20462,215663
43271,605184,-20480,141752,141300,367221
43281,605184,46080,126672,36403,260471
43291,1127424,141312,223416,104018,453429
43301,1350656,465920,200448,54085,290044
43311,2726912,743424,449384,334709,828573
43321,2726912,1292288,325032,92032,332131
43331,5051392,1921024,709224,307864,854307
43341,5051392,2911232,485112,79359,268162
43351,11233280,4025344,1633048,1065338,2287045
43361,13114368,5605376,1701256,880147,1963906
43371,12988416,7775232,1181112,212706,460559
43381,12988416,10178560,636608,54816,-363077
43391,9784320,11792384,-454952,-644217,-1882005
43401,9784320,12379136,-587888,-166152,-1028357
43411,9784320,11825152,-462376,-42875,-267947
43421,9784320,10916864,-256592,-11822,171448
43431,9784320,9860096,-17168,-3077,509680
43441,9784320,9290752,121336,-824,495762
43451,1138688,8911872,-1761112,-991110,-2495865
43461,483328,7691264,-1633048,-398821,-1423440
43471,483328,5695488,-1180880,-109726,-329601
43481,272384,3387392,-705744,-65539,281441
43491,234496,1423360,-269352,-24698,691558
43501,234496,438272,-46168,-6818,529071
43511,27648,-33792,13920,-64205,206664
43521,27648,-64512,20880,-17688,35856
43531,-4096,12288,-3712,-9306,-84731
43541,0,35840,-8120,-2121,-98306
43551,0,-57344,12992,-583,-37167
43561,0,-119808,27144,-182,-51361
43571,0,-320512,72616,-83,43612
43581,0,-633856,143608,-83,227414
43591,0,-740352,167736,-83,245703
43601,-99328,-755712,148712,-10734,175715
43611,-99328,-688128,133400,-2797,106493
43621,-241664,-631808,88392,-21918,6288
43631,-289792,-652288,82128,-10855,35204
43641,-289792,-672768,86768,-2829,111974
43651,-493568,-744448,56840,-31042,65007
43661,-493568,-827392,75632,-8037,147372
43671,-1754112,-918528,-189312,-260481,-363086
43681,-2669568,-1128448,-349160,-194524,-414856
43691,-6112256,-1758208,-986464,-963227,-1650725
43701,-6644736,-2859008,-857704,-374063,-650324
43711,-6644736,-4195328,-554944,-96488,39253
43721,-9981952,-5696512,-970920,-485278,-696174
43731,-10488832,-7552000,-665376,-222523,31464
43741,-10488832,-8906752,-358440,-57415,319957
43751,-12989440,-10226688,-625936,-226275,-147617
43761,-12989440,-11409408,-357976,-58376,188920
43771,-8852480,-12338176,789728,524371,1796306
43781,-7522304,-12444672,1115224,278184,1537490
43791,-3779584,-11182080,1677128,745614,1929348
43801,-3008512,-9272320,1419144,312302,785400
43811,-3008512,-6940672,890880,80502,-158632
43821,-1298432,-4974592,832880,328645,186512
43831,-1209344,-3581952,537544,101986,-104590
43841,-1209344,-2622464,320160,26268,-112645
43851,-1209344,-1951744,168200,6740,-113415
43861,-660480,-1727488,241744,190261,355406
43871,-601088,-1649664,237568,63797,373051
43881,-601088,-1452032,192792,16424,227387
43891,-489472,-1073152,132240,19039,117079
43901,-429056,-703488,62176,18956,14722
43911,-363520,-467968,23664,16984,19477
43921,-366592,-291840,-16936,3290,26248
43931,-366592,-136192,-52200,878,-2322
43941,-392192,-59392,-75400,-4126,-19264
43951,-402432,-99328,-68672,-2961,37477
43961,-406528,-146432,-58928,-1863,73292
43971,-406528,-173056,-52896,-511,72163
43982,-406528,-203776,-45936,-165,122793
43992,-406528,-312320,-21344,-83,159647
44002,-433152,-195584,-53824,-4560,15173
44012,-433152,-309248,-28072,-1286,111190
44022,-436224,-237568,-45008,-1083,15226
44032,-440320,-215040,-51040,-956,-20077
44042,-484352,-407552,-17400,-13569,208800
44052,-493568,-474112,-4408,-5779,141291
44062,-493568,-322560,-38744,-1528,-24616
44072,-493568,-454656,-8816,-456,77049
44082,-524288,-564224,9048,-6867,138697
44092,-524288,-568320,9976,-1918,126192
44102,-524288,-506880,-3944,-522,63626
44112,-541696,-535552,-1392,-3967,86692
44122,-541696,-389120,-34568,-1127,-38703
44132,-677888,-521216,-35496,-23714,55426
44142,-677888,-400384,-62872,-6559,-52799
44152,-817152,-704512,-25520,-23758,162240
44162,-948224,-592896,-80504,-43243,-47928
44172,-966656,-729088,-53824,-15947,57256
44182,-975872,-786432,-42920,-5510,35883
44192,-975872,-710656,-60088,-1451,-98058
44202,-957440,-841728,-26216,3339,-5765
44212,-957440,-923648,-7656,823,34602
44222,-802816,-910336,24360,46856,78147
44232,-802816,-988160,41992,12046,104926
44242,-616448,-989184,84448,28987,177240
44252,-363520,-738304,84912,79497,89113
44262,-241664,-793600,125048,45433,200581
44272,-241664,-616448,84912,12463,71162
44282,3072,-424960,96976,72416,99876
44292,6144,-248832,57768,19231,-11112
44302,3072,-221184,50808,4801,41796
44312,0,-96256,21808,395,-2078
44322,0,56320,-12760,76,-39892
44332,0,11264,-2552,0,23695
44342,0,72704,-16472,0,-11262
44352,0,76800,-17400,0,-79184
44362,0,132096,-29928,0,-49438
44372,0,36864,-8352,0,29437
44382,0,-75776,17168,0,115874
44392,0,3072,-696,0,24581
44402,0,-94208,21344,0,117711
44412,12288,-81920,21344,2345,113480
44422,49152,148480,-22504,5383,-82552
44432,49152,130048,-18328,1455,-54110
44442,132096,58368,16704,15276,51644
44452,132096,93184,8816,3911,13871
44462,132096,156672,-5568,1043,-35812
44472,129024,92160,8352,-314,44806
44482,125952,82944,9744,-517,70520
44492,110592,104448,1392,-3989,49851
44502,98304,175104,-17400,-3132,-10892
44512,70656,110592,-9048,-10394,28896
44522,70656,219136,-33640,-2709,-70414
44532,70656,275456,-46400,-775,-114594
44542,95232,55296,9048,3444,105602
44552,110592,272384,-36656,4438,-101470
44562,132096,187392,-12528,5064,-5809
44572,156672,236544,-18096,4284,-60821
44582,184320,297984,-25752,8025,-103528
44592,193536,102400,20648,3598,83757
44602,193536,259072,-19952,900,-77951
44612,187392,122880,14616,-1220,67180
44622,187392,391168,-46168,-347,-188908
44632,193536,105472,19952,1845,105965
44642,199680,313344,-25752,1878,-87639
44652,208896,214016,-1160,1911,15773
44662,218112,428032,-47560,1620,-191895
44672,218112,68608,33872,384,153073
44682,218112,332800,-25984,76,-139373
44692,246784,257024,-2320,3279,-1445
44702,246784,310272,-14384,818,-55129
44712,246784,103424,32480,197,130117
44722,269312,457728,-42688,3169,-173393
44732,269312,345088,-17168,791,-22958
44742,301056,377856,-17400,5207,-20349
44752,318464,452608,-30392,3180,-70257
44762,369664,456704,-19720,12030,-43747
44772,369664,338944,6960,3076,76829
44782,939008,523264,94192,172622,124781
44792,939008,490496,101616,44483,169321
44802,939008,627712,70528,11447,47467
44812,7836672,920576,1566928,941121,2355621
44822,7836672,2327552,1248160,258832,883771
44832,16135168,4584448,2616960,1297913,2843089
44842,16436224,7472128,2030928,447819,1008404
44852,16436224,10958848,1240968,115449,-337841
44862,16436224,13803520,596472,31723,-858552
44872,10695680,15370240,-1059080,-1615793,-3591212
44882,10695680,15663104,-1125432,-416690,-1835864
44892,10695680,14528512,-868376,-114643,-591121
44902,3903488,12382208,-1920960,-1092805,-2048235
44912,3903488,9525248,-1273680,-281833,-136347
44922,1173504,7027712,-1326344,-482580,-435509
44932,824320,4776960,-895520,-159643,71092
44942,193536,3136512,-666768,-162345,3082
44952,193536,2154496,-444280,-44687,848
44962,-10240,1631232,-371896,-32597,-168698
44972,-10240,1213440,-277240,-8993,-143482
44982,-10240,833536,-191168,-2346,-116710
44992,-7168,550912,-126440,-369,-122905
45002,-7168,264192,-61480,-132,-89934
45012,-7168,-36864,6728,-83,-65063
45022,-13312,61440,-16936,-1703,-191358
45032,-13312,-350208,76328,-467,102889
45042,-13312,-101376,19952,-160,-190495
45052,-10240,-502784,111592,219,146133
45062,-10240,-400384,88392,32,-40597
45072,-10240,-428032,94656,0,-13711
45082,-10240,-489472,108576,0,23126
45092,-10240,-553984,123192,0,88441
45102,-10240,-369664,81432,0,-78247
45112,-10240,-472064,104632,0,68805
45122,-10240,-433152,95816,0,69438
45132,-10240,-176128,37584,0,-123677
45142,-10240,-321536,70528,0,66161
45152,-10240,-439296,97208,0,184414
45162,-10240,-131072,27376,0,-97627
45172,-10240,-263168,57304,0,80876
45182,-10240,-324608,71224,0,126204
45192,-10240,-206848,44544,0,21372
45202,-10240,-161792,34336,0,375
45213,-10240,-145408,30624,0,8019
45223,-10240,-123904,25752,0,34422
45233,-10240,-89088,17864,0,13787
45243,-10240,23552,-7656,0,-74563
45253,-19456,-90112,16008,-1160,38008
45263,-90112,-249856,36192,-16804,138981
45273,-238592,-10240,-51736,-27862,-159466
45283,-774144,-272384,-113680,-107705,-156660
45293,-774144,-474112,-67976,-27812,11730
45303,-4999168,-699392,-974168,-675835,-1515911
45313,-4999168,-1582080,-774184,-185928,-533837
45323,-17213440,-3142656,-3187912,-2717106,-5146260
45333,-17213440,-5005312,-2765904,-747395,-2468249
45343,-17213440,-8355840,-2006800,-192750,-556248
45353,-17213440,-11809792,-1224264,-49730,458543
45363,-17213440,-14692352,-571184,-13706,971386
45373,-17213440,-16394240,-185600,-3560,765192
45383,-11234304,-17117184,1332840,1223981,3063351
45393,-8081408,-16468992,1900312,835592,2590953
45403,-4688896,-14357504,2190544,1239125,2479074
45413,-3176448,-11653120,1891032,629351,1125469
45423,-1629184,-8380416,1529576,402637,300119
45433,-1013760,-5335040,979040,169925,-424669
45443,-309248,-3203072,655632,200670,-373737
45453,-309248,-1968128,375840,51712,-282827
45463,0,-1501184,340112,107506,245895
45473,0,-1149952,260536,27685,204169
45483,0,-926720,209960,7113,181494
45493,6144,-738304,168664,2587,165573
45503,184320,-505856,156368,37133,191676
45513,348160,-226304,130152,32332,156509
45523,2317312,146432,491840,565911,991508
45533,2317312,465920,419456,145898,528266
45543,7836672,1133568,1518672,858982,2250928
45553,15985664,3066880,2926912,2154045,4351239
45563,15985664,5886976,2287984,555430,1583363
45573,15985664,9412608,1489208,152748,-27455
45583,16135168,12675072,783928,79013,-673926
45593,16135168,14778368,307400,21703,-726063
45603,16135168,15746048,88160,5564,-302720
45613,16135168,15969280,37584,1400,77272
45623,11124736,15935488,-1089936,-961963,-1929765
45633,8162304,14921728,-1531432,-660141,-1742570
45643,8162304,13078528,-1113832,-170256,-380244
45653,2317312,10843136,-1931632,-1169462,-1981253
45663,2317312,8073216,-1304072,-301592,-205069
45673,605184,5429248,-1092952,-239480,98449
45683,605184,3050496,-554016,-65902,619495
45693,73728,1599488,-345680,-92862,283781
45703,73728,495616,-95584,-25571,458632
45713,0,539648,-122264,-19908,-115815
45723,0,348160,-77488,-3055,-108855
45733,6144,218112,-48024,-874,-75851
45743,12288,172032,-36192,845,-118473
45753,12288,-69632,18560,208,1419
45763,12288,-253952,60320,27,39515
45773,12288,-566272,131080,0,208988
45783,12288,-509952,118320,0,64405
45793,12288,-493568,114608,0,25873
45803,3072,-610304,138968,-1577,144261
45813,-4096,-656384,147784,-2928,207597
45823,-4096,-362496,81200,-786,-46800
45833,-4096,-445440,99992,-248,68731
45843,-4096,-446464,100224,-94,96469
45853,-105472,-387072,63800,-23704,10289
45863,-173056,-358400,41992,-17963,5375
45873,-940032,-373760,-128296,-212910,-347045
45883,-1298432,-330752,-219240,-142136,-371479
45893,-1298432,-902144,-89784,-36673,119942
45903,-8763392,-1063936,-1744408,-865031,-2476158
45913,-17213440,-2810880,-3263080,-2207615,-4668716
45923,-17213440,-5676032,-2613944,-569296,-1709854
45933,-17213440,-9313280,-1789880,-146833,-123289
45943,-17213440,-13026304,-948648,-40414,951127
45953,-17213440,-15571968,-371896,-10454,1021546
45963,-17213440,-16845824,-113216,-2725,497571
45973,-17213440,-17142784,-16008,-775,180764
45983,-17213440,-17077248,-30856,-237,-105465
45993,-17213440,-17058816,-35032,-94,-114799
46003,-17213440,-16841728,-84216,-83,-320454
46013,-16285696,-17317888,233856,137587,421681
46023,-16285696,-17421312,257288,37814,312725
46033,-16285696,-17307648,231536,9722,154078
46043,-1681408,-17146880,3517352,2169234,5636584
46053,-575488,-16401408,3585560,909497,4092590
46063,-575488,-14062592,3055672,234497,2215517
46073,6144,-10685440,2422312,150770,941310
46083,82944,-7015424,1608224,47092,-83711
46093,291840,-3980288,967904,55722,-518385
46103,419840,-1960960,539400,33327,-412421
46113,2847744,-864256,836360,695385,1051467
46123,4119552,-288768,998760,451796,1303347
46133,15400960,717824,3326648,1685621,4785783
46143,15985664,2832384,2980040,578182,2783947
46153,15985664,6134784,2231840,149062,1075034
46163,15985664,9869312,1385736,38408,-93246
46173,15985664,12905472,697856,10541,-619567
46183,15985664,14906368,244528,2686,-538228
46193,15985664,15757312,51736,714,-170144
46203,9214976,15888384,-1511944,-1050376,-2455753
46213,9214976,14564352,-1211968,-270890,-810348
46223,5737472,12657664,-1567856,-558227,-1092096
46233,3246080,9872384,-1501272,-683119,-748320
46243,2942976,7376896,-1004560,-246144,161141
46253,2942976,5139456,-497640,-63501,607700
46263,4490240,3753984,144768,393947,1189021
46273,4490240,3164160,300440,108330,815447
46283,4490240,3639296,192792,27899,123663
46293,6998016,4335616,603200,260255,487036
46303,7599104,5595136,454024,175308,63764
46313,7368704,6817792,124816,15133,-504398
46323,6047744,7535616,-337096,-346202,-1184207
46333,6047744,7452672,-318304,-89303,-466975
46343,3074048,7155712,-924752,-412356,-1230277
46353,2472960,5607424,-710152,-163131,-157574
46363,1084416,4179968,-701336,-292116,-195618
46373,625664,2764800,-484648,-140208,252197
46383,294912,1733632,-325960,-118417,278575
46393,215040,1281024,-241512,-46984,193913
46403,215040,799744,-132472,-12140,113621
46413,215040,1130496,-207408,-3165,-352662
46423,215040,828416,-138968,-852,-45066
46433,0,791552,-179336,-74092,-267944
46443,0,550912,-124816,-19144,-87628
46453,0,144384,-32712,-5290,130414
46463,-4096,186368,-43152,-1896,-89862
46473,-4096,-260096,58000,-517,162813
46483,0,-188416,42688,516,-19607
46493,0,-207872,47096,98,-35171
46503,0,-160768,36424,0,-78631
46513,0,-261120,59160,0,25263
46523,18432,-77824,21808,5559,-128835
46533,18432,-406528,96280,1400,167463
46543,55296,-259072,71224,6190,24195
46553,58368,-387072,100920,1917,155488
46563,55296,-83968,31552,-165,-134486
46573,49152,-196608,55680,-1050,7319
46584,15360,-179200,44080,-3945,-8353
46594,9216,-77824,19720,-2461,-6991
46604,3072,-243712,55912,-1577,106019
46614,3072,-47104,11368,-440,-69253
46624,-4096,-111616,24360,-1720,11293
46634,-4096,-48128,9976,-473,-33133
46644,0,-4096,928,263,-36227
46654,-4096,59392,-14384,-797,-71556
46664,-4096,7168,-2552,-237,-6499
46674,-4096,24576,-6496,-88,-4250
46684,0,-102400,23200,769,103061
46694,0,96256,-21808,164,-92512
46704,6144,-165888,38976,1142,143334
46714,6144,48128,-9512,285,-75447
46724,98304,-201728,67976,12859,204666
46734,178176,46080,29928,10832,-36020
46744,272384,37888,53128,21038,45057
46754,301056,65536,53360,9129,28038
46764,435200,24576,93032,38062,159578
46774,509952,130048,86072,24142,67818
46784,670720,260096,93032,61386,80042
46794,683008,333824,79112,20110,42197
46804,683008,541696,32016,5152,-82993
46814,683008,463872,49648,1389,82415
46824,600064,718848,-26912,-7504,-110141
46834,549888,756736,-47792,-10998,-112386
46844,549888,655360,-23896,-3055,-7021
46854,514048,424960,20184,-4203,175981
46864,514048,688128,-39440,-1187,-114642
46874,605184,527360,17632,11546,62129
46884,929792,483328,101152,83649,282878
46894,1149952,593920,125976,62622,149836
46904,1284096,610304,152656,32519,185694
46914,1284096,931840,79808,8915,-43796
46924,1284096,1133568,34104,2263,-103704
46934,1138688,1217536,-17864,-49340,-139761
46944,984064,1162240,-40368,-51202,-57811
46954,984064,1280000,-67048,-13239,-107201
46964,780288,1076224,-67048,-21523,-5288
46974,780288,1072128,-66120,-5576,-63764
46984,780288,915456,-30624,-1566,7081
46994,1258496,757760,113448,58018,246203
47004,1258496,911360,78648,14924,33131
47014,1971200,987136,222952,124381,279133
47024,2195456,1177600,230608,59458,205208
47034,2195456,1546240,150800,15298,33401
47044,2195456,1833984,81896,4180,-50719
47054,6854656,2340864,1022656,689100,1433407
47064,6854656,3121152,845872,189514,616897
47074,6854656,4578304,515736,48839,-73754
47084,6782976,5894144,201376,4345,-413244
47094,6782976,6550528,52664,1153,-294173
47104,6782976,6854656,-16240,263,-125349
47114,2847744,6860800,-909208,-749532,-1696456
47124,2847744,6158336,-750056,-206192,-690720
47134,2847744,4840448,-451472,-53202,69148
47144,2847744,3480576,-143376,-13755,532678
47154,387072,2972672,-585800,-541533,-776502
47164,311296,2199552,-427808,-150931,-228467
47174,184320,1596416,-319928,-70851,-102456
47184,165888,967680,-181656,-22330,51159
47194,165888,454656,-65424,-6169,155779
47204,153600,95232,13224,-2939,177117
47214,153600,-102400,59160,-797,163177
47224,156672,-173056,74704,241,112812
47234,156672,-130048,64960,38,9745
47244,153600,-104448,58464,-687,-39538
47254,153600,-185344,76792,-215,39491
47264,141312,-207872,79112,-2483,90256
47274,122880,-304128,96744,-4488,163057
47284,122880,-282624,91872,-1187,159916
47294,79872,-211968,66120,-6175,90700
47304,79872,-134144,48488,-1626,30625
47314,12288,-138240,34104,-9855,-48783
47324,9216,-71680,18328,-3060,-29368
47334,-4096,-65536,13920,-3544,-42451
47344,-4096,-80896,17400,-1006,-36276
47354,0,-143360,32480,862,17382
47364,0,-208896,47328,197,115211
47374,0,-339968,77024,27,179364
47384,0,-328704,74472,0,160319
47394,0,-241664,54752,0,80986
47404,0,-171008,38744,0,19229
47414,0,-138240,31320,0,-4549
47424,0,-179200,40600,0,33270
47434,0,-202752,45936,0,61984
47444,-4096,-261120,58232,-440,118786
47454,-4096,-198656,44080,-149,52343
47464,-10240,-179200,51504,-874,95800
47474,-10240,-289792,63336,-275,134739
47484,-10240,-136192,28536,-105,-3512
47494,-53248,-271360,49416,-6043,116520
47504,-77824,-208896,29696,-8108,48451
47514,-93184,-155648,14152,-4889,-5070
47524,-93184,-178176,19256,-1385,13014
47534,-108544,-254976,33176,-2319,79072
47544,-108544,-319488,47792,-627,110553
47554,-99328,-319488,49880,999,113929
47564,-93184,-202752,24824,812,31
47574,-77824,-215040,31088,2966,25133
47584,-56320,-292864,53592,6157,114673
47594,-56320,-337920,63800,1658,157558
47604,-40960,-292864,57072,3164,110413
47614,-40960,-227328,42224,791,54331
47624,-44032,-251904,47096,-577,79707
47634,-44032,-274432,52200,-182,105509
47644,-44032,-288768,55448,-83,126643
47654,-47104,-228352,41064,-835,77293
47664,-47104,-125952,17864,-248,-5228
47674,-47104,-164864,26680,-99,36478
47684,-47104,-243712,44544,-83,103709
47694,-47104,-337920,65888,-83,182713
47704,-50176,-398336,78880,-434,228912
47714,-50176,-338944,65424,-149,155330
47724,-50176,-342016,66120,-83,156777
47734,-53248,-355328,68440,-434,159154
47744,-53248,-240640,42456,-149,56836
47754,-53248,-230400,40136,-83,69048
47764,-80896,-273408,43616,-8323,118864
47774,-80896,-241664,36424,-2319,117219
47784,-80896,-349184,60784,-627,239993
47794,-173056,-202752,6728,-12481,70113
47804,-173056,-269312,21808,-3472,135013
47814,-212992,-218112,1160,-7251,49281
47824,-212992,-357376,32712,-1907,163920
47834,-286720,-376832,20416,-16667,121424
47844,-286720,-424960,31320,-4335,157086
47854,-306176,-412672,24128,-4296,116663
47864,-306176,-485376,40600,-1149,175305
47874,-359424,-555008,44312,-8229,197288
47884,-359424,-515072,35264,-2302,157563
47894,-515072,-420864,-21344,-34629,-12723
47904,-570368,-503808,-15080,-17167,57189
47915,-649216,-616448,-7424,-28548,98643
47925,-649216,-642048,-1624,-7394,99239
47935,-649216,-689152,9048,-2060,103392
47945,-825344,-757760,-15312,-50378,41771
47955,-825344,-860160,7888,-13019,138367
47965,-825344,-844800,4408,-3610,102295
47975,-985088,-904192,-18328,-18128,65813
47985,-1698816,-995328,-159384,-141779,-204792
47995,-2015232,-1215488,-181192,-85974,-130425
48005,-2015232,-1434624,-131544,-22204,-47432
48015,-6507520,-1904640,-1033792,-868569,-1669245
48025,-6507520,-2771968,-846336,-238937,-635964
48035,-8675328,-4384768,-972080,-636570,-808028
48045,-8675328,-5953536,-616656,-175123,69437
48055,-9591808,-7537664,-465392,-172656,162713
48065,-9496576,-8856576,-145000,-19298,380974
48075,-9496576,-9696256,45240,-5334,510648
48085,-9496576,-9876480,86072,-1401,214512
48095,-17213440,-10194944,-1590128,-1410173,-2855411
48105,-17213440,-11452416,-1305232,-363664,-1081011
48115,-17213440,-13431808,-856776,-100064,5869
48125,-17213440,-15794176,-321552,-25829,754270
48135,-17213440,-17503232,65656,-6691,921977
48145,-17213440,-17982464,174232,-1874,443759
48155,-17213440,-18342912,255896,-517,387161
48165,-17213440,-18054144,190472,-165,132678
48175,-17213440,-17862656,147088,-83,77376
48185,-649216,-17511424,3820344,4118340,7791546
48195,-649216,-17048576,3715480,1132756,4563368
48205,-7168,-15456256,3500184,416343,3150033
48215,3072,-12374016,2804184,117207,1458852
48225,-4096,-8387584,1899384,28899,70805
48235,-4096,-4839424,1095504,7421,-600102
48245,0,-2411520,546360,3032,-673505
48255,0,-967680,219240,752,-412776
48265,0,-308224,69832,164,-129075
48275,104448,-313344,94656,25993,313370
48285,104448,-204800,70064,6674,263386
48295,305152,-61440,83056,26218,278862
48305,455680,334848,27376,42269,97892
48315,471040,846848,-85144,13463,-79395
48325,549888,1123328,-129920,28822,48
48335,574464,1408000,-188848,13623,-56484
48345,594944,1526784,-211120,6718,-41389
48355,1258496,1499136,-54520,163223,273037
48365,1258496,1750016,-111360,44873,-17237
48375,4637696,1745920,655168,546317,1315246
48385,8762368,2584576,1399656,622957,1779065
48395,8762368,4500480,965584,160609,372720
48405,15985664,6694912,2104936,1263482,2382991
48415,15985664,9560064,1455800,325783,477730
48425,15985664,12491776,791584,83973,-463096
48435,15985664,14788608,271208,23076,-812281
48445,15985664,16041984,-12760,5921,-556492
48455,14420992,16471040,-464464,-340318,-939838
48465,13114368,16171008,-692520,-294566,-802547
48475,6175744,15229952,-2051344,-2169696,-3812831
48485,3737600,13637632,-2242976,-1129609,-2538402
48495,3737600,11282432,-1709376,-291319,-823306
48505,1138688,7955456,-1544424,-396426,-314635
48515,1138688,5509120,-990176,-109073,287772
48525,1138688,3635200,-565616,-28158,394491
48535,1138688,2887680,-396256,-7773,66253
48545,1138688,2611200,-333616,-2038,-237285
48555,202752,2374656,-492072,-139417,-589368
48565,211968,1920000,-386976,-37381,-257312
48575,409600,1302528,-202304,30816,59378
48585,479232,703488,-50808,18781,187162
48595,625664,434176,43384,34557,121948
48605,631808,265216,83056,10057,57474
48615,631808,208896,95816,2730,39125
48625,509952,225280,64496,-33800,-55428
48635,462848,283648,40600,-17798,-127710
48645,462848,47104,72848,-4626,-30442
48655,365568,19456,78416,-27104,-29880
48665,365568,-47104,93496,-7015,-1248
48675,365568,-17408,79112,-13442,-57235
48685,362496,-26624,88160,4416,-11495
48695,362496,-53248,94192,1104,47114
48705,631808,21504,138272,66989,140184
48715,631808,65536,128296,18385,94205
48725,631808,310272,72848,4702,-90399
48735,631808,266240,82824,1263,62772
48745,1350656,411648,212744,68175,253753
48755,1392640,501760,201840,24636,209157
48765,1392640,848896,120872,6322,-9801
48775,1116160,1050624,14848,-67034,-152746
48785,1052672,1292288,-54288,-28038,-175301
48795,816128,1307648,-111360,-36662,-177153
48805,620544,946176,-73776,-55069,6231
48815,625664,778240,-34568,-13371,-71564
48825,733184,788480,-12528,30899,29589
48835,733184,826368,-21112,7937,-45498
48845,733184,1085440,-79808,2147,-262567
48855,816128,580608,53360,27224,231066
48865,816128,130048,155440,6987,450203
48875,816128,-697344,342896,1895,847031
48885,816128,-1474560,518984,461,948982
48895,594944,-2069504,603664,-51455,907505
48905,555008,-1698816,510632,-19622,472060
48915,504832,-1126400,369576,-11558,156894
48925,488448,-471040,217384,-6834,7250
48935,488448,-41984,120176,-1797,-22376
48945,527360,263168,59856,12002,-13541
48955,545792,575488,-6728,7091,-73355
48965,545792,749568,-46168,1801,-51459
48975,540672,807936,-60552,-1077,-2680
48985,509952,741376,-52432,-7021,78761
48995,509952,714752,-46400,-1967,80257
49005,409600,601088,-43384,-17595,68108
49015,398336,599040,-29232,-6878,65570
49025,398336,476160,-17632,-1918,70595
49035,275456,444416,-38280,-20688,48448
49045,275456,544768,-61016,-5719,-29084
49056,205824,547840,-77488,-11827,-34734
49066,193536,502784,-70064,-6016,45415
49076,193536,411648,-49416,-1687,54214
49086,162816,456704,-66584,-5027,-56518
49096,162816,306176,-32480,-1407,35068
49106,110592,120832,-2320,-11086,115720
49116,101376,158720,-12992,-4258,44519
49126,110592,116736,-1392,1406,34301
49136,132096,35840,21808,4740,79382
49146,132096,77824,12296,1274,4843
49156,193536,68608,28304,17682,33308
49166,215040,26624,42688,8651,72664
49176,215040,20480,44080,2345,87550
49186,249856,60416,42920,4636,85163
49196,249856,145408,23664,1235,33662
49206,246784,63488,41528,-143,143684
49216,243712,207872,8120,-385,25865
49226,199680,297984,-22272,-9158,-66051
49236,193536,331776,-31320,-3258,-92018
49246,168960,349184,-40832,-7883,-116029
49256,168960,291840,-27840,-2060,-38269
49266,168960,166912,464,-555,76327
49276,153600,295936,-32248,-3994,-74140
49286,150528,257024,-24128,-1714,-54673
49296,150528,162816,-2784,-467,8640
49306,150528,93184,12992,-154,34748
49316,147456,22528,28304,-621,99547
49326,141312,148480,-1624,-2302,-28157
49336,141312,226304,-19256,-660,-82789
49346,135168,135168,0,-1313,37324
49356,107520,34816,16472,-4000,37271
49366,92160,281600,-42920,-2989,-95651
49376,92160,134144,-9512,-803,34820
49386,119808,159744,-9048,5976,19835
49396,141312,83968,12992,6849,75919
49406,141312,306176,-37352,1851,-125839
49416,184320,-41984,51272,15205,211873
49426,184320,234496,-11368,3889,-58660
49436,184320,138240,10440,1043,29010
49446,184320,119808,14616,911,57006
49456,184320,257024,-16472,225,-84231
49466,184320,167936,3712,32,25852
49476,178176,303104,-28304,-775,-106334
49486,178176,302080,-28072,-248,-83954
49496,178176,120832,12992,-94,66634
49506,178176,216064,-8584,-83,-37354
49516,208896,167936,9280,7091,19448
49526,215040,57344,35728,3032,125403
49536,215040,387072,-38976,752,-176865
49546,249856,144384,37120,8278,164916
49556,249856,425984,-39904,2235,-166488
49566,249856,216064,7656,543,56816
49576,272384,360448,-19952,5366,-74860
49586,272384,346112,-16704,1351,-51179
49596,291840,416768,-28304,2719,-89891
49606,348160,276480,16240,13798,64055
49616,348160,381952,-7656,3526,-18883
49626,500736,231424,61016,27971,186465
49636,500736,463872,8352,7179,-34428
49646,500736,474112,6032,1950,-5270
49656,2974720,599040,538240,341537,839725
49666,2974720,1295360,380480,88044,18992
49676,6782976,2138112,1052352,667045,1282451
49686,7521280,3461120,919880,354512,625194
49696,7521280,4986880,574200,97481,-71193
49706,7521280,6487040,234320,25109,-454889
49716,7756800,7425024,75168,77508,-360605
49726,7677952,7428096,56608,3795,43919
49736,7677952,7689216,-2552,1005,-61148
49746,6438912,7476224,-235016,-373651,-494623
49756,6438912,7376896,-212512,-102805,-190977
49766,5859328,7257088,-316680,-112533,-357196
49776,5737472,6707200,-219704,-42150,-16943
49786,5617664,6519808,-204392,-37810,-107178
49796,5105664,6170624,-241280,-85749,-242384
49806,3617792,5657600,-462144,-443052,-661570
49816,3040256,5610496,-582320,-240222,-774003
49826,3040256,4818944,-402984,-61969,-158417
49836,1662976,4218880,-579072,-234218,-511329
49846,1662976,3352576,-382800,-60431,-105687
49856,1662976,2558976,-203000,-15618,98604
49866,419840,1943552,-345216,-151562,-231282
49876,419840,1397760,-221560,-39112,-20852
49886,297984,1071104,-175160,-28867,-85550
49896,266240,668672,-91176,-10668,-8478
49906,266240,420864,-35032,-2967,2278
49916,266240,212992,12064,-803,32542
49926,314368,251904,14152,12524,-76757
49936,331776,158720,39208,6756,-40982
49946,331776,92160,54288,1713,-18421
49956,318464,126976,43384,-2412,-75718
49966,318464,161792,35496,-698,-106675
49976,301056,83968,49184,-2472,-21389
49986,291840,-32768,73544,-1637,88552
49996,246784,76800,38512,-9108,-52290
50006,246784,176128,16008,-2379,-139587
50016,246784,30720,48952,-687,-4172
50026,246784,-87040,75632,-215,95886
50036,147456,-65536,48256,-13909,33219
50046,147456,19456,29000,-3620,-37279
50056,119808,10240,28072,-5944,-23561
50066,119808,31744,19952,-1665,-51113
50076,119808,-79872,45240,-462,64632
50086,119808,-39936,36192,-160,32789
50096,122880,9216,25752,329,-13858
50106,122880,-26624,33872,60,37740
50116,122880,-48128,38744,0,32510
50126,122880,-58368,41064,0,47933
50136,73728,-48128,27608,-12228,30695
50146,39936,35840,928,-9267,-38130
50156,-13312,81920,-13688,-19556,-52041
50166,-47104,-7168,-9048,-13821,-5019
50177,-47104,-50176,696,-3593,28336
50187,-338944,-78848,-58928,-39079,-63047
50197,-338944,-140288,-45008,-10113,-11197
50207,-338944,-205824,-30160,-2637,-17689
50217,-2583552,-287744,-520144,-771378,-1278915
50227,-2583552,-627712,-443120,-198941,-484738
50237,-8247296,-1145856,-1608920,-1010825,-2324087
50247,-17213440,-2648064,-3299968,-2505960,-5047315
50257,-17213440,-5522432,-2648744,-646238,-1852725
50267,-17213440,-8949760,-1872240,-177787,-261863
50277,-17213440,-12716032,-1018944,-45890,815513
50287,-17213440,-15176704,-461448,-12662,919851
50297,-17213440,-16721920,-111360,-3296,711641
50307,-17213440,-17166336,-10672,-879,272059
50317,-11456512,-17087488,1275768,1341633,2633615
50327,-11456512,-16269312,1090400,345932,1081194
50337,-3989504,-14768128,2442032,2498488,4182170
50347,-2583552,-12850176,2326032,951487,2272809
50357,-2583552,-9985024,1676896,245330,513763
50367,-1004544,-7051264,1369960,248417,65341
50377,-1004544,-4454400,781608,64022,-497766
50387,-1004544,-2698240,383728,17578,-603554
50397,-142336,-1813504,378624,103326,-5476
50407,0,-1317888,298584,57716,136957
50417,0,-1166336,264248,15842,271772
50427,-4096,-956416,215760,2812,271380
50437,-4096,-822272,185368,741,309697
50447,-7168,-548864,122728,-325,221909
50457,-7168,-248832,54752,-121,109860
50467,-7168,-38912,7192,-83,73646
50477,-7168,172032,-40600,-83,1206
50487,-7168,201728,-47328,-83,65152
50497,-7168,201728,-47328,-83,107768
50507,-4096,241664,-55680,401,91938
50517,-4096,300032,-68904,76,35695
50527,-4096,303104,-69600,0,37971
50537,-4096,131072,-30624,0,199484
50547,-4096,210944,-48720,0,83817
50557,-4096,234496,-54056,0,68746
50567,-4096,259072,-59624,0,22745
50577,-4096,167936,-38976,0,94138
50587,-4096,166912,-38744,0,73424
50597,-4096,225280,-51968,0,15962
50607,-4096,132096,-30856,0,91054
50617,-4096,83968,-19952,0,116712
50627,-4096,46080,-11368,0,65661
50637,-4096,218112,-50344,0,-53155
50647,0,96256,-21808,719,48826
50657,0,115712,-26216,164,8375
50667,6144,8192,-464,1647,92268
50677,95232,82944,2784,16435,44540
50687,95232,-53248,33640,4493,168748
50697,2472960,94208,538936,486666,1063215
50707,2472960,345088,482096,133824,588829
50717,16284672,1216512,3413880,3260797,6360803
50727,16284672,3047424,2999064,840827,3019218
50737,16135168,6060032,2282648,204323,1051662
50747,16284672,9691136,1493848,103985,-105724
50757,16284672,12678144,817104,28575,-689499
50767,16284672,14644224,371664,7333,-610562
50777,12498944,15594496,-701336,-1297870,-2446346
50787,11016192,15540224,-1024976,-725680,-1747985
50797,8330240,14381056,-1370888,-640558,-1509382
50807,3502080,12200960,-1970840,-1719224,-2625226
50817,2582528,9704448,-1613560,-701549,-913771