R
Px,Ix,Dx,Py,Iy,Dy,Pz,Iz,FFrx,FFry,FFdrx,FFdry,satI,satPID,KFQAng,KFQbias,KFRmeas,CPx,CIx,CPy,CIy,CsatI,CsatPID,CFFdrx,CFFdry,CFalpha,iRelaxX,IRelaxY,DmaxR,DmaxE,DMx,DMy
58,80,47,58,80,47,250,0,120,0,0,0,500000,15000000,10,1,1000,0,0,0,0,0,0,0,0,0.995,1015,1018,0,0,0,0
sysTickMs,PIDRefXi,PIDSensXi,PIDPoutXi,PIDFFoutXi,PIDUXi
101796,-238592,22191104,-5081728,-68262,-8365559
101806,-238592,22191104,-5081728,-68262,-8365559
101816,-238592,22191104,-5081728,-68262,-8365559
101826,-238592,22191104,-5081728,-68262,-8365559
101836,-238592,22191104,-5081728,-68262,-8365559
101846,-238592,22191104,-5081728,-68262,-8365559
101856,-238592,22191104,-5081728,-68262,-8365559
101866,-238592,22191104,-5081728,-68262,-8365559
101876,-238592,22191104,-5081728,-68262,-8365559
101886,-238592,22191104,-5081728,-68262,-8365559
101896,-238592,22191104,-5081728,-68262,-8365559
101906,-238592,22191104,-5081728,-68262,-8365559
101916,-238592,22191104,-5081728,-68262,-8365559
101926,-238592,22191104,-5081728,-68262,-8365559
101936,-238592,22191104,-5081728,-68262,-8365559
101946,-238592,22191104,-5081728,-68262,-8365559
101956,-238592,22191104,-5081728,-68262,-8365559
101966,-238592,22191104,-5081728,-68262,-8365559
101976,-238592,22191104,-5081728,-68262,-8365559
101986,-238592,22191104,-5081728,-68262,-8365559
101996,-238592,22191104,-5081728,-68262,-8365559
102006,-238592,22191104,-5081728,-68262,-8365559
102016,-238592,22191104,-5081728,-68262,-8365559
102026,-238592,22191104,-5081728,-68262,-8365559
102036,-238592,22191104,-5081728,-68262,-8365559
102046,-238592,22191104,-5081728,-68262,-8365559
102056,-238592,22191104,-5081728,-68262,-8365559
102066,-238592,22191104,-5081728,-68262,-8365559
102076,-238592,22191104,-5081728,-68262,-8365559
102086,-238592,22191104,-5081728,-68262,-8365559
102096,-238592,22191104,-5081728,-68262,-8365559
102106,-238592,22191104,-5081728,-68262,-8365559
102116,-238592,22191104,-5081728,-68262,-8365559
102126,-238592,22191104,-5081728,-68262,-8365559
102136,-238592,22191104,-5081728,-68262,-8365559
102146,-238592,22191104,-5081728,-68262,-8365559
102156,-238592,22191104,-5081728,-68262,-8365559
102166,-238592,22191104,-5081728,-68262,-8365559
102176,-238592,22191104,-5081728,-68262,-8365559
102186,-238592,22191104,-5081728,-68262,-8365559
102196,-238592,22191104,-5081728,-68262,-8365559
102206,-238592,22191104,-5081728,-68262,-8365559
102216,-238592,22191104,-5081728,-68262,-8365559
102226,-238592,22191104,-5081728,-68262,-8365559
102236,-238592,22191104,-5081728,-68262,-8365559
102246,-238592,22191104,-5081728,-68262,-8365559
102256,-238592,22191104,-5081728,-68262,-8365559
102266,-238592,22191104,-5081728,-68262,-8365559
102276,-238592,22191104,-5081728,-68262,-8365559
102286,-238592,22191104,-5081728,-68262,-8365559
102296,-238592,22191104,-5081728,-68262,-8365559
102306,-238592,22191104,-5081728,-68262,-8365559
102316,0,7168,-1624,0,-4724
102326,3072,10240,-1624,703,-3815
102336,6144,11264,-1160,1406,1475
102346,6144,3072,696,1406,5030
102356,3072,3072,0,703,1913
102366,3072,3072,0,703,1770
102376,3072,9216,-1392,703,-3996
102386,6144,10240,-928,1406,-1547
102396,6144,8192,-464,1406,1476
102406,6144,10240,-928,1406,-797
102416,6144,11264,-1160,1406,-2147
102426,6144,7168,-232,1406,-194
102436,6144,4096,464,1406,5664
102446,3072,-4096,1624,703,4784
102456,3072,20480,-3944,703,-5854
102466,3072,24576,-4872,703,-19692
102476,3072,1024,464,703,13763
102486,3072,24576,-4872,703,-21358
102496,3072,-8192,2552,703,20612
102506,3072,18432,-3480,703,-9579
102516,3072,-1024,928,703,8626
102526,6144,1024,1160,1406,3078
102536,6144,-18432,5568,1406,24066
102546,6144,-3072,2088,1406,7551
102556,6144,0,1392,1406,3529
102566,6144,16384,-2320,1406,-10717
102576,6144,12288,-1392,1406,-5636
102586,6144,-1024,1624,1406,9379
102596,6144,11264,-1160,1406,7244
102606,6144,18432,-2784,1406,-5071
102617,6144,26624,-4640,1406,-16219
102627,6144,17408,-2552,1406,-10919
102637,6144,-7168,3016,1406,11675
102647,9216,4096,1160,2109,3540
102657,9216,11264,-464,2109,-11163
102667,9216,4096,1160,2109,2614
102677,9216,-6144,3480,2109,14752
102687,9216,-23552,7424,2109,32530
102697,9216,-26624,8120,2109,36996
102707,9216,-20480,6728,2109,32641
102717,6144,0,1392,1406,10810
102727,6144,7168,-232,1406,5486
102737,6144,5120,232,1406,6249
102747,0,21504,-4872,0,-15877
102757,0,26624,-6032,0,-18548
102767,0,18432,-4176,0,-12626
102777,0,20480,-4640,0,-13674
102787,0,2048,-464,0,5102
102797,0,0,0,0,7016
102807,0,-6144,2320,0,16378
102817,0,-12288,2784,0,18173
102827,0,-12288,2784,0,18792
102837,0,2048,-464,0,4711
102847,0,18432,-4176,0,-9381
102857,0,18432,-4176,0,-9563
102867,0,28672,-6496,0,-18702
102877,0,-22528,5104,0,27991
102887,0,-22528,5104,0,22678
102897,-4096,64512,-15544,-938,-59788
102907,-4096,45056,-11136,-938,-25209
102917,-4096,-30720,6032,-938,42116
102927,-4096,37888,-9512,-938,-29312
102937,-4096,-28672,5568,-938,32894
102947,0,53248,-12064,0,-46021
102957,0,-51200,11600,0,50237
102967,0,11264,-2552,0,-21025
102977,0,-110592,25056,0,70223
102987,0,-100352,22736,0,50050
102997,0,-91136,20648,0,18442
103007,0,-152576,34568,0,72326
103017,0,-93184,21112,0,41821
103027,0,-98304,22272,0,14702
103037,0,-123904,28072,0,18988
103047,0,-171008,38744,0,31874
103057,0,-200704,45472,0,59461
103067,0,-199680,45240,0,65402
103077,0,-169984,38512,0,53990
103087,-4096,-136192,29928,-938,34161
103097,-4096,-114688,25056,-938,28447
103107,-4096,-137216,30160,-938,52585
103117,-4096,-164864,36424,-938,55831
103127,-10240,-230400,49880,-2344,61545
103137,-13312,-256000,54984,-3047,81869
103147,-47104,-263168,48952,-10782,57715
103157,-90112,-272384,41296,-20625,44583
103167,-90112,-309248,49648,-20625,85410
103177,-90112,-276480,42224,-20625,54399
103187,-157696,-271360,25752,-36094,21975
103197,-157696,-191488,7656,-36094,-52212
103207,-209920,-191488,-4176,-48047,-91208
103217,-229376,-242688,3016,-52500,-35114
103227,-267264,-295936,6496,-61172,-13113
103237,-289792,-372736,18792,-66329,27095
103247,-335872,-422912,19720,-76875,15508
103257,-353280,-430080,17400,-80860,-21473
103267,-363520,-462848,22504,-83204,-23629
103277,-459776,-566272,24128,-105235,-4252
103287,-519168,-652288,30160,-118829,13959
103297,-519168,-689152,38512,-118829,12432
103307,-649216,-729088,18096,-148594,-42890
103317,-649216,-783360,30392,-148594,-42312
103327,-747520,-840704,21112,-171094,-94632
103337,-753664,-957440,46168,-172500,-46008
103347,-753664,-1124352,83984,-172500,43651
103357,-753664,-1275904,118320,-172500,107830
103367,-747520,-1402880,148480,-171094,148782
103377,-720896,-1489920,174232,-165000,158177
103387,-714752,-1512448,180728,-163594,136219
103397,-696320,-1461248,173304,-159375,94585
103407,-696320,-1343488,146624,-159375,8363
103417,-637952,-1326080,155904,-146016,48633
103427,-575488,-1328128,170520,-131719,104140
103437,-541696,-1332224,170752,-123985,101810
103447,-541696,-1323008,177016,-123985,127840
103457,-363520,-1304576,213208,-83204,202678
103467,-363520,-1299456,212048,-83204,224760
103477,-130048,-1198080,241976,-29766,288644
103487,-130048,-914432,177712,-29766,119352
103497,-37888,-690176,147784,-8672,89571
103507,-13312,-455680,100224,-3047,51046
103517,-13312,-199680,42224,-3047,-27899
103527,-53248,11264,-14616,-12188,-78343
103537,-53248,70656,-28072,-12188,-14750
103547,-68608,131072,-45240,-15704,13774
103557,-65536,216064,-63800,-15000,-21578
103567,-56320,225280,-63800,-12891,-13248
103577,-56320,123904,-40832,-12891,79474
103587,-56320,55296,-25288,-12891,114575
103597,-34816,40960,-17168,-7969,103067
103607,-34816,43008,-17632,-7969,72367
103617,-34816,3072,-8584,-7969,98916
103627,-19456,6144,-5800,-4454,105454
103637,-19456,62464,-18560,-4454,69952
103647,-10240,141312,-34336,-2344,21608
103657,-4096,167936,-38976,-938,17571
103667,0,118784,-26912,0,73767
103677,0,142336,-32248,0,52780
103688,0,177152,-40136,0,17399
103698,0,182272,-41296,0,27617
103708,0,125952,-28536,0,51517
103718,0,84992,-19256,0,79959
103728,0,103424,-23432,0,54462
103738,0,130048,-29464,0,18671
103748,0,89088,-20184,0,42301
103758,0,44032,-9976,0,68664
103768,9216,44032,-7888,2109,52726
103778,9216,69632,-21808,2109,-27596
103788,95232,58368,8352,21796,33600
103798,95232,-15360,25056,21796,84028
103808,95232,-48128,32480,21796,102282
103818,218112,55296,36888,49921,60170
103828,218112,88064,29464,49921,46670
103838,281600,135168,33176,64453,70761
103848,281600,231424,11368,64453,42258
103858,281600,377856,-21808,64453,-22597
103868,324608,468992,-32712,74296,-12998
103878,324608,518144,-43848,74296,1164
103888,334848,540672,-46632,76640,19452
103898,362496,582656,-49880,82968,15699
103908,362496,585728,-50576,82968,23245
103918,391168,535552,-32712,89531,81138
103928,398336,574464,-39904,91171,47408
103938,423936,607232,-41528,97031,37997
103948,439296,598016,-35960,100546,68009
103958,451584,633856,-41296,103359,56517
103968,523264,625664,-23200,119765,113324
103978,545792,696320,-34104,124921,74376
103988,620544,694272,-16704,142031,124661
103998,620544,698368,-17632,142031,135417
104008,620544,738304,-26680,142031,112886
104018,780288,792576,-2784,178593,153292
104028,801792,832512,-6960,183515,158534
104038,801792,902144,-22736,183515,137820
104048,878592,1081344,-45936,201093,63906
104058,878592,1177600,-67744,201093,46311
104068,878592,1247232,-83520,201093,62733
104078,886784,1359872,-107184,202968,29052
104088,886784,1461248,-130152,202968,-8632
104098,965632,1476608,-115768,221015,48918
104108,965632,1418240,-102544,221015,116255
104118,965632,1482752,-117160,221015,59954
104128,1245184,1547264,-68440,285000,134214
104138,1245184,1550336,-69136,285000,148087
104148,1310720,1627136,-71688,300000,145182
104158,1310720,1815552,-114376,300000,39205
104168,1310720,1938432,-142216,300000,13805
104178,1324032,2042880,-162864,303046,7352
104188,1337344,2100224,-172840,306093,17942
104198,1337344,2186240,-192328,306093,-21123
104208,1324032,2168832,-191400,303046,11254
104218,1337344,2201600,-195808,306093,-2871
104228,1392640,2287616,-202768,318750,-43657
104238,1392640,2265088,-197664,318750,-14084
104248,1392640,2224128,-188384,318750,15463
104258,1392640,2223104,-188152,318750,-6281
104268,1577984,2209792,-143144,361171,70629
104278,1545216,2177024,-143144,353671,66485
104288,1545216,2152448,-137576,353671,80349
104298,1545216,2227200,-154512,353671,17456
104308,1466368,2268160,-181656,335625,-25664
104318,1466368,2229248,-172840,335625,23856
104328,1466368,2237440,-174696,335625,9431
104338,1350656,2228224,-198824,309140,-54103
104348,1350656,2123776,-175160,309140,12992
104358,1350656,2039808,-156136,309140,44736
104368,1270784,2002944,-165880,290859,-25104
104378,1270784,1932288,-149872,290859,-29796
104388,1270784,1822720,-125048,290859,2588
104398,808960,1670144,-195112,185156,-144842
104408,808960,1554432,-168896,185156,-126138
104418,610304,1341440,-165648,139687,-134370
104428,584704,1097728,-116232,133828,-67626
104438,394240,879616,-109968,90234,-127976
104448,394240,647168,-57304,90234,-85078
104458,184320,303104,-26912,42187,-46387
104468,119808,-43008,36888,27421,58613
104478,46080,-227328,61944,10546,3333
104488,33792,-454656,110664,7734,38801
104498,3072,-747520,170056,703,163060
104508,3072,-896000,203696,703,182536
104518,-4096,-920576,207640,-938,138124
104528,-4096,-959488,216456,-938,152100
104538,0,-902144,204392,0,139467
104548,0,-896000,203000,0,198253
104558,0,-724992,164256,0,109392
104568,-4096,-677888,152656,-938,91390
104578,-4096,-506880,113912,-938,28802
104588,-4096,-563200,126672,-938,147834
104598,-7168,-403456,89784,-1641,49545
104608,-7168,-339968,75400,-1641,33062
104618,-65536,-312320,55912,-15000,22548
104628,-71680,-361472,65656,-16407,79740
104638,-71680,-336896,60088,-16407,56481
104648,-77824,-297984,44312,-17813,-3051
104658,-77824,-334848,58232,-17813,75098
104668,-80896,-294912,48488,-18516,28782
104678,-80896,-346112,60088,-18516,67609
104688,-90112,-308224,49416,-20625,29956
104698,-90112,-435200,68440,-20625,99997
104708,-96256,-328704,52664,-22032,35378
104718,-93184,-287744,44080,-21329,10782
104728,-102400,-447488,78184,-23438,169735
104738,-102400,-350208,56144,-23438,78368
104748,-102400,-334848,52664,-23438,62302
104758,-102400,-476160,84680,-23438,192334
104768,-99328,-406528,69600,-22735,112215
104778,-96256,-371712,62408,-22032,62798
104788,-96256,-467968,84216,-22032,187667
104799,-96256,-425984,74704,-22032,116555
104809,-96256,-350208,57536,-22032,43253
104819,-96256,-353280,58232,-22032,68664
104829,-93184,-309248,48952,-21329,74296
104839,-99328,-262144,36888,-22735,50513
104849,-99328,-305152,46632,-22735,106289
104859,-114688,-308224,43848,-26250,116110
104869,-145408,-231424,19488,-33282,29044
104879,-194560,-346112,34336,-44532,119025
104889,-212992,-222208,2088,-48750,51897
104899,-241664,-214016,-6264,-55313,438
104909,-309248,-222208,-19720,-70782,-15212
104919,-309248,-225280,-19024,-70782,-32189
104929,-436224,-322560,-25752,-99844,-17168
104939,-436224,-424960,-7656,-99844,2308
104949,-497664,-448512,-11136,-113907,-48206
104959,-541696,-580608,8816,-123985,-16612
104969,-541696,-655360,25752,-123985,-18416
104979,-632832,-861184,51736,-144844,60551
104989,-720896,-939008,49416,-165000,5840
104999,-788480,-1001472,48256,-180469,-40074
105009,-930816,-1133568,45936,-213047,-45754
105019,-1033216,-1171456,31320,-236485,-118303
105029,-1033216,-1347584,71224,-236485,-29566
105039,-1174528,-1608704,98368,-268829,53595
105049,-1185792,-1712128,119248,-271407,33385
105059,-1185792,-1885184,158456,-271407,79024
105069,-1185792,-2073600,201144,-271407,144975
105079,-1259520,-2111488,193024,-288282,64875
105089,-1246208,-2134016,201144,-285235,29884
105099,-1271808,-2270208,226200,-291094,104525
105109,-1271808,-2276352,227592,-291094,78648
105119,-1271808,-2274304,227128,-291094,62237
105129,-1271808,-2344960,243136,-291094,115926
105139,-1271808,-2342912,242672,-291094,103600
105149,-1285120,-2283520,226200,-294141,53970
105159,-1285120,-2316288,233624,-294141,141053
105169,-1325056,-2286592,217848,-303282,100304
105179,-1325056,-2222080,203232,-303282,70129
105189,-1325056,-2229248,204856,-303282,136976
105199,-1325056,-2240512,207408,-303282,120405
105209,-1325056,-2199552,198128,-303282,94338
105219,-1325056,-2227200,204392,-303282,132010
105229,-1351680,-2228224,198592,-309375,130731
105239,-1351680,-2173952,186296,-309375,93369
105249,-1379328,-2141184,172608,-315704,66217
105259,-1366016,-2134016,174000,-312657,76134
105269,-1366016,-2116608,170056,-312657,65815
105279,-1366016,-2106368,167736,-312657,80449
105289,-1366016,-2134016,174000,-312657,128361
105299,-1338368,-2067456,165184,-306329,103885
105309,-1310720,-2030592,163096,-300000,111456
105319,-1271808,-2035712,173072,-291094,159362
105329,-1271808,-1971200,158456,-291094,124518
105339,-1246208,-1930240,154976,-285235,141786
105349,-1246208,-1907712,149872,-285235,168856
105359,-1259520,-1811456,125048,-288282,123973
105369,-1259520,-1741824,109272,-288282,108831
105379,-1298432,-1685504,87696,-297188,86622
105389,-1298432,-1639424,77256,-297188,85149
105399,-1437696,-1532928,21576,-329063,-42298
105409,-1437696,-1525760,19952,-329063,-17775
105419,-1393664,-1566720,39208,-318985,46869
105429,-1298432,-1600512,68440,-297188,105372
105439,-1024000,-1556480,120640,-234375,173027
105449,-966656,-1572864,137344,-221250,224535
105459,-708608,-1475584,173768,-162188,294066
105469,-708608,-1236992,119712,-162188,180029
105479,-708608,-1017856,70064,-162188,134868
105489,-696320,-766976,16008,-159375,77864
105499,-696320,-487424,-47328,-159375,-10576
105509,-702464,-347136,-80504,-160782,-6089
105519,-702464,-262144,-99760,-160782,4236
105529,-702464,-175104,-119480,-160782,-30639
105539,-702464,-175104,-119480,-160782,-32031
105549,-671744,-215040,-103472,-153750,10289
105559,-671744,-266240,-91872,-153750,7691
105569,-632832,-293888,-79576,-141094,-18182
105579,-616448,-325632,-65888,-141094,-2517
105589,-606208,-450560,-35264,-138750,79785
105599,-601088,-479232,-27608,-137579,81842
105609,-601088,-456704,-32712,-137579,38580
105619,-601088,-447488,-34800,-137579,11341
105629,-606208,-458752,-33408,-138750,29586
105639,-606208,-433152,-39208,-138750,318
105649,-611328,-375808,-53360,-139922,-67813
105659,-606208,-412672,-43848,-138750,-34992
105669,-601088,-519168,-18560,-137579,57312
105679,-595968,-462848,-30160,-136407,-31
105689,-595968,-447488,-33640,-136407,-10779
105699,-595968,-478208,-26680,-136407,20033
105709,-595968,-485376,-25056,-136407,17318
105719,-585728,-438272,-33408,-134063,-27451
105729,-585728,-531456,-12296,-134063,52227
105739,-550912,-537600,-3016,-126094,53685
105749,-476160,-484352,1856,-108985,22736
105759,-452608,-459776,1624,-103594,12266
105769,-452608,-467968,3480,-103594,25114
105779,-312320,-423936,25288,-71485,68395
105789,-312320,-489472,40136,-71485,160923
105799,-206848,-388096,41064,-47344,150890
105809,-145408,-205824,13688,-33282,63293
105819,-136192,-115712,-4640,-31172,51658
105829,-136192,39936,-39904,-31172,-15209
105839,-83968,115712,-44080,-19219,21869
105849,-47104,169984,-49184,-10782,43319
105859,-10240,323584,-75632,-2344,-32931
105869,-7168,325632,-75400,-1641,5315
105879,-7168,290816,-67512,-1641,66552
105889,6144,372736,-83056,1406,15544
105899,58368,403456,-78184,13359,26796
105909,58368,498688,-99760,13359,-55218
105919,150528,595968,-100920,34453,-87315
105929,237568,533504,-67048,54375,17351
105939,272384,473088,-45472,62343,84056
105949,272384,551936,-63336,62343,12288
105959,369664,564224,-44080,84609,59488
105969,369664,595968,-51272,84609,44324
105979,416768,714752,-67512,95390,-18956
105989,451584,788480,-76328,103359,-33803
105999,594944,839680,-55448,136171,22396
106009,594944,939008,-77952,136171,-20613
106019,808960,888832,-18096,185156,212166
106029,808960,939008,-29464,185156,168459
106040,965632,1185792,-49880,221015,75152
106050,1208320,1334272,-28536,276562,163199
106060,1284096,1554432,-61248,293906,88716
106070,1284096,1744896,-104400,293906,59790
106080,1610752,1982464,-84216,368671,145563
106090,1610752,2354176,-168432,368671,-19076
106100,2102272,2570240,-106024,481171,193718
106110,2219008,2890752,-152192,507890,126086
106120,2317312,3169280,-193024,530390,137823
106130,2317312,3494912,-266800,530390,54864
106140,2317312,3842048,-345448,530390,-30054
106150,2317312,4085760,-400664,530390,-42196
106160,2317312,4348928,-460288,530390,-119116
106170,2367488,4519936,-487664,541875,-135282
106180,2367488,4558848,-496480,541875,-117893
106190,2367488,4559872,-496712,541875,-113315
106200,2419712,4482048,-467248,553828,-40032
106210,2419712,4393984,-447296,553828,6421
106220,2446336,4317184,-423864,559921,6765
106230,2472960,4344832,-424096,566015,-61608
106240,2527232,4347904,-412496,578437,-66788
106250,2527232,4339712,-410640,578437,-64922
106260,2668544,4327424,-375840,610781,14815
106270,2668544,4368384,-385120,610781,-27038
106280,2668544,4489216,-412496,610781,-130461
106290,2638848,4506624,-423168,603984,-136009
106300,2638848,4525056,-427344,603984,-136879
106310,2554880,4519936,-445208,584765,-169119
106320,2499584,4536320,-461448,572109,-231481
106330,2499584,4453376,-442656,572109,-186767
106340,1971200,4308992,-529656,451171,-322141
106350,1971200,4134912,-490216,451171,-304817
106360,1324032,4021248,-611088,303046,-652388
106370,1258496,3459072,-498568,288046,-379604
106380,956416,3115008,-489056,218906,-531258
106390,929792,2488320,-353104,212812,-305512
106400,794624,1897472,-249864,181875,-245307
106410,794624,1349632,-125744,181875,-118646
106420,794624,847872,-12064,181875,-272
106430,439296,643072,-46168,100546,-258249
106440,334848,186368,33640,76640,-107055
106450,246784,-57344,68904,56484,-140780
106460,49152,-334848,87000,11250,-163771
106470,12288,-623616,144072,2812,-104684
106480,-4096,-842752,190008,-938,-74771
106490,-4096,-1102848,248936,-938,8008
106500,-4096,-1220608,275616,-938,-3732
106510,-4096,-1422336,321320,-938,111789
106520,-4096,-1546240,354496,-938,216634
106530,-4096,-1479680,334312,-938,150422
106540,-102400,-1336320,279560,-23438,49316
106550,-126976,-1212416,245920,-29063,37417
106560,-126976,-992256,196040,-29063,-28446
106570,-126976,-971776,191400,-29063,79830
106580,-332800,-836608,114144,-76172,-41942
106590,-332800,-735232,91176,-76172,-49143
106600,-370688,-743424,84448,-84844,-8287
106610,-561152,-715776,35032,-128438,-105242
106620,-616448,-755712,31552,-141094,-87401
106630,-616448,-919552,68672,-141094,3162
106640,-1013760,-1072128,13224,-232032,-118123
106650,-1013760,-1174528,36424,-232032,-124656
106660,-1185792,-1384448,45008,-271407,-131754
106670,-1185792,-1670144,109736,-271407,24418
106680,-1366016,-1944576,131080,-312657,-2452
106690,-1366016,-2052096,155440,-312657,-58891
106700,-1423360,-2230272,182816,-325782,-14857
106710,-1423360,-2472960,237800,-325782,64616
106720,-1423360,-2593792,265176,-325782,72747
106730,-1453056,-2686976,279560,-332579,67564
106740,-1467392,-2772992,295800,-335860,79067
106750,-1467392,-2761728,293248,-335860,29997
106760,-1546240,-2780160,279560,-353907,3579
106770,-1546240,-2862080,298120,-353907,74805
106780,-1562624,-2847744,291160,-357657,54166
106790,-1595392,-2878464,290696,-365157,69555
106800,-1735680,-2874368,257984,-397266,-2600
106810,-1810432,-2819072,228520,-414375,-92311
106820,-1993728,-2924544,210888,-456329,-85477
106830,-2058240,-3019776,217848,-471094,-65770
106840,-2058240,-3119104,240352,-471094,-14182
106850,-2318336,-3273728,216456,-530625,-58148
106860,-2318336,-3371008,238496,-530625,-46089
106870,-2318336,-3434496,252880,-530625,-76114
106880,-3211264,-3652608,99992,-735000,-369844
106890,-3465216,-4003840,122032,-793125,-289648
106900,-4396032,-4313088,-18792,-1006172,-644821
106910,-4396032,-4874240,108344,-1006172,-444052
106920,-4396032,-5779456,313432,-1006172,-65257
106930,-4945920,-6414336,332688,-1132032,-254953
106940,-4790272,-7276544,563296,-1096407,130022
106950,-4540416,-7859200,751912,-1039219,306963
106960,-4076544,-8169472,927304,-933047,472941
106970,-4076544,-8161280,925448,-933047,301162
106980,-2788352,-7997440,1184824,-638204,810441
106990,-1366016,-7357440,1357432,-312657,1084865
107000,-1366016,-6476800,1157912,-312657,754716
107010,-1366016,-5326848,897376,-312657,398939
107020,-501760,-3955712,782536,-114844,408076
107030,-260096,-2614272,533368,-59532,200406
107040,-260096,-1559552,294408,-59532,56819
107050,-260096,-625664,82824,-59532,-31897
107060,-77824,76800,-35032,-17813,-38075
107070,-77824,529408,-137576,-17813,31242
107080,-7168,989184,-225736,-1641,-48529
107090,-7168,1179648,-268888,-1641,-26404
107100,0,1390592,-315056,0,-100689
107110,0,1521664,-344752,0,-155502
107120,0,1413120,-320160,0,-37644
107130,0,1388544,-314592,0,-69248
107140,6144,1301504,-293480,1406,-53009
107150,6144,1122304,-252880,1406,-2455
107160,64512,1006592,-213440,14765,827
107170,64512,874496,-183512,14765,-18710
107180,165888,752640,-132936,37968,9202
107190,215040,644096,-97208,49218,28454
107200,345088,417792,-16472,78984,216986
107210,345088,462848,-26680,78984,123517
107220,471040,548864,-17632,107812,97359
107230,471040,556032,-19256,107812,108650
107240,471040,662528,-43384,107812,50590
107250,471040,736256,-60088,107812,40257
107260,2242560,902144,288376,513281,692566
107270,2611200,1056768,352176,597656,875096
107280,2611200,1727488,200216,597656,501016
107290,3316736,2604032,161472,759140,484747
107300,3316736,3687424,-83984,759140,149279
107310,3819520,4773888,-216224,874218,69529
107320,3778560,5547008,-400664,864843,-40646
107330,3737600,6198272,-557496,855468,-98215
107340,3737600,6712320,-673960,855468,-163305
107351,3353600,6924288,-808984,767578,-274536
107361,2942976,6890496,-894360,673593,-328783
107371,2942976,6798336,-873480,673593,-305949
107381,2942976,6429696,-789960,673593,-142585
107391,2942976,5870592,-663288,673593,105126
107401,2942976,5710848,-627096,673593,-54361
107411,2668544,5430272,-625704,610781,-102898
107421,2668544,5120000,-555408,610781,-19128
107431,2472960,4941824,-559352,566015,-127618
107441,2472960,4777984,-522232,566015,-157708
107451,2057216,4540416,-562600,470859,-264487
107461,2057216,4157440,-475832,470859,-115100
107471,1452032,3935232,-562600,332343,-418681
107481,1452032,3521536,-468872,332343,-300203
107491,984064,2928640,-440568,225234,-300790
107501,401408,2395136,-451704,91875,-443315
107511,327680,1608704,-290232,75000,-159778
107521,205824,1075200,-196968,47109,-211656
107531,73728,250880,-40136,16875,28476
107541,73728,-53248,28768,16875,-146098
107551,73728,-667648,161704,-938,75879
107561,-4096,-968704,218544,-938,37629
107571,-4096,-1200128,270976,-938,78868
107581,-4096,-1357824,314128,-938,156689
107591,-4096,-1424384,321784,-938,147299
107601,-4096,-1265664,285824,-938,8865
107611,-7168,-1273856,286984,-1641,72714
107621,-7168,-1323008,298120,-1641,194993
107631,-7168,-1128448,254040,-1641,111238
107641,-74752,-1004544,210656,-17110,85709
107651,-74752,-692224,139896,-17110,-57200
107661,-154624,-658432,114144,-35391,44629
107671,-163840,-547840,87000,-37500,8634
107681,-191488,-528384,76328,-43829,59458
107691,-191488,-397312,46632,-43829,-20282
107701,-380928,-344064,-8352,-87188,-134598
107711,-467968,-489472,4872,-107110,-50007
107721,-467968,-569344,22968,-107110,-10994
107731,-467968,-633856,37584,-107110,-8710
107741,-1351680,-649216,-159152,-309375,-471195
107751,-1930240,-936960,-225040,-441797,-559271
107761,-2698240,-1509376,-269352,-617579,-609684
107771,-3142656,-2150400,-224808,-719297,-598164
107781,-3142656,-3201024,13224,-719297,-196635
107791,-3779584,-4160512,86304,-865079,-248492
107801,-3542016,-4979712,325728,-810704,-17768
107811,-3542016,-5812224,514344,-810704,175138
107821,-2473984,-6287360,863968,-566250,636196
107831,-2473984,-6221824,849120,-566250,374112
107841,-1271808,-5921792,1053512,-291094,717256
107851,-887808,-5185536,973704,-203204,544031
107861,-887808,-4177920,745416,-203204,187791
107871,-312320,-3261440,668160,-71485,250389
107881,-312320,-2369536,466088,-71485,105641
107891,-312320,-1525760,274920,-71485,-55290
107901,-312320,-911360,135720,-71485,-130446
107911,-7168,-519168,116000,-1641,55473
107921,-7168,-157696,34104,-1641,5849
107931,0,38912,-8816,0,64221
107941,3072,277504,-62176,703,-18967
107951,6144,445440,-99528,1406,-14327
107961,6144,600064,-134560,1406,-70470
107971,58368,656384,-135488,13359,-28004
107981,104448,582656,-108344,23906,94019
107991,228352,665600,-99064,52265,56281
108001,358400,693248,-75864,82031,132542
108011,1062912,776192,64960,243281,393354
108021,1680384,872448,183048,384609,652538
108031,3040256,1441792,362152,695859,949294
108041,3617792,2213888,318072,828046,893113
108051,3617792,3478528,31552,828046,392486
108061,4892672,4797440,21576,1119843,588880
108071,4944896,6051840,-250792,1131796,308565
108081,4944896,7245824,-521304,1131796,-12382
108091,4944896,8107008,-716416,1131796,-142013
108101,4944896,8880128,-891576,1131796,-254093
108111,3540992,9201664,-1282496,810468,-789361
108121,3540992,9001984,-1237256,810468,-505982
108131,2472960,8409088,-1344904,566015,-687854
108141,1645568,7345152,-1291312,376640,-575630
108151,870400,6293504,-1228672,199218,-652080
108161,870400,4822016,-895288,199218,-177465
108171,342016,3595264,-737064,78281,-233029
108181,221184,2422784,-498800,50625,-71568
108191,221184,1387520,-264248,50625,89154
108201,9216,687104,-153584,2109,-4699
108211,0,84992,-19256,0,26788
108221,0,-320512,72616,0,621
108231,0,-595968,135024,0,-13433
108241,0,-970752,219936,0,141476
108251,0,-1157120,262160,0,174095
108261,-13312,-1134592,254040,-3047,88828
108271,-13312,-1174528,263088,-3047,131546
108281,-154624,-1119232,218544,-35391,49299
108291,-209920,-1049600,190240,-48047,17414
108301,-585728,-1071104,109968,-134063,-76118
108311,-1085440,-1070080,-3480,-248438,-286845
108321,-2292736,-1232896,-240120,-524766,-724799
108331,-2583552,-1603584,-222024,-591329,-671451
108341,-2583552,-2394112,-42920,-591329,-275558
108351,-4444160,-3308544,-257288,-1017188,-856043
108361,-4444160,-4689920,55680,-1017188,-244215
108371,-4444160,-5886976,326888,-1017188,-61040
108381,-4396032,-7188480,632664,-1006172,287848
108391,-4396032,-7901184,794136,-1006172,272148
108401,-4396032,-8393728,905728,-1006172,284963
108411,-2757632,-8402944,1279016,-631172,820160
108421,-2757632,-8231936,1240272,-631172,679511
108431,-1351680,-7666688,1430744,-309375,1013744
108441,-966656,-6664192,1290848,-221250,766945
108451,-484352,-5189632,1066040,-110860,462540
108461,-484352,-3656704,718736,-110860,50115
108471,-10240,-2403328,542184,-2344,41142
108481,-10240,-1501184,337792,-2344,53504
108491,0,-747520,169360,0,-933
108501,0,-179200,40600,0,-19244
108511,0,220160,-49880,0,19364
108522,0,479232,-108576,0,15505
108532,0,643072,-145696,0,43560
108542,0,768000,-174000,0,28532
108552,0,951296,-215528,0,-84470
108562,0,884736,-200448,0,-6033
108572,0,851968,-193024,0,-14510
108582,9216,883712,-198128,2109,-111578
108592,9216,757760,-169592,2109,-55278
108602,9216,626688,-139896,2109,-12268
108612,9216,580608,-129456,2109,-41905
108622,2148352,547840,362616,491718,925886
108632,2148352,986112,263320,491718,618211
108642,4687872,1904640,630576,1072968,1308925
108652,7144448,3279872,875568,1635234,1868841
108662,7218176,5447680,401128,1652109,1040228
108672,7218176,7761920,-123192,1652109,337693
108682,7070720,10181632,-704816,1618359,-354364
108692,7070720,11809792,-1073696,1618359,-498495
108702,5677056,12567552,-1561128,1299375,-845923
108712,4032512,12617728,-1945088,922968,-1255322
108722,3107840,11781120,-1965040,711328,-1053166
108732,3107840,10468352,-1667616,711328,-525150
108742,2014208,8688640,-1512176,461015,-466177
108752,2014208,6897664,-1106408,461015,101708
108762,739328,5559296,-1092024,169218,-410637
108772,739328,4175872,-778592,169218,-124186
108782,237568,3039232,-634752,54375,-212581
108792,27648,2086912,-466552,6328,-259560
108802,6144,1171456,-264016,1406,-98098
108812,6144,330752,-73544,1406,37665
108822,-7168,-285696,63104,-1641,76689
108832,-7168,-909312,204392,-1641,248962
108842,-34816,-1174528,258216,-7969,146705
108852,-257024,-1306624,241976,-58829,-15197
108862,-472064,-1567744,248240,-108047,8278
108872,-472064,-1741824,287680,-108047,109029
108882,-1139712,-1759232,130616,-260860,-270608
108892,-1139712,-1867776,164952,-260860,-195306
108902,-2912256,-2215936,-157760,-666563,-821585
108912,-5985280,-2891776,-700872,-1369922,-1859000
108922,-6241280,-3903488,-529656,-1428516,-1574729
108932,-6176768,-5962752,-48488,-1413750,-632420
108942,-6048768,-8306688,511560,-1384454,253752
108952,-6048768,-10372096,979504,-1384454,747785
108962,-6048768,-11382784,1208488,-1384454,585572
108972,-6048768,-11761664,1294328,-1384454,295603
108982,-2944000,-11670528,1977104,-673829,1455175
108992,-2944000,-11120640,1852520,-673829,1080022
109002,-2944000,-9979904,1594072,-673829,592338
109012,-2944000,-8579072,1276696,-673829,149539
109022,-2149376,-7224320,1149792,-491954,230828
109032,-2196480,-6150144,895752,-502735,88130
109042,-2268160,-5388288,706904,-519141,54961
109052,-2268160,-4708352,552856,-519141,22618
109062,-2103296,-4167680,467712,-481407,30987
109072,-1909760,-3872768,444744,-437110,189429
109082,-1909760,-3503104,360992,-437110,109317
109092,-1162240,-3298304,483952,-266016,474263
109102,-1162240,-2929664,400432,-266016,389636
109112,-760832,-2360320,362384,-174141,342451
109122,-611328,-1855488,281880,-139922,322187
109132,-611328,-1275904,150568,-139922,215018
109142,-163840,-633856,106488,-37500,227645
109152,-80896,-123904,9744,-18516,192499
109162,-13312,337920,-74008,-3047,181230
109172,-13312,825344,-190008,-3047,-6468
109182,-53248,1111040,-263784,-12188,-42782
109192,-53248,1432576,-336632,-12188,-142040
109202,-148480,1570816,-389528,-33985,-238067
109212,-279552,1554432,-415512,-63985,-255346
109222,-550912,1356800,-432216,-126094,-266411
109232,-550912,1122304,-379088,-126094,-219049
109242,-1185792,771072,-443352,-271407,-450578
109252,-1185792,198656,-313664,-271407,-264050
109262,-1185792,-431104,-170984,-271407,-118804
109272,-2058240,-1048576,-228752,-471094,-341542
109282,-2058240,-1801216,-58232,-471094,-165002
109292,-1829888,-2499584,151728,-418829,103892
109302,-871424,-3171328,521072,-199454,737931
109312,-565248,-3217408,600880,-129375,595207
109322,-565248,-3035136,559584,-129375,390832
109332,-120832,-2366464,508776,-27657,208552
109342,-120832,-1696768,357048,-27657,18132
109352,125952,-1094656,276544,32343,60332
109362,141312,-485376,141984,32343,-62633
109372,324608,-121856,101152,74296,52041
109382,372736,221184,34336,85312,-22754
109392,372736,436224,-14384,85312,16799
109402,372736,635904,-59624,85312,-22314
109412,2148352,732160,320856,491718,816009
109422,2942976,925696,457040,673593,1110126
109432,2942976,1523712,321552,673593,808258
109442,6506496,2727936,856080,1489218,1863393
109452,6506496,4711424,406696,1489218,1026336
109462,7521280,7043072,108344,1721484,725435
109472,7521280,9603072,-471656,1721484,10418
109482,7521280,11667456,-939368,1721484,-381735
109492,7521280,12878848,-1213824,1721484,-318031
109502,7521280,13572096,-1370888,1721484,-191298
109512,7521280,13744128,-1409864,1721484,-10519
109522,7521280,13853696,-1434688,1721484,541
109532,7677952,13711360,-1366944,1757343,194313
109542,7599104,13736960,-1390608,1739296,76275
109552,7599104,13798400,-1404528,1739296,-34796
109562,7599104,13789184,-1402440,1739296,-66349
109572,3175424,13895680,-2428808,726796,-2184823
109582,2847744,13347840,-2378928,651796,-1914860
109592,1197056,11879424,-2381480,273984,-1817070
109602,1197056,9487360,-1878272,273984,-963872
109612,1197056,6853632,-1281568,273984,-178319
109622,252928,4782080,-1026136,57890,-291582
109632,252928,3028992,-628952,57890,-120941
109642,101376,1640448,-348696,23203,7069
109652,0,856064,-193952,0,-181668
109662,0,-5120,1160,0,-33355
109672,0,-566272,128296,0,30998
109682,0,-1233920,279560,0,192171
109692,0,-1437696,325728,0,79854
109703,0,-1750016,396488,0,191873
109713,-4096,-1903616,430360,-938,217622
109723,-4096,-1967104,444744,-938,239320
109733,-4096,-1931264,436624,-938,243439
109743,-4096,-1765376,399040,-938,204466
109753,-7168,-1499136,338024,-1641,133035
109763,-44032,-1311744,287216,-10079,143529
109773,-154624,-1034240,199288,-35391,26926
109783,-222208,-851968,142680,-50860,1258
109793,-222208,-742400,117856,-50860,18291
109803,-1117184,-616448,-113448,-255704,-443426
109813,-2368512,-746496,-367488,-542110,-914269
109823,-2368512,-1354752,-229680,-542110,-530439
109833,-7522304,-2368512,-1167656,-1721719,-2398479
109843,-7522304,-3618816,-884384,-1721719,-1904193
109853,-7522304,-5984256,-348464,-1721719,-934275
109863,-15691776,-9019392,-1482248,-3591563,-3499883
109873,-15691776,-13076480,-592528,-3591563,-2111475
109883,-12989440,-17795072,1088776,-2973047,575823
109893,-7071744,-21810176,3339176,-1618594,4054469
109903,-5922816,-24491008,4206856,-1355625,4506738
109913,-1829888,-25515008,5366160,-418829,5830665
109923,-1209344,-25276416,5452696,-276797,5373876
109933,-1209344,-23522304,5055280,-276797,4282146
109943,-343040,-20559872,4580376,-78516,3431425
109953,-130048,-16578560,3726616,-29766,2098353
109963,-62464,-12024832,2710224,-14297,810495
109973,0,-7739392,1753456,0,-70565
109983,0,-4318208,978344,0,-547486
109993,0,-1643520,372360,0,-701348
110003,0,-24576,5568,0,-517680
110013,0,894976,-202768,0,-360977
110023,0,1155072,-261696,0,-76277
110033,0,1087488,-246384,0,147182
110043,0,1026048,-232464,0,188025
110053,0,1033216,-234088,0,105856
110063,0,997376,-225968,0,83566
110073,0,996352,-225736,0,53376
110083,0,1091584,-247312,0,-51100
110093,9216,1163264,-261464,2109,-116184
110103,9216,1117184,-251024,2109,-93581
110113,9216,1106944,-248704,2109,-113808
110123,9216,1017856,-228520,2109,-111363
110133,9216,801792,-179568,2109,93
110143,545792,584704,-8816,124921,342191
110153,1270784,592896,153584,290859,574161
110163,1270784,830464,99760,290859,373988
110173,3353600,1223680,482560,767578,1127996
110183,5921792,2072576,872088,1355390,1920296
110193,6438912,3608576,641248,1473750,1414599
110203,6438912,5669888,174232,1473750,673014
110213,7144448,8076288,-211120,1635234,281374
110223,7144448,10028032,-653312,1635234,-101699
110233,7070720,11515904,-1007112,1618359,-251189
110243,7070720,12403712,-1208256,1618359,-233270
110253,4738048,12705792,-1805192,1084453,-1066557
110263,4738048,12518400,-1762736,1084453,-769186
110273,2446336,11701248,-2096816,559921,-1363307
110283,2446336,10451968,-1813776,559921,-899202
110293,2446336,8697856,-1413576,559921,-277345
110303,846848,6904832,-1372512,193828,-474834
110313,846848,5204992,-987392,193828,-142572
110323,327680,3859456,-800168,75000,-273235
110333,327680,2476032,-486736,75000,-55320
110343,12288,1383424,-310648,2812,19004
110353,3072,562176,-126672,703,-15016
110363,-13312,-123904,25056,-3047,27807
110373,-13312,-772096,171912,-3047,183735
110383,-13312,-1019904,228056,-3047,88930
110393,-13312,-1196032,267960,-3047,42862
110403,-56320,-1452032,316216,-12891,151576
110413,-77824,-1467392,314824,-17813,108511
110423,-166912,-1596416,323872,-38204,191870
110433,-173056,-1424384,283504,-39610,57079
110443,-191488,-1525760,302296,-43829,191673
110453,-191488,-1404928,274920,-43829,136396
110463,-188416,-1398784,274224,-43125,201042
110473,-188416,-1195008,228056,-43125,99213
110483,-188416,-1195008,228056,-43125,197257
110493,-188416,-852992,150568,-43125,-9190
110503,-188416,-830464,145464,-43125,78676
110513,-188416,-715776,119480,-43125,65770
110523,-185344,-657408,106952,-42422,70940
110533,-188416,-590848,91176,-43125,56167
110543,-188416,-587776,90480,-43125,75579
110553,-188416,-508928,72616,-43125,53967
110563,-188416,-531456,77720,-43125,100073
110573,-188416,-461824,61944,-43125,66260
110583,-188416,-467968,63336,-43125,69283
110593,-185344,-501760,71688,-42422,122808
110603,-185344,-329728,32712,-42422,-32388
110613,-185344,-392192,46864,-42422,67988
110623,-185344,-258048,16472,-42422,-40455
110633,-185344,-271360,29232,-42422,50064
110643,-185344,-259072,16704,-42422,15229
110653,-185344,-266240,18328,-42422,37560
110663,-185344,-308224,27840,-42422,73107
110673,-182272,-313344,29696,-41719,68076
110683,-182272,-388096,46632,-41719,122499
110693,-182272,-329728,33408,-41719,55665
110703,-182272,-353280,38744,-41719,73610
110713,-173056,-282624,24824,-39610,3354
110723,-173056,-247808,16936,-39610,-20146
110733,-169984,-319488,33872,-38907,61674
110743,-166912,-249856,18792,-38204,8845
110753,-166912,-334848,38048,-38204,105459
110763,-166912,-238592,16240,-38204,20828
110773,-160768,-198656,8584,-36797,7405
110783,-163840,-258048,21344,-37500,70537
110793,-163840,-151552,-2784,-37500,-18517
110803,-160768,-340992,40832,-36797,165981
110813,-160768,-220160,13456,-36797,42083
110823,-154624,-262144,24360,-35391,78960
110834,-154624,-263168,24592,-35391,71454
110844,-108544,-344064,53360,-24844,160172
110854,-99328,-236544,31088,-22735,61022
110864,-93184,-305152,48024,-21329,116235
110874,-93184,-179200,19488,-21329,44154
110884,-96256,-219136,27840,-22032,105024
110894,-102400,-109568,1624,-23438,26250
110904,-102400,-134144,7192,-23438,72151
110914,-99328,-48128,-11600,-22735,11258
110924,-96256,-110592,3248,-22032,75919
110934,-90112,-125952,8120,-20625,94118
110944,-83968,-106496,5104,-19219,75604
110954,-68608,-68608,0,-15704,55913
110964,-68608,-129024,11368,-15704,99691
110974,-65536,-138240,16472,-15000,125719
110984,-62464,55296,-26680,-14297,-43674
110994,-62464,-29696,-7424,-14297,109127
111004,-65536,-101376,8120,-15000,115457
111014,-65536,-114688,11136,-15000,107961
111024,-65536,24576,-20416,-15000,12100
111034,-65536,-217088,34336,-15000,181875
111044,-65536,-184320,26912,-15000,126704
111054,-65536,-179200,25752,-15000,110047
111064,-62464,-83968,4872,-14297,22630
111074,-65536,-266240,45472,-15000,187575
111084,-59392,-185344,28536,-13594,109622
111094,-53248,-179200,28536,-12188,104398
111104,-13312,-107520,21344,-3047,67089
111114,-13312,-192512,40600,-3047,139440
111124,-4096,-97280,21112,-938,56375
111134,-4096,-60416,12760,-938,42409
111144,-4096,-111616,24360,-938,111310
111154,-7168,-13312,1392,-1641,-7798
111164,-7168,17408,-5568,-1641,21379
111174,-7168,0,-1624,-1641,49185
111184,-7168,-90112,18792,-1641,135972
111194,-7168,1024,-1856,-1641,43498
111204,0,-23552,5336,0,76785
111214,0,-35840,8120,0,99072
111224,0,75776,-17168,0,27161
111234,-13312,207872,-50112,-3047,-56527
111244,-105472,92160,-44776,-24141,19557
111254,-123904,244736,-83520,-28360,-140906
111264,-123904,117760,-54752,-28360,-33777
111274,-328704,-23552,-69136,-75235,-43250
111284,-328704,-131072,-44776,-75235,-13438
111294,-505856,-259072,-55912,-115782,-56512
111304,-580608,-411648,-38280,-132891,-45623
111314,-720896,-528384,-43616,-165000,-108781
111324,-788480,-686080,-23200,-180469,-113306
111334,-809984,-939008,29232,-185391,27544
111344,-957440,-1171456,48488,-219141,-4037
111354,-985088,-1228800,55216,-225469,-103595
111364,-1043456,-1485824,100224,-238829,-3866
111374,-1043456,-1748992,159848,-238829,127025
111384,-1013760,-1702912,156136,-232032,-12248
111394,-957440,-1816576,194648,-219141,46675
111404,-957440,-1893376,212048,-219141,67070
111414,-760832,-1908736,260072,-174141,143699
111424,-677888,-1875968,271440,-155157,149874
111434,-556032,-1795072,280720,-127266,172304
111444,-510976,-1754112,281648,-116954,221048
111454,-510976,-1557504,237104,-116954,132226
111464,-476160,-1334272,194416,-108985,49747
111474,-476160,-1163264,155672,-108985,11766
111484,-537600,-1122304,132472,-123047,43576
111494,-537600,-994304,103472,-123047,16120
111504,-537600,-974848,99064,-123047,62827
111514,-537600,-883712,78416,-123047,22490
111524,-957440,-928768,-6496,-219141,-95859
111534,-957440,-978944,4872,-219141,-46970
111544,-1043456,-950272,-21112,-238829,-154263
111554,-1033216,-1209344,39904,-236485,19470
111564,-1033216,-1340416,69600,-236485,36695
111574,-1013760,-1442816,97208,-232032,30473
111584,-1013760,-1668096,148248,-232032,153211
111594,-1004544,-1701888,157992,-229922,117675
111604,-1004544,-1615872,138504,-229922,21702
111614,-1004544,-1702912,158224,-229922,110143
111624,-1004544,-1593344,133400,-229922,16035
111634,-975872,-1550336,130152,-223360,11164
111644,-975872,-1565696,133632,-223360,46410
111654,-753664,-1581056,187456,-172500,175620
111664,-753664,-1580032,187224,-172500,176901
111674,-219136,-1452032,279328,-50157,329594
111684,-47104,-1373184,300440,-10782,413785
111694,159744,-950272,251488,36562,270936
111704,208896,-603136,183976,47812,209270
111714,208896,-158720,83288,47812,62829
111724,409600,224256,41992,93750,72684
111734,409600,550912,-25520,93750,53221
111744,1258496,710656,124120,288046,460814
111754,1645568,959488,155440,376640,592311
111764,1645568,1290240,80504,376640,474295
111774,4301824,1927168,538008,984609,1373653
111784,4687872,2816000,424096,1072968,1189216
111794,4687872,3917824,174464,1072968,823816
111804,6575104,5718016,194184,1504921,994961
111814,6575104,7533568,-217152,1504921,499350
111824,6438912,9577472,-711080,1473750,-175426
111834,5441536,11026432,-1265328,1245468,-853588
111844,5441536,11787264,-1437704,1245468,-736119
111854,5441536,11627520,-1401512,1245468,-264321
111864,3040256,11186176,-1845560,695859,-1074065
111874,2419712,10016768,-1721208,553828,-765258
111884,1868800,8738816,-1556488,427734,-649959
111894,1868800,7205888,-1209184,427734,-214346
111904,719872,5697536,-1127752,164765,-410933
111914,610304,4595712,-902944,139687,-393382
111924,252928,3368960,-705976,57890,-317797
111934,116736,2395136,-516200,26718,-291338
111944,116736,1424384,-296264,26718,-92557
111954,-13312,692224,-159848,-3047,-120892
111964,-13312,19456,-7424,-3047,-28492
111974,-13312,-456704,100456,-3047,13637
111985,-50176,-797696,169360,-11485,14874
111995,-50176,-1146880,248472,-11485,137998
112005,-50176,-1277952,278168,-11485,108265
112015,-257024,-1257472,226664,-58829,-76055
112025,-257024,-1362944,250560,-58829,6186
112035,-515072,-1399808,200448,-117891,-71622
112045,-515072,-1463296,214832,-117891,4167
112055,-515072,-1519616,227592,-117891,60182
112065,-2318336,-1463296,-193720,-530625,-843101
112075,-2583552,-1890304,-157064,-591329,-690452
112085,-5678080,-2639872,-688344,-1299610,-1774825
112095,-6784000,-4106240,-606680,-1552735,-1535473
112105,-8416256,-6322176,-474440,-1926329,-1385958
112115,-8852480,-8698880,-34800,-2026172,-881299
112125,-9402368,-11454464,464928,-2152032,-324268
112135,-9402368,-13815808,999920,-2152032,195308
112145,-7600128,-15466496,1782224,-1739532,1106877
112155,-7600128,-16367616,1986384,-1739532,898127
112165,-2788352,-16134144,3023656,-638204,2468084
112175,-1735680,-14576640,2909280,-397266,1905944
112185,-1735680,-11890688,2300744,-397266,759187
112195,-206848,-9062400,2006336,-47344,647095
112205,-206848,-6248448,1368800,-47344,96776
112215,0,-4050944,891112,0,-88104
112225,0,-2445312,554016,0,-39268
112235,0,-1346560,305080,0,4717
112245,3072,-752640,171216,703,134264
112255,12288,-214016,51272,2812,112912
112265,12288,102400,-20416,2812,112209
112275,12288,490496,-108344,2812,42155
112285,12288,727040,-161936,2812,29536
112295,1545216,926720,140128,353671,704802
112305,1545216,1262592,64032,353671,570710
112315,1545216,1829888,-64496,353671,339589
112325,7836672,2588672,1189000,1793671,2923103
112335,9882624,4058112,1319616,2261953,3133840
112345,9882624,6440960,779752,2261953,2114717
112355,10802176,9938944,195576,2472421,1249295
112365,10908672,13372416,-602736,2496796,288772
112375,9214976,16581632,-1669008,2109140,-1148862
112385,9214976,18709504,-2151104,2109140,-1320136
112395,9214976,19409920,-2309792,2109140,-884583
112405,5558272,19155968,-3080728,1272187,-2005659
112415,5558272,17799168,-2773328,1272187,-1106189
112425,2942976,16001024,-2958464,673593,-1467936
112435,2942976,13409280,-2371272,673593,-685530
112445,2942976,10745856,-1767840,673593,-75974
112455,569344,8608768,-1821432,130312,-884639
112465,569344,6909952,-1436544,130312,-766935
112475,110592,5227520,-1159304,25312,-632337
112485,110592,3874816,-852832,25312,-477474
112495,-19456,2354176,-537776,-4454,-248657
112505,-25600,943104,-219472,-5860,10478
112515,-13312,-151552,31320,-3047,172755
112525,-13312,-752640,167504,-3047,61972
112535,-31744,-1327104,293480,-7266,203015
112545,-68608,-1583104,343128,-15704,124723
112555,-68608,-1731584,376768,-15704,114227
112565,-292864,-1853440,353568,-67032,58920
112575,-292864,-1910784,366560,-67032,82155
112585,-1004544,-1921024,207640,-229922,-231159
112595,-1174528,-2073600,203696,-268829,-177329
112605,-2015232,-2236416,50112,-461250,-461285
112615,-2727936,-2436096,-66120,-624375,-695609
112625,-2727936,-3050496,73080,-624375,-404951
112635,-6241280,-3890176,-532672,-1428516,-1668254
112645,-6241280,-5286912,-216224,-1428516,-1046688
112655,-7445504,-7289856,-35264,-1704141,-854890
112665,-7837696,-9671680,415512,-1793907,-247276
112675,-7219200,-11705344,1016392,-1652344,523636
112685,-7219200,-13392896,1398728,-1652344,737688
112695,-3354624,-14146560,2445048,-767813,2313546
112705,-2292736,-13876224,2624384,-524766,2151804
112715,-2292736,-12337152,2275688,-524766,1167295
112725,-561152,-10169344,2176856,-128438,1109189
112735,-561152,-7777280,1634904,-128438,478834
112745,-561152,-5530624,1125896,-128438,60687
112755,-34816,-3713024,833344,-7969,66146
112765,-34816,-2307072,514808,-7969,15134
112775,0,-1310720,296960,0,21919
112785,0,-571392,129456,0,43095
112795,0,30720,-6960,0,-22745
112805,0,337920,-76560,0,33937
112815,0,659456,-149408,0,-16526
112825,0,783360,-177248,0,46177
112835,6144,898048,-202072,1406,36060
112845,9216,1002496,-225040,2109,-7505
112855,9216,991232,-222488,2109,4371
112865,314368,957440,-145696,71953,146112
112875,435200,882688,-101384,99609,245861
112885,455680,926720,-106720,104296,157275
112895,594944,1035264,-99760,136171,109534
112905,1094656,1073152,4872,250546,321637
112915,1971200,1219584,170288,451171,663670
112925,1971200,1597440,84680,451171,473692
112935,4255744,2271232,449616,974062,1244064
112945,4255744,3410944,191400,974062,773537
112955,4255744,4843520,-133168,974062,234939
112965,6925312,6369280,125976,1585078,1022945
112975,6925312,8022016,-248472,1585078,530165
112985,6782976,9821184,-688344,1552500,-36292
112995,6782976,11371520,-1039592,1552500,-370351
113005,6782976,12277760,-1244912,1552500,-346916
113015,3778560,12554240,-1988240,864843,-1431617
113025,3778560,12096512,-1884536,864843,-965763
113035,2527232,10798080,-1873864,578437,-812288
113045,2527232,9303040,-1535144,578437,-385310
113055,719872,7562240,-1550224,164765,-723161
113065,475136,5867520,-1221712,108750,-445313
113075,412672,4438016,-911992,94453,-316261
113085,89088,2946048,-647280,20390,-150356
113095,24576,1641472,-366328,5625,30438
113105,-87040,701440,-178640,-19922,9628
113115,-87040,-119808,7424,-19922,76680
113125,-87040,-805888,162864,-19922,187060
113135,-353280,-1134592,177016,-80860,12161
113145,-353280,-1447936,248008,-80860,44918
113155,-795648,-1789952,225272,-182110,-25836
113165,-1198080,-2024448,187224,-274219,-162531
113175,-1198080,-2311168,252184,-274219,-62310
113185,-2368512,-2683904,71456,-542110,-459185
113195,-3579904,-3299328,-63568,-819375,-733838
113205,-3820544,-3965952,32944,-874454,-637220
113215,-3820544,-4935680,252648,-874454,-292843
113225,-4033536,-6127616,474440,-923204,47252
113235,-4033536,-7046144,682544,-923204,270899
113245,-4033536,-7861248,867216,-923204,432447
113256,-2342912,-8065024,1296416,-536250,994982
113266,-2342912,-8116224,1308016,-536250,897380
113276,-2342912,-7487488,1165568,-536250,473179
113286,-1408000,-6577152,1171136,-322266,517215
113296,-1408000,-5680128,967904,-322266,322207
113306,-1437696,-4704256,740080,-329063,137198
113316,-1423360,-3801088,538704,-325782,-48856
113326,-1271808,-3247104,447528,-291094,57516
113336,-1221632,-2847744,370736,-279610,126133
113346,-1221632,-2592768,310648,-279610,147629
113356,-621568,-2386944,399968,-142266,447030
113366,-556032,-2122752,354960,-127266,409914
113376,-247808,-1815552,355192,-56719,479866
113386,-77824,-1347584,287680,-17813,380924
113396,0,-994304,225272,0,380361
113406,0,-429056,97208,0,188417
113416,0,13312,-3016,0,101277
113426,0,357376,-80968,0,59806
113436,0,656384,-148712,0,-5688
113446,-160768,862208,-231768,-36797,-117377
113456,-160768,918528,-244528,-36797,-97396
113466,-160768,917504,-244296,-36797,-85891
113476,-160768,792576,-215992,-36797,-14991
113486,-160768,663552,-186760,-36797,4650
113496,-1338368,529408,-423168,-306329,-568751
113506,-1698816,-21504,-380016,-388829,-473803
113516,-1849344,-778240,-242672,-423282,-262658
113526,-2394112,-1669120,-164256,-547969,-227078
113536,-2394112,-2404352,2320,-547969,-121256
113546,-3281920,-3411968,29464,-751172,-173583
113556,-3503104,-4028416,119016,-801797,-302099
113566,-3779584,-4583424,182120,-865079,-349387
113576,-3779584,-5395456,366096,-865079,-81081
113586,-3779584,-6000640,503208,-865079,21293
113596,-2080768,-6629376,1030544,-476250,950188
113606,-2080768,-6724608,1052120,-476250,766807
113616,-260096,-6310912,1370888,-59532,1287437
113626,-142336,-5306368,1169976,-32579,822444
113636,-4096,-3984384,901784,-938,362927
113646,-4096,-2648064,599024,-938,59184
113656,-4096,-1485824,335704,-938,-99305
113666,-4096,-655360,147552,-938,-128803
113676,-4096,-90112,19488,-938,-113566
113686,-402432,114688,-117160,-92110,-155987
113696,-429056,195584,-141520,-98204,-101947
113706,-556032,183296,-167504,-127266,-123737
113716,-601088,-1024,-135952,-137579,-39937
113726,-654336,-218112,-98832,-149766,5662
113736,-654336,-381952,-61712,-149766,1895
113746,-649216,-551936,-22040,-148594,18644
113756,-632832,-720896,19952,-144844,57292
113766,-632832,-797696,37352,-144844,52351
113776,-632832,-924672,66120,-144844,103643
113786,-671744,-934912,59624,-153750,63629
113796,-671744,-857088,41992,-153750,-14707
113806,-671744,-879616,47096,-153750,2373
113816,-1529856,-945152,-126208,-350157,-332790
113826,-1529856,-1095680,-98368,-350157,-285643
113836,-2447360,-1392640,-238960,-560157,-587662
113846,-2447360,-1882112,-128064,-560157,-403234
113856,-3281920,-2689024,-134328,-751172,-432597
113866,-3281920,-3411968,29464,-751172,-291136
113876,-3281920,-4228096,214368,-751172,-80618
113886,-3281920,-5036032,397416,-751172,94907
113896,-2268160,-5612544,757712,-519141,593626
113906,-2268160,-5797888,799704,-519141,491297
113916,-781312,-5422080,1051424,-178829,821561
113926,-532480,-4848640,977880,-121875,657614
113936,-62464,-3900416,869536,-14297,542661
113946,-62464,-2729984,604360,-14297,180195
113956,0,-1598464,362152,0,-69107
113966,0,-796672,180496,0,-96038
113976,0,-110592,25056,0,-203121
113986,0,177152,-40136,0,-73179
113996,0,418816,-94888,0,-73470
114006,0,445440,-100920,0,30051
114016,0,531456,-120408,0,-3879
114026,0,574464,-130152,0,-22264
114036,12288,497664,-109968,2812,51866
114046,116736,520192,-91408,26718,55892
114056,384000,543744,-36192,87890,135239
114066,384000,624640,-54520,87890,60185
114076,523264,754688,-52432,119765,34068
114086,1697792,729088,219472,388593,661252
114096,1697792,1013760,154976,388593,500993
114106,3464192,1444864,457504,792890,1572027
114116,5215232,2552832,603200,1193671,1391783
114126,5215232,4208640,228056,1193671,713081
114136,7070720,6090752,222024,1618359,932696
114146,7070720,8158208,-246384,1618359,384327
114156,6998016,10142720,-712472,1601718,-136021
114166,6854656,11667456,-1090400,1568906,-439881
114176,5384192,12542976,-1621912,1232343,-1032783
114186,4032512,12648448,-1952048,922968,-1302001
114196,2057216,11845632,-2217688,470859,-1549490
114206,1310720,10605568,-2074080,300000,-1224190
114216,1310720,8761344,-1688032,300000,-695235
114226,423936,6552576,-1388520,97031,-425398
114236,423936,4659200,-959552,97031,-49988
114246,199680,3048448,-645424,45703,5946
114256,172032,1949696,-402752,39375,-25629
114266,165888,1168384,-227128,37968,-79914
114276,168960,768000,-135720,38671,-166411
114286,168960,293888,-28304,38671,-72318
114296,168960,200704,-7192,38671,-232638
114306,168960,-94208,59624,38671,-124452
114316,147456,-377856,119016,33750,-24948
114327,147456,-417792,128064,33750,-105998
114337,147456,-626688,175392,33750,13410
114347,92160,-714752,182816,21093,17531
114357,92160,-641024,166112,21093,-78362
114367,92160,-716800,183280,21093,-908
114377,104448,-738304,190936,23906,46959
114387,107520,-657408,173304,24609,9529
114397,107520,-570368,153584,24609,-19974
114407,107520,-578560,155440,24609,53040
114417,113664,-441344,125744,26015,628
114427,129024,-285696,93960,29531,-48495
114437,159744,-215040,84912,36562,-2679
114447,369664,-132096,113680,84609,105186
114457,432128,-67584,113216,98906,148098
114467,432128,47104,87232,98906,119870
114477,3389440,363520,685560,775781,1302956
114487,3389440,771072,593224,775781,1132137
114497,7070720,2025472,1143064,1618359,2201447
114507,7070720,3916800,714560,1618359,1409834
114517,7444480,6272000,265640,1703906,758387
114527,7444480,9004032,-353336,1703906,-27089
114537,6782976,11182080,-996672,1552500,-756759
114547,6438912,12612608,-1398728,1473750,-811426
114557,3280896,13044736,-2212120,750937,-1867546
114567,2942976,12135424,-2082664,673593,-1195345
114577,2942976,10478592,-1707288,673593,-412326
114587,2942976,8567808,-1274376,673593,126809
114597,2942976,7143424,-951664,673593,277554
114607,327680,6390784,-1373672,75000,-1100680
114617,58368,5616640,-1259296,13359,-1105903
114627,0,4366336,-989248,0,-658507
114637,-31744,2873344,-658184,-7266,-200231
114647,-31744,1640448,-378856,-7266,-49855
114657,-31744,289792,-72848,-7266,221105
114667,-80896,-476160,89552,-18516,175079
114677,-160768,-919552,171912,-36797,37825
114687,-319488,-1326080,228056,-73125,31523
114697,-319488,-1570816,283504,-73125,67120
114707,-561152,-1727488,264248,-128438,-32277
114717,-561152,-1891328,301368,-128438,29219
114727,-616448,-2104320,337096,-141094,115119
114737,-616448,-2293760,380016,-141094,217515
114747,-601088,-2306048,386280,-137579,200184
114757,-585728,-2305024,389528,-134063,228396
114767,-580608,-2284544,386048,-132891,271975
114777,-580608,-2091008,342200,-132891,167455
114787,-575488,-1945600,310416,-131719,153018
114797,-575488,-1755136,267264,-131719,89973
114807,-575488,-1643520,241976,-131719,101906
114817,-575488,-1596416,231304,-131719,137294
114827,-575488,-1516544,213208,-131719,123777
114837,-671744,-1541120,196968,-153750,158031
114847,-1351680,-1439744,19952,-309375,-214814
114857,-1546240,-1418240,-29000,-353907,-312256
114867,-1546240,-1673216,28768,-353907,-138186
114877,-8416256,-2127872,-1424712,-1926329,-3089796
114887,-8416256,-3514368,-1110584,-1926329,-2357658
114897,-17213440,-6233088,-2436696,-3939844,-4991462
114907,-17213440,-10288128,-1569016,-3939844,-3524877
114917,-17213440,-15377408,-415976,-3939844,-1797187
114927,-17213440,-20519936,749128,-3939844,-345211
114937,-17213440,-25208832,1811456,-3939844,517287
114947,-17213440,-28821504,2629952,-3939844,891004
114957,-17213440,-31092736,3144528,-3939844,914582
114967,-17213440,-32302080,3418520,-3939844,669946
114977,-17213440,-32695296,3507608,-3939844,418098
114987,-3503104,-32502784,6570240,-801797,6267285
114997,-1013760,-31299584,6861632,-232032,6594160
115007,-702464,-28592128,6318752,-160782,5370370
115017,-702464,-24427520,5375208,-160782,3644694
115027,-37888,-19590144,4429808,-8672,2386969
115037,-37888,-14610432,3301592,-8672,1027061
115047,3072,-9797632,2220472,703,85240
115057,3072,-5910528,1339800,703,-382679
115067,193536,-3227648,775112,44296,-368461
115077,193536,-1363968,352872,44296,-230912
115087,831488,-156672,223880,190312,111733
115097,2611200,680960,437320,597656,987920
115107,4209664,1819648,541488,963515,1361829
115117,7368704,3350528,910368,1686562,2227215
115127,7368704,5842944,345680,1686562,1229794
115137,8246272,8619008,-84448,1887421,830401
115147,8246272,11343872,-701800,1887421,113273
115157,8246272,13756416,-1248392,1887421,-404295
115167,8246272,15241216,-1584792,1887421,-542542
115177,5921792,16016384,-2287056,1355390,-1484716
115187,4944896,15771648,-2452936,1131796,-1368661
115197,4944896,14815232,-2236248,1131796,-807248
115207,4032512,13159424,-2067816,922968,-546728
115217,4032512,11693056,-1735592,922968,-224534
115227,4395008,10292224,-1336088,1005937,107747
115237,4490240,9222144,-1051888,1027734,298818
115247,4490240,8578048,-926144,1027734,157132
115257,4490240,8115200,-821280,1027734,117731
115267,3778560,7916544,-937512,864843,-320535
115277,2317312,7720960,-1224264,530390,-1028240
115287,1594368,6988800,-1222176,364921,-959017
115297,1594368,5859328,-966280,364921,-472309
115307,1594368,4403200,-636376,364921,-15450
115317,1594368,3151872,-352872,364921,179459
115327,205824,2433024,-504600,47109,-526910
115337,205824,2031616,-413656,47109,-631960
115347,125952,1344512,-276080,28828,-442853
115357,125952,596992,-106720,28828,-199447
115367,125952,-24576,34104,28828,-105256
115377,178176,-478208,148712,40781,-47176
115387,178176,-717824,203000,40781,-80567
115398,178176,-789504,219240,40781,-105177
115408,175104,-704512,199288,40078,-171923
115418,175104,-753664,210424,40078,-90872
115428,172032,-760832,211352,39375,-80353
115438,172032,-849920,231536,39375,-1010
115448,193536,-795648,224112,44296,-27496
115458,224256,-692224,207640,51328,-33475
115468,358400,-473088,188384,82031,-59235
115478,458752,-339968,180960,105000,-12048
115488,631808,-181248,184208,144609,121083
115498,752640,27648,164256,172265,78173
115508,759808,362496,90016,173906,3028
115518,631808,797696,-37584,144609,-206735
115528,471040,1005568,-121104,107812,-259637
115538,443392,914432,-106720,101484,-81487
115548,443392,876544,-98136,101484,-58175
115558,308224,700416,-88856,70546,-25915
115568,308224,621568,-70992,70546,21742
115578,30720,-9733120,2212120,7031,7689707
115588,0,-26121216,5918088,0,13887962
115598,0,-25053184,5676112,0,6951878
115608,0,-26835968,6080024,0,7915772
115618,0,-29684736,6725448,0,8636871
115628,0,-32091136,7270648,0,9162897
115638,0,-33170432,7515176,0,8751043
115648,0,-33447936,7578048,0,8364707
115658,0,-33517568,7593824,0,8198152
115668,0,-33536000,7598000,0,8131219
115678,0,-33536000,7598000,0,8109877
115688,0,-33536000,7598000,0,8109877
115698,0,-33536000,7598000,0,8109877
115708,0,-33536000,7598000,0,8109877
115718,0,-33536000,7598000,0,8109877
115728,0,-33536000,7598000,0,8109877
115738,0,-33536000,7598000,0,8109877
115748,0,-33536000,7598000,0,8109877
115758,0,-33536000,7598000,0,8109877
115768,0,-33536000,7598000,0,8109877
115778,0,-33536000,7598000,0,8109877
115788,0,-33536000,7598000,0,8109877
115798,0,-33536000,7598000,0,8109877
115808,0,-33536000,7598000,0,8109877
115818,0,-33536000,7598000,0,8109877
115828,0,-33536000,7598000,0,8109877
115838,0,-33536000,7598000,0,8109877
115848,0,-33536000,7598000,0,8109877
115858,0,-33536000,7598000,0,8109877
115868,0,-33536000,7598000,0,8109877
115878,0,-33536000,7598000,0,8109877
115888,0,-33536000,7598000,0,8109877
115898,0,-33536000,7598000,0,8109877
115908,0,-33536000,7598000,0,8109877
115918,0,-33536000,7598000,0,8109877
115928,0,-33536000,7598000,0,8109877
115938,0,-33536000,7598000,0,8109877
115948,0,-33536000,7598000,0,8109877
115958,0,-33536000,7598000,0,8109877
115968,0,-33536000,7598000,0,8109877
115978,0,-33536000,7598000,0,8109877
115988,0,-33536000,7598000,0,8109877
115998,0,-33536000,7598000,0,8109877
116008,0,-33536000,7598000,0,8109877
116018,0,-33536000,7598000,0,8109877
116028,0,-33536000,7598000,0,8109877
116038,0,-33536000,7598000,0,8109877
116048,0,-33536000,7598000,0,8109877
116058,0,-33536000,7598000,0,8109877
116068,0,-33536000,7598000,0,8109877
116078,0,-33536000,7598000,0,8109877
116088,0,-33536000,7598000,0,8109877
116098,0,-33536000,7598000,0,8109877
116108,0,-33536000,7598000,0,8109877
116118,0,-33536000,7598000,0,8109877
116128,0,-33536000,7598000,0,8109877
116138,0,-33536000,7598000,0,8109877
116148,0,-33536000,7598000,0,8109877
116158,0,-33536000,7598000,0,8109877
116168,0,-33536000,7598000,0,8109877
116178,0,-33536000,7598000,0,8109877
116188,0,-33536000,7598000,0,8109877
116198,0,-33536000,7598000,0,8109877
116208,0,-33536000,7598000,0,8109877
116218,0,-33536000,7598000,0,8109877
116228,0,-33536000,7598000,0,8109877
116238,0,-33536000,7598000,0,8109877
116248,0,-33536000,7598000,0,8109877
116258,0,-33536000,7598000,0,8109877
116268,0,-33536000,7598000,0,8109877
116278,0,-33536000,7598000,0,8109877
116288,0,-33536000,7598000,0,8109877
116298,0,-33536000,7598000,0,8109877
116308,0,-33536000,7598000,0,8109877
116318,0,-33536000,7598000,0,8109877
116328,0,-33536000,7598000,0,8109877
116338,0,-33536000,7598000,0,8109877
116348,0,-33536000,7598000,0,8109877
116358,0,-33536000,7598000,0,8109877
116368,0,-33536000,7598000,0,8109877
116378,0,-33536000,7598000,0,8109877
116388,0,-33536000,7598000,0,8109877
116398,0,-33536000,7598000,0,8109877
116408,0,-33536000,7598000,0,8109877
116418,0,-33536000,7598000,0,8109877
116428,0,-33536000,7598000,0,8109877
116438,0,-33536000,7598000,0,8109877
116448,0,-33536000,7598000,0,8109877
116458,0,-33536000,7598000,0,8109877
116468,0,-33536000,7598000,0,8109877
116478,0,-33536000,7598000,0,8109877
116488,0,-33536000,7598000,0,8109877
116498,0,-33536000,7598000,0,8109877
116508,0,-33536000,7598000,0,8109877
116518,0,-33536000,7598000,0,8109877
116528,0,-33536000,7598000,0,8109877
116538,0,-33536000,7598000,0,8109877
116548,0,-33536000,7598000,0,8109877
116558,0,-33536000,7598000,0,8109877
116568,0,-33536000,7598000,0,8109877
116578,0,-33536000,7598000,0,8109877
116588,0,-33536000,7598000,0,8109877
116598,0,-33536000,7598000,0,8109877
116608,0,-33536000,7598000,0,8109877
116618,0,-33536000,7598000,0,8109877
116628,0,-33536000,7598000,0,8109877
116638,0,-33536000,7598000,0,8109877
116648,0,-33536000,7598000,0,8109877
116658,0,-33536000,7598000,0,8109877
116668,0,-33536000,7598000,0,8109877
116678,0,-33536000,7598000,0,8109877
116688,0,-33536000,7598000,0,8109877
116698,0,-33536000,7598000,0,8109877
116708,0,-33536000,7598000,0,8109877
116718,0,-33536000,7598000,0,8109877
116728,0,-33536000,7598000,0,8109877
116738,0,-33536000,7598000,0,8109877
116748,0,-33536000,7598000,0,8109877
116759,0,-33536000,7598000,0,8109877
116769,0,-33536000,7598000,0,8109877
116779,0,-33536000,7598000,0,8109877
116789,0,-33536000,7598000,0,8109877
116799,0,-33536000,7598000,0,8109877
116809,0,-33536000,7598000,0,8109877
116819,0,-33536000,7598000,0,8109877
116829,0,-33536000,7598000,0,8109877
116839,0,-33536000,7598000,0,8109877
116849,0,-33536000,7598000,0,8109877
116859,0,-33536000,7598000,0,8109877
116869,0,-33536000,7598000,0,8109877
116879,0,-33536000,7598000,0,8109877
116889,0,-33536000,7598000,0,8109877
116899,0,-33536000,7598000,0,8109877
116909,0,-33536000,7598000,0,8109877
116919,0,-33536000,7598000,0,8109877
116929,0,-33536000,7598000,0,8109877
116939,0,-33536000,7598000,0,8109877
116949,0,-33536000,7598000,0,8109877
116959,0,-33536000,7598000,0,8109877
116969,0,-33536000,7598000,0,8109877
116979,0,-33536000,7598000,0,8109877
116989,0,-33536000,7598000,0,8109877
116999,0,-33536000,7598000,0,8109877
117009,0,-33536000,7598000,0,8109877
117019,0,-33536000,7598000,0,8109877
117029,0,-33536000,7598000,0,8109877
117039,0,-33536000,7598000,0,8109877
117049,0,-33536000,7598000,0,8109877
117059,0,-33536000,7598000,0,8109877
117069,0,-33536000,7598000,0,8109877
117079,0,-33536000,7598000,0,8109877
117089,0,-33536000,7598000,0,8109877
117099,0,-33536000,7598000,0,8109877
117109,0,-33536000,7598000,0,8109877
117119,0,-33536000,7598000,0,8109877
117129,0,-33536000,7598000,0,8109877
117139,0,-33536000,7598000,0,8109877
117149,0,-33536000,7598000,0,8109877
117159,0,-33536000,7598000,0,8109877
117169,0,-33536000,7598000,0,8109877
117179,0,-33536000,7598000,0,8109877
117189,0,-33536000,7598000,0,8109877
117199,0,-33536000,7598000,0,8109877
117209,0,-33536000,7598000,0,8109877
117219,0,-33536000,7598000,0,8109877
117229,0,-33536000,7598000,0,8109877
117239,0,-33536000,7598000,0,8109877
117249,0,-33536000,7598000,0,8109877
117259,0,-33536000,7598000,0,8109877
117269,0,-33536000,7598000,0,8109877
117279,0,-33536000,7598000,0,8109877
117289,0,-33536000,7598000,0,8109877
117299,0,-33536000,7598000,0,8109877
117309,0,-33536000,7598000,0,8109877
117319,0,-33536000,7598000,0,8109877
117329,0,-33536000,7598000,0,8109877
117339,0,-33536000,7598000,0,8109877
117349,0,-33536000,7598000,0,8109877
117359,0,-33536000,7598000,0,8109877
117369,0,-33536000,7598000,0,8109877
117379,0,-33536000,7598000,0,8109877
117389,0,-33536000,7598000,0,8109877
117399,0,-33536000,7598000,0,8109877
117409,0,-33536000,7598000,0,8109877
117419,0,-33536000,7598000,0,8109877
117429,0,-33536000,7598000,0,8109877
117439,0,-33536000,7598000,0,8109877
117449,0,-33536000,7598000,0,8109877
117459,0,-33536000,7598000,0,8109877
117469,0,-33536000,7598000,0,8109877
117479,0,-33536000,7598000,0,8109877
117489,0,-33536000,7598000,0,8109877
117499,0,-33536000,7598000,0,8109877
117509,0,-33536000,7598000,0,8109877
117519,0,-33536000,7598000,0,8109877
117529,0,-33536000,7598000,0,8109877
117539,0,-33536000,7598000,0,8109877
117549,0,-33536000,7598000,0,8109877
117559,0,-33536000,7598000,0,8109877
117569,0,-33536000,7598000,0,8109877
117579,0,-33536000,7598000,0,8109877
117589,0,-33536000,7598000,0,8109877
117599,0,-33536000,7598000,0,8109877
117609,0,-33536000,7598000,0,8109877
117619,0,-33536000,7598000,0,8109877
117629,0,-33536000,7598000,0,8109877
117639,0,-33536000,7598000,0,8109877
117649,0,-33536000,7598000,0,8109877
117659,0,-33536000,7598000,0,8109877
117669,0,-33536000,7598000,0,8109877
117679,0,-33536000,7598000,0,8109877
117689,0,-33536000,7598000,0,8109877
117699,0,-33536000,7598000,0,8109877
117709,0,-33536000,7598000,0,8109877
117719,0,-33536000,7598000,0,8109877
117729,0,-33536000,7598000,0,8109877
117739,0,-33536000,7598000,0,8109877
117749,0,-33536000,7598000,0,8109877
117759,0,-33536000,7598000,0,8109877
117769,0,-33536000,7598000,0,8109877
117779,0,-33536000,7598000,0,8109877
117789,0,-33536000,7598000,0,8109877
117799,0,-33536000,7598000,0,8109877
117809,0,-33536000,7598000,0,8109877
117819,0,-33536000,7598000,0,8109877
117829,0,-33536000,7598000,0,8109877
117839,0,-33536000,7598000,0,8109877
117849,0,-33536000,7598000,0,8109877
117859,0,-33536000,7598000,0,8109877
117869,0,-33536000,7598000,0,8109877
117879,0,-33536000,7598000,0,8109877
117889,0,-33536000,7598000,0,8109877
117899,0,-33536000,7598000,0,8109877
117909,0,-33536000,7598000,0,8109877
117919,0,-33536000,7598000,0,8109877
117929,0,-33536000,7598000,0,8109877
117939,0,-33536000,7598000,0,8109877
117949,0,-33536000,7598000,0,8109877
117959,0,-33536000,7598000,0,8109877
117969,0,-33536000,7598000,0,8109877
117979,0,-33536000,759