R
Px,Ix,Dx,Py,Iy,Dy,Pz,Iz,FFrx,FFry,FFdrx,FFdry,satI,satPID,KFQAng,KFQbias,KFRmeas,CPx,CIx,CPy,CIy,CsatI,CsatPID,CFFdrx,CFFdry,CFalpha,iRelaxX,IRelaxY,DmaxR,DmaxE,DMx,DMy
38,80,47,58,80,47,250,0,20,0,0,0,500000,15000000,10,1,1000,0,0,0,0,0,0,0,0,0.995,4096,1024,0,0,0,0
sysTickMs,PIDRefXi,PIDSensXi,PIDPoutXi,PIDFFoutXi,PIDUXi
105932,0,191488,-35904,0,-11190
105942,0,191488,-35904,0,-11190
105952,0,191488,-35904,0,-11190
105962,0,191488,-35904,0,-11190
105972,0,191488,-35904,0,-11190
105982,0,191488,-35904,0,-11190
105992,0,191488,-35904,0,-11190
106002,0,191488,-35904,0,-11190
106012,0,191488,-35904,0,-11190
106022,0,191488,-35904,0,-11190
106032,0,191488,-35904,0,-11190
106042,0,191488,-35904,0,-11190
106052,0,191488,-35904,0,-11190
106062,0,191488,-35904,0,-11190
106072,0,191488,-35904,0,-11190
106082,0,191488,-35904,0,-11190
106092,0,191488,-35904,0,-11190
106102,0,191488,-35904,0,-11190
106112,0,191488,-35904,0,-11190
106122,0,191488,-35904,0,-11190
106132,0,191488,-35904,0,-11190
106142,0,191488,-35904,0,-11190
106152,0,191488,-35904,0,-11190
106162,0,191488,-35904,0,-11190
106172,0,191488,-35904,0,-11190
106183,0,191488,-35904,0,-11190
106193,0,191488,-35904,0,-11190
106203,0,191488,-35904,0,-11190
106213,0,191488,-35904,0,-11190
106223,0,191488,-35904,0,-11190
106233,0,191488,-35904,0,-11190
106243,0,191488,-35904,0,-11190
106253,0,191488,-35904,0,-11190
106263,0,191488,-35904,0,-11190
106273,0,191488,-35904,0,-11190
106283,0,191488,-35904,0,-11190
106293,0,191488,-35904,0,-11190
106303,0,191488,-35904,0,-11190
106313,0,191488,-35904,0,-11190
106323,0,191488,-35904,0,-11190
106333,0,191488,-35904,0,-11190
106343,0,191488,-35904,0,-11190
106353,0,191488,-35904,0,-11190
106363,0,191488,-35904,0,-11190
106373,0,191488,-35904,0,-11190
106383,0,191488,-35904,0,-11190
106393,0,191488,-35904,0,-11190
106403,0,191488,-35904,0,-11190
106413,0,191488,-35904,0,-11190
106423,0,191488,-35904,0,-11190
106433,0,191488,-35904,0,-11190
106443,0,191488,-35904,0,-11190
106453,0,191488,-35904,0,-11190
106463,0,191488,-35904,0,-11190
106473,0,191488,-35904,0,-11190
106483,0,191488,-35904,0,-11190
106493,0,191488,-35904,0,-11190
106503,0,191488,-35904,0,-11190
106513,0,191488,-35904,0,-11190
106523,0,191488,-35904,0,-11190
106533,0,191488,-35904,0,-11190
106543,0,191488,-35904,0,-11190
106553,0,191488,-35904,0,-11190
106563,0,191488,-35904,0,-11190
106573,0,191488,-35904,0,-11190
106583,0,191488,-35904,0,-11190
106593,0,191488,-35904,0,-11190
106603,0,191488,-35904,0,-11190
106613,0,191488,-35904,0,-11190
106623,0,191488,-35904,0,-11190
106633,0,191488,-35904,0,-11190
106643,0,191488,-35904,0,-11190
106653,0,191488,-35904,0,-11190
106663,0,191488,-35904,0,-11190
106673,0,191488,-35904,0,-11190
106683,0,191488,-35904,0,-11190
106693,0,191488,-35904,0,-11190
106703,0,191488,-35904,0,-11190
106713,0,191488,-35904,0,-11190
106723,0,191488,-35904,0,-11190
106733,0,191488,-35904,0,-11190
106743,0,8192,-1216,0,-5680
106753,0,9216,-1368,0,-3381
106763,0,3072,-456,0,2370
106773,0,7168,-1064,0,-1786
106783,0,11264,-1672,0,-4445
106793,0,11264,-1672,0,-915
106803,0,15360,-2280,0,-7037
106813,0,11264,-1672,0,-2670
106823,0,8192,-1216,0,-46
106833,0,4096,-608,0,1729
106843,0,6144,-912,0,-1732
106853,0,6144,-912,0,-621
106863,0,7168,-1064,0,-1443
106873,0,-1024,152,0,5635
106883,0,12288,-1824,0,-10522
106893,0,-6144,912,0,7513
106903,0,16384,-2432,0,-10237
106913,0,18432,-2736,0,-10646
106923,0,7168,-1064,0,-57
106933,0,11264,-1672,0,-5204
106943,0,2048,-304,0,1878
106953,0,6144,-1824,0,-8233
106963,0,-3072,456,0,7737
106973,0,3072,-456,0,-251
106983,0,10240,-1520,0,-2161
106993,0,16384,-2432,0,-7870
107003,0,12288,-1824,0,1651
107013,0,-17408,2584,0,22515
107023,0,-2048,304,0,7396
107033,0,6144,-912,0,-6774
107043,0,-12288,1824,0,3026
107053,0,-38912,5776,0,21315
107063,0,-35840,5320,0,16865
107073,0,-18432,2736,0,10716
107083,0,-7168,1064,0,3794
107093,0,6144,-912,0,-8552
107103,0,-24576,3648,0,10551
107113,0,-52224,7752,0,22805
107123,0,-70656,10488,0,26184
107133,0,-26624,3952,0,-22692
107143,0,-115712,17176,0,49057
107153,0,-54272,8056,0,-16072
107163,0,-158720,23560,0,71151
107173,0,-74752,11096,0,-8660
107183,0,-138240,20520,0,36251
107193,0,-187392,27816,0,73614
107203,0,-138240,20520,0,28391
107213,0,-109568,16264,0,-4923
107223,0,-178176,26448,0,43700
107233,0,-199680,29640,0,51326
107243,0,-204800,30400,0,45225
107253,0,-247808,36784,0,79409
107263,0,-243712,36176,0,72576
107273,0,-260096,38608,0,79918
107283,0,-277504,41192,0,84088
107293,0,-306176,45448,0,98709
107303,0,-257024,38152,0,49237
107313,0,-195584,29032,0,10253
107323,0,-208896,31008,0,34505
107333,0,-234496,34808,0,69909
107343,0,-156672,30248,0,65969
107353,0,-136192,20216,0,39062
107363,0,-27648,4104,0,-3493
107373,0,68608,-10184,0,-19904
107383,0,102400,-15200,0,-4413
107393,6144,87040,-12008,234,18094
107403,6144,122880,-17328,234,-14041
107413,9216,83968,-11096,351,18288
107423,9216,20480,-1672,351,87466
107433,9216,-69632,11704,351,82299
107443,12288,-109568,18088,468,79517
107453,12288,-106496,17632,468,51292
107463,12288,-47104,8816,468,-11962
107473,12288,-30720,6384,468,-16782
107483,12288,-38912,7600,468,8116
107493,12288,-75776,13072,468,48711
107503,12288,-58368,10488,468,55717
107513,144384,-50176,28880,5507,71616
107523,144384,-40960,27512,5507,55117
107533,190464,-70656,38760,7265,89072
107543,190464,-88064,41344,7265,113033
107553,218112,-50176,39824,8320,93415
107563,246784,29696,32224,9414,46658
107573,252928,101376,22496,9648,29952
107583,252928,108544,21432,9648,69861
107593,266240,195584,10488,10156,35718
107603,272384,274432,-304,10390,7595
107613,269312,285696,-2432,10273,19375
107623,272384,166912,15656,10390,113066
107634,272384,149504,18240,10390,97376
107644,272384,167936,15504,10390,61091
107654,272384,123904,22040,10390,98022
107664,272384,163840,16112,10390,75258
107674,272384,270336,304,10390,17612
107684,272384,325632,-7904,10390,9796
107694,272384,259072,1976,10390,85992
107704,272384,243712,4256,10390,93359
107714,269312,269312,0,10273,60490
107724,269312,295936,-3952,10273,36320
107734,288768,230400,8664,11015,94735
107744,288768,215040,10944,11015,95363
107754,288768,250880,5624,11015,57903
107764,314368,292864,3192,11992,26890
107774,314368,279552,5016,11992,48031
107784,314368,269312,6688,11992,57711
107794,314368,297984,2432,11992,25057
107804,337920,280576,8512,12890,44092
107814,337920,317440,3040,12890,25127
107824,372736,342016,4560,14218,26614
107834,394240,274432,17784,15039,89384
107844,398336,287744,16416,15195,73388
107854,398336,301056,14440,15195,98338
107864,394240,192512,29944,15039,144211
107874,394240,222208,25536,15039,100833
107884,394240,202752,28424,15039,117928
107894,394240,250880,21280,15039,81298
107904,391168,293888,14440,14921,66218
107914,391168,310272,12008,14921,76726
107924,391168,375808,2280,14921,34538
107934,391168,355328,5320,14921,58015
107944,391168,379904,1672,14921,40925
107954,394240,362496,4712,15039,60467
107964,391168,312320,11704,14921,97032
107974,391168,364544,3952,14921,50330
107984,391168,329728,9120,14921,86269
107994,394240,339968,8056,15039,85431
108004,394240,431104,-5472,15039,31350
108014,394240,491520,-14440,15039,12791
108024,398336,478208,-11856,15195,40552
108034,398336,446464,-7144,15195,64875
108044,398336,451584,-10032,15195,41810
108054,394240,473088,-11704,15039,24312
108064,394240,462848,-10184,15039,24581
108074,394240,416768,-3344,15039,56160
108084,394240,349184,6688,15039,110183
108094,398336,362496,5320,15195,104203
108104,398336,385024,1976,15195,70681
108114,398336,433152,-5168,15195,29896
108124,398336,444416,-6840,15195,23038
108134,394240,456704,-9272,15039,15720
108144,394240,439296,-1672,15039,65626
108154,394240,402432,-1216,15039,69505
108164,394240,372736,3192,15039,86874
108174,398336,372736,3800,15195,77068
108184,398336,385024,1976,15195,58498
108194,398336,364544,760,15195,49370
108204,398336,367616,4560,15195,69858
108214,398336,432128,-5016,15195,7419
108224,394240,439296,-6688,15039,-277
108234,394240,433152,-5776,15039,6518
108244,391168,357376,5016,14921,73607
108254,391168,378880,1824,14921,57022
108264,376832,361472,2280,14375,67477
108274,324608,344064,-2888,12382,64911
108284,324608,330752,-912,12382,69484
108294,324608,313344,1672,12382,79896
108304,159744,306176,-21736,6093,43779
108314,159744,291840,-19608,6093,32412
108324,39936,263168,-33136,1523,-3150
108334,9216,171008,-24016,351,26570
108344,-4096,83968,-13072,-157,47463
108354,-4096,12288,-4104,-157,36699
108364,-4096,-66560,9272,-157,50971
108374,-7168,-163840,23256,-274,70205
108384,-7168,-261120,37696,-274,102225
108394,-37888,-317440,41496,-1446,95714
108404,-37888,-339968,44840,-1446,76719
108414,-37888,-346112,45752,-1446,32357
108424,-136192,-369664,34656,-5196,44322
108434,-136192,-384000,36784,-5196,46573
108444,-212992,-393216,26752,-8125,28669
108454,-282624,-393216,16416,-10782,4287
108464,-282624,-436224,22800,-10782,26585
108474,-366592,-466944,14896,-13985,14859
108484,-366592,-496640,19304,-13985,15295
108494,-484352,-551936,10032,-18477,14526
108504,-537600,-573440,5320,-20508,-4427
108514,-561152,-651264,13376,-21407,26473
108524,-585728,-679936,13984,-22344,10225
108534,-616448,-740352,18392,-23516,21872
108544,-616448,-794624,26448,-23516,31313
108554,-649216,-871424,32984,-24766,57567
108564,-684032,-867328,27208,-26094,21050
108574,-781312,-925696,21432,-29805,29668
108584,-781312,-952320,25384,-29805,48589
108594,-781312,-1041408,38608,-29805,86491
108604,-985088,-1096704,16568,-37579,74805
108614,-985088,-1102848,17480,-37579,54136
108624,-1033216,-1179648,21736,-39415,72536
108634,-1033216,-1241088,31312,-39415,84815
108644,-1033216,-1330176,44080,-39415,122774
108654,-1013760,-1370112,52896,-38672,118796
108664,-1013760,-1395712,56696,-38672,104657
108674,-1004544,-1409024,60040,-38321,87338
108684,-1004544,-1426432,62624,-38321,92607
108694,-994304,-1423360,63688,-37930,88515
108704,-994304,-1352704,53200,-37930,30907
108714,-985088,-1335296,51984,-37579,26401
108724,-985088,-1353728,54720,-37579,54748
108734,-985088,-1399808,62016,-37579,107009
108744,-985088,-1446912,68552,-37579,155568
108754,-966656,-1401856,64600,-36875,129086
108764,-966656,-1338368,55176,-36875,81608
108774,-966656,-1282048,46816,-36875,40152
108784,-957440,-1268736,46208,-36524,71926
108794,-957440,-1316864,53352,-36524,102125
108804,-948224,-1252352,45144,-36172,66422
108814,-948224,-1226752,41344,-36172,60840
108824,-948224,-1239040,43168,-36172,91662
108834,-948224,-1259520,46208,-36172,104976
108844,-948224,-1199104,37240,-36172,90101
108854,-948224,-1137664,28120,-36172,56701
108864,-590848,-1161216,84664,-22540,175370
108874,-590848,-1100800,75696,-22540,148240
108884,-590848,-1005568,61560,-22540,105788
108894,-590848,-986112,58672,-22540,143150
108904,-590848,-877568,42560,-22540,105203
108914,-590848,-768000,26296,-22540,68725
108924,-590848,-760832,25232,-22540,113951
108934,-585728,-713728,19000,-22344,112487
108944,-585728,-591872,912,-22344,44778
108954,-585728,-564224,-3192,-22344,59877
108965,-585728,-578560,-1064,-22344,99474
108975,-510976,-504832,-912,-19493,67714
108985,-484352,-423936,-8968,-18477,34236
108995,-472064,-463872,-1216,-18008,99194
109005,-472064,-412672,-8816,-18008,71319
109015,-436224,-345088,-13528,-16641,42131
109025,-436224,-301056,-20064,-16641,25429
109035,-392192,-324608,-10032,-14961,65754
109045,-343040,-271360,-10640,-13086,47253
109055,-343040,-182272,-23864,-13086,-3482
109065,-282624,-206848,-11248,-10782,51606
109075,-185344,-163840,-3192,-7071,56604
109085,-185344,-104448,-12008,-7071,31843
109095,-154624,-116736,-5624,-5899,67765
109105,-154624,-48128,-15808,-5899,38007
109115,-154624,22528,-26296,-5899,6590
109125,-126976,22528,-22192,-4844,33355
109135,-126976,22528,-22192,-4844,42832
109145,-105472,76800,-27056,-4024,10652
109155,-74752,51200,-18696,-2852,46701
109165,-74752,23552,-14592,-2852,65241
109175,-74752,94208,-25080,-2852,13067
109185,-22528,106496,-19152,-860,74300
109195,-22528,52224,-11096,-860,80898
109205,-10240,117760,-19000,-391,31392
109215,-10240,108544,-17632,-391,49950
109225,-4096,111616,-17176,-157,47790
109235,-4096,154624,-23560,-157,10078
109245,0,158720,-23560,0,5817
109255,0,198656,-29488,0,-25207
109265,0,205824,-30552,0,-33065
109275,0,100352,-14896,0,46657
109285,0,110592,-16416,0,15199
109295,0,75776,-11248,0,33198
109305,0,70656,-10488,0,12970
109315,0,73728,-10944,0,-17240
109325,0,-60416,8968,0,72318
109335,0,-79872,11856,0,51967
109345,0,-64512,9576,0,28289
109355,0,-39936,5928,0,4483
109365,0,-13312,1976,0,-16319
109375,0,-59392,8816,0,27333
109385,0,-119808,17784,0,70279
109395,0,-83968,12464,0,30952
109405,0,-118784,17632,0,57909
109415,0,-106496,15808,0,40083
109425,0,-47104,6992,0,-13063
109435,6144,-72704,11704,234,11697
109445,36864,-76800,16872,1406,27750
109455,89088,-30720,17784,3398,15360
109465,184320,27648,23256,7031,3869
109475,240640,97280,21280,9179,-13936
109485,278528,156672,18088,10625,-10779
109495,358400,167936,28272,13671,42760
109505,379904,202752,26296,14492,61206
109515,416768,240640,26144,15898,70573
109525,416768,287744,19152,15898,60681
109535,471040,327680,21280,17968,69418
109545,492544,326656,24624,18789,106001
109555,492544,393216,14744,18789,72883
109565,631808,479232,22648,24101,48450
109575,676864,553984,18240,25820,20539
109585,759808,612352,21888,28984,27786
109595,787456,684032,15352,30039,21694
109605,824320,686080,20520,31445,88732
109615,824320,758784,9728,31445,82989
109625,824320,836608,-1824,31445,58197
109635,886784,933888,-6992,33828,25114
109645,904192,997376,-13832,34492,-12260
109655,947200,1079296,-19608,36132,-18044
109665,1105920,1110016,-608,42187,22431
109675,1105920,1110016,-608,42187,60501
109685,1220608,1110016,16416,46562,117419
109695,1270784,1197056,10944,48476,89770
109705,1324032,1297408,3952,50507,59826
109715,1364992,1463296,-14592,52070,-15966
109725,1350656,1568768,-32376,51523,-54369
109735,1350656,1594368,-36176,51523,-22326
109745,1364992,1613824,-36936,52070,3122
109755,1364992,1666048,-44688,52070,-10699
109765,1513472,1718272,-30400,57734,-4780
109775,1545216,1770496,-33440,58945,-30201
109785,1716224,1770496,-8056,65468,9500
109795,1716224,1757184,-6080,65468,33153
109805,1734656,1730560,608,66171,76325
109815,1734656,1764352,-4408,66171,69548
109825,1868800,1832960,5320,71289,63383
109835,2035712,1899520,20216,77656,71583
109845,2035712,2019328,2432,77656,11853
109855,2057216,2013184,6536,78476,77420
109865,2057216,2099200,-6232,78476,61384
109875,2057216,2211840,-22952,78476,29146
109885,2035712,2307072,-40280,77656,1528
109895,2014208,2433024,-62168,76835,-56140
109905,2014208,2499584,-72048,76835,-69968
109915,2014208,2523136,-75544,76835,-70465
109925,1992704,2461696,-69616,76015,-9732
109935,1992704,2477056,-71896,76015,-2102
109945,1992704,2461696,-69616,76015,-9679
109955,1992704,2446336,-67336,76015,-7715
109965,1971200,2453504,-71592,75195,-41035
109975,1971200,2465792,-73416,75195,-72196
109985,1971200,2436096,-69008,75195,-65322
109995,1971200,2393088,-62624,75195,-52651
110005,1577984,2321408,-110352,60195,-88874
110015,1594368,2251776,-97584,60820,-54521
110025,1594368,2187264,-88008,60820,-42999
110035,1594368,2105344,-75848,60820,-33078
110045,1577984,2021376,-65816,60195,-28824
110055,1545216,1978368,-64296,58945,-65666
110065,1545216,1933312,-57608,58945,-84514
110075,1406976,1828864,-62624,53671,-73037
110085,1406976,1679360,-40432,53671,-5756
110095,1337344,1585152,-36784,51015,-1625
110105,1324032,1477632,-22800,50507,17696
110115,1324032,1437696,-16872,50507,-17429
110125,1337344,1359872,-3344,51015,-7858
110135,1324032,1211392,16720,50507,58730
110146,1270784,1102848,24928,48476,87006
110156,1245184,1038336,30704,47500,83850
110166,1161216,1016832,21432,44296,41503
110176,1094656,997376,14440,41757,10940
110186,1094656,914432,26752,41757,54856
110196,584704,806912,-32984,22304,11918
110206,584704,720896,-20216,22304,27326
110216,401408,646144,-36328,15312,-16245
110226,355328,525312,-25232,13554,-2689
110236,215040,396288,-26904,8203,-16778
110246,168960,245760,-11400,6445,32580
110256,153600,18432,20064,5859,86013
110266,39936,-112640,22648,1523,63102
110276,0,-232448,34504,0,66524
110286,-10240,-312320,44840,-391,48302
110296,-10240,-418816,60648,-391,69530
110306,-10240,-513024,74632,-391,92231
110316,-13312,-652288,94848,-508,174949
110326,-13312,-697344,101536,-508,184970
110336,-13312,-658432,95760,-508,130654
110346,-19456,-592896,85120,-743,77344
110356,-16384,-581632,83904,-625,85785
110366,-19456,-586752,91048,-743,140869
110376,-19456,-598016,85880,-743,118718
110386,-25600,-517120,72960,-977,63315
110396,-53248,-485376,64144,-2032,49631
110406,-53248,-523264,69768,-2032,98035
110416,-53248,-485376,64144,-2032,83728
110426,-182272,-462848,41648,-6954,53565
110436,-191488,-454656,39064,-7305,60470
110446,-191488,-508928,43472,-7305,96727
110456,-273408,-498688,33440,-10430,94491
110466,-273408,-471040,29336,-10430,65199
110476,-322560,-529408,30704,-12305,101804
110486,-343040,-599040,38000,-13086,136428
110496,-385024,-593920,31008,-14688,95438
110506,-385024,-593920,31008,-14688,76575
110516,-424960,-721920,44080,-16211,155236
110526,-424960,-712704,42712,-16211,115973
110536,-456704,-698368,35872,-17422,78621
110546,-476160,-772096,43928,-18165,123431
110556,-519168,-801792,41952,-19805,120272
110566,-532480,-765952,34656,-20313,76141
110576,-570368,-776192,30552,-21758,70444
110586,-585728,-868352,41952,-22344,131134
110596,-585728,-844800,38456,-22344,97619
110606,-616448,-858112,35872,-23516,87698
110616,-616448,-948224,49248,-23516,141228
110626,-632832,-919552,42560,-24141,93655
110636,-632832,-957440,48184,-24141,114523
110646,-714752,-1018880,45144,-27266,129674
110656,-714752,-974848,38608,-27266,81175
110666,-1033216,-1048576,2280,-39415,75440
110676,-1033216,-1085440,7752,-39415,82219
110686,-1285120,-1102848,-27056,-49024,17451
110696,-1285120,-1226752,-8664,-49024,74147
110706,-1482752,-1313792,-25080,-56563,48497
110716,-1546240,-1367040,-26600,-58985,11648
110726,-1646592,-1532928,-16872,-62813,58362
110736,-1681408,-1659904,-3192,-64141,74505
110746,-1681408,-1751040,10336,-64141,64951
110756,-1681408,-1894400,31616,-64141,139851
110766,-1681408,-2069504,57608,-64141,152920
110776,-1681408,-2109440,63536,-64141,114895
110786,-1681408,-2186240,74936,-64141,124135
110796,-1681408,-2279424,88768,-64141,151750
110806,-1681408,-2282496,89224,-64141,119994
110816,-1664000,-2323456,97888,-63477,136264
110826,-1664000,-2333696,99408,-63477,134535
110836,-1664000,-2297856,94088,-63477,106146
110846,-1664000,-2339840,100320,-63477,146738
110856,-1664000,-2321408,97584,-63477,137658
110866,-1664000,-2326528,98344,-63477,149185
110876,-1664000,-2362368,103664,-63477,191721
110886,-1664000,-2302976,94848,-63477,156970
110896,-1611776,-2291712,100928,-61485,177425
110906,-1595392,-2307072,105640,-60860,213998
110916,-1579008,-2240512,98192,-60235,183498
110926,-1579008,-2244608,98800,-60235,224726
110936,-1529856,-2149376,91960,-58360,186647
110946,-1529856,-2071552,80408,-58360,163396
110956,-1529856,-2065408,79496,-58360,204679
110966,-1482752,-1936384,67336,-56563,152012
110976,-1482752,-1892352,60800,-56563,176750
110986,-1437696,-1815552,56088,-54844,164703
110996,-1437696,-1721344,42104,-54844,129127
111006,-1379328,-1748992,54872,-52618,198140
111016,-1379328,-1628160,36024,-52618,127992
111026,-1271808,-1605632,49552,-48516,176354
111036,-1271808,-1506304,34808,-48516,131690
111046,-1271808,-1420288,22040,-48516,107116
111056,-1271808,-1412096,20824,-48516,143016
111066,-1271808,-1313792,4864,-48516,97025
111076,-1128448,-1303552,25992,-43047,160527
111086,-1128448,-1250304,18088,-43047,143659
111096,-760832,-1192960,64144,-29024,193492
111106,-580608,-1175552,88312,-22149,245936
111116,-580608,-1060864,71288,-22149,176661
111126,-580608,-975872,58672,-22149,197927
111136,-219136,-786432,84208,-8360,197923
111146,-191488,-687104,73568,-7305,219793
111156,-191488,-518144,48488,-7305,190100
111166,-99328,-322560,33136,-3790,175846
111176,-90112,-217088,18848,-3438,195198
111186,-90112,11264,-15048,-3438,113449
111196,-90112,79872,-25232,-3438,161541
111206,-90112,263168,-52440,-3438,84716
111216,-90112,309248,-59280,-3438,122397
111226,-90112,412672,-74632,-3438,75667
111236,-87040,503808,-87704,-3321,32546
111246,-87040,436224,-77672,-3321,105399
111256,-77824,484352,-83448,-2969,56140
111266,-77824,470016,-81320,-2969,55784
111276,-77824,398336,-70680,-2969,82772
111286,-37888,382976,-62472,-1446,55728
111296,-4096,288768,-43472,-157,91558
111306,-4096,191488,-29032,-157,109217
111316,0,159744,-23712,0,78222
111326,0,90112,-13376,0,91509
111336,6144,110592,-15504,234,36050
111346,52224,80896,-4256,1992,40831
111356,52224,71680,-2888,1992,34954
111366,202752,94208,16112,7734,86749
111376,202752,-13312,32072,7734,131261
111386,202752,44032,23560,7734,82774
111396,202752,15360,27816,7734,119387
111406,471040,119808,52136,17968,91299
111416,500736,119808,55480,19101,111931
111426,500736,207872,43472,19101,70617
111436,780288,203776,85576,29765,169658
111446,896000,284672,90744,34179,161813
111456,896000,333824,83448,34179,185458
111466,1392640,510976,130872,53125,195281
111476,1392640,615424,115368,53125,203152
111486,1392640,887808,74936,53125,93018
111496,1908736,1086464,122056,72812,165565
111506,2446336,1361920,160968,93320,196019
111516,2554880,1562624,147288,97460,225100
111526,2787328,1870848,136040,106328,216795
111536,2787328,2159616,93176,106328,170136
111546,2879488,2432000,66424,109843,181817
111556,2879488,2788352,13528,109843,89090
111566,2879488,3012608,-19760,109843,96142
111577,2974720,3326976,-52288,113476,22983
111587,3040256,3484672,-65968,115976,38389
111597,3074048,3673088,-88920,117265,-784
111607,3141632,3691520,-81624,119843,78128
111617,3141632,3818496,-100472,119843,18009
111627,3107840,3810304,-104272,118554,57227
111637,3107840,3867648,-112784,118554,8740
111647,3141632,3895296,-111872,119843,-10517
111657,3175424,3854336,-100776,121132,16169
111667,3175424,3845120,-99408,121132,3927
111677,3175424,3692544,-76760,121132,97963
111687,3246080,3679232,-64296,123828,69232
111697,3210240,3656704,-66272,122460,38042
111707,3210240,3605504,-58672,122460,43923
111717,3210240,3575808,-54264,122460,40959
111727,3210240,3551232,-50616,122460,32047
111737,3175424,3475456,-44536,121132,96528
111747,3175424,3377152,-29944,121132,113788
111757,3175424,3400704,-33440,121132,63358
111767,3141632,3380224,-35416,119843,54645
111777,3074048,3376128,-44840,117265,28116
111787,2974720,3382272,-60496,113476,-12129
111797,2974720,3295232,-47576,113476,39173
111807,2974720,3211264,-35112,113476,74088
111817,2446336,3187712,-110048,93320,-45232
111827,2446336,3110912,-98648,93320,-8269
111837,1561600,2982912,-210976,59570,-133874
111847,665600,2864128,-326344,25390,-304537
111857,549888,2623488,-307800,20976,-272565
111867,549888,2253824,-252928,20976,-187096
111877,285696,1794048,-223896,10898,-119587
111887,144384,1238016,-162336,5507,7282
111897,92160,841728,-111264,3515,13486
111907,6144,509952,-74784,234,1366
111917,-4096,215040,-32528,-157,-10544
111927,-4096,-31744,4104,-157,-14555
111937,-4096,-326656,47880,-157,54628
111947,-4096,-595968,87856,-157,132807
111957,-4096,-707584,104424,-157,113058
111967,-28672,-794624,113696,-1094,95229
111977,-71680,-902144,123272,-2735,121647
111987,-71680,-943104,129352,-2735,124704
111997,-185344,-931840,110808,-7071,83795
112007,-250880,-993280,110200,-9571,113554
112017,-312320,-932864,92112,-11915,60406
112027,-312320,-976896,98648,-11915,118430
112037,-312320,-962560,96520,-11915,110900
112047,-312320,-961536,96368,-11915,118370
112057,-809984,-1047552,31920,-30899,70885
112067,-1095680,-1043456,-7752,-41797,8883
112077,-1095680,-1141760,6840,-41797,54918
112087,-1379328,-1228800,-22344,-52618,7040
112097,-1379328,-1344512,-5168,-52618,23691
112107,-1379328,-1515520,20216,-52618,72665
112117,-2058240,-1653760,-60040,-78516,-49608
112127,-2268160,-1798144,-69768,-86524,-92453
112137,-2555904,-2089984,-69160,-97500,-43215
112147,-2555904,-2339840,-32072,-97500,-2903
112157,-2698240,-2611200,-12920,-102930,17434
112167,-2698240,-2997248,44384,-102930,143555
112177,-2698240,-3239936,80408,-102930,158075
112187,-2727936,-3420160,102752,-104063,128500
112197,-2727936,-3637248,134976,-104063,174695
112207,-2727936,-3755008,152456,-104063,163203
112217,-2727936,-3827712,163248,-104063,137745
112227,-2698240,-3917824,181032,-102930,160370
112237,-2698240,-3968000,188480,-102930,160011
112247,-2698240,-4012032,195016,-102930,167260
112257,-2727936,-4045824,195624,-104063,153688
112267,-2727936,-4029440,193192,-104063,161952
112277,-2727936,-4079616,200640,-104063,203181
112287,-2727936,-4067328,198816,-104063,192211
112297,-2727936,-4055040,196992,-104063,190532
112307,-2727936,-4050944,196384,-104063,215642
112317,-2727936,-3970048,184376,-104063,179916
112327,-2698240,-3963904,187872,-102930,228022
112337,-2698240,-3904512,179056,-102930,214675
112347,-2757632,-3843072,161120,-105196,192768
112357,-2727936,-3842048,165376,-104063,237038
112367,-2727936,-3728384,148504,-104063,172260
112377,-2757632,-3744768,146528,-105196,218824
112387,-2757632,-3695616,139232,-105196,198338
112397,-2788352,-3654656,128592,-106368,183607
112407,-2788352,-3683328,132848,-106368,213240
112417,-2848768,-3619840,114456,-108672,188238
112427,-2848768,-3587072,109592,-108672,200450
112437,-2848768,-3536896,96976,-108672,178017
112447,-2848768,-3407872,82992,-108672,155874
112457,-2818048,-3402752,86792,-107500,215152
112467,-2698240,-3292160,88160,-102930,182477
112477,-2698240,-3229696,78888,-102930,172571
112487,-2698240,-3208192,75696,-102930,186038
112497,-1869824,-3154944,190760,-71329,320639
112507,-1869824,-3118080,185288,-71329,344266
112517,-1869824,-2947072,159904,-71329,281898
112527,-940032,-2718720,264024,-35860,417815
112537,-940032,-2482176,228912,-35860,351246
112547,-940032,-2107392,173280,-35860,244476
112557,-459776,-1812480,200792,-17540,321075
112567,-459776,-1324032,128288,-17540,173571
112577,-459776,-1009664,76456,-17540,141741
112587,3072,-605184,90288,117,167949
112597,3072,-316416,47424,117,164035
112607,3072,-118784,18088,117,183826
112617,3072,126976,-18392,117,145698
112627,0,264192,-39216,0,167208
112637,0,369664,-54872,0,192404
112647,0,591872,-87856,0,97606
112657,0,713728,-105944,0,70876
112667,0,785408,-116584,0,67153
112677,0,878592,-130416,0,20095
112687,0,877568,-130264,0,28768
112697,0,846848,-125704,0,41423
112707,3072,869376,-128592,117,-1431
112717,3072,834560,-123424,117,-11598
112727,9216,736256,-107920,351,20621
112737,9216,684032,-100168,351,3242
112747,98304,580608,-71592,3750,37444
112757,98304,423936,-48336,3750,94453
112767,314368,367616,-7904,11992,101614
112777,358400,277504,12008,13671,126340
112787,405504,174080,34352,15468,175548
112797,428032,209920,32376,16328,114676
112807,428032,228352,29640,16328,101451
112817,527360,286720,35720,20117,84915
112827,527360,361472,24624,20117,43018
112837,615424,401408,31768,23476,59958
112847,631808,479232,22648,24101,32523
112858,642048,481280,23864,24492,68455
112868,642048,512000,19304,24492,71715
112878,648192,548864,14744,24726,62746
112888,659456,481280,26448,25156,130331
112898,659456,526336,19760,25156,100488
112908,929792,545792,57000,35468,151423
112918,929792,652288,41192,35468,82375
112928,929792,677888,37392,35468,95266
112938,1284096,731136,82080,48984,180551
112948,1284096,933888,51984,48984,81806
112958,1406976,1036288,55024,53671,106953
112968,1406976,1167360,35568,53671,106852
112978,1422336,1345536,11400,54257,31806
112988,1422336,1468416,-6840,54257,45547
112998,1422336,1550336,-19000,54257,71484
113008,1422336,1733632,-46208,54257,-18311
113018,1452032,1727488,-40888,55390,53231
113028,1452032,1847296,-58672,55390,-4476
113038,1452032,1905664,-67336,55390,-20835
113048,1466368,1867776,-59584,55937,29544
113058,1466368,1927168,-68400,55937,-26702
113068,1481728,1792000,-46056,56523,68614
113078,1466368,1826816,-53504,55937,-2650
113088,1466368,1661952,-29032,55937,78628
113098,1466368,1641472,-25992,55937,47590
113108,1466368,1615872,-22192,55937,30154
113118,1466368,1510400,-6536,55937,95383
113128,1513472,1572864,-8816,57734,23321
113138,1610752,1560576,7448,61445,53959
113148,1868800,1611776,38152,71289,76723
113158,2014208,1610752,59888,76835,146766
113168,2148352,1800192,51680,81953,58141
113178,2171904,1831936,50464,82851,102656
113188,2171904,1996800,25992,82851,46018
113198,2148352,2055168,13832,81953,84227
113208,2148352,2308096,-23712,81953,-46369
113218,2148352,2383872,-34960,81953,-24850
113228,2195456,2472960,-41192,83750,-19313
113238,2242560,2471936,-34048,85546,32089
113248,2446336,2587648,-20976,93320,7527
113258,2697216,2620416,11400,102890,69458
113268,3007488,2706432,44688,114726,111861
113278,3074048,2782208,43320,117265,82948
113288,3074048,2965504,16112,117265,46245
113298,3040256,3078144,-5624,115976,41315
113308,3040256,3266560,-33592,115976,-5214
113318,2974720,3442688,-69464,113476,-56890
113328,2974720,3540992,-78432,113476,-19004
113338,2974720,3494912,-77216,113476,27882
113348,2668544,3582976,-135736,101796,-87294
113358,2668544,3506176,-124336,101796,-31949
113368,2638848,3425280,-116736,100664,-17996
113378,2668544,3311616,-95456,101796,16786
113388,2668544,3217408,-81472,101796,30051
113398,2668544,3129344,-68400,101796,46764
113408,2668544,3119104,-66880,101796,-3600
113418,2499584,3134464,-94240,95351,-60894
113428,2499584,3050496,-81776,95351,-7783
113438,1971200,3123200,-171000,75195,-185485
113448,1971200,2974720,-148960,75195,-91003
113458,1971200,2888704,-136192,75195,-93753
113468,808960,2742272,-286976,30859,-272802
113478,808960,2515968,-253384,30859,-203523
113488,462848,2259968,-266760,17656,-226713
113498,365568,1907712,-228912,13945,-155705
113508,147456,1511424,-202464,5625,-123025
113518,147456,1207296,-157320,5625,-123666
113528,0,708608,-105184,0,-4477
113538,0,504832,-74936,0,-91015
113548,-4096,89088,-13832,-157,37767
113558,-4096,-54272,7448,-157,-45796
113568,-7168,-316416,45904,-274,23727
113578,-19456,-485376,69160,-743,29762
113588,-53248,-660480,90136,-2032,32071
113598,-185344,-704512,77064,-7071,8448
113608,-253952,-903168,96368,-9688,99799
113618,-325632,-890880,83904,-12422,31224
113628,-322560,-976896,97128,-12305,77603
113638,-322560,-998400,100320,-12305,88209
113648,-319488,-1004544,101688,-12188,88164
113658,-319488,-985088,98800,-12188,80440
113668,-319488,-945152,92872,-12188,68750
113678,-312320,-932864,92112,-11915,109129
113688,-312320,-779264,69312,-11915,11653
113698,-312320,-794624,71592,-11915,68160
113708,-312320,-708608,58824,-11915,33481
113718,-309248,-749568,65360,-11797,102302
113728,-309248,-629760,47576,-11797,19063
113738,-309248,-663552,52592,-11797,69739
113748,-309248,-626688,47120,-11797,59852
113758,-309248,-577536,39824,-11797,31894
113768,-309248,-601088,43320,-11797,70687
113778,-319488,-585728,39520,-12188,64174
113788,-319488,-604160,42256,-12188,101176
113798,-319488,-521216,29944,-12188,39374
113808,-456704,-567296,16416,-17422,62033
113818,-484352,-568320,12464,-18477,49098
113828,-606208,-633856,4104,-23125,78378
113838,-637952,-609280,-4256,-24336,31823
113848,-684032,-617472,-9880,-26094,14523
113858,-1013760,-659456,-52592,-38672,-37190
113868,-1013760,-694272,-47424,-38672,-39785
113878,-1467392,-864256,-89528,-55977,-26184
113888,-1546240,-922624,-92568,-58985,-83870
113898,-1754112,-1073152,-101080,-66915,-99555
113908,-1950720,-1314816,-94392,-74415,-64639
113919,-1950720,-1610752,-50464,-74415,4063
113929,-1950720,-1997824,6992,-74415,129718
113939,-2612224,-2246656,-54264,-99649,-1551
113949,-2698240,-2463744,-34808,-102930,-26799
113959,-2698240,-2724864,3952,-102930,22696
113969,-2912256,-2983936,10640,-111094,26857
113979,-2912256,-3287040,59128,-111094,128907
113989,-3281920,-3453952,25536,-125196,19772
113999,-3618816,-3647488,4256,-138047,-31891
114009,-3779584,-3836928,8512,-144180,-40187
114019,-3779584,-4040704,38760,-144180,2122
114029,-3738624,-4331520,88008,-142618,105958
114039,-3738624,-4470784,108680,-142618,81358
114049,-3738624,-4660224,136800,-142618,115897
114059,-3779584,-4760576,145616,-144180,84430
114069,-3738624,-4931584,177080,-142618,149310
114079,-3779584,-5074944,192280,-144180,172989
114089,-3779584,-5138432,201704,-144180,205124
114099,-3820544,-5228544,209000,-145743,191830
114109,-3820544,-5266432,214624,-145743,185916
114119,-3820544,-5288960,217968,-145743,180759
114129,-4165632,-5271552,164160,-158907,94336
114139,-4165632,-5297152,167960,-158907,113616
114149,-3658752,-5280768,240768,-139571,200253
114159,-3247104,-5356544,313120,-123868,335642
114169,-3247104,-5228544,294120,-123868,262087
114179,-2058240,-5127168,455544,-78516,474901
114189,-2058240,-4811776,408728,-78516,357485
114199,-1139712,-4433920,488984,-43477,432534
114209,-768000,-4005888,479256,-29297,438334
114219,-768000,-3410944,392312,-29297,294831
114229,-768000,-2835456,306888,-29297,217362
114239,-74752,-2341888,336528,-2852,321960
114249,-40960,-1842176,267368,-1563,280922
114259,0,-1443840,214320,0,306873
114269,0,-955392,141816,0,202114
114279,6144,-592896,88920,234,197593
114289,6144,-199680,30552,234,123983
114299,138240,74752,9424,5273,155402
114309,172032,373760,-29944,6562,119001
114319,172032,565248,-58368,6562,123613
114329,308224,792576,-71896,11757,106774
114339,372736,903168,-78736,14218,150256
114349,416768,1126400,-105336,15898,72903
114359,416768,1221632,-119472,15898,87913
114369,564224,1352704,-117040,21523,60346
114379,636928,1441792,-119472,24296,43303
114389,752640,1404928,-96824,28710,114368
114399,752640,1477632,-107616,28710,41060
114409,752640,1477632,-107616,28710,140401
114419,1173504,1420288,-36632,44765,140547
114429,1545216,1482752,9272,58945,148902
114439,1645568,1473536,25536,62773,300245
114449,2317312,1549312,114000,88398,278223
114459,2499584,1714176,116584,95351,244951
114469,2942976,1892352,155952,112265,288452
114479,2942976,2233344,105336,112265,167150
114489,3540992,2461696,160208,135078,271718
114499,3778560,2867200,135280,144140,194834
114509,4301824,3137536,172824,164101,270469
114519,4443136,3574784,128896,169492,209804
114529,4687872,3968000,106856,178828,204415
114539,4687872,4385792,44840,178828,132988
114549,4687872,4785152,-14440,178828,97270
114559,5160960,5173248,-1824,196875,120146
114569,5160960,5437440,-41040,196875,149298
114579,5160960,5772288,-90744,196875,70486
114589,5327872,5929984,-89376,203242,135033
114599,5384192,6210560,-122664,205390,42683
114609,5384192,6323200,-139384,205390,57756
114619,5384192,6471680,-161424,205390,2943
114629,5160960,6567936,-208848,196875,-62980
114639,5160960,6549504,-206112,196875,-8887
114649,3778560,6576128,-415264,144140,-291305
114659,3778560,6514688,-406144,144140,-276525
114669,3210240,6300672,-458736,122460,-304416
114679,3210240,5945344,-405992,122460,-175705
114689,2942976,5517312,-382128,112265,-146504
114699,2668544,5107712,-362064,101796,-159244
114709,2102272,4679680,-382584,80195,-211391
114719,2102272,4185088,-309168,80195,-116145
114729,1545216,3717120,-322392,58945,-139500
114739,1258496,3279872,-300048,48007,-164483
114749,1258496,2908160,-244872,48007,-182586
114759,1116160,2465792,-200336,42578,-149047
114769,1094656,1885184,-117344,41757,10336
114779,993280,1536000,-80560,37890,-34947
114789,993280,1223680,-34200,37890,-40818
114799,816128,877568,-9120,31132,-24666
114809,794624,533504,38760,30312,61670
114819,794624,338944,67640,30312,28425
114829,636928,180224,67792,24296,-17899
114839,636928,-36864,100016,24296,53998
114849,479232,-214016,102904,18281,75576
114859,479232,-267264,110808,18281,52442
114869,479232,-366592,125552,18281,95869
114879,479232,-372736,126464,18281,76495
114889,218112,-389120,90136,8320,65125
114899,218112,-479232,103512,8320,118261
114909,218112,-442368,98040,8320,96135
114919,221184,-444416,98800,8437,114720
114929,221184,-393216,91200,8437,80321
114939,221184,-336896,82840,8437,54188
114949,202752,-371712,85272,7734,104132
114959,202752,-296960,74176,7734,73123
114969,202752,-323584,78128,7734,127049
114979,275456,-268288,80712,10507,112740
114989,308224,-211968,77216,11757,98971
114999,308224,-141312,66728,11757,78660
115009,462848,-55296,76912,17656,78502
115019,462848,-39936,74632,17656,101402
115029,707584,75776,93784,26992,102856
115039,801792,59392,110200,30585,184129
115049,1022976,234496,117040,39023,141580
115059,1062912,279552,116280,40546,192253
115069,1062912,466944,88464,40546,121361
115079,1062912,591872,69920,40546,122598
115089,1012736,741376,40280,38632,88638
115099,896000,850944,6688,34179,60585
115109,846848,936960,-13376,32304,48893
115119,794624,991232,-31920,30312,21826
115129,794624,1042432,-36784,30312,21944
115139,794624,1006592,-31464,30312,52128
115149,824320,1010688,-27664,31445,53008
115159,824320,918528,-13984,31445,110054
115169,759808,939008,-26600,28984,60369
115179,600064,916480,-46968,22890,32797
115189,509952,947200,-64904,19453,-32187
115199,462848,891904,-63688,17656,-22074
115209,334848,856064,-77368,12773,-57555
115219,305152,653312,-51680,11640,49328
115229,305152,583680,-41344,11640,30997
115240,172032,451584,-41496,6562,42642
115250,172032,313344,-20976,6562,73335
115260,172032,234496,-9272,6562,41443
115270,3072,73728,-10488,117,50779
115280,3072,-31744,5168,117,48967
115290,3072,-126976,19304,117,53328
115300,-4096,-291840,42712,-157,121051
115310,-4096,-327680,48032,-157,83611
115320,-47104,-486400,65208,-1797,163323
115330,-83968,-494592,60952,-3204,119212
115340,-173056,-468992,43928,-6602,63045
115350,-185344,-516096,49096,-7071,98824
115360,-270336,-500736,34200,-10313,52371
115370,-306176,-560128,37696,-11680,71846
115380,-306176,-591872,42408,-11680,74524
115390,-448512,-628736,26752,-17110,39658
115400,-448512,-762880,46664,-17110,95188
115410,-637952,-831488,28728,-24336,56455
115420,-671744,-953344,41800,-25625,80713
115430,-671744,-1133568,68552,-25625,150196
115440,-1453056,-1195008,-38304,-55430,-30215
115450,-1453056,-1422336,-4560,-55430,75960
115460,-2368512,-1561600,-119776,-90352,-92008
115470,-3211264,-1728512,-220096,-122500,-242761
115480,-4120576,-2110464,-298376,-157188,-272453
115490,-5500928,-2591744,-431832,-209844,-406234
115500,-5922816,-3249152,-396872,-225938,-345123
115510,-6241280,-4092928,-318896,-238086,-188693
115520,-6241280,-5030912,-179664,-238086,12249
115530,-6241280,-5817344,-62928,-238086,72028
115540,-6112256,-6535168,62776,-233165,173890
115550,-6048768,-7116800,158536,-230743,211509
115560,-6048768,-7566336,225264,-230743,263468
115570,-6926336,-7855104,137864,-264219,68370
115580,-6926336,-8030208,163856,-264219,14581
115590,-8588288,-8310784,-41192,-327618,-228612
115600,-9688064,-8690688,-148048,-369571,-329404
115610,-12143616,-9279488,-425144,-463243,-599397
115620,-12143616,-10232832,-283632,-463243,-293472
115630,-9883648,-11363328,219640,-377032,403251
115640,-9883648,-12367872,368752,-377032,572105
115650,-6999040,-12870656,871568,-266993,957062
115660,-4396032,-12761088,1241688,-167696,1144480
115670,-1423360,-11800576,1540368,-54297,1134564
115680,-1423360,-10412032,1334256,-54297,668396
115690,-191488,-9007104,1308568,-7305,662583
115700,-117760,-7584768,1108384,-4493,494579
115710,-117760,-6329344,922032,-4493,420923
115720,0,-5307392,787816,0,394935
115730,0,-4199424,623352,0,360822
115740,9216,-3128320,465728,351,247059
115750,82944,-2109440,325432,3164,114285
115760,82944,-1370112,215688,3164,159891
115770,82944,-776192,172064,14375,243002
115780,376832,-338944,106248,14375,240178
115790,376832,52224,48184,14375,242794
115800,376832,494592,-17480,14375,157917
115810,631808,820224,-27968,24101,202619
115820,695296,1212416,-76760,26523,140170
115830,695296,1572864,-130264,26523,52642
115840,695296,1859584,-172824,26523,19311
115850,1929216,2191360,-38912,73593,156788
115860,2219008,2398208,-26600,84648,220800
115870,2942976,2784256,23560,112265,238703
115880,3175424,3065856,16264,121132,235881
115890,5499904,3476480,300352,209804,602998
115900,6998016,3913728,457824,266953,772301
115910,6998016,4476928,374224,266953,626997
115920,10080256,5416960,692208,384531,927908
115930,10080256,6682624,504336,384531,585924
115940,12988416,8004608,739784,495468,859257
115950,13114368,9547776,529416,500273,576862
115960,13114368,11098112,299288,500273,337163
115970,9882624,12434432,-378784,376992,-443533
115980,6713344,13370368,-988152,256093,-1056727
115990,6713344,13583360,-1019768,256093,-946520
116000,6713344,12947456,-925376,256093,-462617
116010,2756608,11773952,-1330304,105156,-681888
116020,1645568,10332160,-1289416,62773,-547886
116030,1258496,8806400,-1120392,48007,-418832
116040,620544,7201792,-976904,23671,-266707
116050,496640,5751808,-780064,18945,-145999
116060,496640,4563968,-603744,18945,-149574
116070,266240,3366912,-460256,10156,-31078
116080,266240,2418688,-319504,10156,-13605
116090,132096,1704960,-233472,5039,-131506
116100,132096,959488,-122816,5039,-13987
116110,0,393216,-58368,0,-52699
116120,0,-158720,23560,0,20269
116130,0,-652288,96824,0,70968
116140,0,-1037312,153976,0,114030
116150,0,-1475584,219032,0,227336
116160,0,-1572864,233472,0,138183
116170,0,-1677312,248976,0,174988
116180,0,-1647616,244568,0,171938
116190,0,-1581056,234688,0,173404
116200,0,-1523712,226176,0,196539
116210,0,-1397760,207480,0,157083
116220,0,-1371136,203528,0,193747
116230,0,-1267712,188176,0,196185
116240,0,-1146880,170240,0,172403
116250,-4096,-1010688,149416,-157,163832
116260,-4096,-844800,124792,-157,94358
116270,-4096,-708608,104576,-157,117106
116280,-4096,-566272,83448,-157,81632
116290,-4096,-538624,79344,-157,113633
116300,-4096,-497664,73264,-157,109914
116310,-7168,-493568,72200,-274,122583
116320,-7168,-486400,71136,-274,129430
116330,-25600,-450560,63080,-977,123839
116340,-59392,-484352,63080,-2266,169427
116350,-99328,-381952,41952,-3790,98016
116360,-99328,-416768,47120,-3790,157069
116370,-99328,-368640,39976,-3790,130554
116380,-99328,-388096,42864,-3790,172635
116390,-99328,-371712,40432,-3790,174174
116400,-191488,-329728,20520,-7305,127708
116410,-191488,-366592,22800,-7305,150274
116420,-260096,-297984,5624,-9922,101667
116430,-370688,-295936,-11096,-14141,81110
116440,-497664,-325632,-25536,-18985,78530
116450,-601088,-305152,-43928,-22930,25953
116460,-1024000,-390144,-94088,-39063,-9199
116470,-1095680,-491520,-89680,-41797,3005
116480,-1698816,-575488,-166744,-64805,-126721
116490,-1698816,-793600,-134368,-64805,-61752
116501,-1698816,-972800,-107768,-64805,-44595
116511,-2447360,-1247232,-178144,-93360,-124685
116521,-2447360,-1618944,-122968,-93360,-10277
116531,-3211264,-1983488,-182248,-122500,-69808
116541,-3390464,-2282496,-164464,-129336,-107424
116551,-3390464,-2723840,-98952,-129336,12723
116561,-2788352,-3109888,47728,-106368,174680
116571,-2583552,-3372032,117040,-98555,209922
116581,-1717248,-3545088,271320,-65508,342829
116591,-1717248,-3553280,272536,-65508,258267
116601,-637952,-3482624,422256,-24336,415461
116611,-565248,-3209216,392464,-21563,299601
116621,-565248,-2835456,336984,-21563,163070
116631,-200704,-2521088,344432,-7657,185730
116641,-133120,-2119680,294880,-5079,145005
116651,-117760,-1832960,254600,-4493,176072
116661,-117760,-1467392,200336,-4493,103693
116671,-10240,-1282048,188784,-391,198306
116681,-10240,-953344,144552,-391,159138
116691,36864,-805888,125096,1406,189145
116701,36864,-550912,87248,1406,132850
116711,184320,-358400,80560,7031,135301
116721,184320,-167936,52288,7031,112060
116731,318464,7168,46208,12148,112421
116741,324608,177152,21888,12382,92895
116751,314368,331776,-2584,11992,73733
116761,314368,447488,-19760,11992,80843
116771,314368,550912,-35112,11992,77198
116781,215040,609280,-58520,8203,89315
116791,215040,698368,-71744,8203,54929
116801,215040,749568,-79344,8203,36338
116811,159744,804864,-95760,6093,-14254
116821,122880,822272,-103816,4687,-45054
116831,122880,728064,-89832,4687,17274
116841,122880,677888,-82384,4687,-4426
116851,122880,547840,-63080,4687,40175
116861,0,503808,-74784,0,-25579
116871,0,381952,-56696,0,-872
116881,0,261120,-38760,0,19874
116891,0,169984,-25232,0,22524
116901,0,34816,-5168,0,57289
116911,0,11264,-1672,0,6426
116921,0,-121856,18088,0,65165
116931,0,-133120,19760,0,35827
116941,0,-210944,31312,0,79824
116951,0,-189440,28120,0,31044
116961,147456,-166912,46664,5625,28633
116971,147456,-185344,49400,5625,49637
116981,615424,-159744,115064,23476,139621
116991,615424,-164864,115824,23476,171114
117001,2756608,17408,406600,105156,464515
117011,2756608,262144,370272,105156,378185
117021,6047744,756736,785384,230703,825953
117031,6047744,1485824,672296,230703,569341
117041,7292928,2462720,716984,278203,560708
117051,7444480,3661824,561488,283984,340026
117061,7444480,4784128,394896,283984,199732
117071,6782976,5882880,133608,258750,-53087
117081,6782976,6666240,17328,258750,-63812
117091,3778560,7188480,-506160,144140,-596235
117101,3778560,7337984,-528352,144140,-528368
117111,1809408,6946816,-762584,69023,-583241
117121,1809408,6293504,-665608,69023,-333501
117131,1105920,5392384,-636272,42187,-167039
117141,1105920,4612096,-520448,42187,-140389
117151,439296,3730432,-488528,16757,-134467
117161,405504,3077120,-396568,15468,-151062
117171,181248,2337792,-320112,6914,-87314
117181,147456,1739776,-236360,5625,-61537
117191,-7168,1311744,-195776,-274,-118783
117201,-7168,827392,-123880,-274,-64065
117211,-77824,419840,-73872,-2969,-50840
117221,-111616,98304,-31160,-4258,-51289
117231,-114688,-249856,20064,-4375,-2425
117241,-114688,-542720,63536,-4375,43845
117251,-130048,-690176,83144,-4961,-7001
117261,-145408,-905216,112784,-5547,87093
117271,-151552,-1115136,143032,-5782,122114
117281,-286720,-1114112,122816,-10938,28572
117291,-385024,-1211392,122664,-14688,63501
117301,-385024,-1217536,123576,-14688,65011
117311,-671744,-1292288,92112,-25625,86521
117321,-671744,-1225728,82232,-25625,31209
117331,-1467392,-1243136,-33288,-55977,-96341
117341,-1772544,-1316864,-67640,-67618,-104512
117351,-2612224,-1392640,-181032,-99649,-240129
117361,-3075072,-1622016,-215688,-117305,-227663
117371,-3075072,-1905664,-173584,-117305,-165065
117381,-5618688,-2333696,-487616,-214336,-519502
117391,-5618688,-2862080,-409184,-214336,-377694
117401,-6241280,-3599360,-392160,-238086,-302249
117411,-6176768,-4392960,-264784,-235625,-131770
117421,-6176768,-5131264,-155192,-235625,-81963
117431,-6176768,-6005760,-25384,-235625,95876
117441,-2555904,-6532096,590216,-97500,789900
117451,-2220032,-6708224,666216,-84688,723316
117461,-1681408,-6349824,692968,-64141,525636
117471,-1681408,-5563392,576232,-64141,243445
117481,-1681408,-4652032,439888,-64141,32486
117491,-1681408,-3901440,329536,-64141,-51396
117501,-1681408,-3423232,258552,-64141,26732
117511,-1681408,-3011584,197448,-64141,22215
117521,-702464,-2809856,312816,-26797,288056
117531,-840704,-2542592,252624,-32071,288777
117541,-840704,-2256896,210216,-32071,200367
117551,-847872,-2014208,173128,-32344,218457
117561,-840704,-1654784,120840,-32071,123469
117571,-840704,-1406976,84056,-32071,125889
117581,-643072,-1162240,77064,-24532,137176
117591,-546816,-915456,54720,-20860,113290
117601,-343040,-757760,61560,-13086,164996
117611,-343040,-534528,28424,-13086,105971
117621,64512,-366592,63992,2460,169855
117631,64512,-152576,32224,2460,121627
117641,1127424,41984,161120,43007,298259
117651,1127424,248832,130416,43007,296104
117661,3697664,659456,450984,141054,618600
117671,4738048,1256448,516800,180742,631402
117682,10281984,2217984,1197000,392226,1378953
117692,11567104,3567616,1187424,441250,1203334
117702,11567104,5582848,888288,441250,633376
117712,14420992,7586816,1014448,550117,754771
117722,14420992,9700352,700720,550117,449022
117732,10908672,11521024,-90896,416132,-347996
117742,9980928,12792832,-417392,380742,-522298
117752,6175744,13289472,-1055944,235585,-987377
117762,4075520,13229056,-1358728,155468,-1233561
117772,2291712,12311552,-1487320,87421,-1009843
117782,1337344,10661888,-1384112,51015,-589207
117792,458752,8752128,-1231048,17500,-270968
117802,327680,6999040,-990280,12500,-128638
117812,269312,5581824,-788576,10273,-146881
117822,3072,4126720,-612104,117,-36254
117832,3072,3152896,-467552,117,-104506
117842,-10240,2259968,-336984,-391,-41418
117852,-13312,1664000,-248976,-508,-142971
117862,-13312,1002496,-150784,-508,-53427
117872,-83968,441344,-77976,-3204,-53758
117882,-235520,-89088,-21736,-8985,-24769
117892,-235520,-502784,39672,-8985,-3807
117902,-370688,-852992,71592,-14141,-24195
117912,-370688,-1249280,130416,-14141,70679
117922,-370688,-1520640,170696,-14141,107313
117932,-601088,-1736704,168568,-22930,85059
117942,-601088,-1893376,191824,-22930,112860
117952,-611328,-2020352,209152,-23321,150662
117962,-601088,-2096128,221920,-22930,193278
117972,-561152,-2028544,217816,-21407,169453
117982,-561152,-1953792,206720,-21407,157069
117992,-377856,-1780736,208240,-14415,127111
118002,-332800,-1710080,204440,-12696,164945
118012,-332800,-1511424,174952,-12696,114441
118022,-71680,-1431552,201856,-2735,209468
118032,-71680,-1228800,171760,-2735,152364
118042,-4096,-1106944,163704,-157,178938
118052,-4096,-891904,131784,-157,112625
118062,-4096,-709632,104728,-157,75953
118072,-13312,-575488,83448,-508,66263
118082,-59392,-491520,64144,-2266,76493
118092,-117760,-397312,41496,-4493,120776
118102,-117760,-342016,33288,-4493,81383
118112,-452608,-302080,-22344,-17266,44138
118122,-452608,-260096,-28576,-17266,35032
118132,-1233920,-234496,-148352,-47071,-136826
118142,-1772544,-275456,-222224,-67618,-262436
118152,-1772544,-533504,-183920,-67618,-148794
118162,-5618688,-955392,-692208,-214336,-685084
118172,-5618688,-1581056,-599336,-214336,-508899
118182,-10488832,-2579456,-1174048,-400118,-1107787
118192,-13115392,-3870720,-1372256,-500313,-1272697
118202,-13368320,-5922816,-1105192,-509961,-650652
118212,-13368320,-8158208,-773376,-509961,-180446
118222,-13368320,-10155008,-476976,-509961,-21903
118232,-11017216,-11769856,111720,-420274,455413
118242,-8588288,-12909568,641440,-327618,941275
118252,-8588288,-13152256,677464,-327618,624040
118262,-3579904,-12759040,1362528,-136563,1169188
118272,-2669568,-11910144,1371648,-101836,907991
118282,-2669568,-10664960,1186816,-101836,517317
118292,-1810432,-9308160,1112944,-69063,410642
118302,-1810432,-7921664,907136,-69063,240831
118312,-2698240,-6764544,603592,-102930,52334
118322,-2698240,-5884928,473024,-102930,82358
118332,-3176448,-5188608,298680,-121172,24215
118342,-3390464,-4836352,214624,-129336,109892
118352,-3390464,-4505600,165528,-129336,123630
118362,-2447360,-4431872,293360,-93360,408257
118372,-2447360,-4202496,260528,-93360,351835
118382,-1013760,-3947520,435480,-38672,560021
118392,-817152,-3473408,394288,-31172,439329
118402,-817152,-2852864,302176,-31172,280061
118412,-817152,-2309120,221464,-31172,231481
118422,-817152,-1686528,129048,-31172,134494
118432,-7168,-1189888,175560,-274,259948
118442,0,-816128,121144,0,282110
118452,0,-372736,55328,0,218978
118462,0,-35840,5320,0,224822
118472,0,369664,-54872,0,123167
118482,18432,599040,-86184,703,157046
118492,234496,918528,-101536,8945,96209
118502,384000,1036288,-96824,14648,168385
118512,631808,1249280,-91656,24101,124698
118522,2171904,1311744,127680,82851,457309
118532,3697664,1562624,316920,141054,628264
118542,3697664,1850368,274208,141054,555874
118552,11567104,2639872,1325136,441250,1682955
118562,11567104,4203520,1093032,441250,1086284
118572,16284672,6331392,1477440,621210,1342536
118582,16284672,8908800,1094856,621210,754802
118592,16284672,11410432,723520,621210,347700
118602,16284672,13765632,373920,621210,111846
118612,10802176,15556608,-705736,412070,-985781
118622,10802176,16364544,-825664,412070,-794640
118632,7756800,16312320,-1269960,295898,-1058858
118642,7218176,15395840,-1213872,275351,-597633
118652,6111232,13828096,-1145472,233125,-250527
118662,5677056,12420096,-1000920,216562,-169121
118672,5677056,11019264,-792984,216562,16733
118682,2419712,9985024,-1122976,92304,-636367
118692,2419712,8957952,-970520,92304,-498436
118702,631808,7901184,-1079048,24101,-750755
118712,631808,6681600,-898016,24101,-511415
118722,355328,5571584,-774288,13554,-464285
118732,215040,4147200,-583680,8203,-195409
118742,215040,3024896,-417088,8203,-149347
118752,215040,1894400,-249280,8203,7000
118762,0,1043456,-154888,0,-47772
118772,0,219136,-32528,0,21697
118782,0,-401408,59584,0,51380
118792,0,-850944,126312,0,9426
118802,0,-1275904,189392,0,63631
118812,0,-1643520,243960,0,135995
118822,-4096,-1937408,286976,-157,225723
118832,0,-2031616,301568,0,225299
118842,0,-2020352,299896,0,200873
118852,0,-1987584,295032,0,225354
118862,-4096,-1858560,275272,-157,212944
118872,-4096,-1736704,257184,-157,198169
118882,0,-1599488,237424,0,194046
118892,0,-1382400,205200,0,143963
118902,0,-1236992,183616,0,157972
118912,-4096,-1045504,154584,-157,117934
118922,-4096,-894976,132240,-157,112633
118932,-4096,-736256,108680,-157,90887
118942,-7168,-622592,91352,-274,86256
118952,-7168,-535552,78432,-274,100914
118962,-151552,-436224,42256,-5782,59883
118972,-309248,-377856,10184,-11797,39614
118982,-309248,-336896,4104,-11797,49498
118992,-377856,-272384,-15656,-14415,16362
119002,-399360,-356352,-6384,-15235,96688
119012,-399360,-366592,-4864,-15235,90982
119022,-561152,-396288,-24472,-21407,63468
119032,-561152,-512000,-7296,-21407,129085
119042,-649216,-505856,-21280,-24766,52930
119052,-985088,-559104,-63232,-37579,-13461
119062,-1233920,-649216,-86792,-47071,-43328
119073,-1393664,-738304,-97280,-53165,-77237
119083,-2196480,-1011712,-175864,-83790,-122116
119093,-5272576,-1280000,-592648,-201133,-639278
119103,-5272576,-1721344,-523032,-201133,-506783
119113,-17213440,-2697216,-2154752,-656641,-2358004
119123,-17213440,-4701184,-1857288,-656641,-1555236
119133,-17213440,-7508992,-1440504,-656641,-745047
119143,-17213440,-10808320,-950760,-656641,-76884
119153,-17213440,-13637632,-530784,-656641,168225
119163,-17213440,-15534080,-249280,-656641,47406
119173,-17213440,-17000448,-31616,-656641,-39082
119183,-17213440,-17948672,109136,-656641,-120227
119193,-17213440,-18830336,240008,-656641,-79209
119203,-17213440,-19676160,365560,-656641,92218
119213,-17213440,-20333568,463600,-656641,199333
119223,-17213440,-20814848,534584,-656641,208596
119233,-3428352,-20975616,2604672,-130782,2598463
119243,-3428352,-20105216,2475472,-130782,1981879
119253,-590848,-17761280,2548736,-22540,1496656
119263,-590848,-14605312,2080272,-22540,620318
119273,-590848,-11750400,1656496,-22540,240898
119283,-590848,-9113600,1265096,-22540,120173
119293,116736,-7078912,1068104,4453,269229
119303,116736,-5624832,852264,4453,362594
119313,272384,-4317184,681264,10390,406662
119323,391168,-3099648,518168,14921,348806
119333,773120,-2020352,414656,29492,288601
119343,773120,-1036288,268584,29492,220812
119353,5499904,-149504,838584,209804,1036783
119363,7368704,761856,980704,281093,1223952
119373,7368704,2099200,782192,281093,860007
119383,13885440,3958784,1473488,529687,1542753
119393,13885440,6311936,1124192,529687,916384
119403,13885440,9125888,706496,529687,285472
119413,16436224,11451392,739936,626992,527706
119423,16436224,13362176,456304,626992,485463
119433,16436224,15106048,197448,626992,356896
119443,15690752,16529408,-124488,598554,126069
119453,15690752,17752064,-305976,598554,42217
119463,16135168,18726912,-384712,615507,41386
119473,16135168,19381248,-481840,615507,1112
119483,16135168,19918848,-561640,615507,-92520
119493,16135168,20270080,-616512,615507,-202157
119503,12260352,20407296,-1209312,467695,-876319
119513,12260352,20283392,-1190920,467695,-720784
119523,12260352,19586048,-1087408,467695,-385918
119533,12260352,18633728,-946048,467695,-125235
119543,2057216,17816576,-2339280,78476,-1950801
119553,2057216,16387072,-2127088,78476,-1495489
119563,435200,14141440,-2034520,16601,-1108714
119573,311296,11766784,-1700424,11875,-678092
119583,240640,9139200,-1320880,9179,-296019
119593,24576,7001088,-1008064,937,-147151
119603,24576,5001216,-738720,937,-137228
119613,0,3373056,-500688,0,-52848
119623,0,2312192,-343216,0,-146879
119633,0,1200128,-178144,0,-87063
119643,0,251904,-37392,0,-1435
119653,0,-623616,92568,0,64862
119663,0,-1429504,212192,0,176266
119673,-4096,-2063360,305672,-157,273926
119683,-4096,-2309120,342152,-157,196425
119693,0,-2454528,364344,0,201846
119703,0,-2406400,357200,0,166901
119713,0,-2404352,356896,0,280449
119723,0,-2307072,342456,0,313200
119733,0,-2235392,331816,0,315369
119743,0,-2242560,332880,0,340180
119753,0,-2310144,342912,0,396509
119763,0,-2241536,332728,0,378858
119773,0,-1978368,293664,0,265263
119783,0,-1685504,250192,0,176251
119793,-4096,-1475584,218424,-157,197341
119803,-4096,-1272832,188328,-157,194333
119813,-4096,-1165312,172368,-157,218657
119823,-4096,-1215488,179816,-157,313814
119833,-4096,-1209344,178904,-157,355442
119843,-4096,-1112064,164464,-157,290361
119853,-96256,-1063936,143640,-3672,267404
119863,-96256,-1020928,137256,-3672,304037
119873,-353280,-886784,79192,-13477,250896
119883,-353280,-779264,63232,-13477,192627
119893,-353280,-739328,57304,-13477,201533
119903,-1013760,-755712,-38304,-38672,108718
119913,-1117184,-758784,-53200,-42618,92844
119923,-1117184,-789504,-48640,-42618,87809
119933,-1117184,-1006592,-16416,-42618,198124
119943,-1150976,-1180672,4408,-43907,243364
119953,-1198080,-1312768,17024,-45704,241244
119963,-1198080,-1361920,24320,-45704,195660
119973,-1209344,-1472512,39064,-46133,213926
119983,-1162240,-1557504,58672,-44336,205889
119993,-1150976,-1570816,62320,-43907,227381
120003,-1053696,-1537024,71744,-40196,196679
120013,-1053696,-1615872,83448,-40196,244370
120023,-1053696,-1713152,97888,-40196,313191
120033,-781312,-1643520,127984,-29805,288176
120043,-781312,-1602560,121904,-29805,260305
120053,-781312,-1586176,119472,-29805,263046
120063,-616448,-1556480,139536,-23516,306150
120073,-626688,-1501184,129808,-23907,304508
120083,-626688,-1387520,112936,-23907,266984
120093,-671744,-1220608,81472,-25625,175429
120103,-671744,-1226752,82384,-25625,235753
120113,-774144,-1155072,56544,-29532,208198
120123,-887808,-1134592,36632,-33868,208268
120133,-897024,-1148928,34808,-34219,229019
120143,-897024,-1195008,44232,-34219,296049
120153,-913408,-1162240,36936,-34844,257126
120163,-913408,-1156096,36024,-34844,245877
120173,-1033216,-1162240,19152,-39415,228851
120183,-1139712,-1095680,-6536,-43477,159285
120193,-1139712,-1152000,1824,-43477,211142
120203,-1393664,-1097728,-43928,-53165,120983
120213,-1393664,-1137664,-38000,-53165,134756
120223,-1579008,-1287168,-43320,-60235,198061
120233,-1849344,-1334272,-76456,-70547,117158
120243,-1849344,-1516544,-49400,-70547,199777
120253,-2125824,-1595392,-78736,-81094,106467
120263,-2196480,-1764352,-64144,-83790,101928
120273,-2368512,-1937408,-63992,-90352,75313
120283,-2368512,-2168832,-29640,-90352,113836
120293,-2342912,-2386944,6536,-89375,158346
120304,-2342912,-2668544,48336,-89375,230941
120314,-2342912,-2895872,82080,-89375,288297
120324,-2473984,-3007488,79192,-94375,230822
120334,-2757632,-3156992,59280,-105196,204916
120344,-2944000,-3245056,44688,-112305,146804
120354,-3989504,-3414016,-85424,-152188,8779
120364,-4348928,-3504128,-125400,-165899,-109204
120374,-4348928,-3811328,-79800,-165899,-1960
120384,-4444160,-4075520,-54720,-169532,2999
120394,-4444160,-4488192,6536,-169532,183482
120404,-4348928,-4875264,78128,-165899,232759
120414,-4210688,-5201920,147136,-160625,291251
120424,-3698688,-5401600,252776,-141094,332746
120434,-3041280,-5563392,374376,-116016,468693
120444,-2500608,-5466112,440192,-95391,445367
120454,-2500608,-5331968,420280,-95391,405737
120464,-2268160,-4969472,400976,-86524,330834
120474,-2172928,-4563968,354920,-82891,246836
120484,-2172928,-4214784,303088,-82891,206914
120494,-2172928,-3875840,252776,-82891,206759
120504,-2172928,-3515392,199272,-82891,155077
120514,-2172928,-3248128,159600,-82891,154685
120524,-556032,-3031040,367384,-21211,484122
120534,-472064,-2630656,320416,-18008,364213
120544,-160768,-2166784,297768,-6133,318760
120554,-87040,-1676288,235904,-3321,275124
120564,-10240,-1070080,157320,-391,191368
120574,0,-507904,75392,0,111563
120584,0,-155648,23104,0,131600
120594,0,121856,-18088,0,161730
120604,0,389120,-57760,0,114812
120614,0,581632,-86336,0,80859
120624,6144,607232,-89224,234,156534
120634,6144,734208,-108072,234,111624
120644,6144,906240,-133608,234,13494
120654,12288,866304,-126768,468,73062
120664,12288,876544,-128288,468,60404
120674,12288,896000,-131176,468,11149
120684,30720,704512,-100016,1171,118850
120694,30720,702464,-99712,1171,36410
120704,30720,612352,-86336,1171,30693
120714,104448,410624,-45448,3984,128913
120724,104448,395264,-43168,3984,61829
120734,122880,304128,-26904,4687,82280
120744,122880,305152,-27056,4687,40784
120754,122880,289792,-24776,4687,27641
120764,122880,207872,-12616,4687,50725
120774,122880,137216,-2128,4687,63679
120784,122880,10240,16720,4687,122405
120794,125952,16384,16264,4804,57162
120804,125952,-90112,32072,4804,108620
120814,175104,-124928,44536,6679,136450
120824,187392,-23552,31312,7148,61734
120834,215040,-25600,35720,8203,79676
120844,215040,78848,20216,8203,18748
120854,224256,72704,22496,8554,81900
120864,224256,160768,9424,8554,35498
120874,224256,291840,-10032,8554,-23355
120884,224256,246784,-3344,8554,44599
120894,249856,329728,-11856,9531,6202
120904,249856,318464,-10184,9531,91013
120914,249856,404480,-22952,9531,-27839
120924,496640,394240,15200,18945,52542
120934,496640,425984,10488,18945,52310
120944,648192,439296,31008,24726,109442
120954,648192,575488,10792,24726,27887
120964,746496,627712,17632,28476,48156
120974,766976,739328,4104,29257,-1132
120984,787456,652288,20064,30039,119595
120994,794624,823296,-4256,30312,3550
121004,896000,811008,12616,34179,71645
121014,896000,948224,-7752,34179,1296
121024,1105920,919552,27664,42187,130256
121034,1161216,1133568,4104,44296,23786
121044,1337344,1188864,22040,51015,80593
121054,1378304,1395712,-2584,52578,-2584
121064,1378304,1406976,-4256,52578,102305
121074,1378304,1617920,-35568,52578,-47358
121084,1378304,1608704,-34200,52578,19434
121094,1561600,1678336,-17328,59570,36397
121104,1561600,1743872,-27056,59570,24877
121114,1545216,1795072,-42104,58945,-33229
121124,1662976,1771520,-16112,63437,59922
121134,1848320,1871872,-3496,70507,31318
121144,2102272,1998848,15352,80195,32542
121154,2697216,1967104,108376,102890,208629
121164,2879488,2159616,106856,109843,149137
121174,2879488,2350080,78584,109843,106732
121184,3074048,2618368,67640,117265,58523
121194,3074048,2813952,38608,117265,73198
121204,3074048,3057664,2432,117265,18419
121214,2787328,3374080,-87096,106328,-149243
121224,2787328,3441664,-97128,106328,-52121
121234,2124800,3673088,-229824,81054,-277163
121244,1545216,3550208,-297616,58945,-232781
121254,1073152,3497984,-359936,40937,-330365
121264,886784,3142656,-334856,33828,-191908
121274,365568,2853888,-369360,13945,-266870
121284,365568,2426880,-305976,13945,-150036
121294,249856,2041856,-266000,9531,-156748
121304,249856,1539072,-191368,9531,-22210
121314,249856,1260544,-150024,9531,-70097
121324,249856,974848,-107616,9531,-57207
121335,409600,733184,-48032,15625,-12153
121345,455680,621568,-24624,17382,-45352
121355,458752,482304,-3496,17500,-49779
121365,458752,382976,11248,17500,-39083
121375,451584,305152,21736,17226,-49762
121385,455680,189440,39520,17382,12489
121395,458752,195584,39064,17500,-38170
121405,458752,98304,53504,17500,19713
121415,458752,112640,47880,17382,-39465
121425,455680,108544,51528,17382,-19443
121435,455680,94208,53656,17382,7221
121445,451584,181248,40128,17226,-49255
121455,455680,102400,52440,17382,48555
121465,455680,252928,30096,17382,-52387
121475,719872,158720,83296,27460,101441
121485,1084416,324608,112784,41367,75338
121495,1084416,338944,110656,41367,125025
121505,3040256,545792,370272,115976,409178
121515,5215232,1001472,625480,198945,619106
121525,6854656,1639424,774136,261484,720736
121535,7070720,2783232,636424,269726,381013
121545,7070720,4001792,455544,269726,117914
121555,10802176,5237760,825968,412070,632108
121565,12741632,6551552,918840,486054,755192
121575,12741632,7952384,710904,486054,499622
121585,12619776,9523200,459648,481406,228922
121595,11680768,10926080,112024,445585,-97677
121605,10080256,12188672,-312968,384531,-492809
121615,8851456,12906496,-601920,337656,-699807
121625,6111232,13024256,-1026152,233125,-961108
121635,4443136,12516352,-1198368,169492,-873053
121645,4443136,11449344,-1039984,169492,-424820
121655,1364992,10303488,-1326808,52070,-726551
121665,1364992,9188352,-1161280,52070,-579267
121675,610304,8193024,-1125560,23281,-679522
121685,462848,6935552,-960792,17656,-511445
121695,252928,5700608,-808640,9648,-392090
121705,252928,4430848,-620160,9648,-216383
121715,107520,3275776,-470288,4101,-138149
121725,107520,2380800,-337440,4101,-98412
121735,49152,1639424,-236056,1875,-150636
121745,21504,807936,-119016,820,-62295
121755,3072,100352,-14440,117,51682
121765,3072,-405504,60648,117,18984
121775,0,-1041408,154584,0,182486
121785,-4096,-1296384,191824,-157,86826
121795,-4096,-1728512,255968,-157,223077
121805,-4096,-1767424,261744,-157,131036
121815,-13312,-1921024,283176,-508,227783
121825,-56320,-1879040,270560,-2149,225566
121835,-56320,-1712128,245784,-2149,163881
121845,-120832,-1709056,235752,-4610,228763
121855,-120832,-1502208,205048,-4610,153379
121865,-123904,-1277952,171304,-4727,76677
121875,-123904,-1201152,159904,-4727,133782
121885,-197632,-1040384,125096,-7540,124194
121895,-346112,-928768,86488,-13204,59298
121905,-440320,-834560,58520,-16797,39086
121915,-476160,-776192,44536,-18165,38730
121925,-595968,-854016,38304,-22735,97005
121935,-595968,-875520,41496,-22735,103878
121945,-595968,-845824,37088,-22735,62186
121955,-590848,-996352,60192,-22540,160582
121965,-590848,-1019904,63688,-22540,151120
121975,-595968,-1004544,60648,-22735,109266
121985,-606208,-1121280,76456,-23125,182903
121995,-606208,-1090560,71896,-23125,144432
122005,-606208,-1061888,67640,-23125,113451
122015,-621568,-1094656,70224,-23711,146266
122025,-616448,-1012736,58824,-23516,101507
122035,-616448,-1044480,63536,-23516,127825
122045,-616448,-1019904,59888,-23516,148422
122055,-626688,-944128,47120,-23907,95549
122065,-671744,-1001472,48944,-25625,138638
122075,-690176,-1029120,50312,-26329,172902
122085,-768000,-908288,20824,-29297,63530
122095,-847872,-921600,10944,-32344,67084
122105,-847872,-1021952,25840,-32344,162949
122115,-847872,-1004544,20672,-32344,109399
122125,-1128448,-1003520,-18544,-43047,52851
122135,-1162240,-1081344,-12008,-44336,94919
122145,-1162240,-1121280,-6080,-44336,94472
122155,-1579008,-1188864,-57912,-60235,4988
122165,-1579008,-1269760,-45904,-60235,39545
122175,-2080768,-1435648,-95760,-79375,-19697
122185,-2342912,-1641472,-104120,-89375,-19783
122195,-2975744,-1856512,-166136,-113516,-123794
122205,-3503104,-2263040,-184072,-133633,-127473
122215,-4790272,-2608128,-323912,-182735,-312764
122225,-5618688,-3198976,-359176,-214336,-296571
122235,-5618688,-3784704,-272232,-214336,-187635
122245,-7293952,-4603904,-399304,-278243,-296660
122255,-7293952,-5332992,-291080,-278243,-212106
122265,-7999488,-6343680,-245784,-305157,-92903
122275,-8081408,-7102464,-145312,-308282,-98768
122285,-8081408,-8115200,5016,-308282,161405
122295,-7917568,-8706048,117040,-302032,112106
122305,-7522304,-9439232,284544,-286954,344712
122315,-7678976,-9767936,310080,-292930,264464
122325,-7678976,-10017792,347168,-292930,229794
122335,-7837696,-10267648,360696,-298985,247064
122345,-7837696,-10346496,372400,-298985,232241
122356,-7917568,-10393600,367536,-302032,187175
122366,-7917568,-10515456,385624,-302032,228263
122376,-7837696,-10668032,420128,-298985,328335
122386,-7837696,-10650624,417544,-298985,284324
122396,-7071744,-10712064,540360,-269766,482033
122406,-5922816,-10638336,699960,-225938,673559
122416,-5328896,-10416128,755136,-203282,705919
122426,-5328896,-9843712,670168,-203282,487983
122436,-1792000,-9092096,1083608,-68360,917065
122446,-1792000,-8263680,960640,-68360,747513
122456,-1792000,-7245824,809552,-68360,541708
122466,-1792000,-6086656,637488,-68360,327638
122476,-90112,-5158912,752400,-3438,567599
122486,-90112,-4288512,623200,-3438,561745
122496,12288,-3296256,491112,468,404332
122506,12288,-2185216,326192,468,234097
122516,184320,-1214464,207632,7031,162161
122526,301056,-457728,112632,11484,164903
122536,458752,209920,36936,17500,194593
122546,701440,799744,-14592,26757,160759
122556,2079744,1309696,114304,79335,435689
122566,3007488,1964032,154888,114726,442446
122576,5327872,2670592,394440,203242,723828
122586,5859328,3811328,304000,223515,452569
122596,6782976,5121024,246696,258750,269048
122606,7144448,6382592,113088,272539,182613
122616,7144448,7571456,-63384,272539,68088
122626,7144448,8348672,-178752,272539,103594
122636,6175744,9051136,-426816,235585,-181954
122646,6175744,9484288,-491112,235585,-247181
122656,4637696,11037696,-950000,176914,-1507061
122666,4637696,12546048,-1173896,176914,-1799125
122676,3697664,13294592,-1423480,141054,-1858619
122686,3141632,12375040,-1370584,119843,-1058162
122696,2879488,10084352,-1069472,109843,-102262
122706,2879488,7701504,-715768,109843,443691
122716,1662976,5848064,-621224,63437,245480
122726,1662976,5106688,-511176,63437,-210990
122736,759808,4965376,-624264,28984,-737925
122746,759808,5277696,-670624,28984,-1070457
122756,759808,5472256,-699504,28984,-1148933
122766,759808,5472256,-699504,28984,-1148933
122776,759808,5472256,-699504,28984,-1148933
122786,759808,5472256,-699504,28984,-1148933
122796,759808,5472256,-699504,28984,-1148933
122806,759808,5472256,-699504,28984,-1148933
122816,759808,5472256,-699504,28984,-1148933
122826,759808,5472256,-699504,28984,-1148933
122836,759808,5472256,-699504,28984,-1148933
122846,759808,5472256,-699504,28984,-1148933
122856,759808,5472256,-699504,28984,-1148933
122866,759808,5472256,-699504,28984,-1148933
122876,759808,5472256,-699504,28984,-1148933
122886,759808,5472256,-699504,28984,-1148933
122896,759808,5472256,-699504,28984,-1148933
122906,759808,5472256,-699504,28984,-1148933
122916,759808,5472256,-699504,28984,-1148933
122926,759808,5472256,-699504,28984,-1148933
122936,759808,5472256,-699504,28984,-1148933
122946,759808,5472256,-699504,28984,-1148933
122956,759808,5472256,-699504,28984,-1148933
122966,0,-2008064,298072,0,1237802
122976,0,-2367488,351424,0,764288
122986,0,-2847744,422712,0,766537
122996,0,-3395584,504032,0,883420
123006,0,-4033536,598728,0,1040077
123016,0,-4761600,706800,0,1240051
123026,0,-5481472,813656,0,1374110
123036,0,-5988352,888896,0,1408718
123046,0,-6365184,944832,0,1448972
123056,0,-6590464,978272,0,1442925
123066,0,-6432768,954864,0,1280675
123076,-4096,-5531648,820496,-157,814670
123086,-7168,-3374080,499776,-274,-82567
123096,-7168,-809984,119168,-274,-730244
123106,-13312,542720,-82536,-508,-428801
123116,-13312,773120,-116736,-508,42155
123126,-13312,781312,-117952,-508,225230
123136,-13312,838656,-126464,-508,231399
123146,-13312,856064,-129048,-508,219634
123156,-13312,744448,-112480,-508,272700
123166,-13312,548864,-83448,-508,337365
123176,0,262144,-38912,0,421360
123186,0,-28672,4256,0,465341
123196,0,-272384,40432,0,475792
123206,0,-336896,50008,0,410454
123216,0,-282624,41952,0,339952
123226,0,-80896,12008,0,239904
123236,0,95232,-14136,0,205042
123246,0,208896,-31008,0,197477
123256,0,274432,-40736,0,213597
123266,0,338944,-50312,0,206830
123276,-4096,413696,-62016,-157,182272
123286,-4096,555008,-82992,-157,95733
123296,-7168,591872,-88920,-274,115785
123306,-7168,633856,-95152,-274,117052
123316,-13312,739328,-111720,-508,55773
123326,-13312,779264,-117648,-508,37588
123336,-13312,789504,-119168,-508,26665
123346,-13312,666624,-100928,-508,81981
123356,-56320,602112,-97736,-2149,69165
123366,-56320,650240,-104880,-2149,-34754
123376,-77824,585728,-98496,-2969,-20919
123386,-77824,433152,-75848,-2969,22645
123396,-74752,376832,-67032,-2852,-15261
123406,-74752,169984,-36328,-2852,67909
123416,-68608,47104,-17176,-2618,66459
123426,-59392,-167936,25688,-2266,190609
123436,-53248,-240640,27816,-2032,105288
123446,-53248,-317440,39216,-2032,116615
123456,-53248,-299008,36480,-2032,58634
123466,-53248,-386048,49400,-2032,96271
123476,-34816,-342016,47728,-1329,50688
123486,-13312,-475136,68552,-508,136374
123496,-10240,-454656,65968,-391,100243
123506,-10240,-514048,74784,-391,144243
123516,0,-447488,66424,0,91367
123526,0,-355328,52744,0,45593
123536,0,-245760,36480,0,-3394
123547,0,-220160,32680,0,21213
123557,0,-172032,25536,0,13641
123567,0,-287744,42712,0,128256
123577,0,-203776,30248,0,65116
123587,0,-162816,24168,0,58216
123597,0,-93184,13832,0,37251
123607,0,-123904,18392,0,76387
123617,0,-91136,13528,0,48042
123627,0,-179200,26600,0,121579
123637,0,-160768,23864,0,87985
123647,0,-151552,22496,0,67424
123657,0,-224256,33288,0,120312
123667,0,-204800,30400,0,92043
123677,0,-161792,24016,0,56090
123687,0,-156672,23256,0,64754
123697,0,-221184,32832,0,113348
123707,0,-225280,33440,0,113562
123717,0,-156672,23256,0,55960
123727,0,-161792,24016,0,75256
123737,6144,-105472,16568,234,53454
123747,6144,-164864,25384,234,130063
123757,104448,-69632,25840,3984,78916
123767,113664,-38912,22648,4335,57292
123777,113664,-56320,25232,4335,105180
123787,135168,-36864,25536,5156,98503
123797,135168,-27648,24168,5156,93509
123807,135168,27648,15960,5156,64500
123817,132096,-97280,34048,5039,166767
123827,132096,-66560,29488,5039,129255
123837,162816,-82944,36480,6210,142362
123847,162816,-3072,24624,6210,75866
123857,221184,-44032,39368,8437,128128
123867,221184,9216,31464,8437,99803
123877,221184,-7168,35112,8437,152988
123887,221184,84992,20216,8437,97737
123897,221184,115712,15656,8437,110378
123907,221184,196608,3648,8437,65666
123917,221184,206848,2128,8437,79519
123927,327680,236544,13528,12500,89305
123937,327680,314368,1976,12500,45631
123947,297984,395264,-14440,11367,24450
123957,291840,484352,-28576,11132,5129
123967,297984,512000,-31768,11367,19987
123977,305152,514048,-31008,11640,41302
123987,311296,542720,-34352,11875,34591
123997,314368,546816,-34504,11992,40136
124007,314368,581632,-39672,11992,6365
124017,308224,579584,-40280,11757,11449
124027,308224,558080,-37088,11757,22960
124037,301056,545792,-36328,11484,3068
124047,305152,513024,-30856,11640,13507
124057,301056,495616,-28880,11484,1390
124067,301056,418816,-17480,11484,43096
124077,288768,484352,-29032,11015,-38457
124087,288768,390144,-15048,11015,28389
124097,281600,403456,-18088,10742,-7864
124107,272384,340992,-10184,10390,30178
124117,184320,363520,-26600,7031,-28356
124127,172032,287744,-17176,6562,15918
124137,122880,272384,-22192,4687,-4226
124147,113664,241664,-19000,4335,-5220
124157,113664,181248,-10032,4335,18276
124167,116736,164864,-7144,4453,199
124177,116736,98304,2736,4453,19755
124187,125952,18432,15960,4804,55697
124197,132096,-45056,26296,5039,76772
124207,132096,-74752,30704,5039,64573
124217,178176,-103424,41800,6796,63094
124227,199680,-130048,48944,7617,63876
124237,211968,-160768,55328,8085,76235
124247,211968,-160768,55328,8085,72627
124257,243712,-134144,56088,9296,65522
124267,243712,-131072,55632,9296,80853
124277,240640,-110592,52136,9179,80008
124287,240640,-74752,46816,9179,66228
124297,237568,-60416,44232,9062,73470
124307,237568,-56320,43624,9062,87695
124317,234496,-52224,42560,8945,93590
124327,234496,-47104,41800,8945,97235
124337,221184,-38912,38608,8437,97791
124347,215040,-8192,33136,8203,78724
124357,101376,7168,13984,3867,52695
124367,79872,0,11856,3046,62241
124377,-4096,21504,-3800,-157,31152
124387,-4096,27648,-4712,-157,22140
124397,-4096,26624,-4560,-157,14349
124407,-4096,-11264,1064,-157,34140
124417,-4096,-24576,3040,-157,28866
124427,-4096,-41984,5624,-157,26531
124437,-25600,-50176,3648,-977,12928
124447,-25600,-72704,6992,-977,21829
124457,-292864,-99328,-28728,-11172,-11828
124467,-366592,-94208,-40432,-13985,-32838
124477,-606208,-130048,-70680,-23125,-81765
124487,-760832,-212992,-81320,-29024,-89205
124497,-879616,-352256,-78280,-33555,-59385
124507,-905216,-491520,-61408,-34532,-36326
124517,-1053696,-621568,-64144,-40196,-49904
124527,-1128448,-788480,-50464,-43047,-52081
124537,-1128448,-952320,-26144,-43047,-33755
124547,-1950720,-1118208