R
Px,Ix,Dx,Py,Iy,Dy,Pz,Iz,FFrx,FFry,FFdrx,FFdry,satI,satPID,KFQAng,KFQbias,KFRmeas,CPx,CIx,CPy,CIy,CsatI,CsatPID,CFFdrx,CFFdry,CFalpha,iRelaxX,IRelaxY,DmaxR,DmaxE,DMx,DMy
58,80,47,58,80,47,250,0,0,0,400,0,500000,15000000,10,1,1000,0,0,0,0,0,0,0,0,0.995,1024,4096,0,0,0,0
sysTickMs,PIDRefXi,PIDSensXi,PIDPoutXi,PIDFFoutXi,PIDUXi
63625,0,-983040,222720,0,315934
63635,0,-983040,222720,0,315934
63645,0,-983040,222720,0,315934
63655,0,-983040,222720,0,315934
63665,0,-983040,222720,0,315934
63675,0,-983040,222720,0,315934
63685,0,-983040,222720,0,315934
63695,0,-983040,222720,0,315934
63705,0,-983040,222720,0,315934
63715,0,-983040,222720,0,315934
63725,0,-983040,222720,0,315934
63736,0,-983040,222720,0,315934
63746,0,-983040,222720,0,315934
63756,0,-983040,222720,0,315934
63766,0,-983040,222720,0,315934
63776,0,-983040,222720,0,315934
63786,0,-983040,222720,0,315934
63796,0,-983040,222720,0,315934
63806,0,-983040,222720,0,315934
63816,0,-983040,222720,0,315934
63826,0,-983040,222720,0,315934
63836,0,-983040,222720,0,315934
63846,0,-983040,222720,0,315934
63856,0,-983040,222720,0,315934
63866,0,-983040,222720,0,315934
63876,0,-983040,222720,0,315934
63886,0,-983040,222720,0,315934
63896,0,-983040,222720,0,315934
63906,0,-983040,222720,0,315934
63916,0,-983040,222720,0,315934
63926,0,-983040,222720,0,315934
63936,0,-983040,222720,0,315934
63946,0,-983040,222720,0,315934
63956,0,10240,-2320,0,-8812
63966,0,1024,-232,0,3281
63976,0,7168,-1624,0,-2668
63986,0,4096,-928,0,-206
63996,0,12288,-2784,0,-7790
64006,0,9216,-2088,0,-2952
64016,0,8192,-1856,0,-718
64026,0,7168,-1624,0,1524
64036,0,6144,-1392,0,-373
64046,0,10240,-2320,0,-4224
64056,0,9216,-2088,0,-3437
64066,0,7168,-1624,0,-1810
64076,0,10240,-2320,0,-4938
64086,0,-9216,2088,0,20418
64096,0,-1024,232,0,-7216
64106,0,4096,-928,0,6735
64116,0,18432,-4176,0,-19452
64126,0,25600,-6496,0,-11499
64136,0,3072,-696,0,-2196
64146,0,28672,-6496,0,-13639
64156,0,12288,-2784,0,-9367
64166,0,8192,-1856,0,2649
64176,0,22528,-5104,0,-8049
64186,0,75776,-17168,0,-47974
64196,0,44032,-9976,0,-10725
64206,0,12288,-2784,0,4039
64216,0,-6144,1392,0,5703
64226,0,6144,-1392,0,-19543
64236,0,43008,-9744,0,-51293
64246,0,21504,-4872,0,-17421
64256,0,12288,-2784,0,-7299
64266,0,7168,-1624,0,-1632
64276,0,17408,-3944,0,-11475
64286,0,-6144,1392,0,6686
64296,0,-23552,5336,0,14889
64306,0,46080,-10440,0,-50437
64316,0,-66560,15080,0,62964
64326,0,-81920,18560,0,54839
64336,0,22528,-5104,0,-38066
64346,0,-112640,25520,0,71181
64356,0,-73728,16704,0,22124
64366,0,-93184,21112,0,25952
64376,0,-122880,27840,0,42360
64386,0,-110592,25056,0,13653
64396,0,-57344,12992,0,-46194
64406,0,-51200,11600,0,-55465
64416,0,-25600,5800,0,-63285
64426,0,-46080,13456,0,-16520
64436,0,22528,-5104,0,-77962
64446,0,-15360,3480,0,6580
64456,0,-14336,3248,0,24215
64466,0,57344,-12992,0,-34014
64476,0,2048,2088,0,28598
64486,0,-47104,10672,0,54666
64496,0,51200,-11600,0,-69317
64506,0,-101376,22968,0,52751
64516,6144,-218112,50808,2600,114679
64526,6144,-333824,77024,598,189000
64536,12288,-186368,45008,2099,38323
64546,12288,-131072,32480,476,-7848
64556,12288,-122880,30624,61,7678
64566,21504,-286720,69832,2624,166137
64576,21504,-336896,81200,671,207089
64586,52224,-194560,55912,13220,89313
64596,55296,-209920,61480,4211,102160
64606,76800,-238592,71456,13757,160711
64616,86016,55296,6960,7189,-82802
64626,86016,-2048,19952,1916,190
64636,178176,-63488,54752,35559,129745
64646,178176,87040,20648,9106,-34524
64656,266240,96256,38512,40075,23628
64666,266240,-28672,66816,10253,157511
64676,266240,125952,31784,2746,33835
64686,318464,189440,29232,15771,38049
64696,369664,145408,50808,30541,144708
64706,369664,90112,63336,8325,193915
64716,428032,194560,52896,29016,151812
64726,435200,316416,26912,11889,49254
64736,435200,338944,21808,3002,47703
64746,483328,453632,6728,13781,-17783
64756,483328,484352,-232,3723,26505
64766,579584,441344,31320,36999,104992
64776,579584,482304,22040,9472,71370
64786,579584,532480,10672,2563,59400
64796,579584,645120,-14848,585,1236
64806,707584,695296,2784,43041,57312
64816,707584,663552,9976,11010,89857
64826,707584,1026048,-72152,2746,-187125
64837,904192,1088512,-41760,54089,-60843
64847,1062912,1149952,-19720,90966,41820
64857,1084416,1172480,-19952,30944,20361
64867,1084416,1219584,-30624,8435,1660
64877,1084416,1388544,-68904,2087,-128019
64887,1084416,1269760,-41992,476,-10516
64897,1084416,1289216,-46400,73,-54299
64907,1084416,1274880,-43152,0,-80558
64917,1084416,1140736,-12760,0,-1964
64927,1258496,1028096,52200,116723,229537
64937,1284096,1015808,60784,41674,145893
64947,1310720,1069056,54752,20764,73987
64957,1324032,1171456,34568,3271,-18464
64967,1324032,1152000,38976,781,34923
64977,1310720,1156096,35032,-4236,46157
64987,1310720,1278976,7192,-1160,-35680
64997,1284096,1287168,-3944,-11719,-48320
65007,1284096,1201152,18792,-3296,70247
65017,1042432,1282048,-54288,-152845,-203948
65027,1042432,1249280,-46864,-42115,-86813
65037,752640,1169408,-94424,-100501,-169954
65047,620544,1076224,-103240,-103821,-202913
65057,579584,835584,-58000,-47254,-58562
65067,579584,585728,-1392,-12244,65665
65077,458752,486400,-6264,-30494,-17312
65087,458752,320512,31320,-7923,51136
65097,372736,206848,37584,-28687,43184
65107,355328,166912,42688,-11854,61450
65117,305152,123904,41064,-24524,69829
65127,301056,122880,51736,-7569,126806
65137,301056,90112,47792,-2137,101456
65147,294912,117760,40136,-3077,56512
65157,285696,74752,47792,-3528,55276
65167,272384,120832,34336,-8875,22941
65177,269312,145408,28072,-3577,-717
65187,275456,128000,33408,732,24627
65197,249856,132096,26680,-10865,-1932
65207,249856,97280,34568,-2894,39937
65217,202752,30720,38976,-14502,71712
65227,181248,-33792,48720,-15699,104922
65237,181248,-99328,58232,-4126,131767
65247,178176,-51200,51968,-3553,92098
65257,178176,19456,35960,-977,16488
65267,178176,68608,24824,-342,-35074
65277,178176,-11264,42920,-184,44190
65287,135168,-99328,53128,-22437,96330
65297,110592,-93184,46168,-15455,101022
65307,82944,-58368,32016,-23816,63422
65317,82944,-93184,39904,-6214,140331
65327,61440,-128000,42920,-9827,128387
65337,64512,-56320,27376,-1832,47771
65347,67584,-41984,24824,1025,21263
65357,67584,-44032,25288,195,21306
65367,67584,-87040,35032,0,71018
65377,67584,-12288,18096,0,15899
65387,64512,-28672,21112,-1136,49010
65397,64512,-54272,26912,-379,77538
65407,67584,-146432,48488,1330,149656
65417,67584,-112640,40832,280,99058
65427,67584,-142336,47560,0,121536
65437,67584,-180224,56144,0,155943
65447,76800,-130048,46864,3210,117087
65457,76800,12288,14616,769,-8012
65467,76800,47104,6728,146,-19716
65477,76800,22528,12296,0,20014
65487,70656,80896,-2320,-1526,-18869
65497,70656,10240,13688,-477,60398
65507,61440,-30720,20880,-3443,87939
65517,58368,-68608,28768,-1673,109842
65527,61440,-65536,24592,903,85059
65537,61440,-105472,37816,183,140716
65547,61440,-115712,40136,0,145171
65557,55296,-38912,21344,-2833,66692
65567,55296,-25600,18328,-806,57581
65577,39936,-49152,12760,-9949,35229
65587,36864,-27648,14616,-4212,45595
65597,36864,21504,3480,-1148,5169
65607,12288,-19456,7192,-15833,26891
65617,12288,-77824,20416,-4139,95200
65627,12288,-76800,20184,-1136,94182
65637,9216,-83968,21112,-1075,95294
65647,9216,-176128,41992,-355,169846
65657,3072,-216064,49648,-2198,167945
65667,0,-181248,41064,-2442,138468
65677,0,-178176,40368,-696,132575
65687,0,-184320,41760,-269,141820
65697,0,-92160,20880,-184,57520
65707,0,23552,-5336,-184,-39716
65717,0,-35840,8120,-184,19205
65727,0,-59392,13456,-184,42095
65737,0,-105472,23896,-184,91830
65747,0,-205824,46632,-184,186503
65757,0,-177152,40136,-184,153754
65767,0,-100352,22736,-184,82669
65777,0,-95232,21576,-184,88807
65787,-4096,54272,-13224,-2417,-41412
65797,-4096,40960,-10208,-733,-8108
65807,-4096,1024,-1160,-269,43374
65817,-4096,23552,-6264,-184,31717
65827,-4096,-72704,15544,-184,129476
65837,-4096,-74752,16008,-184,128737
65847,-4096,-2048,-464,-184,66554
65857,-4096,0,-928,-184,70939
65867,-7168,153600,-36424,-2381,-72480
65877,-10240,99328,-24824,-2417,-22730
65887,-10240,31744,-9512,-696,30648
65897,-19456,-40960,4872,-4004,84949
65907,-19456,-148480,29232,-1160,171619
65917,-47104,-125952,17864,-10755,112135
65927,-62464,-104448,9512,-7203,77043
65937,-102400,-123904,4872,-22620,49989
65947,-133120,-72704,-13688,-16712,-16316
65957,-133120,-182272,11136,-4651,86030
65967,-257024,-324608,15312,-61438,98411
65977,-257024,-327680,16008,-16980,107624
65987,-373760,-525312,34336,-34168,193591
65997,-373760,-460800,19720,-8887,90923
66007,-580608,-516096,-14616,-75245,-6734
66017,-720896,-609280,-25288,-113550,-29614
66027,-753664,-763904,2320,-45240,126831
66037,-753664,-894976,32016,-12513,220105
66047,-864256,-874496,2320,-36768,68594
66057,-864256,-973824,24824,-10181,121383
66067,-864256,-1022976,35960,-2710,111524
66077,-975872,-1030144,12296,-27417,39567
66087,-1053696,-1146880,21112,-45411,93801
66097,-1128448,-1137664,2088,-36414,60658
66107,-1408000,-1256448,-34336,-185218,-78308
66117,-1482752,-1289216,-43848,-85035,-34048
66127,-1482752,-1427456,-12528,-21998,60127
66137,-1829888,-1704960,-28304,-83436,118614
66148,-1829888,-2015232,41992,-22999,238904
66158,-1829888,-2236416,92104,-5994,304195
66168,-2196480,-2360320,37120,-232178,2032
66178,-2196480,-2304000,24360,-59937,57115
66188,-2292736,-2458624,25984,-45276,89411
66198,-2318336,-2396160,17632,-18262,33471
66208,-2342912,-2592768,56608,-15271,139567
66218,-2342912,-2576384,52896,-4004,82799
66228,-2342912,-2725888,86768,-1160,178791
66238,-2342912,-2709504,83056,-367,153230
66248,-2342912,-2751488,92568,-184,210550
66258,-2342912,-2724864,86536,-184,197825
66268,-2342912,-2758656,94192,-184,254530
66278,-2342912,-2709504,83056,-184,217083
66288,-2500608,-2735104,53128,-33216,175606
66298,-2788352,-2700288,-19952,-132020,-39697
66308,-2788352,-2796544,1856,-34119,110282
66318,-3354624,-2967552,-87696,-176832,-171274
66328,-3354624,-3139584,-48720,-48707,44406
66338,-3658752,-3526656,-29928,-100757,86247
66348,-3779584,-3835904,12760,-98987,140093
66358,-3779584,-4039680,58928,-25599,207326
66368,-3738624,-4245504,114840,4467,290648
66378,-3698688,-4194304,112288,23229,196147
66388,-3618816,-4139008,117856,37890,187130
66398,-3618816,-4007936,88160,524548,709203
66408,-2944000,-3810304,196272,144213,301251
66418,-2318336,-3386368,241976,271813,344069
66428,-2318336,-3046400,164952,74682,91814
66438,-1298432,-2472960,266104,547497,595735
66448,-1298432,-2124800,187224,150524,193908
66458,-489472,-1614848,254968,655957,777261
66468,-332800,-1117184,177712,250231,292850
66478,-163840,-732160,128760,132141,177347
66488,-99328,-243712,32712,51538,-31627
66498,-10240,-11264,232,59375,44722
66508,-4096,203776,-47096,18554,-38452
66518,0,91136,-20648,7641,139775
66528,0,114688,-25984,1892,109897
66538,0,17408,-3944,463,171967
66548,0,9216,-2088,61,131876
66558,0,63488,-14384,0,45758
66568,0,10240,-2320,0,66335
66578,0,58368,-13224,0,3876
66588,0,-29696,6728,0,76845
66598,0,-4096,928,0,48527
66608,0,-78848,17864,0,133194
66618,0,-64512,14616,0,127992
66628,0,-20480,4640,0,103390
66638,0,14336,-3248,0,83558
66648,0,112640,-25520,0,2460
66658,0,95232,-21576,0,29862
66668,0,-5120,1160,0,130025
66678,0,16384,-3712,0,112408
66688,0,-15360,3480,0,141209
66698,0,145408,-32944,0,-13103
66708,0,61440,-13920,0,71451
66718,0,69632,-15776,0,61843
66728,0,61440,-13920,0,67857
66738,0,23552,-5336,0,95209
66748,0,119808,-27144,0,-2112
66758,0,226304,-51272,0,-93827
66768,0,141312,-32016,0,-10790
66778,0,123904,-28072,0,-1546
66788,0,26624,-6032,0,79571
66798,0,-45056,10208,0,128055
66808,3072,25600,-5104,2343,47002
66818,3072,126976,-28072,585,-55161
66828,3072,29696,-6032,97,48282
66838,3072,3072,0,0,79824
66848,6144,16384,-2320,1672,79701
66858,6144,-34816,9280,366,121395
66868,9216,72704,-22736,3198,-21123
66878,12288,41984,-6728,817,43194
66888,43008,-10240,12064,11657,99481
66898,46080,7168,8816,3771,24661
66908,46080,37888,1856,964,30263
66918,46080,155648,-24824,183,-72301
66928,46080,186368,-31784,0,-15700
66938,46080,-12288,13224,0,124512
66948,228352,19456,47328,68322,201789
66958,249856,17408,52664,24560,171755
66968,398336,106496,66120,83178,200068
66978,412672,336896,17168,26428,-8635
66988,564224,396288,38048,115600,137216
66998,610304,516096,21344,52136,42328
67008,801792,582656,49648,80712,122244
67018,904192,735232,38280,48217,35863
67028,1105920,1011712,21344,110327,-1875
67038,1127424,1050624,17400,37854,12340
67048,1127424,1161216,-7656,9680,-3354
67058,1138688,1180672,-9512,7885,68338
67068,1138688,1241088,-23200,1953,-30372
67078,1138688,1379328,-54520,476,-62603
67088,1138688,1338368,-45240,61,-23580
67098,1138688,1345536,-46864,0,-43411
67108,1310720,1286144,5568,108142,141138
67118,1324032,1271808,11832,36157,61603
67128,1324032,1312768,2552,9265,6684
67138,1350656,1292288,13224,19042,86824
67148,1350656,1441792,-20648,5175,-12349
67158,1422336,1715200,-66352,24902,-176289
67168,1466368,1678336,-48024,16223,-90576
67178,1680384,1647616,7424,101818,101228
67188,1680384,1643520,8352,26196,57855
67198,2057216,1735680,56144,130346,138121
67208,2079744,2007040,16472,46032,-40846
67218,2079744,2156544,-17400,11804,-86084
67228,2291712,2306048,-3248,47460,-39588
67238,2291712,2505728,-48488,13000,-145501
67248,2726912,2527232,45240,137792,138712
67258,2911232,2632704,63104,146484,161181
67268,2911232,2770944,31784,37707,31651
67278,2911232,3069952,-35960,9643,-137005
67288,3540992,3393536,31320,247912,83837
67298,3540992,3472384,15544,68139,-28675
67308,4395008,3660800,166344,436511,508119
67318,4395008,3937280,103704,119995,123672
67328,5105664,4445184,149640,315246,266293
67338,5160960,4868096,54520,96240,-69154
67348,5215232,5398528,-41528,56396,-231538
67358,5215232,5826560,-138504,14465,-388632
67368,5215232,5912576,-157992,3918,-264721
67378,5215232,5808128,-134328,952,-132622
67388,5215232,5769216,-125512,183,-116043
67399,5215232,5711872,-112520,0,-103618
67409,5215232,5616640,-90944,0,-72942
67419,5215232,5559296,-77952,0,-71053
67429,5105664,5573632,-106024,-56995,-177713
67439,5105664,5676032,-129224,-14771,-215130
67449,5105664,5764096,-149176,-4126,-255402
67459,3040256,5614592,-583248,-562220,-1107429
67469,3040256,5197824,-488592,-145044,-509850
67479,1628160,3943424,-524552,-569678,-583035
67489,625664,2980864,-533600,-864002,-906129
67499,540672,2103296,-354032,-281751,-252695
67509,540672,1061888,-118088,-72730,225569
67519,305152,751616,-101152,-78797,-84517
67529,305152,519168,-48488,-21753,-47609
67539,132096,547840,-94192,-66541,-252855
67549,132096,728064,-135024,-17225,-354621
67559,6144,478208,-106952,-65955,-195417
67569,6144,545792,-122264,-17066,-276701
67579,0,307200,-69600,-6336,-133889
67589,0,-45056,10208,-1697,54560
67599,0,-105472,23896,-501,-35327
67609,0,-285696,64728,-196,26368
67619,0,-455680,103240,-184,99723
67629,0,-274432,62176,-184,-86455
67639,0,-152576,34568,-184,-143819
67649,0,-364544,82592,-184,109899
67659,0,-335872,76096,-184,104026
67669,0,-61440,13920,-184,-131926
67679,0,19456,-4408,-184,-127328
67689,0,-123904,28072,-184,-19372
67699,0,-206848,46864,-184,62289
67709,0,-131072,29696,-184,-14674
67719,0,-17408,3944,-184,-122469
67729,0,-35840,8120,-184,-92172
67739,0,-214016,48488,-184,84156
67749,0,-226304,51272,-184,82949
67759,0,-139264,31552,-184,-9019
67769,0,-80896,18328,-184,-63242
67779,0,-181248,41064,-184,38193
67789,0,-244736,55448,-184,96301
67799,0,-285696,64728,-184,119621
67809,0,-271360,61480,-184,88115
67819,0,-216064,48952,-184,22312
67829,0,-247808,56144,-184,58722
67839,0,-288768,65424,-184,105810
67849,0,-160768,36424,-184,9541
67859,0,-81920,18560,-184,-21417
67869,0,-145408,32944,-184,65261
67879,0,-172032,38976,-184,98461
67889,0,-176128,39904,-184,96277
67899,0,-200704,45472,-184,101756
67909,0,-35840,8120,-184,-68250
67919,0,-94208,21344,-184,-8359
67929,0,-174080,39440,-184,63986
67939,0,-244736,55448,-184,120563
67949,0,-278528,63104,-184,147123
67959,0,-251904,57072,-184,115743
67969,0,-89088,20184,-184,-36810
67979,0,-101376,22968,-184,-21568
67989,0,-106496,24128,-184,-17001
67999,0,-109568,24824,-184,69329
68009,0,-319488,72384,-184,194555
68019,0,-284672,64496,-184,151222
68029,0,-334848,75864,-184,187640
68039,0,-251904,57072,-184,97653
68049,0,-187392,42456,-184,42871
68059,0,-206848,54520,-184,93042
68069,0,-239616,54288,-184,94499
68079,0,-374784,84912,-184,219627
68089,0,-212992,48256,-184,77150
68099,0,-242688,54984,-184,122871
68109,0,-180224,40832,-184,78439
68119,-4096,-229376,51040,-2137,134192
68129,-4096,-159744,35264,-623,64505
68139,-4096,-266240,59392,-232,161208
68149,-4096,-268288,59856,-184,164759
68159,-4096,-227328,50576,-184,120185
68169,-4096,-58368,12296,-184,-22268
68179,-7168,-105472,22272,-1551,28604
68189,-7168,-329728,73080,-477,249606
68199,-7168,-191488,41760,-184,96807
68209,-7168,-154624,33408,-184,50813
68219,-7168,-83968,17400,-184,-23282
68229,-7168,-273408,67744,-184,185575
68239,-10240,-261120,56840,-1551,149485
68249,-10240,-206848,44544,-477,107823
68259,-40960,-225280,41760,-14820,120526
68269,-40960,-187392,33176,-4126,92629
68279,-74752,-202752,29000,-11573,87387
68289,-77824,-217088,31552,-3943,129958
68299,-99328,-430080,74936,-10279,279834
68309,-105472,-274432,38280,-4517,121559
68319,-157696,-277504,27144,-32093,76084
68329,-179200,-183296,928,-16932,-6205
68339,-179200,-391168,48024,-4432,214018
68349,-257024,-492544,53360,-47168,173778
68359,-267264,-456704,42920,-16309,120145
68369,-289792,-422912,30160,-11097,73247
68379,-319488,-441344,27608,-13733,67690
68389,-319488,-534528,48720,-3614,161658
68399,-429056,-462848,7656,-53650,8782
68409,-452608,-572416,27144,-26917,136707
68419,-541696,-553984,2784,-43128,62262
68429,-621568,-701440,18096,-44007,143451
68439,-781312,-610304,-38744,-94153,-76370
68449,-832512,-783360,-11136,-46448,66716
68459,-1004544,-1049600,10208,-58765,191954
68469,-1185792,-1216512,6960,-116370,145622
68479,-1185792,-1146880,-8816,-30091,51335
68489,-1351680,-1345536,-6496,-126490,-26552
68499,-1423360,-1525760,23200,-74476,109601
68510,-1467392,-1722368,57768,-35792,229120
68520,-1595392,-1695744,22736,-107581,42075
68530,-1595392,-1716224,27376,-27808,89111
68540,-1595392,-1832960,53824,-7239,176950
68550,-1950720,-1782784,-38048,-143555,-130008
68560,-1950720,-1929216,-4872,-37085,68439
68570,-1950720,-2179072,51736,-9644,250877
68580,-2243584,-2372608,29232,-82264,194511
68590,-2612224,-2305024,-69600,-200293,-171489
68600,-2698240,-2536448,-36656,-87415,29293
68610,-3108864,-2783232,-73776,-316321,-217922
68620,-3247104,-3083264,-37120,-148768,17190
68630,-3247104,-3376128,29232,-41004,224042
68640,-3904512,-3716096,-42688,-178077,43889
68650,-4491264,-3801088,-156368,-330909,-384335
68660,-4491264,-4371456,-27144,-91089,142350
68670,-5106688,-4992000,-25984,-307105,40049
68680,-5328896,-5298176,-6960,-192444,65028
68690,-5442560,-5691392,56376,-89661,189826
68700,-5442560,-6152192,160776,-23194,415997
68710,-5385216,-6218752,188848,21398,355251
68720,-5385216,-6240256,193720,5444,304292
68730,-5442560,-6051840,138040,-13184,122371
68740,-5442560,-6014976,129688,-3480,162183
68750,-5385216,-5920768,121336,17944,163351
68760,-5328896,-5831680,113912,67395,161054
68770,-5328896,-5947392,140128,17321,246971
68780,-4491264,-5920768,323872,263293,671400
68790,-3008512,-5673984,603896,1004479,1611532
68800,-2757632,-5056512,520840,373168,739353
68810,-2757632,-4015104,284896,102575,18684
68820,-1185792,-2978816,406232,434606,437007
68830,-753664,-1852416,248936,296447,85735
68840,-684032,-884736,45472,104431,-323386
68850,-546816,-375808,-38744,107727,-200243
68860,-524288,-261120,-59624,37329,36650
68870,-524288,-359424,-37352,10205,117068
68880,-335872,-400384,14616,87402,238343
68890,-276480,-400384,28072,49316,159583
68900,-276480,-486400,47560,12658,176766
68910,-56320,-362496,69368,132946,267688
68920,-56320,-186368,29464,36511,65264
68930,0,-225280,51040,25671,213962
68940,0,-34816,7888,6542,118297
68950,0,88064,-19952,1708,61866
68960,0,46080,-10440,366,134075
68970,0,113664,-25752,24,59649
68980,0,153600,-34800,0,18240
68990,0,96256,-21808,0,73554
69000,6144,-87040,21112,3149,244506
69010,6144,141312,-30624,793,24709
69020,12288,99328,-19720,4833,87043
69030,12288,155648,-32480,1196,40682
69040,12288,222208,-47560,268,-27118
69050,12288,139264,-28768,0,69533
69060,12288,92160,-18096,0,96769
69070,12288,176128,-37120,0,5292
69080,9216,207872,-45008,-2198,-47111
69090,6144,24576,-4176,-2137,109503
69100,6144,125952,-27144,-660,-5658
69110,6144,26624,-4640,-245,105812
69120,6144,176128,-38512,-184,-38575
69130,6144,275456,-61016,-184,-124919
69140,6144,183296,-40136,-184,-25116
69150,3072,15360,-2784,-1648,194204
69160,3072,131072,-29000,-501,-16335
69170,3072,57344,-12296,-184,40960
69180,0,77824,-17632,-1648,1430
69190,0,44032,-9976,-501,33572
69200,0,-54272,12296,-184,119696
69210,0,12288,-2784,-184,63810
69220,0,181248,-41064,-184,-91354
69230,0,-28672,6496,-184,110848
69240,0,10240,-2320,-184,59380
69250,0,-39936,9048,-184,102145
69260,0,126976,-28768,-184,-63335
69270,0,66560,-15080,-184,24606
69280,0,-58368,13224,-184,136312
69290,0,111616,-25288,-184,-38886
69300,0,37888,-8584,-184,17767
69310,0,47104,-10672,9191,-2389
69320,12288,-72704,19256,2453,113534
69330,104448,-15360,27144,37451,104928
69340,104448,202752,-22272,10241,-103008
69350,104448,166912,-14152,2563,-26361
69360,462848,79872,86768,143994,295209
69370,2291712,283648,454952,1434838,1846837
69380,2879488,577536,521536,694702,1083048
69390,2879488,1573888,295800,179077,59289
69400,7916544,2782208,1163248,1803881,2388366
69410,7916544,4950016,672104,465087,129640
69420,9882624,7333888,577448,857409,267852
69430,9980928,9412608,128760,310766,-681711
69440,9980928,10720256,-167504,80053,-844342
69450,9980928,11037696,-239424,20581,-503011
69460,8851456,10586112,-393008,-503834,-758324
69470,8851456,9959424,-251024,-129981,-145046
69480,8851456,8637440,48488,-35816,589544
69490,5558272,8394752,-642640,-2364795,-2773635
69500,5384192,7712768,-527568,-694397,-869004
69510,5384192,6983680,-362384,-191065,-161684
69520,4255744,5676032,-321784,-495582,-270559
69530,4255744,4646912,-88624,-127869,266893
69540,3210240,3915776,-159848,-402930,-194187
69550,2974720,3337216,-82128,-163953,90492
69560,1594368,3064832,-333152,-670752,-925637
69570,1184768,2442240,-284896,-328602,-324425
69580,492544,1948672,-329904,-548975,-690997
69590,432128,1004544,-129688,-169141,43604
69600,432128,481280,-11136,-46570,206192
69610,432128,233472,45008,-12085,96282
69620,432128,199680,52664,-3394,-177
69630,432128,244736,42456,-953,-30878
69640,0,457728,-103704,-97046,-346086
69650,0,302080,-68440,-26746,-107772
69660,0,10240,-2320,-6959,97685
69670,0,-24576,5568,-2002,2560
69680,-4096,-236544,52664,-2430,103609
69690,-4096,-183296,40600,-696,1782
69700,-4096,-72704,15544,-269,-89060
69710,-4096,-123904,27144,-184,-5048
69720,-4096,-89088,19256,-184,-4509
69730,-4096,116736,-27376,-184,-182199
69740,-7168,-116736,24824,-1465,58314
69750,-16384,-70656,12296,-3113,-17981
69760,-16384,87040,-23432,-916,-171707
69770,-16384,-327680,70528,-318,200637
69780,-302080,-21504,-63568,-82923,-281504
69790,-677888,-234496,-100456,-244361,-350775
69800,-1128448,-547840,-131544,-243360,-263155
69810,-2757632,-705536,-464928,-1305787,-1727686
69820,-2757632,-1579008,-267032,-359253,-242048
69830,-2757632,-2148352,-138040,-92701,76155
69840,-9785344,-3209216,-1502664,-1933143,-3032167
69850,-17213440,-5038080,-2758480,-4635926,-6508737
69860,-17213440,-8107008,-2063176,-1195545,-1742280
69870,-17213440,-11758592,-1235864,-328907,336295
69880,-17213440,-15431680,-403680,-84888,1357309
69890,-17213440,-17599488,88856,-21961,1253714
69900,-17213440,-18140160,209960,-6104,568458
69910,-17213440,-17944576,165648,-1648,100010
69920,-9402368,-17185792,1763432,2929602,4183907
69931,-9402368,-15651840,1415896,755395,1422470
69941,-9402368,-12964864,807128,194726,-301938
69951,-1033216,-10689536,2187760,3192944,4125138
69961,-429056,-7996416,1714480,1046960,1366614
69971,-429056,-4663296,959320,287890,-453158
69981,0,-1817600,411800,235107,-810447
69991,6144,-119808,28536,64672,-803306
70001,6144,546816,-122496,17724,-521632
70011,6144,194560,-42688,4504,75318
70021,122880,-244736,83288,48706,366360
70031,122880,-555008,153584,13330,410422
70041,337920,-548864,200912,78991,422050
70051,337920,-187392,119016,21643,29865
70061,337920,248832,20184,5505,-69391
70071,337920,527360,-42920,1354,-79409
70081,3007488,917504,473512,781396,1128638
70091,3007488,1633280,311344,214855,252999
70101,7836672,2915328,1114992,1647509,2258126
70111,10802176,4859904,1346296,1161145,1604913
70121,16135168,7900160,1865744,2727246,3229331
70131,16284672,11525120,1078336,752490,107693
70141,16284672,14888960,316216,206909,-1190496
70151,16284672,17399808,-252648,53283,-1485204
70161,16284672,18266112,-448920,13684,-996727
70171,16436224,17920000,-336168,98962,-213411
70181,15985664,16920576,-211816,-166858,17781
70191,11567104,15935488,-989712,-1408826,-1875321
70201,7998464,14340096,-1436776,-1678846,-2283144
70211,5499904,11502592,-1359984,-1499402,-1498213
70221,4164608,8032256,-876264,-773646,95778
70231,1364992,5036032,-831720,-1393091,-544649
70241,878592,2279424,-317376,-566895,643556
70251,642048,860160,-49416,-214783,902167
70261,259072,276480,-3944,-284864,368921
70271,259072,699392,-99760,-73523,-206620
70281,95232,1138688,-236408,-70936,-575858
70291,73728,1191936,-253344,-22876,-401510
70301,73728,1041408,-220400,-5982,-232753
70311,12288,623616,-138504,-19520,683
70321,12288,236544,-50808,-5127,141583
70331,12288,149504,-31088,-1392,14427
70341,3072,55296,-11832,-3113,-11554
70351,3072,52224,-11136,-867,-63039
70361,0,243712,-55216,-1539,-239568
70371,0,-116736,26448,-477,106559
70381,0,72704,-16472,-184,-111580
70391,0,-12288,2784,-184,-65029
70401,0,-288768,65424,-184,132706
70411,0,-31744,7192,-184,-142275
70421,0,-60416,13688,-184,-109329
70431,0,-235520,53360,-184,59551
70441,0,-66560,15080,-184,-95505
70451,0,-86016,19488,-184,-65608
70461,0,-384000,87000,-184,208169
70471,0,-154624,35032,-184,-23295
70481,129024,-128000,58232,45227,48204
70491,308224,-239616,124120,57238,229995
70501,308224,-67584,85144,15673,78856
70511,2057216,288768,400664,619079,834835
70521,3657728,727040,663984,1315002,1702333
70531,4032512,1763328,514112,521020,499358
70541,4032512,3022848,228752,134289,-315130
70551,6175744,4025344,487200,1474023,1347338
70561,6175744,4646912,346376,380041,301374
70571,6175744,5329920,191632,97937,-61439
70581,6047744,5873664,39440,-5726,-227985
70591,4443136,6093824,-373984,-732056,-1243437
70601,3737600,5664768,-436624,-421460,-638451
70611,3427328,4666368,-280720,-190064,-64013
70621,1908736,3183616,-288840,-740467,-355795
70631,1908736,2011136,-23200,-191004,470509
70641,605184,1309696,-159616,-424146,-144144
70651,605184,290816,71224,-109437,482162
70661,190464,-109568,67976,-166895,222031
70671,82944,-265216,78880,-67151,118197
70681,-4096,-403456,90480,-54529,97056
70691,-4096,-461824,103704,-15076,140109
70701,0,-439296,99528,-3040,137662
70711,0,-310272,46632,-867,-49994
70721,0,-155648,35264,-318,-48409
70731,0,-373760,84680,-184,179440
70741,0,-359424,81432,-184,161380
70751,0,-296960,67280,-184,94399
70761,0,-225280,51040,-184,23301
70771,0,-345088,78184,-184,137090
70781,0,-193536,43848,-184,-2156
70791,0,-297984,77488,-184,162543
70801,0,-183296,41528,-184,27961
70811,0,-128000,29000,-184,-4251
70821,0,-102400,23200,-184,69243
70831,0,-332800,75400,-184,228409
70841,0,-151552,34336,-184,58205
70851,0,-69632,15776,-184,-17726
70861,0,-234496,53128,-184,147274
70871,0,-382976,86768,-184,266745
70881,0,-249856,56608,-184,118534
70891,0,-135168,30624,-184,1353
70901,0,-309248,70064,-184,172803
70911,0,-353280,80040,-184,196264
70921,0,-275456,62408,-184,117817
70931,-53248,-79872,6032,-34217,-103401
70941,-53248,-289792,53592,-8899,129021
70951,-53248,-412672,81432,-2515,245107
70961,-570368,-344064,-51272,-222046,-190889
70971,-570368,-312320,-58464,-57325,-101744
70981,-1829888,-587776,-281416,-457789,-551633
70991,-1829888,-1368064,-104632,-126001,157802
71001,-1829888,-1759232,-16008,-32557,200932
71011,-14696448,-2546688,-2752680,-4835572,-7189384
71021,-17213440,-3088384,-3200208,-3047291,-5884632
71031,-17213440,-5346304,-2670784,-785877,-2393374
71041,-17213440,-9125888,-1832336,-216224,-256660
71051,-17213440,-13069312,-938904,-55848,921028
71061,-17213440,-15885312,-300904,-15418,1249904
71071,-17213440,-17302528,20184,-4029,822741
71081,-8081408,-17404928,2112360,6122412,8364831
71091,-7071744,-17224704,2300280,2174255,4440329
71101,-7071744,-15591424,1930240,560595,1817398
71111,-1698816,-12508160,2448992,1427368,2456307
71121,-541696,-8732672,1855768,954443,874273
71131,-279552,-4917248,1050728,332495,-551494
71141,0,-2062336,467248,278857,-832827
71151,0,-521216,118088,71838,-679164
71161,0,-195584,44312,18469,-127184
71171,0,-420864,95352,5004,289852
71181,0,-567296,128528,1208,327570
71191,0,-785408,177944,244,397364
71201,6144,-612352,140128,2661,209945
71211,9216,-364544,84680,2014,69073
71221,9216,-190464,45240,463,52250
71231,9216,57344,-10904,73,-12888
71241,46080,25600,4640,15698,150905
71251,98304,-5120,23432,21472,257004
71261,98304,115712,-3944,5468,133277
71271,240640,157696,18792,66247,171604
71281,249856,324608,-16936,19873,34779
71291,249856,226304,5336,5078,154108
71301,249856,287744,-8584,1342,135104
71311,249856,355328,-23896,292,94164
71321,365568,457728,-20880,48767,139839
71331,365568,555008,-42920,13366,18485
71342,1022976,522240,113448,193884,421491
71352,1297408,898048,90480,114685,159866
71362,5984256,1358848,1047944,2029882,2936577
71372,7070720,2489344,2056680,4268688,5865004
71382,11567104,4893696,1511944,1174072,1595738
71392,15985664,8220672,1759256,2070715,2276369
71402,16135168,12015616,933336,647973,-229082
71412,15690752,15295488,89552,-67383,-1665302
71422,15690752,17383424,-383496,-17420,-1524208
71432,11233280,17715200,-1468560,-1296509,-3151057
71442,11233280,16464896,-1185288,-334400,-1120208
71452,6575104,13919232,-1663904,-1833692,-2438077
71462,5617664,10836992,-1182504,-781861,-473597
71472,3778560,7143424,-762352,-1217823,-205455
71482,3316736,4473856,-262160,-519825,722247
71492,2756608,2485248,61480,-561438,596679
71502,2554880,1574912,222024,-249354,578434
71512,2242560,1537024,159848,-185804,122527
71522,2242560,1794048,101616,-47974,-59873
71532,2242560,1916928,73776,-13270,-48951
71542,2242560,1996800,55680,-3492,2336
71552,391168,2014208,-367720,-472498,-848606
71562,391168,1251328,-194880,-130030,8894
71572,95232,553984,-103936,-144605,58732
71582,70656,-553984,141520,-46521,652887
71592,70656,-730112,181424,-12061,406783
71602,70656,-716800,178408,-3187,225181
71612,70656,-557056,142216,-953,110431
71622,-4096,-130048,28536,-36622,-193809
71632,-4096,-122880,26912,-9510,-23224
71642,-4096,-29696,5800,-2686,-43199
71652,-160768,-209920,11136,-76844,14686
71662,-160768,-424960,59856,-19898,201724
71672,-606208,-412672,-43848,-304224,-278160
71682,-948224,-622592,-73776,-244593,-196715
71692,-2058240,-865280,-277008,-429114,-597804
71702,-3738624,-1643520,-474672,-519300,-609496
71712,-10385408,-2951168,-1684320,-3160022,-4245429
71722,-17213440,-5242880,-2712080,-3270508,-4789772
71732,-17213440,-8278016,-2024432,-843421,-1277512
71742,-17213440,-12522496,-1062792,-217566,791130
71752,-17213440,-15703040,-342200,-59913,1373318
71762,-17213440,-17735680,118320,-15528,1247758
71772,-17213440,-18097152,200216,-4358,535685
71782,-17213440,-17991680,176320,-1209,188322
71792,-17213440,-17339392,28536,-379,-211335
71802,-14422016,-16979968,579536,1270642,1556757
71812,-10181632,-16481280,1427264,1638256,2810597
71822,-2788352,-14540800,2662664,2904846,4707413
71832,-2788352,-11325440,1934184,798937,1144747
71842,-802816,-7525376,1523080,819665,433391
71852,-472064,-3891200,774648,280700,-808841
71862,-472064,-1323008,192792,77136,-1183612
71872,-472064,-52224,-95120,19836,-831126
71882,-472064,206848,-150104,5053,-368722
71892,-4096,-283648,63336,201049,409820
71902,-4096,-848896,191400,51782,522678
71912,-4096,-908288,204856,14160,331555
71922,-4096,-749568,168896,3576,148072
71932,-4096,-496640,111592,854,53132
71942,-4096,-155648,34336,170,-83423
71952,-4096,-96256,20880,0,25741
71962,0,3072,-696,1123,30213
71972,0,-83968,19024,219,136386
71982,0,-44032,9976,0,91308
71992,0,-53248,12064,0,87738
72002,0,-74752,16936,0,107728
72012,0,-73728,16704,0,98450
72022,0,-14336,3248,0,63531
72032,0,92160,-20880,0,-24617
72042,0,24576,-5568,0,66526
72052,6144,74752,-15544,1489,38792
72062,6144,88064,-18560,341,42987
72072,6144,205824,-45240,12,-52123
72082,6144,157696,-36656,0,1797
72092,2124800,197632,436624,1097412,1566058
72102,2726912,589824,484184,494677,834765
72112,8246272,1783808,1464152,2449011,3404382
72122,8246272,4028416,955608,673571,572437
72132,8246272,6887424,307864,173632,-866032
72142,15985664,9196544,1538160,2018786,2305248
72152,15985664,11909120,923592,520495,108295
72162,16284672,14655488,369112,232727,-707705
72172,16284672,16519168,-53128,63952,-1001211
72182,16284672,17225728,-213208,16418,-651162
72192,16436224,16911360,-107648,54150,52473
72202,15985664,16389120,-91408,-269349,-145435
72212,15985664,16114688,-29232,-74158,144682
72222,15985664,15700992,64496,-19190,306057
72232,3903488,15502336,-2627864,-3878663,-6372967
72242,3903488,14339072,-2364312,-1000257,-2799703
72252,1184768,11461632,-2328352,-1098340,-2033973
72262,665600,7953408,-1651144,-418396,-235763
72272,224256,4127744,-884384,-296326,702765
72282,144384,1417216,-288376,-107898,1071150
72292,144384,-396288,122496,-27881,1059508
72302,-13312,-621568,137808,-74537,275588
72312,-4096,-422912,94888,-17713,-47096
72322,0,-136192,30856,-3724,-172290
72332,0,96256,-21808,-1026,-206681
72342,0,105472,-23896,-355,-124800
72352,0,-221184,50112,-184,140369
72362,-7168,-420864,93728,-3211,144984
72372,-40960,-448512,92336,-10682,70497
72382,-93184,-668672,130384,-13770,170073
72392,-93184,-845824,170520,-3846,287438
72402,-289792,-718848,97208,-65784,23584
72412,-289792,-826368,121568,-17042,178798
72422,-338944,-758784,95120,-24415,88935
72432,-561152,-765952,46400,-175904,-119487
72442,-684032,-768000,19024,-109083,-88200
72452,-684032,-1094656,93032,-30079,261855
72462,-1529856,-1104896,-96280,-311548,-303161
72472,-2342912,-1332224,-229448,-501551,-630523
72482,-2342912,-2051072,-66120,-138025,135675
72492,-6507520,-2700288,-862576,-1973755,-2481321
72503,-6507520,-4303872,-499264,-542969,-199548
72513,-7917568,-6163456,-397416,-669007,-46103
72523,-7757824,-7991296,52896,-131885,903669
72533,-7293952,-9141248,418528,203942,1343113
72543,-6576128,-9287680,614336,321801,1134868
72553,-6576128,-8516608,439640,88439,222451
72563,-6576128,-7463936,201144,22729,-257938
72573,-6576128,-6617088,9280,5798,-392150
72583,-1162240,-6207488,1143064,1588110,2489008
72593,-1162240,-4956160,859560,409448,724793
72603,-541696,-2968576,549840,323742,-1695
72613,-459776,-1206272,169128,147583,-581356
72623,-459776,-136192,-73312,37988,-618354
72633,-459776,41984,-119944,9741,-275553
72643,-452608,-285696,-37816,7434,137389
72653,-452608,-796672,77952,1831,405502
72663,-309248,-850944,122728,50854,304907
72673,-166912,-1152000,223184,108483,555788
72683,-71680,-890880,185600,71264,307799
72693,-71680,-600064,119712,19531,104522
72703,0,-352256,79808,50036,109301
72713,0,-159744,36192,12841,47594
72723,0,-109568,24824,3454,80353
72733,0,52224,-11832,830,-6178
72743,0,-118784,26912,158,168023
72753,0,-251904,57072,0,273483
72763,0,-62464,14152,0,66237
72773,0,-133120,30160,0,127488
72783,0,-106496,24128,0,116324
72793,0,-92160,15776,0,88292
72803,0,-110592,25056,0,153932
72813,-7168,-14336,1624,-2271,58265
72823,-10240,55296,-14848,-1380,-2845
72833,-37888,20480,-13224,-12232,17076
72843,-37888,-257024,49648,-3211,266919
72853,-99328,-117760,4176,-37171,66711
72863,-99328,-125952,6032,-9656,84816
72873,-99328,-169984,16008,-2576,120697
72883,-99328,-58368,-9280,-770,2968
72893,-209920,-262144,11832,-44520,148308
72903,-247808,-194560,-12064,-24024,102483
72913,-247808,-177152,-16008,-6250,95607
72923,-626688,-163840,-104864,-153296,-184296
72933,-768000,-309248,-103936,-83191,-73742
72943,-768000,-670720,-22040,-21521,202653
72953,-1198080,-768000,-97440,-177698,-144881
72963,-2292736,-824320,-332688,-884095,-1192112
72973,-2528256,-1515520,-229448,-358179,-273626
72983,-2528256,-1957888,-129224,-92432,70869
72993,-4688896,-2537472,-487432,-745093,-975587
73003,-5860352,-3919872,-439640,-799024,-600510
73013,-5860352,-5106688,-170752,-206116,286745
73023,-5860352,-6220800,81664,-24439,611711
73033,-5860352,-6847488,223648,-6788,568743
73043,-5559296,-7004160,327352,104052,609109
73053,-3698688,-6396928,611320,830236,1272234
73063,-3698688,-5414912,388832,214038,126488
73073,-3698688,-4202496,114144,58825,-397462
73083,-3698688,-3435520,-59624,15100,-448807
73093,-3698688,-3224576,-107416,4077,-248452
73103,-3698688,-3300352,-90248,976,-92388
73113,-3698688,-3715072,7888,183,174990
73123,-3698688,-4061184,82128,0,286939
73133,-3698688,-4148224,101848,0,209627
73143,0,-3804160,861880,941918,1680360
73153,0,-2685952,608536,242834,284864
73163,0,-1100800,249400,62561,-456198
73173,0,120832,-27376,17150,-669720
73183,0,592896,-134328,4357,-450420
73193,0,460800,-104400,1049,-110402
73203,9216,60416,-11600,2392,148466
73213,98304,-355328,102776,41113,365294
73223,122880,-535552,149176,18127,203463
73233,122880,-235520,81200,4943,-11472
73243,122880,-69632,43616,1208,-78552
73253,122880,-48128,38744,268,16930
73263,76800,122880,-10440,-13685,-74470
73273,76800,92160,-3480,-3614,4176
73283,67584,61440,1392,-3907,18314
73293,70656,23552,10672,-428,24306
73303,70656,-185344,58000,-184,192243
73313,70656,69632,232,-184,-72399
73323,193536,-30720,50808,67736,129343
73333,221184,-45056,60320,28479,120832
73343,297984,29696,60784,30017,113707
73353,352256,121856,52200,19067,94456
73363,352256,359424,-1624,4846,-62343
73373,824320,567296,58232,289221,237889
73383,824320,534528,65656,74499,133055
73393,3246080,835584,546128,989453,1413587
73403,4255744,1547264,613640,529370,795473
73413,11455488,3081216,1897296,3865808,5066384
73423,13495296,5076992,1907272,1879455,2752240
73433,13495296,8175616,1205240,484570,192746
73443,13495296,11493376,453560,124890,-1025782
73453,13495296,13715456,-49880,34277,-1235543
73463,16284672,14794752,337560,832873,527779
73473,16284672,15354880,210656,214685,117977
73483,16284672,15779840,114376,58972,53681
73493,10591232,16219136,-1275072,-1936707,-3386563
73503,10591232,15481856,-1108032,-499488,-1352073
73513,10591232,13467648,-651688,-137464,13000
73523,3617792,11159552,-1708680,-1811536,-2450998
73533,1062912,8142848,-1604048,-1707886,-1825453
73543,1062912,4966400,-884384,-469849,326787
73553,1062912,2001920,-212744,-121216,1211104
73563,1062912,276480,178176,-31324,1151867
73573,92160,-314368,92104,-350074,236656
73583,86016,165888,-18096,-91810,-249757
73594,132096,218112,-19488,-2747,-164098
73604,153600,208896,-12528,6262,-30955
73614,156672,214016,-12992,3479,-50118
73624,153600,137216,3712,-477,-12134
73634,150528,54272,21808,-1221,-5197
73644,129024,-192512,72848,-12659,139539
73654,129024,-24576,34800,-3321,-63582
73664,95232,-104448,45240,-11426,-8793
73674,82944,-227328,70296,-5762,98793
73684,73728,-155648,51968,-5494,-308
73694,70656,-162816,52896,-2540,45240
73704,64512,-31744,21808,-3187,-68369
73714,58368,-189440,56144,-3565,99142
73724,58368,0,13224,-977,-80402
73734,49152,-80896,29464,-2259,8392
73744,30720,-151552,41296,-8545,57404
73754,27648,-133120,36424,-3174,52554
73764,27648,-141312,15080,-892,-35605
73774,27648,35840,-1856,-318,-91368
73784,21504,-65536,19720,-4871,7434
73794,21504,-188416,47560,-1392,122719
73804,21504,56320,-7888,-428,-118366
73814,18432,-164864,41528,-1026,111139
73824,18432,-276480,66816,-355,201962
73834,6144,-119808,28536,-5066,36629
73844,0,-115712,26216,-3052,20686
73854,0,-114688,25984,-916,23665
73864,0,-209920,47560,-318,113124
73874,-4096,-187392,41528,-3113,79577
73884,-4096,10240,-3248,-916,-101943
73894,-4096,-173056,38280,-318,88983
73904,-173056,-181248,1856,-43165,-13387
73914,-493568,-244736,-56376,-177967,-187418
73924,-616448,-389120,-51504,-89173,-78132
73934,-2727936,-486400,-507848,-1534864,-1928826
73944,-3503104,-1199104,-522000,-797376,-966999
73954,-3503104,-2019328,-336168,-205677,-67364
73964,-12380160,-3618816,-1984992,-3656922,-4810362
73974,-17213440,-6097920,-2518360,-3353040,-4424063
73984,-17213440,-9964544,-1642328,-864698,-469949
73994,-17213440,-14166016,-690432,-223047,1258805
74004,-17213440,-17126400,-19720,-61414,1672177
74014,-17213440,-18516992,295336,-15906,1177282
74024,-17213440,-18699264,336632,-4444,626918
74034,-17213440,-17920000,160080,-1221,-65813
74044,-17213440,-17189888,-5336,-379,-316444
74054,-17213440,-16780288,-98136,-184,-308089
74064,-17213440,-16644096,-128992,-184,-252293
74074,-17213440,-17044480,-38280,-184,104369
74084,-13241344,-17333248,927072,2435424,3553709
74094,-13241344,-17008640,853528,627941,1354348
74104,-2669568,-15779840,2970296,3429504,5845211
74114,-1829888,-13717504,2693288,1131225,2783234
74124,-197632,-10459136,2324872,988281,1740898
74134,-197632,-6609920,1452784,271752,-281704
74144,-4096,-3200000,724072,184045,-834611
74154,-4096,-1065984,240584,47375,-857656
74164,-4096,-64512,13688,12976,-570867
74174,0,-173056,39208,4187,60813
74184,0,-408576,101848,1025,337248
74194,0,-741376,167968,219,469775
74204,30720,-748544,176552,14624,394267
74214,107520,-372736,108808,36730,141823
74224,147456,-27648,39672,20959,-5273
74234,147456,177152,-6728,5310,10336
74244,147456,292864,-32944,1391,80212
74254,190464,505856,-71456,12756,23202
74264,190464,543744,-80040,3222,34240
74274,178176,459776,-63800,-4102,119685
74284,190464,628736,-99296,2429,-33143
74294,334848,541696,-46864,80383,154679
74304,394240,443392,-11136,44421,224974
74314,2942976,718848,503904,1955920,2466748
74324,2942976,962560,448688,537939,906893
74334,2942976,1895424,237336,138647,38583
74344,16284672,3073024,2993264,3726452,6255330
74354,16284672,4520960,2665216,1024938,3009138
74364,16284672,7334912,2027680,264233,1069450
74374,16284672,10841088,1233312,68078,-254261
74384,16284672,13502464,630344,18664,-647851
74394,16284672,15319040,218776,4760,-591214
74404,16284672,15933440,79576,1171,-133449
74414,15985664,16021504,-8120,-154627,-45702
74424,13367296,15901696,-574200,-960767,-1289749
74434,9122816,14974976,-1325880,-3300220,-3933933
74444,7218176,13483008,-1419376,-1776001,-2340718
74454,6713344,10865664,-940760,-635572,-185674
74464,3210240,8227840,-1136800,-1569825,-1229113
74474,2911232,5231616,-525712,-550074,440263
74484,2195456,3036160,-190472,-377918,695857
74494,1610752,1765376,-35032,-496094,251675
74504,1208320,1388544,-40832,-323414,-43829
74514,984064,1558528,-130152,-167896,-329450
74524,984064,1375232,-88624,-43372,-109976
74534,509952,1565696,-239192,-242225,-617358
74544,509952,1176576,-151032,-62525,-178949
74554,398336,770048,-84216,-52820,33578
74564,387072,718848,-75168,-20069,-63449
74574,387072,609280,-50344,-5262,-109802
74584,259072,399360,-31784,-44751,-57730
74594,259072,563200,-68904,-12378,-217323
74604,240640,354304,-25752,-9339,-49118
74614,240640,482304,-12064,-2479,26178
74624,240640,602112,-81896,-757,-296824
74634,416768,388096,6496,54162,-32404
74644,584704,253952,74936,78894,149342
74654,584704,399360,41992,20275,-13267
74664,642048,568320,16704,22888,-71463
74674,642048,729088,-19720,6225,-168626
74684,642048,770048,-29000,1538,-162249
74694,642048,695296,-12064,366,-149071
74704,636928,672768,-8120,-2979,-52105
74714,659456,674816,-3480,8776,-32640
74724,659456,565248,21344,2368,46075
74734,1258496,522240,166808,190393,384584
74744,1258496,797696,104400,49035,24988
74754,1577984,1021952,125976,112170,137114
74764,1594368,1347584,55912,32287,-8792
74774,1561600,1721344,-36192,-5152,-203724
74784,1466368,1911808,-100920,-28992,-301147
74794,1466368,1763328,-67280,-7557,-124414
74804,1258496,1570816,-70760,-90845,-141621
74814,1270784,1391616,-27376,-19935,-4522
74824,1270784,1142784,29000,-5530,61215
74834,1324032,1064960,58696,19824,148402
74844,1324032,1204224,27144,5041,-29703
74854,1364992,1252352,25520,23950,-4639
74864,1350656,1371136,-4640,366,-70040
74874,1350656,1345536,1160,24,26041
74884,1350656,1397760,-10672,0,-14606
74894,1350656,1403904,-12064,0,-75459
74904,1232896,1333248,-22736,-84229,-185619
74914,1232896,1169408,14384,-23230,3642
74924,1184768,1049600,30624,-24122,85616
74934,1116160,1147904,-7192,-23768,-16524
74944,1042432,1041408,232,-44788,-33208
74954,947200,954368,-1624,-47352,-30949
74964,625664,865280,-54288,-243067,-261552
74974,625664,771072,-32944,-62757,-39916
74984,625664,529408,21808,-16260,171307
74994,514048,653312,-31552,-31067,-79457
75004,514048,442368,16240,-8069,33659
75014,514048,290816,50576,-2137,147381
75024,500736,559104,-13224,-5762,-123038
75034,500736,320512,40832,-1563,152520
75044,443392,768000,-73544,-20679,-290740
75054,384000,329728,12296,-45228,103877
75064,384000,544768,-36424,-11719,37355
75075,321536,303104,4176,-25257,73697
75085,175104,267264,-20880,-104773,-52878
75095,175104,254976,-18096,-28870,-42026
75105,129024,-3072,29928,-22706,158937
75115,129024,212992,-19024,-5909,-84239
75125,129024,36864,20880,-1673,49950
75135,129024,5120,28072,-501,67548
75145,129024,-58368,42456,-184,102603
75155,458752,17408,99992,149963,256880
75165,458752,134144,73544,38623,43291
75175,1084416,361472,169824,149963,231930
75185,1084416,609280,107648,41198,57515
75195,2847744,1301504,350320,555578,590525
75205,2847744,1912832,211816,152734,5776
75215,3617792,2631680,223416,367968,270123
75225,3778560,3409920,83520,144519,-113196
75235,3861504,4007936,-33176,91833,-265866
75245,3861504,4119552,-58464,23608,-118847
75255,3861504,4250624,-88160,6018,-99566
75265,2942976,3971072,-232928,-301697,-439906
75275,2942976,3482624,-122264,-77869,67895
75285,2393088,3055616,-150104,-191468,-114563
75295,2219008,2247680,-6496,-85975,346531
75305,2219008,2174976,9976,-22230,111213
75315,1753088,1762304,-2088,-150208,27979
75325,1753088,1729536,5336,-38807,27706
75335,1628160,1688576,-13688,-64063,-83946
75345,1594368,1444864,33872,-26380,114538
75355,1310720,1576960,-60320,-163599,-286806
75365,1184768,1377280,-43616,-95459,-95128
75375,939008,1266688,-74240,-212195,-262491
75385,584704,811008,-51272,-267249,-118533
75395,584704,623616,-8816,-68982,91117
75405,584704,454656,-24824,-200672,-134810
75415,345088,138240,46864,-55262,143144
75425,345088,53248,66120,-14319,140575
75435,165888,-119808,64728,-55945,125057
75445,165888,-5120,38744,-14478,17965
75455,55296,58368,-696,-45276,-149571
75465,12288,-210944,50576,-24964,94992
75475,0,-82944,18792,-12879,-46972
75485,0,-232448,52664,-3394,73211
75495,-4096,-229376,51040,-4139,67498
75505,-4096,-350208,78416,-1136,167771
75515,-4096,-234496,52200,-379,72471
75525,-4096,-248832,55448,-184,95589
75535,-62464,-306176,55216,-30396,105514
75545,-62464,-143360,18328,-8423,-20840
75555,-62464,-82944,4640,-2259,-42306
75565,-62464,-130048,15312,-696,17703
75575,-62464,-84992,5104,-257,-15414
75585,-194560,-63488,-29696,-88758,-152125
75595,-194560,-111616,-18792,-24476,-49192
75605,-194560,-192512,-464,-6385,24312
75615,-276480,-217088,-13456,-56653,-87618
75625,-279552,-208896,-16008,-17139,-62707
75635,-279552,-295936,3712,-4493,-5012
75645,-289792,-352256,14152,-7203,8741
75655,-289792,-411648,27608,-1929,41771
75665,-299008,-403456,23664,-3614,9458
75675,-338944,-400384,13920,-11207,-19396
75685,-424960,-424960,0,-44715,-45068
75695,-440320,-500736,13688,-16663,54847
75705,-440320,-544768,23664,-4651,100929
75715,-493568,-512000,4176,-25513,20007
75725,-493568,-521216,6264,-6653,24847
75735,-480256,-470016,-2320,6481,-18077
75745,-480256,-481280,232,1599,-22173
75755,-480256,-505856,5800,366,1927
75765,-480256,-606208,28536,24,112070
75775,-480256,-549888,15776,0,60890
75785,-472064,-505856,7656,2648,30117
75795,-528384,-455680,-16472,-33143,-63460
75805,-601088,-390144,-47792,-39637,-145419
75815,-637952,-467968,-38512,-22364,-64662
75825,-1233920,-634880,-135720,-233558,-288986
75835,-1393664,-868352,-119016,-128455,-98024
75845,-1393664,-1126400,-60552,-35389,63355
75855,-2583552,-1494016,-246848,-340528,-402630
75865,-4841472,-2086912,-624080,-1057435,-1397090
75875,-7600128,-3272704,-980432,-1125416,-1520091
75885,-7600128,-5256192,-531048,-290271,124777
75895,-17213440,-7313408,-2242976,-4182935,-5337923
75905,-17213440,-9670656,-1708912,-1078724,-1480098
75915,-17213440,-12565504,-1053048,-278248,172446
75925,-17213440,-15252480,-444280,-76612,887598
75935,-17213440,-17162240,-11600,-19813,936809
75945,-17213440,-17871872,149176,-5494,553040
75955,-17213440,-17921024,160312,-1478,205302
75965,-12026880,-17491968,1238184,1408544,2513386
75975,-3738624,-15932416,2762656,4966772,7009516
75985,-2015232,-13620224,2629256,1970288,3413889
75995,-433152,-10413056,2261072,1748901,2186288
76005,-188416,-6643712,1462528,586120,149502
76015,-188416,-3277824,699944,151062,-877600
76025,3072,-1039360,236176,96972,-940188
76035,27648,34816,-1624,37670,-577944
76045,79872,316416,-53592,31213,-106370
76055,221184,-68608,65656,100695,402365
76065,321536,-385024,160080,77868,545264
76075,362496,-483328,191632,36730,450004
76085,579584,-419840,226432,164685,530005
76095,579584,-242688,186296,42395,244262
76105,579584,147456,97904,11584,128382
76115,2219008,543744,379552,420458,767926
76125,2219008,1282048,212280,108349,137089
76135,6782976,2183168,1042144,1741784,2443422
76145,7677952,3553280,934496,677026,1018449
76155,15545344,5645312,2242976,4261340,5570342
76165,15545344,8131584,1679680,1098803,1617717
76175,16135168,11294720,1096664,433496,88611
76185,16135168,14114816,457736,119177,-784268
76195,16135168,16173056,-8584,30676,-930459
76205,16284672,17116160,-188384,108081,-518457
76215,16284672,17042432,-171680,29687,-90372
76225,16284672,16701440,-94424,7580,178683
76235,10281984,16258048,-1353952,-4023084,-5041005
76245,10281984,15696896,-1226816,-1037488,-1953236
76255,10281984,14002176,-842856,-267615,-337171
76265,3988480,11789312,-1767376,-1576355,-2207018
76275,3988480,8683520,-1063720,-406543,65439
76285,1173504,5694464,-1024280,-1032996,-546335
76295,766976,2964480,-497872,-381263,559336
76305,523264,678912,-35264,-209327,952980
76315,447488,-503808,215528,-82618,884715
76325,443392,-887808,301600,-23963,581771
76335,435200,-592896,232928,-9742,185016
76345,432128,-171008,136648,-3760,-40342
76355,394240,227328,37816,-24854,-158028
76365,384000,478208,-21344,-11573,-185075
76375,372736,553984,-41064,-6531,-94497
76385,311296,484352,-39208,-37977,-70429
76395,275456,303104,-6264,-26832,35580
76405,275456,30720,55448,-6983,207042
76415,187392,-84992,56376,-25025,153777
76425,187392,-106496,66584,-6959,148713
76435,187392,-95232,64032,-1880,91541
76445,101376,-84992,42224,-18580,20151
76455,101376,-82944,41760,-5152,23236
76465,101376,-211968,70992,-1392,134964
76475,0,-233472,52896,-21705,86712
76485,0,-272384,61712,-6043,118509
76495,0,-207872,47096,-1624,37238
76505,0,-252928,57304,-525,55839
76515,0,-324608,73544,-196,103583
76525,0,-396288,95584,-184,177414
76535,0,-431104,97672,-184,177902
76546,0,-360448,81664,-184,113877
76556,0,-349184,79112,-184,116496
76566,0,-244736,55448,-184,37147
76576,0,-166912,42456,-184,15107
76586,0,-228352,51736,-184,67712
76596,0,-281600,63800,-184,116933
76606,0,-297984,67512,-184,109825
76616,-4096,-317440,70992,-1233,132305
76626,-31744,-319488,65192,-14710,105285
76636,-65536,-256000,43152,-16773,42111
76646,-257024,-216064,-9280,-141358,-149056
76656,-332800,-291840,-10672,-75757,-37273
76666,-332800,-352256,4408,-20911,46037
76676,-440320,-515072,16936,-32837,96890
76686,-440320,-677888,53824,-9107,192016
76696,-1013760,-786432,-51504,-204102,-120386
76706,-1271808,-914432,-80968,-118445,-75562
76716,-4491264,-1189888,-747968,-1700281,-2316699
76726,-5738496,-2040832,-837752,-877137,-1299585
76736,-12620800,-3738624,-2012368,-5163941,-6339195
76746,-12620800,-5944320,-1512640,-1331702,-1734075
76756,-17213440,-9181184,-1819808,-1958606,-2197091
76766,-17213440,-13005824,-953288,-538794,542871
76776,-17213440,-16454656,-171912,-139002,1526656
76786,-17213440,-18701312,337096,-38306,1626812
76796,-17213440,-19562496,532208,-9949,1138270
76806,-17213440,-19171328,443584,-2637,405312
76816,-16899072,-18368512,332920,109753,114249
76826,-7219200,-17434624,2314432,6519091,8400498
76836,-7219200,-16723968,2153424,1681005,3454222
76846,-7219200,-15030272,1769696,462304,1451979
76856,-637952,-12236800,2627864,1801098,3112145
76866,-157696,-8587264,1909824,683007,832637
76876,-13312,-4806656,1085992,235400,-607593
76886,-4096,-1707008,385816,61047,-1129518
76896,-4096,113664,-26680,15673,-979551
76906,-4096,755712,-172144,4248,-622522
76916,0,401408,-90944,3454,50950
76926,0,-16384,3712,830,345762
76936,0,-350208,79344,158,502371
76946,0,-676864,153352,0,489414
76956,0,-378880,85840,0,157962
76966,3072,-150528,34800,903,42299
76976,12288,294912,-64032,5603,-189217
76986,12288,363520,-79576,1379,-85839
76996,12288,402432,-88392,317,-25153
77006,211968,292864,-18328,110351,257299
77016,211968,295936,-19024,30285,153811
77026,676864,442368,53128,362414,431411
77036,676864,440320,53592,93383,168519
77046,2756608,613376,485576,857788,1304473
77056,3353600,1298432,465624,394128,581933
77066,10080256,2465792,1725152,3585888,4770704
77076,12988416,4280320,1972928,2149914,3136087
77086,12988416,6965248,1364624,554321,435654
77096,16135168,9971712,1396408,1891027,1497417
77106,16135168,12728320,771864,487561,-451733
77116,16135168,14739456,316216,134045,-928780
77126,16135168,15907840,51504,34497,-767482
77136,15115264,16138240,-231768,-373755,-831379
77146,15115264,15638528,-118552,-102857,36461
77156,8330240,14763008,-1457424,-3541150,-4498098
77166,7218176,13602816,-1415896,-1330384,-1960616
77176,2817024,11152384,-1888480,-3513965,-4025038
77186,2195456,8401920,-1406152,-1228150,-955018
77196,2195456,5282816,-699480,-337879,735888
77206,419840,2699264,-516432,-615442,286261
77216,419840,917504,-112752,-158765,718560
77226,147456,44032,23432,-145923,432003
77236,30720,-74752,23896,-84412,12477
77246,30720,-182272,48256,-23279,8784
77256,30720,-196608,51504,-6067,33345
77266,-4096,-10240,1392,-10486,-103926
77276,0,-166912,37816,-818,75534
77286,-4096,-24576,4640,-1722,-73759
77296,-4096,-229376,51040,-2271,91505
77306,-4096,-54272,11368,-696,-108848
77316,-4096,-334848,74936,-257,144599
77326,-4096,-250880,55912,-184,28341
77336,0,-326656,74008,1831,94595
77346,0,-309248,70064,402,63277
77356,0,-138240,31320,36,-55090
77366,0,-225280,51040,0,75440
77376,0,-44032,9976,0,-60151
77386,0,-95232,21576,0,35237
77396,0,72704,-16472,0,-114125
77406,0,10240,-2320,0,-8748
77416,0,-1024,232,0,4852
77426,0,24576,-5568,0,-2885
77436,0,107520,-24360,0,-111821
77446,0,-65536,14848,0,35877
77456,0,-119808,27144,0,29224
77466,0,-241664,54752,0,118001
77476,0,-178176,40368,0,20422
77486,0,-137216,31088,0,7878
77496,0,-158720,35960,0,29738
77506,0,-110592,25056,0,-7037
77516,0,-220160,49880,0,81626
77526,0,-164864,37352,0,52836
77536,0,-262144,59392,0,150420
77546,0,10240,-2320,0,-74959
77556,0,-161792,36656,0,107358
77566,-4096,47104,-11600,-2271,-77659
77576,-4096,-94208,20416,-660,61461
77586,-4096,43008,-10672,-257,-67033
77596,-10240,-198656,42688,-3553,133439
77606,-13312,12288,-5800,-2271,-79592
77616,-47104,-248832,45704,-24988,136083
77626,-50176,-174080,28072,-8094,80302
77636,-50176,-239616,42920,-2271,135749
77646,-50176,-201728,34336,-660,103808
77656,-65536,-65536,0,-8753,-63347
77666,-80896,-164864,19024,-8082,50985
77676,-111616,-81920,-6728,-24109,-53785
77686,-130048,-392192,59392,-16883,229348
77696,-130048,-137216,1624,-4407,-16574
77706,-130048,-82944,-10672,-1209,-97881
77717,-130048,-323584,43848,-403,147552
77727,-166912,-161792,-1160,-14014,-42720
77737,-166912,-328704,36656,-3675,115478
77747,-166912,-145408,-4872,-1087,-53801
77757,-173056,-385024,48024,-2527,143021
77767,-182272,-322560,31784,-550,72429
77777,-182272,-194560,2784,-208,-77016
77787,-173056,-515072,77488,3112,231358
77797,-173056,-216064,9744,793,-41339
77807,-173056,-306176,30160,146,71617
77817,-166912,-312320,32944,1989,87671
77827,-166912,-448512,63800,476,207087
77837,-166912,-116736,-11368,61,-84647
77847,-166912,-299008,29928,0,80292
77857,-148480,-331776,41528,12353,141618
77867,-136192,-16384,-27144,8728,-166377
77877,-136192,-396288,58928,2197,206105
77887,-34816,-174080,31552,42700,56744
77897,-34816,-180224,32944,10937,57477
77907,-34816,-188416,34800,2929,65337
77917,0,-288768,65424,8996,197158
77927,0,60416,-13688,2233,-117309
77937,12288,-186368,45008,4602,153173
77947,12288,-22528,7888,1110,-18085
77957,801792,-11264,207872,337182,613204
77967,801792,80896,163328,92675,223730
77977,5921792,652288,1193872,1922973,2888703
77987,5921792,2246656,832648,528857,636224
77997,5921792,4513792,319000,136303,-585664
78007,5921792,6319104,-90016,35070,-944317
78017,7677952,6989824,155904,759130,501552
78027,7599104,7410688,42688,171313,-17729
78037,7144448,7512064,-83288,-54737,-225844
78047,5271552,7239680,-445904,-813538,-1137056
78057,5271552,6858752,-359600,-209852,-373204
78067,2726912,5483520,-624544,-741919,-738010
78077,2726912,3710976,-222952,-191382,475712
78087,2726912,2313216,93728,-560364,199230
78097,2057216,1306624,170056,-154188,610680
78107,1716224,1373184,77720,-176270,4569
78117,1594368,1165312,97208,-83863,177773
78127,1258496,1531904,-61944,-207276,-376146
78137,780288,1510400,-165416,-244874,-450241
78147,372736,1166336,-179800,-354700,-414923
78157,218112,662528,-100688,-183045,-34667
78167,218112,312320,-21344,-47254,91280
78177,-4096,-352256,78880,-79383,325670
78187,-4096,-162816,35960,-20533,-29416
78197,-7168,-616448,138040,-6507,316789
78207,-7168,-411648,91640,-1856,95715
78217,-7168,-208896,45704,-550,-44875
78227,-7168,-185344,40368,-220,-9732
78237,-13312,-279552,60320,-4578,96975
78247,-13312,-292864,63336,-1233,120283
78257,-22528,-244736,50344,-3870,51050
78267,-62464,-240640,40368,-28223,27180
78277,-80896,-365568,64496,-16297,136053
78287,-191488,-240640,11136,-46033,-53039
78297,-232448,-303104,16008,-22364,780
78307,-232448,-457728,51040,-6214,102787
78317,-871424,-561152,-70296,-226380,-200395
78327,-871424,-581632,-65656,-58423,-104850
78337,-2125824,-1034240,-247312,-586207,-616726
78347,-2125824,-1556480,-128992,-161304,41108
78357,-5922816,-2242560,-833808,-1801587,-2225071
78367,-5922816,-3437568,-563064,-495606,-491417
78377,-6507520,-5399552,-251024,-320643,308979
78387,-5328896,-7091200,399272,658178,1956573
78397,-4348928,-7578624,731728,627124,1761349
78407,-4348928,-7092224,621528,161657,685093
78417,-2368512,-5637120,740544,1286596,1466396
78427,-2368512,-4199424,414816,353820,62214
78437,-2368512,-2707456,76792,91186,-573625
78447,-802816,-1880064,244064,946203,705002
78457,-897024,-1575936,153816,217321,135070
78467,-897024,-1398784,113680,55969,121173
78477,-966656,-1125376,35960,-28443,-7230
78487,-966656,-836608,-29464,-7398,-109066
78497,-966656,-973824,1624,-1990,75648
78507,-975872,-949248,-6032,-2674,12936
78517,-948224,-1325056,85376,11022,315317
78527,-897024,-1323008,96512,17614,261901
78537,-637952,-1047552,92800,93933,162430
78547,-637952,-1098752,104400,25769,164611
78557,-436224,-1082368,146392,65039,320087
78567,-257024,-846848,133632,123413,282470
78577,-241664,-663552,95584,37902,125438
78587,-282624,-594944,70760,-21546,94597
78597,-309248,-409600,22736,-20691,9371
78607,-309248,-364544,12528,-5396,46422
78617,-611328,-610304,-232,-83521,134133
78627,-611328,-577536,-7656,-23047,100575
78637,-611328,-721920,25056,-5994,157511
78647,-7522304,-1094656,-1456264,-5274378,-6430566
78657,-7522304,-1174528,-1438168,-1360145,-2669753
78667,-15546368,-2872320,-2829704,-3360816,-5328323
78677,-17213440,-5827584,-2579608,-1377381,-2503383
78687,-17213440,-9995264,-1635368,-355250,56601
78697,-17213440,-14102528,-704816,-97779,1390531
78707,-17213440,-16945152,-60784,-25269,1502152
78717,-17213440,-18168832,216456,-6592,967448
78727,-17213440,-18377728,263784,-1893,534821
78737,-17213440,-17801216,133168,-550,-54103
78747,-10488832,-17423360,1571104,3265332,4657787
78757,-10488832,-16490496,1359752,898107,1772860
78767,-1772544,-14423040,2866128,2861096,4711178
78777,-1772544,-11379712,2176624,737707,1384468
78787,-209920,-7821312,1724456,752380,631010
78797,-96256,-4336640,960712,222888,-600694
78807,21504,-1885184,431984,111022,-767243
78817,21504,-615424,144304,30468,-549045
78827,21504,-205824,51504,7788,-144627
78837,21504,-211968,52896,1953,80957
78847,12288,-470016,109272,-2576,282651
78857,12288,-581632,134560,-733,298183
78867,89088,-480256,128992,37023,276123
78877,89088,-212992,68440,9484,131930
78887,334848,56320,45472,156896,186725
78897,384000,357376,6032,65466,73639
78907,631808,599040,7424,98510,107872
78917,984064,751616,52664,104187,211830
78927,2242560,1011712,278864,601538,916354
78938,3389440,1659904,391848,509545,745284
78948,3389440,2603008,178176,140075,-21783
78958,13624320,3722240,2243440,4404394,6213537
78968,13624320,4894720,1977800,1135681,2585020
78978,16135168,7182336,2028376,874328,1886467
78988,16135168,10721280,1226584,225390,-104752
78998,16135168,13987840,486504,58056,-970546
79008,16135168,15927296,47096,15905,-918647
79018,16284672,16812032,-119480,67858,-458221
79028,16284672,16732160,-101384,18603,-17582
79038,11680768,15949824,-967208,-1650037,-2148928
79048,11680768,14765056,-698784,-425550,-527190
79058,6506496,12676096,-1397800,-1716443,-2152876
79068,2911232,9692160,-1536304,-2165601,-2260116
79078,1790976,6243328,-1008736,-1073877,-159008
79088,1790976,3003392,-274688,-276990,1186531
79098,419840,451584,-7192,-829078,575307
79108,384000,-490496,198128,-242444,688380
79118,384000,-749568,256824,-62598,428615
79128,384000,-453632,189776,-16199,89917
79138,156672,-44032,45472,-95496,-215579
79148,153600,342016,-42688,-25525,-231180
79158,153600,436224,-64032,-7093,-138290
79168,116736,322560,-46632,-16651,-26498
79178,76800,166912,-20416,-32935,14938
79188,76800,108544,-7192,-9119,-7507
79198,76800,-81920,35960,-2417,116031
79208,0,-105472,23896,-21045,53350
79218,0,128000,-29000,-5494,-150909
79228,0,-206848,46864,-1478,157305
79238,0,-29696,6728,-477,-27394
79248,0,-49152,11136,-184,-3043
79258,0,-154624,35032,-184,93465
79268,0,0,0,-184,-64500
79278,-4096,-172032,38048,-2271,108068
79288,-4096,-208896,46400,-696,41131
79298,-4096,-1024,-696,-257,-71875
79308,-4096,-191488,42456,-184,113665
79318,0,-207872,47096,1391,126949
79328,0,57344,-12992,292,-115307
79338,0,-305152,69136,0,227143
79348,0,-46080,10440,0,-30060
79358,0,-60416,13688,0,7238
79368,0,-236544,53592,0,162836
79378,0,-91136,20648,0,8874
79388,0,-61440,13920,0,-15869
79398,0,-114688,25984,0,23997
79408,110592,-138240,56376,34143,122563
79418,352256,52224,67976,67028,48602
79428,6372352,166912,1405920,2757934,4091028
79438,10802176,923648,2238104,2080358,3973676
79448,10802176,3117056,1741160,572155,1320549
79458,16135168,6464512,2191008,2423632,3055816
79468,16135168,9876480,1417984,666564,291909
79478,16284672,13503488,630112,205285,-970949
79488,16284672,16052224,52664,52880,-1243803
79498,16284672,17137664,-193256,14465,-883680
79508,16284672,17252352,-219240,3662,-408762
79518,16284672,16417792,-30160,952,419953
79528,16284672,16083968,45472,183,256985
79538,7070720,15497216,-1909128,-5430286,-7084186
79548,6438912,15212544,-1987776,-1763392,-3427234
79558,6438912,13599744,-1622376,-454786,-1286967
79568,6438912,10980352,-1028920,-117347,100664
79578,1422336,8723456,-1654160,-2173450,-2652625
79588,447488,5987328,-1255120,-957349,-853498
79598,384000,3115008,-618744,-300806,602977
79608,384000,897024,-116232,-77637,961651
79618,0,-536576,121568,-158973,718469
79628,0,-982016,222488,-43775,501169
79638,-4096,-660480,148712,-13001,-8783
79648,0,-603136,136648,-2295,23091
79658,0,-354304,80272,-696,-6049
79668,0,-311296,70528,-257,14600
79678,0,-132096,29928,-184,-90420
79688,0,-360448,81664,-184,139028
79698,0,-494592,112056,-184,233510
79708,-13312,-421888,92568,-8265,105892
79718,-31744,-403456,84216,-11756,69416
79728,-31744,-446464,93960,-3101,110740
79738,-489472,-510976,4872,-237928,-161279
79748,-550912,-507904,-9744,-93238,-60005
79758,-913408,-694272,-49648,-161683,-108843
79768,-1993728,-821248,-265640,-814454,-1015376
79778,-1993728,-1383424,-138272,-210071,-69153
79788,-6112256,-1750016,-988320,-1602808,-2365159
79798,-6855680,-3384320,-786480,-602710,-623293
79808,-9216000,-5410816,-862112,-1388477,-1189754
79818,-9032704,-7834624,-271440,-293641,672114
79828,-9032704,-9841664,183280,-75794,1207826
79838,-6784000,-10890240,930320,1143884,2846318
79848,-6784000,-10394624,818032,294897,1082215
79858,-2268160,-9078784,1543032,3311022,4088666
79868,-2015232,-7252992,1186680,976574,1275450
79878,-2015232,-4675584,602736,251757,-357275
79888,-1174528,-2527232,306472,283288,-529008
79898,-1174528,-987136,-42456,72973,-745540
79908,-654336,-508928,-32944,190246,-101863
79918,-497664,-566272,15544,92163,160598
79928,-497664,-566272,15544,23693,66969
79938,-497664,-922624,96280,6042,346417
79948,-497664,-1167360,151728,1599,374311
79958,-497664,-947200,101848,341,119521
79968,-497664,-910336,93496,24,100847
79978,-632832,-922624,65656,-46692,77247
79988,-643072,-921600,63104,-16761,130425
79998,-643072,-931840,65424,-4676,142993
80008,-632832,-975872,77720,1025,207557
80018,-643072,-957440,71224,-4444,207302
80028,-702464,-791552,20184,-20789,45000
80038,-702464,-705536,696,-5445,8961
80048,-1514496,-695296,-185600,-371253,-542855
80058,-1772544,-1191936,-131544,-175574,-20870
80068,-4444160,-1529856,-660272,-1619874,-1975901
80078,-4444160,-2405376,-461912,-445630,-388645
80088,-9591808,-3945472,-1279248,-1706067,-2079536
80098,-10592256,-6206464,-993656,-693287,-314488
80108,-13886464,-9259008,-1048408,-1584827,-852002
80118,-13886464,-11932672,-442656,-408741,964663
80128,-8081408,-14003200,1341656,1534643,4438864
80138,-8081408,-14457856,1444664,395678,2523860
80148,-2268160,-13099008,2453864,1905603,3912314
80158,-1271808,-10459136,2081504,700402,1408058
80168,-370688,-7015424,1505448,541125,133299
80178,-282624,-4141056,874176,174291,-803996
80188,-7168,-2233344,504368,197058,-603407
80198,-4096,-1743872,394168,55444,-74521
80208,-4096,-1713152,387208,14233,364562
80218,-4096,-1687552,381408,3601,464676
80228,-4096,-1659904,375144,915,482855
80238,0,-1374208,311344,1367,322965
80248,3072,-1024000,232696,2014,185393
80258,9216,-749568,171912,2917,192248
80268,125952,-523264,147088,58056,298516
80278,125952,-250880,85376,15905,178974
80288,125952,-22528,33640,4040,104999
80298,178176,-8192,42224,15148,242148
80308,141312,158720,-3944,-16297,120362
80318,141312,146432,-1160,-4261,209511
80328,89088,217088,-29000,-38514,171759
80338,64512,402432,-76560,-23389,58398
80348,64512,356352,-66120,-6104,166909
80358,0,453632,-102776,-47889,42741
80368,0,498688,-112984,-12415,38273
80378,0,522240,-118320,-3272,17819
80388,0,277504,-62872,-916,195769
80398,-4096,152576,-35496,-2295,226900
80408,-4096,296960,-68208,-660,30833
80418,-4096,68608,-16472,-245,203492
80428,-4096,-32768,6496,-184,254440
80438,-4096,129024,-30160,-184,69993
80448,-4096,169984,-39440,-184,103655
80458,-4096,-46080,9512,-184,204248
80468,-4096,31744,-8120,-184,116298
80478,0,115712,-26216,854,46154
80488,0,39936,-9048,158,122294
80498,0,44032,-9976,0,117559
80508,-4096,2048,-1392,-1038,160724
80518,-4096,24576,-6496,-342,135184
80528,-4096,67584,-16240,-184,75987
80538,-4096,-5120,232,-184,131823
80548,-4096,-71680,15312,-184,180468
80558,-4096,84992,-20184,-184,15271
80568,-4096,-34816,6960,-184,148459
80578,0,-153600,34800,1599,266308
80588,0,226304,-51272,366,-82435
80598,0,34816,-7888,24,124174
80609,0,-88064,19952,0,233717
80619,3072,195584,-43616,903,-41047
80629,6144,15360,3248,1977,153954
80639,6144,-93184,22504,476,226857
80649,6144,108544,-23200,61,36719
80659,6144,51200,-10208,0,97932
80669,6144,-57344,14384,0,207478
80679,6144,217088,-47792,0,-37998
80689,6144,150528,-32712,0,36367
80699,6144,-37888,9976,0,188513
80709,0,203776,-46168,-1832,-38454
80719,0,45056,-10208,-574,91429
80729,0,-44032,9976,-220,134989
80739,0,16384,-3712,-184,70970
80749,0,61440,-13920,-184,25802
80759,0,26624,-18560,-184,-1621
80769,-4096,-11264,1624,-1307,97437
80779,-4096,-27648,5336,-403,108930
80789,-4096,-63488,13456,-184,145762
80799,0,61440,-13920,2941,33528
80809,0,-119808,27144,683,189484
80819,0,-50176,11368,134,111235
80829,0,16384,-3712,0,55686
80839,0,73728,-16704,0,17648
80849,3072,-58368,13920,1110,167437
80859,3072,21504,-4176,219,84391
80869,6144,20480,-3248,1684,88458
80879,6144,63488,-12992,366,46227
80889,12288,130048,-26680,3015,-1414
80899,12288,59392,-10672,769,78557
80909,52224,90112,-8584,15112,88860
80919,52224,114688,-14152,4077,71487
80929,101376,136192,-7888,26428,99924
80939,101376,274432,-39208,6750,-32718
80949,92160,335872,-55216,-4798,-81519
80959,92160,339968,-56144,-1294,-62097
80969,92160,393216,-68208,-428,-60230
80979,141312,185344,-9976,12341,111023
80989,205824,141312,14616,34436,157825
80999,240640,138240,23200,21643,138676
81009,240640,228352,2784,5505,26339
81019,275456,352256,-17400,18261,-52236
81029,275456,283648,-1856,4956,21737
81039,288768,283648,1160,4382,39516
81049,285696,288768,-4176,-342,28085
81059,285696,290816,-1160,-184,46610
81069,288768,287744,232,1757,53058
81079,291840,271360,4640,1916,59994
81089,321536,436224,-25984,10229,-76274
81099,348160,260096,19952,8923,102656
81109,348160,275456,16472,2392,78595
81119,394240,413696,-4408,15747,-9558
81129,394240,272384,27608,3991,128484
81139,398336,443392,-10208,2893,-105824
81149,398336,499712,-22968,683,-20440
81159,401408,526336,-28304,1916,-35241
81169,401408,602112,-45472,476,-114603
81179,398336,453632,-12528,-904,29626
81189,398336,409600,-2552,-318,61487
81199,398336,472064,-16704,-184,-3598
81209,398336,333824,14616,-184,108815
81219,398336,415744,-27376,-184,-85722
81229,398336,514048,-26216,-184,-72691
81239,398336,436224,-8584,-184,1027
81249,451584,434176,3944,9643,8995
81259,451584,340992,25056,2563,82238
81269,447488,318464,29232,-586,88574
81279,447488,400384,10672,-220,13846
81289,447488,380928,15080,-184,40282
81299,443392,364544,17864,-1233,54597
81309,443392,430080,3016,-379,-2942
81319,439296,500736,-13920,-1819,-49520
81329,439296,509952,-16008,-538,-32414
81339,439296,472064,-7424,-196,36925
81349,439296,417792,4872,-184,35759
81359,439296,490496,-11600,-184,-54570
81369,435200,475136,-9048,-2271,-52320
81379,435200,448512,-3016,-660,-18589
81389,405504,411648,7192,-21485,28580
81399,379904,357376,5104,-19239,37979
81409,379904,354304,5800,-5030,35821
81419,345088,390144,-20416,-11512,-78626
81429,345088,387072,-9512,-3235,-43784
81439,345088,343040,464,-916,-9686
81449,281600,305152,-5336,-27320,-17554
81459,281600,232448,11136,-7105,65514
81469,252928,218112,7888,-11963,49845
81479,240640,216064,5568,-6495,40521
81489,221184,310272,-20184,-11182,-76968
81499,221184,281600,-13688,-2930,-57540
81509,162816,237568,-16936,-40003,-84457
81519,147456,146432,232,-17396,14827
81529,147456,49152,22272,-4542,108728
81539,89088,19456,15776,-15259,99475
81549,89088,108544,-4408,-4004,1094
81559,0,125952,-28536,-28638,-79355
81569,0,79872,-18096,-7947,-41531
81579,0,22528,-5104,-2125,-12915
81589,0,-48128,10904,-623,18903
81599,0,-37888,8584,-245,115
81609,0,-11264,2552,-184,-14273
81619,0,-44032,9976,-184,31000
81629,0,-97280,22040,-184,93905
81639,0,-77824,17632,-184,71937
81649,0,-80896,18328,-184,68832
81659,0,-4096,928,-184,-6559
81669,0,9216,-2088,-184,-70208
81679,0,71680,-16240,-184,-79728
81689,0,40960,-9280,-184,-57765
81699,0,-7168,1624,-184,-21787
81709,0,-30720,6960,-184,-442
81719,0,8192,-1856,-184,-47731
81729,0,40960,-9280,-184,-49329
81739,0,-26624,6032,-184,25717
81749,0,-65536,14848,-184,58903
81759,0,-141312,32016,-184,118521
81769,0,-156672,35496,-184,73313
81779,0,-32768,7424,-184,12553
81789,0,70656,-16008,-184,-70406
81799,0,70656,-16008,-184,-53251
81809,0,84992,-19256,-184,-60427
81819,0,46080,-10440,-184,-69753
81829,0,58368,-13224,-184,-54661
81839,0,51200,-11600,-184,-63519
81849,0,81920,-18560,-184,-105913
81859,0,14336,-3248,-184,-46387
81869,0,-118784,26912,-184,68818
81879,0,-103424,23432,-184,45910
81889,0,-153600,34800,-184,89621
81899,0,-100352,22736,-184,45337
81909,0,-100352,22736,-184,59989
81919,0,-67584,26680,-184,94571
81930,0,-143360,32480,-184,135694
81940,24576,-108544,30160,9069,122579
81950,24576,-50176,16936,2404,67856
81960,24576,-1024,5800,549,24457
81970,24576,-19456,9976,85,44756
81980,773120,-34816,183048,535400,761714
81990,773120,101376,152192,138000,244090
82000,1545216,351232,270512,307055,422362
82010,1662976,756736,205320,114379,138707
82020,2341888,1310720,233624,359106,365579
82030,2472960,1903616,128992,144812,-5841
82040,2472960,2429952,9744,37255,-219359
82050,2582528,2764800,-41296,62756,-164543
82060,2582528,2954240,-84216,17199,-192438
82070,2554880,3017728,-104864,-2247,-186038
82080,2554880,2933760,-85840,-660,-104433
82090,2554880,2804736,-56608,-257,-37235
82100,2393088,2663424,-61248,-38770,-59929
82110,2393088,2536448,-32480,-10071,-8016
82120,2393088,2390016,696,-2833,46845
82130,2341888,2345984,-928,-32984,-27296
82140,2341888,2289664,11832,-8582,11718
82150,2341888,2260992,18328,-2417,23151
82160,2341888,2260992,18328,-696,12330
82170,2341888,2292736,11136,-269,-24075
82180,2341888,2282496,13456,-184,-13667
82190,2341888,2266112,5568,-184,-38942
82200,1270784,2252800,-222488,-487793,-696113
82210,1173504,2085888,-206712,-155933,-258052
82220,752640,1777664,-232232,-288331,-314381
82230,752640,1331200,-131080,-79358,1353
82240,455680,823296,-83288,-112305,68926
82250,432128,552960,-27376,-36231,116525
82260,432128,317440,25984,-9412,126314
82270,272384,185344,19720,-48768,25405
82280,110592,102400,1856,-108814,-75755
82290,58368,113664,-12528,-49024,-85127
82300,27648,26624,232,-23047,-10814
82310,-4096,-11264,1624,-24708,-10089
82320,-4096,-52224,10904,-6446,28485
82330,0,-56320,12760,-660,16011
82340,-4096,-43008,8816,-2515,-14907
82350,-4096,-48128,9976,-721,-19934
82360,-4096,-90112,14616,-269,-5442
82370,-4096,-110592,24128,-184,36889
82380,-4096,-84992,18328,-184,19137
82390,-4096,-65536,13920,-184,-494
82400,-4096,-22528,4176,-184,-39822
82410,-10240,-61440,11600,-2417,5081
82420,-13312,-52224,8816,-1575,18579
82430,-47104,-40960,-1392,-17981,-9390
82440,-59392,48128,-24360,-9632,-64489
82450,-68608,13312,-18560,-9156,-58474
82460,-68608,-78848,2320,-2417,41683
82470,-68608,-66560,-464,-733,27196
82480,-50176,-56320,1392,5859,19305
82490,-50176,-40960,-2088,1440,-17648
82500,-47104,-90112,9744,1489,19127
82510,-47104,-110592,14384,317,33717
82520,-44032,-88064,9976,1623,27565
82530,-44032,-126976,18792,341,42045
82540,-44032,-100352,12760,12,3550
82550,-44032,-146432,23200,0,45194
82560,-40960,-106496,14848,1037,16756
82570,-44032,-110592,15080,-525,20342
82580,-40960,-28672,-2784,1281,-58921
82590,-40960,-80896,9048,268,-11678
82600,-40960,-123904,18792,0,27241
82610,-40960,-115712,16936,0,12591
82620,-40960,-83968,9744,0,-27132
82630,-40960,-55296,3248,0,-15000
82640,-40960,-54272,3016,0,-67819
82650,-44032,-117760,16704,-1075,-8636
82660,-44032,-182272,31320,-367,50376
82670,-40960,-268288,51504,1245,121752
82680,-40960,-256000,48720,256,94524
82690,-40960,-281600,54520,0,118017
82700,-40960,-321536,63568,0,156892
82710,-40960,-364544,73312,0,196633
82720,-40960,-278528,53824,0,94813
82730,-44032,-263168,49648,-1355,67264
82740,-44032,-371712,74240,-452,163469
82750,-47104,-314368,60552,-867,121570
82760,-47104,-328704,63800,-306,158183
82770,-47104,-321536,62176,-184,180723
82780,-50176,-148480,22272,-770,33906
82790,-50176,-181248,35496,-281,91277
82800,-47104,-283648,53592,817,140936
82810,-44032,-339968,67048,781,167770
82820,-37888,-430080,88856,2758,239690
82830,-34816,-309248,62176,1538,111335
82840,-37888,-249856,48024,-1368,57587
82850,-37888,-259072,50112,-452,77253
82860,-37888,-220160,41296,-184,59799
82870,-40960,-297984,58232,-1978,150931
82880,-40960,-275456,53128,-586,136029
82890,-40960,-264192,50576,-220,134493
82900,-40960,-261120,49880,-184,133035
82910,-44032,-117760,16704,-1380,-6188