R
Px,Ix,Dx,Py,Iy,Dy,Pz,Iz,FFrx,FFry,FFdrx,FFdry,satI,satPID,KFQAng,KFQbias,KFRmeas,CPx,CIx,CPy,CIy,CsatI,CsatPID,CFFdrx,CFFdry,CFalpha,iRelaxX,IRelaxY,DmaxR,DmaxE,DMx,DMy
58,80,47,58,80,47,250,0,30,0,0,0,500000,15000000,10,1,1000,0,0,0,0,0,0,0,0,0.995,1024,1024,0,0,0,0
sysTickMs,PIDRefXi,PIDSensXi,PIDPoutXi,PIDFFoutXi,PIDUXi
8135,0,0,0,0,0
8145,0,0,0,0,0
8155,0,0,0,0,0
8165,0,0,0,0,0
8175,0,0,0,0,0
8185,0,0,0,0,0
8195,0,0,0,0,0
8205,0,0,0,0,0
8215,0,0,0,0,0
8225,0,0,0,0,0
8235,0,0,0,0,0
8245,0,0,0,0,0
8255,0,0,0,0,0
8265,0,0,0,0,0
8275,0,0,0,0,0
8285,0,0,0,0,0
8295,0,0,0,0,0
8305,0,0,0,0,0
8315,0,0,0,0,0
8325,0,0,0,0,0
8335,0,0,0,0,0
8345,0,0,0,0,0
8355,0,0,0,0,0
8365,0,0,0,0,0
8375,0,0,0,0,0
8385,0,0,0,0,0
8395,0,0,0,0,0
8405,0,0,0,0,0
8415,0,0,0,0,0
8425,0,0,0,0,0
8435,0,0,0,0,0
8445,0,0,0,0,0
8455,0,0,0,0,0
8465,0,0,0,0,0
8475,0,0,0,0,0
8485,0,0,0,0,0
8495,0,0,0,0,0
8505,0,0,0,0,0
8515,0,0,0,0,0
8525,0,0,0,0,0
8535,0,0,0,0,0
8545,0,0,0,0,0
8555,0,0,0,0,0
8565,0,0,0,0,0
8575,0,0,0,0,0
8585,0,0,0,0,0
8595,0,0,0,0,0
8605,0,0,0,0,0
8615,0,0,0,0,0
8625,0,0,0,0,0
8635,0,0,0,0,0
8645,0,0,0,0,0
8655,0,0,0,0,0
8665,0,0,0,0,0
8675,0,8192,-1856,0,-3628
8685,0,8192,-1856,0,-2268
8695,0,10240,-2320,0,-3437
8705,0,11264,-2552,0,3853
8715,0,6144,-1392,0,-656
8725,0,6144,-1392,0,-2085
8735,0,7168,-1624,0,-2311
8745,0,5120,-1160,0,-1079
8755,0,1024,-232,0,2043
8765,0,8192,-1856,0,-3830
8775,0,10240,-2320,0,-5656
8785,0,12288,-2784,0,-6619
8795,0,10240,-2320,0,-4761
8805,0,9216,-2088,0,-2547
8815,0,0,0,0,1126
8825,0,13312,-3016,0,-8022
8835,0,-3072,696,0,4883
8845,0,14336,-3248,0,-6447
8855,0,-8192,1856,0,8378
8865,0,15360,-3480,0,-11054
8875,0,22528,-5104,0,-18245
8885,0,11264,-2552,0,-4654
8895,0,4096,-928,0,-3216
8905,0,-9216,2088,0,10872
8915,0,29696,-6728,0,-22123
8925,0,28672,-6496,0,-18937
8935,0,3072,-696,0,5097
8945,0,24576,-5568,0,-20357
8955,0,13312,-2088,0,6562
8965,0,0,0,0,7022
8975,0,6144,-1392,0,-3546
8985,0,-1024,232,0,-956
8995,0,2048,-464,0,-105
9005,0,17408,-3944,0,8863
9015,0,2048,-464,0,8960
9025,0,-10240,2320,0,18042
9035,0,-18432,4176,0,18788
9045,0,-3072,696,0,-1743
9055,0,31744,-7192,0,-35356
9065,0,26624,-6032,0,-22212
9075,0,-17408,3944,0,21373
9085,0,-24576,5568,0,26320
9095,0,23552,-5336,0,-19622
9105,0,27648,-6264,0,-19512
9115,3072,3072,0,175,3380
9125,3072,1024,464,175,2078
9135,9216,-3072,2784,527,5975
9145,9216,4096,1160,527,-2978
9155,12288,-4096,3712,703,4935
9165,12288,4096,1856,703,-2912
9175,12288,-26624,8816,703,24715
9185,12288,15360,-696,703,-18321
9195,12288,-14336,6032,703,14986
9205,12288,-7168,4408,703,8548
9215,12288,22528,-2320,703,-5088
9225,12288,4096,1856,703,11593
9235,15360,15360,0,878,2071
9245,15360,28672,-3016,878,-17430
9255,15360,-16384,7192,878,27242
9265,39936,-10240,11368,2285,3947
9275,43008,-83968,28768,2460,68137
9285,52224,-29696,18560,2988,15662
9295,61440,-50176,25288,3515,36807
9305,70656,-76800,33408,4042,56774
9315,73728,-72704,33176,4218,59509
9325,79872,-35840,26216,4570,26932
9335,79872,-80896,36424,4570,59595
9345,79872,-84992,37352,4570,53350
9355,79872,-91136,38744,4570,39487
9365,79872,-135168,48720,4570,94049
9375,79872,-98304,40368,4570,59592
9385,79872,-88064,38048,4570,52967
9395,79872,-121856,45704,4570,83974
9405,79872,-159744,54288,4570,98893
9415,79872,-191488,61480,4570,106207
9426,76800,-206848,64264,4394,96574
9436,79872,-210944,65888,4570,79949
9446,79872,-206848,64960,4570,79240
9456,79872,-177152,58232,4570,61323
9466,79872,-177152,58232,4570,57661
9476,79872,-207872,65192,4570,84821
9486,79872,-250880,74936,4570,121141
9496,79872,-274432,80272,4570,127881
9506,79872,-307200,87696,4570,144088
9516,79872,-286720,83056,4570,121175
9526,92160,-296960,88160,5273,142786
9536,92160,-247808,78880,5273,127709
9546,110592,-164864,62408,6328,90184
9556,110592,-66560,40136,6328,60580
9566,138240,39936,22272,7910,25087
9576,138240,123904,3248,7910,3156
9586,138240,200704,-14152,7910,-18316
9596,138240,215040,-17400,7910,12795
9606,211968,230400,-4176,12128,48825
9616,269312,261120,8816,15410,74397
9626,285696,251904,7656,16347,67682
9636,285696,256000,6728,16347,90235
9646,337920,305152,7424,19335,90129
9656,337920,359424,-4872,19335,78252
9666,355328,428032,-16472,20332,49302
9676,365568,439296,-16704,20917,48441
9686,376832,391168,-3248,21562,75203
9696,384000,327680,12760,21972,98100
9706,387072,294912,20880,22148,94829
9716,387072,283648,24128,22148,89743
9726,387072,303104,19024,22148,67154
9736,387072,349184,8584,22148,47379
9746,394240,366592,6264,22558,60164
9756,394240,371712,5104,22558,69130
9766,398336,386048,2784,22792,63946
9776,398336,359424,928,22792,56657
9786,398336,361472,8352,22792,81594
9796,401408,351232,11368,22968,81079
9806,401408,352256,11136,22968,87593
9816,401408,347136,12296,22968,89543
9826,401408,345088,12760,22968,104560
9836,401408,339968,13920,22968,118226
9846,401408,307200,21344,22968,133647
9856,401408,287744,25752,22968,128783
9866,401408,304128,22040,22968,102175
9876,398336,335872,14152,22792,80232
9886,398336,355328,9744,22792,85051
9896,398336,362496,8120,22792,99720
9906,398336,370688,6264,22792,98201
9916,394240,404480,-2320,22558,63883
9926,394240,418816,-5568,22558,59351
9936,394240,401408,-1624,22558,85640
9946,391168,373760,3944,22382,115249
9956,391168,404480,-3016,22382,80739
9966,387072,398336,-2552,22148,70146
9976,384000,365568,4176,21972,87350
9986,379904,323584,12760,21738,124673
9996,384000,346112,8584,21972,108077
10006,384000,414720,-6960,21972,47982
10016,384000,430080,-10440,21972,45024
10026,384000,413696,-6728,21972,71561
10036,384000,351232,7424,21972,121742
10046,384000,327680,12760,21972,127551
10056,384000,369664,3248,21972,83293
10066,384000,410624,-6032,21972,53416
10076,384000,376832,1624,21972,81960
10086,387072,304128,18792,22148,126260
10096,405504,203776,45704,23203,147313
10106,405504,209920,44312,23203,120424
10116,527360,134144,89088,30175,182688
10126,527360,100352,96744,30175,193724
10136,527360,187392,77024,30175,120508
10146,648192,286720,81896,37089,106360
10156,636928,327680,70064,36445,126666
10166,636928,398336,54056,36445,120828
10176,636928,495616,32016,36445,83817
10186,642048,543744,22272,36738,84307
10196,642048,540672,22968,36738,122265
10206,636928,525312,25288,36445,158139
10216,636928,581632,12528,36445,112936
10226,636928,543744,21112,36445,142823
10236,636928,506880,29464,36445,172343
10246,631808,549888,18560,36152,130712
10256,625664,579584,10440,35800,110716
10266,584704,570368,3248,33457,114167
10276,584704,544768,9048,33457,142598
10286,584704,517120,15312,33457,166075
10296,518144,536576,-4176,29648,106416
10306,479232,473088,1392,27421,128618
10316,471040,415744,12528,26953,153546
10326,471040,335872,30624,26953,196868
10336,443392,368640,16936,25371,126863
10346,443392,339968,23432,25371,137672
10356,428032,294912,30160,24492,162692
10366,428032,314368,25752,24492,136866
10376,428032,346112,18560,24492,98792
10386,409600,349184,13688,23437,92563
10396,409600,326656,18792,23437,111686
10406,387072,270336,26448,22148,140480
10416,379904,250880,29232,21738,113415
10426,358400,237568,27376,20507,125610
10437,345088,229376,26216,19746,126126
10447,321536,240640,18328,18398,114316
10457,311296,275456,8120,17812,87812
10467,311296,259072,11832,17812,112856
10477,305152,273408,7192,17460,104885
10487,305152,229376,17168,17460,148372
10497,305152,260096,10208,17460,118519
10507,301056,272384,6496,17226,102218
10517,301056,274432,6032,17226,95042
10527,294912,231424,14384,16875,125140
10537,294912,185344,24824,16875,142722
10547,259072,165888,21112,14824,137456
10557,240640,129024,25288,13769,150412
10567,231424,141312,20416,13242,122276
10577,234496,86016,33640,13417,163920
10587,234496,79872,35032,13417,160071
10597,234496,111616,27840,13417,126930
10607,234496,150528,19024,13417,94076
10617,221184,147456,16704,12656,98318
10627,221184,87040,30392,12656,154620
10637,205824,54272,34336,11777,175104
10647,196608,63488,30160,11250,158200
10657,193536,68608,28304,11074,144208
10667,193536,87040,24128,11074,151002
10677,196608,51200,32944,11250,147577
10687,221184,8192,48256,12656,192923
10697,221184,43008,40368,12656,151280
10707,278528,99328,40600,15937,134002
10717,291840,128000,37120,16699,121495
10727,291840,112640,40600,16699,151422
10737,327680,141312,42224,18750,150724
10747,327680,171008,35496,18750,137650
10757,369664,192512,40136,21152,138808
10767,369664,216064,34800,21152,149737
10777,412672,202752,47560,23613,195869
10787,416768,263168,34800,23847,156011
10797,443392,328704,25984,25371,117532
10807,443392,323584,27144,25371,145995
10817,443392,325632,26680,25371,157187
10827,443392,360448,18792,25371,133672
10837,443392,365568,17632,25371,144992
10847,443392,364544,17864,25371,163513
10857,435200,379904,12528,24902,160572
10867,435200,435200,0,24902,120174
10877,435200,462848,-6264,24902,102684
10887,394240,444416,-11368,22558,112237
10897,387072,420864,-7656,22148,132423
10907,387072,409600,-5104,22148,136129
10917,334848,378880,-9976,19160,125517
10927,305152,332800,-6264,17460,155035
10937,305152,285696,4408,17460,177787
10947,305152,277504,6264,17460,165077
10957,305152,277504,6264,17460,138462
10967,144384,219136,-16936,8261,124620
10977,144384,182272,-8584,8261,136631
10987,58368,178176,-27144,3339,87678
10997,58368,137216,-17864,3339,105276
11007,0,54272,-12296,0,135371
11017,-4096,23552,-6264,-235,120029
11027,0,-2048,464,0,119879
11037,0,-82944,18792,0,162765
11047,0,-94208,21344,0,141239
11057,0,-99328,22504,0,119947
11067,0,-144384,32712,0,153722
11077,0,-203776,46168,0,173265
11087,0,-214016,48488,0,165559
11097,0,-224256,50808,0,163467
11107,-4096,-188416,41760,-235,119045
11117,0,-189440,42920,0,122083
11127,0,-215040,48720,0,149280
11137,0,-196608,44544,0,139072
11147,-7168,-234496,51504,-411,183516
11157,-7168,-220160,48256,-411,176676
11167,-16384,-160768,32712,-938,138395
11177,-19456,-183296,37120,-1114,164624
11187,-34816,-169984,30624,-1993,147178
11197,-34816,-166912,29928,-1993,146638
11207,-56320,-205824,33872,-3223,177998
11217,-71680,-166912,21576,-4102,140874
11227,-80896,-141312,13688,-4629,112843
11237,-102400,-168960,15080,-5860,129677
11247,-102400,-211968,24824,-5860,151204
11257,-102400,-216064,25752,-5860,144372
11267,-102400,-252928,34104,-5860,169733
11277,-142336,-289792,33408,-8145,185227
11287,-148480,-287744,31552,-8497,178521
11297,-173056,-242688,15776,-9903,129208
11307,-173056,-242688,15776,-9903,129296
11317,-222208,-281600,13456,-12715,144699
11327,-222208,-275456,12064,-12715,122398
11337,-222208,-300032,17632,-12715,125897
11347,-328704,-390144,12760,-18809,146947
11357,-343040,-455680,25520,-19629,182648
11367,-429056,-482304,12064,-24551,152681
11377,-448512,-514048,14848,-25665,151616
11387,-497664,-571392,16704,-28477,167021
11397,-519168,-555008,8120,-29708,124491
11407,-519168,-573440,12296,-29708,124466
11417,-643072,-626688,-3712,-36797,119749
11427,-684032,-630784,-12064,-39141,92443
11437,-684032,-636928,-10672,-39141,71414
11447,-809984,-716800,-21112,-46348,82000
11457,-809984,-778240,-7192,-46348,87499
11467,-913408,-811008,-23200,-52266,80009
11477,-957440,-899072,-13224,-54786,110931
11487,-957440,-1022976,14848,-54786,169131
11497,-957440,-1093632,30856,-54786,168066
11507,-1033216,-1119232,19488,-59122,105818
11517,-1033216,-1198080,37352,-59122,126197
11527,-1128448,-1292288,37120,-64571,137442
11537,-1310720,-1330176,4408,-75000,81241
11547,-1310720,-1358848,10904,-75000,79316
11557,-1310720,-1411072,22736,-75000,94871
11568,-1467392,-1496064,6496,-83965,91443
11578,-1467392,-1599488,29928,-83965,141455
11588,-1529856,-1687552,35728,-87540,145965
11598,-1529856,-1751040,48720,-87540,138212
11608,-1546240,-1805312,58696,-88477,130222
11618,-1546240,-1897472,79576,-88477,156674
11628,-1546240,-1977344,97672,-88477,184824
11638,-1562624,-2058240,112288,-89415,216302
11648,-1562624,-2109440,123888,-89415,211001
11658,-1629184,-2088960,104168,-93223,177315
11668,-1611776,-2096128,109736,-92227,183682
11678,-1611776,-2064384,102544,-92227,163403
11688,-1646592,-2062336,94192,-94219,162568
11698,-1646592,-2035712,85376,-94219,131097
11708,-1681408,-2048000,83056,-96211,144720
11718,-1829888,-2111488,63800,-104708,150422
11728,-1829888,-2109440,63336,-104708,140058
11738,-1950720,-2065408,25984,-111622,65746
11748,-1950720,-2095104,32712,-111622,87637
11758,-1950720,-2182144,52432,-111622,149859
11768,-1993728,-2296832,68672,-114083,209638
11778,-2015232,-2402304,87696,-115313,253819
11788,-2015232,-2439168,96048,-115313,228719
11798,-2015232,-2436096,95352,-115313,176263
11808,-2036736,-2470912,98368,-116543,167491
11818,-2036736,-2509824,107184,-116543,210438
11828,-2036736,-2538496,113680,-116543,204993
11838,-2036736,-2497536,104400,-116543,171802
11848,-1950720,-2445312,112056,-111622,151612
11858,-1950720,-2433024,109272,-111622,178187
11868,-1611776,-2435072,186528,-92227,305620
11878,-1611776,-2378752,173768,-92227,281223
11888,-985088,-2231296,282344,-56368,370831
11898,-985088,-2127872,258912,-56368,356092
11908,-720896,-1943552,277008,-41250,372467
11918,-637952,-1630208,224808,-36504,275436
11928,-528384,-1286144,171680,-30235,213399
11938,-528384,-977920,101848,-30235,152065
11948,-399360,-666624,60552,-22852,131340
11958,-399360,-430080,6960,-22852,105089
11968,-346112,-305152,-9280,-19805,163612
11978,-273408,-159744,-25752,-15645,161586
11988,-253952,-47104,-46864,-14532,145518
11998,-222208,-33792,-42688,-12715,199718
12008,-136192,15360,-34336,-7793,211992
12018,-136192,99328,-53360,-7793,162865
12028,-80896,151552,-52664,-4629,150165
12038,-77824,216064,-66584,-4454,128437
12048,-31744,312320,-77952,-1817,69450
12058,-31744,304128,-80504,-1817,73450
12068,-7168,296960,-68904,-411,103787
12078,-7168,308224,-71456,-411,81579
12088,-7168,301056,-69832,-411,78025
12098,-7168,167936,-39672,-411,187620
12108,0,161792,-36656,0,167457
12118,0,162816,-36888,0,142125
12128,0,82944,-18792,0,188914
12138,0,26624,-6032,0,211921
12148,0,48128,-10904,0,156449
12158,0,41984,-14384,0,115228
12168,9216,20480,-2552,527,138793
12178,9216,21504,-2784,527,129392
12188,9216,78848,-15776,527,82428
12198,9216,23552,-3248,527,153134
12208,159744,34816,28304,9140,199933
12218,168960,93184,17168,9667,166414
12228,168960,118784,11368,9667,163166
12238,199680,199680,0,11425,122399
12248,252928,257024,-928,14472,112373
12258,278528,303104,-5568,15937,111192
12268,278528,304128,10672,20742,158850
12278,384000,452608,-15544,21972,82730
12288,384000,520192,-30856,21972,80371
12298,423936,612352,-42688,24257,57057
12308,423936,740352,-71688,24257,-10033
12318,471040,738304,-60552,26953,54404
12328,471040,716800,-55680,26953,99945
12338,564224,774144,-47560,32285,73367
12348,564224,788480,-50808,32285,50284
12358,564224,739328,-39672,32285,78634
12368,659456,686080,-6032,37734,133969
12378,676864,713728,-8352,38730,102459
12388,773120,742400,6960,44238,103636
12398,773120,758784,3248,44238,92532
12408,808960,836608,-6264,46289,68640
12418,878592,883712,-1160,50273,79368
12428,878592,880640,-464,50273,117065
12438,947200,979968,-7424,54199,79096
12448,993280,1094656,-22968,56835,31739
12458,1022976,1110016,-19720,58535,67411
12468,1022976,1132544,-24824,58535,73844
12478,1184768,1208320,-2552,67792,91252
12488,1184768,1202176,-3944,67792,112737
12498,1297408,1314816,-3944,74238,58298
12508,1297408,1335296,-8584,74238,64012
12518,1297408,1373184,-17168,74238,69421
12528,1297408,1522688,-51040,74238,1865
12538,1452032,1593344,-32016,83085,29247
12548,1452032,1696768,-55448,83085,-13916
12558,1545216,1773568,-51736,88417,-13325
12568,1577984,1708032,-29464,90292,97184
12578,1790976,1726464,14616,102480,163820
12588,1848320,1856512,-1856,105761,86071
12598,1848320,1946624,-22272,105761,36898
12608,2035712,2053120,-3944,116484,45866
12618,2035712,2112512,-17400,116484,49865
12628,2124800,2165760,-9280,121582,81348
12638,2195456,2251776,-12760,125625,80082
12648,2195456,2302976,-24360,125625,106233
12658,2195456,2446336,-56840,125625,-943
12668,2341888,2497536,-35264,134003,49747
12678,2341888,2565120,-50576,134003,27520
12688,2527232,2558976,-7192,144609,130449
12698,2527232,2668544,-32016,144609,45027
12708,2472960,2816000,-77720,141503,-29405
12718,2446336,2857984,-93264,139980,-15488
12728,2446336,2879488,-98136,139980,16698
12738,2446336,2906112,-104168,139980,18825
12748,2446336,2985984,-122264,139980,-46899
12758,2446336,2975744,-119944,139980,-29614
12768,2446336,3013632,-128528,139980,-69733
12778,2446336,2912256,-105560,139980,19104
12788,2446336,2804736,-81200,139980,89473
12798,2446336,2832384,-87464,139980,20222
12808,2446336,2746368,-67976,139980,59114
12818,2419712,2705408,-64728,138457,54987
12828,2419712,2652160,-52664,138457,81025
12838,2419712,2729984,-70296,138457,-35272
12848,2419712,2714624,-66816,138457,25016
12858,2446336,2629632,-41528,139980,106429
12868,2446336,2667520,-50112,139980,58224
12878,2446336,2729984,-64264,139980,-15534
12888,2446336,2661376,-48720,139980,43191
12898,2446336,2549760,-23432,139980,132079
12908,2446336,2638848,-43616,139980,24283
12918,2367488,2711552,-77952,135468,-67919
12928,2148352,2728960,-131544,122929,-128058
12938,2148352,2665472,-117160,122929,-60637
12948,2148352,2541568,-89088,122929,30285
12958,1436672,2541568,-250328,82207,-237245
12969,1436672,2453504,-230376,82207,-217930
12979,878592,2046976,-264712,50273,-157527
12989,878592,1694720,-184904,50273,-36072
12999,518144,1506304,-223880,29648,-183029
13009,518144,1088512,-129224,29648,-26548
13019,518144,630784,-25520,29648,147881
13029,518144,443392,16936,29648,79327
13039,122880,281600,-35960,7031,-63187
13049,122880,43008,18096,7031,27932
13059,122880,-116736,54288,7031,63950
13069,39936,-144384,41760,2285,-28279
13079,39936,-292864,75400,2285,29522
13089,9216,-410624,95120,527,53815
13099,9216,-615424,141520,527,179816
13109,9216,-645120,148248,527,161167
13119,9216,-573440,132008,527,81920
13129,0,-517120,117160,0,46386
13139,0,-476160,107880,0,46895
13149,0,-462848,104864,0,79639
13159,0,-418816,94888,0,91607
13169,0,-370688,83984,0,91910
13179,0,-228352,51736,0,197
13189,0,-186368,42224,0,-3374
13199,0,-124928,28304,0,-24025
13209,0,-190464,43152,0,109312
13219,-4096,-244736,54520,-235,110821
13229,-4096,-284672,63568,-235,143351
13239,-4096,-209920,46632,-235,65823
13249,0,-162816,36888,0,27650
13259,0,-179200,40600,0,49369
13269,0,-240640,54520,0,116669
13279,0,-296960,67280,0,140746
13289,0,-199680,45240,0,73064
13299,0,-218112,49416,0,94564
13309,-4096,-188416,41760,-235,69744
13319,-4096,-265216,59160,-235,151799
13329,-4096,-205824,45704,-235,109854
13339,-7168,-146432,31552,-411,66093
13349,-10240,-71680,13920,-586,5781
13359,-10240,-161792,34336,-586,94929
13369,-40960,-198656,35728,-2344,116884
13379,-40960,-205824,37352,-2344,127983
13389,-93184,-135168,9512,-5333,32294
13399,-212992,-182272,-6960,-12188,32433
13409,-289792,-180224,-24824,-16583,-8620
13419,-289792,-287744,-464,-16583,63776
13429,-510976,-297984,-48256,-29239,-25441
13439,-510976,-397312,-25752,-29239,17753
13449,-585728,-441344,-32712,-33516,-23493
13459,-621568,-671744,11368,-35567,116003
13469,-626688,-830464,46168,-35860,168396
13479,-626688,-937984,70528,-35860,167946
13489,-626688,-972800,78416,-35860,113170
13499,-626688,-1086464,104168,-35860,147353
13509,-825344,-1104896,63336,-47227,52953
13519,-905216,-1292288,87696,-51797,168628
13529,-1024000,-1324032,67976,-58594,129537
13539,-1024000,-1463296,99528,-58594,190807
13549,-1024000,-1442816,94888,-58594,104186
13559,-1024000,-1529856,114608,-58594,127822
13569,-1185792,-1547264,81896,-67852,54645
13579,-1221632,-1656832,98600,-69903,112322
13589,-1221632,-1721344,113216,-69903,132922
13599,-1246208,-1867776,140824,-71309,229706
13609,-1271808,-1827840,125976,-72774,162266
13619,-1271808,-1857536,132704,-72774,183006
13629,-1366016,-1831936,105560,-78165,104453
13639,-1366016,-1878016,116000,-78165,153591
13649,-1366016,-1891328,119016,-78165,142912
13659,-1366016,-1953792,133168,-78165,163151
13669,-1562624,-2029568,105792,-89415,137676
13679,-1579008,-2055168,107880,-90352,124210
13689,-1546240,-2237440,156600,-88477,264306
13699,-1546240,-2248704,159152,-88477,232237
13709,-1546240,-2330624,177712,-88477,287856
13719,-1562624,-2260992,158224,-89415,206491
13729,-1562624,-2210816,146856,-89415,178349
13739,-1562624,-2143232,131544,-89415,135527
13749,-1595392,-2165760,129224,-91290,158665
13759,-1595392,-2187264,134096,-91290,170152
13769,-1595392,-2253824,149176,-91290,208198
13779,-1595392,-2224128,142448,-91290,176019
13789,-1595392,-2243584,146856,-91290,203059
13799,-1595392,-2189312,134560,-91290,167905
13809,-1595392,-2216960,140824,-91290,209379
13819,-1869824,-2160640,65888,-106993,94629
13829,-1869824,-2265088,89552,-106993,199547
13839,-1972224,-2256896,64496,-112852,151572
13849,-1972224,-2423808,102312,-112852,266526
13859,-2036736,-2466816,97440,-116543,244491
13869,-2036736,-2574336,121800,-116543,286816
13879,-2058240,-2612224,125512,-117774,280878
13889,-2058240,-2585600,119480,-117774,235901
13899,-2149376,-2632704,109504,-122989,239683
13909,-2149376,-2628608,108576,-122989,217608
13919,-2243584,-2669568,96512,-128379,217524
13929,-2243584,-2693120,101848,-128379,207474
13939,-2268160,-2734080,105560,-129786,242539
13949,-2268160,-2697216,97208,-129786,193884
13959,-2292736,-2748416,103240,-131192,224040
13969,-2292736,-2722816,97440,-131192,179249
13979,-2292736,-2720768,96976,-131192,173126
13989,-2292736,-2709504,94424,-131192,169458
13999,-2292736,-2695168,91176,-131192,175229
14009,-2292736,-2666496,84680,-131192,164307
14019,-2292736,-2619392,74008,-131192,149419
14029,-2292736,-2577408,64496,-131192,135582
14039,-2292736,-2548736,58000,-131192,131065
14049,-2292736,-2584576,66120,-131192,179053
14059,-2292736,-2554880,74008,-131192,229068
14069,-2268160,-2630656,82128,-129786,244424
14079,-1993728,-2669568,153120,-114083,363940
14089,-1930240,-2604032,152656,-110450,324867
14099,-1930240,-2556928,141984,-110450,320897
14109,-1930240,-2377728,101384,-110450,223769
14119,-1930240,-2250752,72616,-110450,198335
14129,-660480,-2104320,327120,-37793,518674
14139,-660480,-1842176,267728,-37793,395078
14149,-276480,-1520640,281880,-15821,414399
14159,-276480,-1103872,187456,-15821,296244
14169,-13312,-656384,145696,-762,245153
14179,-13312,-237568,50808,-762,163593
14189,0,136192,-30856,0,77986
14199,0,356352,-80736,0,95887
14209,0,562176,-127368,0,52237
14219,3072,642048,-144768,175,71452
14229,33792,693248,-149408,1933,75678
14239,67584,610304,-122960,3867,141542
14249,67584,556032,-110664,3867,146937
14259,119808,501760,-86536,6855,164385
14270,119808,505856,-87464,6855,115958
14280,129024,557056,-96976,7382,70200
14290,125952,466944,-77256,7207,122037
14300,125952,522240,-89784,7207,51905
14310,122880,480256,-80968,7031,75991
14320,125952,464896,-76792,7207,46646
14330,125952,336896,-47792,7207,122142
14340,125952,200704,-16936,7207,188263
14350,122880,142336,-4408,7031,172999
14360,122880,40960,18560,7031,207429
14370,122880,33792,20184,7031,160305
14380,122880,-2048,28304,7031,169799
14390,122880,34816,19952,7031,136251
14400,122880,118784,928,7031,86373
14410,122880,132096,-2088,7031,114123
14420,122880,236544,-25752,7031,59164
14430,122880,195584,-16472,7031,134409
14440,122880,241664,-26912,7031,102737
14450,119808,211968,-20880,6855,131110
14460,119808,214016,-21344,6855,116675
14470,119808,233472,-25752,6855,82522
14480,116736,190464,-31320,6679,46623
14490,116736,234496,-26680,6679,58403
14500,113664,258048,-32712,6503,31457
14510,113664,300032,-42224,6503,-3156
14520,104448,234496,-29464,5976,56725
14530,104448,277504,-39208,5976,6785
14540,104448,160768,-12760,5976,104494
14550,104448,128000,-5336,5976,111468
14560,104448,83968,4640,5976,139061
14570,95232,117760,-5104,5449,93953
14580,95232,119808,-5568,5449,64288
14590,95232,115712,-4640,5449,76319
14600,95232,144384,-11136,5449,30987
14610,98304,81920,3712,5625,66475
14620,98304,99328,-232,5625,31903
14630,101376,66560,7888,5800,69219
14640,104448,45056,13456,5976,103333
14650,104448,33792,16008,5976,131230
14660,184320,56320,29000,10546,147597
14670,263168,157696,23896,15058,88482
14680,275456,241664,7656,15761,41574
14690,288768,358400,-15776,16523,-29567
14700,288768,397312,-24592,16523,-18038
14710,321536,425984,-23664,18398,2472
14720,321536,402432,-18328,18398,55311
14730,391168,362496,6496,22382,121413
14740,391168,456704,-14848,22382,51029
14750,391168,515072,-28072,22382,25262
14760,391168,580608,-42920,22382,-16035
14770,391168,605184,-48488,22382,-16327
14780,773120,560128,48256,44238,162047
14790,965632,562176,91408,55253,222045
14800,1003520,649216,80272,57421,172044
14810,1094656,752640,77488,62636,154109
14820,1310720,994304,71688,75000,79732
14830,1337344,1150976,42224,76523,62328
14840,1497088,1327104,38512,85664,69055
14850,1594368,1500160,21344,91230,69802
14860,1868800,1639424,51968,106933,136014
14870,2014208,1851392,36888,115253,96884
14880,2124800,1977344,33408,121582,133430
14890,2554880,2174976,86072,146191,189615
14900,2611200,2442240,38280,149414,105942
14910,2697216,2697216,0,154335,57113
14920,2697216,2968576,-61480,154335,-22292
14930,2697216,3161088,-105096,154335,-30134
14940,2879488,3361792,-109272,164765,-21692
14950,2879488,3432448,-125280,164765,18147
14960,3007488,3531776,-118784,172089,32434
14970,3074048,3620864,-123888,175898,23728
14980,3246080,3700736,-103008,185742,39088
14990,3246080,3850240,-136880,185742,-58665
15000,3316736,3888128,-129456,189785,-33983
15010,3427328,3876864,-101848,196113,45765
15020,3427328,3936256,-115304,196113,25498
15030,3697664,3949568,-57072,211582,134163
15040,3697664,4025344,-74240,211582,82335
15050,3697664,4235264,-121800,211582,-30830
15060,3778560,4386816,-137808,216210,-64127
15070,3778560,4462592,-154976,216210,-55440
15080,3737600,4598784,-195112,213867,-116599
15090,3737600,4634624,-203232,213867,-90542
15100,3737600,4566016,-187688,213867,6478
15110,3737600,4609024,-197432,213867,-43073
15120,3778560,4608000,-187920,216210,-62634
15130,3737600,4536320,-180960,213867,-46502
15140,3737600,4449280,-161240,213867,-3127
15150,3737600,4385792,-146856,213867,32355
15160,3737600,4464640,-164720,213867,-78299
15170,3737600,4561920,-186760,213867,-137587
15180,3737600,4507648,-174464,213867,-78797
15190,3107840,4450304,-304152,177832,-215144
15200,3107840,4393984,-291392,177832,-189551
15210,3107840,4335616,-278168,177832,-212255
15220,2393088,4178944,-404608,136933,-376757
15230,1610752,3786752,-493000,92167,-383584
15240,1610752,3440640,-414584,92167,-281221
15250,1610752,3044352,-324800,92167,-184573
15260,878592,2411520,-347304,50273,-146423
15270,878592,2012160,-256824,50273,-157279
15280,610304,1528832,-208104,34921,-121842
15290,589824,994304,-91640,33750,19188
15300,518144,718848,-45472,29648,-63918
15310,514048,323584,43152,29414,25706
15320,471040,-40960,116000,26953,161152
15330,439296,-188416,142216,25136,105574
15340,409600,-179200,133400,23437,-862
15350,345088,-313344,149176,19746,70786
15360,345088,-433152,176320,19746,157064
15370,211968,-504832,162400,12128,144913
15380,153600,-519168,152424,8789,120356
15390,153600,-485376,144768,8789,70215
15400,153600,-546816,158688,8789,131751
15410,9216,-542720,125048,527,118572
15420,9216,-578560,133168,527,187225
15430,0,-457728,103704,0,94475
15440,0,-421888,95584,0,79629
15450,0,-421888,95584,0,88077
15460,0,-560128,126904,0,208909
15470,0,-517120,117160,0,159962
15480,0,-443392,100456,0,79246
15490,0,-540672,122496,0,174718
15500,0,-536576,121568,0,161658
15510,0,-562176,127368,0,186105
15521,0,-423936,96048,0,71066
15531,0,-470016,106488,0,142910
15541,0,-509952,115536,0,204389
15551,0,-421888,95584,0,124668
15561,-56320,-384000,74240,-3223,89912
15571,-56320,-300032,55216,-3223,34091
15581,-166912,-368640,45704,-9551,88378
15591,-244736,-409600,37352,-14004,125963
15601,-244736,-354304,24824,-14004,70903
15611,-289792,-406528,26448,-16583,97108
15621,-328704,-450560,27608,-18809,101944
15631,-328704,-578560,56608,-18809,169105
15641,-328704,-659456,74936,-18809,190712
15651,-328704,-574464,55680,-18809,64348
15661,-328704,-690176,81896,-18809,146898
15671,-328704,-720896,88856,-18809,172091
15681,-570368,-620544,11368,-32637,8626
15691,-570368,-623616,12064,-32637,13757
15701,-632832,-663552,6960,-36211,34067
15711,-632832,-791552,35960,-36211,128070
15721,-677888,-910336,52664,-38790,174982
15731,-684032,-906240,50344,-39141,100410
15741,-727040,-1039360,70760,-41602,149721
15751,-734208,-1135616,90944,-42012,170481
15761,-832512,-1283072,102080,-47637,221301
15771,-864256,-1276928,93496,-49454,146444
15781,-864256,-1327104,104864,-49454,174031
15791,-1063936,-1327104,59624,-60879,85124
15801,-1063936,-1436672,84448,-60879,162902
15811,-1209344,-1501184,66120,-69200,145880
15821,-1209344,-1632256,95816,-69200,234565
15831,-1310720,-1637376,74008,-75000,151272
15841,-1310720,-1710080,84448,-75000,149235
15851,-1285120,-1671168,87464,-73536,104075
15861,-1285120,-1748992,105096,-73536,155429
15871,-1285120,-1745920,104400,-73536,144687
15881,-1285120,-1817600,120640,-73536,199929
15891,-1285120,-1827840,122960,-73536,238383
15901,-1271808,-1884160,138736,-72774,248909
15911,-1271808,-1878016,137344,-72774,233512
15921,-1285120,-1859584,130152,-73536,195670
15931,-1285120,-1846272,127136,-73536,190771
15941,-1285120,-1784832,113216,-73536,150909
15951,-1285120,-1845248,126904,-73536,226307
15961,-1271808,-1813504,122728,-72774,218845
15971,-1259520,-1843200,132240,-72071,233454
15981,-1162240,-1802240,145000,-66504,255729
15991,-1106944,-1759232,147784,-63340,240989
16001,-957440,-1690624,166112,-54786,254551
16011,-802816,-1679360,198592,-45938,331486
16021,-753664,-1612800,194648,-43125,335253
16031,-575488,-1485824,206248,-32930,321259
16041,-575488,-1404928,187920,-32930,320134
16051,-575488,-1267712,156832,-32930,265886
16061,-309248,-1160192,192792,-17696,333458
16071,-309248,-937984,142448,-17696,236279
16081,-309248,-817152,115072,-17696,227233
16091,-194560,-749568,125744,-11133,297552
16101,-194560,-591872,90016,-11133,232949
16111,-197632,-495616,67512,-11309,224396
16121,-197632,-392192,44080,-11309,202272
16131,-185344,-370688,41992,-10606,259341
16141,-185344,-233472,10904,-10606,188343
16151,-148480,-159744,2552,-8497,186824
16161,-87040,0,-19720,-4981,116577
16171,-74752,12288,-19720,-4278,158608
16181,-44032,-8192,-8120,-2520,208373
16191,-44032,-82944,8816,-2520,277238
16201,-40960,-26624,-3248,-2344,223948
16211,-65536,13312,-17864,-3750,185793
16221,-65536,25600,-20648,-3750,189716
16231,-169984,54272,-50808,-9727,145194
16241,-191488,3072,-44080,-10958,181955
16251,-338944,-34816,-68904,-19395,157939
16261,-338944,-16384,-73080,-19395,121713
16271,-338944,-102400,-53592,-19395,168654
16281,-338944,-151552,-42456,-19395,180737
16291,-575488,-240640,-75864,-32930,116546
16301,-666624,-336896,-74704,-38145,108568
16311,-1043456,-471040,-129688,-59708,45532
16321,-1043456,-559104,-109736,-59708,29662
16331,-1930240,-780288,-260536,-110450,-141226
16341,-1930240,-979968,-215296,-110450,-132426
16351,-2394112,-1377280,-267032,-146250,-169113
16361,-2669568,-1910784,-171912,-152754,9465
16371,-2669568,-2412544,-58232,-152754,123035
16381,-3317760,-2860032,-103704,-189844,20855
16391,-3946496,-3262464,-154976,-225821,-127553
16401,-3989504,-3713024,-62640,-228282,29171
16411,-3989504,-4258816,61016,-228282,161367
16421,-4033536,-4648960,139432,-230801,199045
16431,-4033536,-5039104,227824,-230801,285599
16441,-4033536,-5282816,283040,-230801,281177
16451,-4076544,-5452800,311808,-233262,257617
16461,-4076544,-5496832,321784,-233262,193732
16471,-3989504,-5591040,362848,-228282,252423
16481,-3946496,-5561344,360760,-225821,190977
16491,-3946496,-5599232,374448,-225821,234314
16501,-2788352,-5572608,630808,-159551,536329
16511,-2318336,-5511168,723376,-132657,658988
16521,-1698816,-5088256,767920,-97208,604118
16531,-1453056,-4518912,694608,-83145,447663
16541,-702464,-3975168,741472,-40196,561094
16551,-702464,-3267584,581160,-40196,384881
16561,-702464,-2635776,438016,-40196,270288
16571,-702464,-2065408,308792,-40196,164972
16581,-436224,-1642496,273296,-24961,235554
16591,-436224,-1320960,200448,-24961,224351
16601,-436224,-1042432,137344,-24961,218606
16611,-436224,-738304,68440,-24961,140512
16621,-424960,-635904,47792,-24317,207687
16631,-413696,-439296,5800,-23672,144995
16641,-413696,-368640,-10208,-23672,134895
16651,-232448,-211968,-4640,-13301,133747
16661,-232448,-192512,-9048,-13301,179451
16671,0,-149504,33872,0,264617
16681,18432,13312,1160,1054,187421
16691,39936,113664,-23200,2285,159801
16701,95232,292864,-44776,5449,124085
16711,285696,377856,-20880,16347,190675
16721,285696,472064,-42224,16347,176754
16731,285696,529408,-55216,16347,182884
16741,1232896,611328,140824,70546,420432
16751,1232896,799744,98136,70546,330804
16761,3074048,1084416,450776,175898,709424
16771,3389440,1610752,402984,193945,596997
16781,6372352,2523136,872088,364628,1044304
16791,6372352,3545088,640552,364628,653369
16801,8246272,4956160,745416,471855,763727
16811,8246272,6292480,442656,471855,488404
16821,10487808,7756800,618744,600117,759531
16831,10591232,9074688,343592,606035,525445
16842,10591232,10542080,11136,606035,171761
16852,10695680,11687936,-224808,612011,14036
16862,10695680,12589056,-428968,612011,-83458
16872,7218176,13042688,-1319616,413027,-1053106
16882,7218176,12945408,-1297576,413027,-876637
16892,7218176,12125184,-1111744,413027,-407902
16902,3141632,10770432,-1728400,179765,-903227
16912,3141632,9194496,-1371352,179765,-488205
16922,1062912,7257088,-1403368,60820,-432051
16932,1062912,5583872,-986928,60820,-36524
16942,1062912,3837952,-628720,60820,170264
16952,132096,2415616,-517360,7558,107573
16962,-4096,1588224,-360760,-235,-11777
16972,-13312,826368,-190240,-762,29115
16982,-47104,215040,-48488,-2696,123017
16992,-47104,-149504,23200,-2696,45862
17002,-108544,-404480,67048,-6211,-15150
17012,-166912,-696320,119944,-9551,41666
17022,-200704,-1032192,188384,-11485,189337
17032,-359424,-1115136,171216,-20567,95057
17042,-556032,-1163264,137576,-31817,8135
17052,-556032,-1269760,161704,-31817,56986
17062,-1366016,-1406976,9280,-78165,-87479
17072,-1909760,-1506304,-91408,-109278,-205954
17082,-2268160,-1747968,-117856,-129786,-175740
17092,-3247104,-2088960,-262392,-185801,-308275
17102,-3738624,-2561024,-266800,-213926,-304876
17112,-3862528,-3133440,-165184,-221016,-193840
17122,-4302848,-3861504,-99992,-246211,-11713
17132,-4302848,-4513792,47792,-246211,69577
17142,-4302848,-4993024,156368,-246211,99260
17152,-6112256,-5492736,-140360,-349747,-281662
17162,-6112256,-5892096,-49880,-349747,-216194
17172,-6112256,-6278144,37584,-349747,-162577
17182,-8502272,-6803456,-384888,-486504,-687892
17192,-9883648,-7665664,-502512,-565547,-731502
17202,-10283008,-8736768,-350320,-588399,-459383
17212,-10283008,-10021888,-59160,-588399,-70732
17222,-9032704,-11211776,493696,-516856,514109
17232,-9032704,-12071936,688576,-516856,665570
17242,-6926336,-12291072,1215448,-396329,1032480
17252,-2639872,-11657216,2042992,-151055,1722496
17262,-1810432,-10162176,1892192,-103594,1135639
17272,-921600,-8180736,1644648,-52735,644812
17282,-595968,-6068224,1239808,-34102,228528
17292,-595968,-4132864,801328,-34102,-118447
17302,-83968,-2932736,645424,-4805,56086
17312,-83968,-2120704,461448,-4805,140513
17322,-25600,-1651712,368416,-1465,241095
17332,-37888,-1267712,278632,-2168,271872
17342,-65536,-826368,172376,-3750,163759
17352,-68608,-514048,100920,-3926,124075
17362,-71680,-254976,41528,-4102,115126
17372,-68608,25600,-21344,-3926,35389
17382,-65536,115712,-41064,-3750,105424
17392,-10240,237568,-56144,-586,120559
17402,-10240,329728,-77024,-586,97652
17412,-10240,433152,-100456,-586,45537
17422,0,516096,-116928,0,-4950
17432,0,416768,-94424,0,96766
17442,3072,395264,-88856,175,98951
17452,95232,342016,-55912,5449,149607
17462,95232,470016,-84912,5449,4755
17472,95232,389120,-66584,5449,64488
17482,327680,382976,-12528,18750,132570
17492,956416,350208,137344,54726,340450
17502,1513472,537600,221096,86601,361089
17512,3353600,796672,579304,191894,750433
17522,4637696,1291264,758176,265371,913676
17532,5384192,2238464,712704,308085,709753
17542,8674304,3584000,1153272,496347,1147739
17552,9122816,5022720,928928,522011,825048
17562,9122816,6745088,538704,522011,334239
17572,11124736,8454144,605056,636562,530212
17582,11124736,10083328,235944,636562,183050
17592,11124736,11579392,-103008,636562,-76779
17602,9687040,12579840,-655400,554296,-567810
17612,6305792,12848128,-1482248,360820,-1388748
17622,5677056,12171264,-1471344,324843,-924561
17632,3040256,10694656,-1734200,173964,-929264
17642,3040256,9033728,-1357896,173964,-415492
17652,3040256,7056384,-909904,173964,144727
17662,514048,5632000,-1159536,29414,-388403
17672,514048,4576256,-920344,29414,-427315
17682,165888,3390464,-730568,9492,-265305
17692,6144,2509824,-567240,351,-253452
17702,0,1362944,-308792,0,55502
17712,0,633856,-143608,0,69791
17722,3072,-123904,28768,175,251510
17732,3072,-414720,94656,175,108575
17742,3072,-616448,140360,175,60027
17752,3072,-924672,210192,175,207754
17762,3072,-963584,219008,175,161070
17772,3072,-926720,210656,175,101829
17782,3072,-918528,208800,175,109537
17792,3072,-857088,194880,175,100765
17802,12288,-834560,191864,703,154400
17812,150528,-690176,182352,8613,101893
17822,215040,-524288,167504,12304,72570
17832,215040,-444416,149408,12304,83018
17842,1350656,-425984,402520,77285,485473
17852,1350656,-130048,335472,77285,317851
17862,3007488,212992,633128,172089,659881
17872,3007488,703488,522000,172089,458646
17882,3861504,1353728,568168,220957,483167
17892,3861504,2161664,385120,220957,244897
17902,3737600,2938880,180960,213867,41138
17912,3246080,3654656,-92568,185742,-209238
17922,3141632,4069376,-210192,179765,-196674
17932,3141632,4045824,-204856,179765,-27530
17942,2219008,4082688,-422240,126972,-322778
17952,1208320,3752960,-576520,69140,-396113
17962,1084416,3121152,-461448,62050,-123060
17972,1084416,2661376,-357280,62050,-55254
17982,471040,1824768,-306704,26953,71709
17992,471040,1390592,-208336,26953,8989
18002,73728,678912,-137112,4218,211623
18012,12288,362496,-79344,703,74490
18022,-10240,-23552,3016,-586,144716
18032,-10240,-347136,76328,-586,221192
18042,-10240,-372736,82128,-586,70932
18052,-10240,-588800,131080,-586,172743
18062,-10240,-664576,148248,-586,189745
18072,-10240,-600064,133632,-586,109176
18082,-349184,-508928,36192,-19981,-63869
18092,-406528,-610304,46168,-23262,29500
18102,-606208,-640000,7656,-34688,-1279
18112,-626688,-604160,-5104,-35860,-71366
18123,-684032,-776192,20880,-39141,26723
18133,-1063936,-976896,-19720,-60879,19320
18143,-1063936,-985088,-17864,-60879,-74679
18153,-1611776,-1269760,-77488,-92227,-73384
18163,-1611776,-1502208,-24824,-92227,13790
18173,-4444160,-1717248,-617816,-254297,-755008
18183,-5559296,-2365440,-723608,-318106,-706949
18193,-5559296,-3282944,-515736,-318106,-405464
18203,-5559296,-4836352,-163792,-318106,220908
18213,-5559296,-5824512,60088,-318106,302123
18223,-2015232,-6580224,1034256,-115313,1341773
18233,-1698816,-6230016,1026600,-97208,873148
18243,-847872,-5244928,996208,-48516,537363
18253,-720896,-3955712,732888,-41250,40387
18263,-720896,-2786304,467944,-41250,-113662
18273,-306176,-1995776,382800,-17520,23567
18283,-59392,-1490944,324336,-3399,140877
18293,0,-1242112,281416,0,229338
18303,0,-1022976,231768,0,253329
18313,0,-795648,180264,0,151925
18323,0,-562176,127368,0,161151
18333,0,-281600,63800,0,51333
18343,0,-192512,43616,0,98987
18353,0,-72704,16472,0,106222
18363,0,-69632,15776,0,187029
18373,278528,44032,53128,15937,213893
18383,278528,115712,36888,15937,194522
18393,527360,229376,67512,30175,210865
18403,683008,284672,90248,39082,264058
18413,683008,356352,74008,39082,278423
18423,6925312,681984,1414504,396269,1843075
18433,6925312,1740800,1174616,396269,1226771
18443,6925312,3550208,764672,396269,474931
18453,15985664,5533696,2368024,914707,2432418
18463,15985664,7490560,1924672,914707,1968323
18473,15985664,10108928,1331448,914707,1088690
18483,15838208,13153280,608304,906269,200271
18493,15838208,15641600,44544,906269,-219410
18503,15838208,17509376,-378624,906269,-298601
18513,8941568,18363392,-2134632,511640,-2132481
18523,8941568,17979392,-2047632,511640,-1488691
18533,3316736,16293888,-2940136,189785,-2056427
18543,2102272,13293568,-2535528,120292,-1025143
18553,584704,10070016,-2149016,33457,-462077
18563,358400,6880256,-1477608,20507,115307
18573,12288,4148224,-937048,703,417610
18583,-13312,2510848,-571880,-762,310902
18593,-13312,1225728,-280720,-762,294246
18603,-225280,697344,-209032,-12891,9694
18613,-264192,308224,-129688,-15118,-77909
18623,-264192,-99328,-37352,-15118,31650
18633,-264192,-356352,20880,-15118,-16442
18643,-264192,-581632,71920,-15118,-37632
18653,-1198080,-894976,-68672,-68555,-216758
18663,-2669568,-1240064,-323872,-152754,-519514
18673,-2975744,-1635328,-303688,-170274,-484808
18683,-2975744,-2237440,-167272,-170274,-268220
18693,-2975744,-3161088,41992,-170274,110135
18703,-8763392,-3716096,-1143528,-501446,-1523279
18713,-9123840,-4826112,-973704,-522071,-1161344
18723,-9309184,-6438912,-650296,-532676,-611001
18733,-9402368,-8568832,-188848,-538008,97063
18743,-9402368,-10372096,219704,-538008,461890
18753,-8416256,-11304960,654472,-481583,627094
18763,-8416256,-11735040,751912,-481583,488901
18773,-8416256,-11602944,721984,-481583,263021
18783,-8416256,-11169792,623848,-481583,-3420
18793,-2268160,-10808320,1934880,-129786,1651380
18803,-2342912,-9972736,1728632,-134063,1218232
18813,-2342912,-8333312,1357200,-134063,507031
18823,-2342912,-6618112,968600,-134063,63908
18833,-2342912,-5213184,650296,-134063,-136847
18843,-17213440,-4449280,-2891880,-984961,-4351105
18853,-17213440,-5420032,-2671944,-984961,-3307914
18863,-17213440,-8104960,-2063640,-984961,-1792921
18873,-17213440,-11974656,-1186912,-984961,-348986
18883,-17213440,-15922176,-292552,-984961,704396
18893,-11795456,-19104768,1656016,-674942,2624351
18903,-9981952,-20761600,2442264,-571172,2927141
18913,-9981952,-20835328,2458968,-571172,2178396
18923,-3579904,-19213312,3541944,-204844,2752739
18933,-3579904,-16488448,2924592,-204844,1431006
18943,-1408000,-12953600,2615800,-80567,887660
18953,-1150976,-9725952,1942768,-65860,319392
18963,-1053696,-7166976,1385040,-60293,42155
18973,-1053696,-5339136,970920,-60293,76443
18983,-671744,-3988480,751448,-38438,141142
18993,-671744,-2911232,507384,-38438,142389
19003,-319488,-2008064,373288,-18282,159150
19013,-225280,-1225728,226664,-12891,112791
19023,-117760,-573440,103240,-6739,67466
19033,-130048,10240,-31784,-7442,-56748
19043,-222208,494592,-162400,-12715,-115856
19053,-257024,1005568,-286056,-14708,-263834
19063,-257024,1385472,-372128,-14708,-363939
19073,-282624,1228800,-342432,-16172,-119038
19083,-282624,1168384,-328744,-16172,-145045
19093,-238592,856064,-248008,-13653,-18186
19103,-238592,454656,-157064,-13653,131893
19113,-56320,339968,-89784,-3223,23682
19123,-56320,307200,-82360,-3223,-15369
19133,0,151552,-34336,0,65456
19143,0,145408,-32944,0,49915
19153,281600,271360,2320,16113,34549
19163,1042432,398336,145928,59648,229084
19173,1324032,662528,149872,75761,156210
19183,1324032,946176,85608,75761,55227
19193,2817024,1247232,355656,161191,394954
19203,2817024,1783808,234088,161191,199559
19213,7070720,2457600,1045160,404589,1203610
19223,7070720,3695616,764672,404589,640988
19233,16284672,5280768,2493072,931816,2705145
19243,16135168,7513088,1953440,923261,1833459
19253,16135168,10633216,1246536,923261,700004
19263,16135168,14047232,473048,923261,-205654
19273,16135168,16574464,-122264,923261,-496047
19283,13495296,18086912,-1040288,772207,-1099135
19293,11016192,18499584,-1695456,630351,-1437043
19303,9784320,17601536,-1771088,559863,-907662
19313,5617664,15795200,-2305848,321445,-1188637
19323,4944896,13643776,-1970840,282949,-653159
19333,4944896,11403264,-1463224,282949,-63947
19343,2817024,9254912,-1458584,161191,-239358
19354,2817024,7526400,-1066968,161191,-17798
19364,1452032,6038528,-1039128,83085,-275354
19374,1452032,4706304,-737296,83085,-107669
19384,759808,3465216,-612944,43476,-87548
19394,759808,2260992,-340112,43476,109238
19404,540672,1386496,-191632,30937,90577
19414,540672,601088,-13688,30937,153792
19424,376832,16384,81664,21562,176226
19434,376832,-391168,174000,21562,227479
19444,172032,-524288,157760,9843,55968
19454,153600,-559104,154512,7031,-37673
19464,113664,-920576,234320,6503,238314
19474,107520,-1140736,282808,6152,347089
19484,107520,-1328128,325264,6152,395131
19494,0,-2784256,630808,0,1199911
19504,-10240,-4333568,979504,-586,1896072
19514,-13312,-4533248,1024048,-762,1356017
19524,-83968,-3974144,881368,-4805,762827
19534,-83968,-2824192,620832,-4805,172229
19544,-222208,-1741824,344288,-12715,-146290
19554,-222208,-1243136,231304,-12715,30367
19564,-349184,-1015808,151032,-19981,122987
19574,-424960,-1004544,131312,-24317,228393
19584,-433152,-874496,99992,-24786,165760
19594,-436224,-538624,23200,-24961,-16138
19604,-463872,-146432,-71920,-26543,-146521
19614,-463872,-55296,-92568,-26543,-27311
19624,-448512,-22528,-96512,-25665,-14206
19634,-420864,-222208,-45008,-24083,135282
19644,-417792,-408576,-2088,-23907,202577
19654,-417792,-510976,21112,-23907,188754
19664,-349184,-596992,56144,-19981,205223
19674,-319488,-598016,63104,-18282,180522
19684,-319488,-617472,67512,-18282,202610
19694,-325632,-450560,28304,-18633,79226
19704,-436224,-363520,-16472,-24961,22146
19714,-480256,-301056,-40600,-27481,11828
19724,-611328,-404480,-46864,-34981,92852
19734,-611328,-431104,-40832,-34981,93625
19744,-611328,-604160,-1624,-34981,187116
19754,-611328,-691200,18096,-34981,174143
19764,-611328,-741376,29464,-34981,132228
19774,-1810432,-804864,-227824,-103594,-229870
19784,-4688896,-921600,-853528,-268301,-1041760
19794,-4688896,-1405952,-743792,-268301,-794847
19804,-6855680,-2331648,-1024976,-392286,-983348
19814,-6926336,-3781632,-712472,-396329,-419799
19824,-6926336,-5520384,-318536,-396329,91064
19834,-6373376,-7005184,143144,-364688,565689
19844,-6373376,-7943168,355656,-364688,547941
19854,-6373376,-8262656,428040,-364688,347969
19864,-6373376,-8177664,408784,-364688,112248
19874,-6241280,-7966720,390920,-357129,-5872
19884,-6241280,-7828480,359600,-357129,-30814
19894,-6241280,-7785472,349856,-357129,17318
19904,-6241280,-7802880,353800,-357129,75815
19914,-4540416,-7836672,746808,-259805,589908
19924,-3658752,-7719936,920112,-209356,757325
19934,-3108864,-7297024,948880,-177891,695030
19944,-1482752,-6443008,1123808,-84844,781995
19954,-1482752,-5430272,894360,-84844,464229
19964,-684032,-4312064,821976,-39141,365712
19974,-684032,-3237888,578608,-39141,157205
19984,-90112,-2321408,505528,0,239778
19994,0,-1451008,328744,0,98426
20004,3072,-823296,187224,175,84705
20014,9216,-291840,68208,527,30572
20024,55296,11264,9976,3164,75647
20034,110592,264192,-34800,6328,85424
20044,527360,433152,21344,30175,210204
20054,878592,526336,79808,50273,323817
20064,878592,724992,34800,50273,246328
20074,1392640,923648,106256,79687,336531
20084,1392640,1291264,22968,79687,187811
20094,2102272,1606656,112288,120292,301139
20104,2219008,1946624,61712,126972,284959
20114,2367488,2423808,-12760,135468,150515
20124,2291712,2736128,-100688,131132,51512
20134,2195456,3092480,-203232,125625,-38967
20144,2195456,3317760,-254272,125625,-84146
20154,2195456,3332096,-257520,125625,31375
20164,2148352,3349504,-272136,122929,-24866
20174,2171904,3319808,-260072,124277,-35314
20184,2171904,3239936,-241976,124277,-47003
20194,2219008,2965504,-169128,126972,105822
20204,2219008,2919424,-158688,126972,23339
20214,2219008,2802688,-132240,126972,32438
20224,2242560,2616320,-84680,128320,132610
20234,2242560,2617344,-84912,128320,44224
20244,2219008,2577408,-81200,126972,48046
20254,2219008,2537472,-72152,126972,52113
20264,2195456,2424832,-51968,125625,121547
20274,2195456,2507776,-70760,125625,13932
20284,2014208,2510848,-112520,115253,-58671
20294,2014208,2344960,-74936,115253,84583
20304,2014208,2439168,-96280,115253,-41589
20314,1208320,2397184,-269352,69140,-250612
20324,1208320,2260992,-238496,69140,-162762
20334,863232,2093056,-278632,49394,-199563
20344,600064,1759232,-262624,34335,-120815
20354,600064,1375232,-175624,34335,-2401
20364,589824,1162240,-129688,33750,-39319
20374,594944,693248,-22272,34042,172652
20384,615424,660480,-10208,35214,31383
20394,620544,531456,20184,35507,44375
20404,625664,442368,41528,35800,62618
20414,625664,391168,53128,35800,73034
20424,625664,370688,57768,35800,85678
20434,631808,385024,55912,36152,73688
20444,631808,404480,51504,36152,68592
20454,631808,457728,39440,36152,30659
20464,653312,434176,49648,37382,59998
20474,653312,431104,50344,37382,67529
20484,733184,446464,64960,41953,86050
20494,886784,485376,90944,50742,118936
20504,956416,562176,89320,54726,103570
20514,956416,659456,67280,54726,65230
20524,956416,765952,43152,54726,33468
20534,1084416,898048,42224,62050,29864
20544,1094656,1006592,18328,62636,7323
20554,1094656,1115136,-4640,62636,-11796
20564,1094656,1164288,-15776,62636,4224
20574,1094656,1228800,-30392,62636,-17582
20584,1105920,1234944,-29232,63281,8284
20594,1105920,1259520,-34800,63281,-10227
20604,1406976,1262592,32712,80507,92103
20614,1466368,1276928,42920,83906,101447
20625,1466368,1341440,28304,83906,58786
20635,1697792,1395712,68440,97148,117463
20645,1697792,1492992,46400,97148,92566
20655,1697792,1667072,6960,97148,14338
20665,1697792,1710080,-2784,97148,69283
20675,1662976,1826816,-37120,95156,24114
20685,1662976,1923072,-58928,95156,-3573
20695,1662976,1964032,-68208,95156,4854
20705,1662976,1977344,-71224,95156,9961
20715,1662976,2022400,-81432,95156,-26253
20725,1662976,1971200,-59856,95156,55883
20735,1662976,1855488,-43616,95156,100204
20745,1662976,1896448,-52896,95156,32276
20755,1809408,1902592,-21112,103535,46635
20765,1809408,1832960,-5336,103535,99160
20775,1809408,1815552,-1392,103535,105557
20785,1790976,1934336,-32480,102480,-8464
20795,1790976,1898496,-24360,102480,48207
20805,1790976,1875968,-19256,102480,84707
20815,1790976,1941504,-34104,102480,36315
20825,1790976,2011136,-49880,102480,-10634
20835,1790976,2016256,-51040,102480,618
20845,1790976,1945600,-35032,102480,71293
20855,1790976,1976320,-41992,102480,42165
20865,1809408,2053120,-55216,103535,-14646
20875,1771520,1945600,-39440,101367,70937
20885,1771520,1943552,-45936,101367,25080
20895,1149952,1937408,-178408,65800,-130874
20905,1149952,1918976,-174232,65800,-143440
20915,1149952,1783808,-143608,65800,-76946
20925,1149952,1577984,-96976,65800,19219
20935,492544,1381376,-201376,28183,-105522
20945,471040,1203200,-165880,26953,-73377
20955,471040,992256,-118088,26953,-24393
20965,337920,772096,-98368,19335,-23108
20975,337920,546816,-47328,19335,27325
20985,168960,368640,-45240,9667,12438
20995,141312,309248,-38048,8085,-51862
21005,141312,128000,3016,8085,51461
21015,-4096,145408,-33872,-235,-84957
21025,-4096,-33792,6728,-235,15639
21035,-10240,-47104,8352,-586,-51649
21045,-13312,-248832,53360,-762,69122
21055,-22528,-254976,52664,-1290,7618
21065,-22528,-393216,83984,-1290,93734
21075,-22528,-397312,84912,-1290,61379
21085,-80896,-428032,78648,-4629,65194
21095,-99328,-421888,73080,-5684,52554
21105,-99328,-454656,80504,-5684,87689
21115,-250880,-365568,25984,-14356,-23196
21125,-250880,-431104,40832,-14356,44154
21135,-363520,-414720,11600,-20801,4058
21145,-532480,-419840,-25520,-30469,-46681
21155,-532480,-474112,-13224,-30469,-22114
21165,-621568,-569344,-11832,-35567,4087
21175,-643072,-688128,10208,-36797,51517
21185,-643072,-781312,31320,-36797,69671
21195,-696320,-869376,39208,-39844,64349
21205,-795648,-996352,45472,-45528,86056
21215,-940032,-1033216,21112,-53790,16371
21225,-1095680,-1136640,9280,-62696,13052
21235,-1271808,-1202176,-12760,-72774,-23314
21245,-1529856,-1300480,-51968,-87540,-79597
21255,-1717248,-1416192,-68208,-98262,-97301
21265,-2058240,-1561600,-112520,-117774,-152051
21275,-2125824,-1763328,-82128,-121641,-107899
21285,-2368512,-2082816,-64728,-135528,-47953
21295,-2342912,-2372608,6728,-134063,38889
21305,-2342912,-2715648,84448,-134063,147332
21315,-2292736,-2966528,152656,-131192,197877
21325,-1849344,-3150848,294872,-105821,328228
21335,-1772544,-3181568,319232,-101426,285505
21345,-1233920,-3105792,424096,-70606,360776
21355,-1128448,-2919424,405768,-64571,290594
21365,-1128448,-2610176,335704,-64571,154763
21375,-565248,-2336768,401360,-32344,246159
21385,-476160,-2097152,367256,-27247,258958
21395,-440320,-1851392,319696,-25196,219679
21405,-328704,-1558528,278632,-18809,194828
21415,-309248,-1345536,234784,-17696,189708
21425,-264192,-1183744,208336,-15118,201720
21435,-264192,-999424,166576,-15118,161240
21445,-264192,-828416,127832,-15118,130129
21455,-264192,-728064,105096,-15118,151942
21465,-130048,-631808,113680,-7442,186615
21475,-126976,-591872,105328,-7266,245035
21485,-126976,-505856,85840,-7266,188852
21495,-133120,-388096,57768,-7618,141063
21505,-133120,-349184,48952,-7618,156957
21515,-169984,-322560,34568,-9727,166713
21525,-197632,-264192,15080,-11309,137591
21535,-232448,-269312,8352,-13301,149526
21545,-232448,-224256,-1856,-13301,118239
21555,-232448,-217088,-3480,-13301,147638
21565,-229376,-238592,2088,-13125,154176
21575,-229376,-169984,-13456,-13125,96839
21585,-200704,-187392,-3016,-11485,127202
21595,-200704,-244736,9976,-11485,186241
21605,-166912,-178176,2552,-9551,135729
21615,-105472,-184320,17864,-6036,163160
21625,-62464,-146432,19024,-3575,145820
21635,-62464,-148480,19488,-3575,165883
21645,9216,-173056,41296,527,225494
21655,9216,-69632,17864,527,156247
21665,9216,-22528,7192,527,145589
21675,337920,46080,66120,19335,202320
21685,387072,64512,73080,22148,230985
21695,387072,72704,71224,22148,254533
21705,956416,229376,164720,54726,346722
21715,1127424,389120,167272,64511,337056
21725,1232896,660480,129688,70546,252289
21735,1324032,908288,94192,75761,203467
21746,1324032,1162240,36656,75761,155456
21756,1324032,1352704,-6496,75761,143820
21766,1116160,1545216,-97208,63867,54982
21776,808960,1618944,-183512,46289,-53457
21786,713728,1691648,-221560,40839,-71713
21796,713728,1612800,-203696,40839,-37069
21806,362496,1495040,-256592,20742,-135452
21816,58368,1199104,-258448,3339,-111774
21826,58368,802816,-168664,3339,62231
21836,58368,539648,-109040,3339,79281
21846,-126976,271360,-90248,-7266,43937
21856,-176128,-6144,-38512,-10079,78364
21866,-257024,-294912,8584,-14708,137821
21876,-257024,-581632,73544,-14708,237725
21886,-570368,-665600,21576,-32637,94708
21896,-570368,-775168,46400,-32637,87948
21906,-1498112,-877568,-140592,-85723,-173782
21916,-1498112,-1072128,-96512,-85723,-94058
21926,-2669568,-1414144,-284432,-152754,-248509
21936,-4210688,-1748992,-557728,-240938,-603252
21946,-4540416,-2318336,-503440,-259805,-491886
21956,-4540416,-3207168,-302064,-259805,-129195
21966,-6306816,-4100096,-499960,-360879,-419239
21976,-6306816,-5236736,-242440,-360879,-24482
21986,-6439936,-6052864,-87696,-368497,-29468
21996,-6439936,-7058432,140128,-368497,231365
22006,-6507520,-7583744,243832,-372364,182989
22016,-6507520,-8072192,354496,-372364,262699
22026,-6176768,-8232960,465856,-353438,268604
22036,-6176768,-8296448,480240,-353438,218692
22046,-6176768,-8232960,465856,-353438,146433
22056,-6176768,-8244224,468408,-353438,185808
22066,-1772544,-8127488,1439792,-101426,1384478
22076,-1004544,-7573504,1488280,-57481,1231475
22086,-7168,-6425600,1454176,-411,973425
22096,9216,-4769792,1082744,527,387177
22106,141312,-3166208,723144,8085,-15440
22116,150528,-1765376,434072,8613,-139042
22126,181248,-892928,243368,10371,-55966
22136,249856,-347136,135256,14296,37618
22146,458752,-86016,123424,26250,163088
22156,574464,28672,123656,32871,294207
22166,574464,222208,79808,32871,253052
22176,574464,401408,39208,32871,238914
22186,574464,746496,-44080,32871,68477
22196,3617792,990208,595312,207011,901091
22206,3617792,1608704,455184,207011,613230
22216,8674304,2540544,1389680,496347,1653415
22226,8674304,4052992,1047016,496347,1014439
22236,10802176,5929984,1081352,618105,945416
22246,10802176,8288256,569560,618105,266442
22256,10802176,10404864,90016,618105,-140476
22266,9495552,11886592,-541720,543339,-619566
22276,8674304,12738560,-920808,496347,-796295
22286,8674304,12756992,-921504,496347,-515684
22296,8674304,12043264,-763280,496347,-13912
22306,2499584,11336704,-2002160,143027,-1544846
22316,1577984,10109952,-1933024,90292,-1170402
22326,636928,8198144,-1713088,36445,-812507
22336,574464,5880832,-1202224,32871,-137465
22346,574464,3850240,-742168,32871,271719
22356,342016,2285568,-440336,19570,317802
22366,342016,1480704,-257984,19570,136053
22376,259072,768000,-115304,14824,151215
22386,259072,586752,-74240,14824,-65262
22396,79872,358400,-63104,4570,-122417
22406,58368,52224,1392,3339,-24631
22416,6144,-136192,32248,351,-30033
22426,6144,-391168,90016,351,40121
22436,0,-684032,154976,0,147830
22446,15360,-850944,196272,878,178599
22456,82944,-907264,224344,4746,164301
22466,82944,-1008640,247312,4746,233648
22476,342016,-1008640,306008,19570,331594
22486,342016,-760832,249864,19570,191103
22496,1084416,-585728,378392,62050,359926
22506,1084416,-277504,308560,62050,240500
22516,3464192,-32768,792280,198222,861613
22526,4637696,623616,909440,265371,900272
22536,10908672,1771520,2070136,624199,2168251
22546,10908672,3376128,1706592,624199,1505778
22556,10908672,5897216,1135408,624199,572128
22566,10908672,8433664,560744,624199,-84455
22576,13624320,10564608,693216,779589,411813
22586,13114368,12197888,207640,750410,169599
22596,7144448,13484032,-1436312,408808,-1716755
22606,5737472,13969408,-1865048,328300,-1891777
22616,2756608,13010944,-2323248,157734,-1820932
22626,2291712,11006976,-1974552,131132,-905257
22636,1628160,8432640,-1541640,93164,-234383
22646,766976,6008832,-1187608,43886,66618
22656,766976,3920896,-714560,43886,316042
22666,95232,2485248,-541488,5449,194988
22676,0,1778688,-402984,0,-101212
22686,-238592,1025024,-286288,-13653,-78162
22696,-238592,513024,-170288,-13653,-41350
22706,-817152,130048,-214600,-46758,-229431
22716,-817152,-454656,-82128,-46758,-29347
22726,-817152,-876544,13456,-46758,37890
22736,-3579904,-1257472,-526176,-204844,-723763
22746,-4210688,-1886208,-526640,-240938,-654434
22756,-4210688,-2670592,-348928,-240938,-423223
22766,-9591808,-3837952,-1303608,-548848,-1421981
22776,-9591808,-5411840,-947024,-548848,-949828
22786,-17213440,-7677952,-2160384,-984961,-2291345
22796,-17213440,-10402816,-1512408,-984961,-1296730
22806,-17213440,-13874176,-756552,-984961,-250880
22816,-17213440,-17175552,-8584,-984961,481071
22826,-17213440,-19450880,506920,-984961,664801
22836,-17213440,-20840448,821744,-984961,526774
22846,-17213440,-21541888,980664,-984961,457111
22856,-16899072,-21601280,1065344,-966973,288506
22866,-5860352,-21490688,3541248,-335333,3251073
22876,-4396032,-20627456,3677432,-251543,3063400
22886,-788480,-18488320,4010120,-45118,2971691
22896,-611328,-15204352,3306232,-34981,1670054
22906,-611328,-11425792,2450152,-34981,634642
22916,-13312,-8121344,1801248,-762,181826
22926,-13312,-5355520,1210344,-762,-46310
22936,0,-3346432,758176,0,-109304
22946,0,-2226176,504368,0,72467
22956,0,-1397760,316680,0,176250
22966,0,-689152,156136,0,126346
22976,0,-165888,37584,0,81921
22986,0,256000,-58000,0,68982
22996,3072,671744,-151496,175,-17560
23006,43008,945152,-204392,2460,-43422
23016,64512,1052672,-223880,3691,22706
23026,132096,1209344,-244064,7558,-33319
23036,150528,1242112,-247312,8613,-42986
23046,150528,1180672,-233392,8613,-13329
23056,165888,999424,-188848,9492,99749
23066,165888,1049600,-200216,9492,-40522
23077,243712,779264,-121336,13945,140845
23087,334848,738304,-91408,19160,75263
23097,653312,632832,4640,37382,181071
23107,653312,490496,36888,37382,247509
23117,653312,608256,10208,37382,123293
23127,2291712,752640,348696,131132,507159
23137,3316736,1061888,510864,189785,668137
23147,3617792,1775616,417368,207011,431437
23157,4075520,2728960,305080,233203,203301
23167,4075520,3602432,107184,233203,-20756
23177,3464192,4258816,-180032,198222,-232675
23187,3464192,4806656,-304152,198222,-317240
23197,3464192,4859904,-316216,198222,-153260
23207,3464192,4747264,-290696,198222,-68557
23217,3464192,4323328,-194648,198222,183941
23227,3464192,4202496,-167272,198222,105059
23237,676864,3761152,-698784,38730,-460485
23247,676864,3322880,-599488,38730,-335754
23257,514048,2466816,-442424,29414,-37349
23267,500736,1609728,-251256,28652,188398
23277,500736,996352,-112288,28652,198049
23287,500736,555008,-12296,28652,215259
23297,466944,363520,23432,26718,133936
23307,466944,522240,-12528,26718,-101531
23317,419840,299008,27376,24023,85229
23327,358400,437248,-17864,20507,-75078
23337,324608,405504,-18328,18574,-73181
23347,324608,425984,-22968,18574,-112536
23357,231424,212992,4176,13242,34378
23367,231424,299008,-15312,13242,-71824
23377,234496,223232,2552,13417,-32433
23387,288768,63488,51040,16523,101839
23397,301056,185344,26216,17226,-55470
23407,305152,-71680,85376,17460,154631
23417,369664,-91136,104400,21152,130022
23427,369664,-147456,117160,21152,142346
23437,369664,-204800,130152,21152,189894
23447,801792,-53248,193720,45878,177120
23457,801792,100352,158920,45878,109284
23467,4395008,259072,937048,251484,1122882
23477,8674304,1011712,1736056,496347,1932154
23487,8674304,2508800,1396872,496347,1225546
23497,11124736,4847616,1422160,636562,951084
23507,11233280,7247872,902944,642773,306050
23517,11455488,9720832,393008,655488,-173757
23527,10908672,11415552,-114840,624199,-447402
23537,8080384,12336128,-964192,462363,-1092263
23547,7368704,12336128,-1125432,421640,-892628
23557,7368704,11636736,-966976,421640,-281249
23567,3617792,10459136,-1549992,207011,-823260
23577,2341888,8943616,-1495704,134003,-662883
23587,1497088,7129088,-1276000,85664,-378666
23597,689152,5464064,-1081816,39433,-265228
23607,689152,3934208,-735208,39433,-38958
23617,266240,2716672,-573040,10722,-65777
23627,187392,1731584,-349856,10722,70463
23637,-4096,989184,-225040,-235,63720
23647,-4096,584704,-133400,-235,-58428
23657,-4096,-8192,928,-235,81810
23667,-4096,-405504,90944,-235,158073
23677,-4096,-471040,105792,-235,-5044
23687,-7168,-839680,188616,-411,203215
23697,-7168,-751616,168664,-411,36433
23707,-13312,-896000,199984,-762,151595
23717,-13312,-729088,162168,-762,16403
23727,-13312,-881664,196736,-762,203857
23737,-169984,-674816,114376,-9727,-6059
23747,-169984,-826368,148712,-9727,154933
23757,-169984,-763904,134560,-9727,159012
23767,-1233920,-734208,-113216,-70606,-206515
23777,-1950720,-841728,-251256,-111622,-328322
23787,-2447360,-1098752,-305544,-140040,-349627
23797,-3041280,-1642496,-316912,-174024,-271063
23807,-3579904,-2417664,-263320,-204844,-97081
23817,-3579904,-3012608,-128528,-204844,-8836
23827,-2788352,-3650560,195344,-159551,321091
23837,-2788352,-4141056,306472,-159551,423044
23847,-1437696,-3998720,580232,-82266,482529
23857,-768000,-3866624,699016,-43946,591946
23867,-768000,-3197952,550536,-43946,258448
23877,-768000,-2405376,370968,-43946,-25903
23887,-250880,-1920000,378160,-14356,134890
23897,-250880,-1489920,280720,-14356,146720
23907,-4096,-1036288,233856,-235,127338
23917,0,-820224,185832,0,169035
23927,0,-411648,93264,0,-24553
23937,-7168,-377856,83984,-411,93198
23947,-10240,-271360,59160,-586,110909
23957,-53248,-222208,38280,-3047,157456
23967,-80896,-146432,14848,-4629,121029
23977,-123904,-25600,-22272,-7090,29014
23987,-123904,-122880,-232,-7090,118424
23997,-203776,-23552,-40832,-11661,4016
24007,-216064,-175104,-9280,-12364,125187
24017,-216064,-125952,-20416,-12364,62178
24028,-212992,-349184,30856,-12188,259935
24038,-232448,-119808,-25520,-13301,7039
24048,-232448,-279552,10672,-13301,146751
24058,-420864,-215040,-46632,-24083,17975
24068,-510976,-161792,-79112,-29239,-70746
24078,-1271808,-430080,-190704,-72774,-90217
24088,-1482752,-451584,-233624,-84844,-234620
24098,-5678080,-932864,-1075088,-324903,-1166363
24108,-5678080,-1478656,-951432,-324903,-961914
24118,-5678080,-2927616,-623152,-324903,-308624
24128,-17213440,-4852736,-2800472,-984961,-2796233
24138,-17213440,-7981056,-2091712,-984961,-1547925
24148,-17213440,-11996160,-1182040,-984961,-91473
24158,-17213440,-15937536,-289072,-984961,715452
24168,-17213440,-18682880,332920,-984961,849483
24178,-12989440,-19933184,1573192,-743262,1713337
24188,-4638720,-19815424,3438472,-265430,3272618
24198,-3698688,-17916928,3221320,-211641,2206615
24208,-1754112,-14485504,2884456,-100372,1164721
24218,-611328,-10705920,2287056,-34981,368672
24228,-611328,-7512064,1563448,-34981,-203785
24238,-123904,-5118976,1131696,-7090,-131282
24248,-123904,-3630080,794368,-7090,-4924
24258,224256,-2669568,655632,12832,245291
24268,695296,-2041856,620136,39785,471114
24278,1497088,-1566720,694144,85664,735443
24288,1497088,-792576,518752,85664,474397
24298,5327872,41984,1434224,364628,1597926
24308,6372352,1435648,1118472,364628,1011830
24318,13624320,3364864,2324408,779589,2393192
24328,15985664,6038528,2253648,914707,2087942
24338,16135168,9499648,1503360,923261,907306
24348,16135168,13102080,687184,923261,27849
24358,16135168,15947776,42456,923261,-352754
24368,16135168,17883136,-396024,923261,-293906
24378,16135168,18842624,-613408,923261,-97867
24388,16135168,19208192,-696232,923261,82357
24398,12498944,19239936,-1527256,715195,-879612
24408,10695680,18995200,-1880360,612011,-1176733
24418,7444480,17945600,-2379160,425976,-1486945
24428,7444480,15784960,-1889640,425976,-447018
24438,3007488,13326336,-2337864,172089,-929740
24448,2124800,10832896,-1972928,121582,-557742
24458,904192,8410112,-1700560,51738,-374036
24468,683008,6067200,-1219856,39082,-8913
24478,683008,4326400,-825456,39082,183409
24488,683008,2936832,-510632,39082,101195
24498,683008,1838080,-261696,39082,157160
24508,162816,1261568,-248936,9316,-80577
24518,104448,745472,-145232,5976,-78239
24528,104448,395264,-57304,5976,-76514
24538,12288,-165888,40368,703,73081
24548,9216,-483328,111592,527,70770
24558,9216,-732160,167968,527,89066
24568,0,-1018880,230840,0,190067
24578,0,-1191936,270048,0,245843
24588,0,-1065984,241512,0,80378
24598,0,-1148928,260304,0,188616
24608,0,-1070080,242440,0,168309
24618,0,-929792,210656,0,123858
24628,0,-771072,174696,0,84133
24638,-4096,-734208,165416,-235,122410
24648,-4096,-688128,154976,-235,155483
24658,-4096,-566272,127368,-235,79464
24668,-4096,-525312,118088,-235,121258
24678,-4096,-364544,81664,-235,17101
24688,-25600,-400384,84912,-1465,133482
24698,-25600,-450560,96280,-1465,166036
24708,-222208,-381952,36192,-12715,52292
24718,-222208,-295936,16704,-12715,-18375
24728,-510976,-384000,-28768,-29239,-24866
24738,-570368,-519168,-11600,-32637,51900
24748,-1271808,-598016,-152656,-72774,-140747
24758,-1437696,-705536,-165880,-82266,-194893
24768,-1437696,-1009664,-85376,-82266,-3243
24778,-2727936,-1404928,-299744,-156094,-254604
24788,-3698688,-1887232,-410408,-211641,-388757
24798,-4256768,-2715648,-349160,-243575,-181176
24808,-5500928,-3478528,-458200,-314766,-351906
24818,-5618688,-4345856,-288376,-321504,-228208
24828,-5798912,-5452800,-78416,-331817,108111
24838,-5798912,-6209536,93032,-331817,149098
24848,-5798912,-6901760,249864,-331817,265918
24858,-5798912,-7310336,342432,-331817,265730
24868,-5798912,-7597056,407392,-331817,291603
24878,-5798912,-7577600,402984,-331817,158246
24888,-4302848,-7542784,734048,-246211,522108
24898,-4302848,-7355392,691592,-246211,394037
24908,-2394112,-7117824,1070216,-136993,888951
24918,-1423360,-6480896,1145848,-81446,887723
24928,-975872,-5618688,1051888,-55840,696137
24938,-975872,-4547584,809216,-55840,374165
24948,-299008,-3439616,711544,-17110,297786
24958,-299008,-2537472,507152,-17110,172954
24968,-7168,-1727488,389760,-411,170311
24978,0,-1110016,251488,0,129143
24988,0,-670720,151960,0,98994
24998,0,-389120,88160,0,138420
25008,-4096,-84992,18328,-235,67834
25018,-4096,66560,-16008,-235,92615
25028,-4096,137216,-32016,-235,149149
25038,-4096,274432,-63104,-235,89165
25048,-4096,305152,-70064,-235,118040
25058,-4096,416768,-95352,-235,54887
25068,0,344064,-77952,0,150634
25078,0,440320,-99760,0,63871
25088,0,442368,-100224,0,58150
25098,0,439296,-99528,0,45612
25108,0,299008,-67744,0,138655
25118,0,219136,-49648,0,161186
25128,0,157696,-35728,0,159447
25138,0,169984,-38512,0,95326
25148,0,161792,-36656,0,53015
25158,0,55296,-12528,0,129903
25168,0,53248,-12064,0,111577
25178,49152,13312,8120,2812,156455
25188,89088,143360,-12296,5097,50942
25198,228352,108544,27144,13066,157817
25208,305152,124928,40832,17460,175544
25218,545792,177152,83520,31230,226115
25228,545792,354304,43384,31230,114192
25238,1452032,517120,211816,83085,295214
25248,1452032,676864,175624,83085,310737
25258,5499904,971776,1025904,314707,1304435
25268,5499904,1630208,876728,314707,983711
25278,8762368,2826240,1344904,501386,1389731
25288,8762368,4448256,977416,501386,819162
25298,11343872,6305792,1141440,649101,951398
25308,11343872,8293376,691128,649101,463923
25318,9122816,10289152,-264248,522011,-610794
25328,7836672,11664384,-867216,448417,-1139090
25338,5797888,12018688,-1409400,331757,-1403635
25348,5797888,11217920,-1227976,331757,-634914
25358,3657728,9875456,-1408704,209296,-614099
25368,2974720,7973888,-1132624,170214,-70955
25378,2974720,6565888,-813624,170214,90831
25388,1610752,5165056,-805272,92167,-105888
25398,1610752,4273152,-573968,92167,-27578
25408,1610752,3350528,-394168,92167,26883
25419,1610752,2790400,-267264,92167,-7799
25429,101376,2111488,-455416,5800,-224891
25439,36864,1853440,-411568,2109,-377513
25449,-10240,1404928,-320624,-586,-229952
25459,-253952,612352,-196272,-14532,-40478
25469,-253952,122880,-85376,-14532,-31433
25479,-480256,-526336,10440,-27481,108495
25489,-480256,-1010688,120176,-27481,185141
25499,-781312,-1232896,102312,-44708,26189
25509,-887808,-1510400,32712,-78165,-71816
25519,-1869824,-1738752,-29696,-106993,-146607
25529,-1869824,-1942528,16472,-106993,-99078
25539,-1869824,-2167808,67512,-106993,-43116
25549,-9309184,-2660352,-1506376,-532676,-1918629
25559,-17213440,-4339712,-2916704,-984961,-3240899
25569,-17213440,-7192576,-2270352,-984961,-1924456
25579,-17213440,-11023360,-1402440,-984961,-647351
25589,-17213440,-14952448,-512256,-984961,399957
25599,-17213440,-18185216,220168,-984961,824496
25609,-17213440,-20008960,633360,-984961,658048
25619,-17213440,-21001216,858168,-984961,459530
25629,-17213440,-21120000,885080,-984961,115066
25639,-17213440,-21046272,868376,-984961,-31917
25649,-17213440,-20937728,843784,-984961,-77894
25659,-448512,-20958208,4640928,-25665,4714434
25669,-312320,-20844544,4651832,-17872,4658627
25679,-312320,-19446784,4335152,-17872,3811117
25689,159744,-16599040,3796912,9140,2479649
25699,159744,-12593152,2889328,9140,1210717
25709,314368,-8536064,2005176,17988,279859
25719,314368,-5161984,1240736,17988,-244399
25729,2195456,-2579456,1081816,125625,178607
25739,2847744,-887808,846336,162949,397947
25749,2847744,441344,545200,162949,377422
25759,6998016,1618944,1218696,400429,1424312
25769,6998016,2817024,947256,400429,1146105
25779,13754368,4727808,2045080,787031,2351137
25789,13754368,7428096,1433296,787031,1313770
25799,16135168,10482688,1280640,923261,1025860
25809,15985664,13708288,515968,914707,197964
25819,12864512,16286720,-800632,736113,-1102260
25829,11016192,18066432,-1597320,630351,-1728762
25839,8246272,18396160,-2299584,471855,-2134506
25849,5558272,17305600,-2661504,318046,-1916587
25859,5558272,14784512,-2090320,318046,-627858
25869,5558272,11930624,-1443736,318046,289040
25879,5558272,9619456,-920112,318046,633072
25889,5558272,7998464,-552856,318046,546383
25899,1173504,7146496,-1353256,67148,-819705
25909,701440,6120448,-1227744,40136,-787688
25919,600064,5049344,-1008040,34335,-609729
25929,398336,3429376,-686720,22792,-77445
25939,379904,2110464,-392080,21738,120278
25949,379904,1005568,-141752,21738,210706
25959,196608,388096,-43384,11250,74608
25969,196608,-106496,68672,11250,90895
25979,24576,-288768,61016,1406,-91760
25989,0,-377856,85608,0,-115988
25999,0,-587776,133168,0,-23821
26009,0,-829440,187920,0,115764
26019,0,-934912,211816,0,111525
26029,0,-963584,218312,0,76627
26039,0,-1016832,240584,0,150352
26049,0,-1035264,234552,0,155236
26059,6144,-959488,218776,351,154633
26069,15360,-907264,209032,878,190726
26079,49152,-627712,153352,2812,29199
26089,61440,-506880,128760,3515,20954
26099,79872,-420864,113448,4570,36932
26109,113664,-321536,98600,6503,41783
26119,113664,-304128,94656,6503,92821
26129,384000,-116736,113448,21972,58095
26139,600064,-31744,143144,34335,101063
26149,600064,21504,131080,34335,118801
26159,1337344,136192,272136,76523,300443
26169,1337344,304128,234088,76523,244670
26179,2035712,579584,329904,116484,346929
26189,2527232,934912,360760,144609,324491
26199,2527232,1379328,260072,144609,200755
26209,2527232,1969152,126440,144609,-8000
26219,2267136,2357248,-20416,129726,-107965
26229,2267136,2691072,-96048,129726,-146611
26239,1771520,2818048,-237104,101367,-237986
26249,1771520,2639872,-196736,101367,-21840
26259,2267136,2560000,-66352,129726,145357
26269,2393088,2400256,-1624,136933,229527
26279,3210240,2219008,224576,183691,543253
26289,3210240,2460672,169824,183691,296019
26299,3210240,2716672,111824,183691,154735
26309,3737600,3054592,154744,213867,206783
26319,3737600,3477504,58928,213867,48614
26329,3737600,3875840,-31320,213867,-71008
26339,2817024,4158464,-303920,161191,-357264
26349,2817024,3955712,-257984,161191,-96736
26359,1809408,3912704,-476528,103535,-370494
26369,1561600,3516416,-442888,89355,-207865
26379,1245184,2958336,-388136,71250,-37521
26389,1245184,2608128,-308792,71250,-31615
26399,665600,1999872,-302296,38085,14326
26409,600064,1661952,-240584,34335,-17720
26419,600064,1270784,-151960,34335,85688
26429,600064,1136640,-121568,34335,-28951
26439,231424,857088,-133168,13242,-24843
26449,231424,612352,-86304,13242,7405
26459,231424,504832,-61944,13242,-27257
26469,231424,352256,-27376,13242,-12170
26479,231424,34816,44544,13242,146237
26489,0,0,0,0,-7932
26499,0,-153600,34800,0,39157
26509,0,-275456,62408,0,60390
26519,0,-241664,54752,0,-35553
26529,46080,-561152,137576,2636,223970
26539,76800,-527360,136880,4394,90235
26549,98304,-510976,138040,5625,121946
26559,98304,-539648,144536,5625,157162
26569,98304,-451584,124584,5625,90916
26579,92160,-418816,115768,5273,109227
26589,89088,-377856,105792,5097,109608
26599,89088,-251904,77256,5097,36948
26609,76800,-172032,68904,4394,57373
26619,76800,-299008,85144,4394,150431
26629,12288,-186368,45008,703,42334
26639,12288,-188416,45472,703,51871
26649,0,-290816,65888,0,144432
26659,0,-349184,79112,0,183691
26669,0,-243712,55216,0,65241
26679,0,-268288,60784,0,87120
26689,-4096,-236544,52664,-235,57255
26700,-47104,-328704,63800,-2696,144534
26710,-47104,-345088,67512,-2696,164624
26720,-83968,-260096,39904,-4805,79321
26730,-99328,-220160,27376,-5684,45394
26740,-99328,-205824,24128,-5684,34259
26750,-166912,-248832,18560,-9551,50858
26760,-173056,-259072,19488,-9903,51482
26770,-216064,-272384,12760,-12364,42415
26780,-229376,-327680,22272,-13125,78350
26790,-229376,-357376,29000,-13125,97396
26800,-229376,-335872,24128,-13125,59383
26810,-229376,-306176,17400,-13125,22084
26820,-222208,-336896,25984,-12715,39224
26830,-206848,-416768,47560,-11836,102062
26840,-191488,-453632,59392,-10958,117370
26850,-191488,-409600,49416,-10958,66059
26860,-102400,-432128,74704,-5860,120873
26870,-10240,-449536,99528,-586,175102
26880,-4096,-446464,100224,-235,187074
26890,-4096,-361472,80968,-235,128600
26900,0,-292864,66352,0,134560
26910,0,-277504,62872,0,140981
26920,0,-225280,51040,0,131462
26930,0,-132096,29928,0,75500
26940,0,-72704,16472,0,51202
26950,0,-37888,8584,0,44464
26960,0,-26624,6032,0,51739
26970,0,-45056,10208,0,82233
26980,0,-86016,19488,0,125299
26990,0,-100352,22736,0,129035
27000,0,-74752,16936,0,104750
27010,0,-59392,13456,0,95529
27020,3072,-29696,7424,175,65440
27030,3072,-56320,13456,175,62693
27040,6144,-53248,13456,351,87184
27050,6144,-19456,5800,351,60935
27060,3072,-3072,1392,175,51831
27070,3072,-9216,2784,175,65089
27080,6144,13312,-1624,351,42865
27090,6144,0,1392,351,55735
27100,86016,12288,16704,4921,74500
27110,86016,33792,11832,4921,63329
27120,275456,44032,52432,15761,120479
27130,275456,63488,48024,15761,121057
27140,297984,107520,43152,17050,109541
27150,297984,1