R
Px,Ix,Dx,Py,Iy,Dy,Pz,Iz,FFrx,FFry,FFdrx,FFdry,satI,satPID,KFQAng,KFQbias,KFRmeas,CPx,CIx,CPy,CIy,CsatI,CsatPID,CFFdrx,CFFdry,CFalpha,iRelaxX,IRelaxY,DmaxR,DmaxE,DMx,DMy
43,80,47,58,80,47,250,0,15,0,0,0,500000,15000000,10,1,1000,0,0,0,0,0,0,0,0,0.995,4096,1024,0,0,0,0
sysTickMs,PIDRefXi,PIDSensXi,PIDPoutXi,PIDFFoutXi,PIDUXi
92938,64512,492544,-55176,3076,-4431
92948,64512,492544,-55176,3076,-4431
92958,64512,492544,-55176,3076,-4431
92968,64512,492544,-55176,3076,-4431
92978,64512,492544,-55176,3076,-4431
92988,64512,492544,-55176,3076,-4431
92998,64512,492544,-55176,3076,-4431
93008,64512,492544,-55176,3076,-4431
93018,64512,492544,-55176,3076,-4431
93028,64512,492544,-55176,3076,-4431
93038,64512,492544,-55176,3076,-4431
93048,64512,492544,-55176,3076,-4431
93058,64512,492544,-55176,3076,-4431
93068,64512,492544,-55176,3076,-4431
93078,64512,492544,-55176,3076,-4431
93088,64512,492544,-55176,3076,-4431
93098,64512,492544,-55176,3076,-4431
93108,64512,492544,-55176,3076,-4431
93118,64512,492544,-55176,3076,-4431
93128,64512,492544,-55176,3076,-4431
93138,64512,492544,-55176,3076,-4431
93148,64512,492544,-55176,3076,-4431
93158,64512,492544,-55176,3076,-4431
93168,64512,492544,-55176,3076,-4431
93178,64512,492544,-55176,3076,-4431
93188,64512,492544,-55176,3076,-4431
93198,64512,492544,-55176,3076,-4431
93208,64512,492544,-55176,3076,-4431
93218,64512,492544,-55176,3076,-4431
93228,64512,492544,-55176,3076,-4431
93238,64512,492544,-55176,3076,-4431
93248,64512,492544,-55176,3076,-4431
93258,64512,492544,-55176,3076,-4431
93268,64512,492544,-55176,3076,-4431
93278,64512,492544,-55176,3076,-4431
93288,64512,492544,-55176,3076,-4431
93298,64512,492544,-55176,3076,-4431
93308,64512,492544,-55176,3076,-4431
93318,64512,492544,-55176,3076,-4431
93328,64512,492544,-55176,3076,-4431
93338,64512,492544,-55176,3076,-4431
93348,64512,492544,-55176,3076,-4431
93358,64512,492544,-55176,3076,-4431
93368,64512,492544,-55176,3076,-4431
93378,64512,492544,-55176,3076,-4431
93388,64512,492544,-55176,3076,-4431
93398,64512,492544,-55176,3076,-4431
93408,64512,492544,-55176,3076,-4431
93418,64512,492544,-55176,3076,-4431
93428,64512,492544,-55176,3076,-4431
93438,64512,492544,-55176,3076,-4431
93448,64512,492544,-55176,3076,-4431
93458,64512,492544,-55176,3076,-4431
93468,64512,492544,-55176,3076,-4431
93478,64512,492544,-55176,3076,-4431
93488,64512,492544,-55176,3076,-4431
93498,0,9216,-1548,0,-5137
93508,0,11264,-1892,0,-5378
93518,0,8192,-1376,0,-1595
93528,0,6144,-1032,0,-254
93538,0,8192,-1376,0,-1942
93548,0,12288,-2064,0,-5307
93558,0,9216,-1548,0,-2146
93568,0,2048,-344,0,2478
93578,0,5120,-860,0,-431
93588,0,12288,-2064,0,-5053
93598,0,7168,-1204,0,-740
93608,0,8192,-1376,0,-1701
93618,0,7168,-1204,0,-909
93628,0,12288,-2064,0,-7211
93638,0,24576,-4128,0,-10453
93648,0,-9216,1548,0,12850
93658,0,18432,-3096,0,-14927
93668,0,6144,-1032,0,1214
93679,0,4096,-688,0,-120
93689,0,10240,-1720,0,-2270
93699,0,4096,-688,0,7509
93709,0,-15360,2580,0,10221
93719,0,-3072,516,0,-1578
93729,0,-2048,344,0,-2519
93739,0,-72704,12212,0,41833
93749,0,-57344,9632,0,10712
93759,0,-86016,14448,0,23938
93769,0,19456,-3268,0,-51110
93779,0,70656,-11868,0,-49978
93789,0,81920,-13760,0,-33141
93799,0,-10240,1720,0,38541
93809,0,-31744,5332,0,23312
93819,0,-19456,3268,0,-380
93829,0,-7168,1204,0,-6834
93839,0,-15360,2580,0,12394
93849,0,18432,-3096,0,-5845
93859,0,7168,-1204,0,9140
93869,0,-2048,344,0,8719
93879,0,1024,-172,0,-1690
93889,0,-12288,2064,0,4501
93899,0,-30720,5160,0,18727
93909,0,-37888,6364,0,22188
93919,0,3072,-516,0,-13362
93929,0,5120,-860,0,-6820
93939,0,-18432,3096,0,6245
93949,0,4096,-688,0,-9077
93959,0,-17408,2924,0,13838
93969,0,-36864,6192,0,23513
93979,0,-24576,4128,0,3843
93989,0,-103424,17372,0,57542
93999,0,-74752,12556,0,12611
94009,0,-163840,27520,0,74919
94019,0,-142336,23908,0,29292
94029,0,-222208,37152,0,72007
94039,0,-236544,39732,0,65300
94049,0,-288768,48504,0,84649
94059,0,-275456,49708,0,87298
94069,0,-250880,42140,0,43348
94079,0,-253952,42656,0,45829
94089,0,-324608,54524,0,110961
94099,0,-320512,53836,0,92634
94109,0,-350208,58824,0,104122
94119,0,-340992,57276,0,82666
94129,0,-300032,50396,0,57560
94139,0,-284672,47816,0,51422
94149,0,-252928,42484,0,61443
94159,0,-244736,41108,0,65587
94169,0,-268288,45064,0,92861
94179,0,-279552,46956,0,102484
94189,0,-307200,51600,0,111049
94199,6144,-335872,57448,175,122974
94209,6144,-270336,46440,175,77207
94219,6144,-229376,39560,175,64202
94229,6144,-247808,42656,175,88145
94239,6144,-247808,42656,175,96228
94249,12288,-240640,42484,351,96114
94259,12288,-333824,58136,351,145810
94269,15360,-418816,72928,439,171734
94279,18432,-479232,83592,527,188171
94289,18432,-525312,91332,527,190141
94299,49152,-642048,116100,1406,275357
94309,49152,-794624,141728,1406,318598
94319,49152,-858112,152392,1406,316857
94329,49152,-855040,151876,1406,272566
94339,61440,-839680,151360,1757,243346
94349,70656,-885760,160648,2021,292581
94359,79872,-885760,162196,2285,304682
94369,89088,-657408,125388,2548,154176
94379,89088,-451584,90816,2548,96724
94389,89088,-309248,66908,2548,89458
94399,89088,-201728,48848,2548,101241
94409,113664,-168960,47472,3251,155514
94419,113664,31744,13760,3251,56203
94429,113664,81920,5332,3251,97190
94439,113664,185344,-12040,3251,56478
94449,110592,197632,-14620,3164,80088
94459,110592,281600,-28724,3164,30184
94469,110592,230400,-22188,3164,81618
94479,113664,205824,-15480,3251,113806
94489,113664,198656,-14276,3251,118126
94499,119808,200704,-13588,3427,118600
94509,125952,204800,-13244,3603,116004
94519,125952,111616,2408,3603,175025
94529,125952,107520,3096,3603,144900
94539,184320,58368,21156,5273,171616
94549,202752,54272,24940,5800,164818
94559,202752,-8192,35432,5800,209103
94569,272384,30720,40592,7792,189948
94579,272384,13312,43516,7792,202885
94589,288768,36864,42312,8261,191733
94599,288768,83968,34400,8261,160348
94609,345088,147456,33196,9873,146965
94619,345088,203776,20468,9873,114101
94629,345088,287744,9632,9873,102021
94639,345088,359424,-2408,9873,82219
94649,345088,410624,-11008,9873,79380
94659,355328,398336,-7224,10166,119345
94669,355328,436224,-13588,10166,139031
94679,352256,376832,-4128,10078,162142
94689,352256,393216,-6880,10078,148488
94699,352256,353280,-172,10078,171378
94709,352256,378880,-4472,10078,138820
94719,352256,360448,-1376,10078,147409
94729,394240,397312,-516,11279,132239
94739,394240,362496,5332,11279,160624
94749,423936,381952,7052,12128,151465
94759,423936,350208,12384,12128,180278
94769,458752,409600,8256,13125,141204
94779,458752,385024,12384,13125,162616
94789,458752,429056,4988,13125,119119
94799,514048,392192,20468,14707,161008
94809,514048,401408,18920,14707,146209
94819,739328,443392,49708,21152,159985
94829,752640,407552,57964,21533,212222
94839,824320,472064,59168,23583,200030
94850,824320,576512,41624,23583,148729
94860,816128,637952,29928,23349,141124
94870,808960,758784,8428,23144,94594
94880,808960,807936,3268,23144,137603
94890,780288,869376,-14964,22324,109799
94900,780288,956416,-29584,22324,69022
94910,653312,968704,-52976,18691,55256
94920,594944,912384,-53320,17021,96069
94930,564224,902144,-56760,16142,82425
94940,531456,905216,-62780,15205,38672
94950,496640,866304,-62092,14208,25945
94960,475136,776192,-50568,13593,53525
94970,475136,660480,-31132,13593,98772
94980,432128,553984,-20468,12363,129933
94990,432128,529408,-16340,12363,87805
95000,394240,479232,-14276,11279,60773
95010,384000,380928,516,10986,85404
95020,372736,265216,18060,10664,129564
95030,379904,195584,26316,10869,112228
95040,384000,160768,37496,10986,125479
95050,384000,112640,45580,10986,136437
95060,384000,81920,50740,10986,143186
95070,384000,86016,50052,10986,123888
95080,384000,101376,47472,10986,105318
95090,369664,95232,46096,10576,108230
95100,362496,118784,40936,10371,102566
95110,358400,93184,44548,10253,129395
95120,358400,76800,47300,10253,146859
95130,331776,102400,38528,9492,121474
95140,311296,133120,29928,8906,93093
95150,311296,134144,29756,8906,95071
95160,202752,94208,18232,5800,106216
95170,202752,49152,25800,5800,140100
95180,202752,61440,23736,5800,121837
95190,138240,77824,8084,3955,77258
95200,150528,88064,10492,4306,72181
95210,150528,34816,19436,4306,112569
95220,153600,6144,24768,4394,130660
95230,156672,-14336,28724,4482,135137
95240,156672,-29696,31304,4482,125610
95250,156672,-35840,32336,4482,133442
95260,156672,-7168,27520,4482,102104
95270,156672,-8192,27692,4482,99733
95280,153600,-31744,31132,4394,117860
95290,153600,-72704,38012,4394,151647
95300,150528,-82944,39216,4306,162288
95310,150528,-47104,33196,4306,132735
95320,150528,0,25284,4306,93969
95330,147456,-13312,27004,4218,114867
95340,147456,7168,23564,4218,103162
95350,147456,-21504,28380,4218,133152
95360,76800,-46080,20640,2197,143303
95370,0,-46080,7740,0,128235
95380,-4096,-41984,6364,-118,115208
95390,-4096,-60416,9460,-118,115486
95400,-4096,-101376,16340,-118,124255
95410,-4096,-145408,23736,-118,135585
95420,-10240,-197632,31476,-293,145563
95430,-10240,-263168,42484,-293,176023
95440,-80896,-300032,36808,-2315,168238
95450,-139264,-350208,35432,-3985,178830
95460,-163840,-375808,35604,-4688,180415
95470,-163840,-355328,32164,-4688,145991
95480,-188416,-355328,28036,-5391,116109
95490,-191488,-375808,30960,-5479,133074
95500,-191488,-455680,44376,-5479,199847
95510,-238592,-419840,30444,-6827,154566
95520,-238592,-378880,23564,-6827,110294
95530,-273408,-398336,20984,-7823,115890
95540,-315392,-465920,25284,-9024,169192
95550,-349184,-439296,15136,-9991,141939
95560,-349184,-372736,3956,-9991,87885
95570,-497664,-395264,-17200,-14239,77126
95580,-570368,-416768,-30616,-16319,42104
95590,-606208,-454656,-25456,-17344,74959
95600,-660480,-563200,-16340,-18897,129186
95610,-690176,-608256,-13760,-19747,106985
95620,-690176,-641024,-8256,-19747,108474
95630,-864256,-757760,-17888,-24727,131786
95640,-864256,-839680,-4128,-24727,147260
95650,-864256,-903168,6536,-24727,141687
95660,-1024000,-1008640,-2580,-29297,134343
95670,-1106944,-1064960,-7052,-31670,88488
95680,-1106944,-1160192,8944,-31670,130357
95690,-1095680,-1285120,31820,-31348,151763
95700,-1095680,-1326080,38700,-31348,128480
95710,-1095680,-1410048,52804,-31348,146431
95720,-1095680,-1460224,61232,-31348,137613
95730,-1085440,-1518592,72756,-31055,156757
95740,-1085440,-1583104,83592,-31055,191616
95750,-1085440,-1555456,78948,-31055,156464
95760,-1085440,-1611776,88408,-31055,201976
95770,-1085440,-1574912,82216,-31055,162714
95780,-1085440,-1604608,87204,-31055,202909
95790,-1085440,-1606656,87548,-31055,208016
95800,-1085440,-1549312,77916,-31055,175511
95810,-1085440,-1529856,74648,-31055,176535
95820,-1085440,-1437696,59168,-31055,119423
95830,-1085440,-1397760,52460,-31055,107005
95840,-1085440,-1377280,49020,-31055,116707
95850,-1085440,-1310720,37840,-31055,98303
95860,-1085440,-1333248,41624,-31055,157051
95870,-1074176,-1242112,28208,-30733,114563
95880,-1074176,-1269760,32852,-30733,163544
95890,-1074176,-1273856,33540,-30733,167116
95900,-1074176,-1285120,35432,-30733,168518
95910,-1074176,-1330176,43000,-30733,201008
95920,-1074176,-1296384,37324,-30733,174103
95930,-1074176,-1310720,39732,-30733,201939
95940,-1074176,-1290240,36292,-30733,194875
95950,-1004544,-1201152,33024,-28741,147985
95960,-921600,-1197056,46268,-26368,204190
95970,-840704,-1128448,48332,-24053,152258
95980,-840704,-1083392,40764,-24053,152722
95990,-660480,-1052672,65876,-18897,199140
96000,-660480,-931840,45580,-18897,139533
96010,-484352,-877568,66048,-13858,188080
96020,-484352,-734208,41968,-13858,124798
96030,-377856,-631808,42656,-10811,132579
96040,-377856,-581632,34228,-10811,120666
96050,-267264,-461824,32680,-7647,152574
96060,-209920,-431104,37152,-6006,209553
96070,-209920,-304128,15824,-6006,163257
96080,-126976,-240640,19092,-3633,192895
96090,-126976,-113664,-2236,-3633,140769
96100,0,-8192,1376,0,124937
96110,0,6144,-1032,0,156051
96120,0,105472,-17716,0,110777
96130,0,97280,-16340,0,156240
96140,3072,186368,-30788,87,113001
96150,3072,209920,-34744,87,124144
96160,6144,231424,-37840,175,127898
96171,6144,297984,-49020,175,88953
96181,6144,256000,-41968,175,137636
96191,6144,266240,-43688,175,121502
96201,6144,319488,-52632,175,93586
96211,6144,272384,-44720,175,88492
96221,6144,279552,-45924,175,54862
96231,6144,229376,-37496,175,69842
96241,6144,158720,-25628,175,82250
96251,12288,163840,-25456,351,72860
96261,12288,101376,-14964,351,112429
96271,21504,31744,-1720,615,155087
96281,24576,35840,-1892,703,125981
96291,39936,56320,-2752,1142,122377
96301,46080,5120,6880,1318,111662
96311,67584,-7168,12556,1933,103654
96321,82944,-8192,15308,2373,89282
96331,82944,-37888,20296,2373,106631
96341,113664,-81920,32852,3251,151922
96351,116736,-28672,24424,3339,118310
96361,116736,-35840,25628,3339,149164
96371,135168,10240,20984,3867,137790
96381,135168,107520,4644,3867,76310
96391,147456,153600,-1032,4218,58946
96401,159744,141312,3096,4570,93945
96411,172032,173056,-172,4921,83614
96421,181248,198656,-2924,5185,78504
96431,181248,147456,5676,5185,130265
96441,243712,159744,14104,6972,129369
96451,263168,162816,16856,7529,134580
96461,275456,153600,20468,7880,147611
96471,281600,218112,10664,8056,105989
96481,291840,225280,11180,8349,126421
96491,327680,273408,9116,9375,108458
96501,334848,362496,-4644,9580,65160
96511,334848,336896,-344,9580,111149
96521,365568,385024,-3268,10458,82185
96531,405504,384000,3612,11601,101916
96541,432128,360448,12040,12363,130773
96551,492544,429056,10664,14091,92487
96561,555008,405504,25112,15878,139510
96571,589824,461824,21500,16875,112953
96581,653312,499712,25800,18691,120653
96591,689152,538624,25284,19716,125898
96601,759808,627712,22188,21738,108838
96611,839680,667648,28896,24023,123572
96621,839680,786432,8944,24023,83467
96631,1012736,804864,34916,28974,153146
96641,1161216,893952,44892,33222,146039
96651,1245184,929792,52976,35625,180860
96661,1245184,1069056,29584,35625,112257
96671,1245184,1119232,21156,35625,135072
96681,1245184,1225728,3268,35625,108680
96691,1245184,1283072,-6364,35625,123987
96701,1245184,1328128,-13932,35625,132346
96711,1628160,1391616,39732,46582,192682
96721,1628160,1424384,34228,46582,200063
96731,1848320,1536000,52460,52880,190595
96741,1971200,1568768,67596,56396,244419
96751,2195456,1759232,73272,62812,189649
96761,2341888,1856512,81528,67001,229540
96771,2341888,2062336,45752,67001,148543
96781,2611200,2207744,67768,74707,198290
96791,2611200,2445312,27864,74707,123988
96801,2611200,2584576,4472,74707,132588
96811,2611200,2782208,-28724,74707,77284
96821,2668544,2880512,-30960,76347,127753
96831,2668544,2963456,-49536,76347,93858
96841,2668544,3016704,-58480,76347,102649
96851,2611200,3086336,-79808,74707,67713
96861,2611200,3164160,-92880,74707,26970
96871,2582528,3115008,-89440,73886,63533
96881,2582528,3136512,-93052,73886,21195
96891,2582528,3005440,-71036,73886,97336
96901,2499584,2973696,-79636,71513,57119
96911,2499584,2900992,-67424,71513,71033
96921,2393088,2834432,-74132,68466,47692
96931,2014208,2765824,-126248,57626,-36198
96941,1422336,2614272,-200208,40693,-112280
96951,1324032,2478080,-193844,37880,-125113
96961,787456,2223104,-241144,22529,-144126
96971,713728,1867776,-193844,20419,-27092
96981,713728,1617920,-151876,20419,-10980
96991,523264,1328128,-135192,14970,-16171
97001,391168,1028096,-106984,11191,8012
97011,391168,783360,-65876,11191,18188
97021,272384,552960,-47128,7792,16572
97031,272384,325632,-8944,7792,61405
97041,272384,131072,23736,7792,86830
97051,95232,27648,11352,2724,20142
97061,95232,-128000,37496,2724,57547
97071,95232,-271360,61576,2724,88601
97081,129024,-353280,81012,3691,92112
97091,129024,-478208,101996,3691,147910
97101,129024,-547840,113692,3691,168947
97111,129024,-549888,114036,3691,148792
97121,129024,-598016,122120,3691,185325
97131,187392,-570368,127280,5361,147337
97141,187392,-566272,126592,5361,177871
97151,342016,-567296,152736,9785,208468
97161,376832,-539648,153940,10781,198130
97171,610304,-561152,196768,17460,278463
97181,648192,-492544,191608,18544,248920
97191,648192,-405504,176988,18544,226776
97201,993280,-272384,212592,28417,256492
97211,993280,-56320,176300,28417,175857
97221,1378304,106496,213624,39433,240063
97231,1645568,352256,217236,47080,225216
97241,1753088,509952,208808,50156,262079
97251,1753088,788480,162024,50156,189717
97261,1809408,973824,140352,51767,211528
97271,1809408,1223680,98384,51767,151901
97281,1828864,1430528,66908,52324,125264
97291,1809408,1584128,37840,51767,114008
97301,1809408,1719296,15136,51767,116492
97311,1422336,1790976,-61920,40693,60328
97321,1422336,1844224,-70864,40693,57666
97331,1161216,1781760,-104232,33222,63617
97341,904192,1731584,-138976,25869,-4609
97351,904192,1634304,-122636,25869,15954
97361,589824,1403904,-136740,16875,35596
97371,409600,1246208,-140524,11718,-7734
97381,337920,1035264,-117132,9667,-1136
97391,285696,729088,-74476,8173,74072
97401,285696,506880,-37152,8173,85547
97411,153600,280576,-21328,4394,75679
97422,138240,32768,17716,3955,121586
97432,138240,-164864,50912,3955,156144
97442,116736,-292864,68800,3339,141299
97452,116736,-413696,89096,3339,171801
97462,86016,-482304,95460,2460,142669
97472,86016,-479232,94944,2460,104842
97482,86016,-540672,105264,2460,144990
97492,86016,-550912,106984,2460,138692
97502,95232,-590848,115240,2724,166206
97512,95232,-657408,126420,2724,216893
97522,95232,-585728,114380,2724,151631
97532,95232,-580608,113520,2724,153818
97542,92160,-583680,113520,2636,158910
97552,92160,-553984,108532,2636,141813
97562,92160,-585728,113864,2636,185351
97572,79872,-628736,119024,2285,233420
97582,70656,-536576,101996,2021,165268
97592,70656,-507904,97180,2021,158422
97602,70656,-540672,102684,2021,201118
97612,73728,-480256,93052,2109,162027
97622,73728,-502784,96836,2109,207088
97632,76800,-482304,93912,2197,204802
97642,76800,-407552,81356,2197,154580
97652,76800,-429056,84968,2197,189277
97662,73728,-403456,80152,2109,182299
97672,61440,-390144,75852,1757,198459
97682,58368,-357376,69832,1669,190745
97692,58368,-267264,54696,1669,135329
97702,46080,-249856,49708,1318,149050
97712,46080,-269312,52976,1318,177014
97722,49152,-219136,45064,1406,156993
97732,49152,-188416,39904,1406,151004
97742,49152,-154624,34228,1406,134625
97752,52224,-157696,35260,1494,142699
97762,55296,-218112,45924,1582,199017
97772,55296,-197632,42484,1582,183719
97782,55296,-181248,39732,1582,176021
97792,89088,-197632,48160,2548,199214
97802,89088,-151552,40420,2548,158072
97812,138240,-206848,57964,3955,225529
97822,181248,-220160,67424,5185,249095
97832,181248,-123904,51256,5185,201981
97842,190464,-122880,52632,5449,204866
97852,193536,-20480,35948,5537,148469
97862,193536,22528,28724,5537,160067
97872,193536,54272,23392,5537,183893
97882,193536,220160,-4472,5537,106941
97892,178176,250880,-12212,5097,113063
97902,168960,283648,-19264,4833,114348
97912,168960,305152,-22876,4833,116244
97922,168960,265216,-16168,4833,157670
97932,168960,251904,-13932,4833,163229
97942,168960,273408,-17544,4833,130903
97952,168960,253952,-14276,4833,126889
97962,138240,219136,-13588,3955,124339
97972,129024,201728,-12212,3691,111424
97982,129024,106496,3784,3691,171984
97992,107520,94208,2236,3076,146744
98002,107520,27648,13416,3076,182685
98012,101376,-66560,28208,2900,235255
98022,98304,-51200,25112,2812,189875
98032,89088,-78848,28208,2548,195627
98042,89088,-105472,32680,2548,197419
98052,89088,-77824,28036,2548,154458
98062,89088,-162816,42312,2548,206751
98072,89088,-130048,36808,2548,155881
98082,61440,-195584,43172,1757,189859
98092,58368,-212992,45580,1669,185528
98102,55296,-235520,48848,1582,196524
98112,49152,-267264,53148,1406,223413
98122,49152,-207872,43172,1406,182568
98132,49152,-254976,51428,1406,232714
98142,30720,-194560,37840,878,178471
98152,30720,-222208,42484,878,213326
98162,9216,-168960,29928,263,165347
98172,9216,-216064,37840,263,211040
98182,0,-192512,32336,0,180598
98192,0,-260096,43688,0,238797
98202,-4096,-237568,39216,-118,208887
98212,-4096,-290816,48160,-118,257021
98222,-10240,-260096,41968,-293,226615
98232,-10240,-268288,43344,-293,237909
98242,-176128,-235520,9976,-5040,167102
98252,-232448,-241664,1548,-6651,150504
98262,-575488,-270336,-51256,-16465,87808
98272,-575488,-333824,-40592,-16465,112538
98282,-575488,-430080,-24424,-16465,160952
98292,-1514496,-533504,-164776,-43331,-17272
98302,-2342912,-770048,-264192,-67032,-109321
98312,-2555904,-1032192,-255936,-73125,-118358
98322,-3176448,-1437696,-292056,-90879,-151625
98332,-3390464,-1915904,-247680,-97002,-63174
98342,-3390464,-2460672,-156176,-97002,38010
98352,-3946496,-3009536,-157380,-112911,8983
98362,-3946496,-3545088,-67424,-112911,96373
98372,-3946496,-4060160,19092,-112911,166306
98382,-4076544,-4492288,69832,-116631,167979
98392,-3738624,-4871168,190232,-106963,289021
98402,-3738624,-5215232,248024,-106963,334574
98412,-2292736,-5419008,525116,-65596,621860
98422,-2292736,-5428224,526664,-65596,544367
98432,-864256,-5218304,731344,-24727,687345
98442,-864256,-4901888,678196,-24727,577222
98452,-864256,-4377600,590132,-24727,406018
98462,-349184,-3962880,606988,-9991,490080
98472,-349184,-3408896,513936,-9991,395271
98482,-244736,-2938880,452532,-7002,337794
98492,-247808,-2531328,383560,-7090,356975
98502,-244736,-2078720,308052,-7002,279467
98512,-244736,-1823744,265224,-7002,291547
98522,-247808,-1523712,214312,-7090,291266
98532,-247808,-1255424,169248,-7090,252778
98542,-247808,-1114112,145512,-7090,296649
98552,-244736,-875520,105952,-7002,234961
98562,-244736,-798720,93052,-7002,297799
98572,-241664,-635904,66220,-6915,254543
98582,-232448,-589824,60028,-6651,296435
98592,-219136,-453632,39388,-6270,243095
98602,-219136,-453632,39388,-6270,308875
98612,-185344,-339968,25972,-5303,265711
98622,-185344,-296960,18748,-5303,271628
98632,-160768,-206848,7740,-4600,238818
98642,-151552,-181248,4988,-4336,271295
98652,-96256,-143360,7912,-2754,287471
98662,-96256,-67584,-4816,-2754,265269
98672,-65536,-16384,-8256,-1875,255222
98682,-59392,54272,-19092,-1700,218632
98692,-59392,-4096,-9288,-1700,282019
98702,-59392,47104,-17888,-1700,246579
98713,-59392,18432,-13072,-1700,284842
98723,-59392,105472,-27692,-1700,221150
98733,-53248,74752,-21500,-1524,256208
98743,-53248,158720,-35604,-1524,196851
98753,-56320,110592,-28036,-1612,225436
98763,-53248,156672,-35260,-1524,179494
98773,-53248,57344,-18576,-1524,258458
98783,-53248,94208,-24768,-1524,209431
98793,-53248,22528,-12728,-1524,267206
98803,-53248,78848,-22188,-1524,205028
98813,-53248,22528,-12728,-1524,246122
98823,-53248,95232,-24940,-1524,171670
98833,-53248,36864,-15136,-1524,211675
98843,-53248,75776,-21672,-1524,162676
98853,-56320,25600,-13760,-1612,194394
98863,-62464,81920,-24252,-1788,137523
98873,-62464,63488,-21156,-1788,162669
98883,-62464,110592,-29068,-1788,128896
98893,-62464,72704,-22704,-1788,166781
98903,-62464,110592,-29068,-1788,125132
98913,-62464,57344,-20124,-1788,165124
98923,-62464,63488,-21156,-1788,152399
98933,-80896,46080,-21328,-2315,159666
98943,-108544,10240,-19952,-3106,170463
98953,-108544,24576,-22360,-3106,137884
98963,-163840,-61440,-17200,-4688,184846
98973,-163840,-65536,-16512,-4688,157456
98983,-279552,-114688,-27692,-7999,153022
98993,-279552,-160768,-19952,-7999,163497
99003,-349184,-193536,-26144,-9991,143506
99013,-349184,-267264,-13760,-9991,174212
99023,-467968,-288768,-30100,-13389,119810
99033,-467968,-411648,-9460,-13389,177949
99043,-601088,-448512,-25628,-17198,129453
99053,-601088,-527360,-12384,-17198,143190
99063,-654336,-651264,-516,-18721,176539
99073,-654336,-689152,5848,-18721,150399
99083,-654336,-806912,25628,-18721,195566
99093,-654336,-838656,30960,-18721,173142
99103,-654336,-878592,37668,-18721,166569
99113,-654336,-915456,43860,-18721,161938
99123,-654336,-919552,44548,-18721,147885
99133,-654336,-943104,48504,-18721,158105
99143,-649216,-921600,45752,-18575,105211
99153,-649216,-950272,50568,-18575,157946
99163,-649216,-907264,43344,-18575,118205
99173,-649216,-914432,44548,-18575,132989
99183,-575488,-927744,59168,-16465,163836
99193,-561152,-890880,55384,-16055,145653
99203,-505856,-913408,68456,-14473,190647
99213,-429056,-829440,67252,-12276,153020
99223,-429056,-830464,67424,-12276,192538
99233,-250880,-723968,79464,-7178,174980
99243,-250880,-671744,70692,-7178,176337
99253,-7168,-631808,104920,-206,243738
99263,-7168,-483328,79980,-206,208340
99273,0,-435200,73100,0,206325
99283,0,-277504,46612,0,141635
99293,3072,-234496,39904,87,173429
99303,3072,-86016,14964,87,105924
99313,49152,-86016,22704,1406,171586
99323,70656,9216,10320,2021,127129
99333,70656,23552,7912,2021,154000
99343,70656,82944,-2064,2021,129263
99353,70656,122880,-8772,2021,117649
99363,391168,121856,45236,11191,208136
99373,391168,221184,28552,11191,162235
99383,610304,250880,60372,17460,217857
99393,610304,410624,33540,17460,145631
99403,839680,454656,64672,24023,236720
99413,1022976,663552,60372,29267,188787
99423,1022976,749568,38012,29267,174155
99433,1258496,926720,55728,36005,205356
99443,1392640,1055744,56588,39843,214294
99453,1422336,1182720,40248,40693,211695
99463,1481728,1350656,22016,42392,170499
99473,1577984,1442816,22704,45146,204324
99483,1610752,1610752,0,46083,147427
99493,1628160,1750016,-20468,46582,119938
99503,1628160,1867776,-40248,46582,107872
99513,1645568,1997824,-59168,47080,67901
99523,1628160,2006016,-63468,46582,107510
99533,1628160,2074624,-74992,46582,85755
99543,1628160,2078720,-75680,46582,106793
99553,1628160,2095104,-78432,46582,106572
99563,1628160,2106368,-80324,46582,87787
99573,1628160,2054144,-71552,46582,110293
99583,1628160,2082816,-76368,46582,50324
99593,1628160,2019328,-65704,46582,63462
99603,1628160,1903616,-46268,46582,124650
99613,1628160,1866752,-40076,46582,101116
99623,1628160,1753088,-20984,46582,137947
99633,1628160,1730560,-17200,46582,75314
99643,1645568,1618944,4472,47080,138568
99653,1628160,1571840,9460,46582,127601
99663,1628160,1471488,26316,46582,177238
99673,1628160,1479680,24940,46582,147252
99683,1628160,1428480,33540,46582,154824
99693,1662976,1465344,33196,47578,140408
99703,1680384,1467392,35776,48076,136966
99713,1680384,1539072,23736,48076,82930
99723,1908736,1548288,60544,54609,136051
99733,1929216,1597440,55728,55195,128259
99743,1929216,1655808,45924,55195,117399
99753,1929216,1669120,43688,55195,151501
99763,1929216,1788928,23564,55195,86602
99773,1888256,1825792,10492,54023,81109
99783,1971200,1835008,22876,56396,116188
99793,1908736,1828864,13416,54609,127184
99803,1929216,1876992,8772,55195,101447
99813,1908736,1875968,5504,54609,110904
99823,1888256,1867776,3440,54023,123092
99833,1908736,1846272,10492,54609,150251
99843,1908736,1885184,3956,54609,124019
99853,1992704,1968128,4128,57011,72855
99863,1949696,1909760,6708,55781,121925
99873,1949696,1852416,16340,55781,174162
99883,2124800,1880064,36636,60791,153123
99893,2124800,1879040,41280,60791,181006
99903,2124800,1905664,36808,60791,168983
99913,2171904,1935360,39732,62138,171110
99923,2171904,1975296,33024,62138,160644
99934,2242560,2071552,28724,64160,126946
99944,2367488,2151424,36292,67734,114754
99954,2367488,2165760,33884,67734,149415
99964,2367488,2189312,29928,67734,170339
99974,2611200,2248704,60888,74707,198467
99984,2611200,2340864,45408,74707,159373
99994,2582528,2447360,22704,73886,110496
100004,2582528,2443264,23392,73886,152871
100014,2554880,2472960,13760,73095,156340
100024,2554880,2488320,11180,73095,170594
100034,2499584,2520064,-3440,71513,163292
100044,2472960,2598912,-21156,70751,111854
100054,2291712,2621440,-55384,65566,65801
100064,2291712,2583552,-49020,65566,97620
100074,1908736,2574336,-111800,54609,2073
100084,1790976,2395136,-101480,51240,78339
100094,1497088,2315264,-137428,42832,6124
100104,1364992,2126848,-127968,39052,32452
100114,1364992,1931264,-95116,39052,58286
100124,1052672,1628160,-96664,30117,106239
100134,1052672,1433600,-63984,30117,106044
100144,500736,1232896,-122980,14326,14753
100154,500736,1062912,-94428,14326,14189
100164,215040,821248,-101824,6152,2380
100174,215040,538624,-54352,6152,77242
100184,67584,314368,-41452,1933,66895
100194,58368,1024,9632,1669,161498
100204,27648,-186368,35948,791,169841
100214,27648,-336896,61232,791,167860
100224,27648,-528384,93396,791,227374
100234,3072,-575488,97180,87,174317
100244,-4096,-701440,117132,-118,210174
100254,-4096,-731136,122120,-118,184420
100264,-4096,-718848,120056,-118,142564
100274,0,-758784,127452,0,159331
100284,0,-744448,125044,0,141074
100294,-4096,-782336,130720,-118,165613
100304,-4096,-777216,129860,-118,157299
100314,-4096,-843776,138288,-118,196416
100324,-4096,-794624,132784,-118,172861
100334,-4096,-813056,135880,-118,202851
100344,-4096,-761856,127280,-118,176677
100354,-4096,-741376,123840,-118,180890
100364,-4096,-721920,122808,-118,205372
100374,-4096,-699392,116788,-118,198040
100384,-4096,-700416,116960,-118,227758
100394,-4096,-636928,106296,-118,194409
100404,-4096,-664576,110940,-118,243882
100414,-4096,-561152,93568,-118,176116
100424,-4096,-523264,87204,-118,167068
100434,-4096,-525312,87548,-118,199079
100444,-4096,-459776,76540,-118,164621
100454,-4096,-467968,77916,-118,196237
100464,-4096,-400384,66564,-118,164404
100474,-4096,-362496,60200,-118,159919
100484,-4096,-337920,56072,-118,170023
100494,-4096,-282624,46784,-118,140501
100504,0,-314368,52804,0,178538
100514,0,-297984,50052,0,165972
100524,-4096,-301056,49880,-118,163690
100534,-4096,-386048,64156,-118,233469
100544,-4096,-370688,61576,-118,211053
100554,-4096,-395264,65704,-118,221711
100564,-4096,-463872,77228,-118,280389
100574,-4096,-438272,72928,-118,261575
100584,-4096,-397312,66048,-118,228523
100594,-4096,-436224,72584,-118,277787
100604,-4096,-358400,59512,-118,223591
100614,-4096,-296960,49192,-118,186912
100624,-4096,-328704,54524,-118,234217
100634,-4096,-260096,43000,-118,188773
100644,-10240,-241664,38872,-293,178921
100654,-10240,-279552,45236,-293,224204
100664,-93184,-242688,25112,-2667,182353
100674,-166912,-243712,12900,-4776,168194
100684,-206848,-278528,12040,-5918,198525
100694,-206848,-241664,5848,-5918,171253
100704,-335872,-269312,-11180,-9610,166183
100714,-335872,-313344,-3784,-9610,195537
100724,-459776,-304128,-26144,-13155,143494
100734,-510976,-386048,-20984,-14620,181237
100744,-606208,-428032,-29928,-17344,165504
100754,-606208,-490496,-19436,-17344,166167
100764,-760832,-613376,-24768,-21768,194969
100774,-760832,-657408,-17372,-21768,160191
100784,-760832,-797696,6192,-21768,214015
100794,-760832,-819200,9804,-21768,163980
100804,-760832,-897024,22876,-21768,171663
100814,-760832,-1018880,43344,-21768,229917
100824,-1117184,-1049600,-11352,-31963,129737
100834,-1298432,-1173504,-20984,-37149,144646
100844,-1338368,-1289216,-8256,-38292,176248
100854,-1423360,-1376256,-7912,-40723,158369
100864,-1546240,-1560576,2408,-44239,212135
100874,-1546240,-1669120,20640,-44239,211712
100884,-1546240,-1766400,36980,-44239,198116
100894,-1546240,-1926144,63812,-44239,255614
100904,-1717248,-1944576,38184,-49131,162439
100914,-1792000,-2038784,41452,-51270,167867
100924,-1792000,-2152448,60544,-51270,220227
100934,-1792000,-2202624,68972,-51270,204124
100944,-1810432,-2310144,83936,-51797,242007
100954,-1810432,-2400256,99072,-51797,271021
100964,-1792000,-2420736,108360,-51270,259856
100974,-1810432,-2505728,116788,-51797,287924
100985,-1792000,-2529280,123840,-51270,302781
100995,-1792000,-2484224,116272,-51270,255544
101005,-1792000,-2543616,126248,-51270,307092
101015,-1792000,-2560000,129000,-51270,330450
101025,-1792000,-2492416,117648,-51270,275108
101035,-1810432,-2501632,116100,-51797,282381
101045,-1849344,-2535424,119884,-52911,332709
101055,-1849344,-2525184,113520,-52911,295809
101065,-1849344,-2557952,119024,-52911,315395
101075,-1849344,-2579456,122636,-52911,337640
101085,-2058240,-2510848,76024,-58887,247507
101095,-2080768,-2468864,65188,-59532,224621
101105,-2080768,-2502656,70864,-59532,274912
101115,-2080768,-2489344,68628,-59532,260048
101125,-2080768,-2502656,70864,-59532,255204
101135,-2103296,-2542592,73788,-60176,283512
101145,-2103296,-2461696,60200,-60176,258034
101155,-2149376,-2459648,52116,-61495,225945
101165,-2149376,-2488320,56932,-61495,251413
101175,-2196480,-2508800,52460,-62842,252163
101185,-2196480,-2510848,52804,-62842,233804
101195,-2172928,-2624512,75852,-62168,312112
101205,-2172928,-2653184,80668,-62168,309977
101215,-2196480,-2625536,72068,-62842,264273
101225,-2196480,-2666496,78948,-62842,300567
101235,-2196480,-2634752,73616,-62842,289866
101245,-2196480,-2611200,69660,-62842,284187
101255,-2196480,-2641920,74820,-62842,332480
101265,-2196480,-2611200,69660,-62842,320447
101275,-2196480,-2575360,63640,-62842,296655
101285,-2196480,-2616320,70520,-62842,342783
101295,-1950720,-2542592,99416,-55811,338465
101305,-1482752,-2487296,168732,-42422,405460
101315,-1482752,-2414592,156520,-42422,392125
101325,-1033216,-2233344,201584,-29561,411480
101335,-1033216,-2059264,172344,-29561,367507
101345,-1033216,-1890304,143964,-29561,366178
101355,-760832,-1633280,146544,-21768,365963
101365,-760832,-1402880,107844,-21768,319379
101375,-637952,-1202176,94772,-18252,342820
101385,-637952,-925696,48332,-18252,261401
101395,-570368,-693248,20640,-16319,228505
101405,-570368,-546816,-3956,-16319,247455
101415,-570368,-376832,-32508,-16319,221023
101425,-561152,-288768,-45752,-16055,252484
101435,-561152,-112640,-75336,-16055,203779
101445,-541696,-15360,-88408,-15499,153599
101455,-532480,31744,-94772,-15235,156222
101465,-532480,49152,-97696,-15235,151479
101475,-456704,74752,-89268,-13067,149831
101485,-456704,8192,-78088,-13067,195184
101495,-276480,20480,-49880,-7911,204013
101505,-276480,-70656,-34572,-7911,262206
101515,-276480,-40960,-39560,-7911,205234
101525,6144,-108544,19264,175,300726
101535,36864,-36864,12384,1054,233725
101545,58368,-34816,15652,1669,244764
101555,64512,76800,-2064,1845,172248
101565,144384,114688,4988,4130,193588
101575,144384,210944,-11180,4130,159154
101585,144384,244736,-16856,4130,181011
101595,269312,329728,-10148,7705,175701
101605,269312,364544,-15996,7705,196412
101615,358400,452608,-15824,10253,175491
101625,405504,486400,-13588,11601,198428
101635,405504,576512,-28724,11601,157304
101645,462848,626688,-27520,14091,193355
101655,492544,663552,-28724,14091,175680
101665,615424,731136,-19436,17607,175970
101675,631808,780288,-24940,18076,162548
101685,631808,851968,-36980,18076,132476
101695,1052672,872448,30272,30117,224486
101705,1052672,976896,12728,30117,167721
101715,1481728,1029120,76024,42392,253972
101725,1481728,1162240,53664,42392,203694
101735,2102272,1245184,143964,60146,339114
101745,2242560,1435648,135536,64160,302522
101755,2242560,1599488,108016,64160,289456
101765,2242560,1845248,67080,64160,236155
101775,2242560,2092032,25284,64160,180586
101785,3074048,2281472,133128,87949,352934
101795,3502080,2587648,153596,100195,323596
101805,3502080,2828288,113176,100195,290077
101815,4075520,3153920,154800,116601,322028
101825,4255744,3481600,130032,121757,285306
101835,4255744,3821568,72928,121757,245573
101845,5051392,4234240,137256,144521,311269
101855,5737472,4555776,198488,164150,428210
101865,5737472,5004288,123152,164150,343529
101875,6713344,5543936,196424,192070,394023
101885,6713344,6020096,116444,192070,313115
101895,6713344,6546432,28036,192070,222919
101905,6713344,7068672,-59684,192070,103693
101915,6713344,7463936,-126076,192070,69379
101925,5441536,7786496,-393880,155683,-225539
101935,5441536,7930880,-418132,155683,-235996
101945,4164608,7873536,-622984,119150,-480514
101955,3316736,7483392,-696600,94892,-448717
101965,3175424,6833152,-614384,90849,-256016
101975,3175424,6048768,-482632,90849,-61495
101985,2756608,5395456,-443244,78867,-86038
101995,2756608,4626432,-314072,78867,70367
102005,1929216,4103168,-365156,55195,-132850
102015,1929216,3668992,-292228,55195,-128386
102025,965632,3063808,-352428,27626,-162018
102035,600064,2577408,-332132,17167,-166267
102045,202752,2165760,-329724,5800,-267502
102055,202752,1611776,-236672,5800,-148514
102065,12288,932864,-154628,351,9417
102075,12288,470016,-76884,351,5483
102085,-4096,37888,-7052,-118,15911
102095,-4096,-536576,89440,-118,184169
102105,-4096,-846848,141556,-118,176351
102115,-4096,-1091584,182664,-118,200136
102125,-10240,-1228800,204680,-293,181427
102135,-10240,-1340416,223428,-293,246535
102145,-13312,-1416192,235640,-381,238975
102155,-16384,-1459200,242348,-469,271901
102165,-53248,-1344512,216892,-1524,191064
102175,-53248,-1293312,208292,-1524,208081
102185,-65536,-1147904,181804,-1875,161195
102195,-65536,-1104896,174580,-1875,200596
102205,-68608,-996352,155832,-1963,175968
102215,-68608,-950272,148092,-1963,186351
102225,-96256,-906240,136052,-2754,185782
102235,-111616,-876544,128484,-3194,187656
102245,-200704,-864256,111456,-5743,190200
102255,-200704,-828416,105436,-5743,175812
102265,-359424,-827392,65876,-12950,162511
102275,-452608,-797696,57964,-12950,130018
102285,-684032,-845824,27176,-19571,134664
102295,-684032,-850944,28036,-19571,127895
102305,-684032,-952320,45064,-19571,187837
102315,-684032,-976896,49192,-19571,159256
102325,-684032,-1104896,70692,-19571,222378
102335,-2912256,-1175552,-291712,-83321,-276491
102345,-4739072,-1459200,-550916,-135586,-543553
102355,-4739072,-2013184,-457864,-135586,-340560
102365,-6507520,-2811904,-612148,-186182,-415687
102375,-6714368,-3757056,-496736,-192100,-249254
102386,-7369728,-4716544,-445652,-210850,-218419
102396,-7678976,-5654528,-340044,-219698,-131055
102406,-7678976,-6707200,-163228,-219698,95505
102416,-7757824,-7414784,-57620,-221954,47772
102426,-7757824,-8096768,56932,-221954,101980
102436,-6999040,-8770560,297560,-200245,393692
102446,-6999040,-9124864,357072,-200245,393472
102456,-3108864,-9249792,1031484,-88946,1074417
102466,-3108864,-8979456,986076,-88946,812529
102476,-856064,-8303616,1250956,-24493,955392
102486,-436224,-7158784,1129180,-12481,659499
102496,-253952,-5915648,950988,-7266,417225
102506,-16384,-4660224,780020,-469,271519
102516,0,-3599360,604580,0,164574
102526,0,-2772992,465776,0,178183
102536,6144,-2099200,353632,175,201181
102546,6144,-1508352,254388,175,151599
102556,9216,-1116160,189028,263,205255
102566,43008,-719872,128140,1230,178130
102576,43008,-462848,84968,1230,202818
102586,89088,-194560,47644,2548,189457
102596,116736,-35840,25628,3339,215701
102606,172032,162816,1548,4921,177258
102616,187392,283648,-16168,5361,179940
102626,202752,384000,-30444,5800,177886
102636,199680,487424,-48332,5712,174379
102646,199680,590848,-65704,5712,150850
102656,193536,724992,-89268,5537,83345
102666,193536,733184,-90644,5537,117000
102676,193536,738304,-91504,5537,82450
102686,234496,772096,-90300,6708,105722
102696,234496,753664,-87204,6708,106221
102706,352256,766976,-69660,10078,88967
102716,398336,740352,-57448,11396,88072
102726,509952,647168,-23048,14589,159632
102736,648192,610304,6364,18544,190525
102746,1062912,600064,77744,30410,268586
102756,1062912,602112,77400,30410,263031
102766,1062912,717824,57964,30410,181675
102776,7368704,879616,1086868,210820,1335053
102786,7368704,1799168,935508,210820,865019
102796,13885440,3162112,1801184,397265,1663799
102806,16135168,5112832,1851408,461630,1456428
102816,16135168,7673856,1421236,461630,797214
102826,16135168,10202112,996568,461630,304638
102836,16135168,12434432,621608,461630,139200
102846,13495296,14177280,-114552,386103,-419392
102856,13495296,15180800,-283112,386103,-287282
102866,6047744,15470592,-1582744,173027,-1643214
102876,6047744,14763008,-1463892,173027,-1044266
102886,2847744,13076480,-1718108,81474,-912778
102896,2847744,10820608,-1339192,81474,-208654
102906,1022976,8934400,-1328872,29267,-351750
102916,610304,6973440,-1068808,17460,-172028
102926,246784,5449728,-873932,7060,-148778
102936,246784,4124672,-651364,7060,-131996
102946,9216,2890752,-484008,263,-58131
102956,9216,1953792,-326628,263,-31800
102966,9216,1122304,-186964,263,-16582
102976,-4096,303104,-51600,-118,94437
102986,-4096,-362496,60200,-118,186219
102996,-4096,-817152,136568,-118,164067
103006,-4096,-1176576,196940,-118,162767
103016,-4096,-1503232,251808,-118,225555
103026,-4096,-1658880,277952,-118,211639
103036,-7168,-1822720,304956,-206,280555
103046,-10240,-1839104,307192,-293,275220
103056,-13312,-1853440,309084,-381,303371
103066,-47104,-1710080,279328,-1348,218112
103076,-47104,-1645568,268492,-1348,246803
103086,-53248,-1509376,244584,-1524,219852
103096,-53248,-1457152,235812,-1524,265228
103106,-53248,-1366016,220504,-1524,268966
103116,-53248,-1271808,204680,-1524,256602
103126,-59392,-1205248,192468,-1700,265972
103136,-59392,-1107968,176128,-1700,232294
103146,-59392,-1062912,168560,-1700,239952
103156,-59392,-947200,149124,-1700,187057
103166,-59392,-950272,149640,-1700,239003
103176,-59392,-877568,137428,-1700,221853
103186,-56320,-878592,138116,-1612,270928
103196,-53248,-778240,121776,-1524,236643
103206,-53248,-712704,110768,-1524,233698
103216,-53248,-605184,92708,-1524,192843
103226,-53248,-558080,84796,-1524,200083
103236,-50176,-484352,72928,-1436,184675
103246,-47104,-457728,62436,-1348,169581
103256,-47104,-434176,65016,-1348,222823
103266,-47104,-427008,63812,-1348,232630
103276,-47104,-421888,62952,-1348,241037
103286,-44032,-393216,58652,-1260,221447
103296,-44032,-385024,57276,-1260,229796
103306,-44032,-340992,49880,-1260,203189
103316,-44032,-333824,48676,-1260,212668
103326,-44032,-296960,42484,-1260,190851
103336,-44032,-340992,49880,-1260,244078
103346,-44032,-328704,47816,-1260,233419
103356,-44032,-391168,58308,-1260,291087
103366,-93184,-332800,40248,-2667,233621
103376,-136192,-369664,39216,-3897,268380
103386,-136192,-271360,22704,-3897,196812
103396,-388096,-309248,-13244,-11104,191488
103406,-388096,-309248,-13244,-11104,189231
103416,-957440,-339968,-103716,-27393,67678
103426,-957440,-427008,-89096,-27393,81576
103436,-3008512,-552960,-411940,-86075,-338663
103446,-4076544,-866304,-539220,-116631,-499456
103456,-11234304,-1644544,-1610780,-321417,-1549958
103466,-11234304,-3087360,-1368432,-321417,-939931
103476,-17213440,-5324800,-1996920,-492481,-1350844
103486,-17213440,-7931904,-1559008,-492481,-618890
103496,-17213440,-10942464,-1053328,-492481,-104330
103506,-17213440,-13492224,-625048,-492481,108999
103516,-17213440,-15470592,-292744,-492481,173092
103526,-17213440,-16882688,-55556,-492481,143297
103536,-17213440,-17934336,121088,-492481,103832
103546,-17213440,-18717696,252668,-492481,131919
103556,-17213440,-19346432,358276,-492481,180409
103566,-2080768,-19788800,2974396,-59532,3209573
103576,-2080768,-19152896,2867584,-59532,2578954
103586,-505856,-17178624,2800504,-14473,1933265
103596,-505856,-14359552,2326988,-14473,1005620
103606,0,-11335680,1904040,0,526622
103616,0,-8622080,1448240,0,234809
103627,0,-6587392,1106476,0,211809
103637,0,-4898816,822848,0,238502
103647,0,-3637248,610944,0,255515
103657,6144,-2552832,429828,175,246682
103667,76800,-1717248,301344,2197,290309
103677,129024,-949248,181116,3691,224338
103687,196608,-342016,90472,5625,232687
103697,211968,275456,-10664,6064,139887
103707,211968,721920,-85656,6064,133004
103717,215040,1133568,-154284,6152,75789
103727,215040,1375232,-194876,6152,80768
103737,215040,1620992,-236156,6152,14094
103747,308224,1669120,-228588,8818,73866
103757,405504,1796096,-233576,11601,21826
103767,405504,1845248,-241832,11601,-12726
103777,2847744,1811456,174064,81474,469938
103787,2847744,1859584,165980,81474,425267
103797,2847744,1979392,145856,81474,362504
103807,7998464,2439168,933788,228837,1174901
103817,7998464,3464192,761616,228837,725261
103827,10802176,4727808,1020304,309052,902256
103837,10802176,6364160,745448,309052,479705
103847,9401344,7910400,250432,268974,-19844
103857,9401344,9204736,33024,268974,-135935
103867,6854656,10051584,-536984,196113,-578917
103877,6854656,10407936,-596840,196113,-511748
103887,4998144,10178560,-870148,142998,-674035
103897,4998144,9432064,-744760,142998,-282739
103907,2499584,8641536,-1031656,71513,-605778
103917,2057216,7489536,-912460,58857,-352735
103927,1310720,6531072,-876856,37500,-374568
103937,1310720,5434368,-692644,37500,-207201
103947,1270784,4450304,-534060,36357,-106123
103957,1284096,3741696,-412800,36738,-135653
103967,1258496,2892800,-274512,36005,21231
103977,1258496,2523136,-212420,36005,-118154
103987,1161216,1941504,-131064,33222,-14402
103997,1161216,1638400,-80152,33222,-73957
104007,1161216,1190912,-4988,33222,52888
104017,726016,974848,-41796,20771,-99144
104027,701440,627712,12384,20068,33351
104037,701440,480256,37152,20068,-70297
104047,956416,151552,135192,27363,121761
104057,956416,140288,137084,27363,27732
104067,1497088,45056,243896,42832,176158
104077,1929216,7168,322844,55195,320828
104087,2393088,232448,362920,68466,327670
104097,2527232,519168,337292,72304,285793
104107,2756608,939008,305300,78867,194131
104117,2847744,1468416,231684,81474,65710
104127,3464192,1855488,270212,99111,168726
104137,3464192,2195456,213108,99111,160874
104147,3464192,2649088,136912,99111,54800
104157,4998144,2922496,348644,142998,392706
104167,5215232,3274752,325940,149208,386274
104177,5215232,3740672,247680,149208,264065
104187,5215232,4240384,163744,149208,170982
104197,5215232,4672512,91160,149208,131637
104207,4164608,5146624,-164948,119150,-172734
104217,4164608,5460992,-217752,119150,-206229
104227,2554880,5485568,-492264,73095,-459438
104237,1868800,5349376,-584628,53466,-487387
104247,912384,4818944,-656180,26103,-410897
104257,713728,4157440,-578436,20419,-248176
104267,713728,3606528,-485900,20419,-176000
104277,405504,2900992,-419164,11601,-165081
104287,334848,2262016,-323704,9580,-68442
104297,334848,1928192,-267632,9580,-161378
104307,269312,1400832,-190060,7705,-65564
104317,259072,1047552,-132440,7412,-39507
104327,196608,875520,-114036,5625,-137378
104337,159744,517120,-60028,4570,-32013
104347,159744,408576,-41796,4570,-118924
104357,76800,50176,4472,2197,-7928
104367,76800,-197632,46096,2197,42852
104377,9216,-362496,62436,263,8874
104387,9216,-646144,110080,263,131097
104397,3072,-636928,107500,87,36091
104407,0,-690176,115928,0,51168
104417,0,-668672,112316,0,22765
104427,0,-707584,118852,0,84418
104437,0,-642048,107844,0,65605
104447,0,-527360,88580,0,10527
104457,-4096,-549888,91676,-118,73165
104467,-4096,-474112,78948,-118,48520
104477,-4096,-528384,88064,-118,123946
104487,-4096,-474112,78948,-118,73070
104497,-4096,-455680,75852,-118,55866
104507,-4096,-535552,89268,-118,122928
104517,-4096,-481280,80152,-118,89971
104527,-4096,-479232,79808,-118,104396
104537,-4096,-415744,69144,-118,59954
104547,-4096,-420864,70004,-118,87763
104557,-4096,-451584,75164,-118,138410
104567,-4096,-353280,58652,-118,71174
104577,-4096,-386048,64156,-118,99020
104587,-4096,-416768,69316,-118,130974
104597,0,-322560,54180,0,100017
104607,3072,-370688,62780,87,140837
104617,27648,-266240,49364,791,63710
104627,43008,-296960,57104,1230,101743
104637,70656,-368640,73788,2021,173985
104647,110592,-256000,61576,3164,95876
104657,125952,-242688,61920,3603,116008
104667,125952,-209920,56416,3603,109994
104677,125952,-134144,43688,3603,64698
104687,642048,-209920,143104,18369,255920
104697,1003520,-148480,193500,28710,264309
104707,2638848,25600,438944,75498,546349
104717,3040256,350208,451844,86982,479232
104727,3040256,855040,367048,86982,248078
104737,5384192,1397760,669596,154042,591570
104747,5384192,2000896,568288,154042,483885
104757,5384192,2688000,452876,154042,341662
104767,5921792,3383296,426388,169423,332385
104777,5859328,4114432,293088,167636,193443
104787,5737472,4694016,175268,164150,109930
104797,5737472,5192704,91504,164150,95876
104807,3316736,5534720,-372552,94892,-352131
104817,3316736,5583872,-380808,94892,-273703
104828,3316736,5392384,-348644,94892,-148006
104838,1392640,4944896,-596668,39843,-334990
104848,1392640,4469760,-516860,39843,-188336
104858,466944,3847168,-567772,13359,-179381
104868,362496,3279872,-490028,10371,-116152
104878,156672,2571264,-405576,4482,-3947
104888,89088,1974272,-316652,2548,46107
104898,-4096,1418240,-238908,-118,46137
104908,-4096,877568,-148092,-118,105630
104918,0,555008,-93224,0,56594
104928,0,219136,-36808,0,84265
104938,0,-73728,12384,0,111144
104948,0,-262144,44032,0,79526
104958,0,-488448,82044,0,134826
104968,0,-637952,107156,0,151645
104978,0,-731136,122808,0,139743
104988,0,-812032,136396,0,152801
104998,0,-878592,147576,0,173688
105008,0,-968704,162712,0,221663
105018,9216,-974848,165292,263,218602
105028,12288,-875520,149124,351,138527
105038,61440,-851968,153424,1757,156449
105048,76800,-903168,164604,2197,215379
105058,76800,-893952,163056,2197,234410
105068,135168,-788480,155144,3867,182191
105078,132096,-687104,137600,3779,124621
105088,132096,-684032,137084,3779,159622
105098,132096,-670720,134848,3779,187542
105108,132096,-656384,132440,3779,207851
105118,132096,-548864,114380,3779,142345
105128,122880,-550912,113176,3515,172831
105138,122880,-567296,115928,3515,216780
105148,122880,-508928,106124,3515,186905
105158,104448,-526336,105952,2988,219187
105168,98304,-508928,101996,2812,229869
105178,95232,-401408,83420,2724,165004
105188,95232,-317440,69316,2724,123923
105198,67584,-337920,68112,1933,165983
105208,67584,-311296,63640,1933,164130
105218,52224,-320512,62608,1494,179258
105228,52224,-391168,74476,1494,248179
105238,55296,-363520,70348,1582,233537
105248,55296,-297984,59340,1582,181518
105258,58368,-318464,63296,1669,214171
105268,58368,-260096,53492,1669,172733
105278,61440,-270336,55728,1757,182297
105288,61440,-288768,58824,1757,206917
105298,61440,-280576,57448,1757,206151
105308,61440,-246784,51772,1757,186354
105318,61440,-279552,57276,1757,232322
105328,61440,-230400,49020,1757,211163
105338,61440,-176128,39904,1757,182129
105348,55296,-178176,39216,1582,196760
105358,55296,-185344,40420,1582,212275
105368,49152,-110592,26832,1406,150179
105378,49152,-133120,30616,1406,176782
105388,49152,-190464,40248,1406,234462
105398,49152,-171008,36980,1406,220646
105408,36864,-172032,35088,1054,218818
105418,36864,-219136,43000,1054,267408
105428,27648,-180224,34916,791,229784
105438,27648,-180224,34916,791,227226
105448,27648,-169984,33196,791,218946
105458,27648,-106496,22532,791,172355
105468,27648,-107520,22704,791,174478
105478,27648,-150528,29928,791,214071
105488,12288,-130048,23908,351,189518
105498,3072,-135168,23220,87,186747
105508,0,-179200,30100,0,228406
105518,-4096,-123904,20124,-118,176127
105528,-4096,-167936,27520,-118,222899
105538,-4096,-91136,14620,-118,178130
105548,-4096,-80896,12900,-118,170280
105558,-4096,-70656,11180,-118,186042
105568,-123904,-19456,-17544,-3545,130807
105578,-123904,-58368,-11008,-3545,170519
105588,-123904,-57344,-11180,-3545,153437
105598,-1174528,-144384,-173032,-33604,-22577
105608,-3142656,-198656,-494500,-89913,-444461
105618,-5738496,-457728,-887004,-164180,-942715
105628,-7071744,-1177600,-990032,-202325,-880842
105638,-16285696,-2637824,-2292416,-465938,-2074676
105648,-17213440,-4757504,-2092208,-492481,-1483014
105658,-17213440,-7684096,-1600632,-492481,-685703
105668,-17213440,-10858496,-1067432,-492481,-60366
105678,-17213440,-13407232,-639324,-492481,162345
105688,-17213440,-15426560,-300140,-492481,200179
105698,-17213440,-16630784,-97868,-492481,34651
105708,-17213440,-17653760,73960,-492481,10312
105718,-17213440,-18568192,227556,-492481,114456
105728,-17213440,-19296256,349848,-492481,211964
105738,-8942592,-20026368,1861728,-255850,2017063
105748,-7600128,-19989504,2081028,-217442,1861269
105758,-4790272,-18701312,2336620,-137051,1650477
105768,-1366016,-16412672,2527368,-39083,1433622
105778,-1074176,-13844480,2145012,-30733,854505
105788,-267264,-11401216,1870156,-7647,632854
105798,-185344,-9010176,1482296,-5303,404815
105808,-185344,-7072768,1156872,-5303,281730
105818,-7168,-5489664,920888,-206,310324
105828,-7168,-4152320,696256,-206,277449
105838,0,-3138560,527180,0,267076
105848,0,-2138112,359136,0,195491
105858,0,-1326080,222740,0,150451
105868,3072,-642048,108360,87,123404
105878,39936,-182272,37324,1142,177785
105888,58368,139264,-13588,1669,223747
105898,172032,483328,-52288,4921,185455
105908,172032,665600,-82904,4921,213202
105918,172032,947200,-130204,4921,122955
105928,348160,1168384,-137772,9960,93400
105938,676864,1338368,-111112,19365,123265
105948,1084416,1510400,-71552,31025,158859
105958,1084416,1615872,-89268,31025,160269
105968,3210240,1870848,224976,91845,473292
105978,6111232,2183168,659792,174843,923088
105988,7144448,2948096,704856,204404,867519
105998,7144448,4071424,516172,204404,528423
106008,8587264,5267456,557624,245683,523021
106018,8674304,6470656,370144,248173,373859
106028,8851456,7564288,216204,253242,281878
106038,8851456,8468480,64328,253242,217081
106048,7916544,9233408,-221192,226494,-26244
106058,7916544,9806848,-317512,226494,-71233
106068,7916544,10089472,-366704,226494,-40881
106078,4944896,10184704,-880124,141474,-592454
106088,4637696,10124288,-921576,132685,-730607
106098,4119552,9548800,-911944,117861,-558606
106108,3210240,8494080,-887520,91845,-358112
106118,3007488,7190528,-702620,86044,-20026
106129,2317312,6263808,-662888,66298,-153856
106139,1697792,5154816,-580672,48574,-91097
106149,993280,4407296,-573448,28417,-195280
106159,993280,3533824,-426732,28417,-124950
106169,432128,2738176,-387344,12363,-128816
106179,432128,2110464,-281908,12363,-112528
106189,462848,1378304,-153768,13242,29079
106199,523264,868352,-57964,14970,41377
106209,676864,301056,63124,19365,170747
106219,676864,54272,104576,19365,73439
106229,1084416,-332800,238048,31025,296291
106239,1084416,-343040,239768,31025,202207
106249,1594368,-324608,322328,45615,298947
106259,2472960,-146432,439976,70751,428324
106269,6713344,246784,1086180,192070,1132700
106279,7599104,974848,1112668,217412,974518
106289,16743424,2361344,2415740,479033,2269261
106299,16743424,4122624,2119900,479033,1698169
106309,16743424,6771712,1674936,479033,897710
106319,16589824,9468928,1196088,474638,340842
106329,16589824,11910144,786040,474638,120077
106339,16436224,13601792,476096,470244,174189
106349,15985664,14661632,222396,457353,226769
106359,13367296,15538176,-364640,382441,-296164
106369,12498944,15917056,-574136,357597,-366169
106379,8762368,15819776,-1185424,250693,-942234
106389,8762368,15193088,-1080160,250693,-583226
106399,8762368,14048256,-887864,250693,-155734
106409,4255744,12564480,-1395608,121757,-620110
106419,2817024,10828800,-1345728,80595,-480230
106429,2527232,9051136,-1095812,72304,-173545
106439,1716224,7185408,-918652,49101,-29486
106449,1577984,5557248,-668392,45146,94496
106459,1138688,4356096,-540424,32578,23448
106469,878592,3301376,-406952,25136,817
106479,878592,2406400,-256624,25136,19528
106489,398336,1537024,-191264,11396,55844
106499,266240,868352,-101136,7617,47030
106509,184320,220160,-4988,5273,76085
106519,184320,-487424,112832,5273,241749
106529,82944,-915456,167700,2373,213027
106539,12288,-1360896,230652,351,301701
106549,-7168,-1626112,271932,-206,311846
106559,-7168,-1537024,256968,-206,140883
106569,-65536,3576832,-611804,-1875,-3040896
106579,-90112,-1943552,311320,-2579,2349617
106589,-322560,-6908928,1106304,-9229,3498470
106599,-370688,-5967872,940152,-10606,1075606
106609,-856064,-4618240,631928,-24493,207194
106619,-856064,-2508800,277608,-24493,-584574
106629,-1546240,103424,-277092,-44239,-1522952
106639,-1930240,2412544,-729452,-55225,-2079667
106649,-3542016,4372480,-1329388,-101338,-2569272
106659,-3542016,5626880,-1540088,-101338,-2540585
106669,-4210688,6474752,-1794820,-120469,-2597716
106679,-4210688,7040000,-1889764,-120469,-2595071
106689,-4210688,7430144,-1955296,-120469,-2650135
106699,-4210688,7759872,-2010680,-120469,-2742830
106709,-4210688,8074240,-2063484,-120469,-2859021
106719,-3946496,8366080,-2068128,-112911,-2846434
106729,-2975744,8655872,-1953748,-85137,-2695235
106739,-2583552,8914944,-1931388,-73917,-2653465
106749,-2583552,9183232,-1976452,-73917,-2693916
106759,-1085440,9431040,-1766440,-31055,-2428399
106769,-1085440,9686016,-1809268,-31055,-2479314
106779,-606208,9930752,-1769880,-17344,-2423588
106789,-556032,10117120,-1792756,-15909,-2435677
106799,-556032,10117120,-1792756,-15909,-2435677
106809,-556032,10117120,-1792756,-15909,-2435677
106819,-556032,10117120,-1792756,-15909,-2435677
106829,-556032,10117120,-1792756,-15909,-2435677
106839,-556032,10117120,-1792756,-15909,-2435677
106849,-556032,10117120,-1792756,-15909,-2435677
106859,-556032,10117120,-1792756,-15909,-2435677
106869,-556032,10117120,-1792756,-15909,-2435677
106879,-556032,10117120,-1792756,-15909,-2435677
106889,-556032,10117120,-1792756,-15909,-2435677
106899,-556032,10117120,-1792756,-15909,-2435677
106909,-556032,10117120,-1792756,-15909,-2435677
106919,-556032,10117120,-1792756,-15909,-2435677
106929,-556032,10117120,-1792756,-15909,-2435677
106939,-556032,10117120,-1792756,-15909,-2435677
106949,-556032,10117120,-1792756,-15909,-2435677
106959,-556032,10117120,-1792756,-15909,-2435677
106969,-556032,10117120,-1792756,-15909,-2435677
106979,-556032,10117120,-1792756,-15909,-2435677
106989,-556032,10117120,-1792756,-15909,-2435677
106999,-556032,10117120,-1792756,-15909,-2435677
107009,-556032,10117120,-1792756,-15909,-2435677
107019,-556032,10117120,-1792756,-15909,-2435677
107029,-556032,10117120,-1792756,-15909,-2435677
107039,-556032,10117120,-1792756,-15909,-2435677
107049,-556032,10117120,-1792756,-15909,-2435677
107059,-556032,10117120,-1792756,-15909,-2435677
107069,-556032,10117120,-1792756,-15909,-2435677
107079,-556032,10117120,-1792756,-15909,-2435677
107089,-556032,10117120,-1792756,-15909,-2435677
107099,-556032,10117120,-1792756,-15909,-2435677
107109,-556032,10117120,-1792756,-15909,-2435677
107119,-556032,10117120,-1792756,-15909,-2435677
107129,-556032,10117120,-1792756,-15909,-2435677
107139,-556032,10117120,-1792756,-15909,-2435677
107149,-556032,10117120,-1792756,-15909,-2435677
107159,-556032,10117120,-1792756,-15909,-2435677
107169,-556032,10117120,-1792756,-15909,-2435677
107179,-556032,10117120,-1792756,-15909,-2435677
107189,-556032,10117120,-1792756,-15909,-2435677
107199,-556032,10117120,-1792756,-15909,-2435677
107209,-556032,10117120,-1792756,-15909,-2435677
107219,-556032,10117120,-1792756,-15909,-2435677
107229,-556032,10117120,-1792756,-15909,-2435677
107239,-556032,10117120,-1792756,-15909,-2435677
107249,-556032,10117120,-1792756,-15909,-2435677
107259,-556032,10117120,-1792756,-15909,-2435677
107269,-556032,10117120,-1792756,-15909,-2435677
107279,-556032,10117120,-1792756,-15909,-2435677
107289,-556032,10117120,-1792756,-15909,-2435677
107299,-556032,10117120,-1792756,-15909,-2435677
107309,-556032,10117120,-1792756,-15909,-2435677
107319,-556032,10117120,-1792756,-15909,-2435677
107329,-556032,10117120,-1792756,-15909,-2435677
107339,-556032,10117120,-1792756,-15909,-2435677
107349,0,58368,-9804,0,-26908
107359,0,97280,-16340,0,-37343
107369,0,141312,-23736,0,-50419
107379,0,206848,-34744,0,-71676
107389,0,279552,-46956,0,-89973
107399,0,340992,-57276,0,-98495
107409,0,376832,-63296,0,-94196
107419,0,344064,-57964,0,-62767
107429,0,273408,-45924,0,-29304
107439,0,175104,-29412,0,1369
107449,0,51200,-8600,0,37873
107459,0,-50176,8428,0,45904
107470,0,-93184,15652,0,29754
107480,0,-117760,19780,0,27053
107490,0,-180224,30272,0,57022
107500,0,-200704,33712,0,48330
107510,0,-180224,30272,0,23998
107520,0,-106496,17888,0,-13368
107530,0,-95232,15996,0,6836
107540,0,-86016,14448,0,12049
107550,0,-57344,9632,0,7197
107560,0,-39936,6708,0,2839
107570,0,-26624,4472,0,-841
107580,0,-46080,7740,0,15715
107590,0,-51200,8600,0,16425
107600,0,-128000,21500,0,64300
107610,0,-372736,62608,0,202638
107620,0,-930816,156348,0,454526
107630,0,-1622016,272448,0,635926
107640,0,-1071104,179912,0,-8343
107650,0,-134144,22532,0,-314136
107660,0,-258048,43344,0,61011
107670,0,-519168,87204,0,235982
107680,0,-638976,107328,0,213388
107690,0,-656384,110252,0,169590
107700,0,-553984,93052,0,103965
107710,0,-338944,56932,0,24067
107720,0,-54272,9116,0,-64703
107730,0,152576,-25628,0,-80760
107740,0,76800,-12900,0,42847
107750,0,-177152,29756,0,183216
107760,0,-433152,72756,0,259973
107770,0,-584704,98212,0,258774
107780,0,-790528,132784,0,306856
107790,0,-996352,167356,0,351463
107800,0,-1189888,199864,0,404616
107810,0,-1316864,221192,0,419965
107820,0,-1441792,242176,0,450752
107830,0,-1547264,259892,0,478274
107840,0,-1673216,281048,0,518310
107850,0,-1784832,299796,0,538501
107860,0,-1928192,323876,0,581943
107870,0,-1991680,334540,0,562773
107880,0,-2029568,340904,0,588009
107890,0,-2081792,349676,0,616095
107900,0,-2195456,368768,0,679612
107910,0,-2273280,381840,0,685285
107920,0,-2328576,391128,0,693048
107930,0,-2400256,403168,0,722054
107940,0,-2422784,406952,0,709199
107950,0,-2555904,429312,0,818263
107960,0,-2650112,445136,0,864962
107970,0,-2696192,452876,0,856072
107980,0,-2791424,468872,0,902680
107990,0,-2840576,477128,0,917897
108000,0,-2945024,494672,0,990747
108010,0,-3148800,528900,0,1104050
108020,0,-3422208,574824,0,1196956
108030,0,-3494912,587036,0,1148460
108040,0,-3516416,590648,0,1126518
108050,0,-3609600,606300,0,1166014
108060,0,-3875840,651020,0,1274614
108070,0,-4175872,701416,0,1358320
108080,0,-4480000,752500,0,1419536
108090,0,-4684800,786900,0,1411320
108100,0,-4968448,834544,0,1490966
108110,0,-5416960,909880,0,1643297
108120,0,-5760000,967500,0,1634468
108130,0,-5599232,940496,0,1387312
108140,0,-4616192,775376,0,832055
108150,0,-3226624,541972,0,331178
108160,0,-1829888,307364,0,72771
108170,0,-831488,139664,0,53335
108180,0,-389120,65360,0,263498
108190,0,-600064,100792,0,616226
108200,0,-1000448,168044,0,840634
108210,0,-1494016,250948,0,993005
108220,0,-1992704,334712,0,1112559
108230,0,-2107392,353976,0,966864
108240,0,-1726464,289992,0,634787
108250,0,-1726464,289992,0,634787
108260,0,-1726464,289992,0,634787
108270,0,-1726464,289992,0,634787
108280,0,-1726464,289992,0,634787
108290,0,-1726464,289992,0,634787
108300,0,-1726464,289992,0,634787
108310,0,-1726464,289992,0,634787
108320,0,-1726464,289992,0,634787
108330,0,-1726464,289992,0,634787
108340,0,-1726464,289992,0,634787
108350,0,-1726464,289992,0,634787
108360,0,-1726464,289992,0,634787
108370,0,-1726464,289992,0,634787
108380,0,-1726464,289992,0,634787
108390,0,-1726464,289992,0,634787
108400,0,-1726464,289992,0,634787
108410,0,-1726464,289992,0,634787
108420,0,-1726464,289992,0,634787
108430,0,-1726464,289992,0,634787
108440,0,-1726464,289992,0,634787
108450,0,-1726464,289992,0,634787
108460,0,-1726464,289992,0,634787
108470,0,-1726464,289992,0,634787
108480,0,-1726464,289992,0,634787
108490,0,-1726464,289992,0,634787
108500,0,-1726464,289992,0,634787
108510,0,-1726464,289992,0,634787
108520,0,-1726464,289992,0,634787
108530,0,-1726464,289992,0,634787
108540,0,-1726464,289992,0,634787
108550,0,-1726464,289992,0,634787
108560,0,-1726464,289992,0,634787
108570,0,-1726464,289992,0,634787
108580,0,-1726464,289992,0,634787
108590,0,-1726464,289992,0,634787
108600,0,-1726464,289992,0,634787
108610,0,-1726464,289992,0,634787
108620,0,-1726464,289992,0,634787
108630,0,-1726464,289992,0,634787
108640,0,-1726464,289992,0,634787
108650,0,-1726464,289992,0,634787
108660,0,-1726464,289992,0,634787
108670,0,-1726464,289992,0,634787
108680,0,-1726464,289992,0,634787
108690,0,-1726464,289992,0,634787
108700,0,-1726464,289992,0,634787
108710,0,-1726464,289992,0,634787
108720,0,-1726464,289992,0,634787
108730,0,-1726464,289992,0,634787
108740,0,-1726464,289992,0,634787
108750,0,-1726464,289992,0,634787
108760,0,-1726464,289992,0,634787
108770,0,-1726464,289992,0,634787
108780,0,-1726464,289992,0,634787
108790,0,-1726464,289992,0,634787
108800,0,-1726464,289992,0,634787
108810,0,-1726464,289992,0,634787
108820,0,-1726464,289992,0,634787
108830,0,-1726464,289992,0,634787
108840,0,-1726464,289992,0,634787
108850,0,-1726464,289992,0,634787
108860,0,-1726464,289992,0,634787
108870,0,-1726464,289992,0,634787
108880,0,-1726464,289992,0,634787
108890,0,-1726464,289992,0,634787
108900,0,-1726464,289992,0,634787
108910,0,-1726464,289992,0,634787
108921,0,-1726464,289992,0,634787
108931,0,-1726464,289992,0,634787
108941,0,-1726464,289992,0,634787
108951,0,-1726464,289992,0,634787
108961,0,-1726464,289992,0,634787
108971,0,-1726464,289992,0,634787
108981,0,-1726464,289992,0,634787
108991,0,-1726464,289992,0,634787
109001,0,-1726464,289992,0,634787
109011,0,-1726464,289992,0,634787
109021,0,-1726464,289992,0,634787
109031,0,-1726464,289992,0,634787
109041,0,-1726464,289992,0,634787
109051,0,-1726464,289992,0,634787
109061,0,-1726464,289992,0,634787
109071,0,-172646