R
Px,Ix,Dx,Py,Iy,Dy,Pz,Iz,FFrx,FFry,FFdrx,FFdry,satI,satPID,KFQAng,KFQbias,KFRmeas,CPx,CIx,CPy,CIy,CsatI,CsatPID,CFFdrx,CFFdry,CFalpha,iRelaxX,IRelaxY,DmaxR,DmaxE,DMx,DMy
58,80,47,58,80,47,250,0,0,0,200,0,500000,15000000,10,1,1000,0,0,0,0,0,0,0,0,0.995,1024,1024,0,0,0,0
sysTickMs,PIDRefXi,PIDSensXi,PIDPoutXi,PIDFFoutXi,PIDUXi
15118,0,0,0,0,0
15128,0,0,0,0,0
15138,0,0,0,0,0
15148,0,0,0,0,0
15158,0,0,0,0,0
15168,0,0,0,0,0
15178,0,0,0,0,0
15188,0,0,0,0,0
15198,0,0,0,0,0
15208,0,0,0,0,0
15218,0,0,0,0,0
15228,0,0,0,0,0
15238,0,0,0,0,0
15248,0,0,0,0,0
15258,0,0,0,0,0
15268,0,0,0,0,0
15278,0,0,0,0,0
15288,0,0,0,0,0
15298,0,0,0,0,0
15308,0,0,0,0,0
15318,0,0,0,0,0
15328,0,0,0,0,0
15338,0,0,0,0,0
15348,0,0,0,0,0
15358,0,0,0,0,0
15368,0,0,0,0,0
15378,0,0,0,0,0
15388,0,0,0,0,0
15398,0,0,0,0,0
15408,0,0,0,0,0
15418,0,0,0,0,0
15428,0,0,0,0,0
15438,0,0,0,0,0
15448,0,0,0,0,0
15458,0,0,0,0,0
15468,0,0,0,0,0
15478,0,0,0,0,0
15488,0,0,0,0,0
15498,0,0,0,0,0
15508,0,0,0,0,0
15518,0,0,0,0,0
15528,0,0,0,0,0
15538,0,0,0,0,0
15548,0,0,0,0,0
15558,0,0,0,0,0
15568,0,0,0,0,0
15578,0,0,0,0,0
15588,0,0,0,0,0
15598,0,0,0,0,0
15608,0,0,0,0,0
15618,0,0,0,0,0
15628,0,0,0,0,0
15638,0,0,0,0,0
15648,0,0,0,0,0
15658,0,0,0,0,0
15668,0,0,0,0,0
15678,0,0,0,0,0
15688,0,0,0,0,0
15698,0,0,0,0,0
15708,0,0,0,0,0
15718,0,0,0,0,0
15728,0,0,0,0,0
15738,0,13312,-3016,0,-11845
15748,0,8192,-1856,0,-2735
15758,0,6144,-1392,0,-124
15768,0,7168,-1624,0,-2029
15778,0,7168,-1624,0,-1409
15788,0,7168,-1624,0,-1300
15798,0,3072,-696,0,2061
15808,0,0,0,0,3668
15818,0,4096,-928,0,2415
15828,0,4096,-928,0,-982
15838,0,8192,-1856,0,-3631
15848,0,3072,-696,0,653
15858,0,6144,-1392,0,-1612
15868,0,4096,-928,0,-82
15878,0,5120,-1160,0,-1606
15888,0,4096,-928,0,-1793
15898,0,6144,-1392,0,-2898
15908,0,9216,-1624,0,-2586
15918,0,8192,-1856,0,-3528
15928,0,9216,-2088,0,-3037
15938,0,8192,-1856,0,-2916
15948,0,-4096,928,0,7399
15958,0,11264,-2552,0,-2097
15968,0,-4096,928,0,7454
15978,0,12288,-2784,0,-3629
15988,0,3072,-696,0,-3908
15998,0,0,0,0,8370
16008,0,0,0,0,766
16018,0,5120,-1160,0,2580
16028,0,3072,-696,0,1014
16038,0,19456,-4408,0,-9961
16048,0,8192,-1856,0,-13076
16058,0,15360,-3480,0,-9932
16068,0,2048,-464,0,2094
16079,0,2048,-464,0,-8324
16089,0,7168,-1624,0,14691
16099,0,21504,-4872,0,-13370
16109,0,6144,-1392,0,-4152
16119,0,3072,-696,0,476
16129,0,35840,-8120,0,-26630
16139,0,40960,-9280,0,-27027
16149,0,24576,-5568,0,-13549
16159,0,23552,-5336,0,-18575
16169,0,-1024,232,0,5582
16179,0,3072,-696,0,2474
16189,0,-73728,15776,0,64538
16199,0,-36864,8352,0,22722
16209,0,7168,-1624,0,-12836
16219,0,29696,-6728,0,-24218
16229,0,19456,-4408,0,-7435
16239,0,-7168,5800,0,34354
16249,0,-20480,4640,0,19251
16259,0,21504,-4872,0,-22165
16269,0,-11264,2552,0,13811
16279,0,5120,-1160,0,-6888
16289,0,-20480,4408,0,15338
16299,0,0,0,0,-10584
16309,0,-68608,15544,0,35297
16319,0,-104448,23664,0,55408
16329,0,-60416,13688,0,689
16339,0,-103424,23432,0,35533
16349,0,-119808,27144,0,43420
16359,0,-158720,35960,0,59381
16369,0,-191488,43384,0,80183
16379,0,-134144,30392,0,20259
16389,0,-108544,24592,0,-3858
16399,0,-159744,36192,0,53273
16409,0,-164864,37352,0,64650
16419,0,-166912,37816,0,57153
16429,0,-160768,36424,0,50072
16439,0,-122880,27840,0,16960
16449,0,-65536,14848,0,-32553
16459,0,-48128,10904,0,-33404
16469,0,-13312,3016,0,-49258
16479,0,-120832,27376,0,48193
16489,0,-150528,34104,0,55892
16499,0,-259072,58696,0,137023
16509,0,-293888,66584,0,150422
16519,0,-267264,60552,0,111647
16529,0,-246784,55912,0,96357
16539,0,-180224,40832,0,61244
16549,0,-75776,17168,0,9042
16559,0,18432,-4176,0,-41808
16569,0,5120,-1160,0,-19905
16579,0,0,0,0,-19205
16589,0,-49152,11136,0,32439
16599,0,-84992,19256,0,60205
16609,0,-166912,37816,0,117275
16619,0,-224256,50808,0,144885
16629,0,-217088,49184,0,123658
16639,0,-110592,25056,0,29317
16649,0,-76800,17400,0,-40114
16659,0,-20480,4640,0,-13963
16669,6144,-22528,6496,1043,1916
16679,30720,-71680,23200,9045,59134
16689,46080,-123904,38512,6274,99382
16699,46080,-89088,30624,1574,69498
16709,101376,-36864,31320,8843,84448
16719,101376,13312,19952,2246,50320
16729,125952,7168,26912,4870,95529
16739,129024,64512,14616,1702,64001
16749,129024,47104,18560,402,96525
16759,138240,75776,14152,1586,75626
16769,138240,50176,19952,396,34482
16779,175104,124928,11368,8459,29011
16789,175104,140288,7888,2142,-82
16799,228352,97280,29696,18408,65670
16809,228352,80896,33408,4711,67082
16819,314368,119808,44080,14477,65889
16829,327680,162816,37352,5541,42027
16839,365568,202752,36888,10028,53747
16849,365568,262144,23432,2551,63228
16859,387072,320512,15080,3076,23941
16869,387072,398336,-2552,756,-13667
16879,401408,434176,-7424,2545,-23684
16889,401408,431104,-6728,628,-9583
16899,401408,447488,2320,134,39031
16909,401408,450560,-11136,0,-1268
16919,405504,468992,-14384,1196,184
16929,405504,471040,-14848,292,5095
16939,405504,404480,232,48,75734
16949,405504,339968,14848,0,135602
16959,443392,334848,24592,8062,157624
16969,443392,380928,14152,2038,112420
16979,509952,445440,14616,18878,93579
16989,536576,464896,16240,10839,92045
16999,536576,502784,7656,2764,73832
17009,536576,534528,464,732,61994
17019,569344,609280,-9048,6701,20087
17029,574464,684032,-24824,2386,-42774
17039,610304,712704,-23200,10528,-47821
17049,610304,645120,-7888,2673,11987
17059,801792,591872,47560,44836,140878
17069,801792,635904,37584,12292,68254
17079,947200,704512,54984,30407,83633
17089,974848,732160,54984,17694,101991
17099,984064,819200,37352,7220,76013
17109,984064,889856,21344,1831,74733
17119,993280,989184,928,1617,43446
17129,993280,985088,1856,415,76338
17139,993280,953344,9048,79,104549
17149,1062912,943104,27144,8850,91707
17159,1062912,993280,15776,2404,57081
17169,1042432,1095680,-12064,-3016,-43501
17179,1032192,1075200,-9744,-4242,-3591
17189,1032192,1106944,-16936,-1203,-7583
17199,1032192,1055744,-5336,-348,59836
17209,974848,1005568,-6960,-7428,87419
17219,939008,1032192,-21112,-10645,33507
17229,939008,999424,-13688,-2771,22162
17239,965632,970752,-1160,4504,42495
17249,965632,887808,17632,1116,81333
17259,993280,878592,25984,5139,106652
17269,1003520,879616,28072,4718,74369
17279,1003520,878592,28304,1190,75790
17289,1003520,889856,25752,292,73164
17299,1003520,862208,32016,48,104356
17309,912384,928768,-3712,-20771,4075
17319,855040,945152,-20416,-15198,-20544
17329,733184,939008,-46632,-42255,-82683
17339,665600,781312,-26216,-25355,31402
17349,584704,648192,-14384,-20344,87914
17359,549888,550912,-232,-9174,111895
17369,443392,515072,-16240,-25129,32436
17379,443392,500736,-12992,-6952,-1516
17389,384000,442368,-13224,-8466,-15578
17399,337920,372736,-7888,-12195,-5341
17409,196608,221184,-5568,-25013,58222
17420,141312,116736,5568,-12287,108048
17430,55296,81920,-6032,-21766,68825
17440,55296,63488,-1856,-5652,30322
17450,15360,17408,-464,-5677,7570
17460,15360,-84992,22736,-1594,54566
17470,12288,-181248,43848,-892,98849
17480,9216,-227328,53592,-1117,106771
17490,6144,-250880,58232,-892,109217
17500,0,-261120,59160,-1899,108506
17510,0,-207872,47096,-519,53967
17520,0,-146432,33176,-178,-447
17530,0,-140288,31784,-92,2557
17540,0,-201728,45704,-92,67399
17550,0,-282624,64032,-92,146288
17560,0,-317440,71920,-92,177281
17570,0,-237568,53824,-92,103598
17580,0,-208896,47328,-92,82242
17590,0,-198656,45008,-92,79506
17600,0,-162816,36888,-92,51852
17610,0,-130048,29464,-92,20489
17620,0,-79872,18096,-92,-21484
17630,0,-93184,21112,-92,3302
17640,0,-130048,29464,-92,51809
17650,0,-203776,46168,-92,130622
17660,0,-221184,50112,-92,149593
17670,0,-208896,47328,-92,141589
17680,0,-157696,35728,-92,93710
17690,0,-174080,39440,-92,109382
17700,0,-198656,45008,-92,122897
17710,0,-115712,26216,-92,37681
17720,0,-90112,20416,-92,12309
17730,0,-55296,12528,-92,-6302
17740,0,-111616,25288,-92,61984
17750,0,-113664,25752,-92,79359
17760,0,-109568,24824,-92,85601
17770,0,-78848,17864,-92,49693
17780,0,-128000,29000,-92,85348
17790,0,-209920,47560,-92,155351
17800,0,-262144,59392,-92,209666
17810,0,-222208,50344,-92,175607
17820,0,-118784,26912,-92,87674
17830,0,-59392,13456,-92,43842
17840,0,-47104,10672,-92,42060
17850,0,-104448,23664,-92,96067
17860,0,-122880,27840,-92,104719
17870,-4096,-123904,27144,-947,94044
17880,-4096,-77824,16704,-293,49809
17890,-4096,17408,-4872,-110,-27138
17900,-4096,35840,-9048,-92,-12749
17910,0,10240,-2320,561,8197
17920,-4096,-21504,3944,-324,48184
17930,-4096,-34816,6960,-129,67559
17940,-4096,-30720,6032,-92,71419
17950,-4096,-27648,5336,-92,65384
17960,-7168,-18432,2552,-690,108084
17970,-7168,-87040,18096,-214,111936
17980,-13312,-104448,20648,-1783,128528
17990,-13312,-44032,6960,-519,81526
18000,-50176,-7168,-9744,-14234,29030
18010,-80896,0,-18328,-11670,50744
18020,-80896,-95232,3248,-3248,105481
18030,-154624,-153600,-232,-17017,112216
18040,-154624,-148480,-1392,-4719,100195
18050,-244736,-163840,-18328,-18152,50974
18060,-244736,-254976,2320,-4725,123980
18070,-335872,-302080,-7656,-24933,145569
18080,-335872,-356352,4640,-6458,135197
18090,-402432,-385024,-3944,-10169,94242
18100,-402432,-486400,19024,-2662,145302
18110,-402432,-582656,40832,-763,186976
18120,-402432,-640000,53824,-239,193459
18130,-611328,-563200,-10904,-54200,-4431
18140,-611328,-612352,232,-14008,82416
18150,-643072,-674816,16240,-7435,167069
18160,-643072,-731136,19952,-2082,157132
18170,-666624,-748544,18560,-4725,124029
18180,-753664,-798720,10208,-30512,115031
18190,-781312,-874496,21112,-14612,149649
18200,-781312,-917504,30856,-3803,167914
18210,-832512,-907264,16936,-10804,106711
18220,-832512,-940032,24360,-2814,112033
18230,-847872,-1032192,41760,-3296,160624
18240,-856064,-1070080,48488,-1923,165307
18250,-847872,-1067008,49648,1336,140122
18260,-847872,-1041408,43848,317,109905
18270,-847872,-1076224,51736,61,152880
18280,-847872,-1103872,58000,0,186462
18290,-856064,-1046528,45936,-1288,143871
18300,-864256,-1019904,35264,-1288,113051
18310,-905216,-1067008,36656,-9101,138027
18320,-905216,-1071104,37584,-2533,141550
18330,-975872,-1095680,27144,-15143,117888
18340,-975872,-1132544,35496,-3937,139559
18350,-1004544,-1214464,47560,-5549,182248
18360,-1024000,-1303552,63336,-3638,236949
18370,-1013760,-1265664,57072,1074,185514
18380,-1013760,-1240064,51272,268,156468
18390,-1013760,-1248256,53128,-1716,168410
18400,-1013760,-1223680,47560,-477,156456
18410,-1004544,-1204224,45240,1171,153353
18420,-1013760,-1155072,32016,-696,116758
18430,-1013760,-1240064,51272,-226,204876
18440,-1013760,-1229824,48952,-92,191383
18450,-1024000,-1157120,30160,-2912,108696
18460,-1024000,-1156096,29928,-837,104997
18470,-1033216,-1166336,30160,-3766,104735
18480,-1043456,-1252352,47328,-3663,182034
18490,-1043456,-1243136,45240,-1038,182723
18500,-1106944,-1112064,1160,-8930,43207
18510,-1106944,-1116160,2088,-2491,59492
18520,-1174528,-1159168,-3480,-13361,67159
18530,-1162240,-1191936,6728,-1813,90596
18540,-1174528,-1242112,15312,-3937,99454
18550,-1174528,-1218560,9976,-1050,61376
18560,-1150976,-1219584,15544,5297,68386
18570,-1139712,-1225728,19488,4339,80764
18580,-1150976,-1204224,12064,-1032,63497
18590,-1150976,-1156096,1160,-306,26707
18600,-1174528,-1140736,-7656,-6226,9651
18610,-1271808,-1144832,-28768,-18757,-9321
18620,-1529856,-1183744,-78416,-67273,-86127
18630,-1529856,-1295360,-53128,-17389,35849
18640,-1717248,-1401856,-59856,-37476,48042
18650,-1810432,-1573888,-53592,-22211,54617
18661,-1810432,-1762304,-10904,-5762,128334
18671,-1810432,-1911808,22968,-1618,161809
18681,-1849344,-2070528,50112,-1148,209623
18691,-1849344,-2145280,67048,-330,222550
18701,-1869824,-2135040,60088,-3724,187026
18711,-1810432,-2048000,53824,18914,139353
18721,-1810432,-1970176,36192,4833,34831
18731,-1810432,-1944576,30392,1281,50409
18741,-1698816,-1977344,63104,13623,130083
18751,-1698816,-1999872,68208,3710,153042
18761,-1514496,-1929216,93960,31311,176999
18771,-1162240,-1804288,145464,118762,268155
18781,-1106944,-1673216,128296,45220,148229
18791,-1106944,-1550336,100456,11621,104250
18801,-734208,-1359872,141752,47656,177848
18811,-734208,-1091584,80968,12261,51012
18821,-515072,-893952,85840,36987,102051
18831,-402432,-813056,93032,45544,197072
18841,-380928,-676864,67048,16296,163300
18851,-380928,-551936,38744,4162,114167
18861,-328704,-465920,31088,7794,138436
18871,-312320,-433152,27376,5474,154296
18881,-309248,-376832,15312,1953,126351
18891,-289792,-370688,18328,2655,145727
18901,-182272,-296960,25984,23596,140951
18911,-182272,-273408,20648,6457,131154
18921,-44032,-211968,38048,42370,175031
18931,-44032,-153600,24824,11614,127837
18941,-44032,-57344,3016,2960,68882
18951,0,12288,-17632,6048,-542
18961,0,133120,-30160,1629,-14815
18971,0,160768,-36424,390,-2848
18981,0,194560,-44080,79,-7969
18991,0,222208,-50344,0,-16322
19001,0,201728,-45704,0,9736
19011,0,188416,-42688,0,13833
19021,0,96256,-21808,0,86381
19031,0,35840,-8120,0,118532
19041,0,30720,-6960,0,103126
19051,0,65536,-14848,0,58229
19061,0,173056,-39208,0,-42611
19071,0,178176,-40368,0,-45700
19081,0,83968,-19024,0,43985
19091,0,86016,-19488,0,39930
19101,0,136192,-30856,0,-14803
19111,0,177152,-40136,0,-60052
19121,0,49152,-11136,0,51565
19131,0,8192,-1856,0,75579
19141,0,134144,-30392,0,-56592
19151,0,92160,-20880,0,-22457
19161,0,-33792,7656,0,89819
19171,0,52224,-11832,0,-4094
19181,0,125952,-28536,0,-75694
19191,0,-27648,6264,0,71321
19201,0,8192,-1856,0,34048
19211,0,66560,-15080,0,-18350
19221,0,15360,-3480,0,39257
19231,0,-5120,1160,0,54636
19241,0,2048,-464,0,43738
19251,0,16384,-3712,0,25476
19261,0,19456,-4408,0,35320
19271,0,30720,-6960,0,-4945
19281,0,55296,-12528,0,-33968
19291,0,46080,-10440,0,-19605
19301,0,27648,-6264,0,6136
19311,0,61440,-13920,0,-22599
19321,0,54272,-12296,0,-14419
19331,0,-8192,1856,0,44655
19341,0,-32768,7424,0,58607
19351,0,71680,-16240,0,-48485
19361,0,25600,-5800,0,-8677
19371,0,-36864,8352,0,42005
19381,0,17408,-3944,0,-12047
19391,0,86016,-19488,0,-65329
19401,0,-43008,9744,0,65287
19411,3072,-3072,1392,451,30886
19421,39936,103424,-14384,10943,-50520
19431,76800,56320,4640,10168,11922
19441,76800,21504,12528,2764,45702
19451,196608,121856,16936,13256,6812
19461,196608,237568,-9280,3387,-73809
19471,196608,293888,-22040,909,-87245
19481,196608,296960,-22736,201,-46652
19491,196608,267264,-16008,18,-809
19501,196608,286720,-20416,0,-17044
19511,974848,264192,161008,201550,381855
19521,1452032,332800,253576,150872,396935
19531,1992704,791552,272136,189031,278513
19541,1992704,1326080,151032,48718,-55221
19551,3040256,1845248,270744,209851,201811
19561,3737600,2368512,310184,303466,341209
19571,4075520,2885632,269584,165734,171817
19581,4075520,3369984,159848,45550,-38385
19591,4588544,3859456,165184,88360,30940
19601,4588544,4231168,80968,24273,-59909
19611,4588544,4476928,25288,6225,-32560
19621,4588544,4731904,-32480,1562,-89198
19631,4637696,4800512,-36888,13122,-30132
19641,4637696,4843520,-46632,3350,-35606
19651,4637696,4797440,-36192,823,22168
19661,4490240,4757504,-60552,-35615,-13070
19671,4255744,4858880,-136648,-50458,-188959
19681,4075520,4937728,-195344,-36860,-310063
19691,3778560,4672512,-202536,-81635,-216514
19701,3697664,4385792,-155904,-34424,-32951
19711,3737600,4317184,-131312,3887,-61543
19721,3737600,4133888,-89784,970,-35115
19731,3246080,3928064,-154512,-80817,-157653
19741,2942976,3833856,-201840,-58448,-210942
19751,2942976,3590144,-146624,-15107,-72747
19761,1577984,3411968,-415512,-228943,-598138
19771,1577984,2857984,-290000,-59070,-143889
19781,1577984,2532352,-216224,-16279,-135463
19791,1577984,1917952,-77024,-4230,127349
19801,369664,1651712,-290464,-136365,-311765
19811,369664,1466368,-248472,-37543,-272352
19821,369664,902144,-120640,-9711,30257
19831,-4096,677888,-154512,-112671,-207117
19841,-4096,504832,-115304,-31031,-142189
19851,-4096,320512,-73544,-8045,-83962
19861,0,186368,-42224,-1679,-59619
19871,0,75776,-17168,-489,-45182
19881,0,162816,-36888,-165,-195833
19891,0,-88064,19952,-92,410
19901,0,-166912,37816,-92,31663
19911,0,-97280,22040,-92,-79756
19921,0,-73728,16704,-92,-124015
19931,0,-172032,38976,-92,-43615
19941,0,-273408,61944,-92,35587
19951,0,-228352,51736,-92,-17279
19961,0,-212992,48256,-92,-32751
19972,0,-222208,50344,-92,-14825
19982,0,-222208,50344,-92,-1761
19992,0,-191488,43384,-92,-16401
20002,0,-229376,51968,-92,32246
20012,0,-202752,45936,-92,12745
20022,0,-150528,34104,-92,-34354
20032,0,-126976,36888,-92,-8034
20042,0,-246784,55912,-92,85683
20052,0,-207872,47096,-92,61469
20062,0,-86016,19488,-92,-35063
20072,0,-3072,696,-92,-86306
20082,0,-24576,5568,-92,11419
20092,12288,-105472,26680,1501,50754
20102,12288,-128000,31784,360,82736
20112,12288,-43008,12528,73,11575
20122,12288,60416,-10904,0,-69938
20132,291840,7168,64496,67864,125516
20142,291840,-9216,68208,18627,98265
20152,439296,67584,84216,54205,122272
20162,462848,220160,54984,20599,9969
20172,659456,246784,93496,39843,120017
20182,1084416,370688,161704,80535,219886
20192,1422336,502784,208336,104168,307648
20202,1513472,841728,152192,41851,94674
20212,1790976,1143808,146624,97985,115585
20222,1809408,1415168,89320,31115,-22002
20232,1809408,1693696,26216,7983,-131225
20242,1809408,1773568,8120,2166,-78571
20252,1561600,1841152,-63336,-55878,-163082
20262,1481728,1765376,-64264,-26789,-44324
20272,1481728,1597440,-26216,-7404,99466
20282,846848,1555456,-160544,-146460,-248134
20292,846848,1354752,-115072,-40320,-76533
20302,358400,996352,-144536,-72358,-66700
20312,172032,685056,-116232,-58472,-32665
20322,86016,345088,-58696,-30298,70018
20332,46080,19456,6032,-12317,165037
20342,-4096,-161792,32944,-13917,140086
20352,-4096,-153600,33872,-3864,52079
20362,0,-146432,33176,-574,4510
20372,0,-254976,57768,-190,98170
20382,0,-252928,57304,-92,84198
20392,0,-112640,25520,-92,-39022
20402,0,-168960,38280,-92,25476
20412,0,-220160,49880,-92,76913
20422,0,-250880,56840,-92,97933
20432,0,-241664,54752,-92,75352
20442,0,-210944,47792,-92,33820
20452,0,-288768,65424,-92,106097
20462,0,-309248,70064,-92,124719
20472,0,-237568,53824,-92,61825
20482,0,-152576,34568,-92,-8992
20492,0,-196608,44544,-92,53046
20502,0,-215040,54288,-92,106420
20512,0,-228352,51736,-92,104004
20522,-4096,-232448,51736,-837,96732
20532,-7168,-175104,34800,-1349,27037
20542,-7168,-222208,48720,-409,88528
20552,-34816,-275456,54520,-5317,125327
20562,-74752,-211968,31088,-6922,9607
20572,-166912,-184320,3944,-25684,-4589
20582,-166912,-228352,13920,-6659,47765
20592,-267264,-337920,16008,-37757,71898
20602,-267264,-398336,29696,-9772,121744
20612,-267264,-441344,39440,-2564,31893
20622,-346112,-373760,6264,-28937,-9241
20632,-346112,-493568,33408,-7502,104852
20642,-346112,-532480,42224,-2100,80382
20652,-417792,-478208,13688,-12903,29766
20662,-413696,-473088,13456,-2363,19150
20672,-413696,-484352,16008,-690,16073
20682,-424960,-540672,26216,-3992,50155
20692,-424960,-645120,49880,-1069,130712
20702,-489472,-598016,24592,-11677,41026
20712,-585728,-582656,-696,-35322,-24749
20722,-585728,-660480,16936,-9144,59495
20732,-585728,-726016,31784,-2558,107526
20742,-654336,-840704,42224,-8887,164680
20752,-734208,-813056,17864,-20508,81166
20762,-788480,-752640,-8120,-14618,-1004
20772,-847872,-922624,16936,-10456,120725
20782,-1043456,-984064,-13456,-44465,58804
20792,-1074176,-1051648,-5104,-17328,94705
20802,-1379328,-1155072,-50808,-58307,1439
20812,-1379328,-1163264,-48952,-16065,-35413
20822,-1379328,-1367040,-2784,-4181,78196
20832,-1646592,-1648640,464,-31031,150436
20842,-1646592,-1691648,10208,-8576,115448
20852,-1849344,-1775616,-16704,-33576,27580
20862,-1909760,-1942528,7424,-26496,83977
20872,-1909760,-2042880,30160,-7325,112195
20882,-1909760,-2230272,72616,-1923,215851
20892,-1909760,-2286592,85376,-538,206080
20902,-1909760,-2205696,67048,-184,99583
20912,-2318336,-2181120,-31088,-82544,-108176
20922,-2818048,-2244608,-129920,-169990,-271084
20932,-2818048,-2432000,-87464,-43860,-49575
20942,-2818048,-2735104,-15312,-11335,118086
20952,-2818048,-3067904,56608,-3144,232750
20962,-4589568,-3238912,-306008,-355256,-549956
20972,-4589568,-3529728,-240120,-97754,-127950
20982,-4444160,-4175872,-60784,-1923,211573
20992,-4348928,-4751360,91176,17333,416820
21002,-3946496,-5000192,238728,158251,609731
21012,-3946496,-4867072,208568,40771,242042
21022,-3989504,-4704256,161936,2404,108615
21032,-3989504,-4397056,92336,628,-36145
21042,-3820544,-4222976,91176,43890,43429
21052,-3820544,-4171776,79576,12048,45507
21062,-3281920,-4071424,178872,76232,193924
21072,-2612224,-4058112,327584,193066,511346
21082,-2420736,-3698688,289536,88989,230367
21092,-1611776,-3345408,392776,312231,544107
21102,-1611776,-2828288,275616,80474,140255
21112,-1611776,-2428928,185136,22106,25890
21122,-760832,-2014208,283968,114025,255168
21132,-760832,-1584128,186528,29370,72123
21142,-643072,-1291264,146856,28747,100238
21152,-621568,-972800,79576,11181,23880
21162,-621568,-817152,44312,3033,53416
21172,-601088,-713728,25520,4351,47904
21183,-565248,-608256,9744,11999,28614
21193,-497664,-632832,30624,19677,105835
21203,-497664,-519168,4872,5041,9487
21213,-497664,-533504,16008,1269,92924
21223,-497664,-510976,3016,317,68931
21233,-83968,-505856,95584,68243,267244
21243,-7168,-414720,92336,44494,228459
21253,-4096,-210944,46864,12145,103867
21263,-4096,-83968,18096,3100,98530
21273,0,110592,-25056,1312,20401
21283,0,136192,-30856,311,66492
21293,0,225280,-51040,61,12703
21303,0,261120,-59160,0,-15779
21313,0,248832,-56376,0,-14842
21323,0,228352,-51736,0,-13445
21333,0,58368,-13224,0,126954
21343,0,88064,-19952,0,72011
21353,0,95232,-21576,0,53333
21363,0,132096,-29928,0,5545
21373,0,167936,-38048,0,-31430
21383,0,70656,-16008,0,59387
21393,0,16384,-3712,0,99068
21403,0,130048,-29464,0,-11158
21413,0,136192,-16936,0,44746
21423,0,101376,-22968,0,16966
21433,0,90112,-20416,0,28618
21443,0,34816,-7888,0,71125
21453,6144,93184,-19720,1684,3123
21463,6144,51200,-10208,396,34791
21473,122880,-30720,34800,44610,172351
21483,122880,12288,25056,11462,84142
21493,311296,160768,34104,38269,28544
21503,311296,146432,37352,10485,50367
21513,462848,189440,61944,41918,123914
21523,589824,268288,72848,36901,135346
21533,1184768,421888,172840,236437,398624
21543,1594368,577536,230376,167022,377341
21553,1594368,793600,181424,45910,202288
21563,2611200,1275904,302528,149920,316901
21573,2611200,1836032,171216,38623,504
21583,3861504,2398208,331528,245098,347899
21593,4395008,3043328,306240,131103,167346
21603,4395008,3672064,163792,36041,-104297
21613,5737472,4288512,328280,261047,344101
21623,5984256,4846592,257752,150024,196341
21633,5984256,5417984,128296,41223,-33768
21643,5984256,5852160,29928,10601,-73814
21653,5984256,6157312,-39208,-10505,-87633
21663,5984256,6270976,-64960,-2924,-4250
21673,6372352,6372352,0,67456,132314
21683,6713344,6426624,64960,140466,266907
21693,6782976,6469632,70992,53100,210216
21703,6782976,6567936,48720,13653,121652
21713,6854656,6868992,-3248,27746,43494
21723,6854656,7153664,-67744,7128,-98552
21733,6643712,7204864,-127136,-35163,-138042
21743,5859328,7065600,-273296,-102747,-247840
21753,4395008,6807552,-546592,-383832,-768041
21763,4395008,6308864,-433608,-99018,-300669
21773,2942976,5362688,-548216,-481971,-616737
21783,2756608,4544512,-405072,-177851,-142471
21793,2756608,3726336,-219704,-45893,141482
21803,1406976,3123200,-388832,-251447,-351358
21813,1406976,2412544,-227824,-69196,33888
21823,1003520,1908736,-205088,-84382,-62853
21833,579584,1434624,-193720,-69239,-94651
21843,321536,951296,-142680,-77820,-53277
21853,269312,592896,-73312,-28168,8840
21863,269312,164864,23664,-7300,171603
21873,269312,13312,58000,-2045,136019
21883,-7168,-45056,8584,-43293,-39760
21893,-7168,-154624,33408,-11939,7974
21903,-10240,-301056,65888,-3766,74227
21913,-47104,-386048,76792,-6702,66921
21923,-148480,-460800,70760,-31757,30890
21933,-212992,-484352,61480,-21979,5110
21943,-335872,-548864,48256,-25068,-18492
21953,-399360,-665600,60320,-13605,68531
21963,-463872,-806912,77720,-16456,131391
21973,-463872,-833536,83752,-4554,118095
21983,-575488,-746496,38744,-34101,-57895
21993,-575488,-834560,58696,-9424,38273
22003,-649216,-924672,62408,-13141,87945
22013,-654336,-927744,61944,-3956,75015
22023,-753664,-951296,44776,-22321,35405
22033,-768000,-937984,38512,-7868,17969
22043,-864256,-1006592,32248,-30567,28062
22053,-897024,-1143808,55912,-14466,141994
22063,-913408,-1058816,29000,-6135,21669
22073,-913408,-1130496,49184,-1722,87152
22083,-1033216,-1240064,46864,-24451,103472
22093,-1043456,-1200128,35496,-8240,49999
22103,-1043456,-1304576,59160,-2155,131893
22113,-1095680,-1336320,54520,-10389,112209
22123,-1233920,-1366016,29928,-39881,56854
22133,-1233920,-1414144,40832,-10322,103929
22143,-1437696,-1494016,12760,-43647,63998
22153,-1529856,-1593344,14384,-23804,106153
22163,-1698816,-1649664,-11136,-49939,27216
22173,-1849344,-1817600,-7192,-43885,75986
22183,-1849344,-1894400,10208,-11347,87651
22193,-1849344,-1971200,27608,-2955,63744
22203,-2420736,-2072576,-78880,-108014,-125989
22213,-2698240,-2179072,-117624,-63227,-147204
22223,-3618816,-2427904,-269816,-255848,-448141
22233,-4210688,-2937856,-288376,-177033,-251964
22243,-4638720,-3682304,-216688,-189203,-25932
22253,-5052416,-4267008,-177944,-159217,10398
22263,-5052416,-4737024,-71456,-41102,134068
22273,-5500928,-5271552,-51968,-67750,131582
22283,-5442560,-5559296,26448,-4487,207950
22293,-5442560,-5797888,80504,-1203,226856
22303,-5442560,-5827584,87232,-348,147756
22313,-5385216,-5800960,94192,13793,113442
22323,-5442560,-5816320,84680,-5927,93915
22333,-5559296,-5834752,62408,-16529,47022
22343,-5559296,-5684224,28304,-4303,-57096
22353,-5559296,-5821440,59392,-1136,73228
22363,-5559296,-5886976,74240,-348,106314
22373,-6855680,-5870592,-223184,-295221,-538123
22383,-6855680,-6127616,-164952,-76160,-144359
22393,-6714368,-6610944,-23432,9466,229557
22403,-6373376,-6885376,116000,80029,367011
22413,-6112256,-7154688,236176,60955,451605
22423,-3698688,-6898688,725000,775366,1434631
22433,-3698688,-6381568,607840,199902,564412
22443,-3698688,-5338112,371432,54943,-60159
22453,-1351680,-4167680,638000,276812,310688
22463,-585728,-2983936,543344,234802,159786
22473,-489472,-1894400,318304,79418,-174981
22483,-77824,-1085440,228288,141741,-31877
22493,-13312,-629760,139664,53643,-47485
22503,-13312,-460800,101384,13800,52488
22513,6144,-406528,93728,5566,144596
22523,18432,-200704,49648,4119,38365
22534,58368,-195584,57536,7208,126895
22544,58368,-30720,20184,1831,43274
22554,205824,91136,25984,31939,75170
22564,205824,197632,1856,8203,34945
22574,205824,337920,-29928,2087,-25449
22584,205824,421888,-48952,549,-41828
22594,205824,362496,-35496,109,53808
22604,439296,425984,3016,68792,125138
22614,455680,414720,9280,20977,103085
22624,455680,533504,-17632,5383,1246
22634,564224,647168,-18792,31433,1934
22644,564224,605184,-9280,8068,81257
22654,855040,831488,5336,44329,28244
22664,855040,808960,10440,11401,95905
22674,1753088,1074176,153816,171350,292444
22684,1753088,1301504,102312,47100,88500
22694,2847744,1611776,280024,295617,509940
22704,2879488,2038784,190472,82147,176775
22714,3737600,2692096,235944,218853,243343
22724,3737600,3160064,130848,60162,21344
22734,3737600,3557376,40832,15478,-24766
22744,4789248,4004864,177712,137878,216129
22754,4789248,4344832,100688,37896,65190
22764,4789248,4673536,26216,9741,-7718
22774,4789248,4891648,-22272,2478,10370
22784,6925312,5207040,389296,519299,870293
22794,6925312,5445632,335240,133880,451153
22804,7144448,6209536,211816,80017,63132
22814,7144448,6994944,33872,20599,-270398
22824,7070720,7579648,-115304,-6867,-400880
22834,7070720,7645184,-130152,-1807,-182178
22844,7070720,7417856,-78648,-538,79806
22854,7070720,7354368,-64264,-178,63649
22864,7070720,7229440,-35960,-92,92463
22874,7070720,7331840,-59160,-92,-30370
22884,7070720,7392256,-72848,-92,-47278
22894,6925312,7472128,-123888,-17420,-116534
22904,6854656,7608320,-170752,-20600,-233304
22914,6854656,7490560,-144072,-5347,-121921
22924,6854656,7403520,-124352,-1508,-84094
22934,6854656,7235584,-86304,-428,5974
22944,3074048,7220224,-939368,-584424,-1499537
22954,3074048,6273024,-724768,-160773,-441369
22964,1310720,5203968,-882064,-417786,-729372
22974,965632,3569664,-589976,-168281,139092
22984,331776,2344960,-456112,-230219,169389
22994,285696,1854464,-355424,-68616,36735
23004,285696,1506304,-276544,-18909,-37423
23014,9216,1267712,-285128,-38581,-219211
23024,9216,1088512,-244528,-9980,-193761
23034,0,671744,-152192,-4120,-83309
23044,0,458752,-103936,-1099,-109088
23054,0,-36864,8352,-342,144573
23064,0,-23552,5336,-129,-69108
23074,0,-297984,81432,-92,110138
23084,0,-430080,97440,-92,84592
23094,0,-401408,90944,-92,9565
23104,-4096,-413696,92800,-1209,3737
23114,-4096,-483328,108576,-348,54984
23124,-10240,-517120,114840,-2472,81663
23134,-10240,-472064,104632,-721,38392
23144,-10240,-518144,115072,-226,113129
23154,-99328,-483328,76328,-12195,39106
23164,-99328,-362496,59624,-3394,8236
23174,-173056,-361472,42688,-14740,20166
23184,-260096,-397312,31088,-37299,21768
23194,-279552,-354304,16936,-14686,5223
23204,-279552,-345088,14848,-3815,9074
23214,-440320,-504832,14616,-36097,54247
23224,-480256,-580608,22736,-19684,77452
23234,-515072,-642048,28768,-11237,58498
23244,-537600,-762880,51040,-6189,107960
23254,-643072,-806912,37120,-27240,66286
23264,-643072,-724992,18560,-7062,-11063
23274,-1033216,-769024,-59856,-141504,-188203
23284,-1074176,-858112,-48952,-46473,-38423
23294,-1074176,-1030144,-9976,-12812,74517
23304,-1074176,-1197056,27840,-3333,118111
23314,-1074176,-1301504,51504,-892,99046
23324,-1408000,-1457152,11136,-58979,33634
23334,-1408000,-1477632,15776,-15247,41113
23344,-1482752,-1486848,928,-20978,-25426
23354,-1482752,-1718272,53360,-5805,156570
23364,-1595392,-1712128,26448,-14979,53326
23374,-1595392,-1684480,24360,-3901,8057
23384,-1909760,-1960960,11600,-52924,93427
23394,-1993728,-1885184,-24592,-23700,-37875
23404,-2080768,-1978368,-23200,-26368,-46017
23414,-2125824,-2343936,49416,-14258,205846
23424,-2394112,-2323456,-36888,-88038,-148421
23434,-2394112,-2410496,3712,-24250,12640
23444,-2394112,-2680832,64960,-6287,208865
23454,-2788352,-2617344,-38744,-125684,-144646
23464,-2788352,-2742272,-10440,-32441,2329
23474,-2788352,-2890752,23200,-8405,82162
23484,-3738624,-3052544,-155440,-301032,-363342
23494,-3738624,-3173376,-128064,-77656,-129011
23504,-3738624,-3483648,-49184,-20051,79734
23514,-4491264,-3937280,-125512,-89783,-2660
23524,-4999168,-4230144,-174232,-131568,-169099
23534,-5272576,-4834304,-99296,-78473,107124
23544,-5216256,-5110784,-23896,-3681,114459
23554,-5216256,-5485568,61016,-989,291997
23564,-5216256,-5738496,118320,-312,262410
23574,-4688896,-5606400,207872,55218,257435
23584,-4688896,-5362688,152656,15155,55380
23594,-4688896,-5134336,100920,3869,-21097
23604,-4688896,-5027840,76792,970,22024
23614,-4688896,-5033984,78184,238,105822
23624,-3465216,-5069824,363544,466827,895449
23634,-3862528,-4922368,240120,10583,227889
23644,-4444160,-4614144,38512,-113483,-135296
23654,-4638720,-4436992,-45704,-57496,-191149
23664,-5106688,-4525056,-131776,-136066,-225485
23674,-5106688,-4805632,-68208,-37458,44864
23684,-5106688,-5029888,-17400,-9699,70241
23694,-5106688,-5354496,56144,-2698,180015
23705,-5106688,-5637120,120176,-733,278509
23715,-4165632,-5512192,305080,127606,453183
23725,-4165632,-5183488,230608,35064,158581
23735,-1754112,-4745216,677672,461315,958752
23745,-666624,-3948544,743560,507843,829995
23755,-666624,-2870272,499264,139654,150847
23765,-666624,-1720320,238728,35980,-261359
23775,-80896,-983040,204392,110552,-92243
23785,-80896,-560128,108576,28472,-90232
23795,0,-460800,104400,22979,89161
23805,33792,-356352,88392,16619,126636
23815,64512,-303104,83288,11706,157438
23825,64512,-297984,82128,3186,204093
23835,331776,-67584,90480,62414,175653
23845,331776,118784,48256,16058,44026
23855,331776,187392,32712,4107,75890
23865,993280,418816,130152,149847,272970
23875,993280,578560,93960,38610,140807
23885,1610752,832512,176320,119158,278389
23895,1610752,1290240,72616,30688,-14777
23905,2817024,1631232,268656,282458,453506
23915,2817024,2008064,183280,77661,157942
23925,4892672,2625536,513648,364801,683422
23935,4892672,3482624,319464,94036,12906
23945,6854656,4617216,506920,349267,413030
23955,8246272,5736448,568632,423400,514893
23965,8674304,6833152,417136,213861,161120
23975,8674304,7971840,159152,55114,-231575
23985,8941568,8683520,58464,92932,-96606
23995,8941568,9057280,-26216,25531,-81553
24005,8762368,9155584,-89088,-21149,-46068
24015,8587264,9125888,-122032,-25086,10520
24025,6305792,9096192,-632200,-493812,-1010603
24035,6305792,8650752,-531280,-127375,-443110
24045,2787328,7636992,-1098752,-1141010,-1761719
24055,1716224,6258688,-1029152,-522846,-748089
24065,1716224,4487168,-627792,-134858,257452
24075,466944,2856960,-541488,-176960,246054
24085,466944,1412096,-214136,-45667,533417
24095,466944,871424,-91640,-152442,109131
24105,18432,663552,-146160,-65503,-110408
24115,18432,793600,-175624,-16913,-301992
24125,18432,578560,-126904,-4676,-44526
24135,9216,506880,-112752,-2204,-160029
24145,9216,153600,-32712,-605,39058
24155,6144,-48128,12296,-647,73672
24165,0,-102400,23200,-1374,-23832
24175,-4096,-250880,55912,-1148,41900
24185,-4096,-297984,66584,-348,51796
24195,-4096,-162816,35960,-129,-81715
24205,-4096,-228352,59624,-92,27301
24215,-4096,-291840,65192,-92,54285
24225,-4096,-110592,24128,-92,-106709
24235,-4096,-260096,58000,-92,55153
24245,-4096,-217088,48256,-92,18913
24255,-4096,-144384,31784,-92,-22379
24265,-4096,-172032,38048,-92,20834
24275,-4096,-185344,41064,-92,52717
24285,-4096,-103424,22504,-92,-11447
24295,-4096,-94208,20416,-92,538
24305,-4096,-73728,15776,-92,-1819
24315,-4096,-55296,11600,-92,2684
24325,-4096,71680,-17168,-92,-88984
24335,0,-141312,32016,457,116327
24345,0,19456,-4408,91,-51313
24355,0,-23552,5336,0,-6159
24365,0,-190464,43152,0,138153
24375,0,-6144,1392,0,-46591
24385,0,-23552,5336,0,-9667
24395,394240,19456,84912,47033,94607
24405,2974720,33792,666304,639459,1302462
24415,3737600,609280,708760,290618,761536
24425,5984256,1906688,923824,343121,674983
24435,5984256,3768320,502048,94335,-303255
24445,5984256,5310464,152656,24285,-584629
24455,6854656,6151168,159384,110552,-196525
24465,6854656,6359040,112288,28472,16702
24475,6854656,6416384,99296,7312,117738
24485,6854656,6463488,88624,1971,138116
24495,6854656,6422528,97904,476,178472
24505,3353600,6545408,-723144,-540980,-1271193
24515,2697216,5909504,-727784,-312256,-742334
24525,2341888,4518912,-493232,-156379,-7556
24535,1848320,3160064,-297192,-116639,264287
24545,1232896,2364416,-256360,-213471,-79312
24555,839680,1494016,-148248,-138990,93933
24565,839680,1421312,-131776,-38270,-101317
24575,409600,952320,-122960,-65711,-14014
24585,409600,910336,-113448,-16987,-132253
24595,159744,611328,-102312,-43317,-95849
24605,113664,168960,-12528,-16047,126749
24615,0,153600,-34800,-26911,-37140
24625,0,-316416,71688,-7435,213889
24635,-4096,-243712,54288,-2381,17658
24645,-4096,-379904,85144,-690,87913
24655,-4096,-428032,96048,-214,103770
24665,-4096,-430080,82360,-92,43048
24675,-4096,-358400,80272,-92,57295
24685,-4096,-307200,68672,-92,33730
24695,-4096,-411648,92336,-92,170239
24705,-4096,-304128,67976,-92,64661
24715,-7168,-273408,60320,-483,50996
24725,-145408,-396288,56840,-38361,135046
24735,-145408,-281600,30856,-9919,23512
24745,-774144,-245760,-119712,-227436,-366057
24755,-774144,-408576,-82824,-62598,-68773
24765,-774144,-585728,-42688,-16181,42076
24775,-7999488,-856064,-1618432,-985914,-2455296
24785,-7999488,-2467840,-1253264,-254267,-804104
24795,-17213440,-4910080,-2787480,-1793787,-3464400
24805,-17213440,-8302592,-2018864,-462598,-835294
24815,-17213440,-12066816,-1166032,-127271,655177
24825,-17213440,-15067136,-486272,-32850,1050584
24835,-17213440,-16811008,-91176,-9070,899459
24845,-17213440,-17253376,9048,-2381,319854
24855,-17213440,-16913408,-74704,-647,-242154
24865,-11234304,-16489472,1190624,761175,1756967
24876,-11234304,-15166464,890880,196246,487960
24886,-2420736,-13392896,2485880,1603717,3219466
24896,-2420736,-10607616,1854840,413513,882329
24906,-585728,-7406592,1545352,552154,485556
24916,-585728,-4632576,916864,151837,-442472
24926,-10240,-2610176,589048,131030,-349987
24936,0,-1582080,358440,38494,-178889
24946,0,-1265664,286752,9887,184091
24956,0,-1163264,263552,2508,346353
24966,0,-1002496,227128,646,281662
24976,0,-832512,188616,134,225006
24986,30720,-574464,144304,3668,204084
24996,30720,-190464,50112,976,20939
25006,409600,48128,81896,62677,155390
25016,409600,261120,33640,16131,104831
25026,2582528,495616,472816,499035,1021215
25036,2582528,935936,373056,128649,466398
25046,15838208,1925120,3152184,1897570,4662561
25056,15690752,4263936,2588888,488342,2140356
25066,15838208,7852032,1809368,148681,423794
25076,15838208,11528192,976488,40863,-820176
25086,15838208,14166016,378856,10504,-1227974
25096,15545344,15259648,64728,-42573,-854103
25106,9784320,14967808,-1174384,-1602552,-2718326
25116,6854656,13907968,-1598016,-999396,-2009855
25126,3617792,11374592,-1757400,-743903,-1168029
25136,2847744,7900160,-1144688,-272651,565705
25146,594944,4909056,-977416,-525733,540854
25156,321536,3009536,-609000,-239905,610706
25166,86016,1988608,-431056,-126960,363017
25176,39936,1758208,-389296,-44172,-40986
25186,39936,1870848,-414816,-11420,-416167
25196,0,1679360,-380480,-14216,-379505
25206,0,1177600,-266800,-3699,-103826
25216,0,753664,-170752,-995,-22090
25226,0,250880,-56840,-293,105464
25236,0,-150528,34104,-116,200662
25246,0,-122880,27840,-92,505
25256,0,-125952,28536,-92,-74788
25266,0,-245760,55680,-92,872
25276,9216,-324608,75632,3204,34360
25286,9216,-401408,93032,799,28061
25296,55296,-404480,104168,8282,34321
25306,76800,-414720,111360,4833,42681
25316,101376,-502784,136880,7171,138110
25326,101376,-321536,95816,1940,-9754
25336,101376,-339968,99992,463,50539
25346,101376,-295936,90016,85,56372
25356,101376,-208896,70296,0,12735
25366,101376,-250880,79808,0,102597
25376,0,-13312,3016,-23090,-129059
25386,-4096,-46080,9512,-7068,-44400
25396,-31744,-94208,14152,-9345,3374
25406,-31744,-148480,26448,-2594,42898
25416,-309248,-185344,-28072,-46442,-53037
25426,-409600,-238592,-38744,-23249,-50905
25436,-1629184,-274432,-306936,-284040,-617707
25446,-1629184,-835584,-179800,-73279,-10872
25456,-17213440,-1175552,-3633584,-4918653,-8338920
25466,-17213440,-1982464,-3450768,-1268396,-4286166
25476,-17213440,-4085760,-2974240,-327106,-2239326
25486,-17213440,-7257088,-2255736,-84382,-682025
25496,-17213440,-11315200,-1336320,-23249,505384
25506,-17213440,-14299136,-660272,-6031,809186
25516,-17213440,-16023552,-269584,-1594,562974
25526,-17213440,-16515072,-158224,-477,48201
25536,-17213440,-16710656,-113912,-165,-147376
25546,-17213440,-16643072,-129224,-92,-311585
25556,-17213440,-16867328,-78416,-92,-202869
25566,-6644736,-17154048,2835504,2296435,5242369
25576,-4638720,-16513024,2690272,631622,3037061
25586,-561152,-13999104,3044536,978625,2907396
25596,-561152,-10428416,2235552,269158,725262
25606,12288,-6533120,1482944,227789,-216097
25616,12288,-3485696,792512,58703,-714015
25626,-4096,-1748992,395328,13732,-562096
25636,0,-903168,204624,4644,-224453
25646,0,-906240,205320,1239,220090
25656,0,-1106944,250792,286,500954
25666,369664,-1065984,309256,95782,583712
25676,816128,-648192,331760,115631,499445
25686,8246272,166912,1830480,1622045,3227074
25696,8246272,1865728,1445592,446130,1187892
25706,15985664,4566016,2587264,1566625,3009918
25716,15838208,8020992,1771088,383917,616006
25726,15838208,11511808,980200,105566,-560170
25736,15838208,14312448,345680,27191,-917861
25746,15838208,15817728,0,6982,-681787
25756,9214976,16139264,-1568784,-1713477,-3429520
25766,7599104,15396864,-1766680,-726020,-2224642
25776,3007488,13233152,-2316752,-1841822,-3180013
25786,1929216,10171392,-1867368,-754242,-1138145
25796,1929216,6618112,-1062328,-194538,503253
25806,345088,3906560,-806896,-270124,428393
25816,98304,1784832,-382104,-129609,621992
25826,9216,956416,-214600,-52387,241024
25836,9216,528384,-117624,-13538,71636
25846,0,560128,-126904,-5762,-162534
25856,0,659456,-149408,-1618,-304480
25866,0,527360,-119480,-458,-171784
25876,0,354304,-80272,-159,-116794
25886,0,45056,-10208,-92,78424
25896,0,-246784,55912,-92,127565
25906,0,-215040,48720,-92,-36829
25917,0,-364544,82592,-92,36371
25927,0,-401408,90944,-92,42539
25937,0,-280576,63568,-92,-48983
25947,0,-250880,56840,-92,-39419
25957,208896,-84992,66584,65570,-33775
25967,208896,-119808,74472,18005,9936
25977,208896,-181248,88392,4608,100181
25987,6998016,243712,1530272,1465771,2808609
25997,6998016,1354752,1278552,403137,1089240
26007,15690752,3525632,2756160,1447344,3139441
26017,15985664,6821888,2076168,406188,859708
26027,15985664,10406912,1263936,111694,-475256
26037,15985664,13449216,574664,28759,-955192
26047,16135168,15186944,214832,54870,-712905
26057,15985664,15750144,53360,-17786,-310990
26067,15985664,15540224,100920,-4615,237109
26077,7218176,15482880,-1872472,-2423316,-4227233
26087,6438912,14885888,-1913768,-832898,-2487748
26097,2582528,12924928,-2343200,-897834,-2399652
26107,1545216,9654272,-1837208,-552662,-810474
26117,615424,6547456,-1343976,-328565,-91349
26127,412672,3893248,-759800,-133283,569141
26137,172032,2194432,-458200,-89319,417475
26147,122880,1367040,-281880,-32898,192185
26157,61440,1356800,-293480,-17975,-271056
26167,6144,1032192,-232464,-19947,-201925
26177,6144,963584,-216920,-5170,-293668
26187,9216,667648,-149176,-1008,-178849
26197,6144,244736,-54056,-1136,-31103
26207,6144,-96256,23200,-330,37359
26217,-4096,-275456,61480,-4035,-3273
26227,-4096,-556032,125048,-1069,139773
26237,-4096,-557056,125280,-312,21723
26247,0,-470016,106488,445,8584
26257,0,-486400,110200,85,26900
26267,3072,-445440,101616,561,-34884
26277,3072,-523264,119248,109,92634
26287,9216,-505856,116696,1483,94585
26297,9216,-441344,102080,366,66239
26307,6144,-350208,80736,-1032,15964
26317,6144,-320512,74008,-306,27534
26327,3072,-316416,72384,-654,55738
26337,0,-181248,41064,-599,-27393
26347,0,-310272,70296,-184,123326
26357,0,-182272,41296,-92,5899
26367,-4096,-139264,30624,-550,-18458
26377,-4096,-226304,50344,-178,73251
26387,-4096,-313344,70064,-92,151618
26397,0,-176128,39904,427,4681
26407,-4096,-184320,40832,-916,10816
26417,-4096,-212992,47328,-275,50160
26427,-4096,-299008,66816,-104,140754
26437,-4096,-195584,43384,-92,42206
26447,-4096,-192512,42688,-92,50564
26457,-4096,-206848,45936,-92,62044
26467,-4096,-238592,53128,-92,97466
26477,-4096,-163840,36192,-92,16699
26487,-4096,-168960,37352,-92,66599
26497,-4096,-207872,46168,-92,66233
26507,-4096,-249856,55680,-92,110215
26517,-4096,-194560,43152,-92,53737
26527,-4096,-227328,50576,-92,90052
26537,-4096,-232448,51736,-92,89235
26547,0,-260096,58928,396,117596
26557,0,-178176,33872,73,20501
26567,0,-203776,46168,0,75244
26577,0,-268288,60784,0,142547
26587,0,-250880,56840,0,115320
26597,0,-222208,50344,0,85112
26607,0,-148480,33640,0,14069
26617,0,-291840,66120,0,159103
26627,0,-256000,58000,0,127797
26637,0,-299008,67744,0,167780
26647,0,-159744,36192,0,42805
26657,-4096,-241664,53824,-1563,121426
26667,-4096,-174080,38512,-434,68231
26677,-4096,-216064,48024,-159,120246
26687,-4096,-110592,24128,-92,37250
26697,-4096,-240640,53592,-92,167840
26707,-4096,-258048,57536,-92,175602
26717,-4096,-219136,48720,-92,122731
26727,-4096,-217088,48256,-92,122733
26737,-4096,-236544,52664,-92,133227
26747,-4096,-316416,70760,-92,210399
26757,-4096,-223232,49648,-92,126038
26767,-7168,-239616,52664,-647,165952
26777,-126976,-263168,30856,-43049,124941
26787,-289792,-287744,-464,-54041,98749
26797,-289792,-165888,-28072,-13971,10297
26807,-1792000,-295936,-338952,-297559,-563930
26817,-1792000,-727040,-241280,-81885,-123716
26827,-17213440,-1394688,-3583936,-2732850,-5995451
26837,-17213440,-2485248,-3336856,-704749,-3434176
26847,-17213440,-5362688,-2684936,-193885,-1515647
26857,-17213440,-9218048,-1811456,-50037,-6283
26867,-17213440,-12784640,-1003400,-13807,805205
26877,-17213440,-15438848,-402056,-3595,911277
26887,-17213440,-16627712,-107880,-959,509961
26897,-17213440,-17158144,-12528,-293,130390
26907,-17213440,-17124352,-20184,-110,-175099
26917,-8502272,-17192960,1968984,1531689,3493560
26927,-2368512,-16425984,3184896,2451440,5293163
26937,-1310720,-14169088,2913224,872900,2740981
26947,-489472,-10815488,2339488,384472,1033049
26957,-489472,-7235584,1528416,99114,-166870
26967,-489472,-4563968,923128,27233,-505267
26977,-59392,-2683904,594616,77886,-304727
26987,-163840,-1884160,389760,-8588,-30317
26997,-203776,-1473536,287680,-11487,115509
27007,-203776,-1305600,249632,-2997,229956
27017,-315392,-1133568,184672,-16614,207986
27027,-315392,-881664,128296,-4609,145234
27037,-315392,-633856,72152,-1209,118120
27047,-332800,-326656,-1392,-1185,19528
27057,-295936,-169984,-28536,8038,46179
27067,-264192,13312,-62872,6945,20124
27077,-191488,214016,-91872,24725,-57916
27087,-163840,291840,-103240,12237,-18212
27097,-148480,391168,-122264,5493,-52321
27107,-114688,287744,-91176,10711,103591
27117,-114688,331776,-101152,2905,34301
27127,-123904,380928,-114376,-617,-40872
27137,-117760,346112,-105096,1605,-38227
27147,-108544,174080,-64032,2227,84877
27157,-102400,119808,-50344,1434,40749
27167,-93184,101376,-44080,3082,60350
27177,-71680,51200,-27840,5059,79393
27187,-71680,102400,-39440,1367,13394
27197,0,51200,-11600,9063,76593
27207,0,87040,-19720,2471,31434
27217,79872,49152,6960,12170,98638
27227,79872,109568,-9976,3100,28839
27237,483328,198656,64496,81536,159323
27247,1062912,261120,181656,166741,361832
27257,2527232,557056,446368,450360,807675
27267,3737600,1126400,591600,358251,706448
27277,9214976,2200576,1589200,1818841,2929906
27287,11680768,3876864,1768072,1181457,2124535
27297,12498944,6537216,1350704,458081,538820
27308,14285824,9563136,1069984,757141,251389
27318,14017536,11906048,478384,134112,-620400
27328,14017536,13335552,154512,34545,-584161
27338,9122816,13612032,-1017088,-1311640,-2549878
27348,9122816,12464128,-757016,-338270,-624820
27358,4539392,10524672,-1356040,-893207,-1210949
27368,3040256,8166400,-1161392,-449347,-220509
27378,3040256,5404672,-535688,-115906,1007648
27388,794624,3693568,-656792,-424793,155764
27398,794624,2778112,-449384,-116871,240943
27408,794624,2443264,-373520,-30182,4754
27418,794624,2350080,-352408,-8332,-222034
27428,30720,1988608,-443584,-103931,-398763
27438,30720,1160192,-255896,-26832,120117
27448,27648,814080,-178176,-7953,47095
27458,27648,258048,-52200,-2088,148574
27468,3072,-48128,11600,-6171,77923
27478,3072,-168960,38976,-1734,29244
27488,-4096,-40960,8352,-1337,-131075
27498,0,-63488,14384,555,-113884
27508,0,-269312,61016,122,54481
27518,0,-296960,67280,0,16742
27528,0,-569344,128992,0,202864
27538,0,-468992,106256,0,72130
27548,0,-365568,82824,0,-30011
27558,0,-233472,52896,0,-40589
27568,0,-372736,84448,0,92515
27578,0,-256000,58000,0,11302
27588,0,-295936,67048,0,70685
27598,0,-248832,56376,0,40034
27608,0,-206848,46864,0,32515
27618,-4096,-312320,69832,-892,136831
27628,-4096,-57344,12064,-263,-92948
27638,-4096,-133120,29232,-98,13256
27648,-4096,-172032,38048,-92,67270
27658,-25600,-74752,11136,-3187,-26291
27668,-56320,-19456,-8352,-4072,-69055
27678,-105472,-209920,23664,-11634,83923
27688,-105472,-144384,8816,-3034,2166
27698,-154624,-227328,16472,-15357,35162
27708,-154624,-159744,1160,-3992,-47160
27718,-151552,-180224,19952,555,33958
27728,-142336,-209920,15312,1818,8793
27738,-142336,-234496,20880,433,39795
27748,-142336,-254976,25520,85,57350
27758,-133120,-186368,12064,958,-7558
27768,-133120,-209920,34104,219,80510
27778,-133120,-323584,43152,30,111400
27788,-133120,-286720,34800,0,71235
27798,-133120,-194560,13920,0,-13436
27808,-133120,-223232,20416,0,23886
27818,-133120,-338944,46632,0,125527
27828,-133120,-308224,39672,0,87898
27838,-133120,-319488,42224,0,95595
27848,-176128,-289792,25752,-11158,41434
27858,-225280,-305152,18096,-12317,36583
27868,-476160,-443392,-7424,-92927,7793
27878,-714752,-470016,-55448,-81928,-107632
27888,-1325056,-435200,-201608,-137043,-366980
27898,-1325056,-755712,-128992,-35370,-80916
27908,-17213440,-1146880,-3640080,-4124738,-7588593
27918,-17213440,-1689600,-3517120,-1063672,-4275226
27928,-17213440,-3536896,-3098592,-292603,-2471076
27938,-17213440,-6689792,-2384264,-75477,-1034096
27948,-17213440,-10723328,-1470416,-19501,346371
27958,-17213440,-13646848,-808056,-5402,692469
27968,-11125760,-15635456,1021728,1476696,3485800
27978,-8852480,-16099328,1641864,780487,2801612
27988,-2103296,-14905344,2900464,2477496,4939671
27998,-1595392,-12199936,2402592,762158,1898422
28008,-1595392,-8735744,1617736,209606,50937
28018,-286720,-5300224,1135872,220660,-416944
28028,-286720,-2739200,555640,56866,-764328
28038,3072,-1253376,284664,62396,-487827
28048,-4096,-708608,159616,14733,-186525
28058,-4096,-755712,170288,3765,218045
28068,-4096,-779264,175624,939,314156
28078,-4096,-743424,167504,231,297717
28088,92160,-618496,161008,21942,298882
28098,172032,-301056,107184,19158,158112
28108,348160,-91136,99528,60260,243283
28118,391168,233472,35728,24682,110128
28128,391168,321536,15776,6756,174237
28138,2697216,587776,477920,681243,1237628
28148,2697216,870400,413888,175634,606810
28158,10281984,1627136,1960864,1220477,2898550
28168,10281984,3480576,1540944,314691,1157416
28178,10281984,6117376,943544,81109,-56176
28188,10281984,8429568,419688,22271,-612271
28198,14017536,10330112,835432,-4157,-34237
28208,14017536,12065792,442192,-1178,-313280
28218,7916544,13429760,-1249088,-884284,-2770462
28228,6925312,13369344,-1430048,-332062,-1799884
28238,2847744,11706368,-2007032,-961542,-2300355
28248,1790976,8995840,-1632352,-401099,-719134
28258,579584,6063104,-1242360,-467334,-167849
28268,435200,3372032,-665376,-149433,583123
28278,435200,1549312,-327120,-168244,500305
28288,9216,525312,-116928,-70081,436205
28298,9216,311296,-68440,-18116,82710
28308,-4096,289792,-66584,-6952,-150968
28318,0,322560,-73080,-1404,-202412
28328,0,246784,-55912,-403,-159846
28338,0,113664,-25752,-153,-98048
28348,0,-129024,29232,-92,23536
28358,0,-291840,66120,-92,104882
28368,0,-456704,103472,-92,103729
28378,0,-477184,108112,-92,59650
28388,0,-468992,106256,-92,40726
28398,0,-471040,106720,-92,60066
28408,0,-474112,107416,-92,84060
28418,0,-360448,81664,-92,6802
28428,0,-228352,51736,-92,-62805
28438,86016,-343040,97208,20806,136058
28448,86016,-308224,89320,5688,126644
28459,1545216,-220160,399968,523284,932419
28469,1545216,-80896,364008,134906,457353
28479,1545216,504832,235712,37072,24952
28489,16135168,1027072,3422928,4901190,8049298
28499,16135168,1651712,3281408,1263818,4197015
28509,15985664,3270656,2880744,321295,2394048
28519,14017536,6266880,1756008,-577057,-183862
28529,12988416,9498624,790656,-408637,-1195897
28539,10802176,11843584,-235944,-489832,-1918983
28549,4840448,12504064,-1736288,-2000245,-4239045
28559,3697664,11596800,-1789648,-827686,-2329910
28569,3697664,9288704,-1266720,-213465,-439372
28579,531456,6578176,-1369960,-605243,-582296
28589,531456,3864576,-755160,-156098,470221
28599,215040,1838080,-367720,-92444,571700
28609,144384,569344,-96280,-33887,557294
28619,101376,88064,3016,-18555,292251
28629,104448,132096,-6264,-4627,15934
28639,98304,290816,-43616,-3150,-145077
28649,92160,337920,-55680,-2234,-138504
28659,92160,254976,-36888,-647,-55416
28669,9216,123904,-25984,-9485,-42779
28679,-4096,-95232,29232,-5317,66687
28689,-4096,-358400,80272,-1496,140904
28699,-4096,-403456,90480,-428,70344
28709,-4096,-423936,95120,-159,43571
28719,-4096,-415744,93264,-92,37387
28729,-4096,-397312,89088,-92,48473
28739,-4096,-367616,82360,-92,58622
28749,-4096,-378880,84912,-92,97391
28759,-4096,-265216,59160,-92,-42357
28769,-4096,-173056,38280,-92,-54794
28779,-4096,-314368,70296,-92,100343
28789,-83968,-330752,55912,-23621,81460
28799,-83968,-272384,42688,-6122,43690
28809,-83968,-231424,-59392,-157862,-234558
28819,-493568,-319488,-39440,-43458,-47447
28829,-493568,-470016,-5336,-11243,77365
28839,-1546240,-601088,-214136,-165815,-276964
28849,-1546240,-827392,-162864,-42792,-103587
28859,-1546240,-1375232,-30392,-11072,223939
28869,-5559296,-1747968,-863504,-584516,-1212024
28879,-6439936,-2738176,-838680,-243165,-632032
28889,-6999040,-4558848,-552856,-178779,120303
28899,-6999040,-6087680,-206480,-46131,577944
28909,-6784000,-7111680,74240,47473,711900
28919,-6373376,-7453696,244760,95184,624072
28929,-6176768,-7146496,219704,51214,218641
28939,-5328896,-6640640,297192,232769,307074
28949,-5328896,-6158336,187920,63995,-7416
28959,-3354624,-5634048,516432,722534,959417
28969,-3008512,-5261312,510400,275927,552476
28979,-3008512,-4609024,362616,75866,102451
28989,-1972224,-3886080,433608,160296,234122
28999,-1453056,-3098624,372824,178521,119041
29009,-1453056,-2527232,243368,46002,-2721
29019,-768000,-1952768,268424,140570,168333
29029,-768000,-1614848,191864,38629,109936
29039,-601088,-1214464,138968,39276,71439
29049,-541696,-948224,92104,17657,67344
29059,-373760,-798720,96280,48321,151622
29069,-373760,-576512,45936,12432,39759
29079,-244736,-492544,56144,19812,92018
29089,-148480,-365568,49184,28442,85707
29099,-114688,-185344,27376,13250,42766
29109,-31744,-212992,41064,31420,132262
29119,-13312,-129024,26216,12542,105761
29129,-13312,-48128,7888,3417,82915
29139,0,-71680,16240,2441,158165
29149,0,26624,-6032,598,93989
29159,0,37888,-8584,134,106819
29169,0,86016,-19488,0,66275
29179,0,141312,-32016,0,15944
29189,0,72704,-16472,0,85025
29199,0,70656,-16008,0,85215
29209,0,62464,-14152,0,101132
29219,9216,-10240,4408,1501,175069
29229,129024,131072,-464,38018,91798
29239,175104,135168,9048,20916,80132
29249,175104,181248,-1392,5358,27076
29259,362496,238592,28072,25500,58703
29269,362496,215040,33408,6982,95752
29279,362496,280576,18560,1770,74425
29289,362496,287744,19024,421,127833
29299,362496,348160,3248,85,100843
29309,780288,452608,74240,64556,195011
29319,965632,591872,84680,36053,123676
29329,1173504,798720,84912,54229,90638
29339,1173504,969728,46168,13952,36490
29349,1173504,1137664,8120,3808,-13091
29359,1105920,1323008,-49184,-12574,-65635
29369,726016,1370112,-145928,-148194,-249458
29379,726016,1310720,-132472,-40790,-75292
29389,726016,1146880,-95352,-10553,55975
29399,412672,957440,-123424,-45313,5068
29409,412672,756736,-77952,-12488,80552
29419,141312,558080,-94424,-57544,-7269
29429,122880,390144,-60552,-17389,33583
29439,36864,229376,-43616,-28583,16728
29449,21504,99328,-17632,-10291,23578
29459,3072,-57344,13688,-9894,50924
29469,3072,-137216,31784,-2576,75239
29479,3072,-202752,46632,-696,85841
29489,0,-239616,54288,-647,93825
29499,0,-220160,49880,-202,66110
29509,0,-205824,46632,-92,50814
29519,0,-158720,35960,-92,8562
29529,0,-200704,45472,-92,49526
29539,0,-271360,61480,-92,147771
29549,0,-238592,54056,-92,65104
29559,-4096,-324608,72616,-1069,142069
29569,-4096,-265216,59160,-330,81897
29579,-4096,-228352,50808,-123,45132
29589,-4096,-267264,59624,-92,84259
29599,-4096,-217088,48256,-92,38291
29609,-4096,-212992,47328,-92,51588
29619,-7168,-258048,56840,-824,108166
29629,-7168,-165888,35960,-251,34840
29640,-7168,-238592,52432,-92,115185
29650,-154624,-244736,20416,-35883,31366
29660,-169984,-189440,4408,-11823,24617
29670,-247808,-231424,-3712,-27552,17201
29680,-247808,-337920,15776,-7136,85970
29690,-250880,-355328,23664,-2497,96909
29700,-241664,-359424,26680,360,76437
29710,-241664,-421888,40832,73,127329
29720,-197632,-423936,51272,7238,142131
29730,-216064,-432128,48952,-3602,141185
29740,-229376,-360448,29696,-4053,98899
29750,-264192,-320512,12760,-6458,89059
29760,-264192,-250880,-3016,-1807,53859
29770,-335872,-142336,-43848,-15796,-66949
29780,-356352,-164864,-43384,-7276,-42389
29790,-417792,-279552,-31320,-21357,12210
29800,-463872,-401408,-14152,-15375,74676
29810,-463872,-432128,-7192,-4261,74059
29820,-616448,-395264,-50112,-22889,-62612
29830,-740352,-464896,-62408,-32367,-85919
29840,-788480,-609280,-40600,-16370,-4738
29850,-1004544,-729088,-62408,-67920,-69753
29860,-1004544,-809984,-53592,-17548,-64946
29870,-1004544,-857088,-33408,-4853,-48183
29880,-1408000,-1060864,-78648,-43616,-70913
29890,-1664000,-1307648,-80736,-66657,-19976
29900,-1810432,-1471488,-76792,-38434,-5970
29910,-1972224,-1633280,-76560,-54645,-58212
29920,-1993728,-1851392,-32248,-19367,31144
29930,-1930240,-2128896,45008,19183,199604
29940,-1930240,-2201600,61480,5236,125441
29950,-1646592,-2184192,121800,58062,192060
29960,-1298432,-2029568,165648,62225,137561
29970,-1298432,-1862656,127832,17077,18208
29980,-1298432,-1679360,86304,4370,-9595
29990,-328704,-1458176,255896,132818,298613
30000,-7168,-1149952,261464,117486,265116
30010,3072,-830464,188848,34197,100619
30020,101376,-534528,144072,34405,97242
30030,110592,-220160,74936,11822,-1112
30040,110592,-15360,28536,3015,-20521
30050,224256,103424,27376,27954,34894
30060,224256,119808,23664,7659,53430
30070,224256,164864,13456,1947,29894
30080,224256,157696,15080,469,50613
30090,3246080,157696,699712,782727,1526756
30100,3246080,551936,610392,201800,696515
30110,11909120,1729536,2306312,1533343,3323475
30120,11909120,3927040,1808440,395367,1168970
30130,16135168,6876160,2097744,845025,1525288
30140,16135168,9937920,1404064,232391,62525
30150,15985664,12844032,711776,23596,-695357
30160,15985664,14786560,271672,6457,-763798
30170,15985664,15885312,22736,1629,-534700
30180,15985664,16063488,-17632,390,-110143
30190,6372352,15868928,-2151568,-1690326,-3729103
30200,6372352,14757888,-1899848,-435914,-1826321
30210,2472960,12422144,-2254112,-1000062,-2166354
30220,2472960,9530368,-1598944,-275110,-395883
30230,518144,6387712,-1329824,-328492,-85254
30240,518144,3767296,-736136,-90381,551780
30250,144384,1669120,-345448,-84955,630036
30260,144384,711680,-128528,-21949,354267
30270,-7168,283648,-65888,-40571,66769
30280,-7168,141312,-33640,-10492,-54531
30290,-10240,174080,-41760,-3290,-170154
30300,-10240,53248,-14384,-886,-104786
30310,-10240,-185344,39672,-263,36534
30320,-56320,-389120,75400,-14594,95332
30330,-120832,-546816,96512,-17560,97271
30340,-120832,-686080,128064,-4859,131843
30350,-120832,-714752,134560,-1288,78491
30360,-671744,-749568,17632,-117927,-176338
30370,-913408,-835584,-6960,-65461,-91293
30380,-1366016,-1081344,-64496,-151417,-170647
30390,-1366016,-1332224,-7656,-39081,39647
30400,-1972224,-1588224,-135488,-183490,-229901
30410,-2196480,-1868800,-74240,-50507,-52759
30420,-4302848,-2292736,-455416,-434473,-768992
30430,-4638720,-2908160,-392080,-171448,-324451
30440,-7600128,-3802112,-860488,-862360,-1358983
30450,-7600128,-4878336,-616656,-237232,-351225
30460,-7600128,-6174720,-322944,-61200,146402
30470,-7917568,-7588864,-74472,-49128,491927
30480,-6576128,-8220672,372592,254827,937825
30490,-6176768,-8183808,454720,123541,613252
30500,-6176768,-7717888,349160,31823,189475
30510,-6176768,-6991872,184672,8721,-143073
30520,-1338368,-6353920,1136336,659423,1464907
30530,-1338368,-5105664,853528,181347,435366
30540,-484352,-3510272,685560,217590,155393
30550,-319488,-2123776,408784,78472,-184182
30560,-200704,-1168384,219240,54370,-212292
30570,-200704,-670720,106488,13989,-109777
30580,-203776,-584704,86304,3161,76842
30590,-203776,-564224,81664,836,180655
30600,-203776,-551936,78880,183,170823
30610,-185344,-609280,96048,7049,216286
30620,-185344,-608256,95816,1788,205258
30630,-185344,-452608,60552,427,88306
30640,-188416,-431104,54984,-1014,121914
30650,-188416,-367616,40600,-293,115045
30660,-194560,-279552,9280,-1197,33481
30670,-194560,-264192,15776,-367,90518
30680,-241664,-276480,7888,-11567,97206
30690,-241664,-258048,3712,-3217,98704
30700,-363520,-423936,13688,-41718,185129
30710,-363520,-410624,2784,-10785,144832
30720,-505856,-432128,-16704,-28016,122475
30730,-957440,-477184,-108808,-136731,-99754
30740,-1198080,-533504,-150568,-96076,-132087
30750,-1198080,-892928,-69136,-24811,162958
30760,-1735680,-1061888,-152656,-104438,-68589
30770,-1810432,-1270784,-122264,-46900,-35157
30780,-1810432,-1748992,-13920,-12134,214343
30790,-2015232,-1977344,-3944,-44184,138109
30800,-2015232,-2220032,46400,-12189,206944
30810,-2196480,-2363392,37816,-33051,144886
30820,-2196480,-2475008,63104,-9131,185348
30830,-2757632,-2414592,-77720,-130121,-194707
30840,-2757632,-2622464,-30624,-33576,31414
30850,-2848768,-2813952,-7888,-20148,90766
30860,-2848768,-3010560,36656,-5231,148844
30870,-2757632,-3291136,120872,12707,281884
30880,-2757632,-3318784,127136,3460,221903
30890,-2757632,-3192832,98600,854,59598
30900,-2757632,-3224576,105792,201,95775
30910,-740352,-3133440,542184,255932,748455
30920,-740352,-2661376,435232,65966,311445
30930,-497664,-1973248,334312,55615,112838
30940,-497664,-1228800,165648,14312,-140146
30951,-497664,-803840,69368,3656,-150298
30961,-497664,-686080,42688,976,-780
30971,-497664,-693248,44312,219,60982
30981,-346112,-872448,119248,30340,296240
30991,-346112,-774144,96976,8319,164074
31001,-346112,-746496,90712,2105,166975
31011,-346112,-656384,70296,512,139205
31021,-346112,-553984,47096,109,104890
31031,-346112,-344064,-464,0,-35133
31041,-346112,-407552,13920,0,56473
31051,-346112,-463872,26680,0,120162
31061,-346112,-508928,36888,0,153819
31071,-349184,-496640,33408,-605,146668
31081,-346112,-439296,21112,970,98788
31091,-346112,-484352,31320,219,151596
31101,-346112,-356352,2320,30,15712
31111,-346112,-404480,13224,0,125562
31121,-346112,-414720,15544,0,150527
31131,-346112,-397312,11600,0,146464
31141,-346112,-188416,-35728,0,-44084
31151,-346112,-318464,-6264,0,80413
31161,-343040,-394240,11600,555,143173
31171,-343040,-455680,25520,109,170308
31181,-343040,-329728,-3016,0,39946
31191,-346112,-319488,-6032,-568,26380
31201,-346112,-424960,17864,-184,142396
31211,-346112,-366592,4640,-92,92845
31221,-343040,-346112,696,476,94276
31231,-346112,-287744,-13224,-940,45100
31241,-346112,-365568,4408,-293,121030
31251,-346112,-263168,-18792,-110,31244
31261,-346112,-372736,6032,-92,126866
31271,-370688,-369664,-232,-6043,107198
31281,-399360,-284672,-25984,-6318,8096
31291,-537600,-286720,-56840,-48115,-60018
31301,-565248,-457728,-24360,-18738,104904
31311,-565248,-489472,-17168,-4865,117024
31321,-788480,-370688,-94656,-37409,-122071
31331,-788480,-593920,-44080,-9687,66816
31341,-1033216,-761856,-61480,-40357,36960
31351,-1366016,-840704,-119016,-115741,-140000
31361,-1366016,-917504,-101616,-29877,-96643
31371,-1366016,-1262592,-23432,-7740,122054
31381,-1629184,-1380352,-56376,-31617,8412
31391,-1646592,-1495040,-34336,-11902,5226
31401,-1646592,-1713152,15080,-3107,101703
31411,-1423360,-1702912,63336,64892,135189
31421,-1423360,-1871872,101616,16699,204775
31431,-1423360,-1660928,53824,4284,-1491
31441,-1423360,-1556480,30160,1147,-60998
31451,-753664,-1567744,184440,134246,298145
31461,-753664,-1458176,159616,34588,159464
31471,-611328,-1236992,141752,48797,114486
31481,-611328,-955392,77952,12542,-46059
31491,-377856,-885760,115072,61059,131355
31501,-377856,-663552,64728,16754,-10744
31511,-117760,-574464,103472,53070,100773
31521,0,-472064,106952,59484,182477
31531,0,-397312,90016,15301,102740
31541,0,-163840,37120,3918,-25658
31551,0,-95232,21576,1043,-10409
31561,0,-98304,22272,238,46605
31571,6144,32768,-6032,1190,-39120
31581,190464,-108544,67744,66210,233346
31591,269312,-6144,62408,37457,144662
31601,269312,109568,36192,10266,46899
31611,1716224,238592,334776,311804,624315
31621,1716224,583680,256592,80371,216943
31631,5105664,1129472,900856,657806,1334098
31641,7916544,2254848,1282728,1174841,1981237
31651,7916544,3920896,905264,302917,469838
31661,9031680,5856256,719432,279376,84687
31671,9214976,7632896,358440,133465,-339798
31681,9214976,8774656,99760,36682,-438020
31691,9122816,9267200,-32712,-6775,-287404
31701,8246272,9070592,-186760,-275989,-333284
31711,7998464,8970240,-220168,-136121,-202573
31721,7998464,8607744,-138040,-35138,54372
31731,7677952,8252416,-130152,-50513,48425
31741,7677952,7945216,-60552,-13068,141203
31751,7444480,7866368,-95584,-41889,-51223
31761,7070720,7840768,-174464,-59144,-235241
31771,5499904,7496704,-452400,-372852,-685505
31781,3778560,7154688,-764904,-379938,-956818
31791,3280896,6199296,-661200,-163941,-424737
31801,3280896,4645888,-309256,-42316,340940
31811,3280896,3620864,-77024,-11677,501903
31821,376832,3015680,-597864,-382691,-644404
31831,376832,2243584,-422936,-98719,-185441
31841,376832,1277952,-205320,-25489,182179
31851,6144,860160,-193488,-123554,-115531
31861,6144,204800,-45008,-31897,185456
31871,-56320,148480,-46400,-19105,-28733
31881,-139264,-2048,-31088,-22107,-66602
31891,-169984,-166912,-696,-12293,-15177
31901,-370688,-230400,-31784,-34437,-104200
31911,-585728,-305152,-63568,-32978,-162037
31921,-1546240,-599040,-214600,-214081,-386148
31931,-1829888,-996352,-188848,-99067,-143884
31941,-3211264,-1386496,-413424,-432648,-694239
31951,-3211264,-2176000,-234552,-119037,16912
31961,-3211264,-2599936,-138504,-30732,81567
31971,-3211264,-3179520,-7192,-7966,224026
31981,-6306816,-3548160,-625008,-662818,-1116696
31991,-6855680,-3986432,-650064,-250470,-708159
32001,-6855680,-5209088,-373056,-64625,207206
32011,-6855680,-6161408,-157296,-17804,293074
32021,-7837696,-7023616,-184440,-184461,-1753
32031,-7837696,-7334912,-113912,-47608,-25917
32041,-7837696,-7579648,-58464,-13135,-47627
32051,-7837696,-7802880,-7888,-3418,-16081
32061,-7837696,-7918592,18328,-977,-86479
32071,-9309184,-8062976,-282344,-276294,-630300
32081,-9688064,-8665088,-231768,-122742,-193454
32091,-9688064,-9122816,-128064,-31684,-54787
32101,-9591808,-10005504,93728,9313,405460
32112,-8331264,-10303488,446832,453186,1047648
32122,-8081408,-10130432,464232,177502,555880
32132,-8081408,-9628672,350552,48791,124842
32142,-3008512,-8855552,1324720,977081,1933439
32152,-2555904,-7339008,1083672,385937,760706
32162,-2555904,-5228544,605520,99493,-280465
32172,-788480,-3533824,621992,250683,2201
32182,-788480,-2266112,334776,68920,-280814
32192,-788480,-1474560,155440,17742,-231260
32202,-788480,-1219584,97672,4840,-24082
32212,175104,-1139712,297888,235174,542638
32222,175104,-866304,235944,60607,202816
32232,285696,-601088,200912,30725,125579
32242,285696,-158720,100688,7891,-32781
32252,285696,183296,22968,2008,-68259
32262,285696,353280,-15312,518,-9455
32272,3074048,594944,561672,634808,1158380
32282,3280896,948224,528496,197753,616447
32292,5797888,1838080,897144,845507,1444506
32302,5797888,3072000,617584,217993,370181
32312,5797888,4524032,288608,59924,-266163
32322,7916544,5736448,493928,268347,226685
32332,7916544,6841344,243600,69171,-154471
32342,9784320,7660544,481168,326898,445690
32352,11016192,8542208,560512,308142,518869
32362,11343872,9541632,391152,149353,133821
32372,11567104,10586112,222256,75543,-82720
32382,11567104,11444224,27840,19439,-247500
32392,11567104,11963392,-89784,4974,-263647
32402,11567104,12101632,-121104,1336,-83640
32412,11680768,12147712,-105792,12231,26704
32422,11680768,12148736,-106024,3118,30051
32432,11680768,12217344,-121568,823,-10831
32442,11343872,12142592,-180960,-35169,-73283
32452,10281984,12280832,-452864,-236310,-651970
32462,8246272,11704320,-783464,-355921,-893636
32472,8246272,10963968,-615728,-91816,-377917
32482,8246272,9444352,-271440,-25275,413778
32492,1561600,8699904,-1617272,-2556550,-3713548
32502,1084416,7932928,-1555328,-791108,-1945035
32512,471040,6233088,-1305464,-340345,-833596
32522,362496,3907584,-803184,-102533,170717
32532,362496,1967104,-363544,-28235,584779
32542,58368,718848,-149640,-68158,388626
32552,58368,245760,-42456,-17609,157855
32562,58368,250880,-43616,-4883,-109125
32572,-108544,162816,-61480,-32593,-145277
32582,-270336,72704,-77720,-50367,-145246
32592,-335872,26624,-82128,-29999,-193002
32602,-335872,-406528,16008,-7776,68917
32612,-781312,-707584,-16704,-90833,-41398
32622,-1246208,-1072128,-39440,-143860,-90800
32632,-1529856,-1259520,-61248,-92798,-150892
32642,-1529856,-1703936,39440,-23963,105366
32652,-2757632,-2019328,-167272,-304328,-409869
32662,-2757632,-2376704,-86304,-83747,-91069
32672,-5052416,-2805760,-509008,-548493,-988616
32682,-5052416,-3676160,-281184,-141468,-70089
32692,-5052416,-4588544,-105096,-38941,161599
32702,-5052416,-5397504,78184,-10071,324009
32712,-10592256,-5833728,-1078104,-1437580,-2367406
32722,-10909696,-6567936,-983680,-426557,-1102415
32732,-11125760,-8341504,-630808,-135822,18552
32742,-11125760,-10055680,-242440,-37391,547760
32752,-11125760,-11498496,84448,-9681,735162
32762,-9216000,-11811840,588120,637597,1371592
32772,-9123840,-11768832,599256,186767,740248
32782,-9123840,-10853376,390224,48120,84312
32792,-9123840,-9882624,171912,13201,-257762
32802,-9032704,-9225216,43616,24114,-236755
32812,-8852480,-8902656,11368,38287,-151590
32822,-7999488,-9010176,228984,220214,449716
32832,-7999488,-9033728,234320,56750,314468
32842,-7999488,-8736768,167040,15582,58757
32852,-2880512,-8602624,1296416,1612982,2844901
32862,-2368512,-7974912,1270200,532458,1548115
32872,-1482752,-6316032,1095040,292437,661618
32882,-392192,-4140032,849120,418164,277301
32892,-392192,-2256896,422472,107794,-369820
32902,-392192,-1089536,157992,29614,-415350
32912,0,-581632,131776,52807,-41164
32922,0,-468992,106256,13580,141297
32932,0,-420864,95352,3692,177660
32942,0,-462848,104864,915,258308
32952,21504,-396288,94656,4809,245160
32962,21504,-189440,47792,1196,132636
32972,314368,47104,60552,86578,165290
32982,314368,67584,55912,23785,192557
32992,314368,303104,2552,6103,55645
33002,746496,503808,54984,74597,144021
33012,746496,672768,16704,20489,50582
33022,1466368,835584,142912,143225,315967
33032,1466368,1135616,74936,36901,103309
33042,2527232,1523712,227360,222357,370236
33052,2638848,1866752,174928,73468,188302
33062,3141632,2288640,193256,159075,313174
33072,3141632,2842624,67744,40985,21509
33082,5499904,3256320,508312,910144,1345021
33092,5499904,3633152,422936,234655,596821
33102,6925312,4476928,554712,331866,608404
33112,6925312,5558272,309720,85540,-18181
33122,6925312,6651904,61944,22021,-365034
33132,6925312,7373824,-101616,6024,-399501
33142,7144448,7539712,-89552,29425,-69619
33152,7144448,7507968,-82360,8062,84832
33162,7070720,7440384,-83752,-11780,128942
33172,6998016,7567360,-128992,-12323,-52381
33182,6998016,7379968,-86536,-3425,82249
33192,4944896,7299072,-533368,-361945,-768964
33202,3578880,6931456,-759568,-551355,-1136079
33212,3175424,6004736,-641016,-249646,-466288
33222,3175424,4750336,-356816,-64411,182179
33232,2267136,3637248,-310416,-169520,118887
33242,2267136,3003392,-166808,-46662,141187
33252,1197056,2453504,-284664,-188465,-225336
33262,369664,1906688,-348232,-227497,-302073
33272,224256,1511424,-291624,-94001,-199491
33282,156672,898048,-167968,-35413,11923
33292,0,314368,-71224,-28473,142254
33303,0,51200,-11600,-7374,60449
33313,-4096,-239616,53360,-2613,125983
33323,0,-326656,74008,-263,103833
33333,0,-264192,59856,-98,-967
33343,0,-210944,47792,-92,-55198
33353,-179200,-283648,23664,-56409,-83400
33363,-179200,-359424,40832,-14576,10464
33373,-565248,-397312,-38048,-67676,-126835
33383,-637952,-580608,-12992,-25623,-1663
33393,-637952,-645120,1624,-7087,-31038
33403,-637952,-914432,62640,-1868,118382
33413,-637952,-1079296,99992,-519,173180
33423,-637952,-978944,77256,-178,35217
33433,-4165632,-1095680,-695536,-545276,-1203565
33443,-4589568,-1765376,-639856,-197468,-532680
33453,-4589568,-3213312,-311808,-50947,303486
33463,-5678080,-4490240,-269120,-181391,255746
33473,-5798912,-5131264,-151264,-85541,153508
33483,-5798912,-5766144,-7424,-22089,262419
33493,-5798912,-5913600,25984,-6116,125310
33503,-5798912,-5900288,22968,-1606,17615
33513,-5798912,-5873664,16936,-452,-10881
33523,-5798912,-5816320,3944,-165,-58894
33533,-5442560,-5857280,93960,93469,150297
33543,-5442560,-6022144,131312,25671,214330
33553,-3579904,-5872640,519448,276464,760096
33563,-2149376,-5352448,725696,291009,804223
33573,-975872,-4167680,723144,330444,522445
33583,-570368,-2840576,514344,143927,14950
33593,-83968,-1532928,328280,171453,-155152
33603,-10240,-781312,174696,61877,-218349
33613,12288,-433152,100920,24511,-51668
33623,9216,-277504,64960,5493,37961
33633,9216,-241664,56840,1470,84821
33643,18432,-192512,47792,1605,67253
33653,184320,-311296,112288,43347,275204
33663,285696,-193536,108576,30895,208552
33673,458752,-8192,105792,69830,200374
33683,564224,244736,72384,45288,90593
33693,564224,311296,57304,12432,134444
33703,2847744,661504,495320,524114,977683
33713,3107840,1136640,446600,211486,401485
33723,3107840,2019328,246616,54498,-26998
33733,7070720,2978816,927072,518658,1033283
33743,9308160,4412416,1109192,722100,1193209
33753,10802176,6269952,1026832,448883,657509
33763,13114368,8240128,1104320,890936,1038988
33773,13367296,10117120,736368,306427,213509
33783,13495296,11735040,398808,101489,-196842
33793,13885440,12807168,244296,167413,-36944
33803,13885440,13414400,106720,43139,-34915
33813,13885440,13563904,72848,11834,146185
33823,13754368,13758464,-928,-13672,86949
33833,13754368,13832192,-17632,-3553,118854
33843,10487808,13838336,-759104,-539441,-1127774
33853,10487808,13267968,-629880,-148407,-462922
33863,6047744,12189696,-1391536,-1049000,-1892412
33873,6047744,10694656,-1052816,-288569,-593415
33883,1888256,8407040,-1476912,-571021,-985665
33893,1888256,5726208,-869536,-157093,293722
33903,1888256,3197952,-296728,-40540,953906
33913,-4096,2033664,-439408,-605292,-285796
33923,-4096,1462272,-332224,-166529,-177545
33933,-4096,926720,-210888,-42975,14663
33943,-136192,675840,-183976,-29621,-56747
33953,-136192,435200,-129456,-7660,-74149
33963,-173056,-21504,-34336,-7703,69491
33973,-191488,-365568,39440,-4352,154457
33983,-302080,-561152,58696,-26337,105303
33993,-356352,-651264,66816,-15210,75809
34003,-444416,-811008,83056,-31904,104259
34013,-444416,-734208,65656,-8265,-7809
34023,-436224,-912384,107880,-947,129606
34033,-436224,-881664,100920,-275,57024
34043,-417792,-865280,111360,3833,88739
34053,-417792,-985088,128528,1025,164533
34063,-370688,-799744,97208,12066,36553
34073,-338944,-859136,117856,10064,136551
34083,-338944,-738304,90480,2563,53408
34093,-319488,-681984,82128,1892,56712
34103,-319488,-724992,91872,482,126931
34113,-601088,-611328,2320,-40711,-61112
34123,-1033216,-778240,-57768,-59601,-41022
34133,-5272576,-932864,-983216,-920099,-1820668
34143,-7600128,-1762304,-1322632,-574537,-1513553
34153,-17213440,-3799040,-3039200,-2990888,-5089210
34163,-17213440,-6568960,-2411640,-771290,-1802140
34173,-17213440,-10317824,-1562288,-198920,58381
34183,-17213440,-13981696,-732192,-51331,1069791
34193,-17213440,-16378880,-189080,-13276,1092319
34203,-17213440,-17427456,48488,-3687,740842
34213,-17213440,-17292288,17864,-989,47759
34223,-17213440,-16999424,-43616,-293,-231474
34233,-7757824,-16815104,2052040,3381475,5245590
34243,-6576128,-16649216,2282184,1177996,3335669
34253,-6576128,-15232000,1961096,323992,1572014
34263,-921600,-12530688,2630184,881396,2014144
34273,-338944,-9185280,2004248,368725,401694
34283,-338944,-6159360,1318688,101379,-562057
34293,-80896,-3988480,885312,58972,-540530
34303,0,-2960384,670712,34808,-99859
34313,0,-2719744,616192,9533,357090
34323,-4096,-2590720,586032,1934,578345
34333,-4096,-2268160,512952,494,518672
34343,-4096,-1769472,399968,91,367109
34353,-4096,-1207296,272600,0,212338
34363,0,-648192,146856,976,56308
34373,0,-286720,64960,219,76725
34383,0,38912,-8816,24,64402
34393,0,162816,-36888,0,99628
34403,3072,212992,-47560,482,151734
34413,3072,334848,-75168,91,81260
34423,6144,305152,-67744,689,135693
34433,6144,363520,-80968,146,106370
34443,3072,324608,-72848,-904,164501
34453,3072,440320,-99064,-275,79090
34463,3072,446464,-100456,-104,87950
34473,0,537600,-121800,-1050,7788
34483,0,419840,-95120,-312,110362
34493,0,434176,-98368,-116,70029
34503,0,435200,-98600,-92,26309
34514,0,335872,-76096,-92,86996
34524,0,174080,-39440,-92,189232
34534,0,217088,-49184,-92,93692
34544,0,245760,-55680,-92,14168
34554,0,125952,-28536,-92,82994
34564,0,-86016,19488,-92,223278
34574,0,-26624,6032,-92,125952
34584,0,46080,-10440,-92,36053
34594,0,27648,-6264,-92,64505
34604,0,-37888,8584,-92,133093
34614,0,-68608,15544,-92,165472
34624,0,106496,-24128,-92,-1422
34634,0,81920,-18560,-92,27573
34644,0,32768,-7424,-92,66767
34654,0,-56320,19024,-92,165133
34664,0,39936,-9048,-92,31058
34674,0,-33792,7656,-92,98256
34684,0,43008,-9744,-92,26517