R
Px,Ix,Dx,Py,Iy,Dy,Pz,Iz,FFrx,FFry,FFdrx,FFdry,satI,satPID,KFQAng,KFQbias,KFRmeas,CPx,CIx,CPy,CIy,CsatI,CsatPID,CFFdrx,CFFdry,CFalpha,iRelaxX,IRelaxY,DmaxR,DmaxE,DMx,DMy
58,80,47,58,80,47,250,0,20,0,0,0,500000,15000000,10,1,1000,0,0,0,0,0,0,0,0,0.995,1024,1024,0,0,0,0
sysTickMs,PIDRefXi,PIDSensXi,PIDPoutXi,PIDFFoutXi,PIDUXi
56931,0,-506880,114840,0,126175
56941,0,-506880,114840,0,126175
56951,0,-506880,114840,0,126175
56961,0,-506880,114840,0,126175
56971,0,-506880,114840,0,126175
56981,0,-506880,114840,0,126175
56991,0,-506880,114840,0,126175
57001,0,-506880,114840,0,126175
57011,0,-506880,114840,0,126175
57021,0,-506880,114840,0,126175
57031,0,-506880,114840,0,126175
57041,0,-506880,114840,0,126175
57051,0,-506880,114840,0,126175
57061,0,-506880,114840,0,126175
57071,0,-506880,114840,0,126175
57081,0,-506880,114840,0,126175
57091,0,-506880,114840,0,126175
57101,0,-506880,114840,0,126175
57111,0,-506880,114840,0,126175
57121,0,-506880,114840,0,126175
57131,0,-506880,114840,0,126175
57141,0,-506880,114840,0,126175
57151,0,-506880,114840,0,126175
57161,0,-506880,114840,0,126175
57171,0,-506880,114840,0,126175
57181,0,-506880,114840,0,126175
57191,0,-506880,114840,0,126175
57201,0,-506880,114840,0,126175
57211,0,-506880,114840,0,126175
57221,0,-506880,114840,0,126175
57231,0,-506880,114840,0,126175
57241,0,-506880,114840,0,126175
57251,0,-506880,114840,0,126175
57261,0,-506880,114840,0,126175
57271,0,-506880,114840,0,126175
57281,0,-506880,114840,0,126175
57291,0,-506880,114840,0,126175
57301,0,-506880,114840,0,126175
57311,0,-506880,114840,0,126175
57321,0,-506880,114840,0,126175
57331,0,-506880,114840,0,126175
57341,0,-506880,114840,0,126175
57351,0,-506880,114840,0,126175
57361,0,-506880,114840,0,126175
57371,0,-506880,114840,0,126175
57381,0,-506880,114840,0,126175
57391,0,-506880,114840,0,126175
57401,0,-506880,114840,0,126175
57411,0,-506880,114840,0,126175
57421,0,-506880,114840,0,126175
57431,0,-506880,114840,0,126175
57441,0,-506880,114840,0,126175
57451,0,-506880,114840,0,126175
57461,0,-506880,114840,0,126175
57471,0,-506880,114840,0,126175
57481,0,-506880,114840,0,126175
57491,0,-506880,114840,0,126175
57501,0,-506880,114840,0,126175
57511,0,-506880,114840,0,126175
57521,0,-506880,114840,0,126175
57531,0,-506880,114840,0,126175
57541,0,-506880,114840,0,126175
57551,0,-506880,114840,0,126175
57561,0,-506880,114840,0,126175
57571,0,-506880,114840,0,126175
57581,3072,5120,-464,117,-505
57591,3072,11264,-1856,117,-5431
57601,3072,10240,-1624,117,1017
57611,3072,9216,-1392,117,-2192
57621,3072,6144,-696,117,86
57631,3072,8192,-1160,117,-1778
57641,3072,2048,232,117,2782
57651,3072,1024,464,117,3236
57661,3072,7168,-928,117,-2019
57671,0,8192,-1856,0,-3077
57681,0,9216,-2088,0,-4408
57691,0,-1024,232,0,3503
57701,0,11264,-2552,0,-2813
57711,0,-13312,3248,0,14008
57721,0,10240,-2320,0,-8578
57731,0,21504,-4872,0,-11210
57741,0,-4096,928,0,8036
57751,0,21504,-4872,0,-18191
57761,0,22528,-5104,0,-10333
57771,0,-6144,1392,0,5268
57781,0,5120,-1160,0,1955
57791,0,9216,-2088,0,-7715
57801,0,-20480,4640,0,16050
57811,0,-44032,9976,0,26042
57821,0,-41984,9512,0,16867
57832,0,30720,-6960,0,-34994
57842,0,43008,-9744,0,-29506
57852,0,-7168,1624,0,15064
57862,0,-7168,1624,0,6278
57872,0,2048,-464,0,-3818
57882,0,-15360,3480,0,13564
57892,0,-14336,3248,0,6820
57902,0,21504,-4872,0,-23563
57912,0,12288,-2784,0,-8829
57922,0,-48128,10904,0,39615
57932,0,-48128,10904,0,25342
57942,0,-13312,3016,0,-9204
57952,0,-91136,20648,0,50049
57962,0,-69632,15776,0,11178
57972,0,-114688,25984,0,35699
57982,0,-172032,38976,0,74161
57992,0,-183296,41528,0,63761
58002,0,-243712,52664,0,85124
58012,0,-264192,59856,0,87243
58022,0,-259072,58696,0,60442
58032,0,-412672,93496,0,169845
58042,0,-398336,90248,0,123616
58052,0,-495616,112288,0,165703
58062,0,-412672,93496,0,110190
58072,0,-430080,97440,0,116559
58082,0,-472064,106952,0,147239
58092,0,-477184,108112,0,151565
58102,3072,-464896,106024,117,156135
58112,6144,-354304,81664,234,96430
58122,6144,-230400,53592,234,26878
58132,6144,-161792,38048,234,17440
58142,9216,-130048,31552,351,40145
58152,9216,-130048,31552,351,86483
58162,27648,-94208,27608,1054,72830
58172,27648,-89088,26448,1054,74158
58182,64512,-44032,24592,2460,46939
58192,64512,-50176,25984,2460,69562
58202,144384,-81920,47560,5507,111642
58212,162816,-73728,53592,6210,130566
58222,162816,-23552,42224,6210,94166
58232,252928,52224,45472,9648,76847
58242,252928,178176,16936,9648,10175
58252,365568,174080,43384,13945,105987
58262,384000,246784,31088,14648,82710
58272,384000,288768,21576,14648,78852
58282,384000,309248,16936,14648,87341
58292,545792,364544,41064,20820,106597
58302,605184,440320,37352,23085,89941
58312,605184,503808,22968,23085,68197
58322,759808,552960,46864,28984,97196
58332,780288,529408,56840,29765,142722
58342,808960,515072,66584,30859,178090
58352,878592,598016,63568,33515,151091
58362,878592,702464,39904,33515,113792
58372,947200,781312,37584,36132,124618
58382,956416,942080,3248,36484,45116
58392,1116160,1055744,13688,42578,41256
58402,1161216,1094656,15080,44296,73785
58412,1184768,1164288,4640,45195,63600
58422,1220608,1225728,-1160,46562,62510
58432,1220608,1244160,-5336,46562,93892
58442,1220608,1310720,-20416,46562,72569
58452,1208320,1431552,-50576,46093,1084
58462,1208320,1466368,-58464,46093,20598
58472,1208320,1472512,-59856,46093,40753
58482,1208320,1468416,-58928,46093,49078
58492,1220608,1470464,-56608,46562,47236
58502,1208320,1478656,-61248,46093,23782
58512,1208320,1421312,-48256,46093,52653
58522,1208320,1378304,-38512,46093,61795
58532,1116160,1314816,-45008,42578,54886
58542,947200,1277952,-74936,36132,1532
58552,878592,1226752,-78880,33515,-5508
58562,707584,1167360,-104168,26992,-41634
58572,707584,1105920,-90248,26992,-44817
58582,707584,997376,-65656,26992,-21637
58592,707584,842752,-30624,26992,33713
58602,707584,718848,-2552,26992,69352
58612,707584,654336,12064,26992,68435
58622,540672,627712,-19720,20625,-17453
58632,545792,635904,-20416,20820,-21694
58642,545792,579584,-7656,20820,6473
58652,545792,518144,6264,20820,37131
58662,549888,444416,23896,20976,72579
58672,549888,407552,32248,20976,74767
58682,549888,397312,34568,20976,57252
58692,555008,418816,30856,21171,25054
58702,555008,413696,32016,21171,25126
58712,549888,390144,36192,20976,51299
58722,549888,374784,43616,20976,88369
58732,549888,356352,43848,20976,100043
58742,549888,318464,52432,20976,138175
58752,549888,334848,48720,20976,104748
58762,574464,352256,50344,21914,106577
58772,625664,353280,61712,23867,115165
58782,625664,370688,57768,23867,96735
58792,625664,353280,61712,23867,118299
58802,631808,381952,56608,24101,119089
58812,631808,392192,54288,24101,107023
58822,625664,429056,44544,23867,87333
58832,625664,495616,29464,23867,43834
58842,564224,542720,4872,21523,1175
58852,509952,556032,-10440,19453,-13844
58862,500736,523264,-5104,19101,16809
58872,500736,475136,5800,19101,59862
58882,416768,429056,-2784,15898,72023
58892,409600,370688,8816,15625,104927
58902,376832,352256,8352,14375,93098
58912,342016,304128,8584,13046,85875
58922,342016,270336,16240,13046,82560
58932,224256,237568,-7656,8554,28255
58942,181248,220160,-8816,6914,20316
58952,144384,181248,-8352,5507,13544
58962,144384,108544,8120,5507,47175
58972,30720,50176,-4408,1171,39102
58982,30720,13312,9280,1171,61427
58992,9216,-61440,16008,351,65251
59002,3072,-137216,31784,117,92078
59012,0,-193536,43848,0,102935
59022,0,-269312,61016,0,133204
59032,0,-291840,66120,0,120652
59042,0,-304128,68904,0,117599
59052,0,-283648,64264,0,98687
59062,0,-271360,61480,0,94550
59072,0,-230400,52200,0,61934
59082,0,-214016,48488,0,59252
59092,0,-231424,52432,0,89090
59103,0,-256000,58000,0,111705
59113,0,-259072,58696,0,121569
59123,0,-230400,46168,0,72017
59133,0,-197632,44776,0,70121
59143,0,-216064,48952,0,93259
59153,9216,-229376,54056,351,110345
59163,9216,-243712,57304,351,126759
59173,12288,-214016,51272,468,105503
59183,12288,-208896,50112,468,110536
59193,12288,-156672,38280,468,72115
59203,12288,-151552,37120,468,78556
59213,12288,-150528,36888,468,90045
59223,12288,-167936,40832,468,112697
59233,12288,-190464,45936,468,134176
59243,27648,-180224,47096,1054,125211
59253,27648,-182272,47560,1054,123884
59263,43008,-152576,44312,1640,101660
59273,43008,-156672,45240,1640,109822
59283,43008,-169984,48256,1640,126112
59293,6144,-158720,37352,234,108086
59303,0,-162816,36888,0,112806
59313,0,-169984,38512,0,118215
59323,-4096,-197632,43848,-157,141112
59333,-4096,-222208,49416,-157,133674
59343,-4096,-194560,43152,-157,137967
59353,-4096,-161792,35728,-157,103718
59363,-4096,-145408,32016,-157,85687
59373,-4096,-149504,32944,-157,91486
59383,-4096,-179200,39672,-157,123238
59393,-4096,-192512,42688,-157,144338
59403,-4096,-174080,38512,-157,150349
59413,-4096,-143360,31552,-157,122327
59423,-402432,-124928,-62872,-15352,2190
59433,-402432,-121856,-63568,-15352,-6736
59443,-524288,-169984,-80272,-20000,-19718
59453,-585728,-256000,-74704,-22344,-7685
59463,-601088,-388096,-48256,-22930,32546
59473,-601088,-537600,-14384,-22930,71982
59483,-601088,-704512,23432,-22930,118698
59493,-601088,-887808,64960,-22930,180459
59503,-747520,-986112,54056,-28516,147483
59513,-847872,-1067008,49648,-32344,129654
59523,-879616,-1113088,52896,-33555,124631
59533,-887808,-1170432,64032,-33868,131855
59543,-897024,-1204224,69600,-34219,125056
59553,-930816,-1213440,64032,-35508,96725
59563,-940032,-1212416,61712,-35860,72338
59573,-940032,-1244160,68904,-35860,84984
59583,-1004544,-1291264,64960,-38321,101748
59593,-1004544,-1349632,78184,-38321,147520
59603,-1043456,-1394688,79576,-39805,166172
59613,-1043456,-1406976,82360,-39805,152202
59623,-1063936,-1424384,81664,-40586,128667
59633,-1063936,-1438720,84912,-40586,109133
59643,-1106944,-1513472,92104,-42227,138204
59653,-1095680,-1536000,99760,-41797,163553
59663,-1085440,-1569792,109736,-41407,193297
59673,-1085440,-1536000,102080,-41407,161217
59683,-1074176,-1484800,93032,-40977,122207
59693,-1074176,-1467392,89320,-40977,122910
59703,-1074176,-1471488,90016,-40977,143164
59713,-1074176,-1472512,90248,-40977,166076
59723,-1074176,-1427456,80040,-40977,146036
59733,-1074176,-1369088,66816,-40977,116674
59743,-1053696,-1326080,61712,-40196,105214
59753,-1053696,-1330176,62640,-40196,122723
59763,-1053696,-1360896,69600,-40196,161067
59773,-1053696,-1329152,62408,-40196,142232
59783,-1043456,-1284096,54520,-39805,121095
59793,-1043456,-1245184,45704,-39805,105385
59803,-1043456,-1207296,37120,-39805,90043
59813,-1043456,-1210368,37816,-39805,116123
59823,-1013760,-1197056,41528,-38672,131789
59833,-1013760,-1181696,38048,-38672,135340
59843,-1004544,-1137664,30160,-38321,111745
59853,-1004544,-1121280,26448,-38321,106173
59863,-1004544,-1114112,24824,-38321,104588
59873,-1004544,-1149952,32944,-38321,140053
59883,-1004544,-1156096,34336,-38321,139083
59893,-1013760,-1170432,35496,-38672,145809
59903,-1013760,-1163264,33872,-38672,135905
59913,-1013760,-1187840,39440,-38672,159136
59923,-1013760,-1198080,41760,-38672,167551
59933,-1013760,-1157120,32480,-38672,129429
59943,-1004544,-1096704,20880,-38321,82719
59953,-1004544,-1102848,22272,-38321,104965
59963,-1004544,-1126400,26448,-38321,131220
59973,-1004544,-1112064,24360,-38321,124946
59983,-1004544,-1094656,20416,-38321,111934
59993,-1004544,-1143808,31552,-38321,164513
60003,-1004544,-1103872,22504,-38321,131484
60013,-1004544,-1104896,22736,-38321,138508
60023,-1004544,-1156096,34336,-38321,187005
60033,-1004544,-1125376,27376,-38321,149337
60043,-1004544,-1152000,33408,-38321,165999
60053,-1004544,-1201152,44544,-38321,204598
60063,-1004544,-1160192,35264,-38321,150422
60073,-1004544,-1164288,36192,-38321,169313
60083,-1004544,-1174528,38512,-38321,182034
60093,-1013760,-1126400,25520,-38672,142326
60103,-1013760,-1139712,28536,-38672,167648
60113,-1013760,-1094656,18328,-38672,136259
60123,-1013760,-1103872,20416,-38672,155310
60133,-1013760,-1119232,23896,-38672,171680
60143,-1013760,-1086464,16472,-38672,143400
60153,-1004544,-1129472,28304,-38321,184021
60163,-1004544,-1095680,20648,-38321,147315
60173,-1004544,-1123328,26912,-38321,173360
60183,-957440,-1102848,32944,-36524,167271
60193,-649216,-1075200,96512,-24766,219739
60203,-649216,-1037312,87928,-24766,221911
60213,-235520,-921600,155440,-8985,269768
60223,-179200,-797696,140128,-6836,241709
60233,-179200,-552960,84680,-6836,131549
60243,-4096,-385024,79576,-157,137777
60253,0,-121856,27608,0,58241
60263,0,44032,-9976,0,47109
60273,0,222208,-50344,0,-5829
60283,0,293888,-66584,0,22336
60293,0,333824,-75632,0,39906
60303,0,361472,-81896,0,43765
60313,0,308224,-69832,0,105206
60323,0,338944,-76792,0,68910
60333,0,289792,-65656,0,99415
60344,0,333824,-75632,0,29041
60354,0,345088,-78184,0,-5966
60364,0,297984,-67512,0,12198
60374,0,251904,-57072,0,25816
60384,0,154624,-35032,0,88086
60394,0,27648,-6264,0,168218
60404,0,12288,-2784,0,145182
60414,0,-24576,5568,0,138898
60424,0,59392,-13456,0,28591
60434,0,45056,-10208,0,27312
60444,12288,-14336,6032,468,76283
60454,79872,29696,11368,3046,54717
60464,119808,-37888,35728,4570,144743
60474,119808,-4096,27144,4570,127761
60484,266240,49152,49184,10156,150230
60494,266240,126976,31552,10156,106036
60504,345088,248832,21808,13164,36006
60514,358400,330752,6264,13671,34256
60524,432128,414720,3944,16484,24525
60534,455680,452608,696,17382,43292
60544,455680,462848,-1624,17382,80069
60554,455680,543744,-19952,17382,39496
60564,1138688,566272,129688,43437,242793
60574,1270784,743424,119480,48476,166546
60584,1528832,886784,145464,58320,192292
60594,1610752,1139712,106720,61445,114553
60604,1971200,1374208,140592,75195,192039
60614,2102272,1605632,112520,80195,165255
60624,2267136,1851392,94192,86484,169460
60634,2367488,2100224,60552,90312,140163
60644,2367488,2349056,4176,90312,72383
60654,2756608,2571264,41992,105156,131704
60664,2756608,2821120,-23664,105156,18396
60674,2942976,3031040,-19952,112265,51915
60684,2942976,3244032,-68208,112265,-11995
60694,2942976,3396608,-102776,112265,-37655
60704,2942976,3453952,-115768,112265,6037
60714,3107840,3518464,-93032,118554,54796
60724,3107840,3532800,-96280,118554,78886
60734,3210240,3580928,-83984,122460,69984
60744,3280896,3633152,-79808,125156,2885
60754,3316736,3661824,-78184,126523,10079
60764,3316736,3719168,-91176,126523,-34114
60774,3617792,3726336,-24592,138007,60003
60784,3617792,3678208,-13688,138007,123402
60794,3617792,3743744,-28536,138007,58278
60804,3697664,3825664,-29000,141054,68366
60814,3697664,3874816,-40136,141054,61927
60824,3697664,3942400,-55448,141054,37802
60834,3657728,3945472,-65192,139531,59604
60844,3617792,3941376,-73312,138007,73030
60854,3540992,4045824,-114376,135078,-34757
60864,3540992,4068352,-119480,135078,-50765
60874,2974720,3983360,-228520,113476,-136634
60884,2911232,3827712,-207640,111054,-49370
60894,2393088,3702784,-296728,91289,-152848
60904,2219008,3531776,-297424,84648,-161282
60914,1697792,3261440,-354264,64765,-223590
60924,1245184,2781184,-348000,47500,-124709
60934,1245184,2365440,-253808,47500,-48
60944,808960,2062336,-283968,30859,-143811
60954,808960,1634304,-186992,30859,-26780
60964,808960,1150976,-77488,30859,96274
60974,808960,835584,-6032,30859,101115
60984,110592,605184,-112056,4218,-75089
60994,0,323584,-73312,0,-53638
61004,0,40960,-9280,0,29907
61014,-4096,-177152,39208,-157,64960
61024,-4096,-343040,76792,-157,60469
61034,-4096,-528384,118784,-157,125092
61044,-4096,-650240,146392,-157,131745
61054,-74752,-690176,139432,-2852,108909
61064,-74752,-692224,139896,-2852,114415
61074,-157696,-616448,103936,-6016,53968
61084,-157696,-538624,86304,-6016,37966
61094,-229376,-536576,69600,-8750,40718
61104,-338944,-524288,41992,-12930,26641
61114,-388096,-493568,23896,-14805,-1106
61124,-388096,-551936,37120,-14805,47835
61134,-388096,-574464,42224,-14805,22012
61144,-388096,-579584,43384,-14805,17151
61154,-611328,-662528,11600,-23321,8941
61164,-660480,-701440,9280,-25196,1253
61174,-708608,-781312,16472,-27032,28762
61184,-774144,-909312,30624,-29532,69409
61194,-817152,-950272,30160,-31172,54775
61204,-1013760,-995328,-4176,-38672,-7981
61214,-1043456,-1106944,14384,-39805,33110
61224,-1043456,-1165312,27608,-39805,24897
61234,-1043456,-1318912,62408,-39805,107645
61244,-1128448,-1421312,66352,-43047,125686
61254,-1150976,-1455104,68904,-43907,102624
61264,-1150976,-1522688,84216,-43907,125971
61274,-1150976,-1557504,92104,-43907,122515
61284,-1233920,-1553408,72384,-47071,68133
61294,-1233920,-1609728,85144,-47071,102570
61304,-1271808,-1612800,77256,-48516,77377
61314,-1271808,-1630208,81200,-48516,82188
61324,-1271808,-1718272,101152,-48516,146283
61334,-1271808,-1712128,99760,-48516,119090
61344,-1285120,-1764352,108576,-49024,148015
61354,-1285120,-1754112,106256,-49024,125178
61364,-1379328,-1729536,79344,-52618,81673
61374,-1379328,-1771520,88856,-52618,123781
61384,-1453056,-1758208,69136,-55430,87275
61394,-1453056,-1785856,75400,-55430,106088
61404,-1546240,-1829888,64264,-58985,105255
61414,-1546240,-1860608,71224,-58985,108752
61424,-1546240,-1945600,90480,-58985,161464
61434,-1735680,-1970176,53128,-66211,103192
61444,-1810432,-1978368,38048,-69063,69531
61454,-1909760,-2061312,34336,-72852,92423
61464,-1930240,-2103296,39208,-73633,85018
61474,-2080768,-2207744,28768,-79375,86556
61484,-2220032,-2333696,25752,-84688,103497
61494,-2473984,-2410496,-14384,-94375,29668
61504,-2473984,-2525184,11600,-94375,57736
61514,-2757632,-2692096,-14848,-105196,51346
61524,-2757632,-2810880,12064,-105196,57339
61534,-3041280,-2968576,-16472,-116016,21033
61544,-3211264,-3191808,-4408,-122500,60612
61554,-3247104,-3349504,23200,-123868,69342
61564,-3247104,-3495936,56376,-123868,89145
61574,-3247104,-3685376,99296,-123868,144173
61584,-3281920,-3832832,122728,-125196,155355
61594,-3281920,-3890176,137808,-125196,139053
61604,-3041280,-3964928,209264,-116016,219728
61614,-3041280,-3965952,209496,-116016,194150
61624,-2788352,-3883008,248008,-106368,198304
61634,-2788352,-3809280,231304,-106368,181692
61644,-2669568,-3635200,218776,-101836,133385
61654,-2698240,-3511296,184208,-102930,123765
61665,-2727936,-3335168,137576,-104063,63434
61675,-2727936,-3252224,118784,-104063,81760
61685,-2727936,-3180544,102544,-104063,86873
61695,-2727936,-3122176,89320,-104063,91394
61705,-2698240,-3143680,100920,-102930,138056
61715,-2555904,-3109888,125512,-97500,164852
61725,-2555904,-3103744,124120,-97500,183295
61735,-2555904,-3088384,120640,-97500,191391
61745,-2125824,-3008512,199984,-81094,267640
61755,-1482752,-2940928,330368,-56563,428073
61765,-1482752,-2714624,279096,-56563,317600
61775,-1271808,-2489344,275848,-48516,315971
61785,-1246208,-2115584,196968,-47540,187556
61795,-1128448,-1811456,154744,-43047,169959
61805,-1128448,-1473536,78184,-43047,94280
61815,-690176,-1253376,127600,-26329,220570
61825,-690176,-1010688,72616,-26329,173871
61835,-260096,-865280,137112,-9922,294367
61845,-260096,-650240,88392,-9922,226400
61855,-4096,-485376,109040,-157,275123
61865,39936,-224256,59856,1523,185036
61875,39936,26624,3016,1523,112920
61885,39936,222208,-41296,1523,79407
61895,218112,460800,-54984,8320,42137
61905,218112,542720,-73544,8320,19152
61915,384000,717824,-75632,14648,26260
61925,409600,790528,-86304,15625,27412
61935,540672,873472,-75400,20625,32838
61945,540672,930816,-88392,20625,23138
61955,695296,950272,-57768,26523,89005
61965,695296,1027072,-75168,26523,54597
61975,695296,1041408,-78416,26523,76793
61985,1270784,1065984,46400,48476,197887
61995,1270784,1165312,23896,48476,175310
62005,1270784,1239040,7192,48476,158036
62015,1908736,1412096,112520,72812,234169
62025,1908736,1618944,65656,72812,158350
62035,2367488,1873920,111824,90312,188257
62045,2527232,2193408,75632,96406,121994
62055,2527232,2496512,6960,96406,50991
62065,2527232,2796544,-61016,96406,-21762
62075,3074048,2994176,18096,117265,130082
62085,3280896,3194880,19488,125156,161083
62095,3280896,3330048,-11136,125156,169614
62105,3697664,3533824,37120,141054,226702
62115,3697664,3747840,-11368,141054,168332
62125,3819520,3982336,-36888,145703,139244
62135,3819520,4273152,-102776,145703,23926
62145,3819520,4454400,-143840,145703,-5851
62155,3819520,4684800,-196040,145703,-104271
62165,3861504,4788224,-209960,147304,-115981
62175,3861504,4762624,-204160,147304,-66048
62185,3861504,4755456,-202536,147304,-48425
62195,4075520,4652032,-130616,155468,54061
62205,4075520,4569088,-111824,155468,80288
62215,4119552,4576256,-103472,157148,46313
62225,4164608,4659200,-112056,158867,-32006
62235,4164608,4646912,-109272,158867,1100
62245,4209664,4659200,-101848,160585,10172
62255,4209664,4664320,-103008,160585,33250
62265,4209664,4669440,-104168,160585,52102
62275,4209664,4738048,-119712,160585,-1769
62285,4209664,4836352,-141984,160585,-87389
62295,4209664,4827136,-139896,160585,-80754
62305,4209664,4709376,-113216,160585,24797
62315,4301824,4714496,-93496,164101,19256
62325,4301824,4787200,-109968,164101,-26926
62335,4301824,4814848,-116232,164101,-38344
62345,4164608,4794368,-142680,158867,-50271
62355,4164608,4770816,-137344,158867,-37599
62365,2879488,4726784,-418528,109843,-364579
62375,2879488,4586496,-386744,109843,-301795
62385,1610752,4231168,-593688,61445,-464690
62395,1378304,3746816,-536616,52578,-327919
62405,653312,3226624,-583016,24921,-400942
62415,653312,2432000,-402984,24921,-109776
62425,337920,1928192,-360296,12890,-190657
62435,240640,1106944,-196272,9179,70051
62445,240640,681984,-99992,9179,39260
62455,0,268288,-60784,0,-4171
62465,-44032,-45056,232,-1680,-16046
62475,-74752,-263168,42688,-2852,13475
62485,-83968,-621568,121800,-3204,135835
62495,-114688,-742400,142216,-4375,103162
62505,-114688,-762880,146856,-4375,39880
62515,-267264,-881664,139200,-10196,66154
62525,-292864,-966656,152656,-11172,113502
62535,-292864,-928768,144072,-11172,72941
62545,-444416,-884736,99760,-16954,5232
62555,-444416,-907264,104864,-16954,37602
62565,-444416,-919552,107648,-16954,67770
62575,-643072,-960512,71920,-24532,85378
62585,-660480,-973824,70992,-25196,67578
62595,-747520,-924672,40136,-28516,-8734
62605,-747520,-975872,51736,-28516,67839
62615,-864256,-1058816,44080,-32969,47496
62625,-905216,-1154048,56376,-34532,94164
62635,-1013760,-1209344,44312,-38672,78435
62645,-1033216,-1216512,41528,-39415,31438
62655,-1033216,-1344512,70528,-39415,100585
62665,-1209344,-1476608,60552,-46133,113725
62675,-1209344,-1552384,77720,-46133,118504
62685,-1310720,-1678336,83288,-50000,153483
62695,-1310720,-1675264,82592,-50000,91689
62705,-1482752,-1717248,53128,-56563,39632
62715,-1498112,-1820672,73080,-57149,93502
62725,-1579008,-1876992,67512,-60235,82529
62735,-1629184,-1979392,79344,-62149,120642
62745,-1629184,-2029568,90712,-62149,119727
62755,-1735680,-2050048,71224,-66211,61820
62765,-1735680,-2139136,91408,-66211,77893
62775,-1869824,-2147328,62872,-71329,30467
62785,-1889280,-2264064,84912,-72071,102398
62795,-1889280,-2301952,93496,-72071,100732
62805,-2080768,-2340864,58928,-79375,53452
62815,-2342912,-2397184,12296,-89375,-25225
62825,-2368512,-2393088,5568,-90352,-56791
62835,-2368512,-2540544,38976,-90352,27306
62845,-2528256,-2679808,34336,-96446,36989
62855,-2528256,-2795520,60552,-96446,67179
62865,-2583552,-2934784,79576,-98555,98009
62875,-2669568,-2992128,73080,-101836,51658
62885,-2788352,-3099648,70528,-106368,59178
62896,-2848768,-3206144,80968,-108672,90022
62906,-2848768,-3268608,95120,-108672,109192
62916,-2848768,-3324928,107880,-108672,120550
62926,-2848768,-3303424,103008,-108672,67548
62936,-2848768,-3359744,115768,-108672,95047
62946,-2848768,-3399680,124816,-108672,113793
62956,-2848768,-3443712,134792,-108672,146039
62966,-2848768,-3416064,128528,-108672,117438
62976,-2880512,-3355648,107648,-109883,61589
62986,-2880512,-3344384,105096,-109883,64082
62996,-2880512,-3336192,103240,-109883,72951
63006,-2880512,-3397632,117160,-109883,135238
63016,-2880512,-3368960,110664,-109883,112943
63026,-2880512,-3362816,109272,-109883,118852
63036,-2788352,-3294208,114608,-106368,89900
63046,-2196480,-3277824,244992,-83790,255717
63056,-2196480,-3225600,233160,-83790,226008
63066,-1366016,-3153920,405072,-52110,467640
63076,-1033216,-2846720,410872,-39415,402786
63086,-632832,-2502656,423632,-24141,366934
63096,-580608,-1958912,312272,-22149,218979
63106,-590848,-1436672,191632,-22540,69206
63116,-595968,-1077248,109040,-22735,42889
63126,-595968,-671744,17168,-22735,-36441
63136,-590848,-452608,-31320,-22540,-18650
63146,-590848,-389120,-45704,-22540,63481
63156,-590848,-305152,-64728,-22540,49625
63166,-585728,-287744,-67512,-22344,64310
63176,-585728,-217088,-83520,-22344,5293
63186,-580608,-266240,-71224,-22149,57571
63196,-515072,-319488,-44312,-19649,112841
63206,-515072,-358400,-35496,-19649,132337
63216,-392192,-271360,-27376,-14961,61876
63226,-322560,-387072,14616,-12305,187021
63236,-322560,-370688,10904,-12305,171195
63246,-322560,-293888,-6496,-12305,109767
63256,-130048,-181248,11600,-4961,130083
63266,-130048,-231424,22968,-4961,143377
63276,-87040,-195584,24592,-3321,147976
63286,-47104,-104448,12992,-1797,106989
63296,-47104,-59392,2784,-1797,124470
63306,-4096,1024,-1160,-157,134146
63316,0,63488,-14384,0,128409
63326,0,224256,-50808,0,17651
63336,0,282624,-64032,0,-4230
63346,0,276480,-62640,0,20443
63356,0,230400,-52200,0,65134
63366,9216,267264,-58464,351,17918
63376,12288,225280,-48256,468,50469
63386,107520,181248,-16704,4101,99135
63396,119808,189440,-15776,4570,87099
63406,175104,273408,-22272,6679,17391
63416,175104,247808,-16472,6679,72000
63426,175104,196608,-4872,6679,109164
63436,246784,243712,696,9414,94686
63446,246784,288768,-9512,9414,66306
63456,387072,364544,5104,14765,56449
63466,387072,345088,9512,14765,96765
63476,518144,389120,29232,19765,117363
63486,620544,404480,115536,36484,213147
63496,1173504,577536,135024,44765,197416
63506,1173504,676864,112520,44765,184100
63516,1628160,908288,163096,62109,199393
63526,2171904,1119232,238496,82851,309522
63536,2367488,1476608,201840,90312,237172
63546,2697216,1787904,206016,102890,272721
63556,2697216,2225152,106952,102890,136968
63566,3040256,2554880,109968,115976,188331
63576,3040256,2928640,25288,115976,96223
63586,3389440,3198976,43152,129296,169317
63596,3540992,3467264,16704,135078,145630
63606,3617792,3690496,-16472,138007,133132
63616,3697664,3893248,-44312,141054,105940
63626,3697664,4148224,-102080,141054,21602
63636,3697664,4273152,-130384,141054,15295
63646,3697664,4411392,-161704,141054,-36007
63656,3697664,4473856,-175856,141054,-30459
63666,3697664,4519936,-186296,141054,-59265
63676,3697664,4561920,-195808,141054,-111948
63686,3697664,4483072,-177944,141054,-61725
63696,3697664,4347904,-147320,141054,70804
63706,3697664,4218880,-118088,141054,89923
63716,3697664,4213760,-116928,141054,53238
63726,3697664,4211712,-116464,141054,28876
63736,3697664,4202496,-114376,141054,12172
63746,3697664,4173824,-107184,141054,21144
63756,3697664,4160512,-104864,141054,12531
63766,2847744,4105216,-284896,108632,-184630
63776,2756608,4008960,-283736,105156,-162221
63786,1992704,3869696,-425256,76015,-315842
63796,1452032,3647488,-497408,55390,-386618
63806,1452032,3241984,-405536,55390,-196306
63816,896000,2770944,-424792,34179,-210724
63826,896000,2269184,-311112,34179,-84931
63836,504832,1707008,-272368,19257,-10679
63846,401408,1295360,-202536,15312,-14270
63856,321536,992256,-151960,12265,-65884
63866,259072,651264,-88856,9882,-15193
63876,172032,336896,-37352,6562,37836
63886,27648,88064,-24128,1054,-8348
63896,0,-33792,7656,0,-14755
63906,-37888,-230400,43616,-1446,20360
63916,-59392,-409600,79344,-2266,73881
63926,-59392,-560128,113448,-2266,120535
63936,-136192,-591872,103240,-5196,45470
63946,-136192,-670720,121104,-5196,82254
63956,-136192,-770048,143608,-5196,140526
63966,-328704,-782336,102776,-12540,73827
63976,-328704,-754688,96512,-12540,50968
63986,-328704,-703488,84912,-12540,14004
63996,-501760,-647168,32944,-19141,-75980
64006,-595968,-729088,30160,-22735,-18918
64016,-616448,-826368,47560,-23516,50071
64026,-677888,-891904,48488,-25860,62710
64036,-677888,-953344,62408,-25860,86767
64046,-677888,-1026048,78880,-25860,118969
64057,-1013760,-1018880,1160,-38672,-10315
64067,-1162240,-1122304,-9048,-44336,18622
64077,-1221632,-1243136,4872,-46602,65949
64087,-1408000,-1309696,-27608,-53711,-12333
64097,-1408000,-1391616,-3712,-53711,11252
64107,-1514496,-1482752,-7192,-57774,-19420
64117,-1529856,-1580032,11368,-58360,-16151
64127,-1529856,-1737728,47096,-58360,52387
64137,-1681408,-1886208,46400,-64141,79053
64147,-1889280,-1963008,16704,-72071,27788
64157,-1972224,-2045952,16704,-75235,27759
64167,-2318336,-2118656,-45240,-88438,-51948
64177,-2528256,-2292736,-53360,-96446,-29108
64187,-2528256,-2539520,2552,-96446,72160
64197,-2528256,-2697216,38280,-96446,93399
64207,-2528256,-2866176,76560,-96446,114641
64217,-2528256,-3023872,112288,-96446,145598
64227,-4210688,-3092480,-253344,-160625,-352655
64237,-4256768,-3204096,-238496,-162383,-348539
64247,-4256768,-3487744,-174232,-162383,-193107
64257,-4256768,-3833856,-95816,-162383,-83855
64267,-4444160,-4251648,-43616,-169532,39061
64277,-4444160,-4761600,71920,-169532,181411
64287,-4348928,-5072896,164024,-165899,221400
64297,-4348928,-5172224,186528,-165899,139323
64307,-4348928,-5251072,204392,-165899,110127
64317,-4348928,-5316608,219240,-165899,115351
64327,-3465216,-5303296,416440,-132188,318804
64337,-3465216,-5310464,418064,-132188,343310
64347,-1754112,-5055488,747968,-66915,640290
64357,-1754112,-4639744,653776,-66915,463025
64367,-1754112,-3928064,492536,-66915,171004
64377,-286720,-3273728,676744,-10938,384705
64387,-286720,-2510848,503904,-10938,201999
64397,-286720,-1828864,349392,-10938,96166
64407,0,-1215488,275384,0,77434
64417,0,-752640,170520,0,65435
64427,0,-354304,80272,0,14016
64437,12288,-94208,24128,468,36669
64447,178176,142336,8120,6796,51982
64457,178176,277504,-22504,6796,57723
64467,372736,363520,2088,14218,128258
64477,372736,478208,-23896,14218,87647
64487,372736,581632,-47328,14218,48821
64497,531456,642048,-25056,20273,87388
64507,579584,729088,-33872,22109,65890
64517,579584,811008,-52432,22109,41668
64527,863232,865280,3248,32929,136289
64537,863232,930816,-15312,32929,112637
64547,1324032,1053696,61248,50507,190307
64557,1364992,1166336,45008,52070,186350
64567,1680384,1349632,74936,64101,209008
64577,1908736,1585152,73312,72812,192041
64587,1908736,1805312,23432,72812,141464
64597,2974720,2060288,207176,113476,354820
64607,2974720,2350080,141520,113476,290999
64617,4687872,2680832,454720,178828,625315
64627,4998144,3306496,383264,190664,442876
64637,5737472,3971072,400200,218867,438638
64647,6240256,4864000,311808,238046,284940
64657,6643712,5690368,204392,253437,174114
64667,6713344,6481920,52432,256093,70764
64677,6782976,7182336,-90480,258750,-28717
64687,6782976,7706624,-209264,258750,-105803
64697,6782976,8014848,-279096,258750,-83440
64707,6713344,8254464,-349160,256093,-151982
64717,6713344,8312832,-362384,256093,-147964
64727,6713344,8225792,-342664,256093,-100532
64737,6713344,8082432,-310184,256093,-28940
64747,6713344,7940096,-277936,256093,8064
64757,6575104,7757824,-267960,250820,36112
64767,6506496,7582720,-243832,248203,72111
64777,6506496,7440384,-211584,248203,102388
64787,5558272,7394304,-415976,212031,-200614
64797,5558272,7293952,-393240,212031,-193666
64807,4301824,7109632,-636144,164101,-468342
64817,3578880,6673408,-701104,136523,-459485
64827,3578880,6030336,-555408,136523,-202270
64837,2148352,5261312,-705280,81953,-347038
64847,1828864,4388864,-580000,69765,-176234
64857,676864,3598336,-661896,25820,-327954
64867,451584,2755584,-522000,17226,-217571
64877,451584,1864704,-320160,17226,14358
64887,89088,1147904,-239888,3398,-28889
64897,89088,529408,-99760,3398,87850
64907,-90112,-135168,10208,-3438,150749
64917,-90112,-536576,101152,-3438,173680
64927,-90112,-779264,156136,-3438,121969
64937,-260096,-910336,147320,-9922,82269
64947,-325632,-1064960,167504,-12422,110090
64957,-325632,-1199104,197896,-12422,168781
64967,-519168,-1257472,167272,-19805,122639
64977,-637952,-1309696,152192,-24336,107193
64987,-660480,-1383424,163792,-25196,144469
64997,-985088,-1403904,94888,-37579,52997
65007,-1033216,-1409024,85144,-39415,23821
65017,-1033216,-1481728,101616,-39415,73380
65027,-1221632,-1545216,73312,-46602,47265
65037,-1514496,-1611776,22040,-57774,-31376
65047,-1514496,-1687552,39208,-57774,13652
65057,-2036736,-1862656,-39440,-77696,-30077
65067,-2036736,-2036736,0,-77696,39706
65077,-2420736,-2229248,-43384,-92344,-9178
65087,-2698240,-2465792,-52664,-102930,-18491
65097,-2788352,-2755584,-7424,-106368,49166
65107,-2944000,-3095552,34336,-112305,115994
65117,-3465216,-3369984,-18096,-132188,34624
65127,-3542016,-3629056,19720,-135118,49224
65137,-3542016,-3845120,68672,-135118,68007
65147,-3989504,-4064256,16936,-152188,-5337
65157,-4210688,-4310016,22504,-160625,1597
65167,-4210688,-4558848,78880,-160625,73135
65177,-4396032,-4783104,87696,-167696,56772
65187,-4396032,-4970496,130152,-167696,62934
65197,-4491264,-5156864,150800,-171329,58632
65207,-4540416,-5371904,188384,-173204,104964
65217,-4540416,-5545984,227824,-173204,147586
65227,-4540416,-5690368,260536,-173204,184747
65237,-4444160,-5753856,296728,-169532,203281
65247,-4444160,-5778432,302296,-169532,188946
65257,-4302848,-5816320,342896,-164141,256962
65267,-4302848,-5727232,323176,-164141,199991
65277,-4348928,-5653504,295568,-165899,162989
65287,-4348928,-5618688,287680,-165899,187226
65297,-4348928,-5528576,267264,-165899,158944
65307,-4348928,-5491712,258912,-165899,177553
65317,-4348928,-5455872,250792,-165899,184083
65327,-4348928,-5395456,237104,-165899,169489
65337,-4348928,-5360640,229216,-165899,188586
65348,-4348928,-5306368,216920,-165899,165627
65358,-4256768,-5225472,219472,-162383,184136
65368,-4256768,-5226496,219704,-162383,227947
65378,-4256768,-5120000,195576,-162383,175356
65388,-3247104,-5019648,401592,-123868,408241
65398,-2500608,-4867072,536152,-95391,554489
65408,-2125824,-4519936,542416,-81094,517122
65418,-1351680,-3986432,596936,-51563,515189
65428,-1106944,-3311616,499496,-42227,365047
65438,-684032,-2649088,445208,-26094,303120
65448,-590848,-1972224,312968,-22540,186217
65458,-590848,-1352704,172608,-22540,76694
65468,-319488,-880640,127136,-12188,115900
65478,-319488,-462848,32480,-12188,83460
65488,-90112,-147456,12992,-3438,124376
65498,-90112,70656,-36424,-3438,137953
65508,0,269312,-61016,0,137162
65518,0,363520,-82360,0,157723
65528,0,508928,-115304,0,94232
65538,0,551936,-125048,0,98421
65548,0,615424,-139432,0,49389
65558,0,579584,-131312,0,71955
65568,0,569344,-128992,0,45235
65578,0,466944,-105792,0,94715
65588,0,436224,-98832,0,62840
65598,0,362496,-82128,0,76393
65608,0,315392,-71456,0,55758
65618,0,194560,-44080,0,123580
65628,0,99328,-22504,0,155068
65638,0,119808,-27144,0,87332
65648,0,141312,-32016,0,31719
65658,0,-8192,1856,0,143799
65668,0,-30720,6960,0,133708
65678,46080,-64512,25056,1757,153957
65688,129024,-23552,34568,4921,122900
65698,172032,-98304,61248,6562,213705
65708,362496,-14336,85376,13828,204727
65718,387072,95232,66120,14765,110401
65728,387072,292864,21344,14765,52288
65738,631808,367616,59856,24101,134963
65748,631808,493568,31320,24101,102630
65758,631808,715776,-19024,24101,-20105
65768,1324032,689152,143840,50507,265846
65778,1422336,804864,139896,54257,244103
65788,1422336,978944,100456,54257,164690
65798,2124800,1180672,213904,81054,286050
65808,2242560,1387520,193720,85546,285131
65818,2242560,1717248,119016,85546,183238
65828,2817024,2122752,157296,107460,192179
65838,2817024,2484224,75400,107460,114378
65848,3040256,2741248,67744,115976,193099
65858,3040256,3064832,-5568,115976,118713
65868,3040256,3393536,-80040,115976,8241
65878,3778560,3605504,39208,144140,175370
65888,3778560,3850240,-16240,144140,106901
65898,5499904,4019200,335472,209804,540707
65908,5921792,4472832,328280,225898,481812
65918,6240256,5197824,236176,238046,249544
65928,6240256,5895168,78184,238046,40648
65938,6240256,6545408,-69136,238046,-69250
65948,6240256,7052288,-183976,238046,-118821
65958,6240256,7317504,-244064,238046,-93129
65968,6240256,7420928,-267496,238046,-42420
65978,4944896,7517184,-582784,188632,-457578
65988,4789248,7217152,-550072,182695,-258427
65998,3903488,6896640,-678136,148906,-383135
66008,3819520,6343680,-571880,145703,-198710
66018,3819520,5614592,-406696,145703,28525
66028,2942976,4904960,-444512,112265,-14440
66038,2942976,4494336,-351480,112265,-71927
66048,2014208,3845120,-414816,76835,-108936
66058,1184768,3396608,-501120,45195,-351921
66068,752640,2906112,-487896,28710,-306340
66078,631808,2260992,-369112,24101,-160637
66088,224256,1515520,-292552,8554,-5367
66098,165888,1051648,-200680,6328,-69887
66108,165888,404480,-54056,6328,127975
66118,-4096,-73728,15776,-157,139616
66128,-4096,-388096,87000,-157,138707
66138,0,-611328,138504,0,146851
66148,0,-744448,168664,0,136441
66158,-7168,-835584,187688,-274,151814
66168,-90112,-957440,196504,-3438,215456
66178,-197632,-787456,133632,-7540,30996
66188,-197632,-796672,135720,-7540,67099
66198,-402432,-808960,92104,-15352,44145
66208,-493568,-811008,76096,-18829,55505
66218,-524288,-818176,66584,-20000,31840
66228,-524288,-939008,93960,-20000,140963
66238,-550912,-1031168,108808,-21016,192745
66248,-550912,-942080,88624,-21016,78743
66258,-621568,-1028096,92104,-23711,114799
66268,-734208,-1075200,77256,-28008,102021
66278,-734208,-1049600,71456,-28008,42543
66288,-966656,-1086464,27144,-36875,-11175
66298,-1033216,-1275904,54984,-39415,108372
66308,-1233920,-1280000,10440,-47071,4911
66318,-1233920,-1424384,43152,-47071,75270
66328,-1233920,-1602560,83520,-47071,167026
66338,-1993728,-1633280,-81664,-76055,-137333
66348,-1993728,-1762304,-52432,-76055,-52102
66358,-4210688,-1994752,-502048,-160625,-570070
66368,-4210688,-2238464,-446832,-160625,-526642
66378,-4210688,-3172352,-235248,-160625,-7241
66388,-6714368,-3923968,-632200,-256133,-476817
66398,-6714368,-5080064,-370272,-256133,-96114
66408,-6576128,-6339584,-53592,-250860,331237
66418,-6373376,-7077888,159616,-243125,355072
66428,-5500928,-7583744,471888,-209844,562849
66438,-4999168,-7621632,594152,-190704,428932
66448,-3542016,-7144448,816176,-135118,521788
66458,-2420736,-6421504,906424,-92344,492777
66468,-2420736,-5614592,723608,-92344,202428
66478,-621568,-4765696,938904,-23711,538529
66488,-621568,-4014080,768616,-23711,447727
66498,-185344,-3174400,677208,-7071,352207
66508,-50176,-2329600,516432,-1915,197335
66518,12288,-1662976,379552,468,139555
66528,3072,-1084416,246384,117,111198
66538,3072,-586752,133632,117,63318
66548,0,-204800,46400,0,-3632
66558,0,-33792,7656,0,54236
66568,0,47104,-10672,0,129421
66578,0,116736,-26448,0,116778
66588,0,211968,-48024,0,72491
66598,0,236544,-53592,0,70286
66608,0,139264,-31552,0,167564
66618,0,262144,-59392,0,12137
66628,0,283648,-64264,0,43769
66638,0,221184,-50112,0,109083
66648,52224,292864,-54520,1992,44367
66658,52224,288768,-53592,1992,41966
66668,150528,219136,-15544,5742,115848
66678,527360,168960,81200,20117,249770
66688,1173504,299008,198128,44765,308554
66698,1173504,351232,186296,44765,308186
66708,3617792,566272,691360,138007,884562
66718,8851456,1288192,1713552,337656,1897185
66728,11455488,2716672,1979888,436992,1845411
66739,12498944,5134336,1668544,476796,1099191
66749,16436224,8023040,1906112,626992,1115672
66759,16284672,10995712,1198280,621210,440289
66769,15257600,13662208,361456,582031,-274992
66779,12498944,15536128,-688112,476796,-1140073
66789,12498944,16339968,-870232,476796,-852049
66799,5921792,15982592,-2279400,225898,-1960562
66809,4789248,14289920,-2152496,182695,-1248310
66819,4789248,11545600,-1530736,182695,-109356
66829,1868800,8958976,-1606368,71289,-207875
66839,1868800,6518784,-1053512,71289,238525
66849,324608,4729856,-998064,12382,-39015
66859,101376,3624960,-798312,3867,-213053
66869,-4096,2466816,-559816,-157,-102664
66879,-47104,1632256,-380480,-1797,-76380
66889,-142336,694272,-189544,-5430,99554
66899,-182272,175104,-80968,-6954,99942
66909,-219136,-500736,63800,-8360,220480
66919,-406528,-719872,70992,-15508,52272
66929,-448512,-1020928,129688,-17110,110792
66939,-585728,-1199104,138968,-22344,92518
66949,-585728,-1227776,145464,-22344,13328
66959,-1024000,-1483776,104168,-39063,59653
66969,-1482752,-1626112,32480,-56563,-11304
66979,-5442560,-1723392,-842624,-207618,-1063696
66989,-9688064,-2102272,-1718656,-369571,-1919337
66999,-9688064,-3588096,-1382024,-369571,-1170353
67009,-17213440,-6189056,-2497712,-656641,-2006549
67019,-17213440,-9703424,-1701488,-656641,-678415
67029,-17213440,-13640704,-809448,-656641,415142
67039,-17213440,-16622592,-133864,-656641,707455
67049,-17213440,-18550784,302992,-656641,712427
67059,-17213440,-19204096,451008,-656641,218031
67069,-7917568,-19388416,2598864,-302032,2485992
67079,-7917568,-18939904,2497248,-302032,1984964
67089,-1950720,-17146880,3442880,-74415,2562023
67099,-1950720,-14589952,2863576,-74415,1504323
67109,-444416,-11359232,2472888,-16954,877471
67119,-182272,-8243200,1826304,-6954,211705
67129,3072,-5518336,1250944,117,-89981
67139,6144,-3553280,806432,234,-137990
67149,6144,-2394112,543808,234,-5711
67159,0,-1679360,380480,0,139482
67169,6144,-1243136,283040,234,234197
67179,15360,-837632,193256,585,195861
67189,324608,-575488,203928,12382,297662
67199,451584,-242688,157296,17226,257069
67209,451584,59392,88856,17226,195679
67219,451584,319488,29928,17226,188205
67229,451584,626688,-39672,17226,111963
67239,7144448,920576,1410096,272539,1797249
67249,7144448,2111488,1140280,272539,1158911
67259,7677952,3990528,835432,292890,479148
67269,7677952,6110208,355192,292890,-106041
67279,7218176,7729152,-115768,275351,-417856
67289,6998016,8545280,-350552,266953,-329240
67299,5737472,8778752,-689040,218867,-437318
67309,5797888,8530944,-619208,221171,-194935
67319,5797888,8072192,-515272,221171,-19438
67329,5984256,7508992,-345448,228281,167111
67339,5984256,7085056,-249400,228281,194825
67349,5984256,6754304,-174464,228281,224866
67359,5921792,6540288,-140128,225898,210315
67369,3502080,6539264,-688112,133593,-529947
67379,3040256,6330368,-745416,115976,-551464
67389,1084416,5671936,-1039360,41367,-732149
67399,1084416,4850688,-853296,41367,-467410
67409,412672,3507200,-701104,15742,-108284
67419,311296,2589696,-516200,11875,-17665
67429,86016,1334272,-282808,3281,233012
67439,9216,668672,-149408,351,160528
67449,-7168,112640,-27144,-274,200072
67459,-7168,-64512,12992,-274,24670
67469,-7168,-352256,78184,-274,93880
67479,0,-536576,121568,0,122786
67489,0,-558080,129224,0,71604
67499,0,-680960,154280,0,133639
67509,0,-746496,169128,0,175531
67519,0,-732160,165880,0,170451
67529,0,-646144,146392,0,112556
67539,0,-669696,151728,0,216882
67549,0,-685056,155208,0,202940
67559,0,-572416,129688,0,135758
67569,0,-516096,116928,0,92595
67579,0,-466944,105792,0,123731
67589,0,-477184,108112,0,169443
67599,-10240,-402432,88856,-391,120624
67609,-10240,-356352,78416,-391,97109
67619,-335872,-333824,-464,-12813,-30224
67629,-606208,-410624,-44312,-23125,-12312
67639,-606208,-461824,-32712,-23125,-4093
67649,-5798912,-583680,-1181576,-221211,-1338832
67659,-5798912,-1485824,-977184,-221211,-788951
67669,-17213440,-2971648,-3226656,-656641,-3194459
67679,-17213440,-5403648,-2675656,-656641,-2115736
67689,-17213440,-8993792,-1862264,-656641,-769672
67699,-17213440,-12631040,-1038200,-656641,197035
67709,-17213440,-15732736,-335472,-656641,584585
67719,-12989440,-17825792,1095736,-495508,1741693
67729,-9032704,-18415616,2125816,-344571,2327396
67739,-3904512,-17494016,3078872,-148946,2633437
67749,-3904512,-15259648,2572648,-148946,1387587
67759,-3904512,-12123136,1862032,-148946,231352
67769,-3904512,-9314304,1225656,-148946,-368819
67779,-166912,-7008256,1549992,-6368,351087
67789,-166912,-5246976,1150952,-6368,260449
67799,196608,-3836928,913848,7500,254466
67809,196608,-2563072,625240,7500,130983
67819,352256,-1581056,438016,13437,89979
67829,435200,-792576,278168,16601,74779
67839,1610752,-261120,417832,61445,408805
67849,3210240,289792,661664,122460,756732
67859,13885440,1002496,2918792,529687,3351045
67869,16135168,2131968,3172600,615507,3440022
67879,16135168,4527104,2629952,615507,2327583
67889,16135168,7821312,1883608,615507,1025888
67899,16135168,11600896,1027296,615507,83242
67909,16135168,14787584,305312,615507,-414602
67919,15985664,16844800,-194648,609804,-475720
67929,15985664,17959936,-447296,609804,-233486
67939,16135168,18312192,-493232,615507,97030
67949,15400960,18411520,-682080,587500,-12278
67959,7599104,18329600,-2431128,289882,-2125054
67969,7599104,17745920,-2298888,289882,-1736622
67979,7599104,16132096,-1933256,289882,-953872
67989,1452032,13680640,-2770544,55390,-1626671
67999,1452032,11122688,-2191008,55390,-817858
68009,439296,8281088,-1776656,16757,-343724
68020,439296,5852160,-1226352,16757,70418
68030,178176,3736576,-806200,6796,232942
68040,67584,2466816,-543576,2578,36560
68050,12288,1442816,-324104,468,70962
68060,12288,945152,-211352,468,-111598
68070,12288,345088,-75400,468,-7626
68080,9216,19456,-2320,351,-45358
68090,9216,-488448,112752,351,126260
68100,9216,-862208,197432,351,212402
68110,9216,-1000448,228752,351,121012
68120,0,-1168384,264712,0,144704
68130,-4096,-1281024,289304,-157,198161
68140,-4096,-1347584,304384,-157,268480
68150,-4096,-1236992,273528,-157,197660
68160,-4096,-1090560,246152,-157,178248
68170,-4096,-976896,220400,-157,176987
68180,-4096,-817152,184208,-157,117897
68190,-13312,-626688,138968,-508,39288
68200,-40960,-551936,115768,-1563,54492
68210,-56320,-459776,91408,-2149,29538
68220,-59392,-446464,87696,-2266,73539
68230,-77824,-456704,85840,-2969,112646
68240,-77824,-478208,90712,-2969,148095
68250,-90112,-467968,85608,-3438,142767
68260,-96256,-485376,88160,-3672,159885
68270,-96256,-438272,77488,-3672,113879
68280,-123904,-401408,62872,-4727,75958
68290,-123904,-410624,64960,-4727,84869
68300,-232448,-422912,43152,-8868,64106
68310,-417792,-408576,-2088,-15938,895
68320,-476160,-492544,3712,-18165,59162
68330,-476160,-568320,20880,-18165,109256
68340,-948224,-635904,-70760,-36172,1322
68350,-948224,-741376,-48024,-36172,27263
68360,-948224,-864256,-19024,-36172,60484
68370,-2500608,-964608,-348000,-95391,-404472
68380,-2500608,-1319936,-267496,-95391,-264442
68390,-7600128,-2045952,-1258368,-289922,-1245949
68400,-7600128,-3191808,-998760,-289922,-774983
68410,-13625344,-5046272,-1943696,-519766,-1573010
68420,-13625344,-7310336,-1430744,-519766,-799798
68430,-13625344,-9789440,-869072,-519766,-39943
68440,-13625344,-12199936,-322944,-519766,281898
68450,-12865536,-14030848,264016,-490782,654680
68460,-12865536,-14818304,442424,-490782,461126
68470,-9309184,-14965760,1281568,-355118,1097565
68480,-7917568,-14563328,1505680,-302032,1068796
68490,-5216256,-13293568,1830016,-198985,1088420
68500,-3989504,-11732992,1754384,-152188,846695
68510,-2196480,-9919488,1749744,-83790,751520
68520,-1930240,-8148992,1408936,-73633,456221
68530,-1930240,-6401024,1012912,-73633,131017
68540,-550912,-5001216,1008272,-21016,328468
68550,-440320,-3679232,733816,-16797,177243
68560,-117760,-2683904,581392,-4493,182617
68570,-7168,-1799168,406000,-274,135830
68580,-7168,-1012736,227824,-274,20519
68590,-7168,-502784,112288,-274,26678
68600,-7168,-43008,8120,-274,-13413
68610,12288,231424,-49648,468,20329
68620,12288,417792,-91872,468,27544
68630,372736,591872,-49648,14218,95082
68640,372736,667648,-66816,14218,120123
68650,1220608,777216,100456,46562,327625
68660,2124800,940032,268424,81054,519701
68670,2124800,1209344,207408,81054,411533
68680,4032512,1676288,533832,153828,725197
68690,5441536,2485248,669784,207578,726648
68700,11567104,3527680,1821432,441250,1963605
68710,12142592,5231616,1565768,463203,1429559
68720,12142592,7724032,1001080,463203,515971
68730,13754368,10201088,805040,524687,284004
68740,13754368,12431360,299744,524687,-101132
68750,10695680,14003200,-749360,408007,-972713
68760,10695680,14817280,-933800,408007,-887636
68770,10695680,14689280,-904800,408007,-474823
68780,10695680,14006272,-750056,408007,-48602
68790,10695680,13172736,-561208,408007,211710
68800,2219008,12408832,-2308632,84648,-1876526
68810,1084416,11128832,-2275688,41367,-1631581
68820,1084416,8757248,-1738376,41367,-667654
68830,365568,6176768,-1316600,13945,-70639
68840,237568,3835904,-815248,9062,320261
68850,12288,2335744,-526408,468,198497
68860,12288,1459200,-327816,468,46561
68870,-4096,923648,-210192,-157,-73774
68880,0,449536,-101848,0,-23692
68890,0,186368,-42224,0,-84827
68900,-4096,-161792,35728,-157,646
68910,-10240,-465920,103240,-391,78547
68920,-19456,-723968,159616,-743,116286
68930,-31744,-884736,193256,-1211,109052
68940,-65536,-1054720,224112,-2500,159143
68950,-65536,-1135616,242440,-2500,165362
68960,-99328,-1083392,222952,-3790,135040
68970,-99328,-1018880,208336,-3790,119303
68980,-99328,-915456,184904,-3790,87498
68990,-96256,-794624,158224,-3672,62585
69000,-71680,-775168,159384,-2735,134672
69010,-71680,-658432,132936,-2735,109068
69020,-71680,-596992,119016,-2735,128820
69030,-71680,-457728,87464,-2735,58297
69040,-10240,-415744,91872,-391,82851
69050,-10240,-403456,89088,-391,99934
69060,-10240,-445440,98600,-391,160974
69070,-10240,-367616,80968,-391,103618
69080,-13312,-361472,78880,-508,114063
69090,-13312,-271360,58464,-508,55950
69100,-13312,-289792,62640,-508,96983
69110,-13312,-201728,42688,-508,32307
69120,-13312,-251904,54056,-508,88955
69130,-13312,-312320,67744,-508,148158
69140,-16384,-330752,71224,-625,156619
69150,-16384,-227328,47792,-625,66311
69160,-62464,-201728,31552,-2383,41355
69170,-80896,-323584,54984,-3086,169258
69180,-90112,-194560,23664,-3438,46915
69190,-87040,-156672,15776,-3321,26293
69200,-90112,-148480,13224,-3438,32758
69210,-90112,-244736,35032,-3438,120289
69220,-96256,-191488,21576,-3672,65417
69230,-96256,-259072,36888,-3672,114279
69240,-117760,-315392,44776,-4493,150843
69250,-136192,-205824,15776,-5196,37732
69260,-139264,-269312,29464,-5313,99803
69270,-139264,-312320,39208,-5313,137663
69280,-154624,-211968,12992,-5899,33427
69290,-154624,-218112,14384,-5899,48113
69300,-154624,-223232,15544,-5899,54635
69310,-154624,-161792,1624,-5899,-5914
69320,-157696,-242688,19256,-6016,86866
69330,-160768,-209920,11136,-6133,62593
69340,-154624,-261120,24128,-5899,125943
69350,-151552,-199680,10904,-5782,55155
69361,-151552,-288768,31088,-5782,145927
69371,-139264,-263168,28072,-5313,119735
69381,-139264,-360448,50112,-5313,217323
69391,-133120,-201728,15544,-5079,59369
69401,-123904,-251904,29000,-4727,109938
69411,-123904,-202752,17864,-4727,45004
69421,-123904,-220160,21808,-4727,68125
69431,-123904,-251904,29000,-4727,96330
69441,-123904,-139264,3480,-4727,-8620
69451,-59392,-280576,50112,-2266,150399
69461,-59392,-261120,45704,-2266,136407
69471,-40960,-173056,29928,-1563,71909
69481,-44032,-228352,41760,-1680,131399
69491,-37888,-168960,29696,-1446,80771
69501,-37888,-119808,18560,-1446,59273
69511,-37888,-94208,12760,-1446,51910
69521,-34816,-89088,12296,-1329,67498
69531,-34816,-104448,15776,-1329,110804
69541,-34816,-103424,15544,-1329,117561
69551,-7168,-10240,696,-274,42453
69561,0,16384,-3712,0,89069
69571,0,-6144,1392,0,62641
69581,0,-71680,16240,0,132564
69591,0,18432,-4176,0,52249
69601,0,0,0,0,80224
69611,24576,-35840,13688,937,132114
69621,101376,-48128,33872,3867,168559
69631,205824,91136,25984,7851,79374
69641,439296,29696,92800,16757,223965
69651,739328,132096,137576,28203,232759
69661,2291712,273408,457272,87421,571132
69671,2291712,538624,397184,87421,423981
69681,3074048,883712,496248,117265,526734
69691,3819520,1502208,525016,145703,511622
69701,3819520,2344960,334080,145703,201919
69711,3819520,3182592,144304,145703,-9618
69721,5737472,3739648,452632,218867,488288
69731,5737472,4285440,328976,218867,413688
69741,5737472,4874240,195576,218867,241826
69751,5737472,5389312,78880,218867,128252
69761,5737472,5848064,-25056,218867,87694
69771,2341888,6288384,-894128,89335,-948239
69781,870400,6099968,-1184824,33203,-1089639
69791,540672,5389312,-1098520,20625,-782300
69801,379904,3840000,-783928,14492,-73087
69811,168960,2422784,-510632,6445,197203
69821,6144,1294336,-291856,234,226638
69831,6144,544768,-122032,234,245647
69841,-44032,227328,-61480,-1680,82765
69851,-44032,168960,-48256,-1680,-90355
69861,-83968,16384,-22736,-3204,-69327
69871,-154624,-167936,3016,-5899,-11274
69881,-253952,-193536,-13224,-9688,-102034
69891,-253952,-407552,34800,-9688,-890
69901,-484352,-624640,31784,-18477,37916
69911,-561152,-734208,39208,-21407,18727
69921,-595968,-803840,47096,-22735,-17212
69931,-595968,-1033216,99064,-22735,112633
69941,-595968,-1124352,119712,-22735,128359
69951,-1259520,-1139712,-27144,-48047,-98409
69961,-1792000,-1190912,-136184,-68360,-214129
69971,-2036736,-1446912,-133632,-77696,-147572
69981,-2036736,-1638400,-90248,-77696,-114878
69991,-5106688,-2066432,-688808,-194805,-723246
70001,-5106688,-2813952,-519448,-194805,-384443
70011,-6784000,-3694592,-679992,-258790,-497789
70021,-7071744,-4934656,-484184,-269766,-240080
70031,-7369728,-6263808,-250560,-281133,60266
70041,-7293952,-7216128,-17632,-278243,164827
70051,-6784000,-8160256,311808,-258790,484871
70061,-6306816,-8474624,491144,-240586,456793
70071,-6306816,-8634368,527336,-240586,412678
70081,-2880512,-8352768,1239808,-109883,1074423
70091,-2880512,-7504896,1047712,-109883,598070
70101,-2880512,-6483968,816408,-109883,239126
70111,-1085440,-5324800,960480,-41407,393285
70121,-524288,-4346880,866056,-20000,387736
70131,-424960,-3337216,659808,-16211,235862
70141,-417792,-2495488,470728,-15938,141602
70151,-417792,-1876992,330600,-15938,110774
70161,-497664,-1324032,187224,-18985,-9542
70171,-493568,-1038336,123424,-18829,27815
70181,-480256,-876544,89784,-18321,89511
70191,-472064,-795648,76096,-17540,146919
70201,-417792,-754688,76328,-15938,174683
70211,-377856,-813056,98600,-14415,276811
70221,-377856,-737280,81432,-14415,232874
70231,-267264,-702464,98600,-10196,277480
70241,-267264,-591872,73544,-10196,242445
70251,-173056,-439296,60320,-6602,201008
70261,-173056,-290816,26680,-6602,146170
70271,-328704,-136192,-43616,-12540,28547
70281,-476160,-91136,-87232,-18165,-581
70291,-985088,-133120,-193024,-37579,-72571
70301,-1379328,-290816,-246616,-52618,-58679
70311,-1529856,-450560,-244528,-58360,-55297
70321,-4076544,-705536,-763744,-155508,-710301
70331,-4444160,-1210368,-732656,-169532,-615853
70341,-5442560,-2220032,-730104,-207618,-411505
70351,-4638720,-3169280,-332920,-176954,64087
70361,-4638720,-4343808,-66816,-176954,462532
70371,-3465216,-4799488,302296,-132188,591453
70381,-3465216,-4981760,343592,-132188,446305
70391,-2125824,-4692992,581624,-81094,474958
70401,-1909760,-4180992,514576,-72852,201559
70411,-1298432,-3645440,531744,-49532,200610
70421,-1139712,-3162112,458200,-43477,159507
70431,-760832,-2702336,439872,-29024,164408
70441,-760832,-2423808,376768,-29024,204851
70451,-429056,-2056192,368648,-16368,230885
70461,-328704,-1717248,314592,-12540,158425
70471,-328704,-1445888,253112,-12540,158162
70481,0,-1113088,252184,0,159453
70491,3072,-845824,192328,117,121651
70501,6144,-635904,145464,234,116697
70511,6144,-415744,95584,234,82545
70521,129024,-241664,83984,4921,108205
70531,129024,-108544,53824,4921,116255
70541,527360,7168,117856,20117,229045
70551,780288,210944,128992,29765,206269
70561,904192,360448,123192,34492,219827
70571,904192,666624,53824,34492,77613
70581,1012736,854016,35960,38632,79849
70592,1022976,1082368,-13456,39023,19536
70602,1073152,1166336,-21112,40937,78109
70612,1790976,1298432,111592,68320,257887
70622,1790976,1444864,78416,68320,215345
70632,3578880,1612800,445440,136523,642817
70642,4998144,2189312,636376,190664,698040
70652,4998144,3054592,440336,190664,315638
70662,9214976,4182016,1140280,351523,1020483
70672,11233280,5474304,1304768,428515,1123659
70682,11343872,7020544,979504,432734,662184
70692,11233280,8909824,526408,428515,41438
70702,9590784,10396672,-182584,365859,-615787
70712,9590784,11230208,-371432,365859,-515769
70722,5859328,11465728,-1270200,223515,-1179578
70732,5051392,11092992,-1368800,192695,-1092929
70742,5051392,9981952,-1117080,192695,-427893
70752,1790976,8727552,-1571568,68320,-937128
70762,1790976,7208960,-1227512,68320,-384466
70772,878592,5940224,-1146776,33515,-496189
70782,600064,4466688,-876032,22890,-237223
70792,600064,3214336,-592296,22890,-691
70802,314368,2234368,-435000,11992,-45774
70812,135168,1392640,-269352,5156,51253
70822,119808,790528,-151960,4570,16277
70832,119808,412672,-66352,4570,-30910
70842,119808,-18432,31320,4570,87226
70852,119808,-221184,77256,4570,56963
70862,119808,-273408,89088,4570,-28209
70872,-7168,-449536,100224,-274,19086
70882,-7168,-553984,123888,-274,54536
70892,-7168,-592896,132704,-274,55627
70902,-463872,-674816,47792,-17696,-5163
70912,-565248,-645120,18096,-21563,-84815
70922,-677888,-672768,-1160,-25860,-106456
70932,-4945920,-835584,-931248,-188672,-1132035
70942,-4945920,-1381376,-807592,-188672,-807359
70952,-14151680,-2282496,-2689112,-539844,-2859688
70962,-14151680,-4444160,-2199360,-539844,-1838826
70972,-17213440,-7533568,-2193096,-656641,-1407652
70982,-17213440,-11031552,-1400584,-656641,-403160
70992,-17213440,-14302208,-659576,-656641,257987
71002,-17213440,-16665600,-124120,-656641,458946
71012,-17213440,-18180096,219008,-656641,336777
71022,-14835712,-18855936,910832,-565938,749164
71032,-5738496,-18857984,2972384,-218907,2868937
71042,-4491264,-17811456,3017856,-171329,2403611
71052,-1185792,-15514624,3246376,-45235,2055726
71062,-921600,-12257280,2568240,-35157,936883
71072,-921600,-8918016,1811688,-35157,117292
71082,-4096,-6194176,1402440,-157,-30032
71092,-4096,-4149248,939136,-157,-63227
71102,89088,-2812928,657488,3398,50357
71112,129024,-1891328,457736,4921,113193
71122,455680,-1283072,393936,17382,279582
71132,625664,-783360,319232,23867,310873
71142,2787328,-354304,711776,106328,868100
71152,3353600,310272,689504,127929,770748
71162,3353600,1127424,504368,127929,482856
71172,7070720,2210816,1101072,269726,1110962
71182,7070720,3658752,773024,269726,610098
71192,13495296,5345280,1846488,514804,1811319
71202,14420992,7688192,1525400,550117,1222644
71212,15985664,10320896,1283424,609804,838616
71222,16135168,13079552,692288,615507,229304
71232,16135168,15315968,185600,615507,-102073
71242,16135168,16971776,-189544,615507,-155824
71252,16135168,17955840,-412496,615507,-80630
71262,16135168,18453504,-525248,615507,-3009
71272,16135168,18667520,-573736,615507,64996
71282,16135168,18807808,-1837672,408007,-1419508
71292,7070720,18680832,-2630416,269726,-2312993
71302,6575104,17483776,-2471496,250820,-1658687
71312,4032512,15328256,-2559192,153828,-1356368
71322,4032512,12336128,-1881288,153828,-346026
71332,4032512,9659392,-1245840,153828,230432
71342,412672,7629824,-1635136,15742,-679901
71352,291840,6115328,-1319384,11132,-609933
71362,291840,5036032,-1074856,11132,-553750
71372,-4096,3857408,-874872,-157,-472768
71382,-4096,2486272,-564224,-157,-129119
71392,0,1447936,-328048,0,38450
71402,0,654336,-148248,0,22568
71412,0,41984,-9512,0,59891
71422,0,-414720,93960,0,86600
71432,0,-624640,141520,0,29766
71442,0,-843776,191168,0,87040
71452,0,-907264,205552,0,60273
71462,0,-918528,208104,0,42847
71472,0,-977920,221560,0,101941
71482,0,-992256,224808,0,157005
71492,0,-1030144,233392,0,196533
71502,0,-963584,218312,0,174474
71512,0,-823296,186528,0,102524
71522,0,-712704,161472,0,81220
71532,0,-625664,141752,0,72872
71542,0,-498688,112984,0,47475
71552,0,-478208,108344,0,120062
71562,0,-373760,84680,0,89154
71572,0,-340992,77256,0,104728
71582,0,-321536,72848,0,106838
71592,0,-239616,54288,0,34328
71602,0,-306176,69368,0,84951
71612,-257024,-339968,18792,-9805,22945
71622,-257024,-492544,53360,-9805,138995
71632,-601088,-547840,-12064,-22930,56735
71642,-1004544,-618496,-87464,-38321,-47907
71652,-2848768,-772096,-470496,-108672,-488825
71662,-3904512,-1000448,-657952,-148946,-703901
71672,-10181632,-1826816,-1892888,-388399,-1934996
71682,-10181632,-2949120,-1638616,-388399,-1469227
71692,-10181632,-5164032,-1136800,-388399,-505993
71703,-14559232,-7685120,-1557416,-555391,-835345
71713,-12261376,-10245120,-456808,-467735,435225
71723,-11125760,-12548096,322248,-424415,1109273
71733,-11125760,-13709312,585336,-424415,920328
71743,-5678080,-13820928,1844864,-216602,1863485
71753,-2612224,-12909568,2332992,-99649,1872379
71763,-1013760,-10836992,2225576,-38672,1200347
71773,-1013760,-8389632,1671096,-38672,386125
71783,-276480,-5863424,1265792,-10547,32642
71793,0,-3901440,883920,0,-126567
71803,6144,-2539520,576752,234,-90375
71813,12288,-1743872,397880,468,65789
71823,39936,-1179648,276312,1523,98524
71833,39936,-828416,196736,1523,158047
71843,39936,-472064,116000,1523,104942
71853,39936,-244736,64496,1523,111174
71863,39936,34816,1160,1523,47347
71873,39936,186368,-33176,1523,59902
71883,218112,323584,-23896,8320,101160
71893,218112,433152,-48720,8320,92068
71903,168960,522240,-80040,6445,66702
71913,168960,647168,-108344,6445,12704
71923,196608,665600,-106256,7500,69420
71933,246784,664576,-94656,9414,65384
71943,384000,646144,-59392,14648,115004
71953,401408,590848,-42920,15312,157792
71963,401408,629760,-51736,15312,97792
71973,500736,625664,-28304,19101,124129
71983,500736,646144,-32944,19101,107995
71993,523264,738304,-48720,19960,42690
72003,523264,760832,-53824,19960,42330
72013,523264,769024,-55680,19960,53160
72023,523264,801792,-63104,19960,78339
72033,523264,729088,-46632,19960,102545
72043,409600,741376,-75168,15625,41579
72053,401408,738304,-76328,15312,9264
72063,369664,671744,-68440,14101,12666
72073,369664,592896,-50576,14101,22630
72083,362496,494592,-29928,13828,50584
72093,352256,305152,10672,13437,162824
72103,352256,262144,20416,13437,142630
72113,243712,266240,-5104,9296,72143
72123,243712,237568,1392,9296,69790
72133,141312,225280,-19024,5390,26965
72143,61440,190464,-29232,2343,10048
72153,61440,104448,-9744,2343,76266
72163,61440,53248,1856,2343,55260
72173,61440,-2048,14384,2343,62267
72183,61440,-71680,30160,2343,84632
72193,61440,-117760,40600,2343,87915
72203,-65536,-120832,12528,-2500,82180
72213,-65536,-206848,32016,-2500,104192
72223,-185344,-164864,-4640,-7071,20141
72233,-229376,-152576,-17400,-8750,-11712
72243,-356352,-235520,-27376,-13594,13438
72253,-413696,-260096,-34800,-15782,-12321
72263,-580608,-305152,-62408,-22149,-50415
72273,-606208,-433152,-39208,-23125,10851
72283,-654336,-498688,-35264,-24961,-3606
72293,-817152,-564224,-57304,-31172,-59469
72303,-817152,-732160,-19256,-31172,46443
72313,-975872,-885760,-20416,-37227,20301
72323,-1013760,-972800,-9280,-38672,-8294
72333,-1004544,-1133568,29232,-38321,56937
72343,-994304,-1239040,55448,-37930,68204
72353,-994304,-1299456,69136,-37930,65195
72363,-975872,-1387520,93264,-37227,116525
72373,-975872,-1350656,84912,-37227,66562
72383,-760832,-1354752,134560,-29024,130774
72393,-708608,-1335296,141984,-27032,140005
72403,-580608,-1234944,148248,-22149,120276
72413,-484352,-1169408,155208,-18477,134149
72423,-484352,-1010688,119248,-18477,58825
72433,-484352,-904192,95120,-18477,40524
72443,-157696,-726016,128760,-6016,49459
72453,-160768,-656384,112288,-6133,85469
72463,-160768,-531456,83984,-6133,37092
72473,-160768,-487424,74008,-6133,82151
72483,-160768,-392192,52432,-6133,62012
72493,-111616,-327680,48952,-4258,81007
72503,-83968,-245760,36656,-3204,57951
72513,6144,-190464,44544,234,70438
72523,9216,-162816,38976,351,80827
72533,172032,-59392,52432,6562,61335
72543,288768,-29696,72152,11015,111597
72553,288768,91136,44776,11015,59172
72563,1094656,223232,197432,41757,228009
72573,1094656,324608,174464,41757,227433
72583,2638848,558080,471424,100664,525465
72593,3175424,980992,497176,121132,502551
72603,5921792,1705984,955144,225898,937196
72613,6372352,2708480,830096,243085,650965
72623,6438912,3946496,564688,245625,284606
72633,6782976,5160960,367488,258750,104029
72643,6713344,6327296,87464,256093,-116474
72653,6713344,7203840,-111128,256093,-209891
72663,6506496,7654400,-260072,248203,-215408
72673,6506496,7849984,-304384,248203,-139712
72683,4840448,7860224,-684168,184648,-529430
72693,4443136,7659520,-728712,169492,-506836
72703,4443136,7145472,-612248,169492,-237812
72713,2367488,6509568,-938440,90312,-562499
72723,2367488,5745664,-765368,90312,-305958
72733,2367488,4903936,-574664,90312,-106369
72743,496640,4007936,-795528,18945,-364248
72753,496640,3254272,-624776,18945,-287018
72763,496640,2466816,-424560,18945,-56457
72773,496640,1592320,-248240,18945,110127
72783,-10240,1087488,-248704,-391,-83136
72793,-10240,493568,-114144,-391,54519
72803,-10240,-6144,-928,-391,149511
72813,-90112,-249856,36192,-3438,61111
72823,-126976,-456704,74704,-4844,38963
72833,-126976,-640000,116232,-4844,58848
72843,-565248,-772096,46864,-21563,-40173
72853,-565248,-881664,71688,-21563,-18246
72864,-3390464,-1008640,-539632,-129336,-722280
72874,-5385216,-1296384,-926376,-205430,-1103079
72884,-17213440,-2216960,-3397640,-656641,-3754529
72894,-17213440,-3746816,-3051032,-656641,-3017208
72904,-17213440,-6668288,-2389136,-656641,-1775204
72914,-17213440,-10568704,-1505448,-656641,-398437
72924,-17213440,-14169088,-689736,-656641,452535
72934,-17213440,-17050624,-36888,-656641,735723
72944,-17213440,-18600960,314360,-656641,491945
72954,-17213440,-19419136,499728,-656641,233788
72964,-12742656,-19608576,1555560,-486094,1283065
72974,-8852480,-18956288,2289144,-337696,1701658
72984,-4945920,-17296384,2798152,-188672,1837521
72994,-2848768,-14891008,2728320,-108672,1369463
73004,-1024000,-11869184,2457112,-39063,877077
73014,-1024000,-8781824,1757632,-39063,152828
73024,-1024000,-6262784,1186912,-39063,-193219
73034,-4096,-4341760,982752,-157,26142
73044,125952,-3044352,718272,4804,93364
73054,141312,-2045952,495552,5390,113664
73064,263168,-1334272,361920,10039,159718
73074,387072,-689152,243832,14765,129199
73084,387072,-210944,135488,14765,123796
73094,2879488,248832,596008,109843,702333
73104,2879488,619520,512024,109843,658218
73114,10802176,1344512,2142752,412070,2457967
73124,10802176,2912256,1787560,412070,1667903
73134,16135168,5411840,2429504,615507,2083089
73144,16135168,8515584,1726312,615507,1053395
73154,16135168,11693056,1006416,615507,223945
73164,16135168,14563328,356120,615507,-229284
73174,16135168,16550912,-94192,615507,-316310
73184,16135168,17775616,-371664,615507,-181931
73194,16135168,18377728,-508080,615507,-32614
73204,12379136,18623488,-1414736,472226,-1032077
73214,9031680,18062336,-2046008,344531,-1472591
73224,9031680,16770048,-1753224,344531,-850921
73234,4301824,14604288,-2334152,164101,-1243275
73244,3107840,12705792,-2174536,118554,-1047743
73254,1848320,10687488,-2002624,70507,-948908
73264,1513472,8587264,-1602656,57734,-564314
73274,1513472,6423552,-1112440,57734,-106114
73284,419840,4614144,-950272,16015,-114883
73294,419840,3400704,-675352,16015,-116159
73304,168960,2149376,-448688,6445,596
73314,168960,1358848,-269584,6445,-53381
73324,0,523264,-118552,0,73508
73334,0,90112,-20416,0,-28908
73344,0,-385024,87232,0,38769
73354,0,-798720,180960,0,144210
73364,0,-1087488,246384,0,195376
73374,0,-1227776,278168,0,191933
73384,0,-1288192,291856,0,184466
73394,0,-1298432,294176,0,195091
73404,0,-1200128,271904,0,155900
73414,0,-1097728,248704,0,156822
73424,0,-1006592,228056,0,181153
73434,9216,-838656,192096,351,122061
73444,30720,-721920,170520,1171,131516
73454,447488,-574464,231536,17070,208884
73464,631808,-366592,226200,24101,189003
73474,1848320,-179200,459360,70507,481920
73484,1848320,218112,369344,70507,312764
73494,2668544,633856,460984,101796,420968
73504,3007488,1168384,416672,114726,332144
73514,3007488,1745920,285824,114726,184839
73524,6240256,2337792,884152,238046,842608
73534,6240256,3118080,707368,238046,630929
73544,6240256,4189184,464696,238046,279852
73554,6240256,5195776,236640,238046,45112
73564,4944896,6036480,-247312,188632,-382927
73574,4944896,6534144,-360064,188632,-371568
73584,2367488,6480896,-931944,90312,-884624
73594,1949696,5875712,-889488,74375,-595283
73604,1949696,4629504,-607144,74375,-2141
73614,369664,3420160,-691128,14101,-74836
73624,6144,2255872,-509704,234,52461
73634,-10240,1289216,-294408,-391,182926
73644,-10240,487424,-112752,-391,257116
73654,-370688,-92160,-63104,-14141,194944
73664,-370688,-446464,17168,-14141,189872
73674,-643072,-717824,16936,-24532,99844
73684,-740352,-897024,35496,-28243,42097
73694,-1351680,-1086464,-60088,-51563,-99798
73704,-1754112,-1414144,-77024,-66915,-64976
73714,-3247104,-1718272,-346376,-123868,-367143
73724,-3862528,-2086912,-402288,-147344,-441707
73734,-3862528,-2664448,-271440,-147344,-246394
73744,-7999488,-3461120,-1028224,-305157,-1053744
73754,-7999488,-4675584,-753072,-305157,-574920
73764,-10696704,-6138880,-1032632,-408047,-795261
73774,-12143616,-7896064,-962336,-463243,-658259
73784,-12143616,-10016768,-481864,-463243,-15962
73794,-10909696,-11622400,161472,-416172,524876
73804,-8163328,-12823552,1055832,-311407,1322580
73814,-8163328,-13132800,1126128,-311407,1080289
73824,-4302848,-12469248,1850200,-164141,1472523
73834,-3503104,-10897408,1675272,-133633,854638
73844,-3503104,-9067520,1260688,-133633,179482
73854,-871424,-7234560,1441648,-33243,559856
73864,-696320,-5599232,1110816,-26563,333244
73874,-370688,-4241408,876960,-14141,225574
73884,-200704,-3009536,636376,-7657,109066
73894,-179200,-2145280,445440,-6836,101248
73904,-179200,-1357824,267032,-6836,29865
73915,-108544,-757760,147088,-4141,7365
73925,-108544,-419840,70528,-4141,61733
73935,-108544,-193536,19256,-4141,120540
73945,-108544,44032,-34568,-4141,75127
73955,-108544,166912,-62408,-4141,71671
73965,0,243712,-55216,0,98683
73975,0,297984,-67512,0,80055
73985,0,343040,-77720,0,56518
73995,0,297984,-67512,0,109389
74005,0,281600,-63800,0,127948
74015,6144,334848,-74472,234,82503
74025,12288,350208,-76560,468,84212
74035,181248,359424,-40368,6914,124803
74045,224256,405504,-41064,8554,96847
74055,224256,398336,-39440,8554,108545
74065,252928,434176,-41064,9648,85234
74075,252928,430080,-40136,9648,91722
74085,208896,491520,-64032,7968,17671
74095,181248,464896,-64264,6914,64563
74105,98304,397312,-67744,3750,56155
74115,76800,265216,-42688,2929,144562
74125,76800,285696,-47328,2929,83262
74135,76800,278528,-45704,2929,39085
74145,6144,189440,-41528,234,116065
74155,6144,60416,-12296,234,127826
74165,6144,53248,-10672,234,93713
74175,3072,10240,-1624,117,93295
74185,0,-105472,23896,0,157306
74195,0,22528,-5104,0,8618
74205,0,-98304,22272,0,102843
74215,0,-187392,42456,0,161713
74225,0,-158720,35960,0,115551
74235,0,-237568,53824,0,183737
74245,0,-179200,40600,0,111697
74255,0,-161792,36656,0,97997
74265,0,-214016,48488,0,152610
74275,0,-116736,26448,0,57672
74285,0,-178176,40368,0,133867
74295,0,-72704,16472,0,32544
74305,0,-92160,20880,0,62253
74315,0,-137216,31088,0,111457
74325,0,27648,-6264,0,-31135
74335,0,-121856,27608,0,124309
74345,0,46080,-10440,0,-19026
74355,0,-11264,2552,0,49144
74365,0,-18432,4176,0,54541
74375,0,-47104,10672,0,85961
74385,0,-38912,8816,0,62837
74395,0,-69632,15776,0,97161
74405,0,-73728,16704,0,86485
74415,0,-23552,5336,0,34031
74425,0,-104448,23664,0,114011
74435,0,77824,-17632,0,-47922
74445,0,-77824,17632,0,119211
74455,-13312,60416,-16704,-508,5475
74465,-13312,-51200,8584,-508,96004
74475,-83968,-2048,-18560,-3204,18660
74485,-93184,-28672,-14616,-3555,41531
74495,-80896,-21504,-13456,-3086,21724
74505,-74752,-92160,3944,-2852,81501
74515,-74752,-128000,12064,-2852,78166
74525,-74752,-145408,16008,-2852,77454
74535,-74752,-244736,38512,-2852,155982
74545,-71680,-83968,2784,-2735,-2877
74555,-71680,-267264,44312,-2735,176538
74565,-71680,-132096,13688,-2735,48168
74575,-7168,-159744,34568,-274,112079
74585,-7168,-195584,42688,-274,137523
74595,-7168,-69632,14152,-274,48088
74605,-7168,-92160,19256,-274,99017
74615,-7168,44032,-11600,-274,11542
74625,-123904,54272,-40368,-4727,13809
74635,-235520,94208,-74704,-8985,-43474
74645,-235520,77824,-70992,-8985,21944
74655,-380928,-30720,-79344,-14532,14875
74665,-402432,-19456,-86768,-15352,-51108
74675,-402432,-242688,-22736,-15352,151705
74685,-402432,-245760,-35496,-15352,12813
74695,-402432,-493568,20648,-15352,158821
74705,-402432,-595968,43848,-15352,162496
74715,-319488,-546816,51504,-12188,65613
74725,-319488,-693248,84680,-12188,161466
74735,-319488,-544768,51040,-12188,19984
74745,-315392,-482304,37816,-12032,1314
74755,-315392,-550912,53360,-12032,106508
74765,-315392,-416768,22968,-12032,22178
74775,-4096,-376832,84448,-157,110155
74785,-4096,-424960,95352,-157,202732
74795,82944,-204800,65192,3164,70641
74805,215040,-73728,65424,8203,50930
74815,215040,-48128,59624,8203,100894
74825,215040,146432,15544,8203,-6505
74835,1392640,248832,259144,53125,280103
74845,1392640,288768,250096,53125,339139
74855,1392640,502784,201608,53125,269605
74865,3210240,896000,524320,122460,568590
74875,3819520,1468416,532672,145703,499931
74885,3903488,2204672,384888,148906,277910
74895,3945472,2936832,228520,150507,108815
74905,3945472,3694592,56840,150507,-65640
74915,3427328,4195328,-174000,130742,-242365
74925,3280896,4435968,-261696,125156,-200699
74935,3280896,4453376,-265640,125156,-102129
74945,1992704,4386816,-542416,76015,-427223
74955,1324032,4030464,-613176,50507,-414193
74965,1138688,3441664,-521768,43437,-205312
74975,1084416,2961408,-425256,41367,-151332
74985,443392,2209792,-400200,16914,-59796
74995,394240,1714176,-299048,15039,-46705
75005,394240,1223680,-187920,15039,13630
75015,6144,761856,-171216,234,-5424
75025,0,542720,-122960,0,-80399
75035,-4096,200704,-46400,-157,481
75045,0,-111616,25288,0,85323
75055,0,-249856,56608,0,61005
75065,0,-381952,86536,0,77509
75075,0,-460800,104400,0,83990
75085,-10240,-458752,101616,-391,43991
75095,-13312,-424960,93264,-508,14843
75105,-62464,-411648,79112,-2383,9914
75115,-433152,-386048,-10672,-16524,-84779
75125,-537600,-435200,-23200,-20508,-52894
75135,-1233920,-493568,-167736,-47071,-194432
75145,-1233920,-547840,-155440,-47071,-194897
75155,-1233920,-676864,-126208,-47071,-172656
75165,-5385216,-1058816,-980200,-205430,-1069812
75175,-5385216,-1913856,-786480,-205430,-641359
75185,-5385216,-3051520,-528728,-205430,-223905
75195,-7219200,-4443136,-628952,-275391,-278063
75205,-7219200,-5710848,-341736,-275391,28457
75215,-6373376,-6744064,83984,-243125,325825
75225,-5738496,-7561216,431752,-218907,654088
75235,-5738496,-7899136,489520,-218907,529831
75245,-2757632,-7593984,1095736,-105196,946078
75255,-2757632,-6866944,931016,-105196,540202
75266,-2757632,-5700608,666768,-105196,58824
75276,-2757632,-4634624,425256,-105196,-182720
75286,-2757632,-3878912,254040,-105196,-223377
75296,-315392,-3488768,718968,-12032,550344
75306,-123904,-3077120,669088,-4727,548332
75316,-123904,-2536448,546592,-4727,384715
75326,58368,-1754112,410640,2226,157121
75336,95232,-1033216,255664,3632,2641
75346,224256,-447488,152192,8554,-41729
75356,224256,8192,48952,8554,-60922
75366,409600,301056,24592,15625,8788
75376,1258496,459776,180960,48007,296733
75386,2219008,625664,360992,84648,542061
75396,6782976,905216,1331680,258750,1639807
75406,9031680,1536000,1698240,344531,1930286
75416,10908672,3110912,1766680,416132,1640766
75426,16135168,5415936,2428576,615507,2026000
75436,16284672,8204288,1830712,621210,1213878
75446,16135168,11161600,1126824,615507,430685
75456,16135168,13927424,500192,615507,-165112
75466,15985664,16141312,-35264,609804,-416296
75476,15985664,17389568,-318072,609804,-278965
75486,10591232,18122752,-1706360,404023,-1614595
75496,8246272,18065408,-2224648,314570,-1972195
75506,8246272,17010688,-1985688,314570,-1168276
75516,4032512,15163392,-2521840,153828,-1544912
75526,3007488,12793856,-2217224,114726,-1019281
75536,3007488,10358784,-1665528,114726,-376690
75546,1062912,8011776,-1574352,40546,-454662
75556,625664,6171648,-1256512,23867,-363874
75566,625664,4652032,-912224,23867,-153485
75576,263168,3588096,-753304,10039,-322956
75586,263168,2388992,-481632,10039,-75534
75596,113664,1473536,-308096,4335,-19223
75606,95232,794624,-158456,3632,-43544
75616,95232,78848,3712,3632,119846
75626,101376,-472064,129920,3867,209636
75636,101376,-720896,186296,3867,159098
75646,92160,-840704,211352,3515,91541
75656,79872,-972800,238496,3046,114876
75666,58368,-1047552,250560,2226,135749
75676,58368,-1101824,262856,2226,175303
75686,58368,-1134592,270280,2226,215868
7569