R
Px,Ix,Dx,Py,Iy,Dy,Pz,Iz,FFrx,FFry,FFdrx,FFdry,satI,satPID,KFQAng,KFQbias,KFRmeas,CPx,CIx,CPy,CIy,CsatI,CsatPID,CFFdrx,CFFdry,CFalpha,iRelaxX,IRelaxY,DmaxR,DmaxE,DMx,DMy
58,80,47,58,80,47,250,0,10,0,0,0,500000,15000000,10,1,1000,0,0,0,0,0,0,0,0,0.995,1024,1024,0,0,0,0
sysTickMs,PIDRefXi,PIDSensXi,PIDPoutXi,PIDFFoutXi,PIDUXi
12958,0,0,0,0,0
12968,0,0,0,0,0
12978,0,0,0,0,0
12988,0,0,0,0,0
12998,0,0,0,0,0
13008,0,0,0,0,0
13018,0,0,0,0,0
13028,0,0,0,0,0
13038,0,0,0,0,0
13048,0,0,0,0,0
13058,0,0,0,0,0
13068,0,0,0,0,0
13078,0,0,0,0,0
13088,0,0,0,0,0
13098,0,0,0,0,0
13108,0,0,0,0,0
13118,0,0,0,0,0
13128,0,0,0,0,0
13138,0,0,0,0,0
13148,0,0,0,0,0
13158,0,0,0,0,0
13168,0,0,0,0,0
13178,0,0,0,0,0
13188,0,0,0,0,0
13198,0,0,0,0,0
13208,0,0,0,0,0
13218,0,0,0,0,0
13228,0,0,0,0,0
13238,0,0,0,0,0
13248,0,0,0,0,0
13258,0,0,0,0,0
13268,0,0,0,0,0
13278,0,0,0,0,0
13288,0,0,0,0,0
13298,0,0,0,0,0
13308,0,0,0,0,0
13318,0,0,0,0,0
13328,0,0,0,0,0
13338,0,0,0,0,0
13348,0,0,0,0,0
13358,0,0,0,0,0
13368,0,0,0,0,0
13378,0,0,0,0,0
13388,0,0,0,0,0
13398,0,0,0,0,0
13408,0,0,0,0,0
13418,0,0,0,0,0
13428,0,0,0,0,0
13438,0,0,0,0,0
13448,0,0,0,0,0
13458,0,0,0,0,0
13468,0,0,0,0,0
13478,0,0,0,0,0
13488,0,0,0,0,0
13498,0,0,0,0,0
13508,0,0,0,0,0
13518,0,0,0,0,0
13528,0,0,0,0,0
13538,0,0,0,0,0
13548,0,0,0,0,0
13558,0,0,0,0,0
13568,0,0,0,0,0
13578,0,0,0,0,0
13588,0,0,0,0,0
13598,0,0,0,0,0
13608,0,0,0,0,0
13618,0,0,0,0,0
13628,0,0,0,0,0
13638,0,0,0,0,0
13648,0,0,0,0,0
13658,0,0,0,0,0
13668,0,0,0,0,0
13678,0,0,0,0,0
13688,0,0,0,0,0
13698,0,0,0,0,0
13708,0,0,0,0,0
13718,0,0,0,0,0
13728,6144,7168,-232,117,-4937
13738,6144,10240,-928,117,-3206
13748,6144,11264,-1160,117,-2483
13758,3072,13312,-2320,58,-6459
13768,3072,10240,-1624,58,-4066
13778,3072,7168,-928,58,460
13788,-4096,6144,-2320,-79,-754
13799,-4096,7168,-2552,-79,-2482
13809,-4096,7168,-2552,-79,-3255
13819,-4096,5120,-2088,-79,-1150
13829,-4096,4096,-1856,-79,460
13839,-4096,10240,-3248,-79,-5854
13849,-4096,9216,-3016,-79,-5209
13859,-4096,6144,-2320,-79,-1871
13869,-4096,6144,-2320,-79,-2285
13879,-4096,5120,-2088,-79,-2471
13889,0,3072,-696,0,-2811
13899,0,22528,-5104,0,-15271
13909,-4096,8192,-2784,-79,-3422
13919,-4096,13312,-3944,-79,4162
13929,0,19456,-4408,0,-14586
13939,0,6144,-1392,0,-3422
13949,0,29696,-6728,0,-24601
13959,0,11264,-2552,0,-6937
13969,-4096,5120,-2088,-79,-6301
13979,-4096,23552,-6264,-79,-20618
13989,-4096,29696,-7656,-79,-20090
13999,-4096,32768,-8352,-79,-21344
14009,-4096,32768,-8352,-79,-21946
14019,-4096,4096,-1856,-79,10307
14029,-4096,20480,-5568,-79,-4486
14039,0,4096,-928,0,3169
14049,-4096,7168,-2552,-79,-16624
14059,-4096,-8192,928,-79,-7249
14069,-4096,-1024,-696,-79,-7854
14079,-4096,4096,-1856,-79,-524
14089,0,11264,-2552,0,-3386
14099,0,-11264,2552,0,3674
14109,0,-9216,2088,0,3849
14119,0,-11264,2552,0,9418
14129,-4096,22528,-6032,-79,-16235
14139,0,1024,-232,0,10491
14149,0,-5120,232,0,6762
14159,-4096,8192,-2784,-79,-4598
14169,-4096,4096,-1856,-79,-1587
14179,-4096,12288,-3712,-79,-11106
14189,-4096,10240,-3248,-79,-11323
14199,0,-33792,7656,0,16952
14209,0,-13312,3016,0,-2492
14219,-4096,7168,-2552,-79,-14904
14229,-4096,-2048,-464,-79,-1713
14239,0,3072,-696,0,-2862
14249,0,-11264,2552,0,7524
14259,0,-17408,3944,0,11606
14269,0,-3072,696,0,-4507
14279,0,-2048,464,0,-5586
14289,0,-1024,232,0,-2415
14299,0,-4096,928,0,5592
14309,0,-27648,6264,0,27111
14319,0,5120,-1160,0,-10459
14329,0,-55296,12528,0,36385
14339,0,-13312,3016,0,-16047
14349,-4096,-54272,11368,-79,25784
14359,0,-51200,11600,0,11085
14369,0,-34816,7888,0,3634
14379,0,0,0,0,-22153
14389,0,-5120,1160,0,2789
14399,0,37888,-8584,0,-28393
14409,0,-32768,7424,0,33370
14419,0,-18432,4176,0,14108
14429,0,-40960,9280,0,9422
14439,0,-79872,18096,0,35620
14449,0,-103424,23432,0,46395
14459,0,-76800,17400,0,13992
14469,0,-128000,29000,0,48865
14479,0,-188416,42688,0,90264
14489,0,-171008,38744,0,50453
14499,0,-175104,39672,0,40856
14509,0,-146432,33176,0,23208
14519,0,-117760,26680,0,14765
14529,0,-141312,32016,0,51808
14539,0,-149504,33872,0,55452
14549,0,-149504,33872,0,45047
14559,0,-195584,44312,0,74882
14569,0,-206848,46864,0,75107
14579,0,-222208,50344,0,77141
14589,0,-263168,59624,0,104181
14599,0,-222208,50344,0,73963
14609,0,-169984,38512,0,45643
14619,0,-154624,35032,0,49476
14629,0,-173056,39208,0,67137
14639,0,-191488,43384,0,73050
14649,0,-202752,45936,0,66085
14659,0,-204800,46400,0,59704
14669,0,-238592,54056,0,87791
14679,0,-339968,77024,0,155359
14689,0,-380928,86304,0,146950
14699,0,-366592,83056,0,107956
14709,0,-318464,72152,0,75088
14719,0,-247808,56144,0,52585
14729,0,-216064,48952,0,58742
14739,0,-168960,38280,0,39068
14749,0,-169984,38512,0,52833
14759,0,-155648,35264,0,52438
14769,0,-164864,37352,0,82029
14779,0,-143360,32480,0,73726
14789,0,-125952,28536,0,57652
14799,0,-125952,28536,0,66828
14809,0,-120832,27376,0,55135
14819,0,-134144,30392,0,72897
14829,0,-162816,36888,0,102871
14839,0,-159744,36192,0,108532
14849,0,-126976,28768,0,104390
14859,0,-47104,10672,0,67575
14869,0,22528,-5104,0,41262
14879,0,8192,-1856,0,77207
14889,0,-16384,3712,0,96364
14899,0,-16384,3712,0,85769
14909,0,-2048,464,0,76942
14919,0,51200,-11600,0,46258
14929,0,84992,-19256,0,27425
14939,0,67584,-15312,0,52206
14950,0,31744,-7192,0,72663
14960,0,-9216,2088,0,92209
14970,0,-46080,10440,0,103158
14980,0,-81920,18560,0,114847
14990,0,-75776,17168,0,95996
15000,0,-55296,12528,0,81765
15010,0,-15360,3480,0,59640
15020,0,-5120,1160,0,67802
15030,0,19456,-4408,0,54081
15040,0,10240,-7656,0,43421
15050,0,33792,-7656,0,46990
15060,0,77824,-17632,0,17692
15070,0,84992,-19256,0,25816
15080,0,129024,-29232,0,-4461
15090,0,118784,-26912,0,-284
15100,0,71680,-16240,0,29736
15110,3072,37888,-7888,58,40399
15120,3072,-22528,5800,58,55268
15130,3072,-68608,16240,58,48029
15140,3072,-111616,25984,58,49341
15150,9216,-105472,25984,175,25835
15160,9216,-121856,29696,175,39084
15170,12288,-176128,42688,234,94296
15180,24576,-221184,55680,468,141033
15190,27648,-203776,52432,527,112693
15200,33792,-193536,51504,644,93408
15210,52224,-158720,47792,996,67275
15220,52224,-152576,46400,996,79546
15230,52224,-126976,40600,996,75891
15240,95232,-143360,54056,1816,109901
15250,95232,-100352,44312,1816,72917
15260,110592,-83968,44080,2109,73292
15270,125952,-86016,48024,2402,97472
15280,129024,-89088,49416,2460,119264
15290,132096,-16384,33640,2519,74125
15300,132096,62464,15776,2519,25823
15310,132096,67584,14616,2519,54439
15320,138240,61440,17400,2636,84949
15330,147456,93184,12296,2812,74583
15340,150528,121856,6496,2871,53503
15350,153600,101376,11832,2929,64986
15360,153600,30720,27840,2929,115938
15370,150528,-46080,44544,2871,161401
15380,150528,-33792,41760,2871,123058
15390,147456,-19456,37816,2812,99194
15400,147456,-46080,43848,2812,128477
15410,144384,-101376,55680,2753,175779
15420,144384,-104448,56376,2753,166384
15430,144384,-70656,48720,2753,126488
15440,141312,-35840,40136,2695,100391
15450,141312,-23552,37352,2695,108927
15460,141312,-9216,34104,2695,121140
15470,141312,14336,28768,2695,122165
15480,141312,55296,19488,2695,101670
15490,141312,73728,17400,2695,104652
15500,141312,51200,20416,2695,124079
15510,141312,43008,22272,2695,140047
15520,141312,102400,8816,2695,86786
15530,187392,138240,11136,3574,66424
15540,187392,142336,10208,3574,76542
15550,215040,106496,24592,4101,118780
15560,215040,120832,21344,4101,118910
15570,215040,198656,3712,4101,54929
15580,372736,229376,32480,7109,83782
15590,416768,239616,40136,7949,131504
15600,455680,302080,34800,8691,94011
15610,475136,397312,17632,9062,47623
15620,475136,439296,8120,9062,38117
15630,569344,395264,39440,10859,124065
15640,569344,393216,39904,10859,132955
15650,670720,427008,55216,12792,143433
15660,855040,430080,96280,16308,211218
15670,855040,494592,81664,16308,184550
15680,984064,626688,80968,18769,146813
15690,984064,709632,62176,18769,135288
15700,1084416,811008,61944,20683,142386
15710,1116160,1013760,23200,21289,46811
15720,1116160,1144832,-6496,21289,28121
15730,1116160,1213440,-22040,21289,43679
15740,1697792,1330176,83288,32382,155577
15750,1697792,1406976,65888,32382,151825
15760,1697792,1495040,45936,32382,136373
15770,2638848,1646592,224808,50332,300287
15780,2638848,1803264,189312,50332,251075
15790,2638848,1975296,150336,50332,221052
15800,2499584,2281472,49416,47675,77210
15810,2499584,2534400,-7888,47675,36388
15820,2499584,2717696,-49416,47675,41309
15830,1513472,2893824,-312736,28867,-276302
15840,1513472,2942976,-323872,28867,-301859
15850,1220608,2784256,-354264,23281,-300346
15860,1220608,2437120,-275616,23281,-130723
15870,579584,2009088,-323872,11054,-125802
15880,579584,1593344,-229680,11054,-5196
15890,355328,1138688,-177480,6777,65849
15900,215040,743424,-119712,4101,137210
15910,215040,403456,-42688,4101,163082
15920,215040,196608,4176,4101,132061
15931,3072,24576,-4872,58,71835
15941,-4096,-142336,31320,-79,89157
15951,-4096,-280576,62640,-79,120007
15961,-4096,-317440,70992,-79,82348
15971,-4096,-414720,93032,-79,127272
15981,-4096,-458752,103008,-79,129901
15991,-4096,-427008,95816,-79,94829
16001,-4096,-467968,105096,-79,131425
16011,-4096,-388096,87000,-79,68232
16021,-4096,-324608,72616,-79,40607
16031,-4096,-303104,67744,-79,57101
16041,-4096,-239616,53360,-79,24115
16051,-4096,-268288,59856,-79,70504
16061,-4096,-275456,61480,-79,79309
16071,-4096,-267264,59624,-79,71870
16081,-4096,-328704,73544,-79,125202
16091,-4096,-272384,60784,-79,55262
16101,-4096,-293888,65656,-79,85977
16111,-4096,-302080,67512,-79,98060
16121,-4096,-248832,55448,-79,58942
16131,-4096,-272384,60784,-79,94678
16141,-4096,-296960,66352,-79,118231
16151,-7168,-308224,68208,-137,124168
16161,-65536,-381952,71688,-1250,169299
16171,-65536,-371712,69368,-1250,151171
16181,-173056,-384000,47792,-3301,128240
16191,-244736,-417792,39208,-4668,138319
16201,-244736,-403456,35960,-4668,117037
16211,-282624,-482304,45240,-5391,163763
16221,-282624,-527360,55448,-5391,180568
16231,-309248,-496640,42456,-5899,116630
16241,-335872,-545792,47560,-6407,116793
16251,-346112,-558080,48024,-6602,126377
16261,-346112,-510976,37352,-6602,69352
16271,-356352,-558080,45704,-6797,101426
16281,-356352,-567296,47792,-6797,93395
16291,-363520,-568320,46400,-6934,74854
16301,-370688,-593920,50576,-7071,90355
16311,-370688,-635904,60088,-7071,122789
16321,-370688,-602112,52432,-7071,88062
16331,-402432,-594944,41296,-7676,69220
16341,-484352,-637952,34800,-9239,103126
16351,-501760,-643072,32016,-9571,107168
16361,-601088,-634880,7656,-11465,75943
16371,-611328,-679936,15544,-11661,109746
16381,-643072,-749568,24128,-12266,145443
16391,-643072,-763904,27376,-12266,126506
16401,-643072,-800768,35728,-12266,145591
16411,-643072,-890880,56144,-12266,186432
16421,-747520,-894976,33408,-14258,133195
16431,-747520,-879616,29928,-14258,100161
16441,-809984,-914432,23664,-15450,107310
16451,-809984,-947200,31088,-15450,120447
16461,-809984,-965632,35264,-15450,116028
16471,-809984,-1005568,44312,-15450,134637
16481,-913408,-1077248,37120,-17422,153031
16491,-913408,-1050624,31088,-17422,110843
16501,-913408,-1060864,33408,-17422,111995
16511,-913408,-1108992,44312,-17422,146661
16521,-905216,-1120256,48720,-17266,153479
16531,-905216,-1073152,38048,-17266,110978
16541,-905216,-1121280,48952,-17266,156837
16551,-897024,-1128448,52432,-17110,163334
16561,-897024,-1084416,42456,-17110,119915
16571,-905216,-1116160,47792,-17266,144848
16581,-913408,-1138688,51040,-17422,159549
16591,-948224,-1078272,29464,-18086,91479
16601,-948224,-1071104,27840,-18086,83508
16611,-975872,-1123328,33408,-18614,123461
16621,-975872,-1091584,26216,-18614,85764
16631,-994304,-1097728,23432,-18965,83765
16641,-1004544,-1153024,33640,-19161,117102
16651,-1024000,-1145856,27608,-19532,92375
16661,-1024000,-1147904,28072,-19532,87881
16671,-1033216,-1231872,45008,-19708,156253
16681,-1033216,-1200128,37816,-19708,119477
16691,-1033216,-1178624,32944,-19708,107076
16701,-1033216,-1228800,44312,-19708,164937
16711,-1033216,-1193984,36424,-19708,138761
16721,-1053696,-1190912,31088,-20098,130132
16731,-1063936,-1230848,37816,-20293,182591
16741,-1063936,-1210368,33176,-20293,166980
16751,-1139712,-1187840,10904,-21739,138634
16761,-1162240,-1212416,11368,-22168,162044
16771,-1246208,-1228800,-3944,-23770,158405
16781,-1246208,-1204224,-9512,-23770,120253
16791,-1310720,-1260544,-11368,-25000,134349
16801,-1310720,-1324032,3016,-25000,164508
16811,-1379328,-1341440,-8584,-26309,119948
16821,-1379328,-1389568,2320,-26309,129599
16831,-1423360,-1467392,9976,-27149,162148
16841,-1423360,-1498112,16936,-27149,154106
16851,-1423360,-1496064,16472,-27149,126396
16861,-1453056,-1561600,24592,-27715,159717
16871,-1453056,-1569792,26448,-27715,149224
16881,-1453056,-1538048,19256,-27715,108785
16891,-1514496,-1564672,11368,-28887,115748
16901,-1514496,-1582080,15312,-28887,125669
16911,-1546240,-1544192,-464,-29493,59213
16921,-1546240,-1548288,464,-29493,83833
16931,-1546240,-1575936,6728,-29493,105770
16941,-1546240,-1573888,6264,-29493,57010
16951,-1546240,-1591296,10208,-29493,117216
16961,-1629184,-1632256,696,-31075,126120
16971,-1629184,-1620992,-1856,-31075,88139
16981,-1646592,-1614848,-7192,-31407,88569
16991,-1646592,-1661952,3480,-31407,120287
17001,-1664000,-1650688,-3016,-31739,91340
17011,-1664000,-1624064,-9048,-31739,58781
17021,-1646592,-1674240,6264,-31407,97923
17031,-1646592,-1679360,7424,-31407,102506
17041,-1595392,-1632256,8352,-30430,68928
17051,-1595392,-1615872,4640,-30430,57719
17061,-1546240,-1624064,17632,-29493,88913
17072,-1546240,-1549312,696,-29493,30228
17082,-1546240,-1489920,-12760,-29493,-11443
17092,-1310720,-1529856,49648,-25000,105740
17102,-1310720,-1507328,44544,-25000,99302
17112,-1106944,-1423360,71688,-21114,98626
17122,-940032,-1384448,100688,-17930,151209
17132,-575488,-1280000,159616,-10977,206105
17142,-497664,-1079296,131776,-9493,134994
17152,-136192,-919552,177480,-2598,199484
17162,-136192,-692224,125976,-2598,126304
17172,-13312,-438272,96280,-254,93623
17182,-13312,-227328,48488,-254,72628
17192,0,-15360,3480,0,36990
17202,0,95232,-21576,0,71228
17212,0,200704,-45472,0,65466
17222,0,321536,-72848,0,16080
17232,0,329728,-74704,0,42849
17242,0,314368,-71224,0,63622
17252,0,322560,-73080,0,40859
17262,0,306176,-69368,0,31331
17272,0,225280,-51040,0,67089
17282,0,183296,-41528,0,57148
17292,0,147456,-33408,0,47125
17302,0,87040,-19720,0,65253
17312,0,10240,-2320,0,100911
17322,0,43008,-9744,0,43824
17332,6144,52224,-10440,117,28670
17342,30720,57344,-6032,585,31149
17352,30720,4096,6032,585,89710
17362,113664,55296,13224,2167,70704
17372,113664,115712,-464,2167,30625
17382,205824,90112,26216,3925,98430
17392,266240,111616,35032,5078,107974
17402,355328,197632,35728,6777,78407
17412,355328,240640,25984,6777,81066
17422,355328,305152,11368,6777,84721
17432,594944,382976,48024,11347,89137
17442,653312,482304,38744,12460,55752
17452,653312,542720,25056,12460,50539
17462,653312,603136,11368,12460,57450
17472,1184768,746496,99296,22597,124388
17482,1184768,886784,67512,22597,69901
17492,1561600,1013760,124120,29785,143714
17502,1561600,1192960,83520,29785,91965
17512,1971200,1418240,125280,37597,113372
17522,1971200,1661952,70064,37597,48087
17532,2527232,1864704,150104,48203,169679
17542,2527232,2087936,99528,48203,126507
17552,2756608,2369536,87696,52578,97191
17562,2911232,2574336,76328,55527,119413
17572,2911232,2782208,29232,55527,84856
17582,2911232,3050496,-31552,55527,-12169
17592,3040256,3213312,-39208,57988,-1167
17602,3040256,3307520,-60552,57988,21425
17612,3316736,3419136,-23200,63261,73443
17622,3316736,3520512,-46168,63261,46244
17632,3464192,3635200,-38744,66074,37579
17642,3464192,3693568,-51968,66074,39903
17652,3617792,3764224,-33176,69003,63161
17662,3819520,3866624,-10672,72851,69861
17672,3903488,3962880,-13456,74453,16405
17682,3988480,4094976,-24128,76074,14255
17692,4164608,4171776,-1624,79433,53853
17702,4164608,4270080,-23896,79433,34221
17712,4164608,4423680,-58696,79433,-37597
17722,4164608,4614144,-101848,79433,-134734
17732,4164608,4671488,-114840,79433,-121125
17742,4119552,4679680,-126904,78574,-94672
17752,4119552,4642816,-118552,78574,-38696
17762,4119552,4627456,-115072,78574,-25811
17772,4347904,4603904,-58000,82929,39959
17782,4347904,4598784,-56840,82929,29119
17792,4395008,4652032,-58232,83828,-16860
17802,4395008,4706304,-69600,83828,-56793
17812,4395008,4739072,-77952,83828,-68026
17822,4395008,4749312,-80272,83828,-35424
17832,4164608,4797440,-143376,79433,-92882
17842,3141632,4758528,-366328,59921,-289598
17852,3007488,4651008,-372360,57363,-258846
17862,2057216,4440064,-539864,39238,-411272
17872,1888256,4157440,-514112,36015,-399106
17882,1888256,3649536,-399040,36015,-188590
17892,1062912,3142656,-471192,20273,-256807
17902,659456,2696192,-461448,12578,-305649
17912,659456,2169856,-342200,12578,-186137
17922,352256,1529856,-266800,6718,-64934
17932,352256,1141760,-178872,6718,-81991
17942,352256,719872,-83288,6718,-9007
17952,122880,265216,-32248,2343,62726
17962,3072,-99328,23200,58,115842
17972,3072,-328704,75168,58,132654
17982,0,-477184,108112,0,105304
17992,0,-609280,138040,0,116210
18002,-4096,-667648,150336,-79,99146
18012,-4096,-695296,156600,-79,88458
18022,-4096,-708608,159616,-79,93897
18032,-4096,-705536,158920,-79,110490
18042,-4096,-720896,162400,-79,144284
18052,-4096,-629760,141752,-79,101194
18062,-4096,-544768,122496,-79,71843
18072,-4096,-484352,108808,-79,70052
18082,-4096,-396288,88856,-79,50125
18092,-10240,-374784,82592,-196,82736
18102,-13312,-371712,81200,-254,115417
18112,-59392,-311296,57072,-1133,68861
18122,-59392,-364544,69136,-1133,123855
18132,-96256,-322560,51272,-1836,64498
18142,-96256,-390144,66584,-1836,132302
18152,-163840,-430080,60320,-3125,112882
18162,-163840,-438272,62176,-3125,104538
18172,-163840,-481280,71920,-3125,127394
18182,-176128,-445440,61016,-3360,75389
18192,-212992,-589824,85376,-4063,184635
18202,-212992,-591872,85840,-4063,165492
18212,-244736,-652288,92336,-4668,193650
18222,-244736,-584704,77024,-4668,115991
18232,-260096,-561152,68208,-4961,94245
18242,-260096,-549888,68208,-4961,95123
18252,-279552,-617472,76560,-5333,147118
18263,-286720,-638976,79808,-5469,162983
18273,-325632,-638976,70992,-6211,158995
18283,-338944,-618496,63336,-6465,132195
18293,-338944,-563200,50808,-6465,90202
18303,-380928,-581632,45472,-7266,95189
18313,-433152,-622592,42920,-8262,110913
18323,-456704,-687104,52200,-8711,151056
18333,-456704,-718848,59392,-8711,154949
18343,-484352,-798720,71224,-9239,192768
18353,-505856,-798720,66352,-9649,145184
18363,-519168,-842752,73312,-9903,171539
18373,-541696,-818176,62640,-10333,127721
18383,-561152,-865280,68904,-10704,162691
18393,-575488,-828416,57304,-10977,122433
18403,-580608,-898048,71920,-11075,187057
18413,-580608,-856064,62408,-11075,148761
18423,-595968,-878592,64032,-11368,168161
18433,-616448,-823296,46864,-11758,111699
18443,-616448,-844800,51736,-11758,133928
18453,-666624,-862208,44312,-12715,130549
18463,-666624,-912384,55680,-12715,176509
18473,-714752,-914432,45240,-13633,164519
18483,-760832,-924672,37120,-14512,162842
18493,-856064,-912384,12760,-16329,112371
18503,-930816,-920576,-2320,-17754,82709
18513,-930816,-969728,8816,-17754,96073
18523,-1033216,-1048576,3480,-19708,110906
18533,-1033216,-1175552,32248,-19708,182369
18543,-1106944,-1217536,25056,-21114,159381
18553,-1106944,-1283072,39904,-21114,181856
18563,-1271808,-1289216,3944,-24258,107577
18573,-1408000,-1338368,-15776,-26856,80508
18583,-1437696,-1402880,-7888,-27422,98958
18593,-1437696,-1508352,16008,-27422,154376
18603,-1562624,-1599488,8352,-29805,150482
18613,-1646592,-1697792,11600,-31407,156981
18623,-1754112,-1757184,696,-33458,124144
18633,-2058240,-1838080,-49880,-39258,59346
18643,-2058240,-1896448,-36656,-39258,49937
18653,-2058240,-2066432,1856,-39258,139827
18663,-2669568,-2193408,-107880,-50918,7174
18673,-2880512,-2418688,-104632,-54942,39613
18683,-3041280,-2587648,-102776,-58008,-14757
18693,-3354624,-2945024,-92800,-63985,49359
18703,-3503104,-3308544,-44080,-66817,146036
18713,-3542016,-3569664,6264,-67559,155856
18723,-3542016,-3821568,63336,-67559,174185
18733,-3542016,-3981312,99528,-67559,140676
18743,-3579904,-4199424,140360,-68282,189875
18753,-3579904,-4316160,166808,-68282,191639
18763,-3579904,-4407296,187456,-68282,225317
18773,-3579904,-4420608,190472,-68282,213882
18783,-3579904,-4438016,194416,-68282,232940
18793,-3579904,-4408320,187688,-68282,210221
18803,-3618816,-4363264,168664,-69024,168140
18813,-3618816,-4395008,175856,-69024,194896
18823,-3618816,-4371456,170520,-69024,168894
18833,-3618816,-4440064,186064,-69024,232705
18843,-2912256,-4389888,334776,-55547,362679
18853,-2788352,-4382720,361224,-53184,408914
18863,-2172928,-4166656,451704,-41446,425729
18873,-2172928,-3972096,407624,-41446,385774
18883,-1310720,-3616768,522464,-25000,467339
18893,-1128448,-3195904,468408,-21524,385455
18903,-747520,-2699264,442192,-14258,351302
18913,-702464,-2155520,329208,-13399,204393
18923,-489472,-1677312,269120,-9336,179924
18933,-489472,-1211392,163560,-9336,82715
18943,-489472,-958464,106256,-9336,115654
18953,-295936,-644096,78880,-5645,100772
18963,-114688,-500736,87464,-2188,186077
18973,-83968,-246784,36888,-1602,105581
18983,0,-136192,30856,0,146669
18993,0,25600,-5800,0,96638
19003,0,71680,-16240,0,145866
19013,3072,201728,-45008,58,96954
19023,43008,215040,-38976,820,152694
19033,43008,305152,-59392,820,109102
19043,122880,284672,-36656,2343,169225
19053,122880,366592,-55216,2343,98919
19063,184320,353280,-38280,3515,135725
19073,190464,421888,-52432,3632,79214
19083,218112,404480,-42224,4160,116332
19093,228352,442368,-48488,4355,87021
19103,234496,338944,-23664,4472,189747
19113,234496,348160,-25752,4472,173790
19123,234496,354304,-27144,4472,170959
19133,234496,436224,-45704,4472,91741
19143,234496,408576,-30856,4472,147553
19153,234496,376832,-32248,4472,134518
19163,234496,312320,-17632,4472,187897
19173,234496,379904,-32944,4472,117551
19183,234496,363520,-29232,4472,127580
19193,234496,400384,-37584,4472,99207
19203,234496,284672,-11368,4472,177588
19213,234496,316416,-18560,4472,125183
19223,234496,301056,-15080,4472,127126
19233,234496,364544,-29464,4472,57779
19243,234496,323584,-20184,4472,124883
19253,234496,271360,-8352,4472,123251
19263,234496,303104,-15544,4472,85358
19273,234496,344064,-24824,4472,43413
19283,240640,337920,-22040,4589,61755
19293,240640,314368,-16704,4589,74550
19303,243712,340992,-22040,4648,42522
19313,243712,342016,-22272,4648,33460
19323,243712,267264,-5336,4648,94970
19333,243712,342016,-22272,4648,12236
19344,240640,363520,-27840,4589,1234
19354,240640,320512,-18096,4589,29032
19364,240640,320512,-18096,4589,47815
19374,240640,378880,-31320,4589,-9032
19384,240640,381952,-32016,4589,-8393
19394,240640,286720,-10440,4589,85678
19404,240640,300032,-13456,4589,75605
19414,240640,273408,-7424,4589,101347
19424,240640,382976,-32248,4589,-5814
19434,240640,333824,-21112,4589,41936
19444,240640,305152,-14616,4589,60770
19454,246784,328704,-18560,4707,34875
19464,266240,314368,-10904,5078,52434
19474,272384,329728,-17632,5195,23515
19484,285696,407552,-27608,5449,-16071
19494,324608,437248,-25520,6191,-20047
19504,334848,412672,-17632,6386,15741
19514,362496,420864,-13224,6914,22991
19524,362496,486400,-28072,6914,-26250
19534,362496,493568,-29696,6914,-21737
19544,362496,380928,-4176,6914,82223
19554,610304,386048,50808,11640,111709
19564,615424,460800,35032,11738,26414
19574,939008,453632,109968,17910,124709
19584,939008,499712,99528,17910,113693
19594,1364992,633856,165648,26035,155287
19604,1481728,778240,159384,28261,145456
19614,2726912,974848,396952,52011,385223
19624,2942976,1254400,382568,56132,349356
19634,3617792,1639424,448224,69003,387588
19644,3861504,2187264,379320,73652,256070
19654,3861504,2742272,253576,73652,114432
19664,5271552,3315712,443120,100546,307180
19674,5271552,3865600,318536,100546,209347
19684,6111232,4476928,370272,116562,295621
19694,6111232,5044224,241744,116562,165633
19704,6111232,5604352,114840,116562,65918
19714,6111232,6071296,9048,116562,-4675
19724,5984256,6506496,-118320,114140,-117172
19734,5921792,6726656,-182352,112949,-109622
19744,5327872,6883328,-352408,101621,-269168
19754,5160960,6820864,-376072,98437,-238755
19764,4395008,6647808,-510400,83828,-340511
19774,4347904,6303744,-443120,82929,-220294
19784,4490240,5741568,-283504,85644,66315
19794,4490240,5436416,-214368,85644,18328
19804,4490240,5087232,-135256,85644,65993
19814,4637696,4842496,-46400,88457,130636
19824,4637696,4787200,-33872,88457,55049
19834,4637696,4819968,-41296,88457,-20305
19844,4637696,4802560,-37352,88457,-5239
19854,3657728,4816896,-262624,69765,-254572
19864,3280896,4810752,-346608,62578,-370277
19874,3280896,4561920,-290232,62578,-204096
19884,2393088,4263936,-423864,45644,-326210
19894,2393088,3880960,-337096,45644,-209058
19904,1062912,3319808,-511328,20273,-340278
19914,1062912,2892800,-414584,20273,-268271
19924,443392,2210816,-400432,8457,-154154
19934,301056,1799168,-339416,5742,-214610
19944,301056,1077248,-175856,5742,48943
19954,301056,644096,-77720,5742,30180
19964,12288,150528,-31320,234,72168
19974,12288,-167936,40832,234,63951
19984,-4096,-419840,94192,-79,80230
19994,-4096,-637952,143608,-79,137952
20004,-4096,-720896,162400,-79,121258
20014,-4096,-778240,178872,-79,145590
20024,-13312,-802816,178872,-254,147009
20034,-13312,-828416,184672,-254,190175
20044,-133120,-774144,145232,-2540,145395
20054,-133120,-606208,107184,-2540,45084
20064,-247808,-616448,83520,-4727,76987
20074,-247808,-584704,76328,-4727,83580
20084,-247808,-553984,69368,-4727,76312
20094,-247808,-573440,73776,-4727,94256
20104,-328704,-518144,42920,-6270,12133
20114,-328704,-670720,77488,-6270,140853
20124,-338944,-663552,73544,-6465,105999
20134,-338944,-662528,73312,-6465,86774
20144,-402432,-664576,59392,-7676,63567
20154,-402432,-656384,57536,-7676,51077
20164,-472064,-784384,70760,-9004,151429
20174,-484352,-748544,59856,-9239,102893
20184,-484352,-742400,58464,-9239,82957
20194,-497664,-785408,65192,-9493,100527
20204,-497664,-794624,67280,-9493,93194
20214,-497664,-891904,89320,-9493,176096
20224,-489472,-822272,75400,-9336,105003
20234,-489472,-793600,68904,-9336,87124
20244,-489472,-756736,60552,-9336,72416
20254,-489472,-839680,79344,-9336,162842
20264,-489472,-756736,60552,-9336,83747
20274,-489472,-765952,62640,-9336,94989
20284,-484352,-769024,64496,-9239,98683
20294,-484352,-845824,81896,-9239,175767
20304,-484352,-757760,61944,-9239,96987
20314,-484352,-732160,56144,-9239,91352
20324,-489472,-747520,58464,-9336,123942
20334,-489472,-800768,70528,-9336,182800
20344,-524288,-732160,47096,-10000,112953
20354,-528384,-744448,48952,-10079,118264
20364,-546816,-798720,57072,-10430,162674
20374,-546816,-761856,48720,-10430,109571
20384,-590848,-765952,39672,-11270,93391
20394,-590848,-673792,18792,-11270,2786
20404,-677888,-829440,34336,-12930,128981
20414,-747520,-808960,13920,-14258,79871
20424,-840704,-858112,3944,-16036,80673
20434,-879616,-893952,3248,-16778,114759
20444,-879616,-1028096,33640,-16778,155666
20454,-879616,-1116160,53592,-16778,183431
20464,-1063936,-1121280,12992,-20293,92704
20474,-1063936,-1171456,24360,-20293,104168
20484,-1063936,-1297408,52896,-20293,179590
20494,-1063936,-1397760,75632,-20293,231466
20504,-1063936,-1382400,72152,-20293,160649
20514,-1033216,-1408000,84912,-19708,150510
20524,-1033216,-1405952,84448,-19708,123989
20534,-1033216,-1488896,103240,-19708,209317
20544,-1033216,-1430528,90016,-19708,170228
20554,-1033216,-1435648,91176,-19708,192403
20564,-1033216,-1375232,77488,-19708,141355
20574,-1033216,-1411072,85608,-19708,180199
20584,-1033216,-1382400,79112,-19708,157426
20594,-1033216,-1438720,91872,-19708,214438
20604,-1033216,-1366016,75400,-19708,161469
20614,-1033216,-1383424,79344,-19708,193286
20625,-1033216,-1299456,60320,-19708,127448
20635,-1117184,-1313792,44544,-21309,137251
20645,-1117184,-1315840,45008,-21309,154224
20655,-1117184,-1355776,54056,-21309,195775
20665,-1393664,-1335296,-13224,-26583,107186
20675,-1393664,-1405952,2784,-26583,152116
20685,-1393664,-1395712,464,-26583,98573
20695,-1393664,-1505280,25288,-26583,150214
20705,-2080768,-1569792,-115768,-39688,-17198
20715,-2080768,-1754112,-74008,-39688,85654
20725,-2473984,-1849344,-141520,-47188,-4037
20735,-2473984,-2061312,-93496,-47188,65530
20745,-2473984,-2230272,-55216,-47188,57257
20755,-2500608,-2462720,-8584,-47696,125114
20765,-2500608,-2678784,40368,-47696,159022
20775,-2528256,-2896896,83520,-48223,246174
20785,-2669568,-3068928,90480,-50918,215147
20795,-2669568,-3148800,108576,-50918,206171
20805,-3354624,-3222528,-29928,-63985,50561
20815,-4444160,-3215360,-278400,-84766,-284072
20825,-4444160,-3388416,-233392,-84766,-209939
20835,-5385216,-3782656,-363080,-102715,-295961
20845,-5385216,-4464640,-208568,-102715,22319
20855,-4638720,-5058560,95120,-88477,351193
20865,-4540416,-5581824,235944,-86602,437525
20875,-2788352,-5817344,686256,-53184,791170
20885,-2788352,-5614592,640320,-53184,548560
20895,-1909760,-5124096,728248,-36426,529850
20905,-1351680,-4369408,683704,-25782,344968
20915,-601088,-3710976,704584,-11465,407435
20925,-338944,-3086336,622456,-6465,386834
20935,-114688,-2401280,518056,-2188,255260
20945,-114688,-1879040,399736,-2188,207801
20955,-114688,-1459200,304616,-2188,196909
20965,-4096,-1004544,226664,-79,139412
20975,0,-762880,172840,0,186916
20985,0,-531456,120408,0,174453
20995,0,-355328,80504,0,166064
21005,0,-211968,48024,0,143013
21015,0,-168960,38280,0,190524
21025,0,-31744,7192,0,121574
21035,0,-43008,9744,0,168721
21045,0,71680,-16240,0,84104
21055,0,64512,-14616,0,112979
21065,0,39936,-9048,0,147885
21075,0,37888,-8584,0,167113
21085,0,59392,-13456,0,163333
21095,0,129024,-29232,0,120042
21105,0,114688,-25984,0,152575
21115,0,169984,-38512,0,116937
21125,0,108544,-24592,0,172858
21135,0,138240,-31320,0,131054
21145,0,101376,-22968,0,148498
21155,0,77824,-21112,0,132002
21165,33792,69632,-8120,644,145062
21175,70656,38912,7192,1347,161491
21185,70656,77824,-1624,1347,115819
21195,70656,64512,1392,1347,133035
21205,70656,119808,-11136,1347,93030
21215,150528,59392,20648,2871,191505
21225,150528,115712,7888,2871,158349
21235,150528,121856,6496,2871,175718
21245,150528,232448,-18560,2871,91722
21255,379904,249856,29464,7246,156826
21265,379904,322560,12992,7246,109786
21275,631808,267264,82592,12050,250309
21285,752640,320512,97904,14355,251489
21295,2148352,468992,380480,40976,516271
21305,2148352,850944,293944,40976,289636
21315,4443136,1229824,728016,84746,734482
21325,6713344,1936384,1082280,128046,1025732
21335,6713344,2968576,848424,128046,624422
21345,9308160,4346880,1124040,177539,800629
21355,9308160,5614592,825224,177539,503962
21365,10384384,6987776,769544,198066,456762
21375,10591232,8303616,518288,202011,239545
21385,10591232,9342976,282808,202011,132349
21395,10487808,10276864,47792,200039,28699
21405,9308160,11004928,-384424,177539,-331323
21415,8501248,11347968,-644960,162148,-535519
21425,8501248,11278336,-629184,162148,-387030
21435,5859328,10584064,-1070448,111757,-645683
21445,5859328,9675776,-864664,111757,-232428
21455,3353600,8411136,-1145848,63964,-349744
21465,974848,7319552,-1437472,18593,-707244
21475,683008,5928960,-1188536,13027,-361109
21485,348160,4694016,-984608,6640,-221123
21495,211968,3345408,-709920,4042,70052
21505,21504,2361344,-530120,410,32660
21515,21504,1459200,-325728,410,156278
21525,-4096,974848,-221792,-79,46681
21535,-4096,524288,-119712,-79,42634
21545,-4096,150528,-35032,-79,89957
21555,-4096,-75776,16240,-79,45766
21565,-44032,-251904,50576,-840,14145
21575,-44032,-497664,102776,-840,73309
21585,-312320,-778240,105560,-5958,136165
21595,-353280,-866304,116232,-6739,108893
21605,-519168,-925696,92104,-9903,48994
21615,-519168,-1014784,112288,-9903,69396
21625,-519168,-1112064,134328,-9903,99590
21635,-519168,-1185792,151032,-9903,133862
21645,-1529856,-1290240,-54288,-29180,-65351
21655,-1529856,-1312768,-49184,-29180,-95840
21665,-2612224,-1363968,-282808,-49825,-370523
21675,-4165632,-1702912,-557960,-79454,-558949
21685,-4396032,-2317312,-470960,-83848,-289762
21695,-4893696,-2979840,-433608,-93340,-183751
21705,-6241280,-3961856,-516432,-119043,-121435
21715,-6241280,-4711424,-356816,-119043,-68877
21725,-6439936,-5423104,-230376,-122833,27649
21735,-6439936,-6161408,-63104,-122833,167530
21745,-6507520,-6595584,19952,-124122,123646
21755,-6576128,-7001088,96280,-125430,147681
21765,-6306816,-7247872,213208,-120293,227401
21775,-6306816,-7388160,244992,-120293,216642
21785,-5798912,-7476224,380016,-110606,350759
21795,-5559296,-7367680,409712,-106036,290479
21805,-5559296,-7211008,374216,-106036,204910
21815,-4033536,-6982656,668160,-76934,493334
21825,-4076544,-6636544,580000,-77754,375813
21835,-4076544,-6159360,471888,-77754,182972
21845,-4210688,-5781504,355888,-80313,89713
21855,-4210688,-5460992,283272,-80313,59635
21865,-4210688,-5222400,229216,-80313,81616
21875,-4210688,-5017600,182816,-80313,92381
21885,-7145472,-4924416,-503208,-136290,-632042
21895,-7145472,-5041152,-476760,-136290,-545983
21905,-7071744,-5529600,-349392,-134883,-285995
21915,-7071744,-6478848,-134328,-134883,161175
21925,-6112256,-7160832,237568,-116583,524217
21936,-6112256,-7561216,328280,-116583,457727
21946,-2727936,-7529472,1087848,-52032,1071539
21956,-2727936,-7074816,984840,-52032,749626
21966,-871424,-6091776,1182736,-16622,728320
21976,-871424,-4967424,928000,-16622,356398
21986,-871424,-3732480,648208,-16622,90591
21996,-871424,-2623488,396952,-16622,-105460
22006,-22528,-1938432,434072,-430,114208
22016,-22528,-1492992,333152,-430,179061
22026,0,-1163264,263552,0,206793
22036,0,-887808,201144,0,197439
22046,0,-632832,143376,0,186887
22056,0,-324608,73544,0,104699
22066,0,-163840,37120,0,126622
22076,0,51200,-11600,0,66501
22086,589824,182272,96280,11250,217032
22096,589824,264192,73776,11250,206573
22106,1406976,434176,220400,26835,334919
22116,3175424,649216,572344,60566,686747
22126,3175424,1110016,467944,60566,470527
22136,4944896,1734656,727320,94316,699212
22146,9590784,2744320,1551152,182929,1421029
22156,9590784,4320256,1194104,182929,770249
22166,14017536,6068224,1779904,267363,1289145
22176,16135168,8443904,1742552,307753,1039789
22186,16284672,11073536,1180648,310605,367018
22196,16284672,13386752,656560,310605,-45325
22206,16436224,15250432,268656,313496,-142322
22216,16436224,16418816,-3016,313496,-96406
22226,16436224,16961536,-119016,313496,107797
22236,15690752,17344512,-374680,299277,-60433
22246,10281984,17446912,-1623304,196113,-1401066
22256,10281984,17098752,-1544424,196113,-1215913
22266,4539392,15729664,-2535296,86582,-1838101
22276,4539392,13383680,-2003784,86582,-743318
22286,4539392,10639360,-1382024,86582,96466
22296,1645568,8347648,-1518440,31386,-223537
22306,514048,6338560,-1319616,9804,-334808
22316,428032,4421632,-904800,8164,-1189
22326,237568,3301376,-694144,4531,-132756
22336,73728,2031616,-443584,1406,48606
22346,9216,1260544,-283504,175,-29432
22356,-4096,560128,-127832,-79,44246
22366,-4096,-97280,21112,-79,165107
22376,-4096,-532480,119712,-79,208742
22386,0,-755712,171216,0,147108
22396,0,-904192,204856,0,121850
22406,0,-992256,224808,0,114816
22416,0,-1047552,238960,0,150377
22426,0,-1002496,227128,0,123181
22436,0,-937984,212512,0,119892
22446,0,-884736,200448,0,141675
22456,0,-831488,188384,0,154038
22466,0,-718848,162864,0,115326
22476,-53248,-649216,135024,-1016,104782
22486,-191488,-634880,100456,-3653,119834
22496,-322560,-579584,54752,-6153,61866
22506,-696320,-562176,-30392,-13282,-18717
22516,-966656,-631808,-75864,-18438,-46633
22526,-1735680,-791552,-213904,-33106,-167989
22536,-2420736,-1018880,-317608,-46172,-258844
22546,-7293952,-1455104,-1322864,-139122,-1281055
22556,-9785344,-2539520,-1641632,-186641,-2830871
22566,-17213440,-4540416,-2871232,-328321,-2206856
22576,-17213440,-7776256,-2138112,-328321,-921260
22586,-17213440,-11353088,-1327736,-328321,154771
22596,-17213440,-14545920,-604360,-328321,690798
22606,-17213440,-16434176,-176552,-328321,553564
22616,-17213440,-17613824,90712,-328321,368726
22626,-13496320,-17980416,1015928,-257422,1018915
22636,-13496320,-17859584,988552,-257422,766358
22646,-4688896,-17083392,2808128,-89434,2393317
22656,-4688896,-15335424,2412104,-89434,1486122
22666,-1546240,-12835840,2557800,-29493,1256815
22676,-1546240,-9832448,1877344,-29493,340284
22686,-133120,-7190528,1598944,-2540,172923
22696,-133120,-4975616,1097128,-2540,-25578
22706,21504,-3293184,750984,410,-61278
22716,21504,-2208768,505296,410,43821
22726,36864,-1438720,334312,703,67310
22736,36864,-916480,215992,703,129935
22746,175104,-520192,157528,3339,175231
22756,215040,-106496,72848,4101,111885
22766,620544,161792,103936,11835,221434
22776,620544,438272,41296,11835,172599
22786,1310720,718848,134096,25000,275947
22796,1888256,966656,208800,36015,366279
22806,1888256,1269760,140128,36015,276261
22816,2219008,1630208,133400,42324,267204
22826,2911232,2105344,182584,55527,276726
22836,2911232,2475008,98832,55527,218464
22846,3353600,2971648,86536,63964,164316
22856,3861504,3383296,108344,73652,205726
22866,3861504,3918848,-12992,73652,32267
22876,7218176,4276224,666536,137675,811379
22886,7836672,5095424,621064,149472,628753
22896,7756800,6133760,367720,147949,256641
22906,7756800,7176192,131544,147949,-4226
22916,6305792,8056832,-396720,120273,-482171
22926,4301824,8365056,-920576,82050,-851639
22936,3697664,8026112,-980664,70527,-734587
22946,2014208,6880256,-1102464,38417,-526616
22957,1680384,5685248,-907352,32050,-267282
22967,1680384,4427776,-622456,32050,17177
22977,462848,3201024,-620368,8828,-17201
22987,462848,2413568,-441960,8828,-41385
22997,462848,1560576,-248704,8828,157913
23007,202752,1191936,-224112,3867,-54679
23017,202752,638976,-98832,3867,83489
23027,-4096,398336,-91176,-79,-28440
23037,-10240,53248,-14384,-196,56780
23047,-10240,-150528,31784,-196,55042
23057,-10240,-367616,80968,-196,102249
23067,-13312,-452608,99528,-254,67023
23077,-13312,-513024,113216,-254,61099
23087,-62464,-645120,132008,-1192,130341
23097,-62464,-589824,119480,-1192,56031
23107,-154624,-593920,99528,-2950,35497
23117,-160768,-697344,121568,-3067,136091
23127,-160768,-703488,122960,-3067,144439
23137,-157696,-564224,92104,-3008,25841
23147,-157696,-667648,115536,-3008,151698
23157,-117760,-560128,100224,-2247,89266
23167,-117760,-498688,86304,-2247,77490
23177,-80896,-430080,79112,-1543,71100
23187,-80896,-403456,73080,-1543,77617
23197,-80896,-256000,39672,-1543,-22385
23207,-80896,-354304,61944,-1543,103618
23217,0,-249856,56608,0,42723
23227,0,-276480,62640,0,88776
23237,0,-239616,60784,0,99581
23247,3072,-206848,47560,58,67111
23257,3072,-174080,40136,58,68212
23267,205824,-206848,93496,3925,170582
23277,409600,-1024,93032,7812,59754
23287,560128,38912,118088,10683,111441
23297,1012736,61440,215528,19316,267067
23307,1084416,321536,172840,20683,122457
23317,1084416,472064,138736,20683,109211
23327,1364992,662528,159152,26035,131911
23337,1364992,836608,119712,26035,116804
23347,1577984,1088512,110896,30097,72995
23357,2079744,1101824,221560,39667,323309
23367,2697216,1459200,280488,51445,267974
23377,2697216,1689600,228288,51445,207403
23387,3007488,1981440,232464,57363,224720
23397,3007488,2366464,145232,57363,63927
23407,3280896,2755584,119016,62578,74266
23417,3246080,3080192,37584,61914,18015
23427,2942976,3213312,-61248,56132,11583
23437,2942976,3442688,-113216,56132,-76855
23447,2942976,3334144,-88624,56132,78885
23457,1436672,3385344,-441496,27402,-372816
23467,1245184,3174400,-437088,23750,-332174
23477,536576,2712576,-493000,10234,-321181
23487,536576,2068480,-347072,10234,-35212
23497,305152,1481728,-266568,5820,-1502
23507,221184,903168,-154512,4218,115147
23517,221184,476160,-57768,4218,139178
23527,89088,189440,-22736,1699,105527
23537,89088,61440,6264,1699,48827
23547,89088,-46080,30624,1699,38069
23557,89088,-221184,70296,1699,128722
23567,135168,-235520,83984,2578,101693
23577,135168,-286720,95584,2578,120984
23587,135168,-323584,103936,2578,133613
23597,135168,-239616,84912,2578,53325
23607,337920,-373760,162400,6445,238251
23617,337920,-207872,123656,6445,92523
23627,1232896,-176128,319232,23515,319240
23637,1232896,-48128,290232,23515,258100
23647,3074048,186368,654240,58632,609960
23657,3175424,521216,601344,60566,511507
23667,3175424,1164288,455648,60566,237132
23677,3617792,1900544,389064,69003,112342
23687,3074048,2497536,130616,58632,-98799
23697,2817024,3065856,-56376,53730,-248359
23707,1992704,3269632,-289304,38007,-383878
23717,1992704,3322880,-301368,38007,-320641
23727,1992704,2968576,-221096,38007,-72807
23737,504832,2557952,-465160,9628,-238316
23747,504832,2277376,-401592,9628,-231685
23757,178176,1752064,-356584,3398,-118587
23767,0,1200128,-271904,0,11012
23777,-7168,816128,-186528,-137,-5107
23787,-7168,285696,-66352,-137,155982
23797,-13312,-5120,-1856,-254,151901
23807,-13312,-167936,35032,-254,100015
23817,-13312,-318464,69136,-254,109983
23827,-13312,-391168,85608,-254,113725
23837,-22528,-407552,87232,-430,94495
23847,-22528,-452608,97440,-430,119912
23857,-31744,-476160,100688,-606,121098
23867,-31744,-457728,96512,-606,89872
23877,-31744,-504832,107184,-606,126765
23887,-31744,-541696,115536,-606,162734
23897,-90112,-508928,94888,-1719,128783
23908,-105472,-417792,70760,-2012,68046
23918,-151552,-398336,55912,-2891,64445
23928,-154624,-354304,45240,-2950,39843
23938,-157696,-353280,44312,-3008,46432
23948,-154624,-432128,62872,-2950,115101
23958,-154624,-505856,79576,-2950,162588
23968,-154624,-481280,74008,-2950,112114
23978,-151552,-500736,79112,-2891,117116
23988,-151552,-504832,80040,-2891,115827
23998,-151552,-448512,67280,-2891,71776
24008,-188416,-484352,67048,-3594,111647
24018,-188416,-543744,80504,-3594,177594
24028,-353280,-486400,30160,-6739,91084
24038,-847872,-516096,-75168,-16172,-1680
24048,-1366016,-555008,-183744,-26055,-136780
24058,-1366016,-648192,-162632,-26055,-119894
24068,-6644736,-1016832,-1275072,-126739,-1224030
24078,-6644736,-1845248,-1087384,-126739,-809901
24088,-12742656,-3412992,-2432984,-269922,-1932781
24098,-14151680,-5612544,-1934648,-269922,-1075997
24108,-14151680,-8612864,-1254888,-269922,-89552
24118,-14559232,-11185152,-764440,-277696,296665
24128,-12865536,-13197312,75168,-245391,837669
24138,-12865536,-14254080,314592,-245391,652545
24148,-8502272,-14292992,1311960,-162168,1298789
24158,-6784000,-13331456,1483408,-129395,971491
24168,-6784000,-11585536,1087848,-129395,165485
24178,-1562624,-9742336,1853216,-29805,920804
24188,-606208,-7884800,1649056,-11563,724152
24198,-606208,-6105088,1245840,-11563,325703
24208,0,-4364288,988784,0,148583
24218,39936,-3080192,706904,761,110318
24228,39936,-2021376,467016,761,32132
24238,259072,-1222656,335704,4941,61809
24248,259072,-684032,213672,4941,67294
24258,447488,-334848,177248,8535,162026
24268,447488,11264,98832,8535,115410
24278,1422336,209920,274688,27128,383482
24288,2242560,570368,378856,42773,455373
24298,5271552,952320,978576,100546,1100961
24308,5271552,1664000,817336,100546,776525
24318,5271552,2669568,589512,100546,416518
24328,16135168,4031488,2742240,307753,2594920
24338,16135168,6173696,2256896,307753,1700364
24348,16135168,9232384,1563912,307753,635260
24358,16135168,12172288,897840,307753,-61207
24368,16135168,14705664,323872,307753,-384388
24378,16135168,16249856,-25984,307753,-269797
24388,14017536,16935936,-661200,267363,-538196
24398,13114368,17125376,-908744,250136,-581451
24408,8941568,16814080,-1783616,170546,-1481528
24418,7836672,15628288,-1765288,149472,-1101146
24428,3107840,13658112,-2390296,59277,-1441825
24438,2756608,11164672,-1904952,52578,-628084
24448,733184,8634368,-1790112,13984,-406421
24458,600064,6225920,-1274608,11445,-26699
24468,342016,4221952,-879048,6523,151879
24478,147456,2658304,-568864,2812,177053
24488,147456,1795072,-373288,2812,-8633
24498,0,1170432,-265176,0,-76750
24508,-4096,655360,-149408,-79,-46391
24518,0,280576,-63568,0,-53724
24528,0,-62464,14152,0,-22595
24538,0,-374784,84912,0,17684
24548,0,-698368,158224,0,124994
24558,0,-887808,201144,0,168117
24568,0,-995328,225504,0,186768
24578,0,-987136,223648,0,154328
24588,0,-941056,213208,0,135919
24598,0,-942080,213440,0,191672
24608,12288,-842752,193720,234,169002
24618,52224,-717824,174464,996,127409
24628,196608,-640000,189544,3750,161217
24638,196608,-573440,174464,3750,175845
24648,202752,-410624,138968,3398,108109
24658,178176,-332800,115768,3398,106495
24668,76800,-294912,84216,1464,120428
24678,46080,-194560,54520,878,66667
24688,-7168,-191488,41760,-137,80431
24698,-13312,-246784,52896,-254,135876
24708,-13312,-267264,57536,-254,145157
24718,-250880,-254976,928,-4786,55189
24728,-250880,-310272,13456,-4786,81873
24738,-541696,-381952,-36192,-10333,35437
24748,-541696,-386048,-35264,-10333,-16383
24758,-1514496,-520192,-225272,-28887,-206179
24768,-1754112,-738304,-230144,-33458,-176843
24778,-1754112,-1052672,-158920,-33458,-56004
24788,-1754112,-1380352,-84680,-33458,29894
24798,-1754112,-1768448,3248,-33458,142071
24808,-8331264,-2065408,-1419608,-158907,-1411283
24818,-8331264,-2655232,-1285976,-158907,-1121988
24828,-7071744,-3974144,-701800,-134883,-227663
24838,-5618688,-5625856,1624,-107168,687556
24848,-5618688,-6854656,280024,-107168,827688
24858,-5618688,-7218176,362384,-107168,556210
24868,-1646592,-7019520,1217304,-31407,1183625
24878,-1646592,-6207488,1033328,-31407,661253
24888,-1423360,-5153792,845176,-27149,305541
24898,-1423360,-3968000,576520,-27149,15219
24908,-1453056,-2915328,331296,-27715,-176340
24918,-1453056,-2397184,213904,-27715,-71920
24928,-1408000,-2044928,144304,-26856,-12388
24938,-1408000,-1945600,121800,-26856,88183
24948,-1310720,-1952768,145464,-25000,197695
24958,-1271808,-1849344,130848,-24258,153786
24968,-1074176,-1802240,164952,-20489,205325
24978,-1013760,-1714176,158688,-19336,207650
24988,-714752,-1500160,177944,-13633,176833
24998,-643072,-1370112,164720,-12266,189852
25008,-532480,-1183744,147552,-10157,174743
25018,-385024,-978944,134560,-7344,154767
25028,-385024,-820224,98600,-7344,150764
25038,-253952,-648192,89320,-4844,107919
25048,-253952,-445440,43384,-4844,85637
25058,-40960,-347136,69368,-782,153968
25068,-40960,-216064,39672,-782,114652
25078,-19456,-84992,14848,-372,81562
25088,-19456,-19456,0,-372,90749
25098,-114688,80896,-44312,-2188,29127
25109,-114688,153600,-60784,-2188,8291
25119,-363520,150528,-116464,-6934,-33592
25129,-363520,89088,-102544,-6934,13585
25139,-363520,36864,-90712,-6934,24066
25149,-1233920,-43008,-269816,-23536,-187580
25159,-2848768,-307200,-575824,-54336,-461615
25169,-3247104,-688128,-579768,-61934,-420916
25179,-5216256,-1302528,-886704,-99493,-680991
25189,-6999040,-2307072,-1063024,-133497,-715168
25199,-6999040,-3787776,-727552,-133497,-162000
25209,-8588288,-5004288,-812000,-163809,-342677
25219,-9981952,-6550528,-777432,-190391,-241446
25229,-14018560,-7716864,-1410096,-267383,-1055233
25239,-15986688,-9396224,-1493152,-304922,-1005649
25249,-17213440,-11294720,-1340960,-328321,-779835
25259,-15691776,-13427712,-512952,-299297,196769
25269,-7145472,-15335424,1855536,-136290,2639389
25279,-7145472,-16189440,2049024,-136290,2506736
25289,-1972224,-15788032,3130144,-37618,3019931
25299,-1004544,-13682688,2872392,-19161,1957880
25309,-212992,-10670080,2369184,-4063,926904
25319,-108544,-7285760,1626088,-2071,779
25329,12288,-4574208,1039128,234,-364726
25339,30720,-2649088,607144,585,-364704
25349,193536,-1630208,413192,3691,-45921
25359,352256,-1118208,333152,6718,192258
25369,610304,-764928,311576,11640,322966
25379,1022976,-504832,346144,19511,428084
25389,2291712,-83968,538240,43710,593837
25399,2697216,438272,511792,51445,534531
25409,2697216,1076224,367256,51445,345215
25419,6713344,1841152,1103856,128046,1137439
25429,6713344,2795520,887632,128046,804657
25439,9122816,3856384,1193176,174003,1031491
25449,11455488,5395456,1372976,218496,1150504
25459,11455488,7194624,965352,218496,602934
25469,12498944,8951808,803648,238398,411443
25479,12988416,10661888,527104,247734,194347
25489,12988416,12034048,216224,247734,19717
25499,12498944,13172736,-152656,238398,-177615
25509,9882624,13911040,-912688,188496,-841366
25519,9031680,14087168,-1145384,172265,-953155
25529,9031680,13624320,-1040520,172265,-659547
25539,5677056,12540928,-1555096,108281,-945202
25549,4301824,11300864,-1585720,82050,-900475
25559,4301824,9536512,-1185984,82050,-247262
25569,1949696,8180736,-1411720,37187,-643147
25579,1949696,6299648,-985536,37187,-106873
25589,504832,4901888,-996208,9628,-274169
25599,104448,3581952,-787872,1992,-215739
25609,9216,2460672,-537544,175,-27967
25619,9216,1563648,-352176,175,-3124
25629,9216,842752,-188848,175,36883
25639,9216,251904,-54984,175,114933
25649,0,-146432,33176,0,102851
25659,0,-416768,94424,0,93168
25669,0,-620544,140592,0,112915
25679,0,-716800,162400,0,85851
25689,0,-773120,175160,0,81794
25699,0,-814080,184440,0,105199
25709,0,-798720,180960,0,114398
25719,0,-737280,167040,0,110048
25729,0,-549888,124584,0,5457
25739,0,-483328,109504,0,26625
25749,0,-490496,111128,0,93522
25759,0,-503808,114144,0,143952
25769,0,-505856,114608,0,169156
25779,0,-401408,90944,0,81667
25789,0,-359424,81432,0,78829
25799,0,-421888,95584,0,133828
25809,0,-330752,74936,0,61541
25819,0,-283648,64264,0,33415
25829,0,-289792,65656,0,76846
25839,0,-295936,60784,0,86553
25849,0,-166912,37816,0,17657
25859,0,-220160,49880,0,83578
25869,0,-210944,47792,0,85042
25879,0,-105472,23896,0,-4790
25889,0,-258048,58464,0,155524
25899,0,-233472,52896,0,95347
25909,0,-257024,58232,0,139347
25919,0,-290816,65888,0,149259
25929,0,-209920,47560,0,69437
25939,0,-120832,27376,0,7853
25949,0,-180224,40832,0,87171
25959,15360,-17408,7424,292,-39109
25969,15360,-182272,44776,292,141638
25979,64512,-55296,27144,1230,43801
25989,64512,-121856,42224,1230,116543
25999,64512,-111616,39904,1230,108256
26009,110592,3072,24360,2109,25335
26019,132096,-52224,41760,2519,101647
26029,132096,11264,27376,2519,80608
26039,144384,23552,27376,2753,88120
26049,144384,61440,18792,2753,66817
26059,144384,26624,26680,2753,92090
26069,144384,25600,26912,2753,98420
26079,144384,44032,22736,2753,64947
26089,144384,-23552,38048,2753,141123
26099,144384,14336,29464,2753,104733
26109,144384,77824,15080,2753,44477
26119,144384,-33792,40368,2753,174136
26129,113664,155648,-9512,2167,-1919
26139,110592,16384,21344,2109,130620
26149,110592,140288,-6728,2109,19591
26159,113664,109568,928,2167,58542
26169,113664,143360,-6728,2167,24425
26179,113664,175104,-13920,2167,95853
26189,113664,131072,-3944,2167,47754
26199,113664,124928,-2552,2167,52869
26209,110592,52224,13224,2109,113544
26219,110592,73728,8352,2109,79703
26230,101376,142336,-9280,1933,14395
26240,101376,54272,10672,1933,102591
26250,196608,111616,19256,3750,80639
26260,314368,111616,45936,5996,124525
26270,314368,163840,34104,5996,90940
26280,1310720,247808,240816,25000,284163
26290,1310720,337920,220400,25000,244915
26300,3107840,520192,586264,59277,617487
26310,5271552,1082368,949112,100546,855923
26320,6506496,1807360,1064648,124101,891113
26330,6506496,3041280,785088,124101,423531
26340,8674304,4405248,967208,165449,582581
26350,8674304,5698560,674192,165449,256762
26360,8674304,6815744,421080,165449,96664
26370,10908672,7785472,707600,208066,422962
26380,11343872,8720384,594384,216367,375647
26390,11343872,9632768,387672,216367,211809
26400,9590784,10389504,-190936,182929,-351939
26410,9590784,10862592,-288144,182929,-328012
26420,6854656,10956800,-929392,130742,-908034
26430,6854656,10160128,-748896,130742,-300862
26440,6854656,9198592,-531048,130742,138632
26450,6854656,8013824,-262624,130742,551113
26460,6854656,7566336,-161240,130742,337739
26470,6854656,7374848,-117856,130742,160441
26480,218112,7310336,-1606832,4160,-1562589
26490,218112,6505472,-1424480,4160,-1063700
26500,49152,4914176,-1102232,937,-330557
26510,-7168,2929664,-665376,-137,403590
26520,-87040,1277952,-309256,-1661,679692
26530,-105472,659456,-173304,-2012,309603
26540,-295936,499712,-180264,-5645,-64726
26550,-343040,535552,-199056,-6543,-306142
26560,-343040,375808,-162864,-6543,-250069
26570,-864256,45056,-206016,-16485,-210667
26580,-1453056,-368640,-245688,-27715,-201037
26590,-1829888,-865280,-218544,-34903,-139321
26600,-3176448,-1452032,-390688,-60586,-294239
26610,-3946496,-2046976,-430360,-75274,-333204
26620,-3946496,-2585600,-308328,-75274,-239337
26630,-4893696,-3347456,-350320,-93340,-218684
26640,-4893696,-4004864,-201376,-93340,-50900
26650,-5106688,-4504576,-136416,-97403,-92323
26660,-5160960,-5110784,-11368,-98438,50149
26670,-4841472,-5686272,191400,-92344,289665
26680,-4841472,-5977088,257288,-92344,234254
26690,-4688896,-6205440,343592,-89434,274667
26700,-4638720,-6280192,371896,-88477,246779
26710,-4444160,-6146048,385584,-84766,214403
26720,-3779584,-5987328,500192,-72090,331344
26730,-3779584,-5841920,467248,-72090,300790
26740,-2342912,-5573632,731960,-44688,547241
26750,-1085440,-5163008,923824,-20704,713643
26760,-714752,-4467712,850280,-13633,494009
26770,-637952,-3699712,693680,-12168,294771
26780,-528384,-2854912,527104,-10079,94959
26790,-621568,-2195456,356584,-11856,2288
26800,-621568,-1742848,254040,-11856,9695
26810,-1310720,-1531904,50112,-25000,-51314
26820,-1310720,-1455104,32712,-25000,65461
26830,-1889280,-1593344,-67048,-36036,92124
26840,-1889280,-1737728,-34336,-36036,157731
26850,-2500608,-1869824,-142912,-47696,11404
26860,-2528256,-2082816,-100920,-48223,40106
26870,-2528256,-2230272,-67512,-48223,24269
26880,-2528256,-2482176,-10440,-48223,112252
26890,-2528256,-2716672,42688,-48223,191279
26900,-2528256,-2895872,83288,-48223,226977
26910,-1074176,-3044352,446368,-20489,656644
26920,-1063936,-2966528,431056,-20293,526742
26930,-1074176,-2710528,370736,-20489,386752
26940,-1233920,-2264064,233392,-23536,130876
26950,-1271808,-1969152,157992,-24258,89843
26960,-1393664,-1745920,79808,-26583,63193
26970,-1393664,-1675264,63800,-26583,134809
26980,-1393664,-1572864,40600,-26583,109730
26990,-1285120,-1600512,71456,-24512,182653
27000,-975872,-1605632,142680,-18614,256036
27010,-734208,-1648640,207176,-14004,348907
27020,-456704,-1590272,256824,-8711,384046
27030,-312320,-1427456,252648,-5958,345492
27040,-312320,-1195008,199984,-5958,250326
27050,-96256,-960512,195808,-1836,250351
27060,-96256,-717824,140824,-1836,190928
27070,-96256,-587776,111360,-1836,218831
27080,-93184,-382976,65656,-1778,168009
27090,-96256,-279552,41528,-1836,177998
27100,-99328,-162816,14384,-1895,154726
27110,-90112,-128000,10672,-1719,182602
27120,-83968,-115712,7192,-1602,181824
27130,-68608,-186368,26680,-1309,236575
27140,-53248,-202752,33872,-1016,232792
27150,-53248,-226304,39208,-1016,238791
27160,-37888,-223232,41992,-723,246749
27170,-37888,-208896,38744,-723,244680
27180,-123904,-205824,18560,-2364,243993
27190,-151552,-207872,12760,-2891,252549
27200,-332800,-192512,-31784,-6348,200863
27210,-456704,-165888,-65888,-8711,138403
27220,-957440,-190464,-173768,-18262,21535
27230,-1085440,-254976,-188152,-20704,-12398
27240,-1085440,-412672,-152424,-20704,31748
27250,-2080768,-673792,-318768,-39688,-152821
27260,-2555904,-1036288,-344288,-48750,-158136
27270,-2788352,-1543168,-282112,-53184,-60720
27280,-3211264,-2000896,-274224,-61250,-70335
27290,-3211264,-2596864,-139200,-61250,106494
27300,-3211264,-3147776,-14384,-61250,241198
27310,-4999168,-3574784,-322712,-95352,-174159
27321,-4999168,-4120576,-199056,-95352,-33104
27331,-6048768,-4702208,-305080,-115372,-128053
27341,-5985280,-5250048,-166576,-114161,-30089
27351,-5985280,-5849088,-30856,-114161,145726
27361,-5985280,-6468608,109504,-114161,274114
27371,-4165632,-6850560,608304,-79454,765155
27381,-4165632,-6763520,588584,-79454,502653
27391,-2669568,-6344704,832648,-50918,651360
27401,-2268160,-5673984,771632,-43262,486846
27411,-1351680,-4883456,800168,-25782,443848
27421,-1271808,-4116480,644496,-24258,289554
27431,-1271808,-3549184,515968,-24258,270601
27441,-1271808,-2875392,363312,-24258,131020
27451,-1271808,-2368512,248472,-24258,77653
27461,-1106944,-2069504,218080,-21114,160033
27471,-1106944,-1776640,151728,-21114,133457
27481,-1106944,-1581056,107416,-21114,131618
27491,-388096,-1458176,242440,-7403,326678
27501,-388096,-1316864,210424,-7403,296176
27511,-388096,-1203200,184672,-7403,294445
27521,0,-970752,219936,0,306887
27531,3072,-795648,180960,58,272971
27541,3072,-507904,115768,58,196299
27551,46080,-263168,70064,878,157925
27561,256000,-22528,63104,4882,146136
27571,305152,219136,19488,5820,116576
27581,564224,347136,49184,10761,207913
27591,564224,536576,6264,10761,149735
27601,564224,622592,-13224,10761,173750
27611,1062912,736256,74008,20273,269495
27621,1062912,881664,41064,20273,215051
27631,1513472,999424,116464,28867,302658
27641,1929216,1229824,158456,36796,297050
27651,2124800,1488896,144072,40527,261229
27661,2124800,1869824,57768,40527,110065
27671,2317312,2112512,46400,44199,142960
27681,2341888,2402304,-13688,44667,93312
27691,2291712,2599936,-69832,43710,87431
27701,2291712,2817024,-119016,43710,29766
27711,2291712,2939904,-146856,43710,12876
27721,2219008,2957312,-167272,42324,19792
27731,2148352,2853888,-159848,40976,79267
27741,2148352,2876416,-164952,40976,-3820
27751,1577984,2788352,-274224,30097,-147341
27761,1577984,2610176,-233856,30097,-92438
27771,1094656,2331648,-280256,20878,-110423
27781,1094656,2157568,-240816,20878,-127178
27791,483328,1726464,-281648,9218,-87674
27801,483328,1318912,-189312,9218,23049
27811,231424,1030144,-180960,4414,-33108
27821,231424,573440,-77488,4414,125149
27831,205824,327680,-27608,3925,109390
27841,211968,105472,24128,4042,123894
27851,211968,-82944,66816,4042,170099
27861,211968,-37888,56608,4042,56506
27871,215040,-93184,69832,4101,91349
27881,218112,-125952,77952,4160,126978
27891,218112,-47104,60088,4160,53644
27901,243712,105472,31320,4648,-54587
27911,243712,25600,49416,4648,46895
27921,342016,75776,60320,6523,40823
27931,391168,99328,66120,7460,52243
27941,391168,96256,66816,7460,91840
27951,773120,149504,141288,14746,169504
27961,1284096,307200,221328,24492,183281
27971,1378304,334848,236408,26289,248874
27981,1528832,514048,229912,29160,208726
27991,1528832,719872,183280,29160,156299
28001,1528832,1011712,117160,29160,54453
28011,1528832,1149952,86304,29160,92543
28021,2726912,1338368,314592,52011,344734
28031,2726912,1576960,260536,52011,272003
28041,2911232,1936384,220864,55527,164986
28051,2847744,2297856,124584,54316,47009
28061,2817024,2609152,47096,53730,-42310
28071,2817024,2919424,-23200,53730,-81955
28081,2817024,3038208,-50112,53730,-18723
28091,2446336,3132416,-155440,46660,-107330
28101,2446336,3124224,-153584,46660,-62992
28111,1561600,3095552,-347536,29785,-279596
28121,1497088,3044352,-350552,28554,-296669
28131,1497088,2696192,-271672,28554,-95344
28141,939008,2360320,-322016,17910,-127939
28151,939008,2043904,-250328,17910,-101453
28161,594944,1542144,-214600,11347,2843
28171,479232,1139712,-149640,9140,83953
28181,479232,951296,-106952,9140,-5884
28191,237568,737280,-113216,4531,-80139
28201,237568,428032,-43152,4531,31609
28211,9216,171008,-36656,175,48007
28221,-4096,57344,-13920,-79,16085
28231,-4096,-41984,8584,-79,-390
28241,0,-206848,46864,0,94484
28251,0,-324608,73544,0,101656
28261,0,-321536,72848,0,49041
28271,-4096,-294912,65888,-79,2247
28281,-4096,-354304,79344,-79,66038
28291,-53248,-399360,78416,-1016,117329
28301,-71680,-356352,64496,-1368,95657
28311,-157696,-240640,18792,-3008,-11424
28321,-163840,-187392,5336,-3125,-37359
28331,-163840,-193536,6728,-3125,-10932
28341,-163840,-202752,8816,-3125,6447
28351,-163840,-226304,14152,-3125,30426
28362,-163840,-223232,13456,-3125,23043
28372,-173056,-275456,23200,-3301,61618
28382,-173056,-284672,25288,-3301,53283
28392,-229376,-281600,11832,-4375,22060
28402,-306176,-250880,-12528,-5840,-34833
28412,-335872,-247808,-19952,-6407,-51987
28422,-335872,-264192,-16240,-6407,-48864
28432,-395264,-346112,-11136,-7540,-5649
28442,-409600,-454656,10208,-7813,63537
28452,-519168,-522240,696,-9903,68561
28462,-519168,-588800,15776,-9903,94401
28472,-519168,-621568,23200,-9903,83281
28482,-781312,-616448,-37352,-14903,-7578
28492,-847872,-631808,-48952,-16172,-42111
28502,-847872,-694272,-34800,-16172,-21478
28512,-879616,-801792,-17632,-16778,16757
28522,-940032,-880640,-13456,-17930,33834
28532,-940032,-961536,4872,-17930,28789
28542,-1298432,-1033216,-60088,-24766,-43513
28552,-1437696,-1093632,-78184,-27422,-66106
28562,-1437696,-1139712,-67512,-27422,-66642
28572,-1437696,-1251328,-42224,-27422,-26995
28582,-1379328,-1378304,-232,-26309,24278
28592,-1379328,-1504256,28304,-26309,54405
28602,-1259520,-1604608,78184,-24024,102744
28612,-1259520,-1659904,90712,-24024,98325
28622,-671744,-1647616,221096,-12813,209628
28632,-606208,-1575936,219704,-11563,180145
28642,-279552,-1373184,247776,-5333,149303
28652,-62464,-1164288,249632,-1192,147880
28662,18432,-918528,212280,351,104071
28672,95232,-675840,174696,1816,89254
28682,95232,-430080,119016,1816,44300
28692,138240,-181248,72384,2636,-5580
28702,138240,-27648,37584,2636,-4778
28712,138240,56320,18560,2636,23722
28722,138240,126976,2552,2636,37742
28732,974848,174080,181424,18593,253220
28742,974848,265216,160776,18593,218732
28752,1436672,458752,221560,27402,241636
28762,1561600,704512,194184,29785,168324
28772,2726912,971776,397648,52011,383677
28782,2726912,1298432,323640,52011,279364
28792,3280896,1764352,343592,62578,267688
28802,3280896,2217984,240816,62578,177178
28812,3280896,2666496,139200,62578,91240
28822,4789248,3137536,374216,91347,347642
28832,4789248,3552256,280256,91347,261610
28842,6713344,3937280,628952,128046,656557
28852,6713344,4585472,482096,128046,433311
28862,8674304,5386240,744952,165449,658149
28872,8674304,6288384,540560,165449,413307
28882,9031680,7302144,391848,172265,240820
28892,7998464,8211456,-48256,152558,-203532
28902,7998464,8943616,-214136,152558,-287052
28912,4255744,9267200,-1135408,81171,-1165220
28922,4255744,9129984,-1104320,81171,-999433
28932,1992704,8321024,-1433760,38007,-1089249
28942,1992704,6987776,-1131696,38007,-484972
28952,1062912,5608448,-1029848,20273,-342377
28962,878592,4338688,-783928,16757,-150422
28972,594944,2983936,-541256,11347,84925
28982,305152,2209792,-431520,5820,-50782
28992,231424,1418240,-268888,4414,17354
29002,0,897024,-203232,0,-40669
29012,0,530432,-120176,0,-34038
29022,0,238592,-54056,0,-39720
29032,0,-39936,9048,0,-3443
29042,0,-299008,67744,0,33754
29052,-87040,-509952,95816,-1661,51634
29062,-87040,-659456,129688,-1661,74221
29072,-87040,-736256,147088,-1661,72076
29082,-87040,-785408,158224,-1661,89649
29092,-160768,-817152,148712,-3067,109381
29102,-182272,-768000,132704,-3477,88680
29112,-182272,-708608,119248,-3477,75979
29122,-182272,-662528,108808,-3477,72347
29132,-353280,-593920,54520,-6739,148
29142,-353280,-558080,46400,-6739,-7338
29152,-353280,-557056,46168,-6739,9603
29162,-649216,-542720,-24128,-12383,-66131
29172,-740352,-558080,-41296,-14122,-80328
29182,-1467392,-631808,-189312,-27989,-213705
29192,-1467392,-796672,-151960,-27989,-119332
29202,-2080768,-1027072,-238728,-39688,-174050
29212,-2528256,-1288192,-280952,-48223,-213437
29222,-2528256,-1680384,-192096,-48223,-79016
29232,-2912256,-2050048,-195344,-55547,-86503
29242,-2912256,-2470912,-99992,-55547,22563
29252,-2944000,-2835456,-24592,-56153,95981
29262,-2975744,-3155968,40832,-56758,139202
29272,-2975744,-3361792,87464,-56758,138008
29282,-2944000,-3500032,125976,-56153,151711
29292,-2944000,-3578880,143840,-56153,150176
29302,-2848768,-3567616,162864,-54336,118951
29312,-2818048,-3514368,157760,-53750,71141
29322,-2500608,-3451904,215528,-47696,114048
29332,-2500608,-3428352,210192,-47696,127060
29342,-1681408,-3394560,388136,-32071,347357
29352,-802816,-3258368,556336,-15313,528361
29362,-671744,-2898944,504600,-12813,397532
29372,-671744,-2388992,389064,-12813,207740
29382,-696320,-1906688,274224,-13282,91755
29392,-696320,-1462272,173536,-13282,24766
29402,-696320,-1053696,80968,-13282,-38805
29412,-1004544,-812032,-43616,-19161,-104601
29422,-1004544,-686080,-72152,-19161,-69043
29432,-975872,-638976,-76328,-18614,-41363
29442,-975872,-714752,-59160,-18614,22159
29452,-921600,-840704,-18328,-17579,91054
29462,-905216,-945152,9048,-17266,116032
29472,-768000,-1016832,56376,-14649,143259
29482,-768000,-1092608,73544,-14649,150893
29492,-570368,-1131520,127136,-10879,222608
29502,-402432,-1079296,153352,-7676,216372
29512,-402432,-957440,125744,-7676,145639
29522,-402432,-828416,96512,-7676,106488
29532,-65536,-700416,143840,-1250,164105
29542,-47104,-538624,111360,-899,117608
29553,-4096,-387072,86768,-79,92585
29563,0,-321536,62408,0,83151
29573,0,-144384,32712,0,46499
29583,0,-28672,6496,0,24670
29593,0,-14336,3248,0,78304
29603,0,67584,-15312,0,45431
29613,0,84992,-19256,0,55306
29623,0,56320,-12760,0,90328
29633,0,43008,-9744,0,97842
29643,0,60416,-13688,0,78194
29653,0,10240,-2320,0,120343
29663,0,43008,-9744,0,82183
29673,0,62464,-14152,0,59077
29683,0,49152,-11136,0,68192
29693,0,33792,-7656,0,79472
29703,0,113664,-25752,0,2223
29713,0,94208,-21344,0,26160
29723,0,58368,-13224,0,55676
29733,0,73728,-16704,0,37093
29743,0,12288,-2784,0,89875
29753,0,-28672,6496,0,112826
29763,0,-28672,6496,0,90344
29773,0,-27648,6264,0,76086
29783,0,-52224,11832,0,92411
29793,0,-14336,3248,0,54957
29803,-13312,24576,-8584,-254,15394
29813,-13312,11264,-5568,-254,36169
29823,-406528,-17408,-88160,-7754,-41044
29833,-406528,-30720,-85144,-7754,-49515
29843,-1174528,-135168,-235480,-22403,-197082
29853,-1393664,-320512,-243136,-26583,-183172
29863,-2639872,-636928,-453792,-50352,-348308
29873,-2639872,-1064960,-356816,-50352,-195900
29883,-3390464,-1615872,-402056,-64668,-200212
29893,-3390464,-2313216,-244064,-64668,18117
29903,-3618816,-2964480,-148248,-69024,100559
29913,-3779584,-3464192,-71456,-72090,113346
29923,-3820544,-3824640,928,-72872,75486
29933,-3820544,-4118528,67512,-72872,99183
29943,-3779584,-4302848,118552,-72090,104490
29953,-3779584,-4449280,151728,-72090,143166
29963,-2818048,-4500480,381176,-53750,376374
29973,-2473984,-4374528,430592,-47188,350643
29983,-654336,-4031488,765136,-12481,590820
29993,-654336,-3573760,661432,-12481,443494
30003,-654336,-2862080,500192,-12481,204759
30013,76800,-2157568,506224,1464,215493
30023,86016,-1471488,352872,1640,84638
30033,101376,-857088,217152,1933,-47318
30043,153600,-434176,133168,2929,-37084
30053,153600,-162816,71688,2929,-36280
30063,514048,96256,94656,9804,62971
30073,904192,250880,148016,17246,176578
30083,1258496,359424,203696,24003,286324
30093,2035712,595968,326192,38828,387760
30103,2035712,854016,267728,38828,296977
30113,4075520,1173504,657488,77734,732240
30123,6111232,1880064,958624,116562,911796
30133,7218176,2737152,1015232,137675,879947
30143,7836672,4073472,852600,149472,540005
30153,7836672,5508096,527568,149472,131925
30163,8762368,6724608,461680,167128,157052
30173,8674304,7873536,181424,165449,-45869
30183,8415232,8632320,-49184,160507,-128568
30193,8415232,9189376,-175392,160507,-132904
30203,8415232,9416704,-226896,160507,-40508
30213,3988480,9531392,-1255816,76074,-1147047
30223,3988480,9289728,-1201064,76074,-1040988
30233,1073152,8293376,-1635832,20468,-1179413
30243,1073152,6564864,-1244216,20468,-434276
30253,398336,4653056,-963960,7597,-28104
30263,355328,3050496,-610624,6777,213832
30273,355328,1704960,-305776,6777,354227
30283,6144,1002496,-225736,117,124515
30293,-4096,658432,-150104,-79,-8061
30303,-28672,467968,-112520,-547,-110254
30313,-62464,275456,-76560,-1192,-124609
30323,-188416,16384,-46400,-3594,-81121
30333,-188416,-306176,26680,-3594,39891
30343,-188416,-567296,85840,-3594,122063
30353,-565248,-796672,52432,-10782,61130
30363,-802816,-991232,42688,-15313,36085
30373,-802816,-1149952,78648,-15313,68262
30383,-1338368,-1307648,-6960,-25528,-34887
30393,-1338368,-1510400,38976,-25528,30936
30403,-5985280,-1677312,-976024,-114161,-1087770
30413,-8588288,-2356224,-1411952,-163809,-1354693
30423,-17213440,-4072448,-2977256,-328321,-2605646
30433,-17213440,-6395904,-2450848,-328321,-1586261
30443,-17213440,-9859072,-1666224,-328321,-463331
30453,-17213440,-13271040,-893200,-328321,365012
30463,-17213440,-15657984,-352408,-328321,508732
30473,-17213440,-17408000,44080,-328321,504486
30483,-17213440,-18026496,184208,-328321,148706
30493,-17213440,-18243584,233392,-328321,-95712
30503,-17213440,-18339840,255200,-328321,-161165
30513,-17213440,-18491392,289536,-328321,-76631
30523,-6373376,-18647040,2780752,-121563,2767065
30533,-2528256,-17775616,3454480,-48223,3032597
30543,-2528256,-15795200,3005792,-48223,1994462
30554,-556032,-12585984,2725536,-10606,1184659
30564,-216064,-9118720,2017008,-4122,322646
30574,-216064,-6044672,1320544,-4122,-260083
30584,199680,-3653632,873016,3808,-307192
30594,584704,-2161664,622224,11152,-72165
30604,584704,-1315840,430592,11152,82397
30614,584704,-815104,317144,11152,230526
30624,1949696,-366592,524784,37187,543728
30634,3819520,231424,812928,72851,834135
30644,5984256,1058816,1115920,114140,2444613
30654,15838208,2445312,3034328,302089,2907076
30664,15838208,4982784,2459432,302089,1788336
30674,15985664,8104960,1785472,304902,742175
30684,15838208,11367424,1012912,302089,-56413
30694,16135168,13962240,466320,307753,-345278
30704,16135168,15746048,88160,307753,-276094
30714,16135168,16695296,-126904,307753,-47229
30724,16135168,17173504,-235248,307753,83496
30734,16436224,17392640,-216688,313496,250574
30744,16135168,17601536,-332224,307753,135669
30754,11124736,17746944,-1500344,212187,-1218733
30764,7836672,17455104,-2179176,149472,-1900208
30774,4637696,16016384,-2577984,88457,-1836642
30784,3141632,13853696,-2426952,59921,-1303369
30794,1084416,10969088,-2239496,20683,-878953
30804,1084416,8363008,-1649056,20683,-308819
30814,1084416,6000640,-1113832,20683,33070
30824,224256,3995648,-854456,4277,115902
30834,224256,2958336,-619440,4277,-97406
30844,178176,1848320,-378392,3398,40825
30854,246784,1277952,-233624,4707,-106542
30864,256000,1026048,-174464,4882,-193067
30874,256000,759808,-114144,4882,-192506
30884,256000,488448,-52664,4882,-140044
30894,256000,236544,4408,4882,-91058
30904,256000,-63488,72384,4882,-1048
30914,141312,-259072,90712,2695,-10565
30924,141312,-517120,149176,2695,84664
30934,9216,-668672,153584,175,83443
30944,0,-713728,161704,0,56112
30954,0,-763904,173072,0,61692
30964,0,-847872,198360,0,137056
30974,55296,-879616,211816,1054,154133
30984,153600,-808960,218080,2929,147519
30994,187392,-871424,239888,3574,241815
31004,193536,-945152,257984,3691,309418
31014,205824,-859136,241280,3925,225294
31024,199680,-755712,216456,3808,161934
31034,168960,-680960,192560,3222,154276
31044,153600,-591872,168896,2929,161094
31054,153600,-841728,225504,2929,414576
31064,55296,-2573312,595544,1054,1611609
31074,55296,-6996992,1597784,1054,4107591
31084,39936,-10670080,2426488,761,4869296
31094,43008,-9425920,2145304,820,2448414
31104,46080,-3207168,737064,878,-1843892
31114,43008,1321984,-289768,820,-2962409
31124,43008,2999296,-669784,820,-2105268
31134,43008,2716672,-605752,820,-848733
31144,43008,1645568,-363080,820,70685
31154,27648,527360,-113216,527,524680
31164,27648,41984,-3248,527,413012
31174,9216,31744,-5104,175,144568
31184,0,200704,-45472,0,-60936
31194,0,283648,-64264,0,-99473
31204,0,218112,-49416,0,-38381
31214,0,54272,-12296,0,51015
31224,0,-151552,34336,0,144470
31234,0,-264192,59856,0,158093
31244,0,-270336,61248,0,96529
31254,0,-283648,64264,0,82708
31264,0,-217088,49184,0,28909
31274,0,-155648,35264,0,11464
31284,0,-67584,15312,0,-22978
31294,3072,16384,-3016,58,-43913
31304,3072,-39936,9744,58,30817
31314,3072,-105472,24592,58,76506
31324,3072,-136192,31552,58,67792
31334,3072,-197632,45472,58,86415
31344,3072,-280576,64264,58,129126
31354,3072,-212992,48952,58,48261
31364,0,-236544,53592,0,75151
31374,0,-164864,37352,0,29185
31384,0,-150528,34104,0,39670
31394,0,-125952,28536,0,49879
31404,3072,-140288,32480,58,54511
31414,9216,-207872,49184,175,125363
31424,9216,-205824,48720,175,72125
31434,9216,-282624,66120,175,119397
31444,0,-238592,54056,0,78791
31454,0,-224256,50808,0,80685
31464,0,-236544,56144,0,113067
31474,0,-249856,56608,0,113791
31484,0,-233472,52896,0,108696
31494,0,-208896,47328,0,94013
31504,0,-171008,38744,0,73675
31514,0,-136192,30856,0,28259
31524,0,-71680,16240,0,29635
31534,-4096,-18432,3248,-79,-670
31544,0,-41984,9512,0,35458
31554,0,-48128,10904,0,49009
31564,0,-71680,16240,0,82560
31574,0,-101376,22968,0,92445
31584,0,-107520,24360,0,93517
31594,-4096,-55296,11600,-79,63482
31604,-4096,8192,-2784,-79,35120
31614,0,9216,-2088,0,48652
31624,0,-25600,5800,0,61377
31634,0,-54272,12296,0,59250
31644,0,-58368,13224,0,42703
31654,0,-89088,20184,0,59100
31664,0,-76800,17400,0,48459
31674,0,-60416,13688,0,50451
31685,0,-30720,6960,0,44330
31695,0,-38912,8816,0,51483
31705,0,-58368,13224,0,49919
31715,0,-57344,12992,0,19665
31725,0,-63488,14384,0,52778
31735,0,-15360,3480,0,25362
31745,0,10240,-2320,0,27497
31755,0,56320,-12760,0,2843
31765,0,59392,-16240,0,5007
31775,0,47104,-10672,0,36411
31785,0,37888,-8584,0,51404
31795,0,52224,-11832,0,41370
31805,0,64512,-14616,0,22618
31815,0,28672,-6496,0,53154
31825,0,18432,-4176,0,50282
31835,0,7168,-1624,0,33742
31845,0,-62464,14152,0,84889
31855,0,-37888,8584,0,51712
31865,0,-59392,13456,0,64444
31875,0,16384,-3712,0,12165
31885,0,4096,-928,0,40703
31895,0,23552,-5336,0,33024
31905,0,45056,-10208,0,17532
31915,0,35840,-8120,0,28616
31925,0,40960,-9280,0,21944
31935,0,21504,-4872,0,36091
31945,0,20480,-4640,0,34671
31955,0,27648,-6264,0,30920
31965,0,34816,-7888,0,27963
31975,0,59392,-13456,0,7376
31985,0,65536,-14848,0,955
31995,0,41984,-9512,0,12906
32005,0,19456,-4408,0,20240
32015,0,-26624,6032,0,51032
32025,0,-62464,14152,0,69890
32035,0,-72704,16472,0,64698
32045,0,-90112,20416,0,68973
32055,0,-94208,21344,0,60034
32065,0,-92160,20880,0,59786
32075,0,-128000,29000,0,76885
32085,0,-126976,28768,0,74382
32095,0,-106496,24128,0,75874
32105,0,-235520,53360,0,159002
32115,0,-706560,160080,0,383315
32125,0,436224,-98832,0,-496738
32135,0,661504,-149872,0,-292655
32145,0,267264,-60552,0,66026
32155,0,36864,-8352,0,124804
32165,0,-176128,39904,0,165929
32175,0,-386048,87464,0,201786
32185,0,-515072,116696,0,200675
32195,0,-523264,118552,0,143301
32205,0,-506880,114840,0,126175
32215,0,-506880,114840,0,126175
32225,0,-506880,114840,0,126175
32235,0,-506880,114840,0,126175
32245,0,-506880,114840,0,126175
32255,0,-506880,114840,0,126175
32265,0,-506880,114840,0,126175
32275,0,-506880,114840,0,126175
32285,0,-506880,114840,0,126175
32295,0,-506880,114840,0,126175
32305,0,-506880,114840,0,126175
32315,0,-506880,114840,0,126175
32325,0,-506880,114840,0,126175
32335,0,-506880,114840,0,126175
32345,0,-506880,114840,0,126175
32355,0,-506880,114840,0,126175
32365,0,-506880,114840,0,126175
32375,0,-506880,114840,0,126175
32385,0,-506880,114840,0,126175
32395,0,-506880,114840,0,126175
32405,0,-506880,114840,0,126175
32415,0,-506880,114840,0,126175
32425,0,-506880,114840,0,126175
32435,0,-506880,114840,0,126175
32445,0,-506880,114840,0,126175
32455,0,-506880,114840,0,126175
32465,0,-506880,114840,0,126175
32475,0,-506880,114840,0,126175
32485,0,-506880,114840,0,126175
32495,0,-506880,114840,0,126175
32505,0,-506880,114840,0,126175
32515,0,-506880,114840,0,126175
32525,0,-506880,114840,0,126175
32535,0,-506880,114840,0,126175
32545,0,-506880,114840,0,126175
32555,0,-506880,114840,0,126175
32565,0,-506880,114840,0,126175
32575,0,-506880,114840,0,126175
32585,0,-506880,114840,0,126175
32595,0,-506880,114840,0,126175
32605,0,-506880,114840,0,126175
32615,0,-506880,114840,0,126175
32625,0,-506880,114840,0,126175
32635,0,-506880,114840,0,126175
32645,0,-506880,114840,0,126175
32655,0,-506880,114840,0,126175
32665,0,-506880,114840,0,126175
32675,0,-506880,114840,0,126175
32685,0,-506880,114840,0,126175
32695,0,-506880,114840,0,126175
32705,0,-506880,114840,0,126175
32715,0,-506880,114840,0,126175
32725,0,-506880,114840,0,126175
32735,0,-506880,114840,0,126175
32745,0,-506880,114840,0,126175
32755,0,-506880,114840,0,126175
32765,0,-506880,114840,0,126175
32775,0,-506880,114840,0,126175
32785,0,-506880,114840,0,126175
32795,0,-506880,114840,0,126175
32805,0,-506880,114840,0,126175
32815,0,-506880,114840,0,126175
32825,0,-506880,114840,0,126175
32835,0,-506880,114840,