R
Px,Ix,Dx,Py,Iy,Dy,Pz,Iz,FFrx,FFry,FFdrx,FFdry,satI,satPID,KFQAng,KFQbias,KFRmeas,CPx,CIx,CPy,CIy,CsatI,CsatPID,CFFdrx,CFFdry,CFalpha,iRelaxX,IRelaxY,DmaxR,DmaxE,DMx,DMy
58,80,47,58,80,47,250,0,0,0,150,0,500000,15000000,10,1,1000,0,0,0,0,0,0,0,0,0.995,4096,4096,0,0,0,0
sysTickMs,PIDRefXi,PIDSensXi,PIDPoutXi,PIDFFoutXi,PIDUXi
43256,0,9216,-2088,0,4836
43266,0,9216,-2088,0,4836
43276,0,9216,-2088,0,4836
43286,0,9216,-2088,0,4836
43296,0,9216,-2088,0,4836
43306,0,9216,-2088,0,4836
43316,0,9216,-2088,0,4836
43326,0,9216,-2088,0,4836
43336,0,9216,-2088,0,4836
43346,0,9216,-2088,0,4836
43356,0,9216,-2088,0,4836
43366,0,9216,-2088,0,4836
43376,0,9216,-2088,0,4836
43386,0,9216,-2088,0,4836
43396,0,9216,-2088,0,4836
43406,0,9216,-2088,0,4836
43416,0,9216,-2088,0,4836
43426,0,9216,-2088,0,4836
43436,0,9216,-2088,0,4836
43446,0,9216,-2088,0,4836
43456,0,9216,-2088,0,4836
43466,0,9216,-2088,0,4836
43476,0,9216,-2088,0,4836
43486,0,9216,-2088,0,4836
43496,0,9216,-2088,0,4836
43506,0,9216,-2088,0,4836
43516,0,9216,-2088,0,4836
43526,0,9216,-2088,0,4836
43536,0,9216,-2088,0,4836
43546,0,9216,-2088,0,4836
43556,0,9216,-2088,0,4836
43566,0,9216,-2088,0,4836
43576,0,9216,-2088,0,4836
43586,0,9216,-2088,0,4836
43596,0,9216,-2088,0,4836
43606,0,9216,-2088,0,4836
43616,0,9216,-2088,0,4836
43626,0,9216,-2088,0,4836
43636,0,9216,-2088,0,4836
43646,0,9216,-2088,0,4836
43656,0,9216,-2088,0,4836
43666,0,9216,-2088,0,4836
43676,0,9216,-2088,0,4836
43686,0,9216,-2088,0,4836
43696,0,9216,-2088,0,4836
43706,0,9216,-2088,0,4836
43716,0,9216,-2088,0,4836
43726,0,9216,-2088,0,4836
43736,0,8192,-1856,0,-6857
43746,0,5120,-1160,0,-2177
43756,0,3072,-696,0,-16
43766,0,8192,-1856,0,-2677
43776,0,2048,-464,0,1983
43786,0,7168,-1624,0,-2295
43796,0,6144,-1392,0,-824
43806,0,6144,-1392,0,-1745
43816,0,10240,-2320,0,-5798
43826,0,4096,-928,0,191
43836,0,6144,-1392,0,-2675
43846,0,6144,-1392,0,-3921
43856,0,6144,-1392,0,-4079
43866,0,-5120,1160,0,6059
43876,0,23552,-5336,0,-15493
43886,0,3072,-696,0,6318
43896,0,17408,-3944,0,-15478
43906,0,28672,-6496,0,-13636
43916,0,-18432,4176,0,18695
43926,0,28672,-6496,0,-18486
43936,0,-26624,6032,0,27190
43946,0,20480,-4640,0,-17294
43956,0,-18432,4176,0,23141
43966,0,12288,-2784,0,-8627
43976,0,43008,-9744,0,-35256
43986,0,6144,-1392,0,-4305
43996,0,32768,-7424,0,-18597
44006,0,6144,-1392,0,9887
44016,0,7168,-1624,0,4707
44026,0,-11264,2552,0,12445
44036,0,1024,-232,0,-7503
44046,0,-19456,4408,0,11973
44056,0,1024,-232,0,-6525
44066,0,57344,-12992,0,-53732
44076,0,17408,-3944,0,-7406
44086,0,5120,-1160,0,-7396
44096,0,41984,-9512,0,-35401
44106,0,-66560,15080,0,64554
44116,0,1024,-232,0,-8374
44126,0,-54272,12296,0,38883
44136,0,47104,-10672,0,-64709
44146,0,-50176,11368,0,33404
44156,0,-72704,16472,0,40279
44166,0,-57344,12992,0,15503
44176,0,-28672,6496,0,-8951
44186,0,-117760,25984,0,56758
44196,0,-60416,13688,0,833
44206,0,-86016,19488,0,12636
44216,0,-98304,22272,0,19788
44226,0,-71680,16240,0,-9529
44236,0,-53248,12064,0,-15350
44246,0,11264,-2552,0,-59172
44256,0,6144,-1392,0,-48173
44266,0,-2048,464,0,-48411
44276,0,-21504,4872,0,-41980
44286,0,-54272,22272,0,31187
44296,0,-123904,28072,0,29933
44306,0,-273408,61944,0,132928
44316,0,-322560,73080,0,145740
44326,0,-281600,63800,0,83600
44336,0,-273408,61944,0,99659
44346,0,-160768,36424,0,33419
44356,0,-92160,20880,0,12983
44366,0,-58368,13224,0,23721
44376,0,14336,-3248,0,-17468
44386,0,119808,-27144,0,-87492
44397,0,153600,-34800,0,-71094
44407,0,155648,-35264,0,-49835
44417,0,122880,-27840,0,-22923
44427,0,56320,-12760,0,6435
44437,0,-9216,2088,0,20169
44447,0,-63488,14384,0,26683
44457,0,-61440,13920,0,-6528
44467,0,-76800,17400,0,902
44477,0,-75776,17168,0,15546
44487,0,-55296,12528,0,13881
44497,0,-52224,11832,0,16602
44507,0,-57344,12992,0,17547
44517,0,-162816,36888,0,81731
44527,0,-265216,60088,0,111249
44537,0,-343040,77720,0,126566
44547,0,-348160,78880,0,95344
44557,0,-374784,84912,0,116948
44567,0,-249856,56608,0,31070
44577,0,-233472,52896,0,68300
44587,0,-82944,18792,0,-15363
44597,0,-76800,17400,0,35245
44607,3072,50176,-10672,389,-62728
44617,9216,21504,-2784,1148,-39181
44627,12288,-125952,31320,833,77656
44637,12288,-143360,35264,205,71815
44647,30720,-207872,54056,4669,120651
44657,43008,-118784,36656,3277,23269
44667,43008,-171008,48488,878,69588
44677,86016,-95232,41064,6303,16695
44687,86016,-44032,29464,1707,-23388
44697,86016,-39936,28536,416,2077
44707,101376,26624,28072,1011,21054
44717,101376,-91136,43616,256,104536
44727,101376,-142336,55216,45,157123
44737,95232,-128000,50576,-1063,150824
44747,95232,-131072,51272,-303,150070
44757,95232,-71680,37816,-110,90842
44767,95232,-24576,27144,-69,50998
44777,95232,-18432,25752,-69,60955
44787,95232,21504,16704,-69,48865
44797,101376,71680,6728,942,44244
44807,101376,250880,-33872,219,-41701
44817,101376,128000,-6032,41,69426
44827,129024,232448,-23432,2719,-13614
44837,129024,194560,-14848,727,27423
44847,172032,136192,8120,5145,92390
44857,175104,218112,-9744,1565,6926
44867,193536,163840,6728,3355,70100
44877,218112,184320,7656,3689,54814
44887,275456,272384,696,14511,10662
44897,294912,190464,23664,6829,99133
44907,294912,214016,6728,1734,32349
44917,384000,312320,16240,9892,36156
44927,384000,274432,24824,2526,84218
44937,384000,335872,10904,672,46041
44947,462848,416768,10440,6358,17855
44957,462848,392192,16008,1725,52508
44967,636928,396288,54520,20594,118074
44977,1003520,488448,116696,81234,191698
44987,1003520,563200,99760,22320,102411
44997,1350656,658432,156832,43450,202193
45007,1406976,813056,134560,16653,160026
45017,1594368,1137664,103472,32391,66351
45027,1734656,1361920,84448,23570,39626
45037,2057216,1527808,119944,77746,151575
45047,2124800,1584128,122496,30166,199599
45057,2124800,1757184,83288,8267,131972
45067,2242560,1999872,54984,8216,51385
45077,2219008,2189312,6728,-1442,-19961
45087,2219008,2322432,-23432,-426,-38094
45097,2219008,2270208,-11600,-138,90712
45107,2219008,2401280,-41296,-69,1707
45117,1245184,2459648,-275152,-278682,-544270
45127,1127424,2377728,-283272,-94758,-356013
45137,766976,2074624,-296264,-80173,-254812
45147,569344,1604608,-234552,-45553,-35795
45157,569344,1195008,-141752,-11774,72649
45167,387072,800768,-93728,-28908,70613
45177,352256,434176,-18560,-11033,147547
45187,246784,356352,-24824,-24907,-5328
45197,221184,222208,-232,-10048,26993
45207,156672,67584,20184,-19913,80763
45217,147456,90112,12992,-7293,31053
45227,147456,111616,8120,-1905,-25626
45237,144384,80896,14384,-802,-10871
45247,144384,-81920,51272,-248,84436
45257,101376,-94208,44312,-5759,54680
45267,79872,-155648,53360,-3800,85121
45277,21504,-185344,46864,-11637,72507
45287,12288,-162816,36656,-4244,37606
45297,12288,-253952,60320,-1195,136803
45307,12288,-240640,57304,-339,101646
45317,3072,-280576,64264,-1333,123794
45327,0,-145408,32944,-664,304
45337,0,-269312,61016,-206,111436
45347,0,-257024,58232,-78,103073
45357,0,-153600,34800,-69,2671
45367,0,-121856,28072,-69,-10729
45377,0,-79872,18096,-69,-39446
45387,0,-138240,31320,-69,42120
45397,0,-113664,25752,-69,32003
45407,0,-203776,46168,-69,126565
45417,0,-240640,54520,-69,160373
45427,0,-219136,49648,-69,138352
45437,0,-227328,51504,-69,143501
45447,0,-211968,48024,-69,56326
45457,0,-162816,36888,-69,80703
45467,0,-157696,35728,-69,71147
45477,0,-139264,31552,-69,57041
45487,0,-105472,23896,-69,30071
45497,0,-108544,24592,-69,38137
45507,0,-47104,10672,-69,-11428
45517,0,-30720,6960,-69,-12341
45527,0,-23552,5336,-69,-7355
45537,0,-40960,9280,-69,17738
45547,0,-84992,19256,-69,62149
45557,0,-141312,32016,-69,52705
45567,0,-130048,29464,-69,92105
45577,0,-76800,17400,-69,32169
45588,0,-140288,31784,-69,90090
45598,0,-145408,32944,-69,97213
45608,0,-99328,22504,-69,60165
45618,6144,-78848,19256,617,55394
45628,39936,-97280,31088,5154,91547
45638,39936,-124928,38048,1304,108398
45648,39936,-176128,48952,338,147860
45658,39936,-162816,45936,64,128119
45668,39936,-103424,32480,0,73690
45678,43008,-91136,30392,315,77588
45688,43008,-46080,20184,64,72592
45698,43008,-32768,17168,0,47799
45708,24576,9216,3480,-3031,15356
45718,24576,34816,-2320,-852,-1290
45728,12288,45056,-7424,-1978,-5393
45738,9216,62464,-12064,-852,-10960
45748,6144,87040,-18328,-843,-34837
45758,6144,67584,-13920,-261,-11195
45768,0,95232,-21576,-1745,-33109
45778,0,79872,-18096,-509,-12455
45788,-4096,57344,-13920,-737,17307
45798,-4096,-17408,3016,-216,79142
45808,-4096,-74752,16008,-87,123910
45818,0,-56320,12760,485,89930
45828,0,-115712,26216,100,125547
45838,0,-43008,9744,0,47841
45848,0,-40960,9280,0,28578
45858,-4096,-34816,6960,-412,19001
45868,-4096,-8192,928,-133,-9289
45878,0,-38912,8816,480,14660
45888,-4096,-23552,4408,-930,2124
45898,-4096,7168,-2552,-271,-28092
45908,-4096,-25600,4872,-106,7559
45918,-90112,-3072,-19720,-16214,-44153
45928,-111616,11264,-27840,-7869,-62083
45938,-111616,-61440,-11368,-2193,142
45948,-299008,-74752,-50808,-22019,-66983
45958,-299008,-139264,-36192,-6084,-25557
45968,-409600,-231424,-40368,-15267,-20444
45978,-467968,-291840,-39904,-17725,-36016
45988,-585728,-413696,-38976,-24999,-45104
45998,-585728,-535552,-11368,-6469,38675
46008,-1717248,-638976,-244296,-194289,-403800
46018,-1717248,-923648,-179800,-53472,-106313
46028,-4739072,-1256448,-789032,-364074,-969151
46038,-9309184,-2072576,-1639544,-1177524,-2426387
46048,-9309184,-3497984,-1316600,-303672,-926061
46058,-9309184,-5314560,-905032,-78333,-149809
46068,-9309184,-7377920,-437552,-21566,562458
46078,-17213440,-8593408,-1952976,-1270684,-2560394
46088,-17213440,-10168320,-1596160,-327700,-1187723
46098,-17213440,-12254208,-1123576,-90162,-234208
46108,-17213440,-14457856,-624312,-23278,373750
46118,-17213440,-16064512,-260304,-6034,516538
46128,-11125760,-17031168,1337944,869755,2775228
46138,-11125760,-16831488,1292704,224258,1544992
46148,-6644736,-15655936,2041600,581044,3645873
46158,-3542016,-13343744,2220704,393974,1545533
46168,-3542016,-10448896,1564840,101564,292747
46178,-921600,-7838720,1567160,312661,522563
46188,-921600,-5508096,1039128,80598,-33133
46198,-921600,-3714048,632664,20755,-215305
46208,-40960,-2589696,577448,257629,272313
46218,-10240,-1833984,413192,72775,174833
46228,-10240,-1311744,294872,19985,159905
46238,0,-743424,168432,6243,55541
46248,0,-362496,82128,1579,74368
46258,0,79872,-18096,411,-29474
46268,175104,345088,-38512,50180,54840
46278,240640,535552,-66816,25643,40239
46288,240640,593920,-80040,7026,59981
46298,625664,668672,-9744,41011,172843
46308,2582528,788480,406464,390660,949058
46318,2582528,1069056,342896,107432,487305
46328,4840448,1756160,698784,633297,1190562
46338,5441536,2500608,666304,290927,728451
46348,5441536,3576832,422472,74995,171712
46358,6240256,4805632,325032,125628,43836
46368,6240256,5640192,135952,34524,-88036
46378,6240256,6319104,-17864,8876,-117820
46388,7521280,6787072,166344,183375,315150
46398,7521280,7059456,104632,50413,182642
46408,9122816,7371776,396720,224189,656935
46418,9882624,7873536,455184,125811,597068
46428,10695680,8800256,429432,182638,456358
46438,10908672,9867264,235944,73406,57748
46448,10908672,10632192,62640,20169,-60855
46458,10908672,11350016,-99992,5172,-180207
46468,10908672,11716608,-183048,1400,-178374
46478,8762368,11747328,-676280,-250205,-828042
46488,7599104,11123712,-798544,-263146,-731597
46498,7599104,10190848,-587192,-72410,-164772
46508,4209664,9093120,-1106408,-406911,-939958
46518,4209664,7568384,-760960,-111947,-146178
46528,2446336,5911552,-785088,-246904,-209524
46538,1888256,4689920,-634752,-110550,-135848
46548,1888256,3225600,-302992,-30437,410339
46558,1173504,2721792,-350784,-96241,-123559
46568,1052672,2149376,-248472,-37313,-90262
46578,1052672,1563648,-115768,-9650,97736
46588,1052672,1510400,-103704,-2514,-122065
46598,184320,1256448,-242904,-205417,-460193
46608,184320,970752,-178176,-52991,-226021
46618,184320,568320,-87000,-14608,-24340
46628,0,157696,-35728,-19259,18899
46638,0,-206848,46864,-4995,108661
46648,0,-466944,105792,-1401,140589
46658,0,-518144,117392,-390,63263
46668,0,-674816,152888,-129,165420
46678,0,-557056,126208,-69,47661
46689,0,-590848,133864,-69,102738
46699,0,-548864,124352,-69,99544
46709,-4096,-442368,99296,-522,52438
46719,-10240,-507904,112752,-1433,142160
46729,-22528,-319488,67280,-2385,742
46739,-22528,-366592,77952,-646,89682
46749,-105472,-308224,45936,-10529,28142
46759,-105472,-284672,40600,-2747,39524
46769,-212992,-357376,32712,-12424,63721
46779,-212992,-263168,11368,-3443,-23378
46789,-402432,-438272,8120,-29334,56676
46799,-436224,-344064,-20880,-11770,-56407
46809,-497664,-475136,-5104,-15789,25168
46819,-497664,-481280,-3712,-4368,-987
46829,-497664,-532480,7888,-1154,23310
46839,-497664,-580608,18792,-326,37352
46849,-497664,-523264,5800,-120,-33946
46859,-497664,-641024,32480,-69,72774
46869,-480256,-578560,22272,3547,4592
46879,-480256,-600064,27144,892,24779
46889,-480256,-669696,36424,1377,59947
46899,-472064,-566272,21344,1203,198
46909,-467968,-661504,43848,860,99169
46919,-467968,-693248,51040,215,122166
46929,-467968,-609280,32016,36,37456
46939,-463872,-626688,36888,599,48945
46949,-459776,-731136,61480,549,135823
46959,-459776,-631808,38976,119,23748
46969,-456704,-641024,41760,471,33220
46979,-444416,-781312,76328,3396,172009
46989,-444416,-763904,58696,837,94366
46999,-444416,-647168,45936,205,51753
47009,-440320,-572416,29928,1130,9148
47019,-440320,-621568,41064,288,74112
47029,-444416,-659456,48720,-522,117128
47039,-444416,-652288,47096,-161,117695
47049,-444416,-583680,31552,-69,52349
47059,-444416,-535552,20648,-69,20095
47069,-440320,-576512,30856,366,76315
47079,-444416,-616448,38976,-728,113300
47089,-444416,-468992,5568,-216,-21434
47099,-424960,-506880,18560,4151,44743
47109,-424960,-646144,50112,1121,182101
47119,-343040,-544768,45704,11068,121356
47129,-343040,-427008,19024,3021,22573
47139,-343040,-476160,30160,755,89747
47149,-257024,-460800,46168,10803,121939
47159,-222208,-411648,42920,11705,109044
47169,-212992,-302080,20184,4568,21278
47179,-212992,-273408,13688,1158,25146
47189,-219136,-284672,14848,-1250,61153
47199,-222208,-209920,-2784,-866,14539
47209,-222208,-139264,-18792,-261,-15997
47219,-225280,-243712,4176,-367,110089
47229,-225280,-228352,696,-129,97507
47239,-225280,-98304,-28768,-69,-28696
47249,-212992,-146432,-15080,2828,18938
47259,-206848,-301056,21344,1803,155403
47269,-200704,-218112,3944,1203,66501
47279,-136192,-126976,-2088,9484,17077
47289,-117760,-217088,22504,5726,106149
47299,-117760,-211968,21344,1446,99425
47309,-71680,-153600,18560,4948,75025
47319,-71680,-64512,-1624,1249,4063
47329,-80896,-128000,10672,-774,67276
47339,-87040,-118784,7192,-1690,59492
47349,-87040,-100352,3016,-458,41403
47359,-105472,-71680,-7656,-2147,9002
47369,-160768,-122880,-8584,-12841,41686
47379,-173056,-76800,-21808,-5301,-5210
47389,-173056,-47104,-28536,-1484,-41299
47399,-182272,-220160,8584,-696,97081
47409,-182272,-182272,0,-220,-24240
47419,-182272,-260096,17632,-83,86516
47429,-176128,-317440,32016,439,117250
47439,-176128,-212992,8352,91,51809
47449,-166912,-384000,49184,1002,167743
47459,-166912,-280576,25752,238,72768
47469,-111616,-252928,32016,8335,91926
47479,-99328,-252928,34800,3460,108915
47489,-62464,-189440,28768,9072,77575
47499,-59392,-171008,25288,2774,74918
47509,-59392,-211968,34568,732,155325
47519,-62464,-87040,5568,-74,14859
47529,-62464,-229376,37816,-69,156722
47539,-65536,-218112,34568,-385,125755
47549,-65536,-120832,12528,-129,31979
47559,-65536,-241664,39904,-69,143006
47569,-83968,-156672,16472,-2056,49660
47579,-83968,-107520,5336,-554,10601
47589,-93184,-133120,9048,-1461,49916
47599,-93184,-154624,13920,-431,86933
47609,-90112,-74752,-3480,457,22640
47619,-90112,-27648,-14152,91,65939
47629,-83968,-208896,28304,1647,175554
47639,-83968,-57344,-6032,393,30328
47649,-80896,-32768,-10904,517,14934
47659,-80896,-52224,-6496,109,35421
47669,-13312,-57344,17400,12309,93660
47679,-4096,13312,-3944,4660,-7491
47689,-4096,-124928,27376,1171,142296
47699,135168,-7168,32248,27346,86643
47709,266240,123904,32248,24311,39698
47719,266240,111616,35032,6243,62927
47729,266240,140288,28536,1689,62209
47739,2472960,366592,477224,291426,680055
47749,3778560,736256,689272,337600,844142
47759,3778560,1586176,496712,92829,158229
47769,6854656,2549760,975328,404228,842894
47779,8330240,3814400,1023120,252085,550112
47789,8330240,5423104,658648,64979,-145719
47799,9214976,6731776,562600,126113,-113571
47809,8851456,7609344,281416,-56740,-349370
47819,8851456,8229888,140824,-14654,-248237
47829,8851456,8350720,113448,-4052,7391
47839,4738048,8192000,-782536,-489295,-1191445
47849,4738048,7416832,-606912,-126201,-358917
47859,4738048,6182912,-327352,-34745,336707
47869,1012736,5126144,-931944,-371132,-590681
47879,1012736,3980288,-672336,-95728,-177719
47889,1012736,2605056,-360760,-26359,290162
47899,308224,1808384,-339880,-65964,39978
47909,308224,1269760,-217848,-17034,-28066
47919,308224,798720,-111128,-4711,59133
47929,3072,476160,-107184,-26857,-11234
47939,-10240,348160,-81200,-9682,-72612
47949,-10240,94208,-23664,-2518,1332
47959,-10240,-159744,33872,-710,85271
47969,-13312,-208896,44312,-701,-12177
47979,-13312,-403456,88392,-206,86661
47989,-13312,-559104,123656,-83,172390
47999,-13312,-523264,115536,-69,98681
48009,-13312,-485376,106952,-69,56201
48019,-19456,-502784,109504,-1420,84101
48029,-31744,-527360,108576,-2239,117191
48039,-31744,-409600,85608,-646,57216
48049,-253952,-274432,4640,-49306,-110396
48059,-253952,-321536,15312,-13587,4868
48069,-532480,-344064,-42688,-33797,-64280
48079,-905216,-414720,-111128,-75696,-136434
48089,-905216,-671744,-52896,-19552,23642
48099,-2015232,-980992,-234320,-208906,-274723
48109,-2015232,-1158144,-194184,-57486,-134962
48119,-2015232,-1522688,-111592,-14850,27871
48130,-5385216,-1904640,-788568,-370308,-975768
48140,-5385216,-2819072,-581392,-95517,-279514
48150,-8942592,-3856384,-1152344,-558440,-1275000
48160,-9123840,-5530624,-814088,-173328,-197299
48170,-9216000,-6955008,-512256,-63813,119170
48180,-9309184,-8294400,-229912,-31563,325282
48190,-9216000,-9120768,-21576,1963,350842
48200,-7837696,-9454592,360992,268212,773654
48210,-7445504,-9180160,393008,132595,409363
48220,-7445504,-8725504,290000,34162,87626
48230,-7445504,-8066048,140592,9370,-215100
48240,-1735680,-7670784,1344672,805604,1868764
48250,-1198080,-6800384,1269272,262481,1099896
48260,-424960,-5095424,1058152,232360,518359
48270,-349184,-3322880,673728,70550,-96979
48280,-173056,-1986560,410872,69772,-207307
48290,-173056,-1012736,190240,17967,-286629
48300,-253952,-603136,79112,-6771,-180751
48310,-253952,-558080,68904,-1886,19830
48320,-359424,-652288,66352,-21003,146961
48330,-406528,-701440,66816,-12429,193016
48340,-406528,-533504,28768,-3228,41832
48350,-413696,-616448,45936,-2157,149356
48360,-413696,-580608,37816,-623,149830
48370,-409600,-464896,12528,205,81339
48380,-409600,-381952,-6264,36,36126
48390,-406528,-354304,-11832,389,52430
48400,-406528,-425984,4408,73,143486
48410,-399360,-307200,-20880,1382,48730
48420,-399360,-267264,-29928,334,32628
48430,-575488,-300032,-62408,-31133,4109
48440,-575488,-329728,-55680,-8588,47746
48450,-1024000,-319488,-159616,-61391,-155531
48460,-1198080,-392192,-182584,-31444,-157190
48470,-1198080,-700416,-112752,-8671,46608
48480,-2818048,-952320,-422704,-202547,-468742
48490,-3779584,-1340416,-552624,-297524,-640337
48500,-3946496,-2007040,-439408,-105245,-243900
48510,-3946496,-2717696,-278400,-28972,4445
48520,-5860352,-3703808,-488592,-368537,-393605
48530,-5860352,-4189184,-378624,-95055,-184536
48540,-8331264,-4890624,-779520,-331664,-794551
48550,-10181632,-6097920,-925216,-337464,-726755
48560,-10803200,-7300096,-793672,-206040,-416615
48570,-9883648,-8778752,-250328,60534,399146
48580,-6439936,-9790464,759104,698236,1878695
48590,-4033536,-9995264,1350704,602856,2130329
48600,-4033536,-8701952,1057688,155433,733636
48610,-781312,-6768640,1347456,758821,1239310
48620,-781312,-4881408,928928,208694,185718
48630,-781312,-3091456,523392,53787,-300354
48640,3072,-1857536,421544,84997,-142530
48650,3072,-1099776,249864,21894,-96129
48660,3072,-722944,164488,5621,45679
48670,39936,-450560,111128,10212,82666
48680,39936,-291840,75168,2609,87470
48690,39936,-174080,48488,686,110126
48700,39936,-174080,48488,151,142688
48710,39936,20480,4408,13,29301
48720,620544,199680,95352,67277,145440
48730,1127424,328704,180960,129345,318150
48740,1337344,540672,180496,69154,254965
48750,1436672,922624,116464,29324,83909
48760,2554880,1316864,280488,239227,396534
48770,2817024,1743872,243136,107734,229311
48780,2817024,2106368,161008,27754,134262
48790,8674304,2740224,1344440,814796,1991882
48800,15985664,4180992,2674496,1307153,3412342
48810,16436224,6552576,2239264,411740,1684836
48820,16743424,9882624,1554400,130325,197463
48830,16743424,13126656,819424,33581,-634027
48840,16589824,15302656,291624,-7476,-817526
48850,16743424,16407552,76096,29869,-401657
48860,15690752,16630784,-212976,-150275,-365259
48870,15690752,16507904,-185136,-41359,-3675
48880,15690752,16248832,-126440,-10689,155109
48890,3540992,16018432,-2826920,-1826029,-4444132
48900,1577984,15199232,-3086064,-1032523,-3724460
48910,1577984,13085696,-2607216,-266277,-1948911
48920,471040,9786368,-2110504,-224401,-700134
48930,256000,6614016,-1440488,-83652,43324
48940,12288,3789824,-855848,-68935,461487
48950,0,2118656,-480008,-20714,428716
48960,0,1422336,-322248,-5370,-28106
48970,0,790528,-179104,-1502,-20788
48980,0,689152,-156136,-412,-228501
48990,0,532480,-120640,-133,-261887
49000,0,79872,-18096,-69,-10277
49010,-7168,-76800,15776,-1063,-77019
49020,-13312,-394240,86304,-1850,33598
49030,-25600,-669696,145928,-2921,120529
49040,-25600,-679936,148248,-779,18750
49050,-96256,-817152,163328,-8973,85857
49060,-96256,-730112,143608,-2340,1700
49070,-96256,-622592,119248,-628,-69349
49080,-99328,-657408,126440,-490,-1376
49090,-96256,-653312,126208,411,39665
49100,-96256,-664576,128760,91,96670
49110,-96256,-552960,103472,0,40025
49120,-102400,-487424,87232,-1131,73305
49130,-102400,-459776,80968,-339,66444
49140,-123904,-207872,19024,-2042,-118581
49150,-123904,-228352,23664,-586,-45601
49160,-191488,-294912,23432,-9092,28851
49170,-191488,-245760,12296,-2523,-2433
49180,-229376,-232448,696,-7567,-19653
49190,-232448,-340992,24592,-2514,99078
49200,-247808,-334848,19720,-2143,66432
49210,-250880,-250880,0,-1099,-22370
49220,-253952,-286720,7424,-733,-1589
49230,-253952,-313344,13456,-216,7143
49240,-250880,-380928,29464,471,56337
49250,-250880,-268288,3944,100,-54986
49260,-247808,-299008,26680,718,57284
49270,-244736,-456704,48024,732,144161
49280,-244736,-294912,11368,164,-3681
49290,-176128,-242688,15080,6161,-8455
49300,-176128,-271360,21576,1565,6031
49310,-176128,-338944,36888,384,64098
49320,-47104,-343040,67048,28591,115950
49330,-25600,-243712,49416,11512,15420
49340,-25600,-283648,58464,2943,75325
49350,0,-288768,65424,3076,112754
49360,0,-144384,32712,769,9283
49370,0,-75776,16240,178,-29182
49380,0,-70656,16008,27,-16325
49390,43008,-204800,56144,6871,127659
49400,101376,-195584,67280,8628,127214
49411,196608,-80896,62872,23245,76017
49421,172032,-64512,53592,2037,67393
49431,172032,-28672,45472,540,74350
49441,0,36864,-8352,-20856,-13780
49451,0,202752,-45936,-5402,-133544
49461,-169984,74752,-55448,-21218,-72263
49471,-247808,-81920,-37584,-11619,20210
49481,-1033216,-278528,-170984,-120873,-169042
49491,-1829888,-434176,-316216,-119843,-317621
49501,-7369728,-871424,-1472272,-1178751,-2447383
49511,-9216000,-1761280,-1688960,-601287,-1839456
49521,-17213440,-3848192,-3028064,-2443168,-4487379
49531,-17213440,-6599680,-2404680,-630039,-1620350
49541,-17213440,-9858048,-1666456,-173319,-101819
49551,-17213440,-13079552,-936584,-44719,660897
49561,-17213440,-15298560,-433840,-12328,745009
49571,-17213440,-16673792,-122264,-3205,558160
49581,-8247296,-16973824,1977104,912551,3179676
49591,-3618816,-15959040,2795832,1209979,3604552
49601,-3618816,-13456384,2228824,311993,1388560
49611,-1629184,-10245120,1917712,614094,935863
49621,-1562624,-7130112,1261384,181819,-126981
49631,-1562624,-4619264,692520,46861,-551574
49641,-1198080,-3154944,443352,80937,-313362
49651,-994304,-2412544,321320,60420,3569
49661,-994304,-2077696,245456,16593,152428
49671,-994304,-1936384,213440,4252,279762
49681,-994304,-1611776,139896,1071,176661
49691,-10240,-1410048,317144,138702,499847
49701,12288,-918528,210888,40013,183663
49711,12288,-296960,70064,10295,-104569
49721,12288,99328,-19720,2810,-132105
49731,337920,553984,-48952,31796,-133634
49741,1052672,710656,77488,147550,234640
49751,4209664,927744,743560,454367,1241260
49761,8162304,1740800,1454872,494645,1722601
49771,16135168,3542016,2853136,1587927,3738909
49781,16135168,6302720,2227664,409446,1439302
49791,16135168,9601024,1480392,112596,-32841
49801,16135168,12833792,747968,29008,-707772
49811,16135168,14956544,267032,7456,-689883
49821,10695680,15964160,-1193640,-1365766,-2997200
49831,7916544,15940608,-1817952,-858307,-2776572
49841,7916544,14632960,-1521688,-236106,-1206803
49851,2611200,12341248,-2204464,-705391,-1726264
49861,2611200,8885248,-1421464,-181920,303944
49871,1310720,6382592,-1149096,-210856,426499
49881,435200,4589568,-941224,-163926,163323
49891,435200,3254272,-638696,-45113,305136
49901,107520,2963456,-647048,-52172,-338077
49911,73728,2477056,-544504,-16320,-345332
49921,-10240,2023424,-460752,-18847,-308580
49931,-13312,1591296,-363544,-5269,-248206
49941,-13312,1010688,-232000,-1479,-27158
49951,-13312,534528,-124120,-408,15187
49961,-13312,260096,-61944,-133,-43552
49971,-13312,74752,-19952,-69,-87384
49981,-13312,-290816,62872,-69,88918
49991,-65536,-285696,49880,-6107,-67497
50001,-71680,-300032,51736,-2216,-142599
50011,-71680,-489472,94656,-591,-33075
50021,-71680,-756736,155208,-188,146720
50031,-68608,-736256,151264,604,62978
50041,-68608,-669696,136184,128,-20635
50051,-68608,-699392,142912,9,16456
50061,-65536,-760832,157528,672,107666
50071,-65536,-768000,159152,164,148657
50081,-65536,-604160,122032,18,33354
50091,-65536,-513024,101384,0,12283
50101,-65536,-402432,76328,0,-27375
50111,-65536,-422912,80968,0,64352
50121,-62464,-366592,68904,219,65266
50131,-53248,-303104,56608,1423,65573
50141,-44032,-163840,27144,1341,-20520
50151,-44032,-84992,9280,343,-45198
50161,-44032,-151552,24360,64,31458
50171,-25600,-107520,18560,5273,14104
50181,-19456,-165888,33176,2531,80619
50191,-19456,-96256,17400,672,16903
50201,-4096,-63488,13456,2224,2434
50211,0,-117760,26680,1441,58167
50221,3072,-64512,15312,778,4166
50231,3072,-156672,40832,178,104698
50241,231424,-134144,82824,44384,149076
50251,409600,-78848,110664,36488,142460
50261,3210240,-71680,743560,811285,1583687
50271,3210240,212992,679064,209175,813139
50281,3210240,948224,512488,53915,269120
50291,10908672,1990656,2020488,920187,2499169
50301,10908672,3978240,1570176,237263,926941
50311,12260352,6462464,1313584,255381,370513
50321,10908672,8925184,449384,-296718,-1055895
50331,9401344,10504192,-249864,-351027,-1429241
50341,9401344,10885120,-336168,-96579,-702817
50351,5271552,10317824,-1143296,-540400,-1504943
50361,5271552,8581120,-749824,-148668,-88965
50371,5271552,6805504,-347536,-38361,505677
50381,1149952,5183488,-913848,-403556,-469096
50391,1149952,3901440,-623384,-111027,-50169
50401,365568,2314240,-441496,-132097,209233
50411,159744,1576960,-315520,-85845,23016
50421,101376,716800,-139432,-34273,200086
50431,101376,190464,-20184,-8867,233918
50441,101376,43008,13224,-2468,74973
50451,101376,-108544,47560,-664,40407
50461,-62464,-252928,43152,-20453,18626
50471,-96256,-274432,40368,-8680,-19476
50481,-96256,-397312,68208,-2266,45333
50491,-286720,-431104,32712,-25763,-48386
50501,-413696,-633856,49880,-30909,58340
50511,-489472,-796672,69600,-20943,127433
50521,-528384,-819200,65888,-10593,81299
50531,-1310720,-934912,-85144,-187189,-227716
50541,-1310720,-1046528,-59856,-51513,-62724
50551,-1310720,-1264640,-10440,-13308,52520
50561,-9496576,-1654784,-1776656,-1194539,-2799737
50571,-9496576,-3263488,-1412184,-328592,-945276
50581,-17213440,-5496832,-2654544,-979217,-2469474
50591,-17213440,-8824832,-1900544,-269372,-437675
50601,-14018560,-12242944,-402288,475955,1819268
50611,-14018560,-15043584,232232,122708,1825601
50621,-5678080,-15755264,2283112,1243070,4176312
50631,-3579904,-14918656,2568936,656341,2924644
50641,-2788352,-12688384,2209568,260971,1353018
50651,-768000,-9409536,1957848,333137,707212
50661,-626688,-6078464,1235168,108499,-305008
50671,-366592,-3610624,734976,56217,-475636
50681,-366592,-2008064,371896,15444,-498499
50691,-366592,-1377280,228984,3959,-152354
50701,-366592,-1220608,193488,1062,361954
50711,-4096,-1145856,258680,28775,325246
50721,0,-1128448,255664,8010,394680
50731,0,-856064,193952,2178,270499
50741,0,-559104,126672,540,171760
50751,3072,-382976,87464,617,189797
50761,3072,-102400,23896,137,100983
50771,6144,14336,-1856,650,48767
50781,6144,185344,-40600,151,58657
50791,6144,237568,-52432,13,68187
50801,24576,138240,-25752,3808,199408
50811,15360,169984,-35032,-426,155660
50821,12288,114688,-23200,-481,202842
50831,12288,250880,-54056,-152,62046
50841,12288,132096,-27144,-69,162996
50851,12288,120832,-24592,-69,159951
50861,9216,106496,-22040,-696,154019
50871,9216,228352,-49648,-220,32595
50881,46080,147456,-22968,10464,121222
50891,46080,125952,-18096,2677,166319
50901,46080,5120,9280,709,206397
50911,110592,39936,16008,6729,181083
50921,110592,78848,7192,1826,138499
50931,125952,159744,-7656,2609,92616
50941,125952,119808,1392,640,152233
50951,178176,125952,11832,10295,188866
50961,190464,284672,-21344,4357,49130
50971,278528,288768,-2320,14863,93565
50981,305152,336896,-7192,8985,62896
50991,355328,201728,34800,8908,212015
51001,358400,289792,15544,2742,134780
51012,358400,322560,8120,686,117561
51022,348160,430080,-18560,-1204,52315
51032,342016,409600,-15312,-943,96877
51042,281600,330752,-11136,-11266,169172
51052,234496,404480,-38512,-9142,47330
51062,234496,468992,-53128,-2546,37111
51072,122880,441344,-72152,-21007,-280
51082,122880,261120,-31320,-5805,144668
51092,162816,271360,-24592,8514,95913
51102,168960,224256,-12528,3437,137503
51112,168960,157696,2552,860,107084
51122,165888,39936,28536,-74,201348
51132,165888,119808,10440,-69,119082
51142,147456,125952,4872,-2331,117492
51152,92160,162816,-5104,-9170,113812
51162,92160,89088,696,-2546,147959
51172,-4096,239616,-55216,-12584,-32904
51182,-13312,159744,-39208,-4308,40075
51192,-219136,74752,-66584,-36274,5445
51202,-413696,-38912,-84912,-33440,10054
51212,-1338368,-95232,-281648,-227211,-432753
51222,-1717248,-412672,-295568,-123299,-262476
51232,-1717248,-833536,-200216,-31820,-74937
51242,-9883648,-1308672,-1942768,-1096436,-2755987
51252,-11017216,-3115008,-1790344,-464196,-1411946
51262,-12865536,-5699584,-1623536,-333967,-644749
51272,-9123840,-8566784,-126208,610496,1889445
51282,-9123840,-10752000,368880,157402,1666459
51292,-3542016,-11254784,1747424,690266,2887206
51302,-2727936,-10192896,1691280,246304,1581380
51312,-702464,-7912448,1633512,413516,1037058
51322,-702464,-5169152,1011984,106604,-176301
51332,-7168,-2924544,641248,181132,-350378
51342,12288,-1460224,333616,52912,-402372
51352,43008,-818176,195112,17179,-121104
51362,234496,-607232,190704,33544,161203
51372,297984,-571392,196968,18786,294581
51382,297984,-479232,176784,4820,262054
51392,1528832,-351232,425952,221392,728985
51402,1528832,55296,333848,57064,376510
51412,2974720,592896,539632,183265,647813
51422,3988480,1434624,578608,232658,627166
51432,7368704,2446336,1115224,567169,1387645
51442,9031680,3770368,1192016,336685,1028680
51452,9687040,5796864,881368,138372,210274
51462,11909120,7530496,992032,393681,600191
51472,12498944,9339904,715720,165582,176159
51482,11016192,10839040,40136,-264542,-786498
51492,11016192,11769856,-170752,-72785,-571316
51502,11016192,11972608,-216688,-18801,-241165
51512,5499904,11666432,-1397104,-1148140,-2339453
51522,4209664,10871808,-1509392,-489689,-1617709
51532,4209664,8949760,-1718424,-940169,-1744213
51542,1208320,6890496,-1287368,-291092,-494253
51552,1208320,4393984,-721752,-75087,421057
51562,455680,2631680,-493000,-102462,358122
51572,455680,1380352,-209496,-26446,395677
51582,243712,765952,-118320,-36663,151335
51592,215040,637952,-95816,-13033,-67149
51602,215040,584704,-83752,-3388,-166040
51612,95232,487424,-88856,-16700,-133436
51622,76800,223232,-33176,-6501,-21864
51632,0,62464,-14152,-16617,-26761
51642,0,-88064,19952,-4592,-8213
51652,0,-323584,73312,-1209,73982
51662,0,-506880,114840,-339,120552
51672,0,-501760,113680,-124,49130
51682,0,-622592,141056,-69,144035
51692,0,-598016,135488,-69,125948
51702,-4096,-574464,129224,-591,130949
51712,-4096,-419840,86536,-179,-720
51722,-10240,-396288,87464,-1195,39294
51732,-68608,-355328,64960,-8034,12767
51742,-332800,-464896,29928,-66729,30541
51752,-550912,-386048,-37352,-56951,-80602
51762,-654336,-386048,-60784,-27498,-97920
51772,-3946496,-522240,-775808,-655129,-1403764
51782,-6306816,-1108992,-1177632,-598787,-1521942
51792,-6306816,-2407424,-883456,-154432,-449018
51802,-6306816,-4164608,-485344,-39844,286864
51812,-6306816,-5650432,-148712,-10987,626317
51822,-17213440,-6599680,-2404680,-1351319,-3177103
51832,-17213440,-7877632,-2115144,-348491,-1807065
51842,-17213440,-10474496,-1526792,-95884,-420982
51852,-17213440,-13299712,-886704,-24752,444819
51862,-17213440,-15531008,-381176,-6830,693842
51872,-10181632,-16828416,1505912,1123681,3409921
51882,-7678976,-16847872,2077328,579817,2843411
51892,-7678976,-15224832,1709608,149491,1208041
51902,-7678976,-12598272,1114528,41098,1323
51912,-7678976,-10062848,540096,10574,-660477
51922,-238592,-8612864,1897296,1647262,2761642
51932,-145408,-7297024,1620288,439659,1400425
51942,-145408,-5559296,1226584,154953,590138
51952,0,-3405824,771632,42599,-267452
51962,0,-1832960,415280,10963,-485929
51972,-4096,-985088,222256,2357,-284600
51982,-4096,-868352,195808,622,165817
51992,0,-785408,177944,750,294691
52002,0,-817152,185136,169,345866
52012,0,-585728,132704,22,200710
52022,12288,-364544,85376,1716,133843
52032,12288,26624,-3248,448,-41661
52042,394240,295936,22272,79234,99059
52052,471040,517120,-10440,31210,68540
52062,3316736,627712,609232,822715,1555288
52072,4892672,870400,911296,518247,1545256
52082,8587264,1943552,1505216,653343,1859364
52092,16135168,3733504,2809752,2204191,4275769
52103,16135168,6182912,2254808,568368,1601301
52113,16135168,9212928,1568320,156303,109044
52123,16284672,12193792,926840,80378,-592484
52133,16135168,14166016,446136,-6524,-690703
52143,16135168,15002624,256592,-1813,-275672
52153,16284672,15221760,240816,13783,276332
52163,16284672,15238144,237104,3529,532676
52173,16284672,15460352,186760,952,383506
52183,9784320,15689728,-1337944,-620604,-1859805
52193,9784320,15110144,-1206632,-170723,-1051072
52203,2668544,13792256,-2520216,-982476,-2910974
52213,707584,11248640,-2388208,-746471,-2022858
52223,707584,8077312,-1669704,-205353,-323052
52233,707584,4927488,-956072,-52982,583826
52243,86016,2752512,-604128,-80196,562191
52253,86016,1324032,-280488,-20705,488529
52263,3072,654336,-147552,-16659,262441
52273,9216,538624,-119944,-3736,-26963
52283,9216,604160,-134792,-989,-226796
52293,39936,550912,-115768,3753,-228228
52303,39936,354304,-71224,952,-131816
52313,12288,161792,-33872,-4505,-91104
52323,9216,-57344,15080,-1648,-11659
52333,0,-217088,49184,-1722,3024
52343,0,-278528,63104,-490,-31597
52353,0,-393216,89088,-152,16064
52363,0,-574464,130152,-69,144160
52373,0,-485376,109968,-69,35536
52383,0,-320512,72616,-69,-106263
52393,0,-453632,102776,-69,55868
52403,0,-517120,117160,-69,109804
52413,0,-442368,100224,-69,86052
52423,0,-303104,68672,-69,-7830
52433,0,-272384,61712,-69,11686
52443,0,-217088,49184,-69,8535
52453,0,-224256,50808,-69,21064
52463,0,-115712,26216,-69,-27608
52473,0,-196608,44544,-69,81424
52483,0,-202752,45936,-69,98635
52493,0,-94208,21344,-69,1947
52503,0,-82944,18792,-69,173
52513,0,-168960,38280,-69,69703
52523,0,-167936,38048,-69,47431
52533,0,-214016,48488,-69,75234
52543,0,-231424,52432,-69,81430
52553,0,-256000,58000,-69,108299
52563,0,-294912,66816,-69,162306
52573,0,-195584,44312,-69,76160
52583,0,-143360,32480,-69,-1376
52593,125952,-52224,40368,13636,-12428
52603,125952,-149504,62408,3492,87918
52613,125952,-72704,45008,938,27115
52623,119808,35840,19024,-408,-64337
52633,9216,-95232,28768,-21616,55863
52643,0,-51200,11600,-7352,5471
52653,0,36864,-8352,-1923,-76694
52663,0,-177152,40136,-554,112070
52673,0,-125952,28536,-170,38338
52683,-4096,-107520,25056,-1168,7444
52693,-4096,-177152,39208,-344,72536
52703,-25600,-210944,41992,-3141,91761
52713,-108544,-247808,31552,-17830,100678
52723,-108544,-180224,16240,-4624,45675
52733,-250880,-300032,11136,-19986,102971
52743,-328704,-284672,-9976,-13459,55661
52753,-328704,-293888,-7888,-3502,39544
52763,-328704,-265216,-14384,-989,-26186
52773,-328704,-364544,8120,-284,36100
52783,-328704,-439296,35264,-106,115646
52793,-328704,-530432,45704,-69,134830
52803,-388096,-600064,48024,-5723,150654
52813,-388096,-537600,33872,-1598,82462
52823,-377856,-480256,23200,910,25598
52833,-377856,-449536,16240,205,-1802
52843,-356352,-510976,35032,3703,109826
52853,-343040,-540672,44776,2751,97719
52863,-328704,-615424,64960,4289,176518
52873,-328704,-531456,45936,1158,99453
52883,-328704,-427008,22272,274,26913
52893,-200704,-454656,57536,32240,216832
52903,-169984,-442368,61712,13879,146451
52913,-169984,-300032,29464,3552,29592
52923,79872,-321536,90944,33526,170154
52933,79872,-89088,38280,9201,-13648
52943,579584,-72704,147784,64132,224984
52953,1084416,130048,216224,62823,239014
52963,2341888,412672,437088,230850,592162
52973,2611200,806912,408784,90715,383326
52983,2942976,1397760,350088,103138,261101
52993,2942976,1916928,232464,26568,113344
53003,2942976,2467840,107648,7283,-42248
53013,2554880,2910208,-80504,-70519,-309721
53023,2554880,3007488,-102544,-19423,-170150
53033,1949696,2846720,-203232,-75188,-178894
53043,1949696,2592768,-141984,-19414,20297
53053,1662976,2393088,-165416,-54314,-93196
53063,1662976,2031616,-83520,-14036,66673
53073,1662976,1741824,-17864,-3882,139299
53083,1662976,1516544,33176,-1030,168922
53093,1594368,1455104,31552,-8240,78344
53103,1561600,1439744,27608,-5045,20683
53113,1258496,1318912,-13688,-49837,-6375
53123,1208320,1265664,-12992,-19552,37094
53133,605184,1197056,-134096,-138360,-206176
53143,409600,1130496,-163328,-65049,-193228
53153,409600,824320,-93960,-17917,9335
53163,165888,382976,-49184,-29513,149821
53173,165888,138240,6264,-8149,188071
53183,165888,38912,28768,-2129,93435
53194,9216,-167936,40136,-12909,97496
53204,0,-301056,68208,-5050,132619
53214,0,-371712,84216,-1323,135124
53224,-4096,-373760,83752,-1291,108441
53234,-4096,-397312,89088,-362,123483
53244,-4096,-326656,73080,-124,62191
53254,-4096,-307200,68672,-69,54832
53264,-4096,-297984,66584,-69,52326
53274,-4096,-253952,54752,-69,11864
53284,-4096,-275456,61480,-69,49678
53294,-4096,-352256,78880,-69,125755
53304,-4096,-290816,64960,-69,139280
53314,0,-393216,89088,782,175177
53324,0,-350208,79344,178,132145
53334,0,-328704,74472,27,118417
53344,0,-363520,82360,0,150398
53354,0,-268288,60784,0,58805
53364,0,-239616,54288,0,47910
53374,0,-301056,68208,0,119771
53384,0,-227328,51504,0,55624
53394,0,-335872,76096,0,169081
53404,0,-384000,91176,0,217747
53414,0,-364544,82592,0,177049
53424,0,-405504,91872,0,207383
53434,0,-380928,77256,0,138636
53444,0,-329728,74704,0,139703
53454,0,-264192,59856,0,94998
53464,0,-145408,32944,0,13079
53474,0,-176128,39904,0,80457
53484,0,-150528,34104,0,80420
53494,0,-173056,39208,0,114523
53504,0,-290816,65888,0,219845
53514,0,-258048,58464,0,178926
53524,0,-304128,68904,0,212166
53534,0,-290816,57304,0,148664
53544,0,-217088,49184,0,119170
53554,0,-197632,44776,0,107280
53564,0,-84992,19256,0,15975
53574,0,-142336,32248,0,96486
53584,0,-149504,33872,0,111612
53594,0,-163840,37120,0,131017
53604,0,-208896,47328,0,171067
53614,-4096,-199680,44312,-710,154661
53624,-13312,-86016,16472,-1355,39813
53634,-163840,-141312,-5104,-34763,22109
53644,-309248,-187392,-27608,-33806,26835
53654,-385024,-296960,-19952,-17524,112012
53664,-975872,-406528,-128992,-105510,-58802
53674,-975872,-484352,-111360,-27233,-7417
53684,-975872,-638976,-76328,-7055,53008
53694,-2015232,-948224,-241744,-89219,-196345
53704,-2015232,-1420288,-134792,-23031,72665
53714,-2015232,-1793024,-50344,-5965,76701
53724,-4444160,-2164736,-516432,-231240,-557109
53734,-4444160,-2922496,-344752,-59656,-83949
53744,-6507520,-3789824,-615728,-255597,-451838
53754,-6926336,-4769792,-488592,-101093,-116598
53764,-8675328,-5756928,-661200,-288529,-516210
53774,-8675328,-6924288,-396720,-79381,54609
53784,-8247296,-7957504,-65656,61720,485520
53794,-7999488,-8539136,122264,56616,474706
53804,-7999488,-8936448,212280,14575,417815
53814,-6576128,-8828928,510400,115745,639865
53824,-3862528,-8436736,1036344,466131,1374098
53834,-3862528,-7392256,799704,120176,487742
53844,-1514496,-6189056,1059080,517460,1016995
53854,-1514496,-5009408,791816,142300,330223
53864,-1514496,-3861504,531744,36671,30888
53874,-1053696,-2962432,432448,98945,114598
53884,-1053696,-2337792,290928,27191,32753
53894,-1150976,-1941504,179104,-20842,7886
53904,-1150976,-1704960,125512,-5755,60319
53914,-1139712,-1554432,93960,73,103183
53924,-1139712,-1562624,95816,0,143349
53934,-1139712,-1461248,72848,0,145055
53944,-887808,-1436672,124352,35421,249078
53954,-781312,-1324032,122960,20576,186158
53964,-497664,-1127424,142680,60379,193611
53974,-452608,-1001472,124352,21885,172079
53984,-250880,-754688,114144,60099,165830
53994,-250880,-626688,85144,15467,163964
54004,-250880,-403456,34568,3968,97419
54014,-120832,-257024,30856,16360,134999
54024,-120832,-189440,15544,4188,162756
54034,-120832,-101376,-4408,1126,145957
54044,-120832,-70656,-11368,270,161758
54054,-126976,26624,-34800,-1076,89293
54064,-126976,75776,-45936,-326,51182
54074,-126976,46080,-39208,-115,88415
54084,-123904,-21504,-23200,503,152946
54094,-123904,-39936,-19024,119,166410
54104,-105472,-55296,-11368,2645,179997
54114,-105472,-43008,-14152,659,159376
54124,-80896,-14336,-15080,3396,130898
54134,-74752,23552,-22272,1400,84543
54144,-65536,-6144,-13456,2041,109123
54154,-62464,-6144,-12760,888,108532
54164,-65536,-23552,-9512,-69,127047
54174,-65536,-14336,-11600,-69,123047
54184,-71680,52224,-28072,-802,56821
54194,-71680,112640,-41760,-234,-2990
54204,-74752,95232,-38512,-618,10642
54214,-74752,35840,-25056,-188,68683
54224,-74752,-6144,-15544,-74,104539
54234,-74752,-49152,-5800,-69,134718
54244,-114688,33792,-33640,-4674,27512
54254,-188416,78848,-60552,-9838,-46497
54264,-200704,3072,-46168,-4532,23525
54274,-222208,-71680,-34104,-3928,74208
54284,-222208,-116736,-23896,-1030,93221
54295,-219136,-95232,-28072,205,48737
54305,-219136,-93184,-28536,36,23429
54315,-203776,-117760,-19488,3387,34001
54325,-203776,-177152,-6032,837,73873
54335,-203776,-227328,5336,205,102408
54345,-169984,-230400,13688,2687,94909
54355,-126976,-139264,2784,7594,17787
54365,-120832,-121856,232,2595,18794
54375,-80896,-203776,27840,8917,129078
54385,-80896,-221184,31784,2426,149031
54395,-80896,-138240,12992,599,81149
54405,-77824,-83968,1392,823,29088
54415,-77824,-66560,-2552,192,52141
54425,-77824,-75776,-464,27,82037
54435,-77824,-30720,-10672,0,57438
54445,-77824,78848,-35496,0,-25199
54455,-90112,134144,-50808,-1273,-56336
54465,-93184,3072,-21808,-1021,78320
54475,-96256,-5120,-20648,-715,75869
54485,-102400,95232,-44776,-1978,-26892
54495,-102400,104448,-46864,-541,-33237
54505,-102400,-58368,-9976,-170,107746
54515,-102400,-22528,-18096,-69,55986
54525,-99328,87040,-42224,540,-64866
54535,-90112,29696,-22272,1414,3579
54545,-71680,-153600,18560,3268,146447
54555,-71680,-87040,3480,819,58661
54565,-13312,-6144,-1624,8413,-40805
54575,-10240,25600,-8120,2458,-25494
54585,0,-69632,15776,2471,77414
54595,0,-22528,5104,659,35347
54605,0,91136,-20648,146,-56633
54615,0,120832,-27376,18,-69195
54625,0,56320,-12760,0,-561
54635,0,82944,-18792,0,-30061
54645,0,66560,-15080,0,-22044
54655,0,79872,-18096,0,-39289
54665,70656,17408,12064,17248,50811
54675,234496,15360,49648,34561,99183
54685,234496,1024,52896,8885,83377
54695,2014208,106496,432216,449940,842510
54705,2014208,301056,388136,115997,394405
54715,4892672,698368,950272,385766,1166427
54725,6854656,1863680,1130768,420643,1062724
54735,8501248,3464192,1141208,396789,748823
54745,8762368,5155840,817104,134582,103166
54755,8851456,6794240,466088,59394,-317596
54765,8501248,7933952,128528,-44500,-494212
54775,7521280,8519680,-226200,-125089,-674669
54785,6305792,8359936,-465392,-320971,-800635
54795,5105664,7830528,-617352,-287687,-706786
54805,5105664,7109632,-454024,-79162,-203106
54815,3502080,6066176,-580928,-172609,-257416
54825,3502080,5310464,-409712,-44536,-73444
54835,3697664,4306944,-138040,11906,355253
54845,3737600,3994624,-58232,6394,146767
54855,3737600,3803136,-14848,1625,88739
54865,3697664,3780608,-18792,-4198,-34542
54875,3697664,3948544,-56840,-1099,-178633
54885,2726912,4115456,-314592,-155700,-659526
54895,1929216,3889152,-444048,-132638,-595819
54905,1929216,3367936,-322480,-34227,-171003
54915,1929216,3061760,-256592,-9440,-186818
54925,545792,2302976,-398112,-152788,-301375
54935,488448,1899520,-319696,-46862,-220842
54945,488448,1332224,-191168,-12108,-50191
54955,488448,839680,-79576,-3356,68943
54965,401408,649216,-56144,-5700,-49800
54975,401408,488448,-19720,-1497,-65201
54985,419840,406528,3016,1698,-70505
54995,419840,389120,6960,416,-109415
55005,419840,285696,30392,91,-46752
55015,419840,222208,44776,0,-25110
55025,419840,286720,30160,0,-120646
55035,419840,212992,46864,0,-74474
55045,419840,111616,69832,0,5197
55055,384000,133120,64032,-7430,-8420
55065,384000,165888,49416,-2060,-63668
55075,384000,84992,67744,-554,25526
55085,387072,46080,77256,457,67177
55095,387072,124928,59392,91,-9353
55105,387072,156672,52200,0,-30996
55115,387072,167936,49648,0,-24958
55125,379904,165888,48488,-1030,-5645
55135,369664,155648,48488,-1355,15542
55145,324608,155648,38280,-9133,8389
55155,308224,257024,11600,-4999,-66537
55165,249856,239616,2320,-16970,-48112
55175,249856,104448,32944,-4400,83995
55185,249856,187392,14152,-1236,25969
55195,218112,290816,-16472,-3580,-85648
55205,218112,238592,3480,-957,-12773
55215,221184,168960,11832,141,-4390
55225,211968,74752,31088,-2463,59140
55235,205824,29696,39904,-1900,89043
55245,205824,97280,24592,-518,16403
55255,196608,157696,8816,-1520,-32395
55265,196608,119808,17400,-440,21514
55275,196608,173056,5336,-138,-6248
55285,196608,148480,10904,-69,32640
55295,199680,140288,13456,503,40020
55305,196608,269312,-16472,-303,-83844
55315,196608,209920,-3016,-115,-31961
55325,196608,126976,15776,-69,39940
55335,196608,58368,31320,-69,97261
55345,113664,-4096,26680,-7966,101889
55355,9216,55296,-10440,-19909,-21054
55365,0,77824,-17632,-6299,-59398
55375,-53248,-22528,-6960,-15148,-22782
55385,-130048,-112640,-3944,-17043,-1303
55395,-130048,-192512,14152,-4711,52948
55405,-130048,-308224,40368,-1241,122713
55415,-130048,-323584,43848,-344,92215
55425,-2058240,-329728,-391616,-238514,-612115
55435,-2058240,-586752,-333384,-61529,-309512
55445,-5922816,-1246208,-1059544,-634424,-1411615
55455,-7445504,-2314240,-1162552,-362783,-954343
55465,-8163328,-3995648,-944240,-209409,-299473
55475,-8081408,-5705728,-519912,-40915,308637
55485,-8081408,-7239680,-190704,-11284,539000
55495,-7757824,-8076288,72152,46124,552800
55505,-7757824,-8272896,116696,12670,267998
55516,-6306816,-8072192,399968,171423,508983
55526,-3658752,-7495680,869304,344229,963660
55536,-3658752,-6380544,616656,94660,185063
55546,-3658752,-5107712,328280,24380,-281394
55556,-575488,-4149248,809680,319953,621757
55566,-380928,-3075072,610392,119128,204717
55576,-253952,-2086912,415280,44490,1473
55586,-34816,-1272832,277704,56849,-18097
55596,-7168,-646144,144768,19761,-117188
55606,3072,-351232,80272,6179,-32438
55616,3072,-128000,29696,1675,-26581
55626,18432,1024,3944,2709,-3412
55636,147456,25600,27608,13815,87564
55646,147456,120832,6032,3776,45082
55656,147456,54272,21112,952,162048
55666,7756800,165888,1719816,2041204,3873745
55676,7756800,441344,1657408,561419,2225108
55686,7756800,1930240,1320080,144744,942781
55696,7756800,4065280,836360,37289,15130
55706,7756800,5942272,411104,10231,-408229
55716,16284672,7334912,2027680,1202233,2651789
55726,16284672,8977408,1655552,309988,1279197
55736,16284672,11092992,1176240,85240,367781
55746,13495296,13304832,43152,-345910,-1200073
55756,8330240,14674944,-1437472,-1480546,-3538280
55766,6643712,14819328,-1852288,-688930,-2770941
55776,6643712,13389824,-1528416,-189515,-1174392
55786,3107840,10800128,-1742784,-386600,-924420
55796,3107840,7817216,-1066968,-99715,319279
55806,701440,5243904,-1029152,-344802,49119
55816,409600,3127296,-615728,-116808,459891
55826,30720,1835008,-408784,-105748,266412
55836,30720,994304,-218312,-27297,162369
55846,-328704,455680,-177712,-97445,-79947
55856,-363520,122880,-110200,-33165,-51490
55866,-463872,-214016,-56608,-21813,16780
55876,-463872,-462848,-232,-6029,66935
55886,-463872,-633856,38512,-1580,26783
55896,-1053696,-829440,-50808,-73357,-183527
55906,-2912256,-1142784,-400896,-400521,-818769
55916,-2912256,-1648640,-286288,-103313,-293231
55926,-11125760,-2299904,-1999608,-1111638,-2917796
55936,-17213440,-3934208,-3008576,-831757,-3183860
55946,-17213440,-6996992,-2314664,-214509,-1191728
55956,-17213440,-10481664,-1525168,-59029,37191
55966,-17213440,-13757440,-783000,-15249,685435
55976,-17213440,-16124928,-246616,-3960,799553
55986,-17213440,-17220608,1624,-1117,463566
55996,-17213440,-17676288,104864,-316,182089
56006,-17213440,-17727488,116464,-115,8460
56016,-17213440,-17642496,97208,-69,-114214
56026,-13368320,-17544192,945400,322718,1115960
56036,-4348928,-16860160,2834576,1628558,4157279
56046,-3108864,-15351808,2773792,563658,2601134
56056,-660480,-12667904,2720432,732202,2019052
56066,-660480,-9290752,1955296,188786,500943
56076,-660480,-5945344,1197352,48660,-419815
56086,0,-3499008,792744,169061,-390872
56096,0,-2019328,457504,43569,-283338
56106,-4096,-1117184,252184,10762,-138627
56116,-4096,-770048,173536,2938,62006
56126,0,-525312,119016,1382,101791
56136,0,-430080,97440,334,148918
56146,0,-259072,58696,68,91759
56156,0,-99328,22504,0,89430
56166,215040,81920,32016,23345,148025
56176,1258496,223232,234552,222601,584400
56186,1258496,478208,176784,57376,331010
56196,1258496,877568,86304,15756,111002
56206,11016192,1409024,2176624,771922,2828525
56216,11016192,3228672,1764360,199031,1207917
56226,16284672,5783552,2379160,627218,1659281
56236,16284672,8986624,1653464,161705,84347
56246,16284672,11872256,999688,44453,-693037
56256,13114368,14017536,-204624,-923511,-2403451
56266,11124736,14882816,-851440,-624642,-2082485
56276,11124736,14488576,-762120,-171831,-885742
56286,6782976,12834816,-1371120,-648633,-1264543
56296,6782976,10712064,-890184,-167290,180627
56306,5737472,8696832,-670480,-193113,516252
56316,3502080,7526400,-911760,-491671,-488001
56326,3141632,6299648,-715488,-192454,-106770
56336,2756608,5685248,-663520,-107117,-253388
56346,1184768,4854784,-831488,-289014,-743202
56356,1184768,4082688,-656560,-79519,-432964
56366,1184768,2880512,-384192,-20531,77461
56376,1184768,2326528,-258680,-5315,-37123
56386,0,1602560,-363080,-231624,-384165
56396,0,984064,-222952,-59748,-73198
56406,-10240,557056,-128528,-16352,-5547
56416,-10240,93184,-23432,-4523,116184
56426,0,-98304,22272,160,7772
56436,0,-282624,64032,22,10491
56446,0,-506880,114840,0,64571
56456,0,-667648,151264,0,119825
56466,0,-714752,161936,0,110179
56476,0,-665600,150800,0,51031
56486,0,-686080,155440,0,97072
56496,0,-704512,159616,0,154257
56506,0,-663552,150336,0,159027
56516,0,-498688,112984,0,51731
56526,0,-372736,84448,0,-4159
56536,0,-376832,85376,0,69182
56546,0,-308224,69832,0,69023
56556,0,-235520,53360,0,51895
56566,0,-219136,49648,0,62894
56576,0,-180224,40832,0,41192
56586,0,-208896,47328,0,74727
56596,0,-256000,58000,0,122130
56606,0,-258048,58464,0,121029
56616,0,-136192,30856,0,711
56626,0,-110592,25056,0,-16059
56636,0,-215040,48720,0,97837
56646,0,-227328,51504,0,119621
56656,0,-168960,38280,0,79957
56666,0,-123904,28072,0,49664
56676,0,-79872,19952,0,23058
56686,0,-84992,19256,0,27017
56696,0,-192512,43616,0,132585
56706,-13312,-156672,32480,-2953,96250
56716,-13312,-60416,10672,-788,9321
56726,-142336,-62464,-18096,-15198,-29316
56736,-244736,-172032,-16472,-20820,31745
56746,-319488,-228352,-20648,-16613,39231
56756,-335872,-319488,-3712,-6377,91128
56766,-335872,-320512,-3480,-1671,41364
56776,-343040,-355328,2784,-1561,24398
56786,-349184,-492544,32480,-2189,120290
56796,-349184,-527360,40368,-591,121363
56806,-346112,-473088,28768,274,65835
56816,-346112,-429056,18792,50,23483
56826,-338944,-451584,25520,1382,42145
56836,-332800,-457728,28304,1281,47438
56846,-332800,-550912,49416,306,135180
56856,-276480,-436224,36192,11727,24845
56867,-276480,-409600,30160,3002,35209
56877,-179200,-320512,32016,14753,2948
56887,-179200,-335872,35496,4037,26935
56897,-148480,-445440,67280,5342,144122
56907,-145408,-428032,64032,1643,127585
56917,-142336,-474112,75168,1025,176941
56927,-142336,-349184,46864,238,68479
56937,-142336,-324608,41296,45,61665
56947,-142336,-229376,19720,0,-8223
56957,-142336,-286720,32712,0,70196
56967,-142336,-215040,16472,-550,20568
56977,-142336,-305152,36888,-170,126691
56987,-133120,-225280,20880,1139,69680
56997,-130048,-300032,38512,558,152122
57007,-130048,-176128,10440,119,32184
57017,-108544,-200704,20880,2842,66713
57027,-108544,-93184,-3480,709,-37413
57037,-108544,-110592,464,173,-19659
57047,-108544,-155648,10672,22,24697
57057,-90112,-253952,37120,1629,137766
57067,-90112,-219136,29232,421,104809
57077,-90112,-226304,30856,82,121002
57087,-90112,-132096,9512,0,37514
57097,-90112,-199680,24824,0,121123
57107,-90112,-159744,15776,0,92391
57117,-90112,-158720,15544,0,103888
57127,-87040,28672,-26216,512,-66144
57137,-87040,-68608,-4176,109,27679
57147,-71680,-58368,-3016,1826,9045
57157,-71680,-109568,8584,448,43905
57167,-50176,-73728,5336,2755,17070
57177,-44032,-223232,40600,2128,157926
57187,-37888,-233472,44312,1606,182091
57197,-34816,11264,-10440,778,-31953
57207,-34816,-68608,7656,178,64141
57217,-34816,-22528,-2784,27,19470
57227,-37888,-7168,-6960,-380,5883
57237,-37888,8192,-10440,-133,102231
57247,-37888,-171008,30160,-69,165306
57257,-37888,-123904,19488,-69,110700
57267,-34816,23552,-13224,215,-30658
57277,-34816,-38912,928,36,34251
57287,-34816,-38912,928,0,30868
57297,-25600,-79872,12296,2032,73704
57307,-4096,-61440,12992,3941,73479
57317,135168,-101376,53592,17193,156781
57327,376832,-43008,95120,23419,177661
57337,376832,165888,47792,6015,12460
57347,4687872,281600,998296,501319,1451397
57357,13754368,1105920,2865664,2007778,4561364
57367,16135168,2782208,3025280,874951,3064327
57377,16135168,5910528,2316520,240632,1120865
57387,16135168,9482240,1507304,62026,-127750
57397,16135168,12357632,855848,17033,-589236
57407,11680768,14376960,-610856,-824534,-2430472
57417,11016192,14849024,-868376,-350332,-1576811
57427,8415232,13755392,-1209880,-486663,-1328858
57437,7144448,11802624,-1055368,-254984,-407584
57447,7144448,9610240,-558656,-70167,483232
57457,3540992,7661568,-933568,-558816,-457706
57467,2756608,6408192,-789960,-224039,-182301
57477,1105920,4932608,-866984,-403661,-559475
57487,683008,3638272,-669552,-163614,-176140
57497,324608,2509824,-495088,-123949,-48209
57507,269312,1470464,-272136,-42728,168935
57517,269312,796672,-119480,-11779,163099
57527,-4096,297984,-68440,-33362,67899
57537,-4096,-93184,20184,-8625,137383
57547,0,-239616,54288,-1813,88444
57557,0,-282624,64032,-490,8323
57567,0,-393216,89088,-152,35535
57577,0,-533504,120872,-69,115874
57587,0,-638976,144768,-69,169391
57597,0,-522240,118320,-69,38497
57607,0,-574464,130152,-69,71876
57617,0,-549888,124584,-69,87295
57627,0,-608256,137808,-69,160466
57637,0,-526336,119248,-69,116187
57647,0,-494592,112056,-69,124960
57657,0,-336896,76328,-69,25891
57667,0,-319488,72384,-69,50475
57677,0,-333824,75632,-69,95814
57687,0,-329728,74704,-69,56695
57697,0,-374784,84912,-69,147763
57707,0,-283648,64264,-69,54229
57717,0,-338944,76792,-69,117843
57727,0,-294912,66816,-69,84789
57737,0,-362496,82128,-69,165364
57747,0,-257024,58232,-69,77435
57757,0,-262144,48024,-69,46016
57767,0,-126976,28768,-69,-16093
57777,0,-197632,44776,-69,63070
57787,0,-238592,54056,-69,107046
57797,0,-343040,77720,-69,197026
57807,0,-306176,69368,-69,162331
57817,0,-256000,58000,-69,109628
57827,0,-190464,43152,-69,63257
57837,0,-229376,51968,-69,113231
57847,0,-190464,43152,-69,94935
57857,0,-186368,42224,-69,83212
57867,0,-104448,23664,-69,31563
57877,0,-154624,35032,-69,74129
57887,0,-135168,30624,-69,51179
57897,-4096,-338944,75864,-710,235151
57907,-4096,-259072,57768,-220,161394
57917,-19456,-274432,57768,-1369,160496
57927,-19456,-146432,28768,-380,52794
57937,-19456,-199680,40832,-133,110301
57947,-626688,-226304,-90712,-134267,-130121
57957,-760832,-281600,-108576,-58425,-50329
57967,-1150976,-293888,-194184,-60320,-209543
57977,-2727936,-677888,-464464,-364097,-673349
57987,-2727936,-1167360,-353568,-100168,-180989
57998,-4444160,-1700864,-621528,-212348,-576531
58008,-4491264,-2609152,-426416,-62385,-103990
58018,-4491264,-3696640,-180032,-16118,285419
58028,-1950720,-4395008,553784,360017,1302189
58038,-1950720,-4332544,539632,99005,696004
58048,-677888,-3631104,669088,216494,591831
58058,-677888,-2768896,473744,59518,101929
58068,-677888,-1897472,276312,15321,-106282
58078,-677888,-1246208,128760,3918,-150888
58088,-677888,-1014784,76328,1052,-18371
58098,-65536,-828416,172840,43299,160605
58108,-65536,-907264,190704,11878,264104
58118,-197632,-882688,155208,-11326,218604
58128,-197632,-796672,135720,-2948,192477
58138,-197632,-651264,102776,-788,82832
58148,-616448,-573440,-9744,-42911,-9092
58158,-616448,-616448,0,-11097,97783
58168,-1310720,-748544,-127368,-107255,-60631
58178,-1889280,-814080,-243600,-182859,-297174
58188,-1889280,-1063936,-186992,-47182,-87586
58198,-2292736,-1502208,-179104,-69764,-24003
58208,-2292736,-1873920,-94888,-18018,74506
58218,-2292736,-2390016,22040,-4674,265122
58228,-2292736,-2748416,103240,-1314,334439
58238,-2292736,-2845696,125280,-367,232965
58248,-5798912,-2955264,-644264,-681180,-1232643
58258,-5798912,-3368960,-550536,-175681,-457132
58268,-5798912,-4295680,-340576,-45324,146933
58278,-7369728,-5125120,-508544,-317620,-320822
58288,-7293952,-6195200,-248936,-71933,273275
58298,-7293952,-6856704,-99064,-18572,339508
58308,-7293952,-7534592,54520,-4816,478900
58318,-6714368,-7754752,235712,75077,583683
58328,-5559296,-7755776,497640,291632,882482
58338,-4688896,-7596032,658648,223773,834802
58348,-4688896,-7141376,555640,61523,400693
58358,-2420736,-6610944,949344,550538,1198056
58368,-2420736,-6167552,848888,141938,699760
58378,-948224,-5491712,1029384,221072,896602
58388,-637952,-4642816,907352,83029,577287
58398,-448512,-3746816,747272,55155,327076
58408,-448512,-3061760,592064,14199,282337
58418,-524288,-2509824,449848,-11005,203658
58428,-524288,-2196480,378856,-3049,260374
58438,-524288,-1973248,328280,-802,331966
58448,-472064,-1861632,314592,9992,403839
58458,-370688,-1786880,320856,18946,480344
58468,-332800,-1591296,285128,9251,440644
58478,-148480,-1246208,243832,31214,382434
58488,-96256,-944128,192096,16909,352043
58498,-96256,-724992,142448,4335,325305
58508,-44032,-605184,127136,5557,336346
58518,-44032,-470016,96512,1409,282864
58528,-44032,-484352,99760,338,349639
58538,-44032,-436224,88856,68,345380
58548,-25600,-408576,86768,2760,390888
58558,-10240,-280576,61248,2403,334979
58568,0,-132096,29928,2714,273487
58578,0,87040,-19720,727,150932
58588,3072,111616,-24592,1043,229341
58598,3072,152576,-28304,242,261042
58608,3072,190464,-42456,45,190585
58618,36864,-15360,11832,3662,380245
58628,79872,59392,4640,9892,300389
58638,89088,94208,-1160,3909,256150
58648,129024,29696,22504,12409,320416
58658,150528,150528,0,7846,228235
58668,150528,344064,-43848,1991,95531
58678,193536,306176,-25520,5744,209909
58688,193536,402432,-47328,1460,124127
58698,269312,136192,30160,11004,397466
58708,272384,186368,19488,3890,266562
58718,272384,140288,29928,979,290705
58728,272384,227328,10208,228,257271
58738,221184,122880,22272,-12163,312707
58748,184320,428032,-55216,-10323,70603
58758,184320,192512,-1856,-2862,319888
58768,67584,246784,-40600,-11912,225482
58778,67584,342016,-49880,-3090,163618
58788,-13312,-6144,-1624,-12255,372421
58798,-13312,208896,-50344,-3187,144931
58808,-87040,135168,-50344,-15226,152095
58818,-87040,28672,-26216,-3951,246448
58828,-188416,223232,-93264,-13999,-1668
58838,-188416,72704,-59160,-3635,146329
58848,-188416,23552,-48024,-966,154524
58858,-601088,-68608,-120640,-57564,45975
58868,-788480,-139264,-147088,-49000,-8990
58878,-905216,-238592,-151032,-28908,-16601
58888,-1259520,-499712,-172144,-41318,-20058
58898,-1259520,-749568,-98600,-10689,125744
58908,-1285120,-1124352,-36424,-6341,205181
58918,-1233920,-1227776,-1392,2925,135934
58928,-1233920,-1380352,33176,782,155744
58938,-1233920,-1488896,57768,178,170243
58948,-621568,-1440768,185600,60539,316721
58958,-484352,-1273856,178872,41610,219762
58968,-392192,-1137664,168896,22100,205955
58978,-315392,-836608,118088,18099,76819
58988,-315392,-671744,80736,4953,33245
58998,-315392,-730112,93960,1254,199122
59008,-315392,-542720,56376,297,122898
59018,-312320,-485376,39208,581,104377
59028,-312320,-472064,36192,128,122156
59038,-312320,-611328,67744,9,263235
59048,-273408,-435200,36656,6628,123252
59058,-264192,-399360,30624,2751,108466
59068,-270336,-376832,24128,-715,105816
59078,-273408,-342016,15544,-701,117521
59088,-273408,-196608,-17400,-220,43300
59098,-276480,-40960,-53360,-344,-51816
59108,-276480,-45056,-52432,-120,45001
59118,-286720,-166912,-27144,-1241,98585
59128,-286720,-122880,-37120,-344,34498
59138,-286720,-208896,-17632,-124,89130
59148,-286720,-267264,-4408,-69,130755
59158,-289792,-262144,-6264,-742,125368
59168,-289792,-108544,-41064,-234,8721
59178,-289792,-75776,-48488,-87,14790
59188,-289792,108544,-90248,-69,-106967
59198,-377856,353280,-165648,-14150,-235981
59208,-377856,619520,-225968,-3672,-343202
59218,-399360,802816,-272368,-5782,-401853
59228,-399360,598016,-225968,-1511,-196701
59238,-399360,317440,-159616,-412,-43491
59248,-399360,574464,-220632,-138,-390575
59258,-399360,77824,-108112,-69,-15774
59268,-395264,-82944,-70760,366,-22539
59278,-385024,-393216,1856,2197,78693
59288,-380928,-497664,26448,1116,46326
59298,-366592,-622592,58000,4380,85748
59308,-363520,-615424,57072,1734,15864
59318,-363520,-595968,52664,421,-16058
59329,-363520,-679936,71688,91,63554
59339,-363520,-626688,59624,0,24187
59349,-363520,-645120,63800,0,71358
59359,-363520,-561152,44776,0,18758
59369,-363520,-489472,28536,0,-16036
59379,-343040,-503808,36424,2870,29036
59389,-267264,-419840,34568,21038,-37
59399,-241664,-424960,41528,10739,8487
59409,-142336,-439296,67280,16712,68016
59419,-120832,-406528,64728,6330,67930
59429,-120832,-386048,60088,1716,89491
59439,-10240,-268288,58464,15000,60381
59449,-4096,-206848,45936,5749,34724
59459,-4096,-191488,42456,1464,53969
59469,-4096,-20480,3712,357,-62829
59479,0,28672,-6496,466,-58857
59489,0,-39936,9048,96,43216
59499,27648,-30720,13224,3895,67069
59509,52224,-6144,13224,3327,65130
59519,187392,33792,34800,27154,92250
59529,187392,139264,10904,6980,-10569
59539,275456,63488,48024,23922,112049
59549,281600,129024,34568,7672,47102
59559,345088,173056,38976,10327,51503
59569,398336,272384,30392,7406,16846
59579,398336,246784,34336,2005,84137
59589,846848,465920,86304,55943,85500
59599,1662976,653312,228752,220587,335286
59609,1771520,795648,221096,76625,194583
59619,1771520,1029120,172376,19729,122017
59629,1971200,1434624,121568,26765,3549
59639,1971200,1738752,52664,6875,-57174
59649,2242560,2069504,39208,37655,-72256
59659,2554880,2135040,95120,37655,112380
59669,2554880,2339840,48720,10336,-84
59679,3353600,2562048,179336,101390,215574
59689,4209664,2841600,309952,227938,453285
59699,4301824,3144704,262160,78410,242520
59709,4301824,3502080,181192,20191,134841
59719,2974720,4036608,-240584,-328176,-713567
59729,2817024,4265984,-328280,-111571,-520583
59739,1929216,4158464,-505064,-131704,-625026
59749,1258496,3369984,-478384,-118007,-253098
59759,701440,2611200,-432680,-125556,-174679
59769,531456,1844224,-297424,-55573,19731
59779,531456,1095680,-127832,-14356,217363
59789,394240,959488,-128064,-25686,-85602
59799,387072,612352,-51040,-7970,56809
59809,391168,577536,-42224,-1168,-9178
59819,391168,644096,-57304,-344,-111687
59829,391168,660480,-61016,-120,-145357
59839,384000,502784,-26912,-1085,-32660
59849,376832,405504,-6496,-1470,3570
59859,376832,333824,9744,-408,12092
59869,348160,334848,-4640,-2390,-77621
59879,331776,316416,3480,-3301,-63370
59889,321536,299008,5104,-1992,-70967
59899,311296,268288,9744,-1438,-57961
59909,269312,250880,4176,-7119,-72911
59919,243712,189440,12296,-8639,-41609
59929,196608,197632,-232,-12804,-94469
59939,187392,118784,15544,-4711,-43070
59949,199680,78848,27376,96,-26238
59959,394240,27648,83056,40306,90460
59969,451584,40960,93032,18969,72114
59979,1208320,86016,254272,542207,1118403
59989,3389440,377856,682312,267718,814799
59999,3389440,980992,545664,69007,354547
60009,9308160,1865728,1686176,711172,1973795
60019,9308160,3453952,1326344,183361,776448
60029,8501248,5392384,704352,-70665,-329458
60039,6713344,7065600,-79808,-437142,-1358465
60049,6713344,8094720,-312968,-112748,-998625
60059,4032512,8195072,-943080,-433297,-1583108
60069,3464192,7406592,-893200,-169657,-790011
60079,1310720,6268928,-1123344,-462072,-1007526
60089,787456,4578304,-858864,-200730,-278466
60099,787456,3356672,-582088,-51787,-28730
60109,187392,2164736,-447992,-130825,-36675
60119,132096,1349632,-275848,-41538,50712
60129,12288,804864,-188152,-24299,-4661
60139,12288,569344,-126208,-6702,-55765
60149,9216,322560,-70992,-2157,-51808
60159,9216,175104,-37584,-623,-36579
60169,9216,155648,-33176,-188,-93464
60179,9216,103424,-21344,-74,-100161
60189,6144,25600,-4408,-344,-32169
60199,6144,-56320,14152,-120,2010
60209,3072,-79872,18792,-486,-13053
60219,3072,-65536,15544,-152,-58806
60229,3072,-60416,14384,-69,-81740
60239,3072,51200,-10904,-69,-190968
60249,6144,44032,-8584,251,-176221
60259,6144,36864,-6960,50,-158107
60269,43008,-96256,31552,4843,-5796
60279,82944,-33792,26448,5117,-44653
60289,82944,53248,6728,1295,-111268
60299,181248,145408,8120,12464,-138028
60309,181248,121856,13456,3396,-105327
60319,237568,7168,52200,11100,27816
60329,240640,78848,36656,3218,-39561
60339,246784,138240,24592,2403,-78659
60349,246784,165888,18328,599,-90642
60359,246784,136192,25056,128,-48401
60369,384000,109568,62176,12295,19421
60379,384000,203776,40832,3149,-77887
60389,384000,195584,42688,837,-63961
60399,5327872,169984,1168584,1165663,2299138
60409,5984256,592896,1221480,405610,1410944
60419,6047744,1697792,985536,119389,534704
60429,5677056,3435520,507848,-51169,-361247
60439,5677056,4787200,201608,-14095,-571841
60449,5677056,5451776,51040,-3663,-339823
60459,5677056,5609472,15544,-966,-53480
60469,5677056,5597184,18096,-289,95916
60479,1073152,5482496,-998992,-533735,-1450835
60489,1073152,4810752,-846800,-146837,-691447
60499,318464,3319808,-679992,-158684,-152875
60509,318464,2365440,-463768,-43671,-9528
60519,3072,1004544,-226896,-47860,352809
60529,-4096,480256,-109736,-13523,161263
60539,-4096,236544,-54520,-3740,43719
60549,-4096,-29696,5800,-989,50553
60559,-10240,-161792,34336,-1282,38508
60569,-62464,-318464,58000,-6405,77661
60579,-62464,-414720,86304,-1676,136842
60589,-222208,-504832,64032,-26061,81200
60599,-222208,-557056,75864,-6743,93396
60609,-356352,-664576,69832,-31527,88714
60619,-388096,-764928,85376,-12919,136226
60629,-388096,-833536,100920,-3576,161629
60639,-1298432,-817152,-109040,-115870,-225621
60649,-1298432,-881664,-94424,-29897,-145507
60659,-7369728,-1181696,-1401976,-667988,-1984181
60669,-17213440,-2464768,-3341496,-2211832,-4977915
60680,-17213440,-4475904,-2885848,-608400,-2495341
60690,-17213440,-7892992,-2111664,-156913,-674424
60700,-17213440,-11628544,-1265328,-40490,525048
60710,-17213440,-14320640,-655400,-11152,833294
60720,-17213440,-15909888,-295336,-2898,505077
60730,-17213440,-16881664,-75168,-824,394665
60740,-17213440,-17000448,-48256,-243,-39029
60750,-17213440,-16993280,-49880,-92,-187214
60760,-17213440,-17068032,-32944,-69,-142336
60770,-13625344,-16991232,762584,504684,1144643
60780,-11456512,-16693248,1186448,374468,1409515
60790,-4033536,-15448064,2586104,1634532,3690867
60800,-4033536,-13514752,2116304,421467,1552720
60810,-966656,-10559488,2173376,993347,1782487
60820,-966656,-7582720,1498952,256127,254345
60830,-966656,-4978688,908976,70422,-407842
60840,-13312,-3001344,676976,125468,-215873
60850,-13312,-1725440,387904,34487,-251029
60860,0,-961536,217848,10743,-129988
60870,0,-630784,142912,2746,41154
60880,6144,-389120,89552,1927,76120
60890,12288,-191488,46168,1336,73976
60900,384000,35840,78880,106690,185769
60910,384000,208896,39672,27488,84302
60920,384000,455680,-26216,7067,-63171
60930,6305792,727040,1263936,1131546,2365228
60940,7368704,1690624,1286440,498229,1440548
60950,14558208,3468288,2512560,1148377,2899805
60960,16436224,6200320,2319072,527458,1618688
60970,16436224,9794560,1504752,135992,26578
60980,16589824,12840960,849352,58987,-577787
60990,16436224,15120384,298120,517,-742749
61000,16436224,16232448,46168,109,-410170
61010,15985664,16574464,-133400,-59414,-236772
61020,14150656,16546816,-542880,-190604,-622105
61030,8941568,15949824,-1587808,-1001052,-2320453
61040,8941568,14664704,-1296648,-258165,-963764
61050,3988480,12781568,-1992184,-1312089,-2368268
61060,3074048,10919936,-1777584,-527459,-1266034
61070,3074048,8476672,-1224032,-136039,-146819
61080,2195456,6185984,-904104,-242231,20932
61090,2195456,4612096,-547520,-66655,272090
61100,1790976,3361792,-355888,-67223,252716
61110,993280,2871296,-425488,-132885,-302638
61120,993280,2307072,-297656,-34292,-155765
61130,993280,1986560,-225040,-8867,-152225
61140,362496,1659904,-293944,-58938,-289116
61150,70656,1465344,-315984,-65044,-404136
61160,6144,906240,-203928,-25887,-157044
61170,0,304128,-68904,-8149,37417
61180,0,-77824,17632,-2129,68995
61190,0,-269312,61016,-609,-10490
61200,0,-556032,125976,-188,95607
61210,0,-514048,116464,-69,-16009
61220,0,-577536,130848,-69,1043
61230,0,-615424,139432,-69,56043
61240,0,-502784,113912,-69,-28423
61250,0,-611328,138504,-69,109633
61260,0,-515072,116696,-69,27827
61270,0,-708608,160544,-69,211795
61280,0,-487424,110432,-69,8562
61290,0,-585728,140360,-69,164660
61300,0,-433152,98136,-69,10178
61310,0,-440320,99760,-69,76556
61320,0,-327680,74240,-69,20824
61330,0,-334848,75864,-69,87730
61340,0,-326656,74008,-69,53653
61350,0,-192512,43616,-69,36508
61360,0,-216064,48952,-69,71982
61370,0,-123904,28072,-69,-9496
61380,0,-203776,46168,-69,67865
61390,0,-224256,50808,-69,79040
61400,-4096,-256000,57072,-1241,107567
61410,-4096,-291840,65192,-344,148713
61420,0,-106496,24128,494,-17724
61430,0,-190464,43152,100,74365
61440,0,-90112,20416,0,-36096
61450,0,-257024,58232,0,132999
61460,0,-86016,19488,0,-36702
61470,0,-254976,57768,0,126495
61480,0,-128000,29000,0,12545
61490,0,-192512,43616,0,81352
61500,0,-132096,29928,0,34802
61510,0,-200704,45472,0,108036
61520,-4096,-221184,49184,-435,126886
61530,-7168,-139264,29928,-737,58717
61540,-10240,-218112,47096,-646,121563
61550,-37888,-46080,1856,-7622,-30105
61560,-80896,-80896,0,-10351,12814
61570,-80896,-235520,35032,-2871,151779
61580,-238592,-201728,-8352,-43058,14655
61590,-238592,-164864,-16704,-11124,-2243
61600,-238592,-291840,12064,-3090,102645
61610,-250880,-355328,23664,-1996,93756
61620,-250880,-442368,43384,-573,118211
61630,-250880,-436224,41992,-179,41187
61640,-247808,-691200,100456,704,288331
61650,-250880,-530432,63336,-426,63252
61660,-250880,-602112,79576,-138,143984
61670,-250880,-659456,92568,-69,209722
61680,-250880,-496640,55680,-69,90713
61690,-253952,-590848,76328,-486,188732
61700,-260096,-542720,64032,-742,153775
61710,-260096,-448512,42688,-220,135461
61720,-335872,-571392,53360,-10085,181273
61730,-335872,-543744,47096,-2628,176283
61740,-528384,-437248,-20648,-35811,6500
61750,-546816,-549888,696,-11692,120861
61760,-546816,-532480,-3248,-3040,58742
61770,-601088,-620544,4408,-10749,105554
61780,-601088,-696320,21576,-2797,142919
61790,-601088,-700416,22504,-797,130553
61800,-601088,-614400,3016,-234,56468
61810,-601088,-626688,5800,-92,84268
61820,-601088,-658432,12992,-69,120483
61830,-601088,-625664,5568,-69,85810
61840,-2220032,-683008,-348232,-213552,-490167
61850,-2420736,-1044480,-311808,-73064,-199856
61860,-3247104,-1537024,-387440,-159943,-201162
61870,-3390464,-2132992,-284896,-61739,-69717
61880,-4033536,-2966528,-241744,-167551,-8813
61890,-4120576,-3297280,-186528,-60970,-32450
61900,-4120576,-3886080,-53128,-15748,186122
61910,-5272576,-4148224,-254736,-142292,-206281
61920,-5442560,-4681728,-172376,-68184,-8040
61930,-5442560,-5084160,-81200,-17611,112587
61940,-5442560,-5491712,11136,-4871,196714
61950,-5328896,-5872640,123192,18127,348044
61960,-5328896,-5892096,127600,4650,184623
61970,-4076544,-5836800,398808,296488,669226
61980,-4076544,-5849088,401592,76423,495227
61991,-4076544,-5332992,284664,19683,128472
62001,-4076544,-4911104,189080,5392,-19629
62011,-660480,-4545536,880208,548121,1234239
62021,-637952,-4037632,770240,143765,659008
62031,-637952,-3028992,541720,39523,202057
62041,-637952,-1937408,294408,10166,-128918
62051,-244736,-1256448,229216,48339,-11984
62061,-388096,-834560,101152,-19245,-53618
62071,-388096,-577536,42920,-5315,-35014
62081,-556032,-532480,-5336,-19639,-4200
62091,-590848,-612352,4872,-7828,100136
62101,-590848,-673792,18792,-2179,136570
62111,-1085440,-648192,-99064,-54328,-99989
62121,-1611776,-700416,-206480,-123084,-185987
62131,-1698816,-1003520,-157528,-46944,-26085
62141,-1482752,-1096704,-87464,49681,53183
62151,-1482752,-1391616,-20648,13636,130635
62161,-1482752,-1579008,21808,3492,127283
62171,-328704,-1658880,301368,118446,474044
62181,3072,-1387520,315056,101298,292298
62191,3072,-1092608,248240,26092,133387
62201,141312,-602112,168432,43780,60875
62211,172032,-337920,115536,17985,-2915
62221,172032,-172032,77952,4609,54954
62231,549888,-1024,124816,60868,169498
62241,549888,103424,101152,15669,110018
62251,4255744,198656,919184,492741,1405478
62261,15838208,972800,3367944,2833351,5845520
62271,15838208,2916352,2927608,730599,2647277
62281,15985664,5819392,2303296,221667,871764
62291,16589824,9327616,1645344,141366,-186868
62301,16589824,12056576,1027064,36433,-703018
62311,16743424,13651968,700408,31604,-417309
62321,16743424,14428160,524552,8120,12655
62331,16743424,14670848,469568,2069,349151
62341,11124736,14733312,-817568,-740442,-1561896
62351,11124736,14017536,-655400,-190957,-470033
62361,11124736,12912640,-405072,-52547,171908
62371,2554880,11614208,-2052504,-1143760,-2389679
62381,1073152,10083328,-2041368,-667553,-1720213
62391,831488,7564288,-1525400,-227651,-321363
62401,831488,4806656,-900624,-58727,667178
62411,483328,2957312,-560512,-52144,754715
62421,483328,2184192,-385352,-13472,226269
62431,475136,1754112,-275616,-4519,-29970
62441,458752,1605632,-259840,-2738,-214625
62451,398336,1515520,-253112,-11051,-313432
62461,348160,1306624,-217152,-9682,-303297
62471,211968,641024,-97208,-31183,8019
62481,211968,210944,-18792,-8066,22380
62491,211968,-51200,59624,-2248,74943
62501,-74752,-497664,95816,-68198,132735
62511,-74752,-532480,103704,-18787,62480
62521,-373760,-726016,79808,-41836,63300
62531,-467968,-752640,64496,-18723,-1623
62541,-467968,-809984,77488,-5178,-14419
62551,-2368512,-1159168,-273992,-221650,-433135
62561,-7678976,-1631232,-1370192,-1312885,-2480815
62571,-9309184,-2428928,-1558808,-616887,-1829014
62581,-9309184,-4533248,-1082048,-159096,-404632
62591,-17213440,-6918144,-2332528,-1907145,-3141784
62601,-17213440,-9259008,-1802176,-491813,-1165794
62611,-17213440,-12157952,-1145384,-126847,50266
62621,-17213440,-14673920,-575360,-34914,631453
62631,-17213440,-16550912,-150104,-9028,750959
62641,-17213440,-17283072,15776,-2353,365002