R
StartTickMs,measCycleMs,Px,Ix,Dx,Py,Iy,Dy,Pz,Iz,FFrx,FFry,FFdrx,FFdry,satI,satPID,KFQAng,KFQbias,KFRmeas,CPx,CIx,CPy,CIy,CsatI,CsatPID,CFFdrx,CFFdry,IRelaxX,IRelaxY,DmaxR,DmaxE,DMx,DMy
64103,10,58,70,47,58,70,47,250,0,0,0,100,100,500000,15000000,500,1,10000,70,0,70,0,100000,10000000,0,0,4096,4096,0,0,0,0
aPT1P,aKFPT11P,PIDCRefXi,PIDCSensXi,PIDCUXi
-268,964,14790656,-1223680,3127800
0,-64,0,0,0
0,-64,0,0,0
0,-58,0,0,0
0,-48,0,0,0
0,-43,0,0,0
0,-42,0,0,0
0,1835,0,0,0
0,429,0,0,0
0,-181,0,0,0
0,-291,0,0,0
0,-294,0,0,0
0,-248,0,0,0
0,-203,0,0,0
0,-160,0,0,0
0,-146,0,0,0
0,-123,0,0,0
0,-98,0,0,0
0,-94,0,0,0
0,-78,0,0,0
0,-73,0,0,0
0,-63,0,0,0
0,-58,0,0,0
0,-52,0,0,0
0,-46,0,0,0
0,-40,0,0,0
0,1467,0,0,0
0,753,0,0,0
0,-69,0,0,0
0,-292,0,0,0
0,-285,0,0,0
0,-268,0,0,0
0,-212,0,0,0
0,-177,0,0,0
0,-148,0,0,0
0,-125,0,0,0
0,-112,0,0,0
0,-99,0,0,0
0,-79,0,0,0
0,-78,0,0,0
0,-64,0,0,0
0,-57,0,0,0
0,-57,0,0,0
0,-47,0,0,0
0,-43,0,0,0
0,1039,0,0,0
0,1091,0,0,0
0,48,0,0,0
0,-271,0,0,0
0,-308,0,0,0
0,-261,0,0,0
0,-225,0,0,0
0,-179,0,0,0
0,-154,0,0,0
0,-132,0,0,0
0,-110,0,0,0
0,-96,0,0,0
0,-89,0,0,0
0,-73,0,0,0
0,-70,0,0,0
0,-57,0,0,0
0,-55,0,0,0
0,-48,0,0,0
0,-45,0,0,0
0,939,0,0,0
0,1176,0,0,0
0,70,0,0,0
0,-266,0,0,0
0,-314,0,0,0
0,-264,0,0,0
0,-226,0,0,0
0,-190,0,0,0
0,-149,0,0,0
0,-135,0,0,0
0,-110,0,0,0
0,-95,0,0,0
0,-88,0,0,0
0,-75,0,0,0
0,-70,0,0,0
0,-60,0,0,0
0,-51,0,0,0
0,-49,0,0,0
0,-49,-14790656,6704128,-4626360
0,1044,0,1102848,-301560
0,1085,0,1153024,-315280
0,34,-16384,35840,-14280
0,-269,0,-282624,77280
0,-309,0,-329728,90160
0,-260,0,-274432,78680
0,-227,0,-241664,62440
0,-188,0,-199680,54600
0,-145,0,-154624,42280
0,-135,0,-139264,38080
0,-113,0,-121856,33320
0,-142,0,92160,-25200
268,75,0,706560,-193200
-358,-165,0,2140160,-585200
179,-206,0,-2520064,689080
90,-3,0,-917504,250880
-179,-54,0,2488320,-680400
0,150,0,-648192,177240
0,-293,0,-371712,101640
268,1431,0,1389568,-421120
-268,812,0,872448,-197400
-90,-95,0,-64512,17640
269,-147,0,-622592,170240
-90,-262,0,205824,-56280
179,-242,0,-906240,247800
0,-67,0,1505280,-411600
0,-127,0,-275456,75320
-89,-85,0,797696,-218120
89,-101,0,7168,-1960
-268,-162,0,-1331200,364000
-5460,-3955,0,-4400128,1203160
-1342,-1085,0,-715776,195720
3759,194,0,405504,-110880
3311,2749,0,860160,-235200
0,1431,0,2466816,-674520
-268,-180,0,431104,-117880
-1969,-1755,0,-1677312,458640
-1522,-664,0,-1048576,286720
1969,2156,0,1635328,-447160
1522,1235,0,1329152,-363440
268,541,0,991232,-271040
-2953,-925,0,-1219584,333480
-3222,-2078,0,-765952,209440
5996,653,0,-1137664,311080
179,709,0,695296,-190120
-3222,61,0,1793024,-490280
1790,-589,0,-2111488,577360
1432,-412,0,-387072,105840
-895,283,0,1439744,-393680
-6802,-2053,0,-2065408,564760
7876,331,0,814080,-222600
-179,2254,0,2034688,-556360
-6623,-4206,0,-2982912,815640
6712,2424,0,1393664,-381080
-7249,-583,0,-1411072,385840
6534,-957,16384,-427008,121240
179,2303,0,2745344,-750680
-2417,608,0,422912,-115640
2864,908,-16384,1000448,-278040
-5638,-1433,0,-1761280,481600
5906,687,0,122880,-33600
-7159,-1045,16384,19456,-840
7070,1079,-16384,-322560,83720
-8061,-1757,16384,-228352,66920
7793,1102,-16384,245760,-71680
-3849,-1558,0,-944128,258160
3938,1684,0,1217536,-332920
-984,-458,0,-1219584,333480
-1701,746,0,3234816,-884520
2327,-878,0,-3714048,1015560
-3759,-116,0,4124672,-1127840
4206,531,0,-3095552,846440
-3579,-938,0,163840,-44800
2864,751,0,3153920,-862400
626,-2074,16384,-4005888,1099840
-8400,1781,-16384,2682880,-738080
6789,1006,0,1353728,-370160
2416,-388,0,-783360,214200
-805,-645,0,403456,-110320
-8030,177,0,1212416,-331520
4987,873,0,-578560,158200
3043,-320,0,-1636352,447440
0,-446,0,617472,-168840
-5191,-11,0,2551808,-697760
2148,995,0,-300032,82040
3132,55,0,-2683904,733880
-89,-1524,0,-1656832,453040
-4117,-866,0,836608,-228760
-358,1472,0,1737728,-475160
3043,1434,0,-1559552,426440
-358,-838,0,-2207744,603680
1522,-4733,16384,-665600,334600
357,4449,0,-1217536,184800
-15757,1104,0,3038208,-830760
24622,517,0,-902144,246680
-12713,-1048,0,-868352,237440
3759,1436,0,-1223680,334600
2685,-1265,0,-2223104,607880
-16375,-1618,0,-522240,142800
13869,2309,0,-39936,10920
-5012,-520,0,-8192,2240
4744,66,0,-1719296,470120
-10344,-15,0,1354752,-348040
13118,-332,0,-640000,152600
-2864,505,0,867328,-237160
4654,-2378,0,-3317760,907200
-7697,87,0,2333696,-638120
3311,1442,0,560128,-153160
-11702,-3983,0,-972800,266000
7944,4647,0,3871744,-1058680
3669,-925,0,-2594816,709520
-8622,2293,61440,3028992,-811440
15513,1393,0,784384,-214480
-7428,-1641,233472,-101376,91560
6265,1295,0,1091584,-298480
-2596,-2594,245760,-1449984,463680
-6622,773,49152,54272,-1400
7965,-1014,335872,-873472,330680
-18284,-1611,0,1470464,-402080
13541,2348,385024,-1416192,492520
-2238,-1507,167936,550912,-104720
-2237,608,217088,2398208,-596400
4743,-420,0,-3190784,872480
-2864,569,745472,638976,29120
2685,-436,106496,2361344,-616560
179,-487,630784,-3686400,1180480
-537,672,577536,1608704,-281960
537,-561,0,1795072,-490840
-537,-739,1126400,-3872768,1366960
-9896,1644,413696,3333120,-798280
1811,318,217088,548864,-90720
7906,138,0,-1310720,358400
-7979,-1181,1138688,529408,166600
739,-298,0,-122880,33600
8135,-259,0,-1839104,502880
-805,-1901,3567616,-108544,1005200
-5102,314,0,38912,-10640
5728,2207,0,-740352,202440
537,-1097,806912,-373760,322840
-4743,140,0,816128,-223160
4206,583,0,1245184,-549080
0,-992,-118784,-2504704,861000
-9509,-2452,-118784,-1150976,282240
-1849,888,0,1672192,-407960
9926,2295,118784,-1273856,331520
1521,-696,0,-1959936,535920
-2684,-1296,483328,1769472,-351680
1879,3304,507904,372736,36960
627,176,397312,-672768,292600
0,-643,135168,692224,-152320
-3849,211,1425408,472064,260680
-1521,-579,0,-879616,240520
7159,-1077,2445312,-266240,741440
-3311,-640,356352,869376,-140280
-8009,-458,364544,-814080,322280
8099,1475,1134592,-961536,573160
1521,-479,794624,-1797120,708680
-9398,-1651,-401408,2061312,-673400
-1932,-332,0,-684032,187040
8377,2012,200704,-1215488,387240
626,-944,0,-2426880,663600
-1342,-968,200704,780288,-158480
-3401,-1,-200704,2098176,-628600
2416,1091,0,-2004992,548240
4654,231,-200704,-2675712,676760
268,515,0,2058240,-562800
-3579,-586,200704,1774592,-430360
-4756,1007,-790528,-480256,-84840
7978,336,-3952640,-407552,-969360
357,-936,-884736,-935936,-31080
627,-157,0,1009664,-231000
-806,-898,-2904064,496640,-929880
-3579,576,0,-900096,246120
268,1089,-2162688,435200,-710360
2417,-343,-1265664,367616,-446600
-1343,44,0,-662528,181160
1790,-206,-610304,931840,-421680
358,-1195,-192512,431104,-170520
-7882,-969,0,408576,-111720
-4013,-219,0,-448512,122640
3754,1429,0,497664,-136080
1160,77,2330624,-1813504,1133160
5728,806,1789952,670720,306040
358,249,2322432,978944,423640
-4564,-979,0,1018880,-334880
-5644,-33,2199552,-1030144,883120
4301,746,0,-865280,236600
6713,-731,159744,148480,3080
-3312,-919,0,-443392,121240
-7900,-980,-319488,1062912,-378000
3694,1235,0,-943104,257880
6175,278,-2310144,-1904640,-286440
985,127,0,366592,75320
179,59,-3092480,1948672,-1378440
-6892,-2363,0,13312,-3640
-5329,-13,-5017600,74752,-1392440
2536,333,0,-113664,31080
-2706,-1197,0,-1232896,337120
2559,1079,0,-655360,179200
6520,506,-3485696,1979392,-1494360
-984,1535,-135168,1609728,-477120
3222,784,-417792,457728,-239400
1342,-389,-12288,584704,-163240
-1521,116,0,-27648,7560
-1432,110,0,70656,-19320
1790,116,-16384,-247808,63280
447,-27,0,713728,-195160
269,-561,0,26624,-7280
-269,102,0,-342016,93520
-1879,-102,0,90112,-24640
-179,-320,0,29696,-8120
-1880,-225,0,-217088,59360
-1521,55,0,355328,-97160
-1781,2,0,-65536,17920
-1812,-358,0,-323584,88480
-517,-541,0,34816,-9520
961,-92,0,98304,-26880
-813,173,0,1550336,-423920
1959,1064,0,1388544,-379680
-1886,-353,0,267264,-73080
1295,-548,0,-278528,76160
2146,-384,0,-409600,112000
-1851,-428,0,-241664,66080
592,-335,0,-188416,51520
-333,-445,0,10240,-2800
1055,-171,0,-152576,41720
4028,199,0,-68608,18760
1432,366,0,-151552,41440
1521,-114,0,149504,-40880
90,96,0,10240,-2800
-358,-125,0,36864,-10080
0,784,0,112640,-30800
-448,251,0,209920,-57400
-805,212,0,-112640,30800
-537,-827,0,87040,-23800
1521,1195,0,1914880,-523600
-1253,479,0,452608,-123760
1701,-70,0,1024,-280
-1343,218,0,92160,-25200
-5907,-350,0,59392,-16240
-1473,-330,0,-404480,110600
-1257,126,0,105472,-28840
-1195,-256,0,-405504,110880
3635,681,0,80896,-22120
7719,8,16384,155648,-38080
-448,-479,0,732160,-200200
-3848,-1269,0,-253952,69440
-1343,-717,0,-705536,192920
1969,-155,0,961536,-262920
-6305,468,0,119808,-32760
1923,1924,0,-750592,205240
5456,610,0,491520,-134400
-626,-280,0,2752512,-752640
-5606,15,0,971776,-265720
4532,533,0,271360,-74200
-448,-271,0,138240,-37800
3043,524,0,-489472,133840
1790,-627,0,-90112,24640
-2148,-1925,0,143360,-39200
-9267,-1451,0,-663552,181440
1167,2797,0,173056,-47320
8906,1380,0,-401408,109760
1342,-592,0,-709632,194040
-268,209,0,1129472,-308840
-7577,-2470,0,2734080,-747600
-6226,-1382,0,-1446912,395640
5302,2866,0,-2906112,794640
9574,1211,0,4096,-1120
-805,-1338,0,2156544,-589680
-6086,2643,0,2337792,-639240
-2683,651,0,970752,-265440
2952,-179,0,-667648,182560
3938,12,0,-1367040,373800
1968,-1111,0,-470016,128520
269,-1444,-16384,926720,-257880
-5907,-600,0,286720,-78400
-7110,1385,0,-891904,243880
4740,851,0,-1277952,349440
7919,237,0,-348160,95200
716,-1245,0,100352,-27440
-805,359,16384,1439744,-389200
-3759,737,0,284672,-77840
-1790,-149,0,-668672,182840
447,-272,0,-3289088,899360
4475,906,24576,301056,-75600
716,-1561,86016,1966080,-514080
-5191,2711,282624,1951744,-456400
90,749,0,553984,-151480
5369,-324,172032,-1064960,338240
269,-1591,0,166912,-45640
-12857,-973,0,274432,34720
9993,1610,12288,-1198080,221200
2864,-247,0,-1239040,338800
-2774,-1139,-258048,1325056,-432880
2237,1998,-159744,2132992,-626920
89,-1549,-36864,-3922944,1062600
0,-327,-73728,308224,-104440
-1968,504,0,2544640,-695800
1879,1399,0,-1294336,353920
9102,-649,0,-3113984,851480
-13398,-3129,0,2822144,-771680
4207,3991,0,4096,-1120
5996,-581,184320,-3714048,1065960
-8950,1534,49152,3988480,-1077160
5191,607,0,1574912,-430640
-1074,-1319,528384,-2039808,702240
-4833,149,569344,-459776,281400
-805,-481,184320,1233920,-287000
4475,-647,0,-2664448,728560
89,35,0,-817152,223440
-2327,-263,0,782336,-213920
-4564,-1172,7405568,-898048,2270520
6265,1868,0,-1720320,470400
4027,-1491,3059712,-596992,1051400
-4385,-481,0,928768,-305480
-7231,294,5931008,138240,1583960
7947,1252,0,-3910656,1069320
-627,-1408,4038656,151552,1062880
90,1770,950272,2940928,-544320
3758,104,-241664,-3782656,968240
-3490,482,0,893952,-244440
-10510,-588,0,466944,-127680
7020,679,0,-700416,191520
6533,163,-475136,-1035264,153160
-1074,-1031,-233472,369664,-164920
-9980,-567,0,263168,-71960
629,1661,-2220032,-1199104,-279160
7919,-8,0,-456704,124880
0,-729,1081344,-601088,460040
-2327,-931,0,91136,-24920
806,995,0,982016,-268520
3490,591,0,-2871296,785120
4564,57,675840,-671744,368480
-5996,-782,0,3024896,-827120
-716,422,0,-510976,139720
-537,-57,229376,-1211392,393960
716,477,0,58368,-15960
-358,989,-229376,-1074176,231000
-895,-422,229376,678912,-122920
0,20,0,-438272,119840
1432,134,0,-1370112,374640
4833,-461,0,355328,-97160
-4833,-603,-1343488,1629184,-812840
-5728,356,0,-930816,127680
5012,1934,-6713344,-843776,-1478120
1790,-824,0,-181248,49560
-1432,-1189,0,1739776,-227080
-5370,-457,-7901184,355328,-2506280
716,101,0,808960,-221200
-3012,-44,-3428352,-601088,-773080
6861,2655,-1134592,-924672,-57400
716,-745,-569344,1164288,-474040
-895,727,0,-717824,196280
1431,68,-638976,2293760,-801920
-268,-341,-53248,499712,-151200
-9731,139,16384,577536,-153440
7315,600,0,214016,-58520
2684,-1101,0,-1565696,428120
358,-719,0,-1103872,301840
448,-29,0,1851392,-506240
-985,-181,0,-217088,59360
1969,572,-16384,-1248256,336840
8042,966,0,-359424,98280
-6252,-1017,0,2455552,-671440
-5638,-894,0,32768,-8960
-1074,1948,0,-1512448,413560
4027,-605,0,-1472512,402640
-1163,-2126,0,494592,-135240
-8030,-792,0,2336768,-638960
6598,4931,0,-355328,97160
10091,482,0,1085440,-296800
-3468,-745,0,744448,-203560
-5102,-715,0,1149952,-314440
2685,460,16384,-651264,182560
2864,776,0,-900096,246120
1969,-289,0,-257024,70280
-6533,-2046,0,1542144,-421680
-2685,-94,0,235520,-64400
1253,1480,0,-1525760,417200
4385,-1098,0,-1469440,401800
-3222,-1187,0,2176000,-595000
-1789,925,0,316416,-86520
1789,2127,36864,-1040384,294560
11119,765,233472,-1382400,441840
-5570,-2285,0,2091008,-571760
-6533,498,716800,2248704,-418880
4833,2504,0,-2074624,567280
5779,580,323584,1195008,-238280
-10612,-1479,167936,1115136,-259000
-1342,716,86016,-508928,162680
9958,281,0,-928768,253960
4816,-936,86016,-427008,140280
-8957,-444,-28672,580608,-166600
-2059,870,0,428032,-117040
9743,790,0,-1408000,385000
-226,-765,0,435200,-119000
-12022,-1337,0,1572864,-430080
0,2285,-143360,-203776,16520
4564,833,0,-1970176,538720
-2417,-3901,-258048,-520192,71680
-3132,567,-532480,1891328,-662760
1253,1576,0,-859136,234920
10990,794,-307200,1197056,-411320
-1444,795,-147456,801792,-259560
-5250,94,-147456,371712,-141960
4399,312,0,283648,-77560
3059,10,-73728,-898048,225400
-651,-864,0,-81920,22400
-4480,-391,0,1324032,-362040
-2148,780,24576,592896,-155400
1611,391,0,-2287616,625520
-985,-755,0,-319488,87360
-3490,-1485,0,1658880,-453600
-1432,938,282624,-648192,254520
4922,691,159744,-2879488,831040
2059,319,24576,220160,-53480
-1343,-465,49152,1747968,-464520
-626,1187,12288,2329600,-633640
3135,439,98304,-2922496,826000
-3404,918,36864,2124800,-570920
-4206,-34,0,1232896,-337120
895,-303,73728,-702464,212240
7528,632,0,-868352,237440
3662,-170,12288,-41984,14840
-2516,2,0,-541696,148120
-3125,518,24576,1040384,-277760
611,532,-73728,-1246208,320600
888,-495,0,-1679360,459200
-2484,-960,0,608256,-166320
-2416,-322,-135168,116736,-68880
5898,2228,0,1088512,-297640
4366,385,-61440,-1525760,400400
-2722,-800,-135168,-408576,74760
-6558,79,-86016,2728960,-769720
-1700,476,0,-1467392,401240
7834,1048,-270336,1169408,-393680
2320,375,0,736256,-201320
-2764,-169,0,-168960,46200
-1331,796,0,110592,-30240
5302,624,-65536,-821248,206640
166,-446,0,-551936,150920
-5690,-873,16384,325632,-84560
-3152,221,0,703488,-192360
4003,945,-16384,-1478656,399840
4316,482,0,-1051648,287560
1789,-567,0,655360,-179200
-2265,499,0,-106496,29120
-71,1619,0,843776,-230720
4218,1307,0,-849920,232400
2231,-423,0,-863232,236040
-6425,-748,0,1519616,-415520
-4496,1933,0,345088,-94360
7727,1714,0,259072,-70840
2226,-318,0,-508928,139160
-6152,-1363,0,394240,-107800
-1989,179,0,-328704,89880
5895,1250,0,157696,-43120
6355,23,0,-673792,184240
-2396,-922,0,30720,-8400
-8374,438,0,1658880,-453600
2654,1355,0,-1057792,289240
5495,-1199,0,-1581056,432320
-9592,-2871,0,1421312,-388640
-1812,1520,0,18432,-5040
11178,2588,0,-1660928,454160
5761,-884,0,339968,-92960
-10106,-2618,0,2206720,-603400
-2422,4099,0,154624,-42280
7266,1003,0,-67584,18480
-1450,-927,0,-231424,63280
-2083,-557,0,911360,-207200
1910,524,0,-793600,175000
2249,525,0,-712704,194880
2974,-378,0,-622592,170240
-7038,-582,0,671744,-183680
-5805,468,0,-474112,129640
3689,1036,0,-1274880,348600
8441,370,0,-1075200,294000
646,-1422,0,1171456,-320320
-1882,820,0,802816,-219520
1976,1969,0,494592,-135240
2229,759,0,-1952768,533960
-5647,-2795,0,-952320,260400
-6310,2548,0,2745344,-750680
4738,1408,0,686080,-187600
8503,202,0,-194560,53200
-2365,-769,0,-71680,19600
-7460,-139,0,944128,-258160
1840,243,0,-1358848,371560
5979,-464,0,-1144832,313040
-2190,-1711,0,359424,-98280
-15,411,0,-307200,84000
-5651,432,0,-476160,130200
771,1254,0,-176128,48160
640,698,0,44032,-12040
449,1233,0,157696,-43120
3480,573,0,-197632,54040
6917,471,0,-440320,120400
-197,-2453,0,1235968,-337960
-6196,4596,0,1874944,-512680
1453,1120,0,-171008,46760
-443,-1340,0,-686080,187600
-3992,-2358,16384,-606208,170240
-4669,-613,0,-154624,42280
7297,88,0,-1082368,295960
4387,-586,0,-795648,217560
-5359,-1299,0,1055744,-240520
-3611,-139,0,-217088,11200
6216,243,0,-929792,254240
-2906,-1717,0,-1613824,441280
-5711,-2102,12288,1256448,-340200
1983,585,12288,316416,-83160
5199,-959,24576,-2429952,671160
-6104,-1865,0,1468416,-401520
-3197,1685,0,1620992,-443240
3668,2371,0,-86016,23520
2438,-1123,0,-52224,14280
-5606,-1636,0,505856,-138320
-5233,-1744,0,-920576,251720
5233,-722,0,335872,-91840
2433,-1328,0,329728,-90160
-4026,-1859,0,-407552,111440
-7964,-1778,0,-368640,100800
626,-556,0,-119808,32760
3550,-530,0,-1101824,301280
-6145,-2268,0,133120,-36400
-1074,-1007,0,1382400,-378000
7071,-1365,0,-1674240,457800
-4744,-1292,0,891904,-243880
-3491,1408,0,471040,-128800
8161,2027,0,239616,-92960
-8698,711,0,1079296,-267680
716,-424,0,-498688,136360
179,-2252,12288,-2020352,555800
-1074,-782,0,1392640,-380800
3491,17,-12288,-1756160,476840
-2417,-1527,12288,-550912,154000
-2505,-1264,0,305152,-83440
805,399,49152,-628736,185360
179,-1086,0,-1041408,284760
0,-857,0,-808960,338240
0,-225,1069056,-254976,245000
3222,-45,188416,-313344,137200
-4206,-314,0,-431104,-84560
2505,1062,237568,-1018880,546000
-1342,-2024,0,235520,-64400
-1163,2194,106496,1356800,-341880
1163,-74,0,-2118656,579320
-1790,-2462,-204800,-1775616,429520
-4475,-934,0,1069056,-292320
-984,1126,-180224,-793600,167720
14051,-1517,-53248,-3462144,932120
-18933,-2992,0,1742848,-476560
13563,2996,188416,-130048,87080
-9974,-3972,0,-930816,254520
8274,762,360448,-908288,346920
-13340,-574,933888,3873792,-803880
-9945,-9910,0,-1717248,469560
23732,2824,1413120,4175872,-755440
-2058,9594,167936,4583424,-1207360
-23663,-14730,1843200,-348160,599200
21246,7407,0,6802432,-1860040
-11405,-5998,0,-143360,39200
-36611,-16959,0,0,0
-15789,-38705,0,0,0
-9079,-19789,0,0,0
3799,-4229,0,0,0
105856,41117,0,0,0
43756,94792,0,0,0
2337,27399,0,0,0
0,4429,0,0,0
0,729,0,0,0
0,272,0,0,0
0,254,0,0,0
0,259,0,0,0
0,237,0,0,0
0,-1973,0,0,0
0,-5708,0,0,0
0,-463,0,0,0
0,1238,0,0,0
0,1320,0,0,0
0,1177,0,0,0
0,893,0,0,0
0,609,0,0,0
-30694,-22968,0,0,0
-38692,-32123,0,0,0
-26551,-26647,0,0,0
-9211,-16064,0,0,0
-7074,-10219,0,0,0
-6249,-7968,0,0,0
-2806,-4381,0,0,0
-4057,-3295,0,0,0
-4313,-8309,0,0,0
-4375,-4959,0,0,0
-449,-1825,0,0,0
-16013,-4077,0,0,0
-7010,-11820,0,0,0
0,1484,0,0,0
0,2961,0,0,0
0,780,0,0,0
0,-290,0,0,0
0,-477,0,0,0
0,-365,0,0,0
0,67,0,0,0
0,240,0,0,0
0,226,0,0,0
0,179,0,0,0
0,1343,0,0,0
0,1150,0,0,0
0,207,0,0,0
0,-37,0,0,0
0,-4,0,0,0
0,9,0,0,0
0,-23,0,0,0
0,-35,0,0,0
0,-27,0,0,0
0,-24,0,0,0
0,-32,0,0,0
0,-43,0,0,0
0,-50,0,0,0
0,-51,0,0,0
0,-66,0,0,0
0,3172,0,0,0
0,3640,0,0,0
0,74,0,0,0
6483,1019,0,0,0
15237,10563,0,0,0