R
StartTickMs,measCycleMs,Px,Ix,Dx,Py,Iy,Dy,Pz,Iz,FFrx,FFry,FFdrx,FFdry,satI,satPID,KFQAng,KFQbias,KFRmeas,CPx,CIx,CPy,CIy,CsatI,CsatPID,CFFdrx,CFFdry,IRelaxX,IRelaxY,DmaxR,DmaxE,DMx,DMy
99126,10,58,70,47,58,70,47,250,0,0,0,100,100,500000,15000000,500,1,10000,70,0,70,0,100000,10000000,0,0,940,1024,0,0,0,0
aPT1P,aKFPT11P,PIDCRefXi,PIDCSensXi,PIDCUXi
2327,4388,-16384,8546304,-2341360
0,415,0,0,0
0,-333,0,0,0
0,-383,0,0,0
0,-290,0,0,0
0,-202,0,0,0
0,-160,0,0,0
0,-120,0,0,0
0,844,0,0,0
0,650,0,0,0
0,-307,0,0,0
0,-391,0,0,0
0,-295,0,0,0
0,-207,0,0,0
0,-163,0,0,0
0,-125,0,0,0
0,754,0,0,0
0,748,0,0,0
0,-294,0,0,0
0,-394,0,0,0
0,-301,0,0,0
0,-219,0,0,0
0,-157,0,0,0
0,-130,0,0,0
0,643,0,0,0
0,835,0,0,0
0,-275,0,0,0
0,-393,0,0,0
0,-291,0,0,0
0,-224,0,0,0
0,-167,0,0,0
0,-122,0,0,0
0,534,0,0,0
0,929,0,0,0
0,-251,0,0,0
0,-397,0,0,0
0,-292,0,0,0
0,-227,0,0,0
0,-166,0,0,0
0,-127,0,0,0
0,537,0,0,0
0,950,0,0,0
0,-257,0,0,0
0,-402,0,0,0
0,-314,0,0,0
0,-217,0,0,0
0,-167,0,0,0
0,-131,0,0,0
0,428,0,0,0
0,1045,0,0,0
0,-255,0,0,0
0,-381,0,0,0
0,-315,0,0,0
0,-227,0,0,0
0,-161,0,0,0
0,-132,0,0,0
0,539,0,0,0
0,940,0,0,0
0,-256,0,0,0
0,-385,0,0,0
0,-315,0,0,0
0,-226,0,0,0
0,-162,0,0,0
0,-134,0,0,0
0,536,0,0,0
0,945,0,0,0
0,-255,0,0,0
0,-401,0,0,0
0,-300,0,0,0
0,-230,0,0,0
0,-170,0,0,0
0,-125,0,0,0
0,537,0,0,0
0,944,0,0,0
0,-258,0,-6206464,1702680
0,-402,0,-420864,109480
0,-313,0,-327680,89600
0,-215,0,-224256,61320
0,-169,0,-178176,48720
0,-131,0,-137216,37520
0,543,0,570368,-155960
0,932,0,982016,-268520
0,-256,0,-272384,74480
0,-400,0,-418816,114520
0,-308,0,-324608,88760
0,-215,0,-226304,61880
0,-168,0,-176128,48160
268,111,0,-137216,37520
179,658,0,567296,-155120
-179,921,0,969728,-265160
0,-340,0,-290816,79520
-268,-565,0,-394240,107800
626,-271,0,-325632,89040
-89,173,0,-226304,61880
-269,-451,0,-165888,45360
90,-14,0,-139264,38080
179,1003,0,779264,-213080
0,716,0,782336,-213920
716,-211,0,-313344,85680
-179,-97,0,-403456,110320
895,465,0,-316416,86520
-358,-248,0,-230400,63000
-895,-492,0,-162816,44520
1074,-430,0,-137216,37520
-90,1346,0,893952,-244440
-1163,348,0,669696,-183120
1074,-290,0,-318464,87080
-627,-804,0,-432128,118160
1074,638,0,-297984,81480
-1074,-1190,0,-226304,61880
179,287,0,-169984,46480
-805,-599,0,-125952,34440
1611,1228,0,969728,-265160
-1969,283,0,573440,-156800
1432,59,0,-340992,93240
-448,-127,0,-404480,110600
895,-239,0,-303104,82880
-447,68,0,-221184,60480
-179,-614,0,-155648,42560
805,482,0,-131072,35840
-89,276,0,1053696,-288120
-895,858,0,483328,-132160
89,-947,0,-373760,102200
269,126,0,-395264,108080
-179,-754,0,-274432,75040
358,450,0,-220160,60200
-90,-757,0,-157696,43120
-1521,-15,0,-78848,21560
268,370,0,1270784,-347480
-984,-333,0,350208,-95760
2595,-239,0,-280576,76720
-1521,-706,0,-185344,50680
2148,1009,0,624640,-192640
-6175,-2421,0,254976,-47880
6354,755,0,-1354752,370440
-5012,1624,0,-180224,64400
7160,-898,0,720896,-212240
-7160,1632,0,23552,-6440
10544,-244,0,-865280,236600
-10812,1398,0,-337920,92400
14196,1915,0,-1976320,540400
-14912,-1485,0,1334272,-364840
13954,5697,0,-407552,111440
-3535,-3597,0,-8192,2240
-1738,4386,0,1337344,-365680
14199,1064,0,15360,-4200
-7421,-1482,0,175104,-47880
-2919,3638,0,-337920,92400
11303,1893,0,-513024,140280
-5957,-1931,0,-503808,137760
-8428,-1071,0,-1028096,281120
8240,3620,0,943104,-257880
8018,873,0,2083840,-569800
-2098,738,0,379904,-103880
-6046,170,0,-199680,54600
3465,4167,0,138240,-37800
2836,-2691,0,-1181696,323120
5546,2499,0,74752,-20440
-1199,-3251,0,-1697792,464240
-10027,-1600,0,606208,-165760
1452,1228,0,1243136,-339920
-999,-1428,0,-983040,268800
1457,-114,0,380928,-104160
4241,-806,0,-1780736,486920
-7984,-2623,0,-1639424,448280
-6570,41,0,2214912,-605640
3740,388,0,-1462272,399840
-1216,-639,0,1479680,-404600
3335,44,0,1288192,-352240
4506,-871,0,-1794048,490560
-3774,-2154,0,-870400,238000
-11728,-1573,0,2638848,-532280
5211,252,0,40960,-200480
3609,-1731,0,-514048,140560
-7030,-3759,0,74752,-20440
-2685,-296,0,1889280,-516600
1611,881,0,1199104,-327880
-358,-1782,0,-345088,94360
-4027,-2157,0,-39936,10920
0,206,0,1476608,-403760
895,-64,0,-2052096,561120
984,-1375,0,-282624,77280
-1790,-569,0,1323008,-361760
-447,1778,0,610304,-166880
1163,402,0,468992,-128240
3043,-179,0,-780288,213360
-2953,-885,0,227328,-62160
-1342,-498,0,-178176,48720
536,249,0,-1182720,323400
6802,1106,0,-609280,166600
-6891,-1077,0,707584,-193480
10211,1675,0,1867776,-510720
-14417,1053,0,1532928,-419160
12014,1037,0,-190464,52080
-4228,-1729,0,0,0
-2059,174,0,0,0
7581,2039,0,0,0
-6328,-1039,0,0,0
3133,-452,0,0,0
-448,972,0,0,0
3421,-462,0,0,0
1664,572,0,0,0
3883,1944,0,0,0
47671,27292,0,0,0
16649,42163,0,0,0
0,1996,0,0,0
0,-981,0,0,0
0,-1324,0,0,0
0,-39,0,0,0
0,189,0,0,0
0,-62,0,0,0
0,-239,0,0,0
0,286,0,0,0
0,191,0,0,0
0,-717,0,0,0
0,-1063,0,0,0
0,684,0,0,0
0,696,0,0,0
0,518,0,0,0
0,372,0,0,0
0,323,0,0,0
0,275,0,0,0
0,-28,0,0,0
0,322,0,0,0
0,529,0,0,0
0,380,0,0,0
0,255,0,75791360,-8274920
0,138,0,-406528,0
0,55,0,-274432,0
0,-13,0,-164864,0
0,1682,0,704512,0
0,409,0,160768,0
0,-468,0,-163840,0
0,-523,0,-147456,0
0,-411,0,-83968,0
0,-299,0,-38912,0
0,-247,0,0,0
0,-181,0,0,0
0,1696,0,0,0
0,3,0,0,0
0,-447,0,0,0
0,-369,0,0,0
0,-237,0,0,0
0,-149,0,0,0
0,-109,0,0,0
0,374,0,0,0
0,2191,0,0,0
0,-133,0,0,0
0,-566,0,0,0
0,-449,0,0,0
0,-338,0,0,0
0,-284,0,0,0
0,-267,0,0,0
0,1455,0,0,0
0,1821,0,0,0
0,169,0,0,0
0,-214,0,0,0
0,-553,0,0,0
0,-635,0,0,0
0,-580,0,0,0
0,-362,0,0,0
0,3997,0,0,0
0,1335,0,0,0
0,-977,0,0,0
0,-943,0,0,0
0,-730,0,0,0
0,-509,0,0,0
0,-400,0,0,0
-29933,-21574,0,0,0
-36636,-15275,0,0,0
-33433,-35868,0,0,0
-32155,-42152,0,0,0
-19636,-31163,0,0,0
-5163,-12132,0,0,0
-538,-3068,0,0,0
2217,1106,0,0,0
6044,4709,0,0,0
10604,6539,0,0,0
13603,12743,0,0,0
15248,15089,0,0,0
12955,15103,0,0,0
9196,10869,0,0,0
7538,9170,0,0,0
805,2606,0,0,0
-1521,351,0,0,0
-1969,-1030,0,0,0
-448,-1674,0,0,0
-1253,-1296,0,0,0
-2524,-2800,0,0,0
-296,-1286,0,0,0
1657,824,0,0,0
3132,2930,0,0,0
537,2272,0,0,0
-2595,-863,0,0,0
-448,-1827,0,-75088896,8196240
269,-595,0,-369664,101080
179,90,0,-279552,76440
0,-157,0,-200704,54880
0,-140,0,-141312,38640
0,-117,0,-124928,34160
0,1477,0,1545216,-422520
0,-122,0,-129024,35280
0,-409,0,-423936,115920
0,-318,0,-336896,92120
0,-244,0,-252928,69160
0,-177,0,-226304,61880
-1074,-697,0,-667648,182560
179,349,0,1223680,-334600
716,1614,16384,-181248,54040
-269,-898,0,58368,-42840
1880,928,0,289792,-52360
-3133,-1152,0,-968704,264880
4207,428,-16384,1750016,-483000
-2954,-96,0,-1642496,449120
358,255,0,-273408,74760
1522,663,0,1453056,-397320
-1611,710,16384,102400,-23520
-2219,-1646,0,-171008,46760
5441,1751,0,-702464,192080
-3043,-254,0,223232,-61040
2774,494,-16384,1112064,-308560
537,614,0,-1124352,307440
-1432,-1627,16384,1154048,-311080
-3870,281,0,1691648,-462560
-1627,-1740,-16384,-96256,21840
-111,-1333,0,-2885632,789040
3818,-490,0,-1678336,458920
2059,1808,0,-1003520,274400
-5063,-214,0,188416,-51520
110,-3025,16384,-450560,127680
6206,1328,0,2488320,-680400
-6723,1959,0,215040,-58800
1890,-1423,0,-932864,255080
-1262,1256,-16384,1324032,-366520
-1479,-3301,0,-2370560,648200
5873,2662,16384,2144256,-581840
-8005,-3387,0,-2279424,623280
6842,3004,0,1286144,-351680
-9076,-2329,-16384,-617472,164360
7733,1830,0,1075200,-294000
-7376,-1976,0,-1193984,326480
10509,1529,0,1166336,-318920
-8151,-2703,16384,-1380352,381920
3352,3257,0,804864,-220080
-3606,-4032,0,-2089984,571480
-2889,1118,-16384,2172928,-598640
12994,3417,0,960512,-262640
-3043,1252,0,-477184,130480
-3862,-1315,0,1664000,-455000
-444,1175,16384,409600,-107520
-1993,-2554,0,-1348608,368760
10237,5174,0,53248,-14560
-7098,-3623,-16384,-1486848,402080
1191,3076,16384,1047552,-281960
5907,1674,-16384,-46080,8120
-1879,-358,0,-1002496,274120
-6365,-690,0,-852992,269920
148,-584,0,-1290240,316120
4516,1437,0,-569344,155680
4207,463,0,-551936,150920
89,93,16384,-184320,54880
-268,1712,-16384,1781760,-491680
-1611,-314,0,-80896,22120
716,16,0,-631808,172760
-985,-998,16384,-254976,74200
-716,-450,-16384,-366592,95760
1701,245,16384,-201728,59640
-1164,-301,-16384,-110592,25760
-1253,403,0,194560,-53200
2596,1079,16384,1596416,-432040
537,-391,-16384,-228352,57960
-3133,-473,16384,-517120,145880
-1790,-1217,-16384,-268288,68880
1074,-568,0,-346112,94640
-1163,-193,16384,-320512,92120
2506,-316,-16384,-180224,44800
-2238,1418,0,1118208,-305760
-2734,-25,0,398336,-108920
1571,-1327,0,-423936,115920
4743,135,16384,-313344,90160
-1074,212,0,-299008,81760
2059,413,12288,-210944,61040
716,445,36864,44032,-1960
-716,-312,294912,-335872,172480
447,1569,122880,1704960,-432600
358,-865,0,-69632,19040
-2058,-1042,569344,-602112,327320
895,-29,0,-496640,128800
-806,124,413696,-173056,160440
-6061,-1283,86016,-250880,92120
74,-1078,0,-11264,3080
-1146,1555,253952,833536,-158480
-74,324,266240,901120,-173600
333,-384,303104,-580608,241640
5621,578,0,-363520,99400
3043,-1050,0,-275456,75320
-1969,-2027,2019328,292864,472080
-7768,-2046,45056,-788480,227920
-443,1293,0,417792,-114240
7048,1922,765952,691200,20440
3222,-1403,0,-186368,50960
-10011,-1942,0,66560,-18200
1441,1662,-53248,-354304,82320
8122,142,-626688,-1282048,179200
-895,-897,0,111616,-30520
-5817,-1334,-1388544,-263168,-307720
-4986,151,0,1235968,-337960
-4667,-76,0,439296,-120120
2689,660,-761856,-401408,-98560
4408,811,-61440,-651264,161280
3540,552,0,49152,-13440
-2246,-748,-151552,-159744,2240
-2677,-470,-36864,-493568,124880
283,-326,0,-2022400,553000
1840,665,-106496,2860032,-811160
-3849,-466,36864,45056,-2240
-4113,364,143360,-217088,98560
4509,528,135168,-1656832,490000
4192,-1332,1773568,-1455104,882840
-1035,-1180,286720,-1019904,357280
739,-79,1998848,1540096,125440
-1442,-92,0,1939456,-530320
2219,2601,0,-26624,7280
7308,1196,4177920,-1306624,1499680
-5012,-2541,0,-288768,78960
-14452,-1588,712704,134144,158200
7115,2380,630784,-751616,378000
7874,-2780,0,-3026944,827680
-9178,-1530,1085440,2670592,-433440
6851,2750,0,1112064,-304080
-432,-346,0,-3241984,886480
-1590,-302,0,1296384,-354480
-2534,-534,-143360,1238016,-377720
6973,232,0,-3569664,976080
-3552,-2652,-2732032,-395264,-638960
-9169,1095,0,3647488,-997360
9835,1362,-1966080,-114688,-506240
1096,500,-425984,-581632,42560
-5466,-789,-1404928,-428032,-95480
-10799,-776,0,812032,-393680
3235,2016,0,138240,-37800
11971,234,-909312,-1311744,110040
-814,-1033,-802816,-821248,5040
-3367,-1938,-507904,2295808,-766640
481,1518,0,-789504,215880
11471,2089,-1409024,93184,-410760
-9028,-2158,0,-1798144,491680
-5162,-384,122880,261120,-37800
-3509,-684,151552,2028544,-513240
2558,2292,1171456,-1602560,758520
7111,-1672,122880,-1468416,435120
-12519,-811,0,396288,-108360
4065,3046,937984,1750016,-222040
3655,-408,270336,-188416,125440
-3007,-996,229376,-1528832,480760
-3301,-554,0,2942976,-804720
4472,2045,0,-602112,164640
5600,-2912,1703936,-1484800,871920
-11902,-1145,577536,1006592,-117320
9383,1673,2473984,-580608,835240
4066,1492,823296,719872,28280
-9551,-1586,2289664,-483328,985320
3712,671,0,314368,-313040
-381,-2126,1392640,-3239936,1266720
-4621,237,495616,4284416,-1036000
3860,-3134,0,-3704832,1013040
-7077,1201,-167936,3346432,-960960
6768,-1093,-1114112,-1530880,113960
-568,2751,-1867776,1069056,-803040
-7658,-5058,0,-2565120,701400
7965,2467,0,2297856,-628320
-8702,-2405,-4239360,-4052992,224840
1258,2681,-421888,5536768,-1905120
20723,4377,-696320,-1944576,341320
-16607,-3992,73728,944128,-238000
13922,242,-569344,1582080,-588280
-8326,-1747,-389120,-2764800,649600
-10715,-1129,-188416,1892352,-568960
-732,4451,0,746496,-204120
23801,-406,61440,-2388992,670040
-12325,-1495,0,2042880,-558600
4520,469,0,696320,-190400
-3559,-282,0,-545792,149240
-12814,-1152,0,2416640,-660800
13578,4976,0,-2031616,555520
8183,-1959,0,-152576,41720
-8183,71,0,1662976,-454720
9436,1340,0,-1427456,390320
-7491,-2539,0,-2936832,803040
-12749,1042,0,3481600,-952000
4491,1513,0,1267712,-346640
7518,-1905,-843776,30720,-239120
-15893,679,0,747520,-204400
25824,3306,-1536000,-585728,-259840
-1789,-2476,0,-2010112,549640
-9686,-369,-839680,2665472,-958440
3430,1298,-348160,-1310720,263200
-4703,-1617,0,1728512,-472640
-794,3335,-372736,1287168,-453880
11216,201,-393216,-1065984,183960
-15594,-1364,-143360,-355328,57960
18547,7377,0,-606208,165760
1253,-4605,-958464,-3261440,629720
-14826,-1470,0,4629504,-1265880
-3940,2841,0,3507200,-959000
16797,4558,-507904,-1079296,156240
3490,-1941,0,-1532928,419160
-3490,-938,0,1112064,-304080
-8141,-235,0,1116160,-305200
8409,2207,0,-2314240,632800
6623,-566,0,-652288,178360
-6891,-1310,-24576,-386048,98840
-4833,3043,0,3216384,-879480
1880,772,0,576512,-157640
3400,-486,0,-2152448,588560
-358,-64,0,-356352,97440
-357,-1392,-12288,371712,-105000
-4207,-2035,-49152,-1096704,286440
-716,855,-36864,-1136640,300720
-6620,2869,0,1377280,-376600
368,2760,73728,762880,-188440
6342,575,0,562176,-153720
89,-524,12288,-1309696,361480
4117,14,0,-759808,207760
895,-598,0,665600,-182000
-805,-1712,0,1866752,-510440
-1522,549,-86016,350208,-119280
1790,3247,0,1265664,-346080
5638,-383,-86016,-381952,80920
-5101,-2068,-49152,143360,-52640
-9361,-773,-73728,1001472,-294000
10793,-180,122880,-3271680,928200
-7428,-2593,110592,577536,-127680
8681,2910,0,1363968,-372960
-2685,-2741,114688,-632832,204400
-6354,1895,0,1785856,-488320
6533,189,0,-2321408,634760
-537,-2875,0,-485376,132720
-8448,277,0,1300480,-355600
8895,2534,0,-196608,53760
9050,1310,0,-1122304,306880
-9139,-1549,0,838656,-229320
-3132,1051,0,2019328,-552160
3132,478,-16384,371712,-106120
89,-828,0,-3089408,844760
-3042,-755,0,845824,-231280
-1253,-271,0,2993152,-818440
3669,312,0,-2536448,693560
805,-201,0,-2252800,616000
-268,612,0,4687872,-1281840
-447,-334,0,-235520,64400
-2327,495,0,-409600,112000
7249,1144,16384,-2390016,658000
2416,-634,0,96256,-26320
-6891,-2067,0,1708032,-467040
-1790,-798,0,-2390016,653520
1343,1975,0,1943552,-531440
447,845,0,-338944,92680
1163,-218,0,-1129472,308840
358,-301,0,-483328,111440
90,173,0,-417792,134960
-1611,-198,0,295936,-80920
-984,-216,0,23552,-6440
-179,-8,0,166912,-45640
268,1176,0,935936,-255920
984,-214,0,-368640,100800
448,-245,0,58368,-15960
-358,-257,0,-316416,86520
-268,-307,0,-1097728,300160
-1701,-433,0,-841728,230160
2148,380,0,-346112,94640
1253,1315,0,1788928,-489160
-1969,545,0,292864,-80080
179,-531,0,-635904,173880
447,-489,0,-677888,185360
1164,-60,0,-293888,80360
-1432,-310,0,-49152,13440
0,61,0,-709632,194040
-358,441,0,116736,-31920
1432,815,0,742400,-203000
358,-276,0,-586752,160440
-985,-302,0,-210944,57680
-447,-456,0,-873472,238840
-447,-103,0,-447488,122360
536,-254,0,-411648,112560
3312,1018,0,-110592,30240
-2596,977,0,1464320,-400400
-716,-384,0,-405504,110880
-89,-49,0,-664576,181720
0,-409,0,-509952,139440
716,-476,0,-703488,192360
89,121,0,-502784,137480
3580,614,442368,-867328,358120
-89,1313,0,1624064,-444080
2416,1006,0,316416,-86520
-4475,-317,671744,-596992,346920
-537,-496,421888,-779264,328440
-1074,128,86016,-352256,119840
-268,-589,0,-526336,143920
626,722,417792,20480,108640
-626,481,0,-560128,153160
984,681,1138688,473088,182000
2506,462,0,-517120,141400
-2237,-630,5414912,-562176,1634360
626,-242,0,-1436672,392840
3580,141,3305472,-257024,974120
90,-798,0,-62464,17080
-2059,-1107,3051520,-1272832,1182440
358,2407,1179648,413696,209440
-3222,-541,892928,-20480,249760
-805,91,557056,-1252352,494760
1163,113,970752,-319488,352800
1969,449,606208,-937984,422240
5163,635,0,263168,-71960
739,-669,3551232,-974848,1237600
-665,436,0,204800,-56000
-1388,-282,4423680,425984,1093120
-2864,-411,1740800,-762880,407200
-2327,-129,0,6144,0
805,812,602112,264192,0
2685,318,0,-962560,0
2148,33,-5787648,193536,-1004160
349,-1540,0,-48128,13160
-185,1327,0,326656,-97160
998,-110,0,17408,3080
1221,203,-13467648,57344,-3698240
2613,63,0,899072,-245840
-2244,4,110592,1571840,-399560
-1664,129,225280,-192512,114240
777,1054,1343488,80896,345240
1943,-814,131072,-136192,73080
-1610,25,0,-136192,37240
-1073,-516,-1122304,-80896,-284760
-1125,-341,0,370688,-101360
-3490,-1183,-4325376,-216064,-1123640
-1343,-785,-1888256,-567296,-361200
2327,205,0,182272,-49840
-1521,1661,-2314240,1156096,-948920
179,1574,-425984,606208,-282240
2864,446,0,803840,-219800
-4207,-378,-614400,398336,-276920
2685,996,0,-468992,128240
3853,-149,-540672,-909312,100800
-813,-1939,0,735232,-201040
-6799,560,0,1595392,-436240
-268,1796,0,1113088,-304360
8509,770,-815104,-447488,-100520
5177,71,0,-561152,153440
2330,-322,0,545792,-149240
-4431,-870,0,535552,-146440
-6126,2043,-24576,83968,-29680
11619,2719,0,672768,-183960
-3178,532,0,487424,-133280
-14527,-273,0,441344,-120680
10060,3258,0,1105920,-302400
5308,-1385,0,-901120,246400
-5197,-751,0,-802816,219520
5991,873,-12288,3364864,-923440
4005,-703,-61440,-3860480,1038800
-4966,-910,-24576,2570240,-709520
-4956,2381,0,1503232,-411040
4496,-2315,12288,-2500608,687120
-15188,-1127,0,3140608,-858760
13690,2814,-36864,-1087488,287280
-12974,-6265,-36864,-631808,162680
18248,4457,-159744,158720,-87080
-15653,160,-12288,1829888,-503720
5569,-2559,0,831488,-227360
11242,2285,0,927744,-253680
-20659,-3614,0,-797696,218120
17063,53,-86016,-1150976,291200
-16258,929,-147456,4281344,-1211000
14944,-1074,-61440,-4002816,1077720
-5629,820,-184320,906240,-298200
10193,330,0,1181696,-323120
-11191,-1404,0,2187264,-598080
-6616,329,-176128,924672,-301000
5370,1020,0,-3481600,952000
-985,1627,-77824,3347456,-936600
11986,29,-12288,-218112,56280
-17356,-1919,0,-3638272,994840
20656,6422,0,3633152,-993440
301,-989,188416,-1514496,465640
-13356,-452,0,3881984,-1061480
3876,1137,262144,653312,-301000
9616,700,135168,-3427328,1168160
-4773,-4800,49152,-806912,234080
-16588,-1214,233472,3141632,-795200
13307,3968,36864,-1643520,459480
-14828,-480,0,2673664,-731080
12898,-1551,159744,-1939456,574000
-12093,-3379,0,1764352,-482440
3759,-2973,0,-3465216,947520
6674,-172,53248,251904,-54320
-5869,-1994,0,2915328,-797160
-3132,539,0,-108544,29680
12353,2327,0,1688576,-461720
-14322,-2781,0,-1241088,339360
20365,1282,0,-57344,15680
-19917,-2392,0,486400,-133000
14326,3558,12288,-2350080,645960
-9225,-4798,0,-1508352,412440
-5191,2275,-12288,4680704,-1283240
3759,411,0,-777216,212520
-6175,1266,12288,2388992,-649880
7249,2035,12288,-1306624,360640
-1253,-3734,24576,-2252800,622720
0,3042,0,2514944,-687680
13313,1254,0,-4681728,1280160
-11434,-4603,491520,5310464,-1317680
7068,1542,172032,-2070528,613200
-8410,-1186,184320,-194560,103600
3833,-331,270336,1608704,-365960
5943,14,36864,-2817024,780360
-10940,-1891,344064,-1253376,436800
-2327,-395,57344,1843200,-488320
1969,1831,0,-1573888,430360
1880,1793,1007616,-921600,527520
-90,-1385,0,-159744,43680
1969,-1222,0,-1214464,332080
1559,459,2629632,-719872,915880
-4960,-1645,811008,-1823744,607320
-1969,-1169,61440,-491520,264320
269,-262,65536,-749568,222880
1879,1065,-65536,421888,-133280
-805,-33,0,393216,-114800
-179,-635,-1183744,-567296,-161280
984,-301,0,-737280,201600
-358,-234,-237568,-461824,61320
-1611,-365,0,-27648,7560
-447,-149,0,-311296,85120
1611,-340,0,-286720,78400
-806,244,-524288,1519616,-558880
269,-110,-843776,-258048,-160160
89,154,0,-162816,44520
1432,470,-1306624,-668672,-157360
-2327,-66,0,-276480,58520
-1252,-197,-585728,-284672,-82320
0,23,-40960,-229376,51520
1073,263,0,1409024,-385280
4296,900,-266240,-88064,-48720
-4475,587,-36864,-275456,65240
-447,858,12288,-124928,37520
0,-888,0,-654336,178920
895,-176,0,-212992,58240
3580,491,12288,-122880,36960
-716,1045,28672,1268736,-339080
-3222,472,49152,147456,-26880
-537,-889,106496,-466944,156800
0,-654,221184,-572416,217000
447,-549,0,-346112,94640
985,-242,73728,-308224,104440
2058,454,45056,-11264,15400
-1074,1434,0,1060864,-290080
-2416,467,0,384000,-105000
-179,76,471040,-444416,250320
179,-1074,417792,-627712,285880
89,-741,180224,-381952,153720
716,-254,413696,-315392,199360
3401,452,0,-93184,25480
1969,1930,0,1017856,-278320
-268,877,1433600,571392,235760
-4296,-696,0,-499712,136640
716,-736,3502080,-378880,1061200
-1432,-662,2617344,-448512,838320
-895,66,7098368,-268288,2014320
-179,151,0,-297984,81480
179,1305,8802304,217088,2347520
0,2,2002944,160768,503720
0,-1020,9785344,-754688,2355160
0,117,6135808,-550912,0
0,325,0,-590848,0
1163,-329,14839808,-491520,0
1790,-6,0,-167936,0
1164,-299,-557056,-431104,0
3987,1690,-6828032,-245760,0
-222,525,-3383296,-10240,0
-1349,-852,-2748416,4096,0
-3222,-1569,0,-387072,0
-984,-727,-13828096,3072,-430440
1342,331,0,-979968,267960
2954,514,-3710976,517120,-1156120
-2954,1304,0,-113664,31080
-1790,-989,0,-584704,159880
2148,-145,0,350208,-95760
-3938,-136,0,653312,-178640
-89,-264,-11075584,-542720,-2880080
268,-295,-1761280,-1111040,-177800
627,-521,0,-210944,57680
447,1120,0,2554880,-698600
-1342,84,856064,663552,52640
-1432,354,905216,-165888,292880
985,650,0,-116736,31920
1163,-1476,0,507904,-138880
3222,-137,0,-691200,189000
4166,1184,1146880,19456,308280
-944,556,-2908160,1763328,-1277360
-5549,-526,-3284992,-4096,-777280
-1790,-47,0,-294912,-39200
90,-92,0,-180224,49280
6354,496,0,-2059264,563080
5772,58,-2793472,1722368,-1234800
-5951,-1310,0,1906688,-521360
-4923,1487,-585728,996352,-432600
4207,744,0,755712,-206640
2438,385,0,-1179648,322560
-1543,-1112,0,466944,-127680
-6533,-1356,0,2605056,-712320
1163,2766,-1388544,-26624,-372400
11255,812,-950272,-2232320,350560
-12150,-1940,-696320,2098176,-764120
0,2235,0,2642944,-722680
10934,-1039,-1368064,-1363968,-1120
-10487,-2780,0,184320,-50400
2417,701,0,3729408,-1019760
6386,2717,-2830336,-3840000,276080
2136,-1588,-524288,139264,-181440
-10670,-1336,0,2887680,-789600
15099,2519,-937984,1462272,-656320
-9998,-2093,-61440,-1510400,396200
-5728,465,-53248,2292736,-641480
6892,-996,12288,-583680,162960
358,68,0,-2281472,623840
-8592,-386,-36864,6390784,-1757560
5012,1106,0,-4480000,1225000
-8502,-361,0,2463744,-673680
2416,2786,-98304,2376704,-676760
11170,-1155,0,-1925120,526400
-15287,-1739,12288,2447360,-665840
12798,3091,0,864256,-236320
-6175,-4806,0,-3200000,875000
-2953,4358,36864,3238912,-875560
13651,108,0,1002496,-274120
-10788,-1656,36864,-5120,11480
1611,2611,0,1805312,-493640
8031,-685,36864,-2828288,783440
-8210,-2444,0,516096,-141120
9060,2840,28672,4682752,-1272600
-2144,-2215,0,-6407168,1751960
-5842,994,0,6711296,-1835120
12617,1188,0,-957440,261800
-5925,-1831,0,-655360,179200
-3470,-100,0,1898496,-519120
8064,1481,0,-4793344,1310680
-7974,-2832,0,3509248,-959560
4193,1360,0,-413696,113120
296,76,0,689152,-188440
-5116,409,0,2579456,-705320
8054,-353,-53248,-3140608,844200
-13334,-626,-98304,1401856,-410200
5817,935,-24576,-1674240,451080
2583,-1576,-86016,-2587648,684040
-8400,201,-98304,5879808,-1634640
3848,1531,0,-3050496,834120
-3669,297,0,2608128,-713160
6533,-602,-135168,532480,-182560
-7965,-821,0,-4186112,1144640
2058,2305,-12288,3073024,-843640
9295,-1240,0,-2581504,705880
-12248,-1064,0,873472,-238840
5012,4596,-12288,3615744,-992040
-1164,-2648,-12288,-1532928,415800
-5996,1428,12288,1525760,-413840
19437,2782,12288,-2566144,705040
-523,-3026,0,-1111040,303800
-10680,-677,0,2471936,-675920
11584,2982,110592,-3996672,1123080
-5902,112,0,485376,-132720
-9173,-166,110592,2725888,-715120
7842,472,12288,-620544,173040
-8021,-2126,0,-2369536,647920
-1431,2189,159744,-115712,75320
22306,2989,61440,122880,-16800
-8654,-5770,12288,-2789376,766080
-3867,2141,0,2749440,-751800
9247,1088,24576,-676864,191800
-8656,-701,0,1625088,-444360
-5096,-3392,16384,-6518784,1786960
1879,2470,0,3552256,-971320
7766,-3798,0,-3618816,989520
-10898,1425,0,2411520,-659400
3043,1347,24576,-58368,22680
1901,915,0,1392640,-380800
-6466,-2618,380928,-3325952,1013600
9959,1758,0,1848320,-505400
-6558,-3738,466944,-2652160,852880
-4296,2959,163840,1087488,-252560
4117,-3816,155648,-4111360,1166760
-4564,84,581632,395264,50960
8067,2111,196608,189440,1960
1738,38,1544192,-1307648,779800
-3272,-1903,1781760,-819200,711200
-3401,-837,0,-915456,250320
-89,-333,5492736,-2139136,2086840
-2327,-881,0,-1704960,466200
2595,1002,3842048,657408,870800
1164,456,815104,-110592,253120
-448,-340,0,-1281024,350280
0,-386,0,-654336,178920
0,-422,9515008,-685056,2789080
-1969,-493,0,-491520,134400
-1969,105,1892352,-403456,627760
-178,-101,278528,-148480,116760
0,583,286720,37888,68040
536,-299,0,-483328,132160
2954,-183,0,5120,-1400
358,278,0,-230400,63000
-3759,-625,0,-157696,43120
-179,-323,0,-319488,87360
1790,580,573440,-70656,176120
1163,866,585728,22528,154000
-2237,-342,0,-315392,86240
-537,-313,0,-319488,87360
0,-720,897024,-405504,356160
3580,346,10846208,-551936,1502000
-985,-87,4177920,19456,0
-2595,102,20639744,-335872,0
-89,595,0,-275456,0
-90,-370,0,-424960,0
984,-404,0,-292864,0
2775,513,-9596928,524288,0
-3580,-519,0,-203776,0
-179,-522,-16011264,-687104,0
895,281,0,247808,0
89,789,-4481024,-585728,0
-89,-360,-352256,195584,0
-716,-340,0,230400,0
-447,-558,0,-247808,0
894,-330,352256,-843776,0
895,323,0,654336,0
-1253,113,356352,-459776,0
-805,910,2199552,432128,0
269,-310,1531904,-292864,0
447,-512,0,128000,0
1432,-48,0,1216512,0
-1164,-309,0,251904,0
-1163,-378,25403392,-37888,0
90,419,0,376832,0
1431,903,598016,-625664,0
1074,-111,0,337920,0
-1611,-447,0,414720,0
-626,-530,0,287744,0
-447,-252,-15622144,-545792,0
-537,-663,-3694592,-389120,0
1521,709,0,984064,0
0,892,-14475264,313344,-939480
-89,-234,-8396800,251904,-2364880
-1164,-374,-6647808,604160,-1982960
-1163,-802,0,242688,-66360
2416,93,-6303744,54272,-1738520
0,110,0,257024,-70280
-626,55,-3059712,960512,-1099280
-806,967,-1191936,886784,-568400
806,-212,0,289792,-79240
984,-428,-1536000,41984,-431480
268,-378,-884736,215040,-300720
-358,-101,0,100352,-27440
-1342,-232,-843776,-106496,-201600
-1163,323,0,1073152,-293440
1700,744,-61440,1095680,-316400
537,-283,81920,-244736,89320
-895,-713,45056,-118784,44800
358,-1082,0,399360,-109200
90,-392,135168,21504,31080
447,-348,0,819200,-224000
-805,1032,-20480,1512448,-419160
89,720,-221184,1549312,-484120
-358,-130,-61440,471040,-145600
-447,-934,0,1448960,-396200
-4207,-251,0,317440,-86800
4296,683,-786432,-844800,15960
1432,252,-102400,-816128,195160
-626,-391,0,4248576,-1161720
-5102,82,0,2339840,-639800
4296,1098,-1085440,848896,-528920
2148,-991,-331776,-553984,60760
3490,-571,-114688,-515072,109480
-1969,-1538,-12288,2790400,-766360
-9486,-211,36864,1419264,-378000
7249,254,0,-200704,54880
4922,1467,16384,1125376,-303240
-5190,223,0,762880,-208600
-269,1136,0,2596864,-710080
0,-426,0,-2621440,716800
626,-894,-28672,-1413120,378560
-2774,-550,-147456,3283968,-938280
-716,-561,-159744,-89088,-19320
3848,1162,-86016,2228224,-632800
-5190,-388,-258048,299008,-152320
-2238,908,0,2438144,-666680
8681,83,-237568,-1321984,296520
-3669,-2989,0,-2085888,570360
-7873,1044,-86016,2975744,-837200
9842,-575,-65536,583680,-177520
-2864,1002,-61440,90112,-41440
-7495,-336,-53248,1356800,-385560
7495,749,0,-327680,89600
-1790,-595,0,-2895872,791840
-5779,-1373,0,3733504,-1020880
6585,1298,-1138688,-575488,-154000
-5032,-35,0,-605184,165480
665,541,-438272,3595264,-1102920
7857,401,-24576,-1153024,308560
-2685,-2691,49152,-4564992,1261680
-984,213,118784,2195456,-567840
3401,2247,0,2625536,-717920
715,-1651,0,-2568192,702240
-8230,6,393216,1093632,-191520
-1664,812,57344,1807360,-478520
9716,1,0,-1170432,320040
-985,-1958,929792,-2178048,849800
-10652,-1130,0,730112,-199640
9041,3505,1097728,-759808,507920
3848,-2472,110592,-1805312,592480
-9526,789,262144,5415936,-1477840
-74,1441,122880,-1556480,459200
481,-1144,720896,-2555904,896000
-1775,-525,0,2076672,-567840
9015,335,0,-3546112,969640
-4027,-2527,856064,-2481152,912520
-3952,2262,2039808,4265984,-608720
8695,1023,860160,-1287168,587160
-6444,-554,5611520,-774144,1746080
-1882,122,0,1127424,-308280
7521,-896,4505600,-2777088,1991360
-10412,-1999,3010560,-1452032,1220240
7637,3336,7794688,1209344,1800680
1701,-2487,1097728,-3929088,1374520
-7260,3124,2621440,3164160,-148400
9139,-2242,0,-2609152,713440
-11132,-730,0,746496,-204120
11132,1258,3174400,-2990080,1685600
-12914,-2676,0,-150528,41160
9245,3390,1355776,-900096,616840
3222,-1890,0,-4205568,1149960
-10487,846,0,3550208,-970760
3685,1373,0,-1176576,321720
6891,-1004,692224,-1381376,567000
-7820,-1548,0,1195008,-326760
-3265,477,4050944,-489472,1241520
5089,-678,9822208,-5594112,3491400
-2268,-1107,0,3400704,-205880
6653,2587,0,755712,-206640
-1432,-605,14192640,-2913280,412520
-6404,638,0,2661376,0
6225,532,1179648,-2545664,0
-6853,-3641,0,-3022848,0
-2877,-117,0,2891776,0
11162,3078,0,-2195456,0
2148,211,0,-773120,0
-6086,-897,0,761856,0
-1342,888,598016,2578432,0
268,-146,0,-959488,0
2596,-950,0,-3701760,0
-4464,-2578,0,1689600,0
-7205,2760,0,856064,0
4734,747,0,-1525760,0
10157,-814,-2359296,-1665024,0
-4654,-2950,-9723904,141312,0
-5815,-183,0,1601536,0
6799,1799,-16330752,1501184,-2552000
1701,125,0,-204800,56000
-2238,-272,-13893632,386048,-3904600
5549,705,-3481600,-505856,-813680
-1611,-1203,-8753152,-338944,-2300760
-4475,-1507,0,89088,-24360
-9854,-1595,0,-456704,124880
3281,669,0,1139712,-311640
-4055,-250,0,1448960,-396200
2524,1332,-6316032,715776,-1922760
11147,2175,-925696,-76800,-232120
-6466,-1295,-24576,-1346560,361480
-887,-894,-49152,510976,-153160
-1273,-1327,-20480,2862080,-788200
-5823,-500,0,-434176,118720
7983,2614,-643072,-3466240,771960
1405,-162,0,2063360,-564200
-7564,-1334,0,2740224,-749280
-2936,207,-864256,758784,-443800
5605,713,0,-2567168,701960
2935,-2845,0,-2150400,588000
-3721,-1925,0,174080,-47600
-4970,-97,-192512,868352,-290080
3757,3629,0,1858560,-508200
1189,117,-212992,-481280,73360
-809,-411,0,-1160192,317240
-1239,-968,0,-1412096,386120
-397,-761,-49152,-268288,59920
-669,-446,-12288,-584704,156520
126,-208,0,-305152,83440
-1015,1284,0,1646592,-450240
113,-265,-147456,99328,-67480
301,-610,0,-830464,227080
-264,-1141,0,-1277952,349440
208,-212,0,-309248,84560
824,-614,-454656,-1073152,169120
167,-683,-49152,314368,-99400
1489,1904,-12288,2213888,-608720
2456,32,-12288,-614400,164640
-816,-667,0,-524288,143360
1241,-196,0,-798720,218400
-877,-142,0,-198656,54320
1810,-202,0,399360,-109200
-311,-445,0,-92160,25200
-453,1438,0,1411072,-385840
-452,13,24576,29696,-1400
-198,-698,36864,-1080320,305480
-1544,-841,73728,-508928,159320
190,-728,110592,-456704,155120
-24,-798,49152,-316416,99960
1265,-322,0,1140736,-311920
-340,116,294912,513024,-59640
198,-479,0,-194560,53200
-2240,-1322,172032,-932864,302120
-2555,-872,0,349184,-95480
-2585,-1103,0,-799744,218680
-3859,-688,0,-1314816,359520
-57,-60,237568,1765376,-417760
113,366,0,310272,-84840
865,70,0,-733184,200480
-553,531,-12288,-846848,228200
-127,-304,0,-321536,87920
1269,-702,0,-1028096,281120
-1482,-69,0,-338944,92680
213,631,155648,1477632,-361480
652,-525,0,93184,-25480
-355,-59,294912,-448512,230160
656,220,98304,-840704,229880
-30,-215,73728,-487424,153440
1713,-280,45056,-31744,21000
-305,208,0,-889856,243320
1771,908,139264,1882112,-476560
-138,-263,0,-454656,124320
1184,-119,0,-560128,153160
2174,429,61440,-532480,162400
439,488,0,-347136,94920
63,140,16384,-733184,204960
-1451,-668,0,-523264,143080
2242,623,-16384,2067456,-569800
475,648,16384,-251904,73360
-3132,-56,0,-1143808,312760
1699,239,0,-305152,83440
-314,-2,0,4096,-1120
983,593,0,-244736,66920
-272,145,0,53248,-14560
894,158,-16384,1050624,-291760
2474,404,0,-282624,77280
-877,704,16384,-178176,53200
1189,577,16384,-410624,121240
-1160,187,86016,-684032,206080
-699,150,86016,59392,7280
167,-463,36864,1228800,-325920
-1570,28,229376,400384,-46760
666,21,0,-844800,231000
-1084,73,393216,-336896,199640
561,123,24576,-285696,84840
-2431,-337,73728,-205824,76440
-810,-441,0,-458752,125440
245,927,-167936,1021952,-325360
490,-143,-262144,22528,-77840
3623,526,0,-711680,194600
3662,1473,-430080,-169984,-111440
2107,2096,0,111616,9800
-6672,396,-319488,-49152,-73920
-333,573,0,-694272,189840
6007,2001,0,1187840,-324800
5297,1062,-131072,-14336,-31920
2685,1278,0,-320512,87640
-3938,56,28672,-801792,227080
-3896,-939,57344,0,15680
-2012,-251,45056,-622592,182560
-340,499,0,-34816,9520
-1046,991,45056,520192,-129920
-1069,-215,0,-15360,4200
-380,-415,-131072,-934912,219800
95,635,-45056,-1732608,461440
2372,74,-126976,-910336,214200
2047,-653,-159744,-90112,-19040
111,1958,-233472,105472,-92680
444,471,-49152,781312,-227080
-74,112,0,-249856,68320
887,-149,-126976,-1312768,324240
5009,737,0,-1357824,371280
3043,-331,0,436224,-119280
89,394,-12288,-21504,2520
179,1688,24576,273408,-68040
-179,1216,0,125952,-34440
-358,986,139264,-603136,105000
-3311,365,0,-508928,237160
-2775,-1356,0,-722944,197680
1253,-1068,258048,-1480704,475440
-1611,222,0,-623616,170520
4207,4583,135168,2563072,-663880
895,129,0,-923648,252560
447,-2411,139264,-798720,256480
-1163,-1691,28672,-356352,105280
-985,-124,159744,-1142784,356160
1164,565,0,-76800,21000
1790,227,172032,925696,-206080
-358,2934,0,969728,-265160
-895,-1117,0,-785408,214760
1521,-200,0,-297984,81480
-89,-207,0,-231424,63280
179,-1129,0,-714752,195440
89,-1637,-45056,-490496,121800
-2953,2906,0,1463296,-400120
626,1217,0,-268288,73360
-5012,-2127,790528,166912,170520
5728,202,2846720,-1698816,1242920
1879,-1509,3608576,-399360,1095920
-268,-222,1957888,91136,510440
268,-10,14196736,-101376,3909640
-89,636,0,203776,-55720
-268,601,17141760,-28672,336080
-2417,-358,3903488,-1022976,0
1611,83,0,-606208,0
-179,-303,18272256,-548864,0
448,-236,0,-829440,0
894,-608,0,192512,0
0,-69,0,762880,0
-268,-938,0,362496,0
-716,597,0,320512,0
-1342,602,0,400384,0
-3670,-1413,598016,60416,0
-4483,-2377,0,-709632,0
1626,3205,-598016,587776,0
8138,1568,0,-342016,0
984,-971,598016,238592,0
-537,-867,606208,283648,0
179,572,0,693248,0
-268,-829,-606208,586752,0
-7978,-2523,0,352256,0
-3744,1199,0,-1290240,0
3596,1975,0,104448,0
4277,589,-598016,300032,0
2775,453,598016,-478208,0
1342,-783,0,823296,0
1432,-813,0,2167808,0
-2506,-630,-598016,880640,0
-7172,1429,-11579392,-1353728,0
1176,-626,-3919872,442368,0
4296,183,0,1098752,0
-3043,-299,-27041792,838656,-2389880
5101,-158,0,-262144,71680
537,-243,0,1963008,-536760
-626,-238,-17260544,1126400,-5027680
89,1670,-3162112,616448,-1033200
-89,-935,0,1099776,-300720
-90,74,-1011712,771072,-487480
0,-420,0,814080,-222600
-2327,156,-405504,245760,-163240
2954,-104,73728,-279552,81760
1789,-225,147456,1876992,-472920
-1521,-690,-12288,1501184,-413840
-10021,-257,-24576,147456,-47040
-628,421,0,-1112064,304080
9665,779,0,244736,-66920
805,-608,0,270336,-73920
-6444,-1578,0,985088,-269360
1432,2457,159744,4707328,-1243480
4386,-765,73728,-1390592,400400
-358,-1103,147456,-386048,291480
-7822,-1428,12288,851968,-375200
7106,2072,12288,-151552,44800
2237,-49,-12288,-1703936,462560
-1342,-1423,0,-94208,25760
537,406,-159744,2918400,-841680
-2148,1237,-12288,1990656,-547680
-4654,-131,0,2854912,-780640
-4401,-4821,-159744,9768960,-2714880
-10470,-10292,0,31049728,-3673400
1327,-4937,-86016,26007552,0
21419,18296,0,1961984,0
-3490,4786,24576,1277952,0
-11505,-8214,-196608,-772096,0
-3773,-7260,-86016,-369664,0
-453,-2935,0,228352,0
1431,456,0,227328,0
1317,1523,0,0,0
2001,1625,0,0,0
-1260,752,0,0,0
1142,657,0,0,0
-666,-550,0,0,0
166,418,0,0,0
262,-299,0,0,0
-1499,-516,0,0,0
-126,1262,0,0,0
-773,-1344,0,0,0
-1241,-1821,0,0,0
-1336,-1632,0,0,0
-1038,-1004,0,0,0
-754,-1253,0,0,0
-5496,-2517,0,0,0
-7801,-4202,0,0,0
-8276,-9678,0,0,0
-8023,-7112,0,0,0
-17016,-23652,0,0,0
1669,5109,0,0,0
-13014,-13038,0,0,0
0,-2045,0,0,0
0,-1717,0,0,0
13062,6043,0,0,0
25217,23742,0,0,0
20795,22954,0,0,0
16541,18872,0,0,0
3043,7517,0,0,0
-358,2257,0,0,0
-2059,-1475,0,0,0
-6189,-5944,0,0,0
-4332,-5567,0,0,0
-4000,-4967,0,0,0
-1937,-2904,0,0,0
435,-12,0,0,0
1669,1612,0,0,0
2409,1807,0,0,0
5645,4652,0,0,0
6121,6464,0,0,0
1611,2888,0,0,0
-1342,-704,0,0,0
-2238,-188,0,0,0
-2506,-2462,0,0,0
1253,-1175,0,0,0
2685,2012,0,0,0
806,1439,0,0,0
-1253,-845,0,0,0
-895,-1434,0,0,0
179,1417,0,0,0
0,-132,0,0,0
0,-376,0,0,0
0,-318,0,0,0
0,-227,0,0,0
0,-158,0,0,0
0,818,0,0,0
0,524,0,0,0
0,-385,0,0,0
0,-393,0,0,0
0,-269,0,0,0
0,-199,0,0,0
0,-148,0,0,0
0,1320,0,0,0
0,-42,0,0,0
0,-439,0,0,0
0,-331,0,0,0
0,-247,0,0,0
0,-178,0,0,0
0,288,0,0,0
0,1050,0,0,0
0,-300,0,0,0
0,-419,0,0,0
0,-305,0,0,0
0,-206,0,0,0
0,-160,0,0,0
0,1045,0,0,0
0,275,0,0,0
0,-413,0,0,0
0,-359,0,0,0
0,-269,0,0,0
0,-190,0,0,0
0,-135,0,0,0
0,1390,0,0,0
0,-177,0,0,0
0,-411,0,0,0
0,-331,0,0,0
0,-223,0,0,0
0,-168,0,0,0
0,726,0,0,0
0,619,0,0,0
0,-376,0,0,0
0,-385,0,0,0
0,-286,0,0,0
0,-204,0,0,0
0,-148,0,0,0
0,1271,0,0,0
0,4,0,0,0
0,-416,0,0,0
0,-357,0,0,0
0,-239,0,0,0
0,-182,0,0,0
0,282,0,0,0
0,1048,0,0,0
0,-301,0,0,0
0,-42