R
StartTickMs,measCycleMs,Px,Ix,Dx,Py,Iy,Dy,Pz,Iz,FFrx,FFry,FFdrx,FFdry,satI,satPID,KFQAng,KFQbias,KFRmeas,CPx,CIx,CPy,CIy,CsatI,CsatPID,CFFdrx,CFFdry,IRelaxX,IRelaxY,DmaxR,DmaxE,DMx,DMy
169166,10,58,70,47,58,70,47,250,0,0,0,100,100,500000,15000000,500,1,10000,140,0,140,0,100000,10000000,0,0,586,1024,0,0,0,0
aPT1P,aKFPT11P,PIDCRefXi,PIDCSensXi,PIDCUXi
-1521,-379,3387392,-17842176,8292800
0,520,0,0,0
0,273,0,0,0
0,-479,0,0,0
0,-353,0,0,0
0,865,0,0,0
0,-113,0,0,0
0,-490,0,0,0
0,-318,0,0,0
0,983,0,0,0
0,-291,0,0,0
0,-453,0,0,0
0,-275,0,0,0
0,1060,0,0,0
0,-443,0,0,0
0,-402,0,0,0
0,22,0,0,0
0,752,0,0,0
0,-459,0,0,0
0,-385,0,0,0
0,580,0,0,0
0,196,0,0,0
0,-497,0,0,0
0,-342,0,0,0
0,874,0,0,0
0,-139,0,0,0
0,-464,0,0,0
0,-317,0,0,0
0,993,0,0,0
0,-309,0,0,0
0,-453,0,0,0
0,-270,0,0,0
0,1052,0,0,0
0,-445,0,0,0
0,-398,0,0,0
0,160,0,0,0
0,629,0,0,0
0,-474,0,0,0
0,-382,0,0,0
0,599,0,0,0
0,180,0,0,0
0,-500,0,0,0
0,-330,0,0,0
0,851,0,0,0
0,-139,0,0,0
0,-458,0,0,0
0,-313,0,0,0
0,1019,0,0,0
0,-342,0,0,0
0,-452,0,0,0
0,-267,0,0,0
0,1060,0,0,0
0,-459,0,0,0
0,-396,0,0,0
0,280,0,0,0
0,524,0,0,0
0,-498,0,0,0
0,-359,0,0,0
0,668,0,0,0
0,87,0,0,0
0,-480,0,0,0
0,-340,0,0,0
0,891,0,0,0
0,-179,0,0,0
0,-467,0,0,0
0,-303,0,0,0
0,1024,0,0,0
0,-369,0,0,0
0,-438,0,0,0
0,-260,0,0,0
0,1048,0,0,0
0,-468,-3403776,22843392,-11036800
0,-380,0,-392192,214480
0,390,0,400384,-218960
0,378,0,389120,-212800
0,-478,0,-490496,268240
0,-359,0,-369664,202160
0,750,0,770048,-448560
0,-2,0,-1024,28000
0,-489,0,-502784,274960
0,-310,0,-317440,173600
0,969,0,995328,-544320
0,-296,0,-306176,167440
-448,-246,16384,-351232,201040
358,-174,0,-3072,1680
895,1099,0,1218560,-666400
-895,-1042,0,-634880,347200
358,-33,0,-308224,168560
358,-594,0,3072,-1680
-358,1192,0,914432,-500080
-805,-808,0,-757760,414400
89,-109,0,187392,-102480
-447,460,0,233472,-127680
805,212,0,402432,-220080
0,-553,0,-553984,302960
-537,-500,0,-47104,25760
627,1092,0,510976,-279440
179,-304,0,483328,-264320
0,-495,0,-704512,385280
-2238,-1275,0,-37888,20720
-447,1329,0,912384,-498960
626,12,0,-311296,170240
806,-475,0,-782336,427840
1074,101,0,-1215488,664720
179,1143,0,1412096,-772240
-1253,-621,0,166912,-91280
-985,-1149,0,977920,-534800
1880,562,0,-162816,89040
447,827,0,-643072,351680
-2595,-596,-16384,-36864,11200
-537,-1689,0,722944,-395360
4296,2273,0,-617472,337680
-1343,420,0,522240,-285600
-3311,-2322,16384,400384,-210000
4743,1359,0,-2638848,1443120
-5280,276,-16384,3143680,-1728160
4117,-689,0,-1433600,784000
-358,681,0,-120832,66080
-1880,-2531,0,-502784,274960
3312,2883,0,662528,-362320
-4833,-1771,0,-349184,190960
4654,1186,16384,136192,-65520
-7250,-769,-16384,118784,-73920
7518,1079,0,329728,-180320
-5012,-1155,0,-1547264,846160
4744,1002,16384,1908736,-1299200
-3491,162,0,-79872,308000
2417,474,-16384,1165312,-646240
-448,-1564,16384,-2538496,1397200
-1163,684,0,2791424,-1526560
2864,470,0,-2624512,1435280
-5191,-291,0,2482176,-1357440
5280,-349,0,-3443712,1883280
-8289,-2302,0,2339840,-1279600
8289,2488,0,-198656,108640
-1521,-2025,0,-918528,502320
-806,2178,0,1903616,-1041040
2327,-2107,0,-3405824,1862560
-6086,1205,0,2691072,-1471680
4833,1313,0,945152,-516880
1253,-1446,0,-3147776,1721440
-9176,-746,0,2635776,-1441440
9176,2118,0,-311296,170240
358,-1611,0,-2281472,1247680
-9756,-1708,0,1714176,-937440
7787,3255,0,2975744,-1627360
1611,-172,0,-3311616,1811040
-89,-2240,0,826368,-451920
-9568,-743,0,1191936,-651840
9568,2871,0,-1301504,711760
357,-476,0,-1096704,599760
-715,-774,0,-61440,33600
-7990,-911,0,4791296,-2620240
1277,1963,0,-1828864,1000160
8592,-62,0,-2727936,1491840
-1343,-461,0,-431104,235760
-1342,1137,0,1457152,-796880
-4564,-564,0,1566720,-856800
805,-48,0,-259072,141680
4744,844,0,-3033088,1658720
894,-509,0,1137664,-622160
-537,-1093,0,679936,-371840
-1252,-454,0,-623616,341040
-4475,404,0,1187840,-649600
268,1730,0,-94208,51520
3401,-9,0,-993280,543200
2953,-740,0,-948224,518560
-895,-1801,0,1145856,-626640
-5727,337,0,1113088,-608720
-2355,29,0,-814080,445200
2981,1042,0,188416,-103040
1611,800,0,-1055744,577360
3848,393,0,-681984,372960
179,-1403,0,239616,-131040
-1879,-1348,0,690176,-377440
-5907,499,0,15360,-8400
1701,1341,0,523264,-286160
3580,665,0,-1968128,1076320
2058,-362,0,-1616896,785680
447,-1210,0,2795520,-1430240
-1252,-622,0,-1142784,624960
-3401,786,0,17408,-9520
-627,711,0,283648,-155120
4654,987,0,-1685504,921760
89,-1361,0,-458752,250880
-268,3253,0,0,0
-6802,-5455,0,0,0
6713,2636,0,0,0
-2148,656,0,0,0
-716,-2534,0,0,0
2058,3029,0,0,0
-2058,-1254,0,0,0
1700,359,0,0,0
-1253,-826,0,0,0
985,1048,0,0,0
0,132,0,0,0
-269,-618,0,0,0
0,-140,0,1909760,-1044400
0,899,0,927744,-507360
0,-461,0,-499712,273280
0,-398,0,-385024,210560
0,483,0,502784,-274960
0,283,0,287744,-157360
0,-494,0,-512000,280000
0,-350,0,-360448,197120
0,858,0,885760,-484400
0,-146,0,-148480,81200
0,-476,0,-492544,269360
0,-294,0,-303104,165760
0,1037,0,1064960,-582400
0,-380,0,-419840,229600
448,-281,0,-198656,108640
-90,9,0,-454656,248640
-447,704,0,913408,-499520
0,-509,0,-394240,215600
0,-489,0,-69632,38080
179,484,0,140288,-76720
268,321,0,185344,-101360
-626,-801,0,-831488,454720
537,-140,0,-249856,136640
-358,914,0,1161216,-635040
447,-3,0,-278528,152320
-447,-441,0,215040,-117600
89,-161,0,-1326080,725200
448,1067,0,1505280,-823200
-90,-679,0,-319488,174720
-895,-557,0,-664576,363440
537,418,0,81920,-44800
179,598,0,969728,-530320
448,-523,0,-184320,100800
-537,-307,0,0,0
0,570,0,0,0
-537,-59,0,0,0
358,-510,0,0,0
358,-198,0,0,0
89,1183,0,0,0
-358,-345,0,0,0
537,-262,0,0,0
-179,-313,0,0,0
0,1032,0,0,0
0,-424,0,0,0
0,-410,0,0,0
0,155,0,0,0
0,615,0,0,0
0,-501,0,0,0
0,-355,0,0,0
0,735,0,382976,-209440
0,17,0,17408,-9520
0,-499,0,-514048,281120
0,-329,0,-342016,187040
0,984,0,1014784,-554960
0,-309,0,-313344,171360
0,-439,0,-456704,249760
0,-293,0,-301056,164640
0,1055,0,1083392,-592480
0,-443,0,-457728,250320
0,-420,0,-429056,234640
0,294,0,301056,-164640
-89,475,0,249856,-136640
89,-534,0,-323584,176960
179,-221,0,-451584,246960
-358,501,0,739328,-404320
0,83,0,76800,-42000
-805,-860,0,-884736,483840
-627,-423,0,535552,-292880
895,981,0,603136,-329840
90,-382,0,-275456,150640
-358,-370,0,-568320,310800
358,-245,0,-330752,180880
-358,895,0,995328,-544320
805,-109,0,-828416,453040
-626,-613,0,-429056,234640
-90,510,0,710656,-388640
-805,13,0,206848,-113120
1074,-1041,0,-522240,285600
1074,143,0,-655360,358400
447,1378,0,1500160,-820400
-1521,131,0,103424,-56560
-1701,-1705,0,-342016,187040
3580,270,0,-1272832,696080
-2058,1414,0,1824768,-997920
-3670,-1872,0,-7168,3920
6086,813,0,-1509376,825440
-4027,536,0,442368,-241920
984,-559,0,620544,-339360
3043,882,0,-430080,235200
-7249,-2568,0,-311296,170240
7249,1317,0,236544,-129360
-6086,580,0,324608,-177520
5907,-587,0,-852992,466480
-3669,542,0,1027072,-561680
2595,-647,0,140288,-76720
358,1321,0,928768,-507920
-1611,-1775,0,-1960960,1072400
1074,1444,0,2399232,-1312080
-1074,-88,0,-1405952,768880
716,458,0,2030592,-1110480
985,-697,0,-3537920,1934800
-2327,527,0,3252224,-1778560
3043,734,0,-1654784,904960
-4386,-1310,0,1666048,-911120
3759,303,0,-2170880,1187200
-895,-184,0,504832,-276080
-268,799,0,1070080,-585200
1879,-1521,0,-1780736,973840
-8252,-705,0,3266560,-1786400
8610,1195,0,-3012608,1647520
-8573,-1764,0,2171904,-1187760
8662,2402,0,-1963008,1073520
-1968,-3081,0,-1460224,798560
-5728,2406,0,3068928,-1678320
7517,2,0,-1685504,921760
-5817,-1485,0,-406528,222320
-805,1621,0,1345536,-735840
6443,670,0,122880,-67200
-536,-1693,0,482304,-263760
-9801,-780,0,1483776,-811440
10248,2007,0,-2224128,1216320
0,-1739,0,358400,-196000
-1432,-114,0,977920,-534800
-3132,-62,0,2082816,-1139040
2237,1566,24576,2785280,-1509760
-89,-379,12288,2237440,-1216880
2595,932,0,2321408,-1269520
-179,381,196608,1697792,-463760
-3311,592,0,2232320,0
1790,-597,0,-230400,0
1521,58,86016,-386048,0
89,1035,73728,2165760,0
269,36,0,-659456,0
-269,-732,135168,-2322432,0
1164,610,36864,-3602432,1356960
-1074,-1077,0,646144,-353360
-179,-724,0,-5786624,3164560
-7993,-1684,626688,-4870144,3143280
7277,-11,0,-9688064,5160960
-6533,-686,270336,-6028288,3444560
4475,1893,45056,-20652032,4083040
-1074,-481,28672,-24815616,0
3311,2655,0,-17176576,0
-6175,-1214,0,-4067328,0
9218,3639,0,-2042880,0
-2417,-2637,0,2700288,0
-715,627,0,8263680,0
2774,-1467,-16384,12136448,0
-5549,-911,0,10625024,0
13021,5069,0,11389952,0
-19388,-6392,0,3198976,0
2608,1319,0,7335936,0
3312,3554,0,9401344,-2026720
4295,-8623,-28672,-15945728,2026720
-20884,1281,0,-19520512,0
21779,1410,-12288,-27063296,0
-13068,-2975,0,-4832256,0
7251,2024,0,3901440,0
-447,771,-28672,13785088,0
-3034,-799,0,14224384,0
-629,-899,0,12077056,0
7780,3657,0,5944320,0
-806,1523,28672,9105408,0
-6456,-3874,86016,4571136,0
-1664,2924,28672,3135488,-1648720
9731,238,28672,2053120,-1107120
-10905,-363,16384,5939200,-2754640
12874,-1549,0,-1403904,283360
-11589,882,135168,3185664,-1668240
7293,-47,0,3036160,-1660400
-358,540,0,2199552,-1202880
1343,599,0,0,0
-12348,-5379,0,0,0
2587,-5575,0,0,0
-21908,-7551,0,0,0
30684,14661,0,0,0
3401,13803,0,0,0
-627,-6777,0,0,0
2775,339,0,0,0
1790,955,0,0,0
-5101,-482,0,0,0
-90,-1586,0,0,0
-7629,-3675,0,0,0
-4653,-6307,0,0,0
4542,1573,0,0,0
1654,735,0,0,0
6891,6677,0,0,0
8254,7496,0,0,0
-7269,-3381,0,0,0
-1164,-2261,0,0,0
-4653,-2570,0,0,0
-1432,-3141,0,0,0
3490,1706,0,0,0
90,560,0,0,0
268,1038,0,0,0
-1611,-1000,0,0,0
-1074,-2174,0,0,0
2596,1641,0,0,0
1253,2130,0,0,0
805,846,0,0,0
447,346,-1724416,1402880,-1710240
-626,-40,0,227328,-124320
-89,336,-12288,975872,-540400
-1074,-1322,-12288,-378880,200480
0,-801,-12288,914432,-506800
-90,691,-12288,1836032,-1010800
-89,-161,0,541696,-296240
89,-458,0,-364544,199360
-89,-403,0,-497664,272160
89,1006,0,1009664,-552160
269,-241,0,-427008,233520
895,479,0,-2120704,1159760
89,185,0,-961536,454720
89,983,0,645120,-281680
-89,-516,0,-272384,148960
-447,-655,0,134144,-73360
179,498,0,283648,-155120
-716,-526,0,2022400,-1106000
268,1,0,-800768,437920
179,-601,0,1203200,-658000
-358,1125,0,837632,-458080
716,-338,0,-1276928,698320
179,49,0,-1308672,715680
-358,-585,0,413696,-226240
0,1167,0,1918976,-1049440
-268,-606,0,83968,-45920
-90,-640,0,-1622016,887040
-537,245,0,1120256,-612640
448,365,0,600064,-328160
-90,-107,0,-1297408,709520
806,-10,0,-957440,523600
0,956,0,761856,-416640
89,-205,0,840704,-459760
-89,-614,0,-234496,128240
-2059,-1013,0,319488,-174720
1880,911,0,89088,-48720
179,243,0,-1805312,987280
89,-257,0,-704512,385280
179,426,0,66560,-36400
-3222,-321,0,2038784,-1114960
3043,-232,0,-1215488,664720
0,84,0,-1094656,598640
0,899,0,1842176,-1007440
-3132,-858,0,-195584,106960
4743,-191,0,-1093632,598080
-1611,204,0,-6144,3360
-358,884,0,1701888,-930720
-179,-1064,0,-575488,314720
1163,835,0,-1857536,1015840
-2595,-546,0,1562624,-854560
1969,650,0,-274432,74480
716,37,0,240640,-56000
-4117,-2387,0,1067008,-583520
3759,2018,0,-1399808,765520
-358,208,0,1095680,-599200
-1342,-1135,0,-1057792,578480
1879,677,0,-1473536,805840
-1969,122,0,1951744,-1067360
1700,-404,0,236544,-129360
-3848,-316,0,-401408,219520
4296,-353,12288,-931840,516320
-2237,1219,0,3313664,-1812160
4116,766,36864,949248,-498960
-1521,-1320,0,206848,-113120
-1879,904,172032,4490240,-2361520
-627,-18,0,3074048,-1681120
448,-533,0,490496,-268240
984,-261,0,-906240,495600
0,735,196608,849920,-357280
2148,98,0,-2081792,1138480
-1790,-1771,110592,-1387520,819280
-984,655,24576,-132096,85680
-1522,650,36864,-215040,137760
716,984,24576,-3972096,2185680
1790,-1331,49152,-5409792,2985360
-6533,-123,0,-825344,451360
6533,62,-12288,-4563968,2489200
-2148,-933,0,-9012224,4928560
1790,496,0,-9681920,3944720
0,-978,0,-1722368,0
-2416,565,0,-3178496,0
1969,460,0,-918528,0
-4565,-1264,0,3664896,0
8681,520,0,2900992,0
-3758,478,0,6627328,-2682480
-2059,-269,0,4470784,-2444960
-3490,203,0,281600,-154000
4385,1090,-12288,3210240,-1762320
-5907,-1648,0,1438720,-786800
4386,-104,0,1559552,-852880
268,1760,0,896000,-490000
2327,-1512,0,1035264,-566160
-1253,533,12288,-194560,113120
985,15,36864,1042432,-549920
-2506,862,86016,943104,-468720
1163,-248,0,-467968,255920
895,-229,430080,-159744,322560
-716,676,204800,1052672,-463680
-268,-61,167936,81920,47040
1790,-376,0,-442368,241920
89,-343,90112,-401408,268800
0,874,0,1189888,-650720
179,-233,815104,-580608,763280
358,-576,1646592,-647168,1254400
179,-2094,704512,-111616,446320
-895,895,569344,1126400,-304640
-7925,-1229,3284992,-893952,2285360
333,173,0,-602112,329280
3296,1606,2338816,692224,900480
4028,795,0,-217088,118720
715,-493,1404928,-445440,1011920
-179,-1243,0,-388096,212240
-1879,1523,0,289792,-158480
-4296,-911,835584,-365568,656880
5370,636,0,-1192960,652400
1074,-173,-282624,590848,-477680
447,499,-688128,-78848,-333200
269,-869,-266240,-398336,72240
-985,-590,-131072,-578560,132720
448,1541,0,290816,-47040
-448,-120,0,103424,-56560
-1342,-731,0,-870400,476000
-4564,-2346,-991232,-826368,-90160
-537,2130,-909312,241664,-629440
1879,199,-319488,-143360,-96320
-447,-186,0,-619520,338800
-537,473,0,337920,-184800
1521,539,0,-483328,264320
2685,-50,-5705728,-746496,-2712080
0,-248,0,406528,-222320
90,347,-1613824,360448,-1079680
1163,-6,81920,295936,-117040
-358,108,491520,-658432,628880
358,-310,135168,-1394688,836640
2506,-79,0,2397184,-1310960
-1164,-137,1224704,234496,541520
-537,-412,0,-447488,244720
-716,290,1056768,-181248,677040
0,919,397312,-72704,257040
-89,-460,0,-20480,11200
-89,-384,0,-547840,299600
89,94,1490944,405504,593600
-2416,-1387,0,973824,-532560
-2148,-926,77824,47104,16800
-895,-1088,0,-1033216,565040
-1611,2831,-1802240,1123328,-1599920
3669,627,-217088,557056,-423360
-268,-436,-831488,-577536,-138880
1790,427,-86016,727040,-444640
-1343,441,0,747520,-408800
-2327,-989,-1671168,68608,-951440
4386,273,0,-19456,10640
-627,108,-1216512,51200,-693280
-895,93,0,299008,-163520
-984,-302,-753664,111616,-473200
358,-161,0,-144384,78960
3311,434,-516096,1296384,-991200
0,-13,0,-276480,151200
-89,34,-196608,9216,-112560
89,-257,0,173056,-94640
3848,258,-40960,870400,-498400
-805,-822,0,15360,-8400
-2954,-714,0,-683008,373520
-89,843,0,1051648,-575120
0,157,-24576,10240,-19040
-895,-793,0,169984,-92960
-7209,-1721,-12288,-985088,532000
407,1107,-12288,1595392,-879200
7339,1378,0,-410624,224560
358,-577,-135168,-140288,2800
-268,-304,-36864,628736,-364000
268,929,0,529408,-289520
626,-1678,0,-351232,192080
-626,-1831,12288,869376,-468720
-4117,1136,0,1269760,-694400
-716,1720,36864,23552,7280
2506,-404,12288,-1607680,885920
716,-253,24576,-280576,166880
1611,-94,0,2839552,-1552880
-5191,-2452,36864,1855488,-994560
-4170,1092,0,-411648,225120
8287,-903,0,-100352,54880
-4833,1409,-12288,-158720,80080
-1521,-686,0,3597312,-1967280
-6215,-1796,0,-459776,251440
13196,2295,0,-1479680,660240
-5460,-2303,0,-998400,694960
-3898,-1216,0,1340416,-733040
-3838,232,0,2795520,-1528800
5946,2576,0,-97280,53200
6892,390,24576,-2142208,1184960
-11684,-2964,12288,-908288,503440
2093,1037,0,2972672,-1625680
776,779,-12288,2402304,-1320480
5503,1455,0,-3565568,1949920
2864,-48,36864,-771072,441840
-7479,713,12288,5095424,-2779840
5600,-17,0,-335872,183680
3937,329,0,-3891200,2128000
5370,-1529,53248,447488,-215600
-6086,-516,0,3617792,-1978480
-8895,-28,0,-512000,280000
8806,2945,0,-1481728,810320
-447,-1054,0,-88064,48160
-8840,-1066,0,1358848,-743120
74,-804,0,2103296,-1150240
5454,1996,0,-6038528,3302320
-3043,-640,0,4908032,-2684080
-6865,-303,0,525312,-287280
12056,1571,0,-3297280,1803200
-7824,342,0,-435200,238000
6392,-23,0,4501504,-2461760
2506,1096,0,-4566016,2497040
2416,-1150,0,-1956864,1070160
-5548,1045,0,4657152,-2546880
13030,2074,0,-3746816,2049040
-9182,-3557,0,79872,-43680
2416,3523,0,1022976,-1261680
3849,-2623,0,-2278400,1948240
-8413,764,0,695296,-380240
11293,1808,307200,-522240,453600
-9056,-2903,0,70656,119840
-268,2211,1241088,432128,283920
5370,-1444,102400,-4411392,2468480
-5370,-1286,2322432,-591872,1593760
447,2181,319488,3676160,-1835680
-1700,-2175,4116480,-5368832,5187280
1342,1831,0,3173376,-1735440
-5011,-4789,0,-8714240,4765600
4922,5085,9551872,5393408,2274160
1163,-1848,0,-2965504,1621760
4117,3153,0,2902016,-1587040
-15787,-1809,10321920,-4028416,2335280
12744,2265,0,-838656,0
-12153,-4916,0,-3047424,0
9290,2786,4702208,-114688,0
-806,533,0,-781312,0
-1163,-545,1363968,2494464,0
2863,436,0,-4514816,0
90,-3214,6778880,1034240,0
-10126,2371,2936832,631808,0
9768,2401,7393280,-1704960,0
-89,-2206,4083712,-2658304,0
-7339,1089,4919296,917504,0
6802,954,1720320,1273856,0
179,-914,0,-4154368,0
-3222,-1377,2957312,1401856,0
1342,3113,0,1641472,0
11022,2050,0,-1305600,0
-7711,-3363,0,619520,0
-1431,890,0,-871424,0
5101,1226,-7454720,351232,0
3968,-498,0,-2771968,0
-4147,-1272,0,2756608,0
-4475,519,-28512256,935936,0
12829,1929,-3682304,-3833856,0
-5058,-2800,-7135232,-297984,0
-7682,66,-3883008,978944,0
985,882,-4026368,158720,0
0,-394,-552960,-2113536,0
4385,183,0,-370688,0
3052,1622,0,2698240,0
-9943,-1135,0,260096,0
1074,832,-7512064,215040,-2632080
2237,-539,-712704,401408,-609280
-1074,-319,0,-431104,235760
-984,1190,0,876544,-479360
3311,1723,12288,1810432,-983360
-1969,-517,0,1112064,-608160
-1252,-256,274432,-967680,679280
89,199,49152,-794624,461440
0,-554,237568,-339968,315840
89,-370,0,1226752,-670880
627,-241,16384,1361920,-735840
-716,-911,0,-145408,79520
268,-246,0,-335872,183680
90,1519,0,1637376,-895440
0,756,0,489472,-267680
-358,192,81920,-643072,396480
89,1269,0,2339840,-1279600
1164,-648,122880,1107968,-538720
537,-740,0,532480,-291200
-1164,-151,0,309248,-169120
-358,1497,-20480,1367040,-758800
0,-363,-163840,522240,-375200
537,127,-20480,157696,-97440
-268,-477,-16384,-433152,227920
3401,888,-40960,880640,-504000
2953,1006,20480,299008,-152320
-447,142,0,-110592,60480
-3401,-617,20480,454656,-268240
1969,1223,16384,496640,-231840
3351,293,0,-348160,190400
1479,9,-372736,119808,-269360
-148,-54,0,812032,-444080
1749,146,0,-199680,109200
-2156,188,0,384000,-210000
-1257,-206,0,-518144,283360
1627,-74,-872448,787456,-907760
2154,-37,0,48128,-26320
990,569,-483328,-261120,-121520
-283,122,0,466944,-255360
1672,197,-491520,451584,-515760
0,-178,0,-208896,114240
-1729,356,-53248,-544768,268800
396,-151,0,2101248,-1149120
255,153,0,-242688,132720
28,219,0,-950272,519680
1430,-1390,0,-6144,3360
-119,1969,0,681984,-372960
-2414,599,0,-831488,454720
-3563,-29,0,-494592,270480
1700,717,0,907264,-496160
-924,-326,0,35840,-19600
2617,103,0,-749568,409920
-4170,-301,0,-381952,208880
518,757,0,1653760,-904400
-1771,-458,0,-600064,328160
2843,660,0,-543744,297360
-296,-161,0,891904,-487760
-406,395,0,-9216,5040
554,-362,0,-964608,527520
518,-355,0,-209920,114800
2295,2139,0,2117632,-1158080
3355,272,0,-947200,518000
1030,311,0,-478208,261520
891,-341,0,269312,-147280
-2277,1274,0,1411072,-771680
-928,-341,0,621568,-339920
-1222,-121,0,-684032,374080
-934,990,0,986112,-539280
4052,155,0,-616448,337120
2817,49,0,-428032,234080
-1319,822,0,409600,-224000
-3727,2040,0,747520,-408800
-261,-814,0,-432128,236320
-3550,-2056,0,-965632,528080
739,741,0,478208,-261520
570,790,0,-167936,91840
2740,-25,0,-925696,506240
3997,2979,0,267264,-146160
4994,4598,0,2043904,-1117760
9894,8604,0,-470016,257040
22488,14532,0,-107520,58800
23446,27336,0,-392192,214480
0,2967,0,-1297408,709520
0,-1438,0,-1974272,1079680
0,-1859,0,13323264,-7286160
0,-6907,0,7330816,-1156480
0,-2890,0,2393088,0
0,2375,0,-5733376,0
0,2398,0,-7620608,3141680
0,-7883,0,-7901184,4320960
0,3181,0,-5827584,3186960
0,2767,0,-6109184,3340960
0,-4814,0,-13297664,6009440
-24221,-15435,0,-14676992,0
-27130,-25211,0,-9465856,0
-19789,-23081,0,-5846016,0
-17005,-25225,0,-15906816,0
-13877,-13957,0,-742400,0
-12493,-8744,0,2839552,0
-12360,-10912,0,-1288192,0
-10388,-19634,0,-11785216,0
-5682,-2796,0,5819392,0
-6118,-1976,0,5677056,0
-7508,-15581,0,-10161152,0
-923,-2394,16384,3957760,0
0,5370,0,8693760,0
11892,13249,0,-23919616,0
-11892,-17378,0,-1064960,0
100034,72565,24576,-515072,0
12333,36292,61440,-1816576,0
-4934,7537,0,-1960960,0
-2631,-12782,0,2228224,0
-9488,-5554,0,1594368,0
-16567,-10749,0,0,0
-21544,-25759,0,0,0
-31676,-23595,0,0,0
-25527,-28539,0,0,0
0,-725,0,0,0
0,-12906,0,0,0
5787,8846,0,0,0
9794,14697,0,0,0
6473,-2868,0,0,0
4163,5667,0,0,0
2392,9594,0,0,0
2123,6585,0,0,0
1559,-11616,0,0,0
1323,6852,0,0,0
855,6605,0,0,0
693,-2804,0,0,0
526,-5167,0,0,0
-85,6508,0,0,0
-638,3835,0,0,0
-1344,-12360,0,0,0
-2213,1549,0,0,0
-2179,3179,0,0,0
-3034,-1023,0,0,0
-2796,-13385,0,0,0
-2734,3060,0,0,0
-2408,2212,0,0,0
-1731,-10968,0,0,0
57,-547,0,0,0
136308,108759,0,0,0
-6226,38155,0,0,0
10349,-3121,0,0,0
480,6971,0,0,0
-2315,3194,0,0,0
-4009,-647,0,0,0
1177,119,0,0,0
2472,4975,0,0,0
2675,3370,0,0,0
0,-90,0,0,0
0,2134,0,0,0
0,1519,0,0,0
0,1065,0,0,0
0,3211,0,0,0
0,166,0,0,0
0,-224,0,0,0
0,5262,0,0,0
0,727,0,0,0
0,-1824,0,0,0
-7175,-4657,0,0,0
-16209,-2665,0,0,0
-17618,-22634,0,0,0
-16907,-22277,0,0,0
-19585,-11487,0,0,0
-16085,-13471,0,0,0
-17201,-23284,0,0,0
-15876,-20832,0,0,0
-15136,-1562,0,0,0
-12897,-18474,0,0,0
-2805,-13340,0,0,0
0,121,0,0,0
0,4552,0,0,0
0,-5238,0,0,0
0,-3796,0,0,0
0,4721,0,0,0
0,-2436,0,0,0
0,-3955,0,0,0
0,-2324,0,0,0
0,2407,0,0,0
0,-2943,0,0,0
0,-1989,0,0,0
0,-923,0,0,0
0,-1465,0,0,0
0,-1021,0,0,0
0,-523,0,0,0
0,-4043,0,0,0
58021,36088,0,0,0
-22246,-8746,0,0,0
42704,32763,0,0,0
12786,23015,0,0,0
-1386,4324,0,0,0
-6747,-791,0,0,0
-3043,-821,0,0,0
-537,287,0,0,0
269,865,0,0,0
537,81,0,0,0
2237,-3710,0,0,0
-2148,-779,0,0,0
-1700,-750,0,0,0
-1611,-6144,0,0,0
-8674,-5835,0,0,0
-10280,-6897,0,0,0
-13917,-10528,0,0,0
-13894,-11197,0,0,0
-26750,-21092,0,0,0
-3621,-15679,0,0,0
0,-2479,0,0,0
0,-448,0,0,0
441,4685,0,0,0
13096,12552,0,0,0
4881,-865,0,0,0
7439,6817,0,0,0
8605,10657,0,0,0
4083,4363,0,0,0
3709,1736,0,0,0
4316,5057,0,0,0
1769,3843,0,0,0
6106,468,0,0,0
-12322,-113,0,0,0
-42123,-34223,0,0,0
0,-6560,0,0,0
0,4005,0,0,0
0,-1727,0,0,0
0,-1620,0,0,0
0,2176,0,0,0
3188,-145,0,0,0
32259,21442,0,0,0
22895,29345,0,0,0
12227,11637,0,0,0
9431,10994,0,0,0
8256,8275,0,0,0
2132,3186,0,0,0
1018,1296,0,0,0
1911,1428,0,0,0
1705,1789,0,0,0
1650,1978,0,0,0
3234,2809,0,0,0
3291,3348,0,0,0
874,1785,0,0,0
-2191,-578,0,0,0
-1417,-2335,0,0,0
902,-281,0,0,0
5169,3848,0,0,0
5746,5537,0,0,0
3326,4578,0,0,0
-3897,-1564,0,0,0
-10344,-5607,0,0,0
-11571,-13181,0,0,0
-9973,-12147,0,0,0
-1074,-2592,0,0,0
179,-308,0,0,0
537,-27,0,0,0
268,79,0,0,0
-89,1118,0,0,0
268,-326,0,0,0
627,184,0,0,0
358,969,0,0,0
626,486,0,0,0
1164,551,0,0,0
805,781,0,0,0
90,1255,0,0,0
626,46,0,0,0
716,188,0,0,0
1596,1272,0,0,0
555,1547,0,0,0
0,-213,0,0,0
185,-240,0,0,0
517,1219,0,0,0
851,444,0,0,0
480,294,0,0,0
444,381,0,0,0
102,1063,0,0,0
340,-406,0,0,0
141,