R
StartTickMs,measCycleMs,Px,Ix,Dx,Py,Iy,Dy,Pz,Iz,FFrx,FFry,FFdrx,FFdry,satI,satPID,KFQAng,KFQbias,KFRmeas,CPx,CIx,CPy,CIy,CsatI,CsatPID,CFFdrx,CFFdry,IRelaxX,IRelaxY,DmaxR,DmaxE,DMx,DMy
200535,10,58,70,47,58,70,47,250,0,0,0,100,100,500000,15000000,500,1,10000,170,0,170,0,100000,10000000,0,0,1024,778,0,0,0,0
aPT1P,aKFPT11P,PIDCRefXi,PIDCSensXi,PIDCUXi
10905,12915,86016,-88950784,10000000
0,-357,0,0,0
0,-475,0,0,0
0,674,0,0,0
0,-147,0,0,0
0,-489,0,0,0
0,529,0,0,0
0,18,0,0,0
0,-488,0,0,0
0,325,0,0,0
0,221,0,0,0
0,-524,0,0,0
0,111,0,0,0
0,467,0,0,0
0,-511,0,0,0
0,-202,0,0,0
0,761,0,0,0
0,-512,0,0,0
0,-376,0,0,0
0,925,0,0,0
0,-498,0,0,0
0,-399,0,0,0
0,934,0,0,0
0,-486,0,0,0
0,-416,0,0,0
0,908,0,0,0
0,-438,0,0,0
0,-440,0,0,0
0,875,0,0,0
0,-381,0,0,0
0,-457,0,0,0
0,788,0,0,0
0,-277,0,0,0
0,-480,0,0,0
0,682,0,0,0
0,-146,0,0,0
0,-499,0,0,0
0,537,0,0,0
0,16,0,0,0
0,-515,0,0,0
0,345,0,0,0
0,223,0,0,0
0,-528,0,0,0
0,107,0,0,0
0,470,0,0,0
0,-536,0,0,0
0,-53,0,0,0
0,633,0,0,0
0,-535,0,0,0
0,-368,0,0,0
0,940,0,0,0
0,-525,0,0,0
0,-388,0,0,0
0,942,0,0,0
0,-507,0,0,0
0,-408,0,0,0
0,925,0,0,0
0,-468,0,0,0
0,-429,0,0,0
0,889,0,0,0
0,-410,0,0,0
0,-449,0,0,0
0,826,0,0,0
0,-326,0,0,0
0,-466,0,0,0
0,735,-86016,101552128,-18368080
0,-217,0,-225280,149600
0,-487,0,-497664,330480
0,610,0,626688,-416160
0,-73,0,-76800,51000
0,-483,0,-515072,342040
0,423,0,456704,-303280
0,110,0,110592,-73440
0,-494,0,-527360,350200
0,210,0,235520,-156400
0,333,0,339968,-225760
0,-504,0,-517120,343400
113,150,0,0,0
142,662,0,1050624,-697680
198,-217,0,-497664,330480
-1147,-892,0,223232,-148240
1430,1349,0,1287168,-854760
368,-54,0,-1383424,918680
-1047,-979,0,-55296,36720
877,1182,0,892928,-592960
-424,-488,0,291840,-193800
-29,-259,0,-1112064,738480
85,815,0,698368,-463760
622,-586,0,678912,-450840
-961,-462,0,-510976,364480
-736,356,0,1074176,-738480
-1885,-2469,0,780288,-271920
-4036,-2429,0,-485376,76080
-1253,-691,0,2065408,-76080
-806,-1683,0,-287744,0
3043,1930,0,-1594368,0
3089,2486,0,548864,0
4055,3539,0,-633856,10800
2877,2002,0,-911360,605200
-1433,796,0,314368,-208760
476,-471,0,-506880,336600
-880,-745,0,-1426432,928200
2046,975,0,409600,-252960
-810,168,0,-670720,445400
852,-105,0,-2025472,1579640
753,1034,0,-1676288,878560
1649,1454,0,-2363392,1569440
2449,1385,0,-3615744,2483360
2438,341,0,-783360,437920
864,2740,0,-267264,177480
156,2510,0,-4077568,2707760
1630,898,0,-5788672,3844040
1149,1273,0,-2957312,1963840
2955,2399,0,-5525504,2493480
4247,3063,0,-4891648,0
3215,3060,0,-2725888,0
2217,2008,0,-5046272,0
656,1056,0,-3791872,0
-1178,108,0,-2491392,0
-5089,-3423,0,-3305472,0
-10596,-6306,0,797696,0
7532,-412,0,1483776,0
-5069,626,0,1195008,0
1949,-1903,0,0,0
7588,5499,0,0,0
6031,7877,0,0,0
7284,7698,0,0,0
7658,7305,0,7069696,0
4316,6277,0,10899456,0
1537,2071,0,15952896,-8882080
-5309,-731,0,0,0
-11039,-10054,0,26083328,-11117920
-17901,-18801,0,5335040,0
-17279,-13202,0,442368,0
-11081,-16450,0,-3095552,0
-11274,-13074,0,-1461248,0
-7585,-6660,0,125952,0
-2305,-5139,0,-1981440,0
4716,1870,0,-3266560,0
8770,7279,0,-1426432,0
8215,9550,0,-1226752,0
8289,7446,0,-2152448,0
3946,5864,0,-2163712,1015840
-368,978,0,-1689600,1122000
-2617,-2212,0,-1278976,849320
-3612,-2059,0,805888,-535160
-2237,-2804,0,505856,-335920
626,-1662,0,-655360,435200
1522,640,0,1547264,-1027480
1432,2305,0,43008,-28560
-1164,69,0,-718848,477360
2952,818,0,-361472,240040
-1430,1441,0,-898048,596360
950,-1062,0,-1428480,948600
-2651,-508,0,-824320,547400
3464,1044,0,2317312,-1538840
-2032,-96,0,-619520,411400
1847,243,0,-606208,402560
-185,268,0,1708032,-1134240
-517,-323,0,-1029120,683400
1590,306,0,-494592,328440
-1923,389,0,940032,-624240
74,157,0,197632,-131240
333,46,0,-89088,59160
1775,1127,0,1200128,-796960
1322,683,0,-1105920,734400
170,248,0,-1382400,918000
849,926,0,482304,-320280
311,295,0,-1650688,1096160
-1019,-132,0,-2288640,1519800
1637,1260,0,585728,-388960
-760,-44,0,-1188864,789480
-1882,-1555,0,-2900992,1926440
1797,1370,0,44032,-29240
2319,609,0,-723968,480760
1676,367,0,-692224,459680
876,1807,0,722944,-480080
226,964,0,-111616,74120
-1207,-37,0,-48128,31960
1019,582,0,1258496,-835720
678,28,0,1614848,-1072360
302,305,0,-1509376,1002320
-2501,-1651,0,1219584,-809880
837,316,0,22528,-14960
835,-417,0,-805888,535160
-2090,209,0,318464,-211480
2071,139,0,-536576,356320
132,337,0,-850944,565080
-969,561,0,-293888,195160
2409,196,0,135168,-89760
-837,152,0,-798720,530400
-151,332,0,-223232,148240
339,200,0,555008,-368560
874,68,0,-720896,478720
-208,-229,0,-282624,187680
1206,1211,0,1117184,-741880
-376,207,0,-98304,65280
208,-102,0,394240,-261800
1002,1320,0,818176,-543320
353,542,0,-346112,229840
1227,233,0,-631808,419560
-121,1056,0,741376,-492320
0,-29,0,-203776,135320
1507,736,0,-222208,147560
-425,765,0,917504,-609280
2573,1096,0,-475136,315520
1632,1644,0,-976896,648720
118,671,0,671744,-446080
2702,1691,0,-323584,214880
2683,2267,0,-780288,518160
1545,1459,0,504832,-335240
1984,2408,0,-225280,149600
4895,3330,0,-567296,376720
3998,2750,0,688128,-456960
2953,4891,0,36864,-24480
11062,8969,0,0,0
12818,9641,0,0,0
6084,11605,0,0,0
0,1608,0,0,0
0,972,0,0,0
0,185,0,0,0
0,-290,0,0,0
0,1232,0,0,0
0,209,0,0,0
0,-606,0,0,0
0,1437,0,0,0
0,398,0,0,0
0,-975,0,0,0
0,1247,0,0,0
0,965,0,0,0
-18999,-11686,0,0,0
-31028,-28248,0,0,0
-24961,-23123,0,0,0
-24002,-30556,0,0,0
-19075,-22968,0,0,0
-11021,-11458,0,0,0
-3164,-7919,0,0,0
4286,1801,0,0,0
10865,7799,0,0,0
16004,15394,0,0,0
17157,17826,0,0,0
10740,10918,0,0,0
4625,8500,0,0,0
-2746,-1269,0,0,0
-5996,-3338,0,0,0
-1432,-4040,0,0,0
-179,-1081,0,0,0
179,923,0,0,0
358,-221,0,0,0
716,434,0,0,0
-716,650,0,0,0
-358,-1084,0,0,0
0,-533,0,0,0
268,1009,0,0,0
0,-287,0,0,0
0,-431,0,0,0
0,860,0,0,0
0,-386,0,0,0
0,-457,0,0,0
0,837,0,0,0
0,-339,0,0,0
0,-476,0,0,0
0,733,0,0,0
0,-225,0,0,0
0,-468,0,7612416,-5055120
0,658,0,690176,-458320
0,-163,0,-162816,108120
0,-473,0,-505856,335920
0,591,0,622592,-413440
0,-79,0,-81920,54400
0,-508,0,-518144,344080
0,535,0,545792,-362440
0,6,0,6144,-4080
0,-519,0,-528384,350880
0,444,0,454656,-301920
0,132,0,97280,-64600
-179,-475,0,-25600,17000
358,266,0,182272,-121040
-358,189,0,578560,-384200
90,-484,0,-167936,111520
89,89,0,-393216,261120
-268,424,0,1082368,-718760
358,-213,0,-360448,239360
0,-342,0,229376,-152320
358,864,0,643072,-427040
-358,-739,0,-542720,360400
179,-173,0,-381952,253640
179,966,0,1057792,-702440
89,-530,0,787456,-522920
-89,-205,0,-755712,501840
-448,901,0,1585152,-1001640
-268,-902,0,-515072,291040
-537,-654,0,-620544,412080
90,724,0,1121280,-744600
1163,-170,0,-1871872,1243040
-90,-45,0,-397312,263840
-626,981,0,1241088,-824160
0,-641,0,-594944,395080
5996,1812,0,-1813504,1204280
-5996,63,0,1210368,-803760
0,-1699,0,-2099200,1394000
7771,2437,0,284672,119680
-7771,-749,0,279552,-494360
984,-1338,0,-2156544,1432080
5191,2730,0,-1397760,928200
-6175,-882,0,-139264,92480
3311,-802,0,-1049600,697000
5680,3079,0,-2392064,1588480
-8275,-1299,0,-182272,121040
-716,-1918,0,-677888,450160
3132,-581,0,-590848,392360
2596,1826,0,107520,-71400
-806,623,0,-795648,528360
-89,619,0,463872,-308040
-2148,-709,0,1798144,-1194080
-1432,-389,0,991232,-658240
-716,-1265,0,-604160,401200
268,940,0,910336,-604520
895,-779,0,394240,-261800
2327,-133,0,-891904,592280
-179,541,0,1765376,-1172320
-268,72,0,-1675264,1112480
-985,305,0,-417792,277440
-1432,241,0,776192,-515440
0,155,0,702464,-466480
895,-761,0,-1459200,969000
627,943,0,-5120,3400
179,-812,0,-561152,372640
-179,-753,0,-1037312,688840
-806,558,0,486400,-323000
627,584,0,163840,-108800
2148,454,0,12288,-8160
1432,-985,0,52224,-34680
-358,688,0,791552,-525640
-985,-545,0,-777216,516120
-2864,-291,0,-145408,96560
-537,5,0,405504,-269280
358,-198,0,-358400,238000
269,642,0,588800,-391000
895,396,0,589824,-391680
1074,-535,0,-257024,170680
447,-1005,0,-612352,406640
-179,1017,0,376832,-250240
90,-143,0,-805888,535160
-2596,-264,0,-703488,467160
-626,955,0,824320,-547400
179,-488,0,-524288,348160
268,41,0,-354304,235280
448,1158,0,1057792,-702440
626,6,0,-406528,269960
269,116,0,-223232,148240
268,716,0,1046528,-694960
0,-305,0,-478208,317560
-179,-374,0,-359424,238680
985,1089,0,750592,-498440
-358,-20,0,-448512,297840
-448,-688,0,-164864,109480
448,881,0,788480,-523600
-985,-1063,110592,-896000,668440
269,-117,233472,-179200,274040
2506,1744,73728,966656,-592960
-2327,-1101,122880,-916480,690200
2864,700,0,-167936,111520
-1522,673,0,699392,-464440
-447,-468,147456,-532480,451520
-1343,-842,389120,-604160,659600
-358,447,114688,842752,-483480
1432,-1339,0,-671744,446080
-1969,-1993,413696,-397312,538560
2864,2246,0,1064960,-707200
3725,724,327680,-156672,321640
-481,82,344064,295936,80920
1442,2329,122880,1019904,-644640
703,617,192512,-305152,330480
369,-293,237568,-448512,455600
-1331,719,0,953344,-633080
-1831,-394,405504,-582656,656200
-627,-463,520192,-275456,528360
-984,522,32768,877568,-561000
2222,-427,36864,-234496,180200
1701,350,36864,-527360,374680
-185,1071,0,508928,-337960
-296,950,36864,-727040,507280
666,702,0,-395264,262480
0,269,0,935936,-621520
1035,800,0,1040384,-690880
355,-302,0,1424384,-945880
226,642,0,-638976,84320
-618,-473,-512000,774144,-514080
-555,-1374,0,-1100800,731000
1032,913,-630784,1062912,-1124720
3414,584,-335872,-1536000,796960
2814,1626,-81920,-1644544,1037680
-688,-90,0,769024,-510680
-1254,1767,-282624,-349184,44200
794,848,0,-105472,70040
836,1376,-389120,-135168,-168640
-773,350,-147456,932864,-717400
334,193,0,334848,-222360
1316,1612,-868352,394240,-838440
3603,710,-184320,-328704,95880
1619,1530,0,-748544,497080
-71,1404,-454656,1016832,-977160
1966,1235,-28672,-849920,545360
2108,1412,0,-823296,546720
-257,1682,0,496640,-329800
503,1109,0,-102400,68000
2783,1124,0,-752640,499800
1527,2163,0,80896,-53720
1644,1838,0,-19456,12920
2605,1727,0,-487424,323680
3459,2296,0,267264,-177480
2529,2102,0,447488,-297160
1336,2264,0,-201728,133960
1793,2373,0,4096,-2720
9178,5686,0,0,0
11741,10733,0,0,0
12756,13581,0,0,0
0,4114,0,0,0
0,376,0,0,0
0,-175,0,0,0
0,1794,0,0,0
0,-549,0,0,0
0,-478,0,0,0
0,2458,0,0,0
0,-942,0,0,0
0,-833,0,0,0
-13415,-2624,0,0,0
-30050,-30439,0,0,0
-32687,-33438,0,0,0
-30700,-24525,0,0,0
-18811,-29669,0,0,0
-6211,-11914,0,0,0
2146,63,0,0,0
9516,6597,0,0,0
14597,14624,0,0,0
18764,14039,0,0,0
15912,18669,0,0,0
3889,9208,0,0,0
-4358,-735,0,0,0
-7071,-7900,0,0,0
-1521,-3360,0,0,0
-358,42,0,0,0
1522,472,0,0,0
178,222,0,0,0
358,1251,0,0,0
-447,-677,0,0,0
0,-542,0,0,0
0,837,0,0,0
89,-346,16384,6773760,-4487320
0,-399,0,-432128,286960
0,872,0,884736,-587520
0,-407,0,-404480,268600
0,-460,0,-472064,313480
0,837,0,849920,-564400
0,-355,0,-365568,261120
0,-470,0,-474112,296480
0,837,0,860160,-571200
0,-360,0,-368640,244800
0,-466,0,-483328,320960
0,773,0,799744,-531080
-89,-343,0,467968,-310760
447,-196,0,-650240,431800
-447,718,0,792576,-526320
89,-452,0,586752,-389640
537,-333,0,-1478656,981920
-537,727,0,1019904,-677280
358,-242,0,-3072,2040
-447,-582,0,-817152,542640
0,734,0,1163264,-772480
0,-255,0,-603136,400520
89,-540,0,-471040,312800
90,728,0,921600,-612000
-179,-213,0,306176,-203320
0,-506,0,-32768,21760
0,666,0,894976,-594320
0,-211,0,-476160,316200
0,-455,0,-183296,121720
179,614,0,538624,-357680
179,233,0,-344064,228480
-358,-493,0,-527360,350200
0,482,0,9216,-6120
0,-286,0,-924672,614040
268,-496,0,-527360,350200
1164,1066,0,243712,-161840
-1164,-254,0,262144,-174080
-805,-408,0,-329728,218960
2506,906,0,-326656,216920
-806,-250,0,-1090560,724200
-1074,305,0,-1173504,779280
-89,689,0,1104896,-733720
716,-1006,0,-112640,74800
2058,1251,0,-2117632,1406240
-3758,-791,0,1815552,-1205640
1700,-856,0,1716224,-1139680
-716,-155,0,3776512,-2507840
179,224,0,2449408,-1289200
358,22,0,1910784,0
1342,600,0,2948096,0
-1879,137,0,2338816,0
-268,557,0,2109440,0
268,-666,0,-102400,0
-179,943,0,1558528,0
179,-178,0,297984,0
268,-123,0,-2103296,0
3759,-311,0,-523264,0
-4027,-241,0,-432128,0
2237,1476,0,-1764352,0
-2595,-2106,0,-4493312,0
3848,1885,0,-2385920,88320
-5280,-1946,0,-9416704,6253280
7965,1655,0,-11013120,7313400
-6175,53,0,-18415616,6345000
716,-2929,0,-32302080,0
-716,29,0,-18929664,0
0,537,0,-389120,0
89,-122,0,-1779712,0
8643,5270,12288,-279552,0
-7748,561,36864,1250304,0
-716,-4939,0,-1440768,0
-268,-878,270336,-243712,0
0,607,0,530432,0
-89,-476,0,-1090560,0
-90,88,417792,-38912,0
-11066,-5533,417792,502784,0
-9240,-11872,266240,-907264,0
-11497,-13182,385024,-261120,0
708,-1470,0,517120,0
13141,8816,593920,-634880,0
5078,10530,147456,-271360,0
537,1459,811008,447488,0
-5219,-5305,851968,-518144,0
3952,872,0,-202752,0
4683,3562,1777664,304128,0
2658,2888,0,-390144,0
15029,10396,3584000,-268288,0
3056,8898,0,-66560,0
-4929,-3985,2994176,-185344,0
-6891,-6256,1748992,-59392,0
-179,41,3457024,-142336,0
-5638,-4019,0,-134144,0
4117,-316,0,-16384,0
1879,3026,0,-286720,0
-2148,622,0,0,0
-3490,-4361,0,0,0
2864,2247,0,0,0
-1880,-833,0,0,0
-2774,-3461,0,0,0
-1822,-886,0,0,0
-1442,-2435,0,0,0
-1656,-2222,0,0,0
-368,151,0,0,0
905,-22,0,0,0
4114,2600,0,0,0
7697,6601,0,0,0
14427,14433,0,0,0
9698,14309,0,0,0
-6727,-2669,0,0,0
-8481,-10589,0,0,0
-8917,-11459,0,0,0
-6623,-3537,0,0,0
-7828,-9902,0,0,0
-6532,-8022,0,0,0
-1756,-1877,0,0,0
4192,1709,0,0,0
8262,7361,0,0,0
10285,9491,0,0,0
6891,7535,-17788928,96380928,-20000000
1731,4682,0,1769472,0
-3431,-527,0,774144,0
-3580,-4627,0,-2314240,0
-1522,-2892,0,-2390016,1347000
-89,540,0,126976,-84320
0,-584,16384,-496640,340680
537,-36,0,-296960,197200
537,1478,0,840704,-558280
-716,-785,0,-1229824,858160
-358,-1019,0,-870400,536520
0,873,0,881664,-585480
358,-327,-16384,-724992,470560
-358,-479,0,459776,-305320
626,1147,0,477184,-316880
-626,-684,16384,-565248,386240
268,-344,0,-402432,267240
90,879,0,1238016,-822120
0,-381,0,-752640,499800
-90,-536,0,-258048,171360
358,1009,0,650240,-431800
-358,-471,0,-34816,23120
0,-388,0,-238592,158440
269,1027,0,551936,-366520
-269,-752,0,49152,-32640
-179,-414,0,280576,-186320
90,883,0,1460224,-969680
358,-524,0,237568,-157760
-895,-380,0,-181248,120360
-537,-629,0,1722368,-559560
2237,520,0,-1402880,347400
-1879,95,0,-455680,302600
1700,528,0,-86016,57120
-1074,754,0,122880,-81600
627,-986,0,-3866624,2567680
1342,3054,0,3399680,-2257600
-1253,-1814,0,-2635776,1750320
5281,2638,0,51200,-34000
-5370,-1262,0,-2318336,1710200
8423,880,0,-2471936,1470840
-7081,122,0,-3401728,2258960
-2058,-638,0,154624,-100640
2506,-1228,0,-2457600,1629960
1790,1712,0,-6244352,4146640
179,318,0,-1299456,862920
-90,-865,0,-5170176,3433320
2954,2929,0,-7145472,1935880
-3312,-1001,0,-2677760,0
-1521,-588,0,-5949440,0
-1522,-3348,0,147456,0
-1163,-120,0,2108416,0
984,-863,0,7394304,0
-1252,-37,0,11253760,-5343360
2953,684,0,7552000,-5015000
-2506,-191,0,8642560,-5739200
0,-120,0,8658944,-3902440
0,1082,0,2651136,0
0,257,0,1922048,0
2864,523,0,23552,0
716,317,0,2113536,0
-2954,695,0,-411648,0
7108,715,0,-3923968,0
-7018,-620,0,988160,0
1790,-956,0,-3719168,0
-895,1065,0,-3742720,874400
895,2178,0,310272,-206040
2864,-1809,12288,-8238080,5478760
-1880,2294,24576,-4569088,3050480
4614,-3299,61440,-6663168,4465560
-13116,-5068,122880,-12516352,6336840
-3240,-3550,172032,-16322560,0
-3983,-3213,24576,-11702272,0
2061,771,0,-25900032,0
21702,11332,122880,-6722560,0
8749,7528,0,708608,0
-1786,3195,24576,-1003520,0
-6878,-1982,-24576,-715776,0
1131,117,98304,526336,0
-1188,-2795,0,-566272,0
-864,701,462848,-369664,0
-370,1826,0,463872,0
9161,2583,0,-286720,0
8611,6291,475136,-242688,0
422,1314,0,388096,0
295,4657,0,0,0
14125,12022,0,0,0
18880,12021,0,0,0
15935,19721,0,0,0
996,6302,0,0,0
0,92,0,0,0
0,419,0,0,0
0,298,0,0,0
0,375,0,0,0
0,148,0,0,0
0,33,0,0,0
0,788,0,0,0
0,-20,0,0,0
0,-163,0,0,0
0,1319,0,0,0
0,-293,0,0,0
0,-373,0,0,0
-10547,-1787,0,0,0
-22952,-21498,0,0,0
-21123,-23858,0,0,0
-17592,-11181,0,0,0
-10739,-16974,0,0,0
-17856,-20427,0,0,0
-11969,-9887,0,0,0
-7749,-12052,0,0,0
-6304,-7944,0,0,0
-5059,-3356,0,0,0
-2678,-4904,0,0,0
858,-984,0,0,0
1168,1425,0,0,0
3462,1935,0,0,0
6565,5651,0,0,0
9296,7082,0,0,0
8994,10018,0,0,0
9078,10096,0,0,0
6928,6880,0,0,0
8040,8385,0,0,0
1521,3609,0,0,0
806,1680,0,0,0
-627,-500,0,0,0
-805,-1134,0,0,0
-2506,-702,0,0,0
-2864,-3538,0,0,0
-1611,-2909,0,0,0
0,739,0,0,0
1522,633,0,0,0
0,-71,0,0,0
-90,861,0,0,0
0,-514,0,0,0
90,-346,0,0,0
0,922,0,0,0
0,-499,0,0,0
0,-416,0,0,0
0,928,0,0,0
0,-520,-1593344,86773760,-14721920
0,-394,0,-416768,276760
0,909,0,943104,-626280
0,-523,16384,-532480,364480
0,-406,-16384,-413696,263840
0,916,16384,932864,-608600
0,-517,0,-527360,350200
0,-403,0,-410624,272680
0,931,0,949248,-630360
0,-536,0,-545792,362440
0,-400,0,-408576,271320
0,924,0,941056,-624920
358,-542,0,-413696,274720
179,-247,0,54272,-36040
-179,1078,0,1348608,-895560
0,-1073,0,-930816,618120
358,402,0,-340992,226440
358,872,0,1703936,-1131520
-358,-1268,0,-1411072,937040
626,437,0,-560128,342720
-1342,950,0,1710080,-1106360
89,-810,0,82944,-55080
90,-515,0,-497664,330480
716,1213,0,865280,-574600
-1701,-895,0,795648,-528360
-89,-1626,0,299008,-198560
2774,1253,0,906240,-601800
2775,2278,0,-79872,53040
-7797,-1799,0,1024,-680
4127,27,0,484352,-416840
2417,1921,0,60416,55080
-5509,-3486,0,-4032512,2677840
3092,2451,0,2669568,-1772760
1432,-2329,0,-3910656,2596920
-4027,2335,0,2197504,-1459280
6265,-1322,0,-2767872,1838040
-9761,-185,0,33792,-22440
10835,154,0,-2968576,1971320
-10750,-443,0,923648,-613360
10034,2610,0,-323584,214880
-8525,-3348,0,-2177024,1445680
6287,3944,0,811008,-538560
1522,-2347,0,-2575360,1710200
-6811,2812,0,1459200,-969000
6900,-1357,0,-334848,222360
-6271,4,0,647168,-429760
7256,-1040,0,-312320,207400
-10477,98,0,2565120,-1703400
9940,639,0,1794048,-1191360
-537,-1534,0,1209344,-803080
1700,1849,0,3586048,-2381360
-1432,534,0,5177344,-3242160
-6376,613,0,2313216,0
6555,1447,0,2997248,0
1253,184,0,1651712,0
-4296,-168,0,660480,0
1969,-293,0,-489472,0
2327,473,0,-1690624,0
179,912,0,-2619392,0
-358,1708,0,-4489216,910440
4833,1013,0,-6515712,4326840
5890,1900,0,-2376704,1578280
-3742,21,0,-3680256,2443920
-6981,-819,0,-9764864,6484480
2327,157,0,-8181760,4256040
1969,275,0,-11953152,0
-2685,-647,0,-17369088,0
-269,797,0,-13915136,0
-1163,-1695,0,-13756416,0
-14142,-10464,0,-4838400,0
-6015,-7228,0,458752,0
-4548,-5729,0,-332800,0
-1171,-3366,0,-887808,0
-359,1500,0,217088,0
3074,863,0,-222208,0
2114,1773,0,-380928,0
-433,1631,0,1801216,0
642,495,0,6818816,0
529,-381,0,6515712,0
3428,2979,0,2987008,0
878,3004,0,499712,0
-272,-934,0,3222528,0
1182,1967,0,4113408,0
-743,-551,0,3905536,0
-878,-2040,0,2460672,0
2405,4149,0,1301504,0
1706,1762,0,1616896,0
340,-678,0,1043456,0
-792,2521,0,2132992,0
-170,-1653,0,663552,0
57,-2868,0,0,0
-6021,-359,0,0,0
-5853,-5878,0,0,0
-5514,-8773,0,0,0
-1760,746,0,0,0
-2427,-2592,0,0,0
-2858,-6213,0,0,0
-4922,-449,0,0,0
-12266,-11373,0,0,0
-8607,-12338,0,0,0
-2754,1790,0,0,0
62391,33824,0,0,0
58722,67459,0,0,0
23784,31851,0,0,0
0,4669,0,0,0
0,-1587,0,0,0
0,1004,0,0,0
0,-1128,0,0,0
0,-930,0,0,0
0,1057,0,0,0
0,-248,0,0,0
0,-321,0,0,0
0,1780,0,0,0
0,-520,0,0,0
0,-989,0,0,0
0,497,0,0,0
0,-1796,0,0,0
0,-442,0,0,0
0,882,0,0,0
0,261,0,0,0
0,-183,0,0,0
0,1128,0,0,0
0,-606,0,0,0
-333,-683,0,0,0
-12168,-6364,0,0,0
-13733,-15567,0,0,0
-27808,-23835,0,0,0
-32661,-25616,0,0,0
-27884,-35000,0,0,0
-10550,-16893,0,0,0
-5523,-4665,0,0,0
-7475,-7560,0,0,0
-8649,-8900,0,0,0
-10710,-8327,0,0,0
0,-4623,0,0,0
0,-531,0,0,0
0,1010,0,0,0
0,39,0,0,0
0,-149,0,0,0
0,1782,0,0,0
2811,470,0,0,0
2333,6097,0,0,0
-5144,-3948,0,0,0
8930,1772,0,0,0
8702,9665,0,0,0
7095,6752,0,0,0
9659,8138,0,0,0
16209,14120,0,0,0
17275,15483,0,0,0
10340,15781,0,0,0
-4385,271,0,0,0
-10684,-8203,0,0,0
-7238,-10169,0,0,0
-1781,-3352,0,0,0
1605,994,0,0,0
913,546,0,0,0
996,1322,0,0,0
1456,1265,0,0,0
726,635,0,0,0
250,700,0,0,0
150,259,0,0,0
472,-233,0,0,0
-170,552,0,0,0
-57,-124,0,0,0
-956,-1111,0,0,0
-1807,-879,0,0,0
-1195,-1633,0,0,0
-452,-1219,0,0,0
-15,505,0,0,0
-15,-110,0,0,0
0,-495,0,0,0
0,686,0,0,0
0,-177,0,0,0
0,-504,0,0,0
0,743,0,0,0
30,-243,0,0,0
0,-495,0,0,0
0,778,0,0,0
0,-321,0,0,0
0,-474,0,0,0
0,737,0,0,0
0,-304,0,0,0
0,-448,0,0,0
0,794,0,0,0
0,-353,0,0,0
0,-445,0,0,0
0,827,0,0,0
0,-401,0,0,0
0,-444,0,0,0
0,852,0,0,0
0,-442,0,0,0
0,-431,0,0,0
0,868,0,0,0
0,-465,0,0,0
0,-416,0,0,0
0,889,0,0,0
0,-491,0,0,0
0,-411,0,0,0
0,898,0,0,0
0,-512,0,0,0
0,-403,0,0,0
0,898,0,0,0
0,-499,0,0,0
0,-414,0,0,0
0,901,0,0,0
0,-511,0,0,0
0,-405,0,0,0
0,901,0,0,0
0,-519,0,0,0
0,-392,0,0,0
0,896,0,0,0
0,-551,0,0,0
0,-207,0,0,0
0,736,0,0,0
0,-527,0,0,0
0,-75,0,0,0
0,578,0,0,0
0,-526,0,0,0
0,63,0,0,0
0,436,0,0,0
0,-522,0,0,0
0,193,0,0,0
0,328,0,0,0
0,-545,0,0,0
0,217,0,0,0
0,297,0,0,0
0,-539,0,0,0
