R
StartTickMs,measCycleMs,Px,Ix,Dx,Py,Iy,Dy,Pz,Iz,FFrx,FFry,FFdrx,FFdry,satI,satPID,KFQAng,KFQbias,KFRmeas,CPx,CIx,CPy,CIy,CsatI,CsatPID,CFFdrx,CFFdry,IRelaxX,IRelaxY,DmaxR,DmaxE,DMx,DMy
142485,10,58,70,47,58,70,47,250,0,0,0,100,100,500000,15000000,500,1,10000,100,0,100,0,100000,10000000,0,0,1001,1024,0,0,0,0
aPT1P,aKFPT11P,PIDCRefXi,PIDCSensXi,PIDCUXi
11669,12915,503808,526336,-8800
0,-214,0,0,0
0,1085,0,0,0
0,-137,0,0,0
0,-466,0,0,0
0,-325,0,0,0
0,-204,0,0,0
0,1197,0,0,0
0,-350,0,0,0
0,-412,0,0,0
0,-292,0,0,0
0,338,0,0,0
0,680,0,0,0
0,-436,0,0,0
0,-393,0,0,0
0,-255,0,0,0
0,894,0,0,0
0,93,0,0,0
0,-476,0,0,0
0,-331,0,0,0
0,-231,0,0,0
0,1122,0,0,0
0,-210,0,0,0
0,-452,0,0,0
0,-298,0,0,0
0,-60,0,0,0
0,1079,0,0,0
0,-395,0,0,0
0,-420,0,0,0
0,-267,0,0,0
0,555,0,0,0
0,450,0,0,0
0,-443,0,0,0
0,-381,0,0,0
0,-247,0,0,0
0,1012,0,0,0
0,-48,0,0,0
0,-472,0,0,0
0,-320,0,0,0
0,-222,0,0,0
0,1171,0,0,0
0,-290,0,0,0
0,-442,0,0,0
0,-297,0,0,0
0,228,0,0,0
0,801,0,0,0
0,-443,0,0,0
0,-382,0,0,0
0,-264,0,0,0
0,741,0,0,0
0,248,0,0,0
0,-467,0,0,0
0,-341,0,0,0
0,-235,0,0,0
0,1111,0,0,0
0,-211,0,0,0
0,-435,0,0,0
0,-316,0,0,0
0,-60,0,0,0
0,1077,0,0,0
0,-402,0,0,0
0,-401,0,0,0
0,-279,0,0,0
0,568,0,0,0
0,453,0,0,0
0,-470,0,0,0
0,-361,0,0,0
0,-250,0,0,0
0,988,0,0,0
0,-33,0,0,0
0,-466,0,0,0
0,-333,0,0,0
0,-209,0,0,0
0,1175,0,0,0
0,-323,0,0,0
0,-421,0,0,0
0,-293,0,0,0
0,227,0,0,0
0,793,0,0,0
0,-443,0,0,0
0,-377,0,0,0
0,-262,0,0,0
0,878,-503808,12290048,-4997600
0,84,0,89088,-34800
0,-453,0,-466944,182400
0,-347,0,-364544,142400
0,-219,0,-228352,89200
0,1138,0,1180672,-461200
0,-255,0,-265216,103600
0,-430,0,-447488,174800
0,-310,0,-320512,125200
0,-47,0,-46080,18000
0,1062,0,1101824,-430400
0,-416,0,-432128,168800
-141,-431,0,-39936,15600
-85,-465,0,-1011712,395200
-396,805,0,2080768,-812800
707,417,0,-224256,87600
-622,-616,0,978944,-382400
-403,-490,0,-1993728,778800
884,288,0,1805312,-705200
226,1085,0,-143360,56000
-453,-243,0,545792,-213200
425,-574,0,-964608,376800
-679,-347,0,-533504,208400
367,-299,0,164864,-64400
312,724,0,1136640,-444000
-2006,-1106,0,318464,-124400
-1553,-1343,0,-894976,349600
2440,63,0,-168960,66000
-2329,834,0,701440,-274000
3052,502,0,-271360,106000
-649,-836,0,-4096,1600
-555,-213,0,-204800,80000
1571,1220,0,-321536,125600
-735,992,0,1012736,-395600
85,443,0,464896,-181600
396,219,0,-983040,384000
-283,-512,0,-714752,279200
1867,5,0,-813056,317600
-566,1658,0,662528,-258800
1858,281,0,-1349632,527200
1348,392,0,-1530880,598000
-1015,-12,0,-282624,110400
-167,1316,0,279552,-109200
1851,1180,0,-315392,123200
939,306,0,-1165312,455200
1018,155,0,-441344,172400
-660,253,0,-797696,311600
-169,1275,0,1422336,-555600
1149,-98,0,46080,-18000
940,115,0,59392,-23200
0,136,0,-411648,160800
-484,-278,0,417792,-163200
1781,1271,0,999424,-390400
208,354,0,-150528,58800
48,-87,0,-244736,67200
2410,830,0,-419840,192400
-100,85,0,-379904,148400
-212,1168,0,372736,-145600
765,152,0,-1053696,411600
-1105,195,0,-1476608,576800
226,308,0,115712,-45200
1827,2201,0,1395712,-545200
322,439,0,-1115136,435600
372,413,0,-451584,176400
2922,1484,0,-1487872,581200
703,1439,0,788480,-245600
1890,925,0,546816,-276000
4089,2850,0,-61440,24000
-246,1630,0,-581632,227200
4097,2502,0,-1528832,597200
3263,2803,0,765952,-299200
4289,3192,0,1637376,-639600
3753,4757,0,674816,-263600
4715,4407,0,161792,-63200
6667,5983,0,0,0
12263,7894,0,0,0
4646,9832,0,0,0
0,2199,0,0,0
0,247,0,0,0
0,34,0,0,0
0,1534,0,0,0
0,16,0,0,0
0,-228,0,0,0
0,-211,0,0,0
0,925,0,0,0
0,1710,0,0,0
0,-617,0,0,0
0,-623,0,0,0
0,-391,0,0,0
0,3155,0,0,0
0,235,0,0,0
-12628,-7811,0,0,0
-27692,-27498,0,0,0
-32073,-33437,0,0,0
-31221,-19777,0,0,0
-21894,-30435,0,0,0
-7292,-16583,0,0,0
5197,609,0,0,0
10226,7642,0,0,0
13776,10864,0,0,0
16269,16362,0,0,0
17022,18384,0,0,0
9470,13409,0,0,0
970,3679,0,0,0
-3480,-1610,0,0,0
-4265,-4727,0,0,0
-3972,-4680,0,0,0
-3133,-4350,0,0,0
3707,2492,0,0,0
3313,3581,0,0,0
735,1635,0,0,0
-1829,-1449,0,0,0
-1590,-1129,0,0,0
0,155,0,0,0
924,129,0,0,0
111,-33,0,0,0
0,-205,0,0,0
0,985,0,0,0
0,-67,0,0,0
0,-446,0,0,0
0,-329,0,0,0
0,-218,0,0,0
0,1184,0,0,0
0,-357,0,0,0
0,-425,0,0,0
0,-270,0,0,0
0,548,0,0,0
0,429,0,0,0
0,-441,0,0,0
0,-374,0,0,0
0,-246,0,0,0
0,1094,0,0,0
0,-175,0,0,0
0,-442,0,0,0
0,-327,0,0,0
0,-61,0,0,0
0,1068,0,0,0
0,-407,0,0,0
0,-418,0,0,0
0,-264,0,0,0
0,731,0,0,0
0,243,0,0,0
0,-455,0,0,0
0,-365,0,0,0
0,-235,0,0,0
0,1117,0,0,0
0,-223,0,0,0
0,-439,0,0,0
0,-313,0,0,0
0,79,0,0,0
0,919,0,0,0
0,-417,0,0,0
0,-406,0,0,0
0,-255,0,0,0
0,883,0,5961728,-2328800
0,79,0,80896,-31600
0,-461,0,-476160,186000
0,-354,0,-363520,142000
0,-217,0,-226304,88400
0,1153,0,1200128,-468800
0,-298,0,-314368,122800
0,-445,0,-457728,178800
0,-284,0,-296960,116000
0,333,0,345088,-134800
0,667,0,694272,-271200
0,-443,0,-523264,204400
148,-459,0,-883712,345200
-37,-12,0,599040,-234000
1764,1928,0,396288,-154800
255,486,0,171008,-66800
-623,-1216,0,-338944,132400
-805,-546,0,-143360,56000
-147,-35,0,-731136,285600
739,1433,0,1061888,-414800
-185,-413,0,401408,-156800
1304,188,0,-662528,258800
-2191,-677,0,169984,-66400
1257,272,0,674816,-263600
1471,836,0,571392,-223200
-2876,91,0,463872,-181200
-3923,-4676,0,-287744,112400
-5549,-3110,0,4905984,-1916400
5907,219,0,-434176,169600
-5728,-2673,0,1350656,-527600
2595,1145,0,-2432000,950000
448,-1629,0,-4176896,1631600
-1701,-773,0,-3168256,1237600
895,761,0,-524288,204800
-1253,-600,0,-4939776,1929600
-1163,-799,0,-2281472,891200
179,-645,0,-930816,379200
-984,758,0,1426432,-572800
-179,-344,0,-323584,126400
89,32,0,-905216,353600
179,-205,0,-636928,248800
716,-207,0,-248832,97200
0,1331,0,1533952,-599200
89,-348,0,-443392,173200
1522,-181,0,-513024,200400
-716,-356,0,-412672,161200
-895,216,0,919552,-359200
0,688,0,957440,-374000
-537,-511,0,-702464,274400
-2148,-644,0,-503808,196800
1253,-403,0,-220160,86000
-89,1320,0,1631232,-637200
805,-198,0,-373760,146000
358,-540,0,-164864,64400
716,-420,0,-9216,3600
-358,382,0,69632,-27200
-1700,931,0,1677312,-655200
-537,-622,0,-942080,368000
447,-298,0,-850944,332400
627,-574,0,-755712,295200
-90,757,0,978944,-382400
1432,563,307200,114688,75200
1790,27,184320,-591872,303200
-90,-476,49152,-580608,268000
-805,-517,548864,-441344,364800
-1163,1218,0,1909760,-746000
-1164,477,475136,568320,-36400
5191,-168,12288,-1658880,652800
-6265,-1722,45056,-81920,49600
5280,-79,0,857088,-334800
3670,305,0,-558080,218000
-12619,-1223,0,2269184,-886400
537,818,1363968,-3169280,1770800
-1074,1003,0,4448256,-1737600
22264,1849,1351680,-4930560,2454000
-24131,-2462,217088,2325504,-823600
7505,-1923,634880,-1307648,758800
-5101,8772,106496,2054144,-951600
16355,-10637,1789952,-6043648,3250800
1621,6147,0,2413568,-942800
-35411,-2711,0,1147904,-448400
41884,4152,3821568,-4082688,3087600
-6840,655,0,1964032,-767200
-40367,-5038,991232,-1873920,1119200
48565,5462,1810432,782336,401600
-10376,463,454656,-2777088,1262400
-31151,-11482,950272,562176,151600
27444,12714,0,90112,-35200
9032,-599,0,-1159168,452800
-15118,-4079,3239936,-2156544,2108000
-18227,-4354,5083136,-227328,242800
41008,9553,753664,233472,0
-12914,-3696,2662400,-749568,0
-27830,-3882,1138688,-1577984,0
38426,7392,1179648,415744,0
-6320,-1204,0,-1414144,0
-44351,-9702,6594560,1644544,0
66093,14409,0,-1828864,0
-39107,-5133,6184960,888832,0
-3848,-2045,1257472,-1183744,0
35239,2414,0,-1116160,0
-47708,1517,0,7439360,0
39552,-1013,21929984,-7213056,0
-25920,-4978,-598016,387072,0
6086,3661,598016,494592,0
12980,-1725,-598016,-3156992,0
-31627,-3144,0,-122880,0
47626,6665,0,563200,0
-48265,-8769,0,-545792,0
33797,13437,0,6775808,0
-13706,-9466,-598016,-7236608,0
-2416,1769,-12976128,2023424,0
985,2524,-3330048,4878336,0
16369,-1874,0,-8327168,0
-32633,-7240,-21336064,5894144,0
29587,5514,-12886016,-906240,-622400
-12250,394,-2969600,890880,-1508000
5907,-1490,-6107136,845824,-2716000
-8323,4272,-688128,2759680,-1346800
2148,-4597,0,-3905536,1525600
-89,4929,0,5204992,-2033200
16949,-1155,-2297856,-934912,-532400
-30550,-4351,-786432,1879040,-1041200
13690,5488,-258048,709632,-378000
14427,-159,0,-2450432,957200
-11384,-1699,-282624,3501056,-1478000
-3222,-1210,0,224256,-87600
-1342,438,0,119808,-46800
626,-7,0,-1888256,737600
984,950,0,2442240,-954000
1432,-20,-12288,1546240,-608800
-1432,-919,-12288,399360,-160800
537,-646,0,-933888,364800
-268,-469,0,-675840,264000
1521,1610,-16384,2439168,-959200
1432,-363,16384,-71680,34400
806,-195,0,-8192,3200
2774,601,0,-79872,31200
-1969,696,0,1105920,-432000
-1342,457,0,411648,-160800
-2954,-728,0,-551936,215600
-626,-850,0,-164864,64400
537,-308,0,-328704,128400
2864,1811,12288,1489920,-568400
2953,-502,12288,-183296,67600
2120,168,0,-293888,114800
-148,444,12288,252928,-94000
813,-123,0,777216,-303600
-2069,1355,0,894976,-349600
-5459,-184,0,-115712,45200
-269,130,0,-289792,113200
-1163,-989,0,-57344,22400
716,833,-12288,1872896,-736400
0,-801,0,-123904,48400
984,-485,-24576,-501760,186400
1701,-151,0,246784,-96400
3132,713,0,415744,-162400
2760,1131,-16384,1790976,-706000
370,-349,0,-470016,183600
-1516,487,0,-166912,65200
-37,705,0,-41984,16400
-2651,271,0,1953792,-763200
-1879,-312,0,428032,-167200
-895,-390,0,-207872,81200
-716,-326,0,-379904,148400
-1611,-938,0,39936,-15600
716,996,0,1781760,-696000
3222,-309,0,-580608,226800
2864,9,-24576,-925696,352000
-2596,-315,-12288,284672,-116000
2991,1648,0,1778688,-694800
3313,355,0,306176,-119600
2150,80,-49152,-403456,138400
-396,701,24576,-220160,95600
-114,-211,0,319488,-124800
-452,1152,0,1930240,-754000
1122,26,-12288,-428032,162400
809,3,0,-508928,198800
-1309,699,0,-157696,61600
-2350,-583,0,1359872,-531200
625,764,0,664576,-259600
-1734,-172,-61440,-520192,179200
2299,132,-86016,-162816,30000
-931,268,0,-614400,240000
-2773,-171,-36864,1970176,-784000
-5040,-75,0,-417792,163200
179,-663,-12288,-615424,235600
1969,336,0,-685056,267600
537,1184,12288,1127424,-435600
90,87,12288,933888,-360000
-269,-1080,86016,-910336,389200
-984,-297,36864,-689152,283600
3962,-553,0,-487424,190400
2695,3178,0,2484224,-970400
-1660,-173,86016,-671744,296000
776,-470,0,-267264,104400
-184,-297,0,-793600,310000
1831,756,0,496640,-194000
-2534,892,36864,1381376,-525200
2365,-372,0,-1053696,411600
113,-400,0,-628736,245600
-3624,-309,16384,-521216,214000
-333,2050,0,2135040,-838000
-37,-368,0,-221184,86400
259,-66,-16384,-572416,217200
1220,-259,16384,-514048,207200
1638,578,0,-666624,260400
339,1399,0,2266112,-885200
-1718,-448,0,-904192,353200
-259,-253,0,-437248,170800
185,520,0,-521216,203600
1368,985,0,1468416,-573600
5398,1077,0,360448,-140800
2775,137,36864,-807936,330000
2711,88,0,-1060864,414400
90,-1232,12288,265216,-98800
-3398,1339,36864,1460224,-556000
-3978,-954,24576,-847872,340800
-119,1193,36864,-686080,282400
3061,1572,49152,-910336,374800
4675,-272,0,894976,-349600
3976,1190,49152,539648,-191600
-1107,-959,24576,-96256,47200
-3962,-122,122880,-585728,276800
-5456,-423,61440,-782336,329600
125,2560,0,468992,-183200
2710,86,0,-1531904,598400
226,-749,430080,-2656256,1205600
-1055,-960,65536,2155520,-816400
3995,2681,151552,883712,-286000
3283,1036,53248,-882688,365600
715,-940,102400,-2069504,848400
-3950,-353,28672,2428928,-937600
846,949,0,247808,-96800
4737,2061,278528,-1662976,758400
-111,335,0,-833536,325600
-4190,-1355,163840,659456,115200
-4685,-40,106496,-36864,-252800
1899,1221,0,-2909184,1136400
2064,1142,565248,1176576,-238800
-3171,-860,1462272,1888256,-166400
5294,-276,0,-4934656,1927600
-5173,-3082,737280,-930816,651600
2346,4733,0,3416064,-1334400
2266,-1988,696320,-3003392,1445200
-6373,-1770,0,495616,-193600
5976,2112,512000,-339968,332800
4317,-2493,0,-2174976,849600
-8898,1571,1204224,1390592,-72800
-1206,1097,0,-1073152,227600
8909,-972,0,-2406400,1131600
-5440,-2271,0,1738752,-679200
6682,3315,2879488,555008,698000
-4807,-2628,106496,-1499136,837200
-3997,464,110592,122880,-4800
9651,-2354,0,-3933184,1536400
-9530,-187,0,2571264,-1004400
3816,2150,0,-1581056,617600
-9457,-2431,0,346112,-135200
11712,1375,-110592,-570368,179600
-6174,-4781,0,-1922048,750800
-3352,3314,0,2142208,-836800
1666,-1889,0,-3120128,1218800
-997,84,331776,2697216,-924000
-6592,-6362,0,-3623936,1415600
11667,3387,1441792,622592,320000
-11076,311,258048,2347008,-904000
1345,-2978,0,-631808,334800
5898,-1169,0,394240,-154000
-8352,-134,14270464,1745920,4510400
-998,-2229,552960,-1053696,0
6109,1135,0,4096,0
-5813,198,0,452608,0
480,-2425,0,-594944,0
7771,1087,0,-412672,0
-6255,1927,38285312,438272,0
-10396,-2590,0,-1214464,0
11895,1049,0,472064,0
-9300,917,-598016,723968,0
1343,-870,0,-822272,0
17237,1415,0,-648192,0
-8431,-1305,0,1359872,0
-4714,-4080,0,-1567744,0
-1586,4067,0,1202176,0
-6444,-1267,0,-583680,0
13310,579,0,1025024,0
3404,2178,0,-822272,0
-6281,-1784,0,392192,0
-9091,-1946,0,-660480,0
2417,2139,0,1559552,0
11144,-796,0,-1944576,0
-14008,-2039,0,1212416,0
13770,5891,0,842752,0
-2458,-4457,0,-1251328,0
-8538,2000,-1777664,1772544,0
13898,389,-13721600,-2829312,0
-12287,-1067,0,4476928,0
18732,2096,-23015424,-272384,-216000
-24370,-3041,-4939776,-2649088,-894800
24700,4890,-9695232,1854464,-4511600
54405,49496,-1921024,41951232,-14377600
0,13526,-5259264,8682496,0
0,-1607,-823296,-28384256,2560000
0,-41,0,-37169152,14519200
0,904,0,-3106816,1213600
0,601,0,0,0
0,-589,0,0,0
0,-92,0,0,0
0,498,0,0,0
0,330,0,0,0
0,216,0,0,0
0,-974,0,0,0
0,312,0,0,0
0,380,0,0,0
0,238,0,0,0
0,-554,0,0,0
0,-153,0,0,0
0,374,0,0,0
0,296,0,0,0
0,192,0,0,0
0,-832,0,0,0
0,278,0,0,0
-8503,-4015,0,0,0
-31435,-26498,0,0,0
-20789,-18687,0,0,0
-8770,-14019,0,0,0
-9250,-13393,0,0,0
-5728,-6671,0,0,0
34222,4989,0,0,0
50253,52461,0,0,0
0,21818,0,0,0
-18285,-459,0,0,0
18285,1859,0,0,0
0,-5479,0,0,0
0,517,0,0,0
0,2117,0,0,0
0,1950,0,0,0
0,1236,0,0,0
0,-3682,0,0,0
0,1424,0,0,0
-4211,-442,0,0,0
962,-818,0,0,0
-135134,-114237,0,0,0
-3658,-16600,0,0,0
-3561,-1090,0,0,0
4951,1660,0,0,0
2582,2272,0,0,0
2335,-1471,0,0,0
4978,-150,0,0,0
226,-126,0,0,0
-1828,-1184,0,0,0
-2501,-2945,0,0,0
-2144,825,0,0,0
-2702,-352,0,0,0
-16216,-7598,0,0,0
-1573,-7826,0,0,0
0,663,0,0,0
0,-1688,0,0,0
0,431,0,0,0
613,956,0,0,0
-613,-4689,0,0,0
0,-2324,0,0,0
0,193,0,0,0
0,855,0,0,0
0,681,0,0,0
0,-3939,0,0,0
0,1246,0,0,0
0,1383,0,0,0
0,960,0,0,0
0,-2686,0,0,0
156584,112241,0,0,0
910,46202,0,0,0
0,6042,0,0,0
0,1463,0,0,0
0,3609,0,0,0
0,-704,0,0,0
0,-1055,0,0,0
0,-800,0,0,0
0,2349,0,0,0
0,358,0,0,0
0,-1390,0,0,0
0,-966,0,0,0
-135224,-60868,0,0,0
-4463,-53779,0,0,0
27146,-5982,0,0,0
-6330,-9796,0,0,0
29913,26877,0,0,0
37410,31255,0,0,0
6103,17342,0,0,0
-2960,3014,0,0,0
-6040,-4643,0,0,0
-15976,-9955,0,0,0
4050,627,0,0,0
4338,1280,0,0,0
-941,-7605,0,0,0
-105,325,0,0,0
10783,16518,0,0,0
-5051,-5677,0,0,0
-4456,-4815,0,0,0
-11485,-10925,0,0,0
-19625,-23047,0,0,0
452,4140,0,0,0
10582,6523,0,0,0
6891,9154,0,0,0
3401,6800,0,0,0
-6623,-4011,0,0,0
-626,-2468,0,0,0
-2506,-2531,0,0,0
-1432,-2621,0,0,0
-1343,-447,0,0,0
-2237,-1524,0,0,0
7428,3360,0,0,0
358,2675,0,0,0
-895,-776,0,0,0
-358,782,0,0,0
-1432,-1615,0,0,0
1522,112,0,0,0
716,823,0,0,0
-627,352,0,0,0
-89,158,0,0,0
0,-567,0,0,0
0,-416,0,0,0
0,-252,0,0,0
0,1107,0,0,0
0,-231,0,0,0
0,-458,0,0,0
0,-304,0,0,0
0,536,0,0,0
0,408,0,0,0
0,-440,0,0,0
0,-378,0,0,0
0,-242,0,0,0
0,1134,0,0,0
0,-314,0,0,0
0,-419,0,0,0
0,-301,0,0,0
0,722,0,0,0
0,208,0,0,0
0,-458,0,0,0
0,-362,0,0,0
0,-226,0,0,0
0,1172,0,0,0
0,-382,0,0,0
0,-411,0,0,0
0,-290,0,0,0
0,868,0,0,0
0,66,0,0,0
0,-483,0,0,0
0,-345,0,0,0
0,-216,0,0,0
0,1186,0,0,0
0,-423,0,0,0
0,-399,0,0,0
0,-2