R
Px,Ix,Dx,Py,Iy,Dy,Pz,Iz,FFrx,FFry,FFdrx,FFdry,satI,satPID,KFQAng,KFQbias,KFRmeas,CPx,CIx,CPy,CIy,CsatI,CsatPID,CFFdrx,CFFdry,CFalpha,iRelaxX,IRelaxY,DmaxR,DmaxE,DMx,DMy
58,80,47,58,80,47,250,0,0,0,250,0,500000,3000000,10,1,1000,0,0,0,0,0,0,0,0,0.995,4096,1024,0,0,0,0
sysTickMs,PIDRefXi,PIDSensXi,PIDPoutXi,PIDIoutXi,PIDDoutXi,PIDFFoutXi
43557,0,200704,-45472,24355,80379,0
43567,0,200704,-45472,24355,80379,0
43577,0,200704,-45472,24355,80379,0
43587,0,200704,-45472,24355,80379,0
43597,0,200704,-45472,24355,80379,0
43607,0,200704,-45472,24355,80379,0
43617,0,200704,-45472,24355,80379,0
43627,0,200704,-45472,24355,80379,0
43637,0,200704,-45472,24355,80379,0
43647,0,200704,-45472,24355,80379,0
43657,0,200704,-45472,24355,80379,0
43667,0,200704,-45472,24355,80379,0
43677,0,200704,-45472,24355,80379,0
43687,0,200704,-45472,24355,80379,0
43697,0,200704,-45472,24355,80379,0
43707,0,200704,-45472,24355,80379,0
43717,0,200704,-45472,24355,80379,0
43727,0,200704,-45472,24355,80379,0
43737,0,200704,-45472,24355,80379,0
43747,0,200704,-45472,24355,80379,0
43757,0,200704,-45472,24355,80379,0
43767,0,200704,-45472,24355,80379,0
43777,0,200704,-45472,24355,80379,0
43787,0,200704,-45472,24355,80379,0
43797,0,200704,-45472,24355,80379,0
43807,0,200704,-45472,24355,80379,0
43817,0,200704,-45472,24355,80379,0
43827,0,200704,-45472,24355,80379,0
43837,0,200704,-45472,24355,80379,0
43847,0,200704,-45472,24355,80379,0
43857,0,200704,-45472,24355,80379,0
43867,0,200704,-45472,24355,80379,0
43877,0,200704,-45472,24355,80379,0
43887,0,200704,-45472,24355,80379,0
43897,0,200704,-45472,24355,80379,0
43907,0,200704,-45472,24355,80379,0
43917,0,200704,-45472,24355,80379,0
43927,0,200704,-45472,24355,80379,0
43937,0,200704,-45472,24355,80379,0
43947,0,200704,-45472,24355,80379,0
43957,0,200704,-45472,24355,80379,0
43967,0,200704,-45472,24355,80379,0
43977,0,200704,-45472,24355,80379,0
43987,0,200704,-45472,24355,80379,0
43997,0,200704,-45472,24355,80379,0
44007,0,8192,-1856,-72,1973,0
44017,0,9216,-2088,-144,1147,0
44027,0,13312,-3016,-207,3912,0
44037,0,8192,-1856,-275,-219,0
44047,0,3072,-696,-346,-4005,0
44057,0,11264,-2552,-395,3247,0
44067,0,5120,-1160,-445,-517,0
44077,0,7168,-1624,-492,895,0
44087,0,5120,-1160,-554,-1733,0
44097,0,12288,-2784,-621,2891,0
44107,0,5120,-1160,-693,-2663,0
44117,0,5120,-1160,-754,-2043,0
44127,0,9216,-928,-838,-4028,0
44137,0,-4096,928,-720,-2915,0
44147,0,28672,-6496,-754,13494,0
44157,0,14336,-3248,-886,550,0
44167,0,6144,-1392,-953,-8102,0
44177,0,-9216,2088,-1013,-17798,0
44187,0,24576,-5568,-725,17900,0
44197,0,22528,-5104,-909,5002,0
44207,0,2048,-464,-828,-1366,0
44217,0,24576,-5568,-902,9512,0
44227,0,-22528,5104,-783,-21550,0
44237,0,1024,-232,-685,-2927,0
44247,0,-20480,4640,-459,-13965,0
44257,0,-2048,464,94,11531,0
44267,0,3072,-696,-29,4314,0
44277,0,-12288,2784,86,-4774,0
44287,0,-9216,2088,-5,-8813,0
44297,0,-28672,6496,83,-19875,0
44307,0,18432,-4176,44,16225,0
44317,0,55296,-12528,-159,25588,0
44328,0,-44032,9976,-71,-51200,0
44338,0,72704,-16472,-248,29925,0
44348,0,57344,-12992,-555,13035,0
44358,0,-3072,696,-744,-24855,0
44368,0,-39936,9048,-247,-31579,0
44378,0,25600,-5800,-24,21228,0
44388,0,84992,-19256,-207,48078,0
44398,0,-55296,12528,33,-51223,0
44408,0,-39936,9048,-87,-47838,0
44418,0,71680,-16240,-95,52565,0
44428,0,57344,-12992,-33,40011,0
44438,0,58368,-13224,-124,27114,0
44448,0,79872,-18096,-209,39943,0
44458,0,8192,-1856,21,-10075,0
44468,0,-89088,20184,131,-34218,0
44478,0,-70656,16008,179,-50741,0
44488,0,-54272,12296,149,-29892,0
44498,0,-99328,12760,203,-18406,0
44508,0,-90112,20416,330,-39921,0
44518,0,-29696,6728,308,17498,0
44528,0,5120,-1160,408,53999,0
44538,0,-25600,5800,1161,54251,0
44548,0,-12288,2784,2113,71681,0
44558,0,-161792,36656,3239,-24981,0
44568,0,-128000,29000,4398,1973,0
44578,0,-178176,40368,5346,-43340,0
44588,0,9216,-2088,5848,64808,0
44598,0,-19456,4408,6168,20252,0
44608,0,-190464,43152,6608,-99394,0
44618,0,-126976,28768,7502,-12864,0
44628,0,-179200,40600,8742,-18245,0
44638,0,-53248,12064,10121,84992,0
44648,0,-194560,44080,11352,-33690,0
44658,0,-91136,20648,12392,34986,0
44668,0,-194560,44080,13731,-26071,0
44678,0,-177152,40136,15333,8066,0
44688,0,-261120,59160,17497,-7310,0
44698,0,-473088,107184,20234,-121528,0
44708,3072,-452608,103240,23088,-79497,526
44718,18432,-401408,95120,25753,-58957,5393
44728,33792,-204800,38976,27917,88102,4951
44738,150528,-100352,56840,29426,48216,46989
44748,202752,13312,42920,31304,79897,28976
44758,252928,-63488,71688,33270,-18819,20484
44768,337920,45056,66352,35198,26712,45768
44778,358400,86016,61712,37308,16431,18386
44788,384000,246784,31088,38796,74791,11016
44798,419840,312320,24360,40267,81963,11726
44808,428032,348160,18096,41593,73012,5630
44818,455680,315392,31784,43016,37235,7987
44828,500736,247808,57304,44423,-31085,22163
44838,500736,262144,54056,45984,-30190,5661
44848,620544,403456,49184,47748,47814,29602
44858,701440,473088,51736,50030,59427,20462
44868,993280,600064,89088,52170,82892,100067
44878,1138688,698368,99760,55682,79656,57716
44888,1197056,978944,49416,58663,158659,24139
44898,1197056,1003520,43848,60307,45772,6607
44908,1197056,1216512,-4408,60620,81825,1655
44918,1771520,1387520,87000,63217,117626,91850
44928,1771520,1573888,44776,66128,154035,23651
44938,1929216,1671168,58464,68445,93931,38551
44948,1929216,1814528,25984,69714,39851,9887
44958,1908736,2003968,-21576,68602,86071,-3548
44968,1908736,2027520,-26912,63884,6620,-954
44978,1908736,2060288,-34336,57737,-19278,-313
44988,1908736,2141184,-52664,50517,15949,-115
44998,1908736,2055168,-29464,43679,-58785,-115
45008,1908736,2097152,-42688,38017,-517,-115
45018,1908736,2020352,-25288,33428,-31246,-115
45028,1929216,2045952,-26448,31200,25014,4135
45038,2014208,1969152,10208,30003,-12267,34423
45048,1992704,1941504,11600,30593,20596,3097
45058,1971200,1939456,7192,31060,10923,-3632
45068,1949696,1837056,25520,31137,-55744,-3991
45078,1697792,1912832,-48720,27827,-6472,-72815
45088,1392640,1833984,-99992,13765,-58257,-77767
45098,1258496,1805312,-123888,-1672,-47000,-41443
45108,787456,1531904,-168664,-6135,-135975,-144753
45118,631808,1164288,-120640,-11551,-233681,-67437
45128,458752,849920,-88624,-15258,-233383,-78553
45138,401408,529408,-29000,-17586,-212545,-35592
45148,384000,387072,-696,-17359,-91683,-13413
45158,269312,109568,36192,-13165,-113473,-31479
45168,218112,-104448,74008,-6031,-142871,-21813
45178,218112,-110592,74472,684,-72279,-6043
45188,122880,-47104,38512,2572,25634,-18425
45198,122880,-136192,58696,4684,-3626,-5120
45208,33792,-221184,57768,6861,-19966,-18578
45218,12288,-189440,49416,8867,16902,-7653
45228,-4096,-370688,83056,11118,-74884,-6524
45238,0,-343040,77720,13774,-21366,-985
45248,0,-403456,91408,16473,-59083,-298
45258,0,-424960,96280,19231,-62078,-115
45268,-4096,-208896,46400,21913,91980,-2068
45278,-4096,-314368,70296,24428,7343,-611
45288,-10240,-385024,84912,27257,-26576,-1725
45298,-10240,-274432,59856,29840,62502,-23919
45308,-59392,-395264,76096,32262,-30534,-6630
45318,-59392,-316416,58232,34749,32920,-1755
45328,-123904,-361472,53824,36557,-40701,-14382
45338,-130048,-311296,41064,38113,10556,-3991
45348,-160768,-211968,11600,39126,52588,-8271
45358,-166912,-315392,33640,39884,-37844,-3434
45368,-216064,-176128,-9048,40338,61377,-17907
45378,-216064,-294912,17864,40477,-38693,-4662
45388,-216064,-339968,28072,41391,-18027,-1328
45398,-216064,-435200,49648,42424,-73358,-390
45408,-459776,-513024,12064,42249,-89158,-61104
45418,-489472,-406528,-18792,41165,23500,-29068
45428,-489472,-684032,44080,41144,-129491,-7538
45438,-489472,-757760,60784,42169,-119279,-2121
45448,-489472,-659456,38512,43696,1858,-596
45458,-489472,-732160,54984,45397,-31670,-214
45468,-489472,-795648,69368,47293,-63203,-115
45478,-480256,-668672,42688,49005,29604,1495
45488,-472064,-687104,48720,50692,-333,2998
45498,-467968,-693248,51040,52353,-16765,1632
45508,-456704,-685056,51736,53636,-33770,5447
45518,-452608,-595968,32480,54931,18152,2685
45528,-452608,-519168,15080,55985,53368,648
45538,-444416,-633856,42920,57075,-43581,1449
45549,-444416,-514048,15776,58021,37143,335
45559,-429056,-521216,20880,58993,26483,3654
45569,-420864,-557056,30856,60091,-7069,2204
45579,-420864,-626688,46632,61034,-70317,526
45589,-420864,-551936,29696,61925,22995,99
45599,-420864,-439296,4176,62586,54584,0
45609,-420864,-580608,36192,63345,-49972,0
45619,-413696,-550912,31088,64002,-34780,1548
45629,-406528,-497664,20648,64869,15915,3364
45639,-406528,-495616,20184,65895,28766,877
45649,-388096,-651264,59624,67246,-75687,3974
45659,-385024,-489472,23664,68536,44028,1449
45669,-385024,-543744,35960,69705,-5807,358
45679,-385024,-570368,41992,70925,-31716,61
45689,-377856,-557056,40600,71888,-37798,1876
45699,-377856,-468992,20648,72899,24716,450
45709,-377856,-436224,13224,73602,26919,83
45719,-380928,-510976,29464,74013,-42239,-481
45729,-380928,-388096,1624,74384,36236,-176
45739,-380928,-373760,-1624,74773,17326,-115
45749,-380928,-350208,-6960,75096,63661,-115
45759,-380928,-489472,24592,75555,-36318,-115
45769,-385024,-356352,-6496,75957,68687,-924
45779,-385024,-394240,2088,75739,23809,-283
45789,-385024,-396288,2552,75924,11968,-115
45799,-385024,-473088,19952,75957,-50707,-115
45809,-385024,-363520,-4872,75990,39334,-115
45819,-489472,-325632,-37120,74406,55238,-27947
45829,-519168,-424960,-21344,70851,-21229,-13474
45839,-519168,-471040,-10904,67357,-49089,-3518
45849,-580608,-564224,-3712,64401,-42502,-16312
45859,-580608,-414720,-37584,61062,45060,-4532
45869,-677888,-583680,-21344,58054,-56157,-34806
45879,-677888,-650240,-6264,54398,-74402,-9621
45889,-677888,-706560,6496,52004,-79141,-2518
45899,-1185792,-608256,-130848,37825,27871,-97291
45909,-1185792,-729088,-103472,22912,-8251,-25124
45919,-1930240,-1016832,-206944,-630,-107242,-176781
45929,-2368512,-1357824,-228984,-6450,-193944,-210106
45939,-2500608,-1794048,-160080,-12988,-268070,-87266
45949,-2788352,-2204672,-132240,-18428,-245488,-71404
45959,-3142656,-2445312,-157992,-21832,-107345,-142029
45969,-3142656,-3007488,-30624,-24303,-230181,-36675
45979,-3142656,-3395584,57304,-22958,-262792,-9499
45989,-3142656,-3372032,51968,-16878,-76421,-2656
45999,-3142656,-3500032,80968,-7172,-77672,-725
46009,-2583552,-3518464,211816,4135,-54092,126457
46019,-2583552,-3329024,168896,10006,27298,32554
46029,-2583552,-2930688,78648,14361,182561,8354
46039,-2583552,-2712576,29232,16710,179015,2250
46049,-2583552,-2754560,38744,17849,12071,534
46059,-2583552,-2684928,22968,17898,-18612,106
46069,-2583552,-2622464,8816,17690,1285,0
46079,-2583552,-2743296,36192,18298,-66232,0
46089,-2368512,-2837504,106256,20219,-103456,50384
46099,-2368512,-2706432,76560,23016,6517,12954
46109,-2368512,-2670592,68440,25596,22593,3524
46119,-2318336,-2740224,95584,28373,-44774,11901
46129,-2243584,-2667520,72152,31300,60310,14915
46139,-1972224,-2468864,112520,34285,89192,91911
46149,-1869824,-2488320,140128,38813,27998,46157
46159,-1325056,-2362368,235016,43070,36902,240173
46169,-1271808,-2190336,208104,49621,75101,82176
46179,-1271808,-1899520,142216,55064,118062,21141
46189,-1514496,-1552384,8584,56791,175664,-54963
46199,-1514496,-1369088,-32944,55117,156479,-14222
46209,-1698816,-1434624,-59856,49706,49891,-44465
46219,-1810432,-1612800,-44776,42737,-56559,-39124
46229,-1810432,-1651712,-35960,38747,-1802,-10125
46239,-1810432,-1841152,6960,38578,-86783,-2656
46249,-1810432,-1996800,42224,39538,-86508,-771
46259,-1792000,-1965056,39208,40787,-22445,5012
46269,-1792000,-1913856,27608,42064,25921,1342
46279,-1453056,-1890304,99064,43652,36466,133476
46289,-1379328,-1841152,122728,47348,-2686,55351
46299,-1150976,-1813504,150104,51861,39346,62225
46309,-1074176,-1640448,128296,56846,88939,26748
46319,-677888,-1417216,167504,61335,141585,112564
46329,-677888,-1207296,119944,66278,151086,30914
46339,-677888,-958464,63568,69759,178177,7934
46349,-677888,-812032,30392,71726,150030,2006
46359,-677888,-811008,30160,72850,48365,518
46369,-677888,-778240,22736,73509,20401,99
46379,-250880,-688128,99064,75150,52955,113883
46389,-194560,-580608,87464,78732,89995,40206
46399,-68608,-486400,94656,81853,95514,56724
46409,-68608,-364544,67048,84715,86989,15563
46419,0,-315392,71456,86880,21664,16395
46429,0,-179200,40600,87888,21583,4470
46439,0,8192,-1856,87570,66495,1106
46449,0,116736,-47096,84926,136008,244
46459,0,210944,-47792,81231,92864,30
46469,0,144384,-32712,76899,20149,0
46479,3072,131072,-29000,72698,1262,564
46489,6144,74752,-15544,68989,-35629,503
46499,6144,33792,-6264,65522,-58647,91
46509,43008,82944,-9048,62806,-23994,6240
46519,43008,201728,-35960,59661,53425,1678
46529,92160,262144,-38512,56122,73529,11917
46539,98304,232448,-30392,53052,31406,3440
46549,95232,176128,-18328,48426,-37718,-214
46559,95232,222208,-28768,43263,21583,-115
46569,95232,315392,-49880,37413,38612,-115
46579,95232,315392,-49880,30992,26357,-115
46589,92160,245760,-34800,25591,-17717,-863
46599,92160,161792,-15776,21733,-49823,-268
46609,92160,240640,-33640,19190,43190,-115
46619,95232,239616,-32712,16823,55766,640
46629,95232,94208,232,15526,-32600,122
46639,98304,148480,-11368,14930,56340,915
46649,98304,172032,-16704,13457,40000,213
46659,104448,72704,7192,12814,-26300,991
46669,104448,262144,-35728,11937,107035,228
46679,116736,3072,25752,9782,-109365,2723
46689,116736,168960,-11832,8561,20206,656
46699,113664,-11264,28304,7445,-105854,-863
46710,113664,159744,-10440,6542,43901,-268
46720,113664,36864,17400,6259,-43811,-115
46730,113664,230400,-26448,5358,102020,-115
46740,113664,206848,-11136,3303,22088,-115
46750,119808,229376,-24824,2927,90006,2464
46760,119808,235520,-26216,662,62353,595
46770,125952,161792,-8120,-47,12943,1388
46780,125952,143360,-3944,-325,-26495,343
46790,141312,201728,-13688,-910,-10236,4417
46800,144384,165888,-4872,-1789,-55802,1838
46810,187392,261120,-16704,-1826,34550,18447
46820,205824,274432,-15544,-1697,22742,9956
46830,205824,209920,-928,-1765,-21343,2708
46840,308224,322560,-3248,-294,39736,15930
46850,308224,191488,26448,-114,-82285,4341
46860,451584,406528,10208,393,46483,30624
46870,615424,410624,46400,1670,940,32829
46880,1173504,473088,158688,4275,9833,167228
46890,2035712,832512,272600,10505,166117,220756
46900,4209664,1015808,723608,16840,112588,914840
46910,5984256,1862656,933800,23261,362069,740798
46920,5984256,3367936,592760,39683,738746,190979
46930,8941568,4806656,936816,50845,813503,1214431
46940,8941568,6325248,592760,60262,856682,313110
46950,8941568,7538688,317840,72899,733583,80696
46960,9308160,8602624,159848,80590,576966,73448
46970,8162304,9310208,-260072,66693,425352,-286774
46980,7218176,9227264,-455184,8465,50866,-261307
46990,5558272,8611840,-691824,-9778,-242149,-678849
47000,4301824,7603200,-747968,-19758,-525974,-544282
47010,3657728,6217728,-580000,-33925,-727284,-264817
47020,2195456,4931584,-619904,-46347,-719390,-606949
47030,2195456,4067328,-424096,-57564,-498274,-166993
47040,759808,2981888,-503440,-67696,-548647,-320450
47050,759808,2202624,-326888,-79617,-501636,-88189
47060,759808,1548288,-178640,-88944,-452536,-22774
47070,125952,1488896,-308792,-96959,-93220,-120705
47080,-4096,952320,-216688,-104783,-249550,-81147
47090,-7168,861184,-196736,-111676,-71212,-21737
47100,0,508928,-115304,-116909,-145361,-2236
47110,0,61440,-13920,-119335,-258730,-649
47120,0,268288,-60784,-120566,35525,-214
47130,0,43008,-9744,-120530,-56272,-115
47140,0,-46080,10440,-119650,-68033,-115
47150,0,159744,-36192,-119464,81791,-115
47160,0,7168,-1624,-118738,-23168,-115
47170,0,-64512,14616,-117197,-44671,-115
47180,0,62464,-14152,-116017,54561,-115
47190,0,-84992,19256,-113981,-36249,-115
47200,0,-71680,16240,-111072,2226,-115
47210,0,-36864,8352,-109021,26173,-115
47220,12288,-90112,23200,-105833,-4877,2006
47230,12288,-26624,12992,-102685,24934,480
47240,12288,-147456,36192,-100340,-64993,99
47250,569344,124928,100688,-87970,101837,127220
47260,569344,362496,46864,-74757,184178,34957
47270,569344,259072,70296,-66281,-18371,8972
47280,589824,438272,34336,-61762,17487,5531
47290,589824,683008,-21112,-60524,113357,1487
47300,1012736,652288,81664,-53268,35789,99479
47310,1628160,739328,201376,-25824,65806,131820
47320,5160960,1123328,914776,5378,209170,1177658
47330,5160960,1789952,763744,15829,377549,323875
47340,5160960,3198976,444512,33432,658367,83465
47350,9308160,4544512,1073232,40349,702372,1280189
47360,9308160,5980160,754000,49875,805643,352096
47370,9122816,7569408,351944,66350,856487,7896
47380,7916544,8863744,-214600,63440,763899,-388382
47390,6047744,9316352,-740544,-2217,333073,-510964
47400,3617792,8520704,-1110816,-17346,-314783,-1150178
47410,3617792,7329792,-841000,-29531,-603163,-316407
47420,1680384,5463040,-857008,-42123,-868640,-507477
47430,1452032,3716096,-512952,-57184,-911876,-175980
47440,545792,2123776,-357512,-67852,-845691,-320473
47450,545792,1197056,-147552,-75374,-611345,-82680
47460,193536,743424,-124584,-79761,-354463,-109459
47470,193536,393216,-45240,-82495,-230583,-28275
47480,193536,247808,-12296,-83543,-95377,-7332
47490,0,209920,-47560,-84785,-24705,-32868
47500,-4096,-74752,16008,-84914,-129801,-9690
47510,0,-357376,80968,-80822,-211833,-1809
47520,0,-354304,80272,-71158,-72084,-512
47530,0,-459776,104168,-57753,-47425,-184
47540,0,-616448,139664,-39912,-79772,-115
47550,-4096,-477184,107184,-21656,53471,-687
47560,-4096,-373760,83752,-6216,99186,-229
47570,-4096,-372736,83520,2415,60356,-115
47580,-4096,-313344,70064,5486,67791,-115
47590,-4096,-339968,76096,8414,19874,-115
47600,-4096,-161792,35728,10892,114654,-115
47610,-7168,-219136,48024,12892,36145,-542
47620,-7168,-274432,60552,14944,-15721,-191
47630,-7168,-269312,59392,16752,-27436,-115
47640,-7168,-205824,45008,18327,8961,-115
47650,-7168,-154624,33408,19891,37808,-115
47660,-7168,-253952,55912,21311,-18899,-115
47670,-31744,-219136,42456,22468,-34183,-7409
47680,-34816,-25600,-2088,23103,95285,-2755
47690,-44032,-144384,22736,24033,10969,-2579
47700,-56320,-207872,34336,25145,-18486,-3121
47710,-56320,-231424,51736,26543,-52015,-847
47720,-71680,-221184,33872,28008,18760,-3235
47730,-71680,-161792,20416,29525,62605,-870
47740,-90112,-269312,40600,30788,-27390,-5196
47750,-90112,-245760,35264,31994,-8985,-1381
47760,-117760,-184320,15080,32970,35766,-6005
47770,-117760,-211968,21344,33806,10671,-1702
47780,-117760,-295936,40368,34734,-50374,-481
47790,-117760,-391168,61944,35767,-107942,-176
47800,-117760,-262144,32712,36747,424,-115
47810,-117760,-328704,47792,38012,-43375,-115
47820,-117760,-415744,67512,39450,-91832,-115
47830,-111616,-312320,45472,40922,-12118,1449
47840,-111616,-212992,14848,42080,64774,-1130
47850,-114688,-184320,15776,43095,50786,-344
47860,-130048,-322560,43616,44339,-39198,-3983
47870,-136192,-260096,28072,45654,31910,-2259
47880,-160768,-259072,22272,46989,38130,-9125
47890,-169984,-336896,37816,48453,1365,-4563
47900,-176128,-448512,61712,50169,-51659,-4227
47910,-176128,-420864,55448,52362,10281,-1137
47920,-176128,-366592,43152,54439,56110,-351
47930,-176128,-479232,68672,56704,-24476,-130
47940,-179200,-471040,66120,59064,-8561,-1092
47950,-179200,-533504,80272,61397,-45738,-344
47960,-176128,-300032,28072,63512,108044,1243
47970,-176128,-382976,51968,65503,9466,274
47980,-176128,-336896,36424,67121,37395,38
47990,-176128,-425984,56608,68846,-29720,0
48000,-182272,-257024,16936,70481,101183,-1885
48010,-182272,-377856,44312,72201,9868,-565
48020,-194560,-385024,43152,74033,12805,-5349
48030,-194560,-493568,67744,75869,-51418,-1511
48040,-212992,-253952,9280,77407,112554,-4479
48050,-222208,-394240,38976,78565,-20861,-2579
48061,-229376,-394240,37352,79869,-5680,-2923
48071,-229376,-398336,38280,81376,11371,-802
48081,-232448,-316416,19024,82799,76925,-1557
48091,-232448,-486400,57536,84399,-46266,-451
48101,-232448,-397312,37352,85935,25806,-176
48111,-388096,-343040,-10208,86549,59725,-37636
48121,-388096,-253952,-30392,85410,104912,-9736
48131,-684032,-491520,-43616,80084,-54907,-67765
48141,-802816,-552960,-56608,71487,-30443,-35248
48151,-1849344,-780288,-242208,55408,-86760,-327370
48161,-2500608,-1246208,-284200,12465,-247416,-218659
48171,-4491264,-1713152,-629416,-5538,-264364,-838563
48181,-6176768,-2482176,-837056,-11769,-381474,-742264
48191,-6176768,-3956736,-502976,-25811,-695752,-191453
48201,-7369728,-5395456,-447296,-35786,-764152,-552666
48211,-7369728,-6811648,-126440,-43034,-822053,-142563
48221,-7445504,-7428096,-3944,-45384,-470700,-52414
48231,-7445504,-7892992,101384,-36726,-298891,-14458
48241,-7445504,-7896064,102080,-20496,-50167,-3777
48251,-6576128,-7859200,290696,5042,52209,166938
48261,-4444160,-7689216,735208,12336,84062,883522
48271,-3989504,-7114752,708064,24160,264730,349075
48281,-3989504,-6148096,489056,40765,488233,95985
48291,-1271808,-5159936,880904,51670,523081,1092491
48301,-1271808,-4300800,686256,62272,513075,300445
48311,-1271808,-3212288,439640,79028,566627,77430
48321,-1271808,-2262016,224344,90160,519237,19920
48331,-1271808,-1683456,93264,95330,378834,5439
48341,-157696,-1368064,274224,101288,254667,216590
48351,-80896,-1092608,229216,109545,237283,72616
48361,-71680,-894976,186528,116962,148974,21141
48371,-71680,-628736,126208,122054,110879,5409
48381,-71680,-446464,84912,124960,57395,1449
48391,-71680,-124928,12064,126422,141860,335
48401,-28672,-160768,29928,127393,30086,7835
48411,-4096,-148480,32712,128352,2421,11154
48421,0,-147456,33408,129305,-14654,3868
48431,0,-22528,5104,130021,60390,1029
48441,0,-110592,25056,130393,-28825,228
48451,0,-36864,8352,130238,895,15
48461,0,122880,-27840,128772,75732,0
48471,0,37888,-8584,126657,-14091,0
48481,0,8192,-1856,123897,-54826,0
48491,0,49152,-11136,121405,-20242,0
48501,0,112640,-25520,119053,29501,0
48511,0,-7168,1624,116891,-59795,0
48521,0,59392,-13456,115045,4555,0
48531,0,54272,-12296,113005,458,0
48541,0,-95232,21576,112160,-87644,0
48551,0,-69632,15776,111685,-54952,0
48561,0,-58368,13224,111266,-39473,0
48571,0,96256,-21808,110166,61997,0
48581,0,-58368,13224,108724,-70558,0
48591,0,37888,-8584,106726,-5692,0
48601,0,101376,-22968,104376,36741,0
48611,0,124928,-28304,102516,61021,0
48621,0,117760,-26680,100371,59266,0
48631,0,-35840,8120,99748,-28458,0
48641,0,17408,-3944,99610,14274,0
48651,0,-58368,13224,99812,-21561,0
48661,0,36864,-8352,100041,58922,0
48671,0,-118784,26912,100672,-37580,0
48681,0,-152576,34568,101500,-44579,0
48691,0,-128000,29000,102340,-15962,0
48701,-4096,10240,-3248,102824,71739,-1832
48711,-4096,59392,-14384,102848,85153,-542
48721,-25600,160768,-42224,100718,115423,-4914
48731,-25600,32768,-13224,98428,-999,-1313
48741,-25600,-10240,-3480,96373,-38039,-412
48751,-133120,-65536,-15312,92800,-62147,-23781
48761,-185344,40960,-64264,87251,62261,-28046
48771,-194560,102400,-67280,81201,75663,-10544
48781,-194560,129024,-73312,75207,102720,-2755
48791,-194560,-20480,-39440,70421,3729,-802
48801,-194560,-166912,-6264,66696,-76157,-252
48811,-708608,-146432,-127368,52847,-43994,-113099
48821,-994304,-192512,-181656,26353,-34585,-74692
48831,-1529856,-456704,-243136,-639,-95205,-171692
48841,-2342912,-763904,-337328,-8670,-170800,-211846
48851,-2342912,-1636352,-160080,-16586,-428417,-58304
48861,-2342912,-1881088,-104632,-21030,-178327,-15084
48871,-6784000,-2381824,-997368,-21610,-208001,-919335
48881,-5738496,-3518464,-502976,-36432,-542130,173675
48891,-5738496,-4843520,-202768,-47254,-633101,44746
48901,-5738496,-6098944,81664,-48210,-711197,12260
48911,-2172928,-6036480,875336,4938,-126967,627593
48921,-2172928,-5257216,670480,24004,404938,161788
48931,-1185792,-3663872,561440,39229,713927,247871
48941,-847872,-2009088,263088,51047,833343,111145
48951,-501760,-949248,101384,56278,671689,128997
48961,-312320,-390144,17632,58688,430573,69824
48971,-169984,-275456,35960,60390,155515,37879
48981,-169984,-430080,58928,62087,-1779,10383
48991,-169984,-477184,69600,64189,-35721,2632
49001,0,-427008,96744,67333,-3477,24459
49011,0,-330752,74936,70106,13620,6271
49021,0,-204800,46400,71400,-4120,1586
49031,9216,110592,-22968,70351,108458,1693
49041,39936,117760,-17632,66392,10889,8583
49051,61440,157696,-21808,62652,5783,6065
49061,61440,204800,-32480,58623,23660,1625
49071,138240,317440,-40600,54989,89800,19577
49081,138240,239616,-22968,52853,29604,5355
49091,218112,259072,-9280,51550,44578,28930
49101,221184,367616,-33176,49620,80700,8186
49111,221184,325632,-23664,45641,-6610,2212
49121,215040,460800,-55680,39399,50132,-1603
49131,215040,513024,-48952,31261,-13208,-458
49141,215040,363520,-33640,24212,-54780,1655
49151,215040,577536,-82128,16926,112175,389
49161,215040,439296,-50808,10942,22467,76
49171,215040,324608,-24824,6650,-24063,0
49181,215040,425984,-47792,2958,63282,0
49191,1561600,185344,311808,4322,-100679,336723
49201,1949696,602112,305312,13194,159990,152671
49211,1949696,1033216,207640,21531,223754,39321
49221,3578880,1653760,436160,28305,316584,392745
49231,3578880,2333696,282112,38460,362987,101234
49241,4301824,3078144,277240,45374,397583,261848
49251,4301824,3767296,121104,51652,405076,67481
49261,3141632,4121600,-222024,39062,204156,-271081
49271,3141632,4083712,-213440,5243,8674,-74608
49281,2554880,3773440,-276080,-7794,-156399,-148247
49291,1848320,3250176,-317608,-16017,-239590,-218697
49301,1848320,2441216,-134328,-23349,-416173,-56435
49311,1848320,2148352,-24128,-26383,-334944,-14596
49321,636928,1638400,-226896,-25525,-254542,-545594
49331,540672,1633280,-247544,-31785,-91522,-169945
49341,540672,1222656,-154512,-38311,-224077,-46784
49351,379904,1125376,-168896,-43684,-97282,-79499
49361,324608,673792,-79112,-47400,-174047,-37323
49371,324608,443392,-26912,-49629,-179624,-10300
49381,324608,377856,-12064,-50225,-77603,-2694
49392,324608,340992,-3712,-50503,-43937,-771
49402,324608,296960,6264,-49299,-21297,-237
49412,-4096,467968,-106952,-48477,95491,-137871
49422,0,240640,-54520,-50797,-62181,-36721
49432,0,199680,-45240,-52455,-22124,-9507
49442,0,26624,-6032,-52950,-84890,-2656
49452,0,-29696,6728,-51665,-40001,-725
49462,0,-205824,46632,-48807,-106657,-229
49472,6144,-69632,17168,-45159,24119,1640
49482,76800,-48128,28304,-41472,23442,20492
49492,76800,-141312,49416,-36276,-39221,5599
49502,733184,117760,139432,-23627,122961,209396
49512,1929216,165888,413192,3337,32886,394264
49522,3540992,626688,660272,11249,240978,440528
49532,8415232,1614848,1540712,23495,476758,2028648
49542,8415232,3140608,1195032,28714,786722,557952
49552,8415232,5312512,702960,52111,1085761,143829
49562,9590784,7324672,492072,66557,1104167,498924
49572,9590784,8687616,204624,74649,810531,137191
49582,9590784,9488384,23200,78104,524229,35339
49592,6575104,9605120,-686488,6856,165739,-633729
49602,6575104,8881152,-522464,-16124,-290538,-163460
49612,4301824,7801856,-792976,-24838,-629280,-481354
49622,3316736,6380544,-694144,-37951,-635843,-270264
49632,3316736,4665344,-305544,-51728,-767262,-69733
49642,1809408,3565568,-397880,-59006,-594431,-329819
49652,1610752,2603008,-224808,-67629,-514717,-112885
49662,1116160,2237440,-254040,-74914,-280624,-161080
49672,1116160,1729536,-138968,-80870,-288667,-44343
49682,523264,1566720,-236408,-85933,-143640,-229874
49692,471040,1259520,-178640,-91905,-156503,-77210
49702,405504,884736,-108576,-97009,-209917,-32616
49712,246784,438272,-43384,-99875,-188517,-63279
49722,196608,497664,-68208,-101872,-42353,-30823
49732,196608,91136,23896,-101631,-169503,-7996
49742,187392,-21504,47328,-97430,-109170,-5639
49752,205824,-57344,59624,-90090,-48986,3105
49762,205824,-114688,72616,-80871,-22250,2220
49772,202752,93184,24824,-73074,107540,-1702
49782,202752,17408,41992,-66063,24108,-481
49792,181248,-172032,80040,-59189,-113737,-4067
49802,181248,-117760,67744,-51230,-46048,-1092
49812,181248,4096,40136,-43238,60585,-329
49822,92160,-80896,39208,-35655,8904,-24445
49832,92160,-116736,47328,-28953,-9375,-6341
49842,12288,-165888,40368,-23740,-40862,-21760
49852,3072,-118784,27608,-19733,-2571,-7325
49862,-4096,-167936,37120,-15967,-37327,-4532
49872,-4096,-49152,10208,-12143,54814,-1214
49882,0,70656,-16008,-8784,68870,343
49892,0,-232448,52664,-4779,-95194,61
49902,-4096,-231424,51504,-350,-77385,-985
49912,-4096,-269312,60088,1065,-93679,-298
49922,-4096,-33792,6728,2113,84074,-115
49932,-4096,-73728,15776,3132,44613,-115
49942,-25600,-155648,29464,4139,-11131,-3739
49952,-25600,-144384,26912,4999,-9811,-1015
49962,-25600,-168960,32480,5764,-30982,-329
49972,-1993728,-218112,-402288,-5634,-51958,-515992
49982,-2500608,-580608,-435000,-15339,-181919,-297204
49992,-5442560,-1164288,-969296,-20642,-279132,-771546
50002,-7071744,-2804736,-966744,-29399,-779700,-475617
50012,-8852480,-4911104,-892968,-44655,-1157353,-663155
50022,-8852480,-6751232,-476064,-59608,-1148368,-182450
50032,-8852480,-8372224,-108808,-68584,-941217,-47089
50042,-9309184,-9123840,-41992,-69656,-545331,-160843
50052,-9688064,-9477120,-47792,-70761,-286602,-124802
50062,-17213440,-9233408,-1807976,-72920,41216,-3186074
50072,-17213440,-9695232,-1703344,-73488,-205694,-876397
50082,-17213440,-11255808,-1349776,-102769,-737129,-226037
50092,-17213440,-13516800,-837520,-135236,-1135275,-62218
50102,-17213440,-15709184,-340808,-154448,-1109653,-16099
50112,-17213440,-17169408,-9976,-159273,-804887,-4189
50122,-17213440,-17787904,130152,-149041,-461888,-1183
50132,-17213440,-17603584,88392,-134665,-59129,-344
50142,-7757824,-17438720,2193328,6110,64395,1948303
50152,-6855680,-16297984,2139272,10539,500166,679450
50162,-1338368,-13945856,2856384,32689,1099129,1745048
50172,-1024000,-10738688,2200984,42826,1659366,549057
50182,-173056,-7061504,1560664,84861,1910912,498161
50192,-93184,-4019200,889488,113785,1754226,151153
50202,-93184,-1795072,385584,133831,1313647,41534
50212,-4096,-615424,138504,142668,799206,22964
50222,-4096,-397312,89088,146235,290456,6278
50232,0,-396288,89784,149137,62582,2410
50242,0,-462848,104864,152926,8215,572
50252,6144,-408576,93960,156963,65542,1861
50262,21504,-243712,60088,160145,104051,3608
50272,256000,4096,57072,162591,152245,57090
50282,256000,208896,10672,163547,111670,15663
50292,466944,494592,-6264,163256,132703,44746
50302,707584,651264,12760,163754,80482,48171
50312,1809408,883712,209728,165073,100368,306304
50322,5441536,1327104,932176,167438,222986,780609
50332,16436224,2553856,3145224,171612,623885,4103668
50342,16436224,4861952,2622296,171612,1147001,1058158
50352,16436224,8203264,1865280,205552,1671850,272819
50362,16436224,11594752,1096896,247910,1849695,74996
50372,16436224,14472192,444976,273428,1597827,19309
50382,16284672,16112640,38976,280434,1086060,-24018
50392,16284672,16825344,-122496,272659,561785,-6234
50402,16135168,16877568,-170288,253145,205521,-39040
50412,13367296,16493568,-708296,173315,-78831,-545479
50422,8587264,15446016,-1553936,40451,-515555,-1791359
50432,5499904,14333952,-2002392,-2830,-593536,-1234070
50442,5499904,11849728,-1438632,-21549,-1150846,-339470
50452,2554880,8786944,-1411952,-31340,-1522257,-473855
50462,2554880,5908480,-759800,-59092,-1542383,-122231
50472,527360,3701760,-719200,-70778,-1304824,-400864
50482,527360,2399232,-424096,-86321,-829362,-103425
50492,527360,1287168,-172144,-95863,-712115,-28489
50502,178176,1260544,-245224,-103700,-197352,-66674
50512,122880,1084416,-204392,-110962,-126852,-35134
50522,119808,931840,-183976,-117357,-63891,-10468
50532,89088,612352,-118552,-122861,-167599,-16480
50542,89088,616448,-119480,-127176,-31257,-4296
50552,89088,421888,-75400,-129935,-56513,-1221
50562,0,45056,-10208,-131872,-203790,-17182
50572,0,209920,-47560,-133373,2226,-4464
50582,-4096,110592,-25984,-134052,-8618,-2083
50592,-4096,16384,-4640,-133848,-13380,-611
50602,0,-153600,34800,-132262,-100610,1045
50612,0,-193536,43848,-129355,-97213,251
50622,0,40960,-9280,-126027,95893,22
50632,0,-19456,4408,-122888,43351,0
50642,0,-232448,52664,-118515,-93117,0
50652,0,-275456,62408,-112672,-82457,0
50662,0,-92160,20880,-107617,61343,0
50672,0,-37888,8584,-102963,81561,0
50682,0,-230400,52200,-98416,-72291,0
50692,0,-138240,31320,-95102,-18601,0
50702,0,-76800,17400,-92468,9087,0
50712,0,-59392,13456,-90259,13517,0
50723,0,36864,-8352,-88341,74389,0
50733,0,-46080,10440,-86605,275,0
50743,0,-162816,36888,-84411,-85372,0
50753,0,-144384,32712,-81325,-45130,0
50763,0,18432,-4176,-78231,83558,0
50773,0,-70656,16008,-74141,35422,0
50783,0,-274432,62176,-67925,-81769,0
50793,0,-340992,77256,-60433,-90914,0
50803,0,-297984,67512,-51808,-31200,0
50813,0,-252928,57304,-43346,4417,0
50823,0,-252928,57304,-35932,-8721,0
50833,0,-58368,13224,-29847,104155,0
50843,0,46080,-10440,-26341,131476,0
50853,0,-41984,9512,-24032,17074,0
50863,0,-188416,42688,-21403,-99348,0
50873,9216,-175104,41760,-19009,-86404,2441
50883,39936,26624,3016,-15776,72909,6523
50893,125952,-13312,31552,-11128,42283,29678
50903,147456,7168,31784,-5121,46827,13862
50913,156672,-32768,42920,182,-16306,5203
50923,193536,46080,33408,1424,10694,6126
50933,193536,195584,-464,2140,82227,1640
50943,447488,113664,75632,3565,-18452,69389
50953,471040,113664,80968,5601,-43719,27717
50963,773120,271360,113680,8317,20883,82649
50973,1270784,487424,177480,13266,109903,143798
50983,1270784,851968,94888,18212,241070,39512
50993,1513472,1085440,96976,22381,221161,70838
51003,1513472,1334272,40600,25243,185005,18211
51013,1497088,1468416,6496,26487,128481,-695
51023,1466368,1566720,-22736,24565,65726,-7424
51033,1310720,1524736,-48488,20399,-30592,-76294
51043,1127424,1499136,-84216,9927,-53392,-83008
51053,1127424,1550336,-95816,-1103,16959,-21454
51063,683008,1389568,-160080,-5394,-45096,-98427
51073,683008,1076224,-89088,-9148,-127242,-27123
51083,615424,701440,-19488,-11371,-215115,-22889
51093,600064,640000,-9048,-11928,-95802,-8950
51103,600064,653312,-12064,-10160,25978,-2350
51113,455680,406528,11136,-7932,-93714,-34539
51123,419840,377856,9512,-6591,-60977,-15023
51133,342016,432128,-20416,-6813,-6323,-27535
51143,301056,433152,-29928,-7455,20069,-17220
51153,275456,238592,8352,-7853,-80885,-8561
51163,135168,379904,-55448,-6984,31543,-44838
51173,98304,-4096,23200,-5373,-113829,-20485
51183,12288,20480,-1856,-4189,-42135,-41367
51193,12288,-287744,67976,-1747,-206589,-11429
51203,12288,-148480,36424,469,-54184,-2999
51213,3072,-316416,72384,2161,-40494,-2190
51223,3072,-191488,44080,3600,-5221,-649
51233,3072,-308224,70528,5317,-75653,-214
51243,3072,-46080,11136,6614,107838,-115
51253,0,-143360,32480,7933,16902,-1030
51263,0,37888,-8584,9138,144683,-313
51273,0,-265216,60088,10467,-72486,-123
51283,0,-208896,47328,11901,-27528,-115
51293,-4096,-100352,21808,12984,35169,-985
51303,0,-292864,66352,14292,-93312,1419
51313,0,-61440,13920,15529,108664,320
51323,0,-79872,18096,16521,45703,53
51333,0,-220160,49880,17919,-41298,0
51343,0,-167936,38048,19023,-12829,0
51353,0,-168960,38280,20066,-28366,0
51363,0,-60416,13688,21136,55101,0
51373,0,-39936,9048,22048,60620,0
51383,0,-183296,41528,22873,-56765,0
51393,0,-267264,27376,23814,14469,0
51403,0,-11264,2552,24555,87402,0
51413,0,-118784,26912,25578,2512,0
51423,0,-336896,76328,26535,-150352,0
51433,0,-133120,30160,27709,11348,0
51443,0,-313344,70992,29014,-115871,0
51453,0,-53248,12064,29906,-1538,0
51463,0,-174080,39440,30873,-34814,0
51473,0,-96256,21808,31580,1893,0
51483,0,-191488,43384,32499,-49915,0
51493,3072,-169984,39208,33687,-24648,747
51503,43008,-178176,50112,35063,9374,7392
51513,579584,-139264,162864,37198,-9456,199653
51523,579584,-56320,144072,42065,24613,51445
51533,579584,288768,65888,45882,194609,14114
51543,7292928,664576,1501736,46333,300003,884117
51553,7292928,1972224,1205472,71923,734237,227951
51563,8246272,4028416,955608,96114,1172165,235313
51573,8246272,6217728,459592,117500,1366603,60638
51583,8762368,7416832,304848,128691,1032795,145698
51593,8762368,7880704,199752,136770,533798,37528
51603,8762368,7837696,209496,143816,122135,9628
51613,8762368,7663616,248936,150923,-79841,2609
51623,4395008,7882752,-790192,153050,72060,-2081879
51633,3316736,7723008,-998296,35357,-64098,-945046
51643,3316736,6780928,-784856,-18723,-487407,-243752
51653,2638848,4793344,-488128,-35977,-1087816,-219155
51663,2638848,3352576,-161704,-45751,-1075458,-60318
51673,2393088,2480128,-19720,-47699,-701030,-73212
51683,2148352,2323456,-39672,-47790,-262081,-61730
51693,2148352,2278400,-29464,-48368,-83260,-15961
51703,1466368,2425856,-217384,-52489,18520,-164055
51713,1094656,2188288,-247776,-59318,-156537,-211342
51723,1094656,1900544,-182584,-66771,-223996,-54543
51733,1094656,1380352,-64728,-70800,-317503,-14100
51743,1094656,1005568,20184,-70024,-247141,-3914
51753,1094656,678912,94192,-60832,-226211,-1046
51763,1094656,547840,123888,-48207,-186119,-313
51773,1094656,690176,91640,-35904,-42112,-123
51783,156672,868352,-161240,-30509,79863,-284783
51793,156672,763904,-137576,-34462,10132,-78370
51803,153600,380928,-51504,-37217,-149515,-20730
51813,153600,-72704,51272,-35945,-261897,-5379
51823,153600,-283648,99064,-26251,-206452,-1511
51833,153600,-314368,106024,-11250,-77695,-435
51843,150528,-258048,92568,1126,11233,-1030
51853,144384,-94208,54056,3789,90970,-1679
51863,144384,50176,21344,5659,128756,-481
51873,119808,24576,21576,6874,56455,-7638
51883,110592,-66560,40136,8177,-16306,-3907
51893,79872,-322560,91176,9850,-170456,-7134
51903,79872,-177152,58232,12009,-8675,-2007
51913,86016,-319488,91872,14712,-75159,701
51923,89088,-301056,88392,17639,30338,572
51933,92160,-254976,78648,20229,-6128,991
51943,89088,-32768,27608,22459,124866,-390
51953,89088,-132096,50112,24423,29684,-153
51963,89088,-131072,49880,26475,23018,-115
51973,89088,-276480,82824,28777,-71625,-115
51983,52224,-166912,49648,30747,22696,-5234
51994,52224,-346112,90248,33058,-97764,-1397
52004,52224,-283648,76096,35290,-48607,-412
52014,-4096,-331776,74240,37540,-72474,-20913
52024,-4096,-110592,24128,39091,71199,-5425
52034,-4096,-272384,60784,40551,-61183,-1519
52044,-7168,-198656,43384,42171,3821,-1565
52054,-7168,-116736,24824,43788,69937,-451
52064,-139264,-138240,-232,44485,58635,-25689
52074,-267264,-316416,11136,43698,-48630,-23461
52084,-677888,-236544,-99992,37404,44636,-108788
52094,-1106944,-438272,-151496,18295,-40793,-107682
52104,-2473984,-834560,-371432,-3077,-191661,-499878
52114,-2912256,-1314816,-361920,-11699,-304835,-254448
52124,-6784000,-1980416,-1088312,-20453,-365352,-1911850
52134,-7071744,-3010560,-920112,-24799,-529588,-592423
52144,-7071744,-4773888,-520608,-41583,-946793,-162980
52154,-7757824,-6332416,-322944,-53412,-930178,-369210
52164,-7757824,-7334912,-95816,-58460,-632974,-101594
52174,-7757824,-8079360,72848,-55002,-418284,-26246
52184,-7757824,-8245248,110432,-39470,-140232,-6814
52194,-8163328,-8369152,46632,-26313,-109090,-141945
52204,-8588288,-8250368,-76560,-26559,-19416,-136269
52214,-8942592,-8477696,-105328,-30504,-157994,-101700
52224,-8942592,-8819712,-27840,-33385,-221185,-26269
52234,-8763392,-9297920,121104,-25740,-257651,35194
52244,-8416256,-9484288,241976,1876,-115033,68580
52254,-6926336,-9602048,606216,11154,-20334,499992
52264,-5922816,-9497600,809912,24190,59117,364166
52274,-3390464,-8604672,1181344,42147,347451,1232185
52284,-3008512,-7530496,1024512,53878,499776,441352
52294,-3008512,-6184960,719664,75984,669038,121345
52304,-2912256,-4947968,461216,95237,661821,47599
52314,-3008512,-4372480,309024,108076,344743,-16984
52324,-3008512,-3880960,197664,116500,298477,-4715
52334,-3008512,-3953664,214136,124378,75870,-1259
52344,-3008512,-4023296,229912,132656,38313,-390
52354,-3008512,-4166656,262392,142361,-2628,-145
52364,-2818048,-4106240,299048,152752,18462,30242
52374,-2342912,-3791872,328280,162323,174046,162101
52384,-2149376,-3414016,286520,172817,246784,84289
52394,-1259520,-3097600,416440,182218,260806,394622
52404,-940032,-2741248,408088,192778,239784,205467
52414,-940032,-2173952,279560,203768,294404,52940
52424,-380928,-1704960,299976,212962,247817,103507
52434,-114688,-1255424,258448,221268,208321,107460
52444,-13312,-822272,194880,228251,163788,48553
52454,0,-494592,112056,232923,178613,18882
52464,3072,-185344,42688,235617,168447,5706
52474,3072,31744,-6496,235700,124419,1533
52484,3072,169984,-37816,230311,50304,358
52494,9216,225280,-48952,222630,10361,1930
52504,27648,144384,-26448,215319,-66748,4249
52514,86016,211968,-26912,208726,-23363,23994
52524,104448,229376,-28304,203801,-15996,12153
52534,104448,254976,-34104,196309,-46427,3097
52544,104448,280576,-39904,188350,-52497,808
52554,104448,176128,-16240,180268,-128539,167
52564,355328,241664,7888,177340,3798,51704
52574,379904,292864,19720,177592,-17052,23834
52584,379904,515072,-30624,175413,68801,6111
52594,379904,588800,-47328,168227,12048,1640
52604,324608,727040,-91176,153856,-4958,-11109
52614,324608,936960,-138736,136243,84108,-2907
52624,275456,1028096,-170520,116972,111957,-10972
52634,263168,883712,-140592,97642,17487,-4593
52644,263168,557056,-66584,81609,-167977,-1229
52654,199680,732160,-120640,66345,11451,-12642
52664,199680,340992,-32016,53101,-212269,-3304
52674,150528,510976,-81664,42194,-43696,-14000
52684,150528,148480,464,36198,-165900,-3891
52694,150528,293888,-32480,33175,31727,-1046
52704,141312,110592,6960,33079,-30110,-2793
52714,141312,43008,22272,34252,9661,-763
52724,113664,-47104,36424,35918,-7643,-9789
52734,113664,-137216,56840,37297,-63512,-2732
52744,89088,53248,8120,38203,58738,-5196
52754,76800,-198656,62408,39316,-101241,-3006
52764,61440,-126976,42688,40913,-1676,-4715
52774,55296,-403456,103936,43647,-120553,-2366
52784,36864,-229376,70296,46543,13517,-7004
52794,15360,-294912,70296,49124,-448,-7348
52804,12288,-197632,47560,51005,27011,-2465
52814,6144,-57344,14384,52328,91073,-2839
52824,3072,-325632,74472,53717,-119199,-1534
52834,0,-174080,39440,55169,550,-1809
52844,0,-373760,84680,57242,-99577,-542
52854,0,-296960,67280,59710,-5061,-191
52864,0,-435200,98600,62816,-59037,-115
52874,0,-490496,111128,65902,-79875,-115
52884,0,-227328,51504,68492,78440,-115
52894,0,-171008,38744,70468,74825,-115
52904,0,-246784,55912,72119,-22881,-115
52914,0,12288,-2784,73024,111326,-115
52924,9216,-44032,12064,72803,6402,3196
52934,9216,-168960,40368,71554,-122148,785
52944,9216,86016,-17400,69976,62502,167
52954,104448,24576,18096,69772,20803,42572
52964,104448,46080,13224,70180,13861,10940
52974,104448,43008,13920,69585,-30007,2975
52984,119808,338944,-49648,67071,142560,3181
52994,141312,412672,-61480,61142,-10844,7308
53004,141312,267264,-28536,55759,-21584,1960
53014,218112,392192,-39440,49701,52875,32646
53024,218112,287744,-15776,46993,-16398,8934
53034,218112,95232,27840,45186,-133473,2250
53044,311296,487424,-39904,43919,166278,18348
53054,331776,-65536,90016,42987,-238604,10917
53064,345088,451584,-24128,42170,127482,5516
53074,362496,199680,36888,41828,-77913,8781
53084,372736,391168,-4176,41912,53735,5134
53094,372736,464896,-20880,41705,83799,1281
53105,610304,257024,80040,42230,-79520,76675
53115,610304,546816,14384,43568,92588,19714
53125,1245184,372736,197664,47344,-81172,127700
53135,1645568,1045504,135952,53299,296366,94841
53145,1645568,1087488,126440,57980,81194,24414
53155,3175424,1632256,349624,63188,225969,321922
53165,3175424,2266112,206016,71408,318844,82969
53175,3175424,2664448,110200,76232,201608,21347
53185,3210240,3457024,-55912,75993,389884,13000
53195,3141632,3159040,-3944,68571,-84798,-6295
53205,3141632,3571712,-97440,61041,175584,-1771
53215,3175424,3074048,22968,56200,-164902,6027
53225,5797888,3452928,531280,58377,88170,857307
53235,5797888,3612672,495088,68470,178831,235763
53245,5797888,4801536,225736,79824,554418,60745
53255,7677952,5790720,427576,84120,582623,755348
53265,7677952,6306816,310648,91582,319499,194732
53275,7218176,7407616,-42920,94285,539088,-33097
53285,6713344,7486464,-175160,70747,152210,-79766
53295,4944896,7671808,-617816,14463,131395,-492356
53305,4301824,6692864,-541720,-11746,-373625,-243470
53315,4301824,5524480,-277008,-24055,-611069,-67009
53325,1577984,4268032,-609464,-28791,-704358,-698510
53335,1577984,3170304,-360760,-39346,-720445,-192162
53345,993280,1978368,-223184,-47675,-726286,-251503
53355,752640,1430528,-153584,-52934,-422323,-133416
53365,733184,949248,-48952,-55400,-243331,-37980
53375,683008,505856,40136,-53989,-251581,-27161
53385,648192,635904,2784,-52091,-35285,-16221
53395,589824,668672,-17864,-49765,40987,-32067
53405,509952,583680,-16704,-49546,-5313,-38285
53415,509952,465920,9976,-49292,-48791,-9911
53425,358400,327680,-11600,-49403,-76066,-61532
53435,288768,152576,30856,-48239,-109686,-16961
53445,125952,-47104,39208,-43857,-125062,-45136
53455,79872,-112640,43616,-37174,-32279,-20806
53465,9216,-442368,102312,-27750,-184856,-29809
53475,9216,-151552,33872,-18472,83649,-7737
53485,0,-479232,108576,-10312,-171661,-3830
53495,0,-41984,9512,-4869,102410,-1038
53505,-4096,-265216,59160,205,-78946,-1343
53515,-4096,14336,-4176,24,79002,-390
53525,-4096,-76800,-19256,231,128492,-145
53535,-4096,-96256,20880,-62,-56134,-115
53545,-4096,256000,-58928,-153,176227,-115
53555,-4096,-101376,22040,-18,-118166,-115
53565,-4096,189440,-43848,-405,86954,-115
53575,-4096,-2048,-464,25,-18498,-115
53585,-4096,-70656,15080,92,-41814,-115
53595,-4096,-58368,12296,683,-391,-115
53605,-4096,63488,-15312,939,127184,-115
53615,-4096,-279552,62408,329,-169469,-115
53625,-4096,155648,-36192,-231,123891,-115
53635,-4096,-172032,17168,134,-51980,-115
53645,-4096,18432,-5104,-228,1858,-115
53655,-4096,-13312,2088,-108,-15331,-115
53665,-4096,-5120,232,304,8858,-115
53675,0,-164864,37352,-44,-133209,1144
53685,0,165888,-37584,-180,126633,251
53695,0,-20480,4640,-98,-22101,30
53705,0,-165888,37584,357,-84144,0
53715,-4096,120832,-28304,89,130007,-870
53725,0,-285696,64728,615,-141471,335
53735,-4096,-112640,24592,1461,-3856,-1114
53745,-4096,-32768,6496,2254,40470,-329
53755,-13312,-101376,19952,3212,12277,-3762
53765,-13312,-118784,23896,4049,-5600,-1015
53775,-13312,-228352,48720,4588,-86094,-313
53785,-130048,25600,-35264,2110,84464,-17548
53795,-359424,13312,-84448,-1104,55479,-65758
53805,-550912,-99328,-102312,-3938,-6094,-57587
53815,-1325056,-309248,-230144,-7156,-81528,-319062
53825,-1579008,-482304,-239888,-13772,-104626,-150055
53835,-2268160,-986112,-290464,-21719,-254461,-174454
53845,-4396032,-1677312,-615960,-31076,-422335,-474190
53855,-4396032,-2295808,-475832,-45010,-372397,-130463
53865,-6112256,-3604480,-568168,-55587,-638953,-365227
53875,-6306816,-4706304,-362616,-68733,-629635,-119744
53885,-6507520,-5636096,-197432,-77145,-547030,-86518
53895,-6507520,-6180864,-74008,-80819,-292328,-22355
53905,-6176768,-6602752,96512,-75332,-191236,100196
53915,-5922816,-6670336,169360,-53176,-31269,93536
53925,-5860352,-6576128,162168,-26942,50740,35377
53935,-3658752,-6298624,598096,8603,141963,486122
53945,-3658752,-5606400,441264,22538,335632,125312
53955,-1629184,-4802560,718968,33712,406992,1000045
53965,-1174528,-3948544,628488,42661,476024,442504
53975,-626688,-3001344,538008,56556,502048,251075
53985,-377856,-1970176,369344,69551,533259,138206
53995,-312320,-1075200,172840,77650,482358,37979
54005,-176128,-415744,54288,81309,380979,43823
54015,-276480,-105472,-38744,80564,249400,-5776
54025,-456704,-43008,-93728,72647,97637,-63859
54035,-489472,-64512,-96280,58774,20195,-24193
54045,-561152,-146432,-93960,47431,-11016,-40879
54055,-561152,-253952,-69600,37416,-12921,-10582
54065,-561152,-387072,-39440,32229,-20689,-2953
54075,-561152,-521216,-9048,30307,-37970,-809
54085,-561152,-567296,1392,30337,-16226,-252
54095,-338944,-496640,35728,31439,52243,51979
54105,-302080,-525312,50576,33401,17395,19622
54115,-302080,-495616,43848,35022,-13563,5027
54125,-31744,-365568,75632,36909,41836,64712
54135,-31744,-321536,65656,39182,6609,16639
54145,0,-264192,59856,40974,-379,14808
54155,0,-171008,38744,42476,19174,3776
54165,0,-116736,26448,43381,10464,999
54175,0,-125952,28536,43928,-32152,213
54185,0,-76800,11600,44265,4245,7
54195,0,-45056,10208,44519,-4028,0
54205,0,-99328,22504,44791,-44373,0
54215,0,-97280,22040,44981,-35732,0
54225,6144,-7168,3016,45058,38738,930
54235,6144,-2048,1856,45180,35238,213
54245,36864,28672,1856,45425,42628,6759
54255,89088,33792,3480,45845,59438,15609
54265,89088,107520,-4176,46261,68308,4249
54275,122880,93184,6728,46649,32048,8476
54285,122880,119808,696,46818,29042,2288
54295,249856,159744,20416,47063,29948,39093
54305,249856,171008,17864,47630,1308,10040
54315,659456,224256,98600,49115,-6082,128067
54326,659456,280576,85840,51833,-10775,32981
54336,3861504,505856,760264,53733,93231,668281
54346,13624320,1304576,2791192,55177,358466,2954933
54356,14973952,3346432,2634360,55177,952312,1145957
54366,14973952,6320128,1960632,84024,1545503,315170
54376,16284672,9713664,1488744,115838,1781387,276817
54386,16284672,12691456,814088,148421,1704117,76103
54396,16284672,14900224,313664,167117,1309321,19577
54406,16284672,15983616,68208,173082,749923,5020
54416,9784320,16356352,-1488976,91351,323079,-1971558
54426,9784320,15872000,-1379240,-8327,-158407,-508446
54436,4490240,14035968,-2162704,-10919,-885508,-1402199
54446,2582528,11297792,-1974552,-16251,-1435600,-904442
54456,1734656,8258560,-1478072,-35233,-1638448,-407982
54466,886784,5159936,-968136,-63862,-1664186,-445397
54476,886784,2684928,-407392,-82069,-1444734,-114899
54486,500736,1363968,-195576,-91287,-947918,-104249
54496,447488,681984,-53128,-94564,-447832,-36660
54506,324608,229376,21576,-93934,-278134,-42267
54516,324608,257024,15312,-92200,-89009,-11673
54526,324608,342016,-3944,-91376,-15376,-3045
54536,33792,362496,-74472,-92816,-25279,-78400
54546,-4096,311296,-71456,-95592,-53713,-28924
54556,0,124928,-28304,-97705,-116686,-5997
54566,0,-56320,12760,-98114,-126783,-1702
54576,0,-191488,43384,-93527,-74540,-481
54586,0,-307200,69600,-83935,-41148,-176
54596,0,-328704,74472,-72401,10338,-115
54606,0,-275456,62408,-59985,70155,-115
54616,0,-290816,65888,-48272,47895,-115
54626,0,-304128,68904,-37694,29260,-115
54636,0,-267264,60552,-27043,45703,-115
54646,-7168,-276480,61016,-16913,36810,-1778
54656,-13312,-374784,81896,-6167,-33483,-2045
54666,-13312,-436224,95816,1180,-79726,-573
54676,-53248,-388096,75864,3334,-58154,-14908
54686,-59392,-256000,44544,5076,22168,-5410
54696,-59392,-277504,49416,6460,-18050,-1511
54706,-56320,-305152,56376,7897,-46897,633
54716,-59392,-197632,31320,9276,28112,-649
54726,-62464,-135168,16472,10503,68170,-771
54736,-62464,-119808,12992,11607,61297,-237
54746,-87040,-225280,31320,12613,-24166,-5860
54756,-117760,-196608,17864,13307,-11487,-16297
54766,-130048,-210944,18328,13824,-20815,-8225
54776,-154624,-211968,12992,14276,-13208,-7935
54786,-160768,-283648,27840,14845,-46117,-3274
54796,-160768,-371712,47792,15912,-71568,-886
54806,-151552,-354304,45936,17267,-24373,1876
54816,-151552,-270336,26912,18786,54320,450
54826,-154624,-277504,23664,20354,64131,-863
54836,-154624,-287744,30160,21919,46024,-283
54846,-151552,-306176,35032,23505,29570,366
54856,-151552,-266240,25984,24858,47917,68
54866,-151552,-266240,25984,26061,25508,0
54876,-154624,-293888,31552,27178,-5313,-1374
54886,-151552,-366592,48720,28499,-48802,595
54896,-151552,-364544,48256,29774,-45589,114
54906,-148480,-355328,46864,31000,-38291,1373
54916,-148480,-414720,60320,32549,-65784,320
54926,-148480,-406528,58464,34194,-10878,45
54936,-154624,-370688,48952,35715,-14895,-1015
54946,-225280,-408576,41528,37145,-38854,-21752
54956,-225280,-374784,33872,38122,-12370,-6028
54966,-472064,-319488,-34568,36472,28961,-64560
54976,-472064,-371712,-22736,33375,7309,-16709
54986,-616448,-477184,-36192,29753,-6977,-34104
54996,-1085440,-537600,-124120,25621,1124,-205987
55006,-1453056,-739328,-161704,7300,-62308,-157746
55016,-1453056,-1084416,-83520,-2933,-174311,-40734
55026,-3108864,-1509376,-362384,-10067,-276998,-258347
55036,-6373376,-2078720,-973008,-15843,-319178,-995537
55046,-6373376,-3174400,-724768,-28697,-541648,-273865
55056,-6373376,-5116928,-284664,-44454,-995170,-70664
55066,-6373376,-6043648,-74704,-50807,-631942,-18265
55076,-9032704,-7003136,-459824,-52093,-530644,-553055
55086,-7757824,-7786496,6496,-59269,-469886,326934
55096,-7757824,-8395776,144536,-48519,-381864,89889
55106,-5618688,-8620032,679992,7515,-165969,436378
55116,-2818048,-8073216,1190624,20523,198923,1144088
55126,-1849344,-6871040,1137728,28686,558320,573051
55136,-1482752,-4931584,781376,50058,950074,218544
55146,-484352,-3173376,609232,67497,974217,424064
55156,-484352,-1812480,300904,78917,805827,116607
55166,-157696,-1009664,193024,86679,498743,89187
55176,-59392,-592896,120872,91713,293922,38246
55186,-59392,-444416,87232,95128,120058,9811
55196,-59392,-487424,96976,97943,-13609,2655
55206,-59392,-468992,92800,101102,-11498,648
55216,-59392,-446464,101616,104456,-34792,122
55226,-7168,-505856,112984,107985,-29892,10078
55236,-7168,-347136,77024,111512,68434,2548
55246,-13312,-242688,51968,114189,93162,-977
55256,-19456,-178176,35960,116194,76788,-1412
55266,-71680,-49152,-5104,117222,110075,-19669
55276,-71680,-52224,-4408,117197,54791,-5127
55286,-71680,-39936,-11368,116831,44750,-10163
55296,-90112,-58368,-7192,115686,29145,-2839
55306,-90112,-176128,19488,115402,-44832,-771
55316,-90112,-202752,25520,115673,-42640,-237
55326,-87040,-187392,22736,116288,-12531,961
55336,-87040,-216064,29232,117094,-24373,213
55346,-99328,-188416,20184,117788,-5898,-5845
55356,-99328,-137216,8584,117964,11118,-1549
55366,-194560,-179200,-3480,116931,-28503,-22774
55376,-232448,-153600,-17864,113627,-18532,-13169
55386,-385024,-129024,-58000,108562,4027,-52826
55396,-385024,-222208,-36888,101987,-39852,-14573
55406,-463872,-240640,-50576,97173,-4189,-41405
55416,-463872,-282624,-41064,92549,41951,-10720
55426,-467968,-344064,-28072,89869,21216,-3960
55436,-480256,-433152,-10672,88879,1744,-3151
55446,-684032,-458752,-51040,87060,18772,-71282
55456,-684032,-528384,-35264,81980,-7149,-18425
55466,-1379328,-708608,-151960,65421,-89893,-177956
55476,-1482752,-869376,-138968,44832,-111568,-82482
55486,-1664000,-1243136,-95352,26723,-199165,-63813
55496,-1681408,-1547264,-30392,16651,-211650,-23804
55507,-1611776,-1847296,53360,15111,-208620,15960
55517,-1546240,-1905664,81432,17534,-70523,18470
55527,-1117184,-1875968,171912,21074,43890,196838
55537,-879616,-1891328,229216,27614,36225,122817
55547,-879616,-1662976,177480,34420,126025,33737
55557,-370688,-1297408,209960,41691,212039,114433
55567,-370688,-1000448,142680,48212,211970,29464
55577,-90112,-719872,142680,53387,201299,69732
55587,-22528,-492544,106488,58208,170719,28701
55597,-22528,-301056,63104,61492,104418,7347
55607,-22528,-291840,61016,63518,29466,1968
55617,-4096,-157696,34800,65032,60551,8186
55627,-4096,-191488,42456,66561,17257,2212
55637,0,-86016,19488,68159,86805,1426
55647,0,-155648,35264,69667,25898,328
55657,0,-207872,47096,71380,-7528,53
55667,0,-299008,67744,72925,-81964,0
55677,0,-146432,33176,74264,25393,0
55687,0,-175104,39672,75457,-17144,0
55697,0,-109568,24824,76637,28147,0
55707,0,-106496,24128,77361,7447,0
55717,0,96256,-21808,77296,128584,0
55727,0,11264,-2552,76986,41538,0
55737,0,22528,-5104,77068,40046,0
55747,0,52224,-11832,76343,45393,0
55757,0,29696,-6728,75947,27022,0
55767,0,-126976,28768,75167,-92784,0
55777,0,-45056,10208,74278,51498,0
55787,0,24576,-5568,73489,13356,0
55797,0,-10240,2320,73050,-804,0
55807,0,111616,-25288,71873,84258,0
55817,0,156672,-35496,70087,96467,0
55827,0,30720,-6960,68462,-2192,0
55837,0,27648,-6264,68206,16764,0
55847,0,59392,-13456,67244,32323,0
55857,0,-83968,19024,65868,-72371,0
55867,0,34816,-7888,64255,7206,0
55877,0,24576,-5568,63034,-1538,0
55887,0,51200,-11600,62484,29397,0
55897,0,66560,-15080,62465,65003,0
55907,0,125952,-28536,61585,100586,0
55917,0,-30720,6960,60623,-69135,0
55927,0,7168,-1624,60289,13631,0
55937,0,-55296,12528,59763,-38245,0
55947,0,-96256,21808,59734,-47058,0
55957,0,36864,-8352,59318,48124,0
55967,0,134144,-30392,57963,100873,0
55977,0,33792,-7656,57139,22800,0
55987,0,104448,-23664,56961,87792,0
55997,0,16384,-3712,55562,3694,0
56007,0,-6144,1392,54601,-15227,0
56017,-7168,54272,-13920,53339,19311,-1717
56027,-87040,11264,-22272,51519,-18521,-36721
56037,-286720,-99328,-42456,46196,-84488,-74151
56047,-519168,-106496,-93496,33544,-67334,-73662
56057,-519168,-65536,-102776,18988,8112,-20302
56067,-1595392,-400384,-270744,-889,-125384,-353699
56077,-1792000,-539648,-283736,-8218,-75951,-143433
56087,-2757632,-1406976,-306008,-16738,-443311,-329873
56097,-2757632,-1614848,-264944,-25428,-183296,-85106
56107,-3738624,-2478080,-285592,-32237,-400556,-253449
56117,-4256768,-3125248,-256360,-40768,-400671,-147866
56127,-4491264,-3659776,-188384,-46946,-299981,-116623
56137,-5160960,-4279296,-199752,-52758,-331204,-177315
56147,-6507520,-4793344,-388368,-57391,-319396,-610100
56157,-6714368,-5231616,-335936,-65551,-278776,-234818
56167,-6714368,-5778432,-212048,-73496,-242379,-60593
56177,-7293952,-6843392,-102080,-79506,-567443,-108956
56187,-7293952,-6961152,-75400,-82737,-185614,-28138
56197,-6112256,-7598080,336632,-57146,-282689,269279
56207,-4893696,-7318528,549376,7671,93759,263366
56217,-2788352,-6638592,872320,18913,335242,706855
56227,-2447360,-5450752,680456,33340,583713,269340
56237,-840704,-3883008,689272,47408,768202,742752
56247,-660480,-2599936,439408,58051,754501,258964
56257,-660480,-1530880,197200,67767,635096,66726
56267,-126976,-736256,138040,74272,512410,96778
56277,-126976,-378880,57072,77800,320646,26580
56287,-126976,-83968,-9744,78681,225246,6813
56297,-4096,-79872,17168,78128,67906,49995
56307,-4096,-114688,25056,78402,-22950,13717
56317,0,-6144,1392,78758,41021,4333
56327,0,-21504,4872,78424,-6105,1144
56337,12288,83968,-16240,76608,39082,3753
56347,12288,172032,-36192,72366,110007,930
56357,243712,390144,-33176,67392,150041,91140
56367,243712,204800,8816,65781,-31384,23460
56377,288768,320512,-7192,64565,23316,15686
56387,297984,385024,-19720,61068,6586,7629
56397,294912,455680,-36424,56063,17567,1098
56407,294912,487424,-43616,50386,21010,267
56417,297984,715776,-94656,42769,156949,1243
56427,297984,507904,-47560,36319,-3030,297
56437,305152,460800,-35264,30403,-23868,1403
56447,314368,432128,-19256,24611,-67093,1602
56457,331776,436224,-23664,19780,-30385,5355
56467,358400,674816,-71688,14722,135411,6484
56477,376832,588800,-48024,10700,63397,4318
56487,466944,374784,20880,8332,-83283,25100
56497,466944,307200,12760,8005,-16983,6431
56507,1173504,531456,145464,11904,68778,139411
56517,1173504,651264,118320,16475,75778,35903
56527,2582528,1082368,339880,22531,221505,282028
56537,2942976,1707008,280024,32417,361025,119941
56547,4944896,2363392,584872,39293,370056,531532
56557,5984256,3275776,613640,49536,485433,346954
56567,14973952,4472832,2379160,59902,631780,3193786
56577,14973952,6048768,2022112,60555,867778,878440
56587,16436224,8595456,1776424,76069,1271948,491302
56597,16436224,11752448,1061168,110752,1659446,126647
56607,16436224,14482432,442656,134963,1502645,34790
56618,16436224,16086016,79344,143085,980161,8926
56628,16436224,16635904,-45240,141071,571481,2403
56638,14285824,16611328,-526872,97585,183306,-537209
56648,14285824,15940608,-1769696,24260,-371170,-3175675
56658,5984256,14734336,-1982440,-11603,-620456,-1540810
56668,5984256,12548096,-1487120,-26281,-1189562,-397370
56678,1284096,10059776,-1988240,-56225,-1510507,-2350548
56688,1084416,7915520,-1547672,-59954,-1486559,-675118
56698,471040,5584896,-1158608,-85201,-1564598,-317940
56708,308224,3955712,-826384,-112497,-1337320,-130913
56718,122880,2829312,-613176,-135710,-951418,-93812
56728,30720,2308096,-515968,-154512,-532422,-45846
56738,-4096,1898496,-431056,-170567,-398686,-29252
56748,-4096,1891328,-429432,-185760,-118476,-7592
56758,-4096,1378304,-313200,-198875,-280968,-2007
56768,-4096,1173504,-266800,-208782,-180714,-596
56778,0,354304,-80272,-215766,-502634,1129
56788,0,168960,-38280,-218752,-317687,274
56798,0,210944,-47792,-219072,-33139,30
56808,0,18432,-4176,-218300,-162894,0
56818,-7168,-103424,21808,-215067,-62744,-1717
56828,-10240,-344064,75632,-209521,-156365,-1771
56838,-10240,-259072,56376,-200353,-150,-535
56848,-40960,-405504,82592,-186938,-18314,-6936
56858,-40960,-612352,129456,-169764,-68894,-1832
56868,-71680,-732160,149640,-151291,-114942,-9865
56878,-71680,-650240,131080,-132741,-26427,-2579
56888,-83968,-374784,65888,-117445,158429,-4464
56898,-83968,-519168,98600,-102581,24945,-1183
56908,-96256,-549888,102776,-87475,2524,-2884
56918,-96256,-515072,94888,-73501,19656,-832
56928,-114688,-661504,123888,-59660,-101516,-5845
56938,-114688,-550912,98832,-48470,103822,-1549
56948,-108544,-343040,53128,-37858,90282,2098
56958,-108544,-536576,96976,-25607,-47184,495
56968,-108544,-650240,122728,-11505,-93404,99
56978,-99328,-550912,102312,1147,5702,2105
56988,-99328,-580608,109040,4746,-30282,495
56998,-93184,-464896,84216,7665,23385,1373
57008,-93184,-368640,62408,9986,38394,320
57018,-90112,-262144,33872,11944,91980,854
57028,-93184,-402432,70064,13808,-50569,-435
57038,-93184,-499712,92104,16118,-105119,-161
57048,-93184,-494592,90944,18393,-87185,-115
57058,-93184,-221184,29000,20939,130099,-115
57068,-93184,-267264,39440,23337,56064,-115
57078,-93184,-277504,41760,25685,74080,-115
57088,-93184,-490496,90016,27875,-97546,-115
57098,-93184,-404480,70528,29574,-55893,-115
57108,-93184,-286720,43848,31190,15938,-115
57118,-111616,-206848,21576,32408,52771,-3884
57128,-126976,-237568,25056,33741,35972,-3205
57138,-166912,-293888,45008,35078,-48389,-11521
57148,-166912,-355328,42688,36495,-12864,-3212
57158,-282624,-444416,36656,38125,-43581,-43488
57168,-306176,-462848,35496,39314,-28710,-17151
57178,-306176,-592896,64960,41073,-64258,-4754
57188,-459776,-545792,19488,41881,-7723,-27009
57198,-546816,-588800,9512,42501,-10683,-30686
57208,-626688,-678912,11832,42490,-38085,-22431
57218,-847872,-709632,-31320,41797,-1630,-73655
57228,-897024,-955392,13224,40598,-104993,-33417
57238,-905216,-1031168,28536,41041,-72635,-12574
57248,-897024,-1108992,48024,42323,-48986,-489
57258,-897024,-1199104,68440,44227,-65589,-176
57268,-897024,-1077248,40832,46062,28227,-115
57278,-897024,-1089536,43616,47594,2673,-115
57288,-897024,-1044480,33408,48616,-6931,-115
57298,-921600,-960512,8816,49290,-4590,-16945
57308,-948224,-1139712,43384,49658,-90765,-4700
57318,-1063936,-977920,-19488,48843,42398,-28382
57328,-1074176,-934912,-31552,47640,98314,-9713
57338,-1004544,-1149952,32944,47499,-28813,21492
57348,-1004544,-1251328,65192,49302,-72107,5500
57358,-864256,-1340416,107880,51240,-76938,68382
57368,-795648,-1199104,91408,54382,33505,39802
57378,-795648,-1290240,112056,57465,-62319,10910
57388,-409600,-1027072,139896,60121,70729,175361
57398,-409600,-804864,89552,64318,152876,45166
57408,-409600,-616448,46864,67355,176100,12382
57418,-325632,-565248,54288,69898,97121,17395
57428,-325632,-462848,31088,71546,80046,4737
57438,-328704,-462848,30392,72756,23660,457
57448,-328704,-402432,16704,73514,26448,83
57458,-286720,-537600,56840,74516,-73553,13572
57468,-264192,-443392,40600,75949,5829,8407
57478,-247808,-307200,13456,77395,102342,9002
57488,-247808,-223232,-5568,78461,134585,2441
57498,-247808,-407552,36192,79372,-25864,595
57508,-247808,-445440,44776,80309,-61137,1007
57518,-250880,-535552,64496,81551,-100392,-718
57528,-250880,-423936,22736,82872,50155,-229
57538,-250880,-362496,25288,84387,60241,-115
57548,-292864,-387072,21344,85902,45691,-12833
57558,-292864,-514048,50112,87486,-28194,-3571
57568,-448512,-666624,49416,88070,-120312,-25750
57578,-448512,-659456,47792,89149,-66714,-7126
57588,-1198080,-678912,-117624,77757,-58464,-166626
57598,-2292736,-834560,-330368,56751,-104133,-501778
57608,-2848768,-1180672,-377928,8533,-191420,-306817
57618,-2848768,-1651712,-271208,-9867,-218902,-79163
57628,-4444160,-2896896,-350552,-17890,-630484,-300522
57638,-4444160,-3416064,-232928,-27119,-393224,-77538
57648,-4491264,-4478976,-2784,-30064,-487006,-29732
57658,-4491264,-4875264,87000,-22849,-281828,-8225
57668,-5216256,-4973568,-54984,-13552,-51108,-208458
57678,-5216256,-5165056,-11600,-14402,-94540,-53795
57688,-7445504,-5329920,-479312,-13995,-127334,-890709
57698,-7445504,-5747712,-384656,-22505,-259143,-229722
57708,-8081408,-6792192,-292088,-32204,-576347,-194260
57718,-7999488,-7514112,-109968,-39192,-459341,-17952
57728,-7600128,-8583168,222720,-27124,-533088,101852
57738,-7600128,-8796160,270976,2650,-83926,26214
57748,-3354624,-8399872,1143064,7687,130672,977294
57759,-3354624,-7192576,869536,24813,549461,251960
57769,-1325056,-5497856,945400,38155,874066,432502
57779,-532480,-3572736,688808,55521,1017786,346527
57789,-349184,-2089984,394400,70349,844519,138221
57799,-349184,-1165312,184904,78794,573076,37979
57809,-62464,-696320,143608,84289,290101,54641
57819,-62464,-396288,75632,87908,217661,14984
57829,-10240,-532480,118320,91762,13574,13908
57839,-13312,-434176,95352,95981,104763,3128
57849,-93184,-428032,75864,99520,57625,-20493
57859,-102400,-441344,76792,102108,-8285,-6989
57869,-102400,-251904,33872,103946,81274,-1832
57879,-102400,-207872,23896,104917,32346,-542
57889,-93184,-120832,6264,105475,57636,1495
57899,-93184,3072,-21808,104738,95090,366
57909,-93184,-136192,9744,103300,-43593,61
57919,-4096,57344,-13920,102675,32748,15098
57929,-4096,-132096,29000,102490,-68642,4119
57939,0,41984,-9512,101692,36282,2052
57949,0,13312,-3016,100550,-8802,526
57959,0,-29696,6728,99020,-48515,99
57969,0,186368,-42224,95293,117098,0
57979,0,44032,-9976,92049,-40426,0
57989,0,235520,-53360,88555,97396,0
57999,0,108544,-24592,84404,-15399,0
58009,0,75776,-17168,81088,-23604,0
58019,0,-2048,11600,78102,-105349,0
58029,0,-32768,7424,75950,-66657,0
58039,0,193536,-43848,72869,96822,0
58049,0,166912,-37816,69624,63603,0
58059,0,102400,-23200,67739,30338,0
58069,0,-28672,6496,64971,-81562,0
58079,0,-10240,2320,62045,-60609,0
58089,0,194560,-44080,57838,68055,0
58099,0,168960,-38280,54609,49811,0
58109,0,77824,-17632,52340,-92,0
58119,0,-88064,19952,50710,-103697,0
58129,0,117760,-26680,48214,58199,0
58139,0,163840,-37120,44017,57832,0
58149,0,69632,-15776,41893,-1148,0
58159,0,-130048,29464,40175,-132647,0
58169,0,-17408,3944,38719,91108,0
58179,0,141312,-32016,36287,77017,0
58189,0,-145408,32944,34636,-128665,0
58199,0,-10240,2320,33759,-12428,0
58209,0,-29696,6728,33570,-7149,0
58219,0,233472,-29696,31079,73448,0
58229,0,-234496,53128,28813,-196125,0
58239,0,131072,-29696,26126,63638,0
58249,0,59392,-13456,24584,13574,0
58259,0,0,0,21947,-42376,0
58269,0,34816,-7888,20029,7160,0
58279,0,84992,-19256,17823,36190,0
58289,3072,82944,-18096,17462,59186,854
58299,3072,-123904,28768,17056,-79542,198
58309,6144,36864,-6960,16222,48250,457
58319,6144,182272,-20184,13669,51016,83
58329,6144,28672,-5104,12691,6253,0
58339,0,-92160,20880,11127,-97259,-2419
58349,0,275456,-62408,7915,171797,-672
58359,0,-13312,3016,3607,-83329,-229
58369,0,76800,-17400,648,-1871,-115
58379,0,-11264,2552,-89,-42216,-115
58389,6144,113664,-24360,-249,56168,1106
58399,43008,-212992,58000,65,-183445,14755
58409,43008,158720,-26216,-30,107528,3761
58419,43008,-32768,17168,231,4612,930
58429,113664,27648,19488,663,68,10086
58439,113664,175104,-13920,389,95606,2548
58449,113664,268288,-35032,-476,108698,656
58459,211968,73728,31320,293,-43730,16685
58469,211968,177152,7888,698,20803,4547
58479,211968,316416,-23664,579,101848,1136
58489,263168,233472,6728,-163,-16708,7415
58499,334848,234496,22736,433,-21332,21118
58509,362496,410624,-10904,-109,56099,10749
58519,419840,452608,-7424,42,65175,17051
58529,419840,264192,35264,328,-86990,4638
58539,615424,692224,-17400,778,183329,36582
58549,615424,454656,36424,488,-64006,9391
58559,615424,640000,-5568,313,38130,2540
58569,3074048,717824,533832,7567,30625,445884
58579,6175744,1527808,1053048,16418,399603,1265098
58589,6713344,2723840,903872,25139,654787,460624
58599,7599104,4570112,686256,43465,927423,541099
58609,7521280,6308864,274688,54825,992875,121910
58619,7521280,7428096,21112,59583,705963,31387
58629,7599104,7683072,-5568,56648,182526,21278
58639,7599104,7848960,-56608,50108,126151,5813
58649,6998016,7609344,-138504,37588,-14137,-139481
58659,6998016,7163904,-37584,24611,-223331,-38407
58669,4998144,7291904,-519680,687,62364,-700554
58679,3464192,6348800,-653544,-9577,-456426,-540329
58689,2527232,5965824,-779056,-24313,-294668,-595444
58699,2419712,4589568,-491608,-38333,-552228,-188401
58709,2419712,3368960,-215064,-48849,-590220,-48630
58719,1848320,2740224,-202072,-52907,-356861,-268845
58729,1561600,2155520,-134560,-57441,-339764,-162194
58739,1350656,2353152,-227128,-63555,-6748,-88234
58749,766976,1789952,-231768,-69349,-280865,-285248
58759,659456,1969152,-296728,-77670,-7470,-106225
58769,419840,1272832,-193256,-85409,-277732,-80102
58779,384000,1063936,-154048,-91215,-157237,-27771
58789,107520,596992,-110896,-94650,-184535,-91111
58799,107520,221184,-25752,-97087,-216607,-23545
58809,0,131072,-29696,-97952,-108436,-51583
58819,0,-3072,696,-98551,-92107,-13344
58829,6144,-96256,23200,-97514,-80541,-2358
58840,21504,-67584,20184,-94079,-3833,1640
58850,138240,-78848,49184,-88115,-14608,33599
58860,138240,-175104,70992,-80308,-53679,9193
58870,342016,71680,61248,-71730,121504,82397
58880,369664,4096,82824,-59504,34423,31013
58890,369664,-52224,95584,-46395,-17648,7942
58900,540672,300032,54520,-32757,167139,27519
58910,540672,325632,48720,-22580,98647,7530
58920,1790976,397312,315752,2247,66174,259536
58930,1790976,731136,240120,10018,123684,71342
58940,3316736,1323008,451704,16672,248792,452499
58950,3316736,2081792,279792,26023,397446,124420
58960,3389440,2838528,124816,32580,418433,60615
58970,3210240,3344384,-30392,32852,287920,-35409
58980,3074048,3673088,-135720,19259,204144,-37842
58990,2195456,3470336,-288840,-1183,-77305,-355004
59000,1888256,3172352,-290928,-9735,-83329,-173523
59010,1888256,2796544,-205784,-17618,-222333,-47768
59020,1297408,2136064,-190008,-24473,-275265,-95025
59030,773120,1639424,-196272,-29798,-278157,-175362
59040,620544,1227776,-137576,-34981,-225511,-74738
59050,471040,1031168,-126904,-38775,-102411,-74387
59060,471040,697344,-51272,-41583,-172143,-20501
59070,471040,590848,-27144,-42991,-90225,-5333
59080,311296,732160,-95352,-45035,77717,-30579
59090,311296,326656,-3480,-46672,-163043,-7935
59100,215040,400384,-41992,-48098,-35618,-20821
59110,150528,445440,-66816,-49667,49685,-17952
59120,150528,38912,25288,-49866,-162768,-4677
59130,129024,101376,6264,-48889,-43535,-5486
59140,135168,144384,-2088,-47240,23660,-649
59150,184320,-61440,55680,-43362,-97236,12084
59160,196608,-48128,55448,-38911,-78429,5653
59170,205824,269312,-14384,-34746,148137,2624
59180,211968,238592,-6032,-30922,102491,2304
59190,205824,-98304,68904,-26152,-136388,-565
59200,184320,-48128,52664,-21686,-19186,-7622
59210,184320,93184,20648,-17934,28388,-2137
59220,184320,90112,21344,-13027,36971,-596
59230,70656,-15360,19488,-8304,-29490,-42069
59240,70656,65536,1160,-6239,38187,-10880
59250,0,-11264,2552,-5237,-33288,-36530
59260,0,43008,-9744,-5006,20505,-10087
59270,0,-60416,13688,-3919,-41125,-2648
59280,0,-236544,53592,-950,-127013,-771
59290,0,-26624,6032,670,50430,-237
59300,0,81920,-18560,989,119508,-115
59310,3072,-56320,13456,606,-2009,1350
59320,3072,74752,-16240,794,96042,312
59330,3072,-6144,2088,1041,5037,45
59340,6144,-87040,21112,1943,8445,488
59350,6144,-192512,45008,2790,-58487,91
59360,6144,-145408,34336,4234,16546,0
59370,6144,-221184,51504,5658,-38188,0
59380,9216,-326656,76096,7407,-97695,976
59390,9216,-45056,12296,8867,104533,228
59400,9216,-190464,45240,10285,-23053,15
59410,6144,-54272,13688,11409,41733,-954
59420,6144,-105472,25288,12373,11899,-313
59430,0,14336,-3248,13086,88067,-1107
59440,0,-40960,9280,13846,76845,-329
59450,-4096,44032,-10904,14411,106874,-1038
59460,-4096,17408,-4872,14808,80459,-313
59470,0,-37888,8584,15618,47963,1113
59480,0,-57344,12992,16515,38302,244
59490,0,-108544,24592,17465,2696,22
59500,0,-166912,37816,18551,-30213,0
59510,0,-177152,40136,19828,-24361,0
59520,0,-242688,54984,21121,-61493,0
59530,0,-179200,40600,22424,-12691,0
59540,0,-91136,20648,23599,45393,0
59550,-4096,-101376,22040,24743,35479,-1717
59560,-4096,-197632,43848,25900,-39439,-481
59570,-4096,-253952,56608,27067,-63260,-176
59580,-4096,-48128,9976,27954,51452,-115
59590,-4096,-271360,60552,28879,-111935,-115
59600,0,64512,-14616,29137,119037,701
59610,-4096,-198656,44080,29615,-89399,-1458
59620,-4096,-103424,22504,30018,-6954,-428
59630,-4096,29696,-7656,29962,66874,-168
59640,-10240,-173056,36888,30207,-84213,-1717
59650,-13312,-91136,17632,30232,-12668,-1305
59660,-13312,43008,-12760,30139,74321,-405
59670,-120832,23552,-32712,27628,48239,-15198
59680,-120832,-192512,16240,25939,-99130,-4235
59690,-276480,-179200,-22040,22002,-54493,-31205
59700,-546816,-184320,-82128,17270,19001,-107674
59710,-546816,-307200,-54288,8057,-43134,-29664
59720,-546816,-599040,11832,4392,-147518,-7691
59730,-1950720,-733184,-275848,-6123,-139451,-198563
59740,-6926336,-1112064,-1317296,-10474,-211719,-1378510
59750,-9591808,-2315264,-1648592,-10917,-635086,-894127
59760,-17213440,-4561920,-2866360,-29405,-1183744,-3038010
59770,-17213440,-7361536,-2232072,-31508,-1499457,-783448
59780,-17213440,-10816512,-1449304,-66531,-1861733,-215546
59790,-17213440,-14110720,-702960,-99665,-1771290,-55619
59800,-17213440,-16315392,-203464,-113432,-1334635,-15328
59810,-17213440,-17596416,86768,-111522,-793562,-3991
59820,-17213440,-17782784,131544,-93049,-240084,-1076
59830,-14835712,-17633280,633824,-37595,41170,633926
59840,-7999488,-17032192,2046472,9636,277352,3027099
59850,-6999040,-15644672,1958776,9636,654293,1201087
59860,-4638720,-13257728,1952744,15020,1133714,899955
59870,-4638720,-10402816,1305928,42175,1498698,232032
59880,-4638720,-7661568,684864,72101,1442438,63774
59890,-556032,-5688320,1162784,81152,1141884,1037406
59900,-356352,-4144128,858168,94275,981583,321464
59910,-356352,-2736128,539168,114865,819355,82862
59920,-40960,-1487872,327816,128336,676164,95268
59930,-10240,-779264,174232,135929,445582,31723
59940,0,-316416,71688,139456,254931,11672
59950,0,-141312,32016,140650,104854,3181
59960,0,-30720,6960,140624,50350,785
59970,0,99328,-22504,139575,93150,167
59980,0,54272,-12296,138776,36477,0
59990,0,50176,-11368,136935,906,0
60000,0,129024,-29232,133011,12599,0
60010,3072,189440,-42224,126766,6425,694
60020,3072,276480,-61944,118853,34309,137
60031,240640,404480,-37120,112582,103282,76904
60041,412672,382976,6728,111949,53460,60119
60051,1753088,325632,323408,112786,-22353,577217
60061,1753088,594944,262392,119504,96788,158721
60071,1753088,1036288,162400,126186,184362,40878
60081,6506496,1732608,1081584,129247,362666,1213462
60091,6713344,3027968,834968,139456,670254,396522
60101,6713344,4782080,437552,157511,921009,102203
60111,7144448,6318080,187224,167127,900710,117912
60121,7144448,7376896,-52664,168897,681557,30357
60131,7070720,7719936,-147088,154467,324513,-7401
60141,6998016,7652352,-148248,134900,54240,-32540
60151,6047744,7366656,-298816,106982,-93519,-296845
60161,6047744,6946816,-203696,71537,-219533,-81688
60171,3316736,6476800,-715952,3862,-257755,-812218
60181,3007488,5573632,-581392,-12478,-429208,-297493
60191,3007488,4388864,-312968,-25045,-607237,-81864
60201,1971200,3160064,-269352,-34143,-660077,-196747
60211,1971200,2139136,-38048,-39869,-667697,-50774
60221,1888256,2109440,-50112,-40992,-171259,-31098
60231,1868800,1815552,12064,-37071,-76261,-15694
60241,1771520,1911808,-31784,-35780,51670,-32036
60251,1771520,1934336,-36888,-36739,37682,-8309
60261,1497088,1907712,-80272,-39980,-53553,-40589
60271,1497088,1684480,-42456,-42327,-104201,-11216
60281,1497088,1399808,22040,-42627,-163927,-2930
60291,863232,1268736,-91872,-45486,-102297,-89478
60301,863232,1014784,-34336,-47157,-109709,-24651
60311,451584,649216,-44776,-49305,-222769,-85923
60321,331776,678912,-78648,-51625,-46266,-50019
60331,331776,243712,19952,-52372,-205488,-12932
60341,331776,279552,11832,-50061,-44820,-3373
60351,178176,120832,12992,-46754,-33013,-22461
60361,178176,-29696,47096,-43485,-118751,-5837
60371,122880,274432,-34336,-41111,131017,-11567
60381,101376,9216,20880,-40222,-91981,-6234
60391,101376,251904,-34104,-39116,95078,-1648
60401,101376,124928,-5336,-37693,26506,-47349
60411,0,-29696,6728,-37138,-41814,-14191
60421,0,-191488,43384,-34789,-117730,-3693
60431,0,-13312,3016,-30027,83569,-1046
60441,9216,-335872,78184,-24199,-128493,2868
60451,95232,-180224,62408,-16007,5106,22201
60461,615424,-122880,167272,-5695,59725,254112