R
Px,Ix,Dx,Py,Iy,Dy,Pz,Iz,FFrx,FFry,FFdrx,FFdry,satI,satPID,KFQAng,KFQbias,KFRmeas,CPx,CIx,CPy,CIy,CsatI,CsatPID,CFFdrx,CFFdry,CFalpha,iRelaxX,IRelaxY,DmaxR,DmaxE,DMx,DMy
58,80,47,58,80,47,250,0,0,0,10,0,500000,3000000,10,1,1000,0,0,0,0,0,0,0,0,0.995,1024,1024,0,0,0,0
sysTickMs,PIDRefXi,PIDSensXi,PIDPoutXi,PIDIoutXi,PIDDoutXi,PIDFFoutXi
8683,0,0,0,0,0,0
8693,0,0,0,0,0,0
8703,0,0,0,0,0,0
8713,0,0,0,0,0,0
8723,0,0,0,0,0,0
8733,0,0,0,0,0,0
8743,0,0,0,0,0,0
8753,0,0,0,0,0,0
8763,0,0,0,0,0,0
8773,0,0,0,0,0,0
8783,0,0,0,0,0,0
8793,0,0,0,0,0,0
8803,0,0,0,0,0,0
8813,0,0,0,0,0,0
8823,0,0,0,0,0,0
8833,0,0,0,0,0,0
8843,0,0,0,0,0,0
8853,0,0,0,0,0,0
8863,0,0,0,0,0,0
8873,0,0,0,0,0,0
8883,0,0,0,0,0,0
8893,0,0,0,0,0,0
8903,0,0,0,0,0,0
8913,0,0,0,0,0,0
8923,0,0,0,0,0,0
8933,0,0,0,0,0,0
8943,0,0,0,0,0,0
8953,0,0,0,0,0,0
8963,0,0,0,0,0,0
8973,0,0,0,0,0,0
8983,0,0,0,0,0,0
8993,0,0,0,0,0,0
9003,0,0,0,0,0,0
9013,0,0,0,0,0,0
9023,0,0,0,0,0,0
9033,0,0,0,0,0,0
9043,0,0,0,0,0,0
9053,0,0,0,0,0,0
9063,0,0,0,0,0,0
9073,0,0,0,0,0,0
9083,0,0,0,0,0,0
9093,0,0,0,0,0,0
9103,0,0,0,0,0,0
9113,0,0,0,0,0,0
9123,0,0,0,0,0,0
9133,0,0,0,0,0,0
9143,0,8192,-1856,-51,2581,0
9153,0,7168,-1624,-123,-356,0
9163,0,8192,-1856,-173,814,0
9173,0,9216,-2088,-233,1331,0
9183,0,4096,-928,-282,-1722,0
9193,0,7168,-1624,-333,458,0
9203,0,9216,-2088,-386,1835,0
9213,0,7168,-1624,-439,11,0
9223,0,11264,-2552,-509,2191,0
9233,0,8192,-1856,-591,-1114,0
9243,0,7168,-1624,-663,-1595,0
9253,0,5120,-1160,-729,-2502,0
9263,0,6144,-1392,-792,-1905,0
9273,0,9216,-2088,-844,1973,0
9283,0,5120,-2320,-893,2971,0
9293,0,1024,-232,-945,-3913,0
9303,0,-2048,464,-965,-4407,0
9313,0,8192,-1856,-1083,-3477,0
9323,0,-6144,1392,-923,-4281,0
9333,0,13312,-3016,-1074,-1205,0
9343,0,-5120,1160,-887,-4189,0
9353,0,-11264,2552,-899,-11119,0
9363,0,0,0,-895,-4108,0
9373,0,8192,-1856,-897,3568,0
9383,0,4096,1856,-952,-11728,0
9393,0,4096,-928,-875,-896,0
9403,0,29696,-6728,-1017,8112,0
9413,0,15360,-3480,-1056,3729,0
9423,0,27648,-6264,-1220,5186,0
9433,0,-17408,3944,-1228,-20930,0
9443,0,-7168,1624,-1090,-10419,0
9453,0,38912,-8816,-859,28675,0
9463,0,41984,-9512,-915,21950,0
9473,0,23552,-5336,-1065,3729,0
9483,0,-11264,2552,-1435,-36226,0
9493,0,13312,-3016,-1355,986,0
9503,0,3072,-696,-1077,2983,0
9513,0,15360,-3480,-758,16052,0
9523,0,-7168,1624,-398,2570,0
9533,0,-15360,3480,-130,-4258,0
9543,0,0,0,-58,1376,0
9553,0,19456,-4408,-95,10086,0
9563,0,28672,-6496,-23,18715,0
9573,0,19456,-4408,-18,13976,0
9583,0,-20480,4640,22,-13437,0
9593,0,-44032,9976,142,-23661,0
9603,0,-23552,5336,245,-3466,0
9613,0,16384,-3712,210,21824,0
9623,0,-10240,2320,225,-115,0
9633,0,-39936,9048,404,-16776,0
9643,0,16384,-3712,495,23465,0
9653,0,-12288,2784,379,-6346,0
9663,0,6144,-1392,271,10832,0
9673,0,25600,-5800,-45,19954,0
9683,0,-72704,16472,37,-53116,0
9693,0,44032,-9976,60,38635,0
9703,0,68608,-15544,-143,14721,0
9713,0,-74752,16936,103,-51510,0
9723,0,5120,-1160,141,16339,0
9733,0,51200,-11600,-43,38830,0
9743,0,-57344,12992,82,-41607,0
9753,0,6144,-1392,224,22616,0
9763,0,20480,-4640,-62,20401,0
9773,0,-28672,6496,95,-10878,0
9783,0,-15360,3480,163,2535,0
9793,0,-14336,3248,-31,-4992,0
9803,0,-30720,6960,151,-6771,0
9813,0,32768,-7424,-179,15559,0
9823,0,33792,-7656,-26,20596,0
9833,0,1024,-232,-141,-9983,0
9843,0,-12288,2784,-23,-11785,0
9854,0,10240,-2320,95,15685,0
9864,0,-68608,15544,254,-29387,0
9874,0,-43008,9744,118,-18119,0
9884,0,43008,-9744,10,45703,0
9894,0,-12288,2784,66,-1332,0
9904,0,-20480,4640,92,-7149,0
9914,0,-125952,28536,336,-70535,0
9924,0,-12288,2784,428,12702,0
9934,0,23552,-5336,821,56523,0
9944,0,-50176,11368,1270,906,0
9954,0,-1024,232,1748,43454,0
9964,0,-23552,5336,2075,32909,0
9974,0,-110592,25056,2305,-27161,0
9984,0,-132096,29928,3020,-30420,0
9994,0,-190464,43152,4036,-23719,0
10004,0,-176128,39904,5228,-22410,0
10014,0,-125952,28536,6439,20287,0
10024,0,-146432,33176,7409,-8193,0
10034,0,-77824,17632,8159,22777,0
10044,0,-40960,9280,8853,43477,0
10054,0,-51200,11600,9875,53104,0
10064,0,-140288,31784,11447,22868,0
10074,0,-199680,45240,12880,-20288,0
10084,0,-266240,60320,14194,-79072,0
10094,0,-237568,53824,15262,-69215,0
10104,0,-161792,36656,16284,-21688,0
10114,0,-93184,21112,17326,29260,0
10124,0,-122880,27840,18786,36076,0
10134,0,-166912,37816,20456,16523,0
10144,0,-110592,27144,21934,40379,0
10154,0,-61440,13920,22671,35697,0
10164,0,-31744,7192,22174,-7929,0
10174,0,12288,-2784,20239,-19473,0
10184,0,60416,-13688,17426,-6644,0
10194,0,140288,-31784,14504,44441,0
10204,0,138240,-31320,11503,35123,0
10214,0,12288,-2784,8933,-52428,0
10224,0,-21504,4872,7349,-59026,0
10234,0,-45056,10208,6339,-56203,0
10244,0,-15360,3480,5174,-28733,0
10254,39936,21504,4176,3564,-9341,334
10264,39936,109568,-15776,2871,58359,85
10274,172032,55296,26448,3607,22547,567
10284,196608,67584,29232,4971,33494,218
10294,314368,128000,42224,6461,84097,725
10304,334848,158720,39904,8384,65933,283
10314,334848,156672,40368,10217,40195,72
10324,405504,132096,61944,11826,-12783,421
10334,405504,73728,75168,13683,-74677,107
10344,455680,181248,62176,15600,-17362,167
10354,455680,258048,44776,17168,10969,45
10364,514048,302080,48024,18899,16798,235
10374,540672,429056,25288,20418,75273,143
10384,594944,535552,13456,21673,105623,325
10394,615424,558080,12992,22950,84843,162
10404,648192,583680,14616,24023,78796,301
10414,665600,565248,22736,25260,48331,169
10424,665600,547840,26680,26290,14343,45
10434,752640,547840,46400,27176,-17648,652
10444,752640,634880,26680,28183,14285,167
10454,780288,812032,-7192,28836,104912,279
10464,794624,867328,-16472,28755,95962,75
10474,794624,866304,-16240,27467,40792,18
10484,801792,874496,-16472,25211,15226,32
10494,801792,976896,-39672,22071,69650,7
10504,801792,897024,-21576,18899,-276,1
10514,801792,850944,-11136,16055,-25302,0
10524,855040,904192,-11136,13428,16351,367
10534,855040,861184,-1392,12551,-13472,100
10544,965632,769024,44544,13088,-67035,480
10554,965632,863232,23200,13982,7848,122
10564,1149952,893952,58000,15282,13207,954
10574,1324032,877568,101152,17530,-23879,1547
10584,1392640,930816,104632,20326,-20655,898
10594,1436672,1035264,90944,23374,13172,450
10604,1561600,1217536,77952,26537,117855,539
10614,1680384,1354752,73776,29519,121998,968
10624,1680384,1478656,45704,32230,123420,248
10634,1697792,1531904,37584,33983,77074,233
10644,1697792,1528832,38280,35179,-1618,59
10654,1697792,1548288,33872,35702,-40621,14
10664,1697792,1609728,19952,35502,-30649,3
10674,1697792,1736704,-8816,34790,37017,0
10684,1716224,1775616,-13456,33918,53666,85
10694,1645568,1823744,-40368,32622,80241,-611
10704,1406976,1750016,-77720,27310,25244,-1607
10714,1324032,1652736,-74472,16704,-38945,-832
10724,701440,1549312,-192096,3862,-88229,-5782
10734,701440,1460224,-171912,-5369,-109032,-1492
10744,432128,1334272,-204392,-12195,-108963,-1596
10754,394240,1195008,-181424,-18968,-79370,-533
10764,394240,934912,-122496,-23793,-121769,-139
10774,394240,640000,-55680,-26926,-149113,-39
10784,394240,509952,-26216,-28514,-96777,-11
10794,394240,461824,-15312,-29128,-40127,-4
10804,-4096,464896,-106256,-31036,15054,-1753
10814,-4096,384000,-90944,-33995,9076,-453
10824,-7168,280576,-65192,-36187,-14045,-145
10834,-7168,133120,-31784,-37515,-38486,-38
10844,-16384,7168,-5336,-37929,-50500,-41
10854,-16384,-107520,20648,-36735,-62354,-12
10864,-16384,-142336,28536,-33843,-27872,-4
10874,-105472,-130048,5568,-30980,-11728,-749
10884,-105472,-154624,11136,-29771,-12198,-195
10894,-105472,-199680,21344,-27894,-27585,-55
10904,-117760,-216064,22272,-25179,-13403,-52
10914,-117760,-172032,12296,-20931,51716,-15
10924,-136192,-182272,10440,-16142,69042,-81
10934,-173056,-258048,19256,-11004,28697,-265
10945,-191488,-305152,25752,-6725,-138,-179
10955,-191488,-351232,36192,-3009,-38417,-47
10965,-279552,-368640,9512,-1905,-19714,-302
10975,-279552,-303104,5336,-1266,-11108,-84
10985,-279552,-259072,-4640,-571,23213,-23
10995,-380928,-299008,-18560,-980,15639,-291
11005,-452608,-355328,-22040,-1272,1113,-464
11015,-452608,-372736,-18096,-1431,22455,-121
11025,-532480,-427008,-23896,-1849,10476,-393
11035,-532480,-492544,-9048,-2143,-12405,-102
11045,-585728,-571392,-3248,-2460,-48607,-235
11055,-601088,-647168,10440,-2755,-81115,-105
11065,-637952,-650240,2784,-2814,-60024,-225
11075,-649216,-683008,7656,-2581,-50581,-107
11085,-696320,-665600,-6960,-1269,8135,-376
11095,-708608,-692224,-3712,-21,33241,-160
11105,-727040,-756736,6728,367,1686,-116
11115,-740352,-905216,37352,1014,-76180,-66
11125,-760832,-935936,39672,1763,-76203,-129
11135,-760832,-967680,46864,2669,-77202,-35
11145,-879616,-1000448,27376,2445,-84500,-488
11155,-897024,-885760,-2552,2176,16328,-214
11165,-957440,-842752,-25984,1291,56076,-378
11175,-975872,-878592,-22040,303,49421,-241
11185,-1024000,-1040384,3712,-19,-32290,-304
11195,-1043456,-1149952,24128,357,-84316,-146
11205,-1128448,-1250304,27608,949,-86301,-628
11215,-1162240,-1210368,10904,735,-22915,-332
11225,-1259520,-1222656,-8352,860,-5428,-1020
11235,-1271808,-1180672,-20648,-60,54206,-349
11245,-1310720,-1287168,-5336,-51,4991,-274
11255,-1325056,-1399808,16936,106,-48469,-128
11265,-1325056,-1515520,43152,676,-97259,-35
11275,-1467392,-1595392,29000,800,-108355,-678
11285,-1595392,-1648640,12064,1002,-100575,-1408
11295,-1595392,-1616896,4872,373,-26163,-365
11305,-1698816,-1604608,-21344,-65,29042,-586
11315,-1735680,-1655808,-18096,-80,39082,-278
11325,-1735680,-1810432,16936,627,-19278,-73
11335,-1869824,-1916928,10672,1094,-38188,-651
11345,-1869824,-2067456,44776,1974,-88550,-169
11355,-1869824,-2113536,55216,3221,-79302,-47
11365,-1869824,-2114560,55448,4821,-45084,-13
11375,-1869824,-2067456,44776,6600,13976,-5
11385,-1869824,-2091008,50112,8459,14113,-3
11395,-1869824,-2093056,50576,10517,23442,-3
11405,-1869824,-2118656,56376,12636,8835,-3
11415,-1869824,-2127872,58464,14587,-3167,-3
11425,-1889280,-2043904,35032,16381,46667,-88
11435,-1889280,-1974272,19256,17926,86908,-26
11445,-1869824,-1963008,21112,19495,81813,110
11455,-1869824,-2026496,35496,21128,26414,27
11465,-1869824,-2037760,38048,22732,-38670,6
11475,-1869824,-2106368,53592,24302,-32979,1
11485,-1869824,-2107392,53824,25970,-31154,0
11495,-1869824,-2055168,41992,27399,-1871,0
11505,-1869824,-2012160,32248,28705,13149,0
11515,-1869824,-2012160,32248,29749,-4430,0
11525,-1849344,-2056192,46864,30889,-47046,60
11535,-1849344,-2053120,46168,31903,-52107,14
11545,-1810432,-2007040,44544,32926,-27792,163
11555,-1792000,-1963008,38744,34283,4532,96
11565,-1482752,-1978368,112288,36506,-7528,1785
11575,-1259520,-1960960,158920,41108,-723,1379
11585,-921600,-1822720,204160,46299,54401,3010
11595,-817152,-1602560,177944,52241,142170,1332
11605,-637952,-1339392,158920,58408,161665,1057
11615,-575488,-1120256,123424,63781,150581,446
11625,-424960,-926720,113680,67810,137178,978
11635,-380928,-698368,71920,71370,154367,421
11645,-332800,-558080,51040,73822,125142,462
11655,-328704,-499712,38744,75530,71716,148
11665,-328704,-382976,12296,76503,73391,37
11675,-328704,-267264,-13920,76663,71360,9
11685,-328704,-244736,-19024,75608,64257,1
11695,-328704,-294912,-7656,73894,-3007,0
11705,-309248,-327680,4176,72538,-35514,100
11715,-309248,-339968,6960,71494,-37511,25
11725,-154624,-284672,29464,71505,-2766,603
11735,-154624,-133120,-4872,72048,81033,154
11745,-154624,-114688,-9048,72124,61389,39
11755,0,-95232,21576,72970,44613,569
11765,0,-98304,22272,73785,6896,145
11775,0,-2048,464,73846,27665,36
11785,0,22528,-5104,72178,-5600,9
11795,0,81920,-18560,68906,745,1
11805,0,146432,-33176,64452,21021,0
11815,0,189440,-42920,60137,42674,0
11825,0,153600,-34800,55956,15238,0
11835,0,144384,-32712,52561,17234,0
11845,0,57344,-12992,49438,-35996,0
11855,0,38912,-8816,46250,-5107,0
11865,0,152576,-34568,42542,33287,0
11875,0,190464,-43152,38386,53838,0
11885,0,183296,-41528,34898,51830,0
11895,0,119808,-27144,31768,12174,0
11905,0,36864,-8352,29283,-35124,0
11915,0,21504,-4872,27283,-30821,0
11925,0,52224,-11832,25259,3350,0
11935,0,59392,-13456,24129,33643,0
11945,0,30720,-6960,23437,11887,0
11955,9216,12288,-696,22648,-8962,40
11965,9216,-10240,4408,21743,-30752,10
11975,36864,11264,5800,20677,-16249,169
11985,36864,13312,5336,19752,22490,42
11995,67584,123904,-12760,18930,50281,144
12005,67584,102400,-7888,18016,12599,36
12015,101376,86016,3480,17129,-15606,157
12025,122880,55296,15312,16738,-42663,108
12035,199680,30720,38280,16636,-23719,493
12045,263168,104448,35960,17527,-10511,414
12055,352256,218112,30392,18539,55548,852
12065,409600,281600,29000,19942,71865,581
12075,409600,266240,32480,21268,19024,148
12085,719872,286720,98136,22421,-4384,2640
12095,719872,304128,94192,25185,-32611,680
12105,719872,454656,44544,27316,69478,174
12115,719872,685056,7888,28627,123122,47
12125,1790976,795648,225504,31286,128240,6106
12135,1790976,858112,211352,38065,98325,1678
12145,2219008,955392,286288,46669,47034,1836
12155,2219008,1283072,212048,54424,114310,472
12165,2317312,1701888,139432,59738,158728,534
12175,2291712,1976320,71456,62963,120070,60
12185,2267136,2205696,13920,63973,101733,-134
12195,2267136,2425856,-35960,62117,127276,-36
12205,2267136,2481152,-48488,57463,82502,-11
12215,2267136,2525184,-58464,50929,61653,-4
12225,2267136,2464768,-44776,43726,-12060,-3
12235,2341888,2422784,-18328,38953,-49651,221
12245,2341888,2411520,-15776,34512,-48905,56
12255,2499584,2427904,16240,32598,-40219,622
12265,2472960,2507776,-7888,31588,4819,-39
12276,2446336,2636800,-43152,28574,75870,-153
12286,2446336,2675712,-51968,24189,77120,-43
12296,2341888,2614272,-61712,17897,2352,-833
12306,2341888,2568192,-51272,8766,-56651,-216
12316,2148352,2501632,-80040,-1361,-75148,-808
12326,2148352,2484224,-76096,-4517,-47402,-210
12336,2148352,2447360,-67744,-7090,-31464,-59
12346,2148352,2373632,-51040,-9224,-39335,-17
12356,2171904,2270208,-22272,-10898,-76249,168
12366,2195456,2272256,-17400,-12142,-55802,171
12376,2195456,2337792,-32248,-13319,1950,43
12386,2171904,2340864,-38280,-14371,14538,-163
12396,2171904,2347008,-39672,-15536,23557,-43
12406,2195456,2263040,-15312,-16599,-35549,212
12416,2446336,2220032,51272,-16291,-70971,1786
12426,2611200,2242560,83520,-9359,-56283,1315
12436,2787328,2344960,100224,1047,1227,976
12446,2974720,2449408,119016,4121,36695,1561
12456,2974720,2651136,73312,7665,117591,401
12466,2974720,2782208,43616,10158,124556,109
12476,2942976,2922496,4640,11411,111567,-192
12486,2942976,3028992,-12064,10324,50809,-51
12496,2942976,3038208,-21576,6253,-1309,-15
12506,2942976,3067904,-28304,688,-17442,-5
12516,2879488,3079168,-45240,-1755,-22181,-300
12526,2554880,3135488,-131544,-3725,26150,-3180
12536,2554880,3137536,-132008,-7590,50166,-821
12546,2554880,3059712,-114376,-11046,29547,-227
12556,1310720,2903040,-360760,-17983,-33851,-5676
12566,1310720,2624512,-297656,-28106,-129331,-1465
12576,824320,2427904,-363312,-37979,-101275,-2685
12586,824320,1993728,-264944,-48047,-178190,-694
12596,365568,1448960,-245456,-56119,-294772,-2965
12606,246784,1118208,-197432,-63523,-257353,-1374
12616,246784,879616,-143376,-69515,-159234,-355
12626,0,693248,-157064,-73587,-74815,-1697
12636,0,437248,-99064,-77333,-83019,-439
12646,-71680,239616,-60784,-80168,-114965,-343
12656,-71680,65536,-31088,-81786,-91717,-95
12666,-203776,26624,-52200,-83227,-25141,-606
12676,-238592,-50176,-42688,-84399,-2571,-279
12686,-238592,-166912,-16240,-85042,-27505,-73
12696,-238592,-282624,19720,-84332,-80690,-20
12706,-913408,-432128,-109040,-87330,-105429,-2155
12716,-913408,-555008,-81200,-91002,-107254,-557
12726,-1379328,-701440,-153584,-95076,-95802,-2202
12736,-1611776,-949248,-150104,-99692,-115389,-2134
12746,-1810432,-1336320,-107416,-103894,-202413,-1682
12756,-1810432,-1606656,-46168,-106704,-191489,-464
12766,-2268160,-1829888,-99296,-110292,-175792,-1487
12776,-2268160,-2035712,-57536,-112588,-115906,-385
12786,-3008512,-2279424,-165184,-116012,-141115,-3158
12796,-3354624,-2539520,-184672,-120789,-169136,-3535
12806,-3390464,-2779136,-138504,-125909,-184788,-1191
12816,-3390464,-2970624,-95120,-129944,-143261,-308
12826,-3428352,-3206144,-44776,-132189,-144030,-187
12836,-3542016,-3488768,-12064,-132990,-168276,-699
12846,-3542016,-3693568,34336,-131628,-173279,-181
12856,-3618816,-3851264,52664,-126296,-163433,-654
12866,-3658752,-3999744,77256,-118862,-156732,-397
12876,-3989504,-4079616,20416,-116253,-66611,-1382
12886,-4302848,-4065280,-53824,-117482,-46519,-1766
12896,-4688896,-4150272,-122032,-119825,-28538,-2516
12906,-4945920,-4354048,-134096,-123620,-78728,-1753
12916,-5328896,-4682752,-146392,-127250,-172590,-3463
12926,-5328896,-4938752,-88392,-131035,-188287,-894
12936,-5328896,-5229568,-22504,-133086,-209504,-247
12946,-5385216,-5387264,464,-132954,-125005,-223
12956,-5385216,-5563392,40368,-128320,-99566,-62
12966,-5385216,-5655552,61248,-118560,-39714,-17
12976,-5500928,-5804032,68672,-106043,-56949,-858
12986,-5618688,-5842944,50808,-97203,-33082,-866
12996,-5618688,-5949440,74936,-89099,-79485,-225
13006,-6644736,-5982208,-150104,-92698,-84442,-3628
13016,-6644736,-6071296,-129920,-97545,-88745,-999
13026,-6714368,-6376448,-76560,-101213,-170582,-511
13036,-6241280,-6732800,111360,-99645,-248621,3343
13046,-5860352,-6946816,246152,-75324,-211168,2766
13056,-5860352,-6883328,231768,-43356,-57936,759
13066,-3176448,-6537216,761424,8647,167426,9523
13076,-3176448,-6014976,643104,27794,303010,2454
13086,-1004544,-5141504,937280,39432,505341,8541
13096,-343040,-4252672,885776,60969,571091,5695
13106,-111616,-3228672,706208,82283,644391,2800
13116,-111616,-2209792,475368,101826,681706,721
13126,12288,-1502208,343128,115412,590609,1110
13136,12288,-958464,219936,125659,470195,285
13146,119808,-688128,183048,133237,349126,462
13156,278528,-414720,157064,139082,262183,1222
13166,308224,-173056,109040,144471,243112,462
13176,308224,12288,67048,148092,206198,126
13186,636928,193536,100456,150555,163123,2302
13196,636928,327680,70064,153037,84797,592
13206,1197056,539648,148944,155972,84292,3166
13216,1284096,849920,98368,159492,149353,1416
13226,1284096,1177600,24128,161551,226233,364
13236,1284096,1447936,-37120,160996,218224,99
13246,1284096,1632256,-78880,153336,145440,24
13256,1594368,1714176,-27144,145794,55858,1557
13266,1809408,1820672,-2552,139366,28273,2232
13276,1971200,1927168,9976,136604,21973,1730
13286,1971200,2149376,-40368,133604,95698,445
13296,2847744,2374656,107184,126864,147930,7951
13306,2847744,2458624,88160,129773,97189,2186
13316,2847744,2654208,43848,131933,98291,563
13326,3353600,2924544,97208,135008,143765,1754
13336,3617792,3340288,62872,137130,208298,2192
13346,3657728,3696640,-8816,138210,221264,740
13356,3657728,3890176,-52664,134776,156112,202
13366,3657728,4004864,-78648,125068,81607,51
13376,3657728,4224000,-128296,111249,140024,12
13386,3697664,4272128,-130152,96000,111246,359
13396,3657728,4227072,-128992,79276,35927,-151
13406,3697664,4364288,-151032,62244,113197,144
13416,3697664,4284416,-132936,44496,37131,36
13426,3778560,4151296,-84448,29586,-31005,499
13436,3778560,4122624,-77952,19105,-7252,136
13446,3778560,3887104,-24592,11368,-117466,34
13456,3778560,3963904,-41992,5459,-14895,8
13466,2942976,3907584,-218544,-3399,-48205,-3672
13476,2582528,3879936,-293944,-11450,-35962,-3129
13486,2582528,3710976,-255664,-20147,-80001,-862
13496,2446336,3445760,-226432,-28261,-100541,-785
13506,2446336,3155968,-160776,-34746,-121104,-204
13516,2446336,2868224,-95584,-38794,-140128,-57
13526,2419712,2666496,-55912,-41880,-151924,-126
13536,2148352,2574336,-96512,-44396,-135722,-2310
13546,2148352,2699264,-124816,-48539,1812,-597
13556,2148352,2631680,-109504,-52401,-2938,-155
13567,1149952,2538496,-314592,-59453,11095,-3488
13577,746496,2127872,-312968,-68606,-164661,-3197
13587,642048,1613824,-220168,-77576,-327165,-1311
13597,531456,1498112,-219008,-85896,-154414,-669
13607,447488,1117184,-146856,-91939,-188402,-622
13617,447488,809984,-82128,-95884,-182860,-172
13627,483328,685056,-45704,-98002,-88435,54
13637,483328,771072,-65192,-99080,68434,14
13647,483328,401408,18560,-99345,-149974,2
13657,483328,329728,10672,-97900,-56329,0
13667,471040,544768,-16704,-96379,59713,-71
13677,471040,256000,48720,-93399,-115114,-20
13687,504832,246784,58464,-88732,-78246,259
13697,504832,292864,48024,-81966,-12668,66
13707,504832,361472,24824,-74827,75870,16
13717,965632,320512,146160,-53362,21182,1292
13727,1324032,264192,240120,-26007,-35526,2244
13737,1406976,514048,202304,1295,75835,936
13747,1481728,922624,126672,7342,233221,791
13757,1481728,1091584,88392,11867,171166,203
13767,1481728,1239040,54984,14531,117798,54
13777,1481728,1408000,16704,15837,99966,13
13787,1481728,1306624,43848,16210,-62457,2
13797,1771520,1409024,82128,18210,6288,1049
13807,2817024,1571840,282112,21840,103409,7490
13817,3074048,1588224,336632,30318,68687,3430
13827,3389440,1920000,332920,40286,160713,3891
13837,3427328,2359296,241976,49391,215206,1264
13847,3389440,2868224,118088,55374,277249,157
13857,3389440,3085312,68904,58412,128286,39
13867,3389440,3410944,-4872,58592,139278,9
13877,2527232,3580928,-238728,40570,125784,-4311
13887,1481728,3419136,-438944,8085,-18211,-11084
13897,1481728,3180544,-384888,-9420,-84901,-3050
13907,855040,2477056,-367488,-20731,-352202,-3726
13917,555008,2291712,-393472,-32305,-134976,-2827
13927,342016,1538048,-270976,-41668,-332512,-2250
13937,301056,1133568,-188616,-49217,-237043,-773
13947,12288,881664,-196968,-54401,-148872,-2968
13957,0,672768,-152424,-59726,-92727,-846
13967,-13312,373760,-87696,-63982,-160002,-282
13977,-13312,191488,-46400,-66806,-156101,-79
13987,-102400,269312,-84216,-68745,30648,-598
13997,-114688,-16384,-22272,-69702,-74149,-223
14007,-244736,-317440,16472,-68190,-166245,-1221
14017,-244736,-303104,2552,-67216,-31005,-316
14027,-244736,-357376,25520,-64708,-41803,-88
14037,-484352,-329728,-35032,-60563,33689,-2033
14047,-537600,-464896,-16472,-60745,-28412,-849
14057,-537600,-611328,16704,-60369,-81482,-234
14067,-660480,-667648,1624,-60644,-70386,-570
14077,-847872,-748544,-22504,-60406,-56020,-1214
14087,-847872,-742400,-23896,-60077,21319,-335
14097,-1325056,-936960,-87928,-58419,-43960,-4087
14107,-1408000,-955392,-102544,-60728,25783,-1527
14117,-1646592,-1219584,-96744,-63860,-82664,-1404
14127,-1849344,-1419264,-97440,-67504,-93220,-969
14137,-2058240,-1718272,-77024,-70341,-150800,-1440
14147,-2058240,-1912832,-32944,-72106,-117156,-397
14157,-2757632,-2022400,-166576,-72636,-46817,-5599
14167,-2880512,-2275328,-137112,-76625,-103042,-2241
14177,-3211264,-2459648,-170288,-81742,-98900,-1942
14187,-3428352,-2977792,-102080,-87381,-297606,-1110
14197,-3428352,-3110912,-71920,-90991,-177742,-306
14207,-3618816,-3534848,-19024,-93211,-251788,-816
14217,-3618816,-3543040,-17168,-93638,-63386,-212
14227,-3618816,-3776512,35728,-90594,-92428,-59
14237,-3618816,-3698688,18096,-84460,54642,-17
14247,-3738624,-3807232,15544,-80908,15043,-341
14257,-3738624,-3840000,22968,-75312,35250,-89
14267,-3779584,-4112384,75400,-68305,-116387,-172
14277,-3779584,-4130816,79576,-58543,-51808,-49
14287,-3503104,-4254720,170288,-41196,-78452,1461
14297,-3503104,-4123648,140592,-18663,60264,5092
14307,-3008512,-4028416,231072,4768,77637,1399
14317,-3008512,-3837952,187920,12218,107035,360
14327,-3008512,-3549184,122496,17455,152256,98
14337,-3075072,-3419136,77952,20523,74240,-151
14347,-3075072,-3113984,8816,21918,153771,-43
14357,-3075072,-3256320,41064,22669,-38280,-12
14367,-2975744,-3092480,26448,23356,42272,682
14377,-2975744,-3265536,65656,24755,-84993,186
14387,-2342912,-3130368,178408,26230,5840,6082
14397,-1772544,-3221504,328280,31689,-76743,5874
14407,-1514496,-2842624,300904,40760,145991,2804
14417,-930816,-2581504,373984,50206,162664,6288
14427,-696320,-2299904,363312,59880,139829,3348
14437,-696320,-1686528,224344,69409,292499,862
14447,-575488,-1313792,167272,76404,263479,673
14457,-546816,-1079296,120640,81576,169812,371
14467,-532480,-769024,53592,84868,190673,162
14477,-510976,-723968,48256,87060,93919,121
14487,-356352,-707584,79576,89106,27814,1031
14497,-319488,-484352,38048,91223,108871,438
14507,-25600,-493568,106024,92913,39816,2922
14517,-25600,-247808,50344,95893,148320,752
14527,70656,-103424,51736,98218,101366,616
14537,147456,-45056,43616,100191,84980,429
14547,291840,207872,19024,101406,151373,1044
14557,358400,273408,19256,102461,88561,598
14567,500736,382976,26680,102553,65187,1426
14577,500736,550912,-11368,102494,42559,366
14587,500736,518144,-3944,100146,-15354,100
14597,1138688,629760,115304,101904,7045,3051
14607,1138688,737280,90944,104720,14194,838
14617,1497088,930816,128296,108011,43328,1790
14627,2014208,1106944,205552,110933,24911,5115
14637,2014208,1557504,103472,115316,176410,1318
14647,2014208,1803264,47792,117970,134792,339
14657,3007488,2043904,218312,118893,141126,8972
14667,3007488,2397184,138272,123996,212165,2313
14677,3007488,2659328,78880,128143,227633,595
14687,5051392,2907136,485808,130372,173702,17294
14697,5441536,3153920,518288,139025,142422,6827
14707,5441536,3832832,364472,151273,330124,1876
14717,6111232,4651008,330832,163029,472329,2824
14728,6111232,5328896,177248,171633,457997,727
14738,6111232,5964800,33176,175881,416080,199
14748,6111232,6173696,-14152,174627,170776,50
14758,5859328,6385664,-119248,163247,84154,-1516
14768,5215232,6548480,-302064,127196,60666,-3047
14778,4119552,6404096,-517592,81222,-72692,-10023
14788,3389440,6308864,-661432,-2121,-38578,-6741
14798,3389440,5495808,-477224,-19137,-378445,-1740
14808,3389440,4966400,-357280,-32978,-329781,-480
14818,773120,4284416,-795528,-40294,-352409,-15014
14828,773120,3587072,-637536,-55752,-390367,-3873
14838,190464,3026944,-642640,-72868,-308266,-5645
14848,116736,1980416,-422240,-89198,-555555,-1877
14858,116736,1505280,-314592,-102035,-300922,-485
14868,-59392,909312,-219472,-110756,-328404,-876
14878,-59392,392192,-102312,-116867,-341221,-227
14888,-130048,160768,-65888,-120548,-243905,-355
14898,-130048,238592,-83520,-123221,-12588,-93
14908,-385024,5120,-88392,-125179,-93358,-1385
14918,-433152,-157696,-62408,-127395,-55893,-568
14928,-671744,-566272,-23896,-129742,-225339,-1021
14938,-671744,-512000,-36192,-131163,-46943,-264
14948,-671744,-766976,21576,-129798,-92417,-74
14958,-1482752,-798720,-154976,-133762,9432,-2147
14968,-1482752,-1183744,-67744,-136963,-149687,-555
14978,-1482752,-1379328,-23432,-138540,-116651,-154
14988,-3579904,-1664000,-434072,-138770,-145143,-14525
14998,-3698688,-1743872,-442888,-147448,-46691,-4630
15008,-4491264,-2468864,-458200,-159674,-321990,-5453
15018,-4491264,-3054592,-308328,-171881,-390952,-1408
15028,-5922816,-3620864,-521536,-180570,-261197,-7548
15038,-6241280,-4597760,-372360,-192677,-486914,-3101
15048,-7369728,-5140480,-505064,-202700,-376953,-8648
15058,-7837696,-5731328,-477224,-214410,-287646,-4572
15068,-7837696,-6421504,-320856,-225776,-330091,-1259
15078,-8163328,-7205888,-216920,-234785,-369552,-1180
15088,-7917568,-7769088,-33640,-238637,-303997,847
15098,-7678976,-8055808,85376,-230052,-169148,1096
15108,-5500928,-8344576,644264,-189605,-125246,15324
15118,-5500928,-8158208,602040,-101513,81527,4214
15128,-2583552,-7801856,1182272,9379,177707,12816
15138,-2583552,-6686720,929624,33970,495312,3304
15148,-1174528,-5299200,934496,53786,697484,7955
15158,-1033216,-4054016,684400,75320,635085,2530
15168,-753664,-2880512,481864,92001,603312,2626
15178,-774144,-2030592,284664,104204,459385,580
15188,-774144,-1520640,169128,111438,270927,148
15198,-774144,-1116160,77488,115130,217902,40
15208,-556032,-856064,67976,117701,164236,1032
15218,-556032,-801792,50112,119711,67092,265
15228,0,-499712,113216,121379,150879,3672
15238,12288,-274432,64960,124940,185968,1000
15248,172032,-162816,75864,127344,129548,1702
15258,184320,196608,-2784,128908,212349,517
15268,184320,474112,-65656,126318,187403,132
15278,401408,606208,-46400,120753,132118,1092
15288,401408,653312,-57072,112974,42479,280
15298,625664,788480,-36888,106431,57912,1127
15308,1127424,824320,68672,102083,18416,4288
15318,1528832,1112064,94424,104253,144293,3541
15328,1528832,1310720,49416,107028,168584,973
15338,3945472,1545216,543808,108321,174666,20506
15348,3945472,1792000,487896,116226,175045,5639
15358,3945472,2487296,330368,129153,374978,1453
15368,3945472,3066880,199056,138404,376378,373
15378,7756800,3657728,928696,141907,341645,23237
15388,8080384,4205568,877888,152313,295069,7324
15398,8080384,5237760,644032,172647,479443,2013
15408,8415232,6484992,437320,189775,637701,2551
15418,8415232,7469056,214368,200565,566111,656
15428,7998464,8244224,-55680,202101,495565,-1949
15438,6998016,8617984,-367024,175489,310296,-6197
15448,6713344,8590336,-425256,119847,74814,-2957
15458,5984256,8328192,-531048,40956,-89239,-2940
15468,2942976,7682048,-1073696,-7665,-311135,-18066
15478,2582528,7236608,-1054440,-23339,-235138,-6456
15488,579584,5713920,-1163248,-40405,-658207,-10209
15498,579584,4461568,-879512,-66034,-757589,-2809
15508,579584,3207168,-595312,-90324,-690106,-726
15518,0,2131968,-483024,-107773,-602750,-1872
15528,0,1331200,-301600,-120649,-514924,-516
15538,-151552,1086464,-280488,-131099,-231845,-720
15548,-151552,544768,-157760,-138468,-308530,-199
15558,-286720,470016,-171448,-144314,-105234,-822
15568,-315392,346112,-149872,-149379,-29628,-324
15578,-452608,-62464,-88392,-153286,-179050,-671
15588,-452608,-263168,-42920,-156001,-156445,-174
15598,-660480,-317440,-77720,-158268,-53082,-906
15608,-660480,-545792,-25984,-159715,-85911,-235
15618,-1074176,-819200,-60552,-160582,-132016,-2269
15628,-1074176,-837632,-53592,-162580,-55905,-625
15638,-2149376,-983040,-264248,-167519,-70145,-5702
15648,-2149376,-1186816,-218080,-174353,-90271,-1570
15658,-3946496,-1637376,-523160,-181933,-214828,-7349
15668,-4444160,-2373632,-469104,-194914,-435049,-3415
15678,-7837696,-2725888,-1158144,-202828,-234691,-18987
15688,-8416256,-4173824,-967208,-216834,-657679,-6993
15698,-9591808,-5133312,-1010128,-235146,-597059,-5214
15708,-10592256,-6739968,-872784,-257495,-757669,-6683
15718,-10803200,-7948288,-646816,-277108,-656233,-2655
15728,-13886464,-9373696,-1022424,-289853,-732700,-23400
15738,-15401984,-10236928,-1170208,-295289,-577437,-13615
15748,-15401984,-11383808,-910368,-317337,-620995,-3746
15758,-17213440,-13144064,-921968,-333904,-997133,-5719
15768,-17213440,-14036992,-719664,-358814,-793298,-1476
15778,-17213440,-15696896,-343592,-374559,-757921,-407
15788,-17213440,-16637952,-130384,-382022,-513420,-106
15798,-17213440,-17562624,79112,-381153,-527362,-31
15808,-7445504,-17633280,2308168,-187694,-141230,51555
15818,-7445504,-17028096,2171056,5867,267955,14179
15828,-7445504,-14871552,1682464,49270,1025141,3655
15838,-7445504,-12468224,1137960,94964,1314898,941
15848,-179200,-10156032,2260376,116461,1261610,50442
15858,12288,-8417280,1909824,120067,1034436,13904
15868,33792,-6448128,1468560,155411,1123215,3901
15878,9216,-4733952,1074624,196158,952289,835
15888,9216,-2954240,671408,226104,930774,214
15898,95232,-1624064,389528,243517,800055,878
15908,178176,-817152,225504,254040,528417,762
15918,178176,-294912,107184,259471,340336,195
15928,348160,63488,64496,263081,259647,630
15938,348160,239616,24592,265165,170432,161
15948,1138688,481280,148944,268203,182974,3750
15958,1645568,763904,199752,274459,196686,2687
15968,3578880,1179648,543576,279510,262780,13256
15978,4075520,1829888,508776,290493,380555,5746
15988,7144448,2566144,1037272,298594,424572,16456
15998,7144448,3762176,766296,315537,649761,4525
16008,7144448,4939776,499496,335685,660753,1166
16018,14834688,6237184,1947872,337927,724437,32424
16029,14834688,7999488,1548600,351490,917406,8360
16039,16284672,10145792,1390840,376881,1146979,8529
16049,16284672,12377088,885312,406145,1212338,2345
16059,16436224,14336000,475832,428222,1105440,1523
16069,16436224,15588352,192096,438578,791334,418
16079,16436224,16539648,-23432,440928,577930,107
16089,12142592,16973824,-1094576,384366,351800,-27772
16099,8851456,16924672,-1829088,158287,44888,-21630
16109,6111232,15931392,-2224880,-5080,-421394,-18534
16119,6111232,13688832,-1716800,-38329,-1131248,-5099
16129,1734656,11229184,-2151104,-56524,-1372100,-20555
16139,1734656,8906752,-1574584,-86056,-1418802,-5302
16149,369664,6476800,-1383648,-117774,-1314578,-9745
16159,311296,4502528,-949576,-148584,-1200910,-2755
16169,311296,3501056,-722680,-174969,-725483,-759
16179,311296,2153472,-417368,-194669,-731369,-197
16189,311296,1748992,-325728,-207898,-327165,-52
16199,0,1247232,-282576,-217596,-243572,-945
16209,0,714752,-161936,-225299,-288162,-245
16219,0,475136,-107648,-230490,-164179,-65
16229,0,259072,-58696,-233419,-144822,-19
16239,0,55296,-12528,-234526,-107713,-6
16249,3072,-155648,35960,-232020,-107621,10
16259,3072,-299008,68440,-224616,-92532,1
16269,9216,-436224,100920,-213446,-102859,32
16279,9216,-470016,108576,-201104,-75687,7
16289,190464,-337920,119712,-184809,36351,974
16299,234496,-253952,110664,-165977,105497,485
16309,234496,-185344,95120,-148269,111843,132
16319,531456,-202752,166344,-122708,46391,864
16329,1138688,-122880,285824,-92821,30040,3692
16339,1452032,-6144,330368,-48808,332,2162
16349,3778560,309248,786016,4083,65497,17445
16359,3778560,908288,650296,17606,238511,4497
16369,3778560,1683456,474672,34386,377445,1158
16379,10908672,2686976,1862728,35150,531595,20268
16389,10908672,4360192,1483640,62301,816246,5225
16399,16284672,6544384,2206784,71686,1126519,22207
16409,16284672,9135104,1619824,99021,1369919,5725
16419,16284672,11620352,1056760,139588,1367566,1475
16429,12142592,13510656,-309952,129338,1129732,-15599
16439,7998464,14497792,-1472504,31413,638263,-34553
16449,6047744,14119936,-1828856,-9901,-62434,-18668
16459,6047744,12706816,-1508696,-37983,-658448,-5136
16469,2367488,10605568,-1866440,-45516,-1046841,-13581
16479,2367488,8258560,-1334696,-81481,-1204226,-3503
16489,683008,6320128,-1277160,-107777,-1093060,-9628
16499,683008,4624384,-892968,-136099,-935468,-2484
16509,342016,3391488,-690896,-159871,-787078,-2390
16519,208896,2555904,-531744,-179959,-531757,-1100
16529,0,1799168,-407624,-195031,-504528,-1637
16539,-7168,857088,-195808,-204312,-476564,-488
16549,-10240,84992,-21576,-208092,-443460,-156
16559,-10240,-432128,95584,-202965,-349425,-44
16569,-7168,-618496,138504,-185548,-156067,2
16579,-7168,-601088,134560,-164588,-17901,0
16589,-7168,-410624,91408,-148755,75640,0
16599,-10240,-391168,86304,-136971,745,-16
16609,-16384,-456704,108112,-125037,-82239,-25
16619,-136192,-656384,117856,-111192,-132463,-784
16629,-136192,-599040,104864,-95720,-11498,-203
16639,-489472,-586752,22040,-86622,33758,-1743
16649,-489472,-652288,36888,-81333,-6334,-480
16659,-708608,-709632,232,-79259,-28090,-1088
16669,-760832,-743424,-3944,-78954,-8446,-478
16679,-1408000,-942080,-105560,-78281,-67253,-4053
16689,-1529856,-1207296,-62872,-81049,-154185,-1582
16699,-2944000,-1586176,-307632,-86000,-202917,-8540
16709,-3465216,-1911808,-351944,-93939,-183502,-5367
16719,-3465216,-2426880,-235248,-102343,-256045,-1477
16729,-6784000,-3229696,-805272,-107096,-419271,-10948
16739,-7837696,-4134912,-838912,-122816,-494384,-9220
16749,-7837696,-5310464,-572576,-140949,-654730,-2537
16759,-7837696,-6349824,-337096,-156119,-585401,-655
16769,-7837696,-7148544,-156136,-163874,-454223,-181
16779,-7600128,-7891968,66120,-162336,-387842,997
16789,-7600128,-8378368,176320,-143656,-294301,256
16799,-5106688,-8540160,777896,-86476,-170525,15205
16809,-4120576,-8340480,956072,9060,19633,7984
16819,-2420736,-7566336,1165800,29385,330021,16442
16829,-2080768,-6692864,1044928,49524,438135,6173
16839,-2080768,-5482496,773488,76479,579169,1591
16849,-1772544,-4512768,620832,98134,558664,1356
16859,-1772544,-3659776,427576,116012,474050,349
16869,-1735680,-2989056,283968,128462,389872,231
16879,-1285120,-2613248,300904,137047,268873,3603
16889,-985088,-2412544,323408,146679,159508,2635
16899,-985088,-2019328,234320,155774,227036,724
16909,-505856,-1449984,213904,164602,331524,1526
16919,-505856,-990208,109736,170318,281036,392
16929,-117760,-560128,100224,173841,246531,1706
16939,-71680,-220160,33640,176378,216686,567
16949,-71680,-52224,-4408,177254,159738,145
16959,-40960,68608,-24824,176254,111498,158
16969,-53248,198656,-57072,171345,102238,-51
16979,-53248,230400,-64264,163733,56328,-15
16989,-53248,281600,-75864,154178,50958,-5
16999,-13312,349184,-82128,143986,49822,156
17009,-13312,327680,-77256,131365,-17167,39
17019,0,274432,-62176,119707,-52853,57
17029,0,309248,-70064,110854,12025,14
17039,0,223232,-50576,103645,-15204,3
17049,0,171008,-38744,96694,-50386,0
17059,0,89088,-20184,89604,-100243,0
17069,0,62464,-14152,84650,-73736,0
17079,0,132096,-29928,81058,12220,0
17089,0,211968,-48024,77024,70385,0
17099,0,82944,-18792,73577,-27218,0
17109,0,-3072,696,69727,-93301,0
17119,-7168,12288,-13920,65824,-41745,-50
17129,-7168,124928,-29928,62298,20114,-15
17139,-108544,0,-24592,59922,-49984,-972
17149,-108544,98304,-46864,55074,36122,-269
17159,-216064,-30720,-41992,47819,-66083,-608
17169,-244736,-33792,-47792,38754,-55584,-293
17179,-244736,-89088,-35264,31145,-64648,-82
17189,-257024,-47104,-47560,25663,19380,-84
17199,-253952,-225280,-6496,23017,-59072,-13
17209,-260096,-447488,42456,21718,-156870,-47
17219,-267264,-198656,-15544,20378,51096,-47
17229,-267264,-188416,-17864,19510,63374,-14
17239,-315392,-455680,31784,19724,-101459,-316
17249,-315392,-525312,47560,20640,-85991,-88
17259,-315392,-560128,55448,22324,-44052,-24
17269,-315392,-526336,47792,24486,27252,-7
17279,-346112,-539648,43848,26600,40425,-147
17289,-346112,-463872,26680,28467,81148,-39
17299,-346112,-662528,71688,30245,-73977,-12
17309,-346112,-627712,63800,32274,-30523,-4
17319,-338944,-586752,58464,34243,-8228,21
17329,-338944,-619520,63568,36402,-5853,5
17339,-338944,-617472,63104,38995,22432,0
17349,-338944,-685056,78416,41827,332,0
17359,-338944,-784384,100920,44921,-61504,0
17369,-338944,-890880,104168,48115,-54964,0
17379,-346112,-611328,60088,50886,73976,-65
17389,-346112,-592896,55912,53432,55273,-18
17399,-346112,-655360,70064,55719,-20483,-6
17409,-353280,-587776,53128,57585,5404,-49
17419,-353280,-618496,60088,59200,-43730,-14
17429,-363520,-546816,41528,60734,13425,-50
17439,-370688,-478208,24360,62191,56787,-37
17449,-370688,-671744,68208,63903,-78475,-11
17459,-370688,-586752,48952,65364,-18291,-4
17469,-370688,-458752,19952,66699,62421,-3
17479,-370688,-506880,30856,68147,28296,-3
17489,-370688,-560128,42920,69314,-28159,-3
17499,-480256,-521216,9280,70549,14171,-864
17509,-480256,-440320,-9048,70596,36902,-224
17519,-561152,-565248,928,69660,-27540,-396
17530,-575488,-647168,16240,68724,-46312,-143
17540,-590848,-468992,-27608,67687,102766,-128
17550,-590848,-776192,41992,68098,-93140,-35
17560,-606208,-852992,55912,69206,-93496,-123
17570,-611328,-562176,-11136,69708,125761,-64
17580,-626688,-746496,27144,70315,-26702,-77
17590,-632832,-852992,49880,70583,-58498,-38
17600,-637952,-493568,-32712,69680,135939,-39
17610,-632832,-802816,38512,68977,-105395,9
17620,-632832,-761856,29232,68479,-71086,1
17630,-632832,-504832,-29000,67325,120414,0
17640,-626688,-845824,49648,67517,-99554,21
17650,-626688,-653312,6032,67986,34205,5
17660,-626688,-697344,16008,68601,344,0
17670,-626688,-770048,32480,68840,-59577,0
17680,-611328,-527360,-19024,68311,94390,112
17690,-611328,-630784,4408,67838,-1148,27
17700,-590848,-596992,1392,67413,15502,85
17710,-590848,-544768,-10440,66745,43396,21
17720,-590848,-768000,40136,66866,-97030,5
17730,-463872,-577536,25752,68134,56879,460
17740,-338944,-624640,64728,70498,11474,445
17750,-338944,-752640,93728,72609,-97477,121
17760,-145408,-465920,72616,74945,66633,967
17770,-145408,-292864,33408,76962,124545,265
17780,-145408,-458752,70992,78337,-77500,67
17790,0,-136192,30856,79024,104510,1403
17800,0,-43008,9744,80133,112003,385
17810,0,-148480,33640,80559,-28710,98
17820,0,-35840,8120,80395,23511,26
17830,0,107520,-24360,79429,96145,5
17840,0,63488,-14384,78009,38864,0
17850,0,-18432,4176,76078,-46289,0
17860,0,177152,-40136,73066,80069,0
17870,0,175104,-39672,69824,62548,0
17880,3072,-40960,9976,67387,-85395,9
17890,12288,61440,-11136,65344,-6725,61
17900,27648,88064,-13688,63345,8066,88
17910,89088,56320,7424,62116,-26220,366
17920,98304,19456,17864,61900,-46645,163
17930,110592,77824,7424,61264,286,99
17940,110592,271360,-8816,59973,33758,24
17950,122880,-72704,44312,59212,-126864,85
17960,122880,186368,-14384,58862,74963,21
17970,125952,47104,17864,58515,-37878,32
17980,122880,141312,-4176,57819,24831,-13
17990,122880,302080,-40600,55597,113001,-5
18000,122880,51200,16240,53308,-91809,-3
18010,113664,223232,-24824,50500,32966,-58
18020,89088,263168,-39440,45969,61618,-124
18030,89088,190464,-22968,40444,-42502,-36
18040,39936,385024,-78184,33822,89226,-309
18050,39936,152576,-25520,27378,-7585,-81
18060,9216,274432,-60088,20564,29971,-121
18070,9216,16384,-1624,15687,-122285,-33
18080,-4096,89088,-21112,11955,-29766,-69
18090,0,47104,-10672,9809,-18693,15
18100,0,67584,-15312,8511,21813,3
18110,0,93184,-21112,7448,48778,0
18120,0,-32768,7424,5577,-59118,0
18130,3072,-45056,10904,3929,-50994,17
18140,6144,76800,-16008,2459,32897,16
18150,12288,34816,-5104,1269,-4774,51
18160,33792,214016,-40832,-104,118188,135
18170,33792,69632,-8120,-275,-3167,34
18180,135168,-71680,46864,457,-80311,804
18190,135168,59392,17168,1377,33792,220
18200,372736,-4096,85376,3688,-6289,973
18210,733184,147456,132704,6710,98130,3099
18220,1127424,249856,198824,12164,115193,3041
18230,1127424,315392,184208,19009,83741,783
18240,2817024,645120,492072,24427,202756,13491
18250,2817024,920576,429664,35541,212211,3478
18260,3316736,1386496,437320,48213,275666,3015
18270,3617792,2014208,363312,61541,353876,1619
18280,3737600,2646016,247312,71890,356011,1055
18290,3737600,3212288,119016,78253,360910,289
18300,3737600,3426304,70528,81588,168217,73
18310,3074048,3729408,-148480,73125,169663,-3521
18320,3074048,3803136,-165184,50930,83890,-909
18330,2419712,3573760,-261464,10853,-78475,-2205
18340,2419712,3277824,-194416,-5579,-195757,-608
18350,2419712,3035136,-139432,-11596,-148597,-158
18360,1697792,2799616,-249632,-19233,-113301,-1936
18370,1310720,2531328,-276544,-26538,-96697,-2599
18380,1105920,2127872,-231536,-34971,-197960,-1413
18390,560128,1718272,-262392,-42338,-296826,-4411
18400,419840,1697792,-289536,-51436,-107150,-1840
18410,419840,1392640,-220400,-59418,-143513,-2634
18420,193536,1112064,-208104,-66689,-95102,-726
18430,193536,586752,-89088,-71743,-246165,-188
18440,-7168,452608,-104168,-75833,-153462,-780
18450,-10240,475136,-109968,-79380,940,-210
18460,-7168,233472,-54520,-81725,-129503,-41
18470,0,27648,-6264,-82948,-126485,13
18480,0,73728,-16704,-83735,-30454,2
18490,0,26624,-6032,-84003,-20115,0
18500,0,25600,-5800,-83489,17659,0
18510,0,-20480,4640,-81682,13081,0
18520,0,-197632,44776,-78503,-85842,0
18530,9216,-217088,51272,-73663,-64098,30
18540,365568,-97280,104864,-66045,29030,2468
18550,365568,23552,77488,-50593,101148,635
18560,1422336,47104,311576,-8428,42823,3751
18570,1422336,176128,282344,8261,73414,1031
18580,3175424,600064,583480,16782,186691,8485
18590,3316736,1199104,479776,30666,348851,2637
18600,3353600,1802240,351480,44740,358604,963
18610,3353600,2454528,203696,54530,368851,247
18620,3353600,2961408,88856,59518,320153,67
18630,2102272,3294208,-270048,48533,216319,-8086
18640,2102272,3401728,-294408,7104,92703,-2086
18650,707584,3132416,-549376,-10061,-107839,-6554
18660,707584,2561024,-419920,-25033,-313223,-1691
18670,240640,2177024,-438712,-38234,-254163,-2656
18680,187392,1586176,-316912,-50419,-279373,-856
18690,-7168,1044480,-238264,-59382,-278076,-1403
18700,-7168,749568,-171448,-65996,-192235,-387
18710,-90112,457728,-124120,-71568,-190984,-365
18720,-90112,318464,-88160,-75951,-156147,-95
18730,-322560,174080,-112520,-79974,-129159,-1049
18740,-373760,95232,-106256,-83987,-60644,-425
18750,-727040,-40960,-155440,-87470,-39519,-2262
18760,-856064,-284672,-129456,-91993,-91878,-1116
18770,-856064,-537600,-72152,-95618,-140289,-289
18780,-1546240,-641024,-205088,-99196,-88722,-4270
18790,-2058240,-796672,-285824,-106431,-73736,-3212
18800,-2394112,-1138688,-284432,-115383,-167082,-1887
18810,-3465216,-1655808,-409944,-124438,-307382,-6583
18821,-4210688,-2023424,-495552,-136329,-266338,-4771
18831,-4210688,-2560000,-373984,-149355,-299958,-1314
18841,-11234304,-3183616,-1823984,-155767,-311020,-40310
18851,-11234304,-4321280,-1566232,-164049,-589623,-10396
18861,-17213440,-5984256,-2544112,-165417,-886288,-20706
18871,-17213440,-8724480,-1923280,-200727,-1386271,-5340
18881,-17213440,-11462656,-1302912,-247852,-1536256,-1470
18891,-17213440,-13953024,-738688,-282517,-1374142,-380
18901,-12143616,-15511552,763048,-243820,-950121,26949
18911,-10283008,-16400384,1385968,-77064,-582647,14600
18921,-4589568,-15368192,2442032,10734,320187,26651
18931,-2698240,-13446144,2435072,16768,929936,18093
18941,-2698240,-10622976,1795448,55244,1387154,4664
18951,-2698240,-7938048,1153040,100954,1483655,1201
18961,-273408,-5724160,1234936,120484,1223870,13266
18971,-166912,-4123648,896448,143898,942570,3831
18981,-93184,-2939904,644960,167071,744082,1596
18991,-96256,-2019328,435696,185468,549484,394
19001,-96256,-1245184,260304,196945,457389,107
19011,-10240,-708608,158224,204136,332178,660
19021,-10240,-331776,72848,207939,223961,169
19031,3072,-58368,13920,209006,150914,97
19041,3072,166912,-37120,205439,103420,24
19051,3072,306176,-68672,196317,56133,5
19061,36864,359424,-73080,184102,-3122,123
19071,119808,416768,-67280,170638,-20253,603
19081,119808,483328,-82360,158086,-11337,165
19091,458752,570368,-25288,144261,21273,3274
19101,458752,627712,-38280,139724,45864,843
19111,2102272,707584,315984,139976,59920,8451
19121,4588544,1030144,806200,147628,205005,17380
19131,4588544,1457152,709456,161502,267828,4779
19141,7998464,2456576,1255584,171084,491113,18286
19151,8246272,3503104,1048872,191317,610816,6930
19161,8246272,5074944,718504,215439,759951,1905
19171,8246272,6483968,399272,234361,767949,490
19181,6998016,7499776,-113680,232778,587339,-4114
19191,6998016,7959552,-217848,207692,335035,-1133
19201,6998016,8045568,-237336,174636,124155,-293
19211,6998016,7900160,-204392,146157,6506,-82
19221,2419712,7616512,-1177400,72979,-91878,-29666
19231,1971200,7156736,-1174848,-14817,-255173,-10264
19241,1270784,6233088,-1124272,-39664,-459386,-5702
19251,1270784,4725760,-782768,-69039,-772402,-1472
19261,1270784,3535872,-513184,-90214,-694054,-406
19271,398336,2468864,-469104,-105366,-592813,-2883
19281,398336,1552384,-261464,-116949,-571046,-795
19291,33792,1229824,-270976,-125986,-280302,-1915
19301,-10240,1008640,-230840,-133773,-109113,-864
19311,-10240,789504,-181192,-139682,-53403,-239
19321,-10240,463872,-107416,-144139,-110409,-63
19331,-7168,249856,-58232,-146802,-114322,-8
19341,-7168,34816,-9512,-148030,-123582,-3
19351,-7168,-117760,22736,-147064,-96181,-3
19361,-7168,-194560,42456,-142110,-51980,-3
19371,0,-188416,42688,-133629,33895,41
19381,3072,-278528,63800,-122385,-3982,22
19391,3072,-359424,82128,-110074,2845,5
19401,172032,-453632,141752,-94192,-43030,1026
19411,172032,-415744,133168,-76365,-17970,281
19421,455680,-289792,168896,-53155,36133,1266
19431,455680,-65536,118088,-32220,110729,326
19441,605184,134144,106720,-14662,142239,746
19451,701440,327680,84680,664,156743,478
19461,1350656,455680,202768,4814,144637,3816
19471,1350656,628736,163560,11143,140586,1048
19481,1771520,824320,214600,16966,152038,3576
19491,1771520,1048576,163792,23285,170558,982
19501,1771520,1259520,116000,28525,147001,252
19511,2341888,1472512,196968,34655,123478,1771
19521,2341888,1695744,146392,40156,90190,455
19531,2974720,1973248,226896,46054,91980,2561
19541,2974720,2291712,154744,51756,131120,703
19551,4539392,2552832,450080,57277,122514,9084
19561,4588544,2850816,393704,67982,147506,2700
19571,4301824,3280896,231304,78883,203307,-1558
19581,3988480,3770368,49416,83337,235665,-2075
19591,3988480,4086784,-22272,82442,171992,-572
19601,2527232,4196352,-378160,37336,40046,-5847
19611,2527232,4080640,-351944,-4270,-99554,-1610
19621,2291712,3795968,-340808,-16528,-178545,-1326
19631,2291712,3448832,-258448,-26804,-176641,-343
19641,2219008,3006464,-178408,-33562,-192441,-483
19651,2171904,2541568,-83752,-38060,-242815,-308
19661,1528832,2323456,-180032,-41284,-208058,-5139
19671,1364992,2275328,-206248,-47613,-110581,-2200
19681,863232,2150400,-291624,-55603,-97408,-2386
19691,863232,1850368,-223648,-64499,-167633,-657
19701,305152,1476608,-265408,-72317,-217616,-3148
19711,305152,1122304,-185136,-79687,-229504,-867
19721,-13312,872448,-200680,-85359,-135768,-2571
19731,-13312,563200,-130616,-89906,-115745,-708
19741,-13312,215040,-51736,-92673,-153749,-184
19751,-188416,-97280,-20648,-94814,-197524,-508
19761,-353280,-273408,-18096,-96171,-186383,-1021
19771,-406528,-390144,-3712,-97459,-150433,-457
19781,-406528,-456704,11368,-97649,-55675,-119
19791,-406528,-485376,17864,-95579,-36593,-34
19801,-1233920,-539648,-157296,-97878,-3948,-3007
19811,-2944000,-700416,-508312,-101905,-40678,-13426
19821,-3738624,-1062912,-606216,-111938,-165545,-7438
19831,-3738624,-1558528,-493928,-126995,-295403,-38003
19841,-8163328,-2479104,-1287832,-129980,-469943,-14881
19851,-8163328,-3712000,-1008504,-154773,-634099,-3839
19861,-8163328,-5198848,-671640,-180196,-787847,-560
19871,-7293952,-6618112,-153120,-195139,-751587,5859
19881,-7293952,-7482368,42688,-195044,-577483,1510
19891,-4302848,-8040448,846800,-148962,-360911,22713
19901,-3142656,-7855104,1067664,-16238,-10592,13368
19911,-3142656,-7163904,911064,25166,311432,3446
19921,-2447360,-5937152,790656,48986,605515,3144
19931,-2447360,-4745216,520608,70737,655085,810
19941,-2880512,-3732480,193024,81980,575313,-1697
19951,-3075072,-3179520,23664,84494,363940,-1129
19961,-3317760,-2919424,-90248,79389,179221,-1864
19971,-3247104,-2918400,-74472,68699,54573,-183
19981,-2058240,-3121152,240816,62634,-72222,10581
19991,-1754112,-3249152,338720,69437,-91212,4573
20001,-1754112,-3060736,296032,78960,50683,1257
20011,-489472,-2776064,518056,90623,131556,4956
20021,-489472,-2173952,381640,104064,302390,1362
20032,-68608,-1625088,352640,116006,297685,2200
20042,-4096,-909312,205088,125250,378845,1107
20052,-4096,-492544,110664,130854,271959,284
20062,-4096,-167936,37120,133071,194838,77
20072,-4096,37888,-9512,132812,114092,19
20082,0,94208,-21344,129128,24532,27
20092,-4096,102400,-24128,123863,-22365,-11
20102,-4096,153600,-35728,118104,-1068,-4
20112,-4096,194560,-45008,112129,20700,-3
20122,-4096,179200,-41528,105956,-3546,-3
20132,-4096,241664,-55680,98547,23649,-3
20142,-4096,333824,-76560,90101,62892,-3
20152,-4096,389120,-89088,80135,73196,-3
20162,-4096,332800,-61712,70255,-25474,-3
20172,0,248832,-56376,61491,-29192,21
20182,0,214016,-48488,53789,-25394,4
20192,67584,184320,-26448,47696,-25451,531
20202,205824,131072,16936,45647,-42812,873
20212,205824,146432,0,45510,21468,224
20222,1610752,234496,311808,45909,41320,11100
20232,1610752,357376,283968,53877,99278,2861
20242,2367488,514048,419920,64056,113747,3710
20252,2367488,979968,314360,76126,234839,955
20262,1908736,1475584,98136,83200,297433,-2349
20272,1908736,1874944,7656,85190,259613,-607
20282,846848,2182144,-302528,73337,210398,-7981
20292,676864,2244608,-355192,28303,93173,-3103
20302,398336,2115584,-389064,-6106,-18337,-1877
20312,221184,1841152,-367024,-17778,-85314,-1279
20322,6144,1207296,-272136,-28152,-277411,-1500
20332,-44032,707584,-170288,-36376,-322942,-570
20342,-322560,375808,-158224,-42024,-281564,-2210
20352,-580608,249856,-188152,-47908,-131626,-1862
20362,-1792000,89088,-426184,-53237,-55365,-12034
20372,-3247104,-122880,-707832,-60686,-62193,-14031
20382,-3247104,-598016,-600184,-75379,-211959,-3619
20392,-3247104,-1221632,-458896,-92185,-309551,-61442
20402,-9785344,-1995776,-1764824,-92540,-450494,-18238
20412,-9785344,-3531776,-1416824,-121627,-747698,-4704
20422,-7999488,-5549056,-555176,-140108,-1054827,5174
20432,-4945920,-7148544,499032,-130158,-912897,22423
20442,-3542016,-7943168,997136,-21715,-497953,12364
20452,-2172928,-7541760,1216376,24231,47000,16456
20462,-957440,-6117376,1169048,40717,640168,12112
20472,-708608,-4717568,908280,62725,753250,4575
20482,-194560,-3057664,648672,84805,846470,6081
20492,-4096,-1946624,440104,100251,658160,2800
20502,-4096,-1153024,260304,111100,506202,769
20512,70656,-717824,178640,118538,304341,865
20522,70656,-403456,107416,123183,209400,237
20532,318464,-113664,97904,126798,179038,1222
20542,379904,58368,72848,129886,114941,510
20552,1138688,276480,195344,132799,121676,5052
20562,1138688,567296,129456,138169,177982,1302
20572,1610752,821248,178872,142518,181654,4291
20582,2035712,1082368,215992,147945,181367,3931
20592,2035712,1443840,134096,153849,218201,1012
20602,4119552,1784832,528960,160942,201253,10876
20612,4119552,2272256,418528,172840,271661,2990
20622,8587264,2945024,1278320,177662,367302,20410
20632,13367296,3943424,2135096,177985,552800,20830
20642,16589824,6008832,2397256,191921,1017832,24932
20652,16436224,8659968,1761808,219216,1352145,5795
20662,16436224,11359232,1150256,260515,1473707,1593
20672,16284672,13657088,595312,289776,1270973,-510
20682,16284672,15163392,254040,303794,879632,-133
20692,8080384,15818752,-1753224,142316,452512,-38076
20702,8080384,15299584,-1635600,-12968,-203813,-9820
20712,5499904,14041088,-1935112,-28444,-593651,-14046
20722,2847744,11515904,-1963880,-38581,-1205144,-11539
20732,1149952,9078784,-1762272,-66489,-1425606,-12639
20742,631808,6591488,-1350240,-95771,-1428268,-5613
20752,269312,4675584,-998296,-129678,-1144145,-4297
20762,269312,3099648,-641248,-154033,-956352,-1109
20772,79872,1907712,-414120,-171425,-703578,-1087
20782,-25600,1124352,-260536,-182475,-473902,-1110
20792,-25600,627712,-148016,-188978,-319500,-307
20802,-25600,360448,-87464,-192969,-176503,-80
20812,-197632,-8192,-42920,-195665,-222310,-826
20822,-197632,-274432,17400,-196927,-244524,-228
20832,-197632,-506880,70064,-194166,-229355,-60
20842,-1004544,-713728,-65888,-195045,-195230,-4421
20852,-1529856,-866304,-150336,-198075,-115148,-3944
20862,-1529856,-1105920,-96048,-201596,-90260,-1018
20872,-8416256,-1504256,-1566000,-202555,-156594,-51013
20882,-10385408,-2206720,-1852984,-202555,-360911,-23662
20892,-10385408,-3691520,-1516584,-223164,-762144,-6510
20902,-17213440,-5825536,-2580072,-252443,-1049847,-51981
20912,-17213440,-8376320,-1999840,-256891,-1313189,-13405
20922,-17213440,-11138048,-1376456,-293340,-1565286,-3689
20932,-17213440,-13461504,-850048,-329540,-1363758,-952
20942,-17213440,-15398912,-411104,-350181,-1170376,-263
20952,-17213440,-16483328,-165416,-360211,-724794,-69
20962,-8247296,-16997376,1982440,-293805,-348450,61905
20972,-7219200,-17033216,2223488,167,-55767,22169
20982,-2149376,-15578112,3042448,28363,646077,54065
20992,-1681408,-13388800,2652456,28861,1109996,18317
21002,-1681408,-10260480,1943696,70063,1551218,4722
21012,-561152,-7345152,1537000,106621,1628476,5355
21022,-322560,-4832256,1021728,143073,1410837,2006
21032,-322560,-3131392,618976,170121,1033472,516
21042,3072,-1867776,423864,186448,752172,1320
21052,3072,-1218560,276776,198451,448771,339
21062,0,-802816,181888,206121,287691,77
21072,0,-526336,119248,211332,171442,19
21082,9216,-260096,61016,213934,127368,68
21092,9216,78848,-15776,213876,149743,16
21102,263168,414720,-6264,212191,150787,1774
21112,358400,690176,-75168,206562,168780,487
21123,358400,908288,-124584,192572,135756,124
21133,6305792,1146880,1168816,173485,150156,56752
21143,7368704,1475584,1335160,173485,235126,21974
21153,7368704,2288640,1150952,192087,425065,5665
21163,8587264,3981312,1043536,219213,841823,13178
21173,8587264,5531648,692288,239126,854410,3397
21183,7677952,6982656,157528,250588,830669,-3615
21193,7070720,7912448,-190704,237570,575440,-2995
21203,7070720,8232960,-263320,203253,259785,-774
21213,7070720,8159232,-246616,168321,45806,-214
21223,7070720,7829504,-171912,138823,-118946,-56
21233,984064,7613440,-1501968,52368,-119795,-39427
21243,984064,7036928,-1371352,-16862,-325260,-10168
21253,984064,6032384,-1154664,-50195,-482450,-2623
21263,9216,4457472,-1007808,-78574,-828341,-7034
21273,9216,3148800,-711312,-103255,-715970,-1815
21283,-10240,1966080,-447760,-121326,-645975,-566
21293,-10240,1034240,-236640,-133316,-552159,-147
21303,-10240,667648,-153584,-140602,-307222,-39
21313,0,447488,-101384,-145165,-188769,21
21323,0,428032,-96976,-148581,-35698,4
21333,0,316416,-71688,-150919,-8033,0
21343,-7168,202752,-47560,-152173,-2468,-61
21353,-7168,-15360,1856,-151920,-63512,-17
21363,-7168,-177152,38512,-149012,-90352,-6
21373,-10240,-180224,38512,-143573,-19611,-13
21383,-10240,-236544,51272,-135996,-14149,-5
21393,-10240,-254976,55448,-127879,-4154,-3
21403,-7168,-339968,75400,-118920,-54011,7
21413,-7168,-328704,72848,-109933,-35928,1
21423,-7168,-238592,52432,-101998,24991,0
21433,-4096,-142336,31320,-94678,74148,23
21443,-4096,-153600,33872,-88453,39621,5
21453,-4096,-229376,51040,-82772,-38727,0
21463,0,-116736,26448,-78111,26632,32
21473,0,-92160,20880,-74642,21560,7
21483,0,-117760,26680,-71571,-12875,1
21493,0,-51200,11600,-69591,56409,0
21503,0,25600,-5800,-67918,58554,0
21513,0,-87040,19720,-65999,-30798,0
21523,0,-174080,39440,-63868,-87139,0
21533,0,-64512,14616,-61288,7676,0
21543,0,43008,-9744,-59245,78612,0
21553,0,-10240,2320,-57278,31520,0
21563,0,-136192,30856,-55222,-66840,0
21573,0,-40960,9280,-54200,-8664,0
21583,0,48128,-10904,-54068,35123,0
21593,0,60416,-13688,-54475,17120,0
21603,0,117760,-26680,-55084,39415,0
21613,58368,133120,-16936,-54806,40516,152
21623,348160,-3072,79576,-49810,-53369,1587
21633,1208320,-66560,288840,-19338,-81333,3731
21643,3778560,311296,785552,11492,154677,7703
21653,6305792,883712,1228440,22314,318982,15601
21663,7070720,2105344,1124968,40281,625779,6792
21673,7368704,3507200,849584,67497,810750,2532
21683,7521280,4914176,590672,89383,727191,1458
21693,7444480,6201344,281648,103722,667099,97
21703,7444480,6872064,129688,110628,424640,24
21713,7444480,7267328,40136,113363,273508,5
21723,2726912,7375872,-1053280,107260,127632,-44990
21733,2726912,7271424,-1029616,-3401,-19737,-12376
21743,1436672,6514688,-1150488,-20368,-363941,-9646
21753,1310720,5510144,-951432,-47546,-558045,-2916
21763,707584,4020224,-750520,-71072,-741960,-4969
21773,707584,2955264,-509240,-90045,-574982,-1283
21783,362496,1806336,-327120,-102215,-633605,-3645
21793,308224,1597440,-292088,-111814,-204214,-1292
21803,98304,1158144,-240120,-119348,-227255,-1319
21813,9216,792576,-177480,-126657,-206807,-667
21823,-154624,613376,-174000,-132865,-144604,-1234
21833,-232448,289792,-118320,-137957,-199165,-706
21843,-489472,2048,-111360,-141356,-182091,-2481
21853,-489472,-142336,-78648,-144227,-75090,-641
21863,-948224,-585728,-82128,-146643,-204811,-2329
21873,-948224,-818176,-29464,-148825,-170697,-602
21883,-2583552,-933888,-373752,-151305,-94597,-10083
21893,-3428352,-1281024,-486504,-159645,-169251,-6736
21903,-3428352,-1676288,-396952,-172513,-216285,-1738
21913,-3428352,-2543616,-200448,-182423,-510701,-479
21923,-3428352,-2923520,-114376,-188151,-354164,-125
21933,-6112256,-3319808,-632664,-193706,-373809,-8578
21943,-6112256,-3897344,-501816,-208098,-326384,-2361
21953,-5798912,-4713472,-245920,-220524,-500098,767
21963,-5500928,-5199872,-68208,-224534,-401704,1159
21973,-3176448,-5693440,570256,-194074,-340280,14407
21983,-3176448,-5795840,593456,-108596,-146049,3714
21993,-1579008,-5295104,841928,5199,172658,6106
22003,-1579008,-4387840,636376,27391,481566,1573
22013,-322560,-3384320,693680,44140,593352,5583
22023,0,-2438144,552392,60727,636370,4238
22033,0,-1817600,411800,75716,464526,1092
22043,0,-1344512,304616,86887,338007,299
22053,0,-974848,220864,95572,237386,76
22063,0,-619520,140360,101893,229882,18
22073,3072,-423936,96744,106360,191166,17
22083,153600,-370688,118784,110366,103122,976
22093,153600,-270336,96048,114163,79484,251
22103,496640,-45056,122728,118104,141619,1482
22113,904192,225280,153816,124161,210306,1521
22123,2195456,505856,382800,130216,203318,7280
22133,2756608,749568,454720,141452,233278,4169
22143,3007488,1246208,399040,154531,308793,2922
22153,3007488,1762304,282112,165935,355609,752
22163,3007488,2287616,163096,173360,373567,206
22173,3107840,2638848,106256,178394,282034,315
22183,3107840,2897920,47560,180707,206577,85
22193,3316736,3003392,70992,182663,90729,828
22203,3427328,3195904,52432,184221,111166,1041
22213,3427328,3322880,23664,185650,103994,267
22223,3427328,3564544,-31088,185574,179049,68
22233,2879488,3689472,-183512,166902,169881,-1805
22243,2879488,3739648,-194880,142195,123661,-467
22253,1848320,3750912,-431056,94008,96581,-4114
22263,1594368,3306496,-387904,30658,-184524,-1728
22273,536576,2961408,-549376,-5659,-270182,-5738
22283,419840,2505728,-472584,-20911,-301140,-2002
22293,-4096,1781760,-404608,-34468,-401371,-3445
22303,-4096,1282048,-291392,-45448,-330481,-949
22314,-4096,892928,-203232,-53870,-218982,-246
22324,-4096,482304,-110200,-58736,-206130,-69
22334,-4096,158720,-36888,-61365,-191844,-19
22344,-580608,56320,-144304,-65246,-97420,-2094
22354,-1139712,-54272,-245920,-70027,-55974,-4439
22364,-1546240,-346112,-271904,-77499,-131167,-3179
22374,-1546240,-829440,-162400,-84770,-287153,-876
22384,-4348928,-1203200,-712704,-92101,-258214,-7579
22394,-8247296,-1973248,-1421464,-99647,-391560,-20235
22404,-9402368,-3398656,-1360216,-109560,-759505,-9751
22414,-9402368,-5075968,-980200,-141200,-945153,-2515
22424,-9402368,-6594560,-636144,-166135,-829661,-693
22434,-9309184,-8315904,-225040,-181030,-896156,709
22444,-8247296,-8872960,141752,-179360,-466466,7527
22454,-8247296,-9352192,250328,-148761,-296952,1940
22464,-4033536,-9268224,1185984,-16458,-74459,17891
22474,-4033536,-8573952,1028688,25629,243938,4920
22484,-4033536,-7314432,743328,53070,565732,1267
22494,-781312,-6120448,1209648,72404,637804,29403
22504,-720896,-5214208,1018016,81422,539524,8477
22514,-720896,-4254720,800632,106324,497929,2185
22524,-601088,-3241984,598328,128232,551354,1007
22534,-601088,-2421760,412496,146078,487946,258
22544,-484352,-1807360,299744,158499,366648,579
22554,-241664,-1328128,246152,166895,289733,2044
22564,-120832,-939008,185368,173947,232326,1308
22574,-74752,-673792,135720,179664,174677,539
22584,0,-362496,82128,183807,204052,385
22594,0,-212992,48256,186523,134115,98
22604,0,22528,-5568,187501,151809,24
22614,3072,171008,-38048,185819,132290,31
22624,9216,242688,-52896,180420,79014,44
22634,9216,371712,-82128,171904,75078,10
22644,243712,366592,-27840,166044,26758,1039
22654,589824,392192,44776,163842,6093,2236
22664,1324032,507904,184904,167172,43224,3842
22674,1324032,678912,146160,172368,71968,989
22684,5737472,1007616,1071608,174754,156433,25370
22694,5737472,1528832,953520,185980,268827,6977
22704,6372352,2753536,819888,208274,608601,3693
22714,6372352,3937280,551696,230615,647190,951
22724,6372352,5097472,288840,243928,618756,260
22734,6372352,6087680,64496,250045,563632,66
22744,5558272,6486016,-210192,239190,331799,-4616
22754,5558272,6682624,-254736,205464,171235,-1191
22764,5051392,6562816,-342432,157681,137,-2227
22774,5051392,6236160,-268424,115517,-148436,-614
22784,4637696,5886976,-283040,71084,-213405,-1758
22794,3861504,5638144,-402520,26012,-181403,-5473
22804,3657728,5351424,-383728,-6802,-149802,-2594
22814,3210240,4903936,-383728,-18589,-198351,-2399
22824,1992704,4462592,-559584,-28794,-217559,-9630
22834,1992704,3872768,-425952,-41959,-305512,-2485
22844,1992704,3296256,-295336,-53722,-317950,-642
22854,1992704,2951168,-217152,-62218,-175780,-178
22864,168960,2392064,-503672,-68321,-226750,-9169
22874,95232,1862656,-400432,-79828,-369563,-2633
22884,-80896,1350656,-324336,-91733,-315105,-2023
22894,-108544,845824,-216224,-101076,-295724,-661
22904,-176128,404480,-131544,-106756,-247668,-428
22914,-241664,82944,-73544,-110005,-152980,-284
22924,-467968,-239616,-51736,-111493,-147954,-1286
22934,-467968,-593920,28536,-111963,-220944,-333
22944,-1033216,-732160,-72152,-110957,-156537,-3991
22954,-1529856,-782336,-169360,-114632,-88516,-3583
22964,-5618688,-897024,-1069752,-121319,-36352,-30580
22974,-6926336,-1372160,-1258368,-124706,-163330,-17444
22984,-12742656,-2770944,-2259216,-132330,-637094,-33591
22994,-15691776,-4841472,-2458272,-132629,-1136549,-18678
23004,-17213440,-7507968,-2198896,-156551,-1500397,-15648
23014,-17213440,-10660864,-1484568,-194519,-1712471,-4036
23024,-17213440,-13150208,-920576,-230921,-1507718,-1111
23034,-17213440,-15030272,-494624,-254608,-1086956,-288
23044,-16744448,-16301056,-100456,-263825,-853929,2124
23054,-12499968,-16730112,958392,-156349,-386752,14996
23064,-6373376,-16271360,2242512,12797,127264,43534
23074,-4841472,-14983168,2297728,12871,641292,19635
23084,-1310720,-12612608,2560584,42738,1186945,36629
23094,-1310720,-9979904,1931400,55938,1454510,9444
23104,-1310720,-7239680,1343280,97026,1474085,2596
23114,-111616,-5038080,1116152,126754,1258420,4740
23124,18432,-3442688,784160,153998,988881,2145
23134,36864,-2224128,512256,175766,747341,638
23144,76800,-1546240,367720,190955,446213,520
23154,141312,-925696,241744,200804,366407,560
23164,141312,-580608,163560,207675,207977,143
23174,412672,-149504,127368,212497,212475,1011
23184,1042432,121856,208568,216681,137133,4355
23194,1662976,482304,267496,223283,163077,3850
23204,4119552,899072,729640,230815,218465,20227
23214,5921792,1514496,998528,236775,343113,16154
23224,5921792,2371584,804344,254071,476827,4442
23234,10802176,3654656,1619360,272536,666778,42051
23244,10802176,4965376,1322400,277689,777117,10842
23254,10802176,6685696,932640,305650,924233,2981
23264,10802176,8334336,559120,330018,894629,767
23274,11124736,9738240,314128,343048,790428,2168
23284,11016192,10695680,72616,349181,575084,81
23294,8941568,11201536,-512024,341374,309711,-17370
23304,8246272,11416576,-718272,252662,137660,-9000
23314,8246272,11115520,-650064,150520,-142974,-2322
23324,4119552,10544128,-1455568,48196,-317939,-35230
23334,4119552,9830400,-1293864,-11446,-370011,-9086
23344,2499584,8423424,-1342120,-29624,-696016,-9622
23354,2124800,6934528,-1089704,-58476,-777566,-3601
23364,801792,5143552,-983680,-83574,-973093,-8459
23374,801792,4233216,-777432,-106576,-623232,-2328
23384,215040,2829312,-592296,-126738,-688741,-3211
23394,147456,2083840,-438712,-143604,-485767,-1214
23404,147456,1222656,-243600,-155230,-535142,-335
23414,-10240,982016,-224808,-164155,-248036,-558
23424,-10240,615424,-129688,-170201,-225201,-145
23434,-13312,252928,-60320,-173571,-206394,-54
23444,-13312,120832,-30392,-175395,-117145,-15
23454,-13312,-61440,10904,-175665,-117019,-5
23464,-13312,-175104,36656,-172085,-70489,-3
23474,-19456,-265216,55680,-163935,-31143,-48
23484,-19456,-397312,85608,-152632,-45646,-14
23494,-19456,-574464,125744,-138147,-109181,-5
23505,-71680,-637952,128296,-124467,-108596,-149
23515,-142336,-532480,88392,-110480,-3076,-416
23525,-142336,-465920,56840,-98363,93759,-109
23535,-216064,-339968,28072,-89245,117511,-322
23545,-216064,-474112,58464,-80778,-3099,-84
23555,-216064,-600064,87000,-72499,-98189,-24
23565,-225280,-561152,76096,-64081,-62193,-33
23575,-222208,-390144,38048,-56734,51176,6
23585,-219136,-354304,30624,-50532,55307,12
23595,-212992,-376832,37120,-44769,15903,33
23605,-212992,-382976,38512,-40344,-13231,8
23615,-209920,-208896,-232,-37523,78233,12
23625,-209920,-183296,-6032,-35674,61687,2
23635,-209920,-257024,10672,-33655,-2387,0
23645,-209920,-431104,50112,-31000,-117489,0
23655,-206848,-460800,38976,-27233,-47276,20
23665,-206848,-328704,27608,-23138,9546,5
23675,-130048,-257024,28768,-16808,69042,351
23685,-99328,-234496,30624,-10389,67114,307
23695,-87040,-210944,28072,-5110,38244,139
23705,-87040,-190464,23432,-1943,9030,35
23715,-80896,-172032,20648,-150,-15663,51
23725,-80896,-133120,11832,175,-7298,12
23735,-96256,-125952,6728,103,-17694,-90
23745,-133120,-69632,-14384,-409,-2617,-279
23755,-139264,-66560,-16936,-1361,-24028,-102
23765,-139264,-17408,-27608,-2434,-5944,-29
23775,-139264,10240,-33872,-3529,11428,-9
23785,-219136,-22528,-44544,-4842,-9593,-403
23795,-229376,-4096,-51040,-6445,17395,-140
23805,-229376,-132096,-24824,-7740,-41137,-37
23815,-332800,-144384,-42688,-9150,-34573,-496
23825,-377856,-157696,-49880,-10870,-13380,-282
23835,-528384,-193536,-75864,-12535,-161,-1053
23845,-528384,-292864,-53360,-14697,-34780,-273
23855,-550912,-368640,-44544,-16482,-30707,-143
23865,-546816,-442368,-23664,-17760,-53208,-14
23875,-546816,-542720,-928,-18567,-82411,-5
23885,-575488,-471040,-23664,-18927,8858,-236
23895,-590848,-542720,-10904,-19271,-14137,-161
23905,-590848,-535552,-12528,-19537,16936,-43
23915,-616448,-517120,-22504,-19948,29030,-94
23925,-616448,-520192,-21808,-20003,39644,-26
23935,-666624,-566272,-22736,-20330,12427,-243
23945,-666624,-578560,-19952,-20955,10097,-64
23955,-781312,-643072,-31320,-21765,-30098,-761
23965,-847872,-651264,-44544,-23317,-18165,-490
23975,-856064,-692224,-37120,-24858,-19553,-111
23985,-856064,-744448,-25288,-25897,-23535,-32
23995,-840704,-805888,-7888,-26563,-35457,58
24005,-753664,-841728,19952,-26571,-38486,793
24015,-727040,-858112,29696,-24126,-32302,365
24025,-727040,-884736,35728,-20536,-37259,93
24035,-671744,-870400,45008,-15035,-14906,200
24045,-671744,-856064,41760,-9050,-1045,50
24055,-637952,-858112,49880,-3299,-11762,161
24065,-626688,-794624,38048,445,7837,135
24075,-616448,-794624,30160,1324,2214,92
24085,-601088,-666624,14848,1836,26655,92
24095,-565248,-540672,-5568,2298,88251,204
24105,-565248,-489472,-17168,2154,88916,55
24115,-497664,-510976,3016,2132,29593,291
24125,-459776,-534528,16936,2039,-13460,372
24135,-459776,-408576,-11600,1926,55353,101
24145,-459776,-439296,-4640,721,-1595,25
24155,-480256,-479232,-232,-321,-39244,-55
24165,-489472,-539648,11368,30,-58349,-68
24175,-493568,-545792,11832,30,-41321,-35
24185,-528384,-634880,24128,186,-77603,-284
24195,-528384,-583680,12528,385,-13931,-74
24205,-528384,-528384,2088,687,20711,-20
24215,-666624,-612352,-12296,-200,-24843,-622
24225,-666624,-595968,-16008,-546,6884,-161
24235,-760832,-631808,-29232,-1323,-3581,-410
24245,-753664,-740352,-3016,-1923,-50305,-54
24255,-747520,-678912,-15544,-1834,27848,19
24265,-747520,-729088,-4176,-881,16500,4
24275,-696320,-865280,38280,492,-49823,377
24285,-696320,-817152,27376,1544,8296,102
24295,-606208,-781312,39672,3127,36856,373
24305,-585728,-839680,57536,4890,-16742,159
24315,-395264,-811008,94192,7188,-10178,1056
24325,-325632,-699392,84680,10306,41113,523
24335,-325632,-646144,72616,12915,28445,143
24345,-203776,-611328,92336,15360,-16088,645
24355,-117760,-512000,91176,17803,13299,1062
24365,-56320,-288768,52664,19646,42283,291
24375,-56320,-66560,2320,20502,101756,74
24385,-56320,-70656,3248,20210,22157,19
24395,-56320,-69632,3016,19056,-16673,4
24405,3072,-33792,-10440,18005,54125,297
24415,6144,102400,-21808,16978,85875,110
24425,6144,94208,-19952,16092,73104,27
24435,6144,3072,696,15871,12105,6
24445,3072,-75776,17864,15934,-35354,-11
24455,3072,-114688,26680,15734,-67827,-4
24465,3072,-54272,12992,14896,-38452,-3
24475,9216,107520,-22272,13016,53861,56
24485,12288,109568,-22040,10360,23775,33
24495,12288,83968,-16240,7639,-7287,7
24505,122880,180224,-12992,6917,53173,461
24515,122880,57344,14848,5718,-62835,118
24525,144384,-31744,39904,4206,-137053,132
24535,141312,111616,6728,2896,-20643,5
24545,141312,236544,-21576,1857,75032,0
24555,147456,132096,3480,1833,9179,27
24565,205824,114688,20648,2498,3671,240
24575,205824,118784,19720,3230,35490,61
24585,352256,243712,24592,4487,89169,659
24595,379904,296960,18792,6257,109559,257
24605,475136,169984,69136,8250,2317,647
24615,531456,186368,78184,10712,-10259,413
24625,531456,366592,37352,12437,61951,105
24635,531456,470016,13920,13436,62605,27
24645,600064,486400,25752,14033,7573,289
24655,594944,535552,13456,13525,-14413,62
24665,574464,573440,232,11604,-34126,-110
24675,536576,657408,-27376,7639,4911,-186
24685,479232,693248,-48488,2709,17762,-533
24695,479232,709632,-52200,-1033,26586,-138
24705,479232,650240,-38744,-2376,-7241,-39
24715,479232,627712,-33640,-3603,-6059,-11
24725,479232,633856,-39904,-4726,28330,-4
24735,471040,653312,-41296,-5670,38439,-36
24745,471040,474112,-696,-6351,-77569,-11
24755,443392,376832,15080,-6593,-125257,-161
24765,439296,477184,-8584,-6720,-22514,-60
24775,405504,535552,-29464,-6924,58830,-282
24785,394240,625664,-52432,-7736,90913,-143
24795,394240,617472,-50576,-8925,59117,-38
24805,372736,606208,-52896,-10408,30120,-76
24815,372736,518144,-32944,-11983,-40185,-21
24825,337920,395264,-12992,-13480,-108963,-141
24835,337920,377856,-9048,-14672,-90248,-40
24845,314368,407552,-21112,-15700,-36249,-137
24855,308224,433152,-28304,-16564,11681,-60
24865,272384,396288,-28072,-17173,8238,-282
24875,263168,366592,-23432,-17777,11543,-123
24885,263168,303104,-9048,-18041,-6656,-35
24895,211968,297984,-19488,-18420,12358,-210
24905,211968,280576,-15544,-18710,17670,-55
24915,172032,262144,-20416,-19061,18864,-170
24925,150528,208896,-13224,-19236,1675,-204
24935,150528,176128,-5800,-19343,-1377,-57
24945,147456,148480,-232,-18957,-1125,-27
24955,141312,95232,10440,-18116,-23351,-51
24965,141312,104448,8352,-16932,-3661,-15
24975,116736,58368,13224,-16109,-32588,-94
24986,116736,92160,5568,-15342,-4556,-26
24996,49152,101376,-11832,-15386,-4074,-346
25006,30720,169984,-31552,-16058,39495,-157
25016,9216,91136,-18560,-16816,2352,-181
25026,9216,111616,-23200,-17677,-5038,-51
25036,9216,118784,-24824,-18470,8319,-14
25046,9216,69632,-15544,-19114,-10029,-5
25056,9216,12288,-696,-19544,-43501,-3
25066,6144,25600,-4408,-19845,-20861,-13
25076,6144,16384,-2320,-19707,-4120,-5
25086,6144,1024,1160,-19239,-1159,-3
25096,0,35840,-8120,-18396,30751,-21
25106,0,-7168,1624,-17715,8169,-7
25116,0,-44032,9976,-17247,-21584,-3
25126,0,-24576,5568,-17038,-34987,-3
25136,0,0,0,-16647,-712,-3
25146,0,-22528,5104,-16190,-13082,-3
25156,0,57344,-12992,-15352,53861,-3
25166,0,-29696,6728,-14519,-7057,-3
25176,0,-40960,9280,-13926,-16375,-3
25186,0,-70656,16008,-13114,-36823,-3
25196,0,-27648,6264,-11704,3407,-3
25206,0,-36864,8352,-9938,9064,-3
25216,0,-8192,1856,-7924,37958,-3
25226,0,-134144,30392,-5566,-13839,-3
25236,0,-102400,23200,-3648,-27344,-3
25246,0,-106496,24128,-1420,-30798,-3
25256,0,-38912,8816,324,22582,-3
25266,0,-72704,16472,967,1801,-3
25276,0,-59392,13224,1527,8227,-3
25286,0,-76800,17400,1991,-10603,-3
25296,0,-49152,11136,2378,-425,-3
25306,0,-20480,4640,2663,11899,-3
25316,0,15360,-3480,2465,21434,-3
25326,0,43008,-9744,1873,27906,-3
25336,0,34816,-7888,1005,7768,-3
25346,0,49152,-11136,-205,3040,-3
25356,0,90112,-20416,-665,2489,-3
25366,0,111616,-25288,-1253,27975,-3
25376,0,106496,-24128,-1849,22822,-3
25386,0,74752,-16936,-2406,1021,-3
25396,0,78848,-17864,-3052,1744,-3
25406,0,65536,-14848,-3735,-13609,-3
25416,0,75776,-17168,-4635,-20873,-3
25426,0,94208,-21344,-5661,-19324,-3
25436,0,67584,-15312,-6730,-48194,-3
25446,0,77824,-17632,-7730,-35560,-3
25456,0,100352,-22736,-8696,-44809,-3
25466,0,132096,-29928,-9680,5186,-3
25476,0,107520,-24360,-10498,1652,-3
25486,0,64512,-14616,-11029,-8205,-3
25496,0,3072,-696,-10913,-15675,-3
25506,0,-31744,7192,-10411,-21688,-3
25516,0,-49152,11136,-9408,-17935,-3
25526,0,-94208,21344,-7819,-36111,-3
25536,0,-104448,23664,-6039,-36914,-3
25546,0,-113664,25752,-3937,-38142,-3
25556,0,-140288,31784,-1710,-54230,-3
25566,0,-125952,28536,367,-41871,-3
25576,0,-108544,24592,817,-37224,-3
25586,0,-23552,5336,215,-5795,-3
25596,0,27648,-6264,-161,10051,-3
25606,0,17408,-3944,-198,-9042,-3
25616,0,66560,-15080,-207,23018,-3
25626,0,26624,-6032,-28,10545,-3
25636,0,4096,-928,260,17395,-3
25646,0,-26624,6032,633,11554,-3
25656,0,-55296,12528,1126,3637,-3
25666,0,-103424,23432,1727,-20035,-3
25676,0,-139264,31552,2478,-33965,-3
25686,0,-141312,32016,3241,-30649,-3
25696,0,-107520,24360,3782,-16903,-3
25706,0,-111616,25288,3763,-44511,-3
25716,0,-90112,20416,2655,-66083,-3
25726,0,25600,-5800,1448,2983,-3
25736,0,41984,-9512,866,20929,-3
25746,0,56320,-12760,133,27734,-3
25756,0,61440,-13920,-88,30694,-3
25766,-4096,44032,-10904,-378,9879,-20
25776,-4096,-9216,1160,-718,-34585,-7
25786,-4096,32768,-8352,-1155,-12691,-3
25796,-4096,39936,-9976,-1360,17234,-3
25806,-4096,-55296,11600,-1264,-48779,-3
25816,0,-39936,9048,114,45,22
25826,0,-36864,8352,649,17900,5
25836,0,-58368,13224,1199,2168,0
25846,0,-49152,11136,1650,2409,0