R
Px,Ix,Dx,Py,Iy,Dy,Pz,Iz,FFrx,FFry,FFdrx,FFdry,satI,satPID,KFQAng,KFQbias,KFRmeas,CPx,CIx,CPy,CIy,CsatI,CsatPID,CFFdrx,CFFdry,CFalpha,iRelaxX,IRelaxY,DmaxR,DmaxE,DMx,DMy
58,80,47,58,80,47,250,0,0,0,50,0,500000,3000000,10,1,1000,0,0,0,0,0,0,0,0,0.995,1024,1024,0,0,0,0
sysTickMs,PIDRefXi,PIDSensXi,PIDPoutXi,PIDIoutXi,PIDDoutXi,PIDFFoutXi
16732,0,0,0,0,0,0
16742,0,0,0,0,0,0
16752,0,0,0,0,0,0
16762,0,0,0,0,0,0
16772,0,0,0,0,0,0
16782,0,0,0,0,0,0
16792,0,0,0,0,0,0
16802,0,0,0,0,0,0
16812,0,0,0,0,0,0
16822,0,0,0,0,0,0
16832,0,0,0,0,0,0
16842,0,0,0,0,0,0
16852,0,0,0,0,0,0
16862,0,0,0,0,0,0
16872,0,0,0,0,0,0
16882,0,0,0,0,0,0
16892,0,0,0,0,0,0
16902,0,0,0,0,0,0
16912,0,0,0,0,0,0
16922,0,0,0,0,0,0
16932,0,0,0,0,0,0
16942,0,0,0,0,0,0
16952,0,0,0,0,0,0
16962,0,0,0,0,0,0
16972,0,0,0,0,0,0
16982,0,0,0,0,0,0
16992,0,0,0,0,0,0
17002,0,0,0,0,0,0
17012,0,0,0,0,0,0
17022,0,0,0,0,0,0
17032,0,0,0,0,0,0
17042,0,0,0,0,0,0
17052,0,0,0,0,0,0
17062,0,0,0,0,0,0
17072,0,0,0,0,0,0
17082,0,0,0,0,0,0
17092,0,0,0,0,0,0
17102,0,0,0,0,0,0
17112,0,0,0,0,0,0
17122,0,0,0,0,0,0
17132,0,0,0,0,0,0
17142,0,0,0,0,0,0
17152,0,0,0,0,0,0
17162,0,0,0,0,0,0
17172,0,0,0,0,0,0
17182,0,0,0,0,0,0
17192,0,0,0,0,0,0
17202,0,0,0,0,0,0
17212,0,0,0,0,0,0
17222,0,0,0,0,0,0
17232,0,0,0,0,0,0
17242,0,0,0,0,0,0
17252,0,0,0,0,0,0
17262,0,0,0,0,0,0
17272,0,0,0,0,0,0
17282,0,0,0,0,0,0
17292,0,0,0,0,0,0
17302,0,0,0,0,0,0
17312,0,0,0,0,0,0
17322,0,0,0,0,0,0
17332,0,0,0,0,0,0
17342,0,0,0,0,0,0
17352,0,0,0,0,0,0
17362,0,0,0,0,0,0
17372,0,0,0,0,0,0
17382,0,0,0,0,0,0
17392,0,0,0,0,0,0
17402,0,0,0,0,0,0
17412,0,0,0,0,0,0
17422,0,8192,-1856,-31,3798,0
17432,0,2048,-464,-87,-2536,0
17442,0,3072,-696,-129,-1595,0
17453,0,7168,-1624,-174,1067,0
17463,0,9216,-2088,-240,1021,0
17473,0,8192,-1856,-316,-609,0
17483,0,7168,-1624,-375,-482,0
17493,0,9216,-2088,-439,860,0
17503,0,11264,-2552,-510,2249,0
17513,0,4096,-928,-552,-1630,0
17523,0,6144,-1392,-590,906,0
17533,0,8192,-1856,-647,1193,0
17543,0,8192,-1856,-724,-505,0
17553,0,-4096,928,-760,-7482,0
17563,0,11264,-2552,-856,206,0
17573,0,-1024,232,-887,-7654,0
17583,0,17408,-3944,-951,5220,0
17593,0,-10240,2320,-943,-11051,0
17603,0,4096,-928,-957,-1894,0
17613,0,8192,-1856,-1073,-2686,0
17623,0,-7168,1624,-1064,-8549,0
17633,0,9216,-2088,-1069,826,0
17643,0,-3072,696,-1157,-8997,0
17653,0,35840,-5800,-1156,11256,0
17663,0,-2048,464,-1251,-9479,0
17673,0,8192,-1856,-1189,2294,0
17683,0,22528,-5104,-1366,3981,0
17693,0,7168,-1624,-1493,-7413,0
17703,0,25600,-5800,-1652,4566,0
17713,0,1024,-232,-1734,-7907,0
17723,0,-1024,232,-1787,-7241,0
17733,0,35840,-8120,-1647,22845,0
17743,0,36864,-8352,-1752,17452,0
17753,0,22528,-5104,-1746,10866,0
17763,0,9216,-2088,-1760,2650,0
17773,0,4096,-928,-1741,-1859,0
17783,0,-11264,-2552,-1746,1985,0
17793,0,-2048,464,-1840,-9915,0
17803,0,5120,-1160,-1990,-7000,0
17813,0,2048,-464,-2162,-12370,0
17823,0,100352,-22736,-2514,47895,0
17833,0,39936,2784,-2963,-48584,0
17843,0,-24576,5568,-2770,-41286,0
17853,0,35840,-8120,-2957,4566,0
17863,0,33792,-7656,-3136,4291,0
17873,0,34816,-7888,-3391,1790,0
17883,0,86016,-19488,-3953,-8859,0
17893,0,144384,-32712,-4642,48158,0
17903,0,122880,-27840,-5391,25209,0
17913,0,96256,-21808,-6118,2547,0
17923,0,34816,-7888,-6710,-32554,0
17933,0,40960,-9280,-7090,-13885,0
17943,0,52224,-11832,-7443,1514,0
17953,0,150528,-34104,-7861,68652,0
17963,0,68608,-15544,-8127,15330,0
17973,0,-24576,5568,-8095,-35285,0
17983,0,17408,-3944,-7654,13551,0
17993,0,-104448,23664,-5485,-44579,0
18003,0,-66560,15080,-3069,-3317,0
18013,0,44032,-9976,-2248,57946,0
18023,0,121856,-27608,-1613,92967,0
18033,0,19456,-4408,-1607,-13208,0
18043,0,-19456,4408,-1877,-49032,0
18053,0,9216,-2088,-1986,-12600,0
18063,0,-37888,8584,-1579,-39875,0
18073,0,30720,-6960,-899,29248,0
18083,0,114688,-25984,-937,65921,0
18093,0,63488,-14384,-1257,16098,0
18103,0,23552,-5336,-1573,-11188,0
18113,0,-34816,7888,-1410,37831,0
18123,0,53248,-12064,-955,33264,0
18133,0,-40960,9280,-234,-25600,0
18143,3072,-99328,23200,149,-58532,120
18153,6144,-98304,23664,550,-43501,108
18163,101376,-69632,38744,1575,-2525,5101
18173,135168,-44032,40600,3240,25255,2700
18183,208896,-66560,62408,4992,-2146,6118
18193,246784,-50176,67280,6784,-20219,3831
18203,246784,53248,43848,8234,10281,979
18213,327680,174080,34800,9654,50442,2998
18223,327680,200704,28768,10720,28020,814
18233,384000,187392,44544,11981,-8159,2377
18243,401408,254976,33176,13383,29225,1130
18253,401408,321536,18096,14616,57120,279
18263,432128,374784,12992,15721,75743,1176
18273,447488,339968,24360,16618,22398,1446
18283,447488,299008,33640,17472,-28779,364
18293,447488,316416,29696,18172,-49846,85
18303,545792,304128,54752,18771,-54643,7257
18313,545792,374784,38744,19939,-16903,1863
18323,631808,476160,35264,21359,35077,7102
18333,701440,584704,26448,22844,82181,4067
18343,701440,628736,16472,24178,76581,1040
18353,801792,678912,27840,25594,53896,3668
18363,912384,696320,48952,26874,32737,8641
18373,974848,713728,59160,28637,3407,5149
18383,1094656,730112,82592,30206,-22330,12835
18393,1094656,819200,62408,32283,2042,3302
18403,1094656,919552,39672,33785,32392,843
18413,1138688,1021952,26448,34671,45531,4423
18423,1138688,1098752,9048,35410,51784,1130
18433,1127424,1134592,-1624,35608,24245,-213
18443,1127424,1177600,-11368,35072,38875,-66
18453,1094656,1191936,-22040,33703,31589,-2149
18463,1094656,1207296,-25520,31207,14182,-565
18473,816128,1195008,-85840,27229,3121,-25066
18483,794624,1156096,-81896,13966,-38326,-7778
18493,801792,1090560,-65424,1689,-73897,-1810
18503,839680,1028096,-42688,-2420,-75848,732
18513,839680,1047552,-47096,-4061,-6220,180
18523,939008,989184,-11368,-4203,5530,4408
18533,939008,916480,5104,-2925,-6472,1129
18543,1003520,873472,29464,-361,-17809,4219
18553,1003520,845824,35728,910,-34987,1078
18563,984064,946176,8584,1354,20987,-313
18573,965632,939008,6032,1021,-7780,-1214
18583,929792,965632,-8120,-302,-10878,-1798
18593,787456,964608,-40136,-990,6288,-11654
18603,787456,993280,-46632,-2505,12243,-3214
18613,787456,966656,-40600,-3635,22145,-838
18623,636928,888832,-57072,-5203,10969,-4731
18633,560128,777216,-49184,-6699,-24855,-5602
18644,518144,749568,-52432,-8160,1009,-3394
18654,435200,641024,-46632,-9346,-25061,-7403
18664,435200,525312,-20416,-10454,-53357,-1915
18674,435200,439296,-928,-10975,-64247,-533
18684,337920,374784,-8352,-11087,-61895,-7790
18694,311296,306176,1160,-11715,-84683,-3666
18704,285696,291840,-1392,-12413,-70042,-2010
18714,259072,288768,-6728,-13065,-42743,-1272
18724,259072,254976,928,-13229,-39278,-359
18734,259072,268288,-2088,-12693,2042,-103
18744,147456,218112,-16008,-13297,9455,-3159
18754,92160,169984,-17632,-13781,-17924,-4026
18764,92160,131072,-8816,-14234,-19691,-1047
18774,52224,111616,-13456,-14065,-3489,-3434
18784,52224,55296,-696,-13585,-15985,-893
18794,49152,46080,696,-12440,-12359,-358
18804,43008,9216,7656,-10871,-1561,-280
18814,43008,-59392,23200,-8662,-36272,-83
18824,27648,-41984,15776,-6632,-18543,-625
18834,15360,-54272,15776,-4476,-21573,-1075
18844,15360,-11264,6032,-2610,15754,-303
18854,12288,-83968,21808,-314,-27390,-206
18864,12288,-136192,33640,785,-45256,-63
18874,12288,-134144,33176,1632,-27930,-23
18884,12288,-128000,31784,2510,-26048,-23
18894,6144,-123904,29464,3376,-18612,-174
18904,3072,-109568,25520,4273,-1733,-222
18914,0,-108544,24592,5232,4612,-359
18924,0,-143360,32480,6129,-18050,-109
18934,0,-143360,32480,7141,-12347,-39
18944,0,-123904,28072,8209,6494,-23
18954,0,-100352,22736,9230,24762,-23
18964,0,-40960,9280,10179,60838,-23
18974,0,-87040,19720,10953,17877,-23
18984,0,-114688,25984,11787,-2479,-23
18994,0,-120832,27376,12820,5783,-23
19004,0,-108544,24592,14017,31256,-23
19014,0,-99328,22504,15333,47642,-23
19024,0,-101376,22968,16605,44911,-23
19034,0,-182272,41296,17830,-14321,-23
19044,0,-153600,34800,19202,13000,-23
19054,0,-172032,38976,20576,4383,-23
19064,0,-150528,34104,21913,14377,-23
19074,0,-158720,35960,23082,-4315,-23
19084,0,-166912,37816,24081,-21997,-23
19094,0,-138240,31320,25094,-8056,-23
19104,0,-99328,22504,25989,13230,-23
19114,-4096,-114688,25056,26843,-4762,-210
19124,-4096,-99328,21576,27610,2398,-66
19134,-4096,-110592,24128,28472,-3925,-25
19144,-4096,-122880,26912,29324,-14034,-23
19154,-4096,-70656,15080,30155,25427,-23
19164,-4096,-49152,10208,31106,46001,-23
19174,-4096,-57344,12064,32048,45267,-23
19184,-4096,-80896,17400,33011,26942,-23
19194,-4096,-50176,10440,33960,36971,-23
19204,-4096,-51200,10672,34769,39208,-23
19214,-7168,-27648,4640,35430,44349,-115
19224,-7168,-60416,12064,35932,11417,-40
19234,-13312,-92160,17864,36416,-9375,-287
19244,-37888,-108544,16008,36859,-12749,-2143
19254,-50176,-129024,17864,36981,-22823,-1345
19264,-50176,-87040,8352,37360,15146,-355
19274,-68608,-104448,8120,37844,13379,-1047
19284,-68608,-120832,11832,38399,10005,-280
19294,-77824,-148480,16008,39045,1135,-461
19304,-87040,-138240,11600,39670,20700,-428
19314,-102400,-71680,-6960,40082,72358,-992
19324,-117760,-65536,-11832,40095,71268,-898
19334,-130048,-119808,-2320,40371,34630,-1284
19344,-130048,-187392,12992,40843,-4418,-341
19354,-133120,-214016,18328,41440,-9180,-229
19364,-133120,-216064,18792,42218,3981,-69
19374,-157696,-297984,31784,42987,-49502,-1427
19384,-166912,-369664,45936,43572,-96158,-780
19394,-191488,-356352,37352,44328,-67942,-2141
19404,-200704,-335872,30624,45058,-20219,-1053
19414,-200704,-277504,17400,45810,15249,-301
19424,-260096,-242688,-3944,46168,47516,-1748
19434,-292864,-264192,-6496,46404,33586,-2356
19444,-309248,-306176,-696,46264,2948,-1249
19454,-338944,-291840,-10672,45751,22123,-1163
19464,-363520,-329728,-7656,45477,13287,-1642
19474,-363520,-447488,19024,45828,-40047,-432
19484,-463872,-528384,14616,45201,-68022,-2936
19494,-541696,-571392,6728,44203,-63650,-4918
19504,-561152,-591872,-6960,42576,-4131,-1983
19514,-649216,-557056,-20880,41618,4555,-7042
19524,-666624,-583680,-18792,39858,10384,-2755
19534,-666624,-615424,-11600,39128,15823,-766
19544,-666624,-728064,13920,39175,-38096,-208
19554,-966656,-762880,-41296,35590,-47723,-15069
19564,-1004544,-808960,-44312,28560,-37454,-5617
19574,-1106944,-922624,-41760,22351,-71981,-8532
19584,-1106944,-1021952,-19256,17638,-72818,-2356
19594,-1128448,-1146880,4176,15781,-81390,-1397
19604,-1139712,-1178624,8816,15959,-18773,-666
19614,-1221632,-1249280,6264,16547,654,-4288
19624,-1233920,-1301504,15312,17422,15031,-1558
19634,-1310720,-1369088,13224,18592,-19484,-5716
19644,-1310720,-1490944,40832,19683,-46140,-1580
19654,-1310720,-1571840,59160,21165,-73071,-414
19664,-1310720,-1577984,60552,22664,-61114,-123
19674,-1351680,-1498112,33176,23965,-1848,-2089
19684,-1366016,-1513472,33408,24846,-19094,-1032
19694,-1423360,-1556480,30160,25803,-43202,-4253
19704,-1423360,-1557504,30392,26685,-22066,-1105
19714,-1514496,-1526784,2784,27691,19977,-9005
19724,-1514496,-1506304,-1856,28184,53758,-2332
19734,-1562624,-1548288,-3248,28781,18095,-2868
19744,-1629184,-1620992,-1856,29415,17188,-6138
19754,-1681408,-1744896,14384,29683,-49904,-4970
19764,-1681408,-1828864,33408,29860,-84729,-1374
19774,-1792000,-1831936,9048,30433,-54620,-10253
19784,-1792000,-1852416,13688,30330,-36696,-2656
19794,-1869824,-1912832,9744,30353,-49961,-4114
19804,-1909760,-1915904,1392,29829,-14137,-1233
19814,-1930240,-1950720,4640,30235,2880,-1569
19824,-1930240,-1988608,13224,31015,18233,-440
19834,-1930240,-2051072,27376,32135,401,-123
19844,-1930240,-2069504,31552,33444,9019,-43
19854,-1930240,-2181120,56840,35079,-51372,-23
19864,-1930240,-2207744,62872,36831,-55297,-23
19874,-1930240,-2189312,58696,38446,-37339,-23
19884,-1930240,-2079744,33872,39963,34676,-23
19894,-1930240,-2095104,37352,41197,4899,-23
19904,-1909760,-2086912,40136,42540,4693,1223
19914,-1909760,-2066432,35496,43962,14458,306
19924,-1772544,-2039808,60552,45909,25622,6413
19934,-1772544,-1985536,48256,48124,48893,1646
19944,-1579008,-1931264,79808,50854,66518,8950
19954,-1579008,-1915904,76328,53923,37533,2297
19964,-1128448,-1916928,178640,57597,-15296,26223
19974,-966656,-1786880,185832,62871,11841,14318
19984,-649216,-1544192,202768,68314,82789,28625
19994,-606208,-1305600,158456,73974,125383,10476
20004,-606208,-1117184,115768,78732,103466,2694
20014,-370688,-896000,119016,83205,108285,7716
20024,-370688,-715776,78184,86331,98543,1980
20034,-238592,-519168,63568,88838,103673,5979
20044,-163840,-367616,46168,90834,96099,5799
20054,-136192,-284672,33640,92271,67654,3160
20064,-136192,-148480,2784,93017,81653,805
20074,-10240,-24576,12760,93636,61458,5690
20084,-10240,-26624,3712,93522,23936,1556
20094,-10240,9216,-4408,91774,-5979,390
20104,0,120832,-27376,88126,27929,903
20114,0,284672,-64496,82456,101986,227
20124,0,282624,-64032,76095,71601,54
20134,0,268288,-60784,68996,43660,6
20144,0,197632,-39672,61917,-30431,0
20154,3072,148480,-32944,55246,-50340,112
20164,3072,219136,-48952,48238,5611,21
20174,3072,249856,-55912,42009,42501,0
20184,3072,237568,-53128,37097,52037,0
20194,12288,145408,-30160,33181,8330,677
20204,12288,91136,-17864,31149,-620,180
20214,12288,53248,-9280,29446,-14436,39
20224,12288,50176,-8584,27919,-11062,0
20235,12288,24576,-2784,26543,-25027,0
20245,12288,77824,-14848,24953,15146,0
20255,12288,143360,-29696,22569,53104,0
20265,12288,84992,-16472,20256,2558,0
20275,12288,37888,-5800,18447,-25945,0
20285,12288,-51200,14384,17239,-73679,0
20295,12288,-30720,9744,16669,-41263,0
20305,12288,-30720,9744,16469,-28939,0
20315,9216,-13312,5104,16225,-16570,-203
20325,9216,61440,-11832,15384,25186,-66
20335,9216,119808,-25056,13625,49157,-25
20345,9216,49152,-9048,11409,-19175,-23
20355,9216,-30720,9048,9311,-80942,-23
20365,9216,5120,928,7393,-43317,-23
20375,0,-1024,232,5792,-36042,-618
20385,0,70656,-16008,4295,33689,-170
20395,0,73728,-16704,3333,48881,-54
20405,0,57344,-12992,2819,42708,-23
20415,0,19456,-4408,2117,8755,-23
20425,0,22528,-5104,1055,68,-23
20435,0,-4096,928,-81,-27861,-23
20445,0,29696,-6728,-417,-10018,-23
20455,0,49152,-11136,-904,-4705,-23
20465,0,79872,-18096,-1592,2512,-23
20475,0,74752,-16936,-2358,-14665,-23
20485,0,62464,-14152,-3204,-29559,-23
20495,0,140288,-31784,-4068,30270,-23
20505,0,144384,-32712,-4854,35341,-23
20515,0,182272,-41296,-5741,58554,-23
20525,0,159744,-36192,-6533,40207,-23
20535,0,77824,-17632,-7235,-16065,-23
20545,0,23552,-5336,-7840,-45624,-23
20555,0,43008,-9744,-8429,-25417,-23
20565,0,88064,-19952,-9106,7125,-23
20575,0,106496,-24128,-9901,11359,-23
20585,0,87040,-19720,-10678,-9662,-23
20595,9216,32768,-5336,-11446,-50294,364
20605,12288,36864,-22272,-12126,13918,326
20615,12288,165888,-34800,-12835,49191,82
20625,12288,219136,-46864,-13710,75789,13
20635,12288,169984,-35728,-14424,42765,0
20645,12288,55296,-9744,-15086,-35136,0
20655,12288,26624,-3248,-15646,-48286,0
20665,12288,49152,-8352,-16229,-27115,0
20675,12288,191488,-40600,-16991,68641,0
20685,12288,188416,-39904,-17887,49168,0
20695,12288,77824,-14848,-18969,-48951,0
20705,12288,88064,-17168,-20121,-53392,0
20715,21504,97280,-17168,-21058,-29548,350
20725,18432,130048,-25288,-21881,9604,0
20735,18432,131072,-25520,-22532,20539,0
20745,18432,118784,-22736,-23203,13941,0
20755,18432,130048,-25288,-23822,25049,0
20765,18432,157696,-31552,-24346,48422,0
20775,15360,46080,-6960,-24892,-37327,-120
20785,30720,25600,1160,-25332,-55251,492
20795,52224,57344,-1160,-25907,-38704,1274
20805,95232,180224,-19256,-26438,50430,4421
20815,101376,163840,-14152,-26515,28502,1556
20825,119808,167936,-10904,-26851,11715,1341
20835,122880,178176,-12528,-27464,-7666,447
20845,144384,208896,-14616,-28124,24188,1499
20855,172032,305152,-30160,-28672,62284,1786
20865,172032,264192,-20880,-29205,21147,450
20875,334848,191488,32480,-28506,-31625,10647
20885,334848,165888,38280,-24939,-46312,2919
20895,536576,250880,64728,-21155,10889,18778
20905,839680,289792,124584,-10353,14595,26091
20915,839680,439296,90712,1529,68228,6716
20925,1481728,581632,203928,6301,68813,37196
20935,1481728,804864,153352,11585,95067,10221
20945,1481728,1059840,95584,15628,109364,2629
20955,2638848,1340416,294176,21159,136685,60617
20965,2638848,1718272,208568,28877,209698,15625
20975,3007488,2015232,224808,36349,196101,20225
20985,3427328,2344960,245224,44199,196376,18920
20995,3988480,2803712,268424,51732,250272,38932
21005,4164608,3229696,211816,59276,275516,18960
21015,4490240,3566592,209264,65569,211890,32174
21025,4490240,3935232,125744,70822,187781,8287
21035,4490240,4232192,58464,73550,151843,2270
21045,4539392,4422656,26448,74035,72840,4698
21055,4443136,4610048,-37816,70369,52060,-4561
21065,4347904,4780032,-97904,58628,66403,-5373
21075,3540992,4926464,-313896,38960,100104,-69030
21085,3540992,4918272,-312040,-1690,70465,-18995
21095,3540992,4643840,-249864,-10969,-76456,-4906
21105,2611200,4306944,-384192,-21381,-208597,-37606
21115,2611200,3974144,-308792,-32044,-179372,-10354
21125,1949696,3604480,-374912,-42536,-168620,-29940
21135,1610752,3168256,-352872,-53460,-202367,-18360
21145,1610752,2664448,-238728,-63342,-245901,-4743
21155,733184,2331648,-362152,-72491,-190307,-37400
21165,620544,2037760,-321088,-82740,-151683,-13657
21175,369664,1680384,-296960,-92392,-148884,-17808
21185,369664,1193984,-186760,-100439,-229447,-4601
21195,86016,908288,-186296,-106091,-191397,-23563
21205,27648,738304,-161008,-111630,-93610,-9197
21215,27648,537600,-115536,-115568,-125246,-2381
21225,0,245760,-55680,-118133,-118797,-2836
21235,0,90112,-20416,-119553,-100793,-737
21245,0,11264,-2552,-120044,-66886,-210
21255,0,-1024,232,-119544,-11464,-63
21265,-4096,-71680,15312,-117408,-40070,-245
21275,-4096,-187392,41528,-114050,-70868,-77
21285,-4096,-248832,55448,-109189,-81665,-29
21295,-4096,-181248,40136,-103981,-7482,-23
21305,-4096,-113664,24824,-97854,59587,-23
21315,-4096,-119808,26216,-91336,58268,-23
21325,-4096,-178176,39440,-84655,17384,-23
21335,-4096,-320512,71688,-77723,-86921,-23
21345,0,-281600,63800,-71258,-61355,91
21355,0,-205824,46632,-66169,-20792,18
21365,0,-46080,10440,-61634,80356,0
21375,0,-34816,7888,-57687,76168,0
21385,0,-36864,8352,-53948,60092,0
21395,9216,-132096,32016,-50031,-20632,306
21405,30720,-153600,41760,-46451,-45142,1564
21415,61440,-157696,49648,-42132,-54390,1930
21425,125952,-48128,39440,-38506,6322,6257
21435,147456,55296,20880,-34347,56019,3196
21445,147456,100352,10672,-30700,57889,814
21455,196608,134144,14152,-27527,52393,2723
21465,196608,154624,9512,-25115,31474,694
21476,263168,161792,22968,-22627,7492,3292
21486,405504,221184,41760,-19255,24567,11703
21496,479232,254976,50808,-13227,14871,7785
21506,479232,354304,28304,-7829,46770,2133
21516,1012736,448512,127832,1505,59392,28253
21526,1127424,575488,125048,5675,77350,14703
21536,1161216,731136,97440,9393,87562,5619
21546,1161216,869376,66120,12005,53437,1440
21556,1149952,1021952,29000,13086,39243,-342
21566,1149952,1113088,8352,12672,13012,-97
21576,1161216,1208320,-25288,10638,72576,909
21586,1161216,1281024,-27144,8372,49019,242
21596,1161216,1241088,-18096,5877,4222,54
21606,1149952,1191936,-9512,3876,-29651,-1000
21616,1149952,1164288,-3248,1604,-41825,-268
21626,1138688,1252352,-25752,-461,26276,-573
21636,1073152,1265664,-43616,-1047,42456,-6023
21646,1052672,1266688,-48488,-2099,50717,-2805
21656,1052672,1177600,-28304,-2856,6781,-780
21666,766976,1038336,-61480,-4970,-68355,-11115
21676,766976,975872,-47328,-7325,-73840,-2875
21686,670720,965632,-66816,-9457,-26782,-5031
21696,574464,881664,-69600,-11659,-26128,-6942
21706,527360,787456,-58928,-13534,-31762,-4777
21716,504832,617472,-25520,-15050,-85027,-2231
21726,394240,550912,-35496,-16543,-67196,-5733
21736,372736,492544,-27144,-17831,-56559,-2891
21746,301056,497664,-44544,-19097,1801,-3708
21756,224256,458752,-53128,-20448,11359,-3257
21766,224256,302080,-17632,-21046,-27241,-905
21776,101376,146432,-10208,-21605,-84155,-5308
21786,61440,56320,1160,-22138,-104706,-4816
21796,61440,32768,6496,-22285,-70076,-1249
21806,24576,99328,-16936,-22176,21159,-1755
21816,9216,54272,-10208,-21565,20551,-1099
21826,0,-16384,3712,-20289,-792,-817
21836,0,-124928,28304,-17918,-53082,-222
21846,0,-128000,29000,-14964,-33851,-69
21856,-4096,-91136,19720,-11740,5312,-248
21866,-4096,-56320,11832,-9166,49558,-74
21876,-4096,-29696,5800,-6551,40723,-29
21886,0,-109568,24824,-3549,-20070,199
21896,0,-99328,22504,-753,-12623,45
21906,0,-94208,21344,562,-8664,189
21916,0,-121856,27608,1155,-34126,42
21926,0,-154624,35032,1815,-54597,1
21936,-4096,-51200,10672,2311,17177,-115
21946,0,9216,-2088,2693,50247,180
21956,-4096,-45056,9280,3004,963,-110
21966,-4096,-53248,11136,3309,-5176,-40
21976,-4096,39936,-9976,3264,63592,-23
21986,0,-68608,15544,3451,-16306,131
21996,0,-173056,39208,4124,-74012,27
22006,-4096,-202752,45008,5145,-66060,-206
22016,0,-202752,45936,6353,-41470,91
22026,-4096,-183296,40600,7822,-8457,-268
22036,-4096,-158720,35032,9304,16580,-78
22046,-4096,-112640,24592,10531,39380,-31
22056,-4096,-108544,23664,11573,23385,-23
22066,-4096,21504,-5800,12230,90614,-23
22076,-4096,-5120,232,12522,47011,-23
22086,-4096,-136192,29928,13042,-50707,-23
22096,-4096,-126976,27840,13703,-29903,-23
22106,-4096,-71680,15312,14370,13184,-23
22116,-4096,-161792,35728,15165,-45899,-23
22126,-4096,-129024,28304,15832,-18773,-23
22136,-7168,-4096,-696,16233,60505,-121
22146,-13312,-38912,5800,16770,-9123,-437
22156,-34816,-141312,24128,17406,-33070,-1139
22166,-102400,-62464,-9048,17902,33746,-6345
22176,-120832,-142336,4872,17671,-21068,-2947
22186,-120832,-243712,27840,17306,-78900,-768
22196,-363520,-171008,-43616,13550,-9834,-12766
22206,-363520,-190464,-39208,7741,-8779,-3521
22216,-575488,-340992,-53128,-360,-77087,-10235
22226,-616448,-459776,-35496,-2239,-91384,-4213
22236,-887808,-473088,-93960,-4051,-18727,-18667
22246,-1013760,-698368,-71456,-6780,-95515,-10361
22256,-1271808,-902144,-83752,-8904,-143766,-25931
22266,-1325056,-1010688,-71224,-11851,-109893,-9928
22276,-1408000,-1169408,-54056,-14240,-118453,-6630
22286,-1562624,-1296384,-60320,-16672,-97959,-8346
22296,-1611776,-1386496,-51040,-18600,-62342,-5146
22306,-1829888,-1525760,-68904,-20580,-62927,-11013
22316,-2015232,-1631232,-87000,-23350,-33105,-8753
22326,-2015232,-1757184,-58464,-25129,-16444,-2416
22336,-2880512,-2094080,-178176,-28694,-145464,-38669
22346,-2880512,-2314240,-128296,-33878,-170421,-9980
22356,-3862528,-2494464,-309952,-39175,-118912,-62363
22366,-4120576,-2848768,-288144,-47699,-162194,-26723
22376,-4120576,-3306496,-184440,-55021,-225649,-7360
22386,-4120576,-3847168,-61944,-59515,-300234,-1908
22396,-4076544,-4156416,18096,-60233,-228242,1313
22406,-4033536,-4242432,47328,-56531,-100231,3959
22416,-3989504,-4347904,81200,-46594,-58372,3518
22426,-3989504,-4353024,86304,-34198,-22456,898
22436,-3820544,-4295680,107648,-19923,35204,9373
22446,-3820544,-4278272,103704,-3831,25450,2409
22456,-3542016,-4172800,142912,4076,70591,12130
22466,-3542016,-4098048,125976,9043,62089,3118
22476,-3542016,-4077568,121336,13152,8525,794
22486,-3542016,-3955712,93728,16654,27125,212
22496,-3176448,-3850240,152656,21979,35479,6854
22506,-3281920,-3773440,111360,26277,27057,-4125
22516,-3354624,-3637248,64032,29047,50453,-3884
22526,-3738624,-3695616,-9744,29516,-52600,-29299
22536,-3904512,-3614720,-65656,21659,-22835,-17507
22546,-3904512,-3593216,-70528,11226,2249,-4525
22556,-4033536,-3774464,-58696,881,-66989,-4865
22566,-4033536,-3970048,-14384,-1264,-97133,-1264
22576,-3779584,-4080640,68208,1409,-108045,9477
22586,-3618816,-4186112,128528,5350,-52474,7096
22596,-2757632,-4069376,297192,11194,40677,47766
22606,-2757632,-3903488,259608,19622,83133,13130
22616,-1646592,-3692544,463536,27914,84820,85226
22626,-1646592,-3325952,380480,38691,148596,23434
22636,-714752,-2916352,498800,50943,189480,42037
22646,-714752,-2360320,372824,64562,254575,10833
22656,-154624,-1821696,377696,75407,278052,32853
22666,-93184,-1307648,275152,85718,271959,10688
22676,0,-849920,192560,92932,294186,9796
22686,0,-576512,130616,98229,201230,2516
22696,0,-386048,87464,102002,148297,640
22706,0,-275456,62408,104709,112738,167
22716,0,-332800,75400,107033,-4808,36
22726,0,-230400,52200,108812,14549,0
22736,107520,-158720,60320,110007,3212,7423
22746,107520,-17408,28304,111156,44785,1904
22756,107520,185344,-17632,110952,121114,514
22766,107520,257024,-33872,108275,89639,122
22776,107520,316416,-47328,102996,64384,22
22786,237568,327680,-20416,99676,28732,4891
22796,237568,271360,-7656,96637,-35205,1254
22806,234496,425984,-43384,92375,52725,183
22816,231424,522240,-65888,85756,85738,-66
22826,246784,445440,-45008,78247,-2651,967
22836,246784,529408,-64032,70819,45772,259
22846,372736,555008,-41296,63125,55433,11320
22856,432128,524288,-20880,60297,33379,7209
22866,432128,482304,-11368,58566,-2250,1852
22876,432128,381952,11368,56566,-78429,469
22886,947200,464896,109272,55745,-29249,33473
22896,1062912,667648,89552,58958,87677,14051
22906,1138688,765952,84448,62117,83500,6430
22916,1284096,991232,66352,64478,128354,11065
22926,1284096,1136640,33408,66210,107344,2844
22936,1697792,1366016,75168,67040,170845,37762
22947,1697792,1433600,59856,69671,114516,9729
22957,1697792,1431552,60320,71812,22983,2499
22967,2817024,1603584,274920,77672,73644,41497
22977,2817024,1819648,225968,85389,102961,10691
22987,3210240,2262016,214832,91931,217466,20216
22997,3737600,2732032,227824,97370,268482,49406
23007,3737600,3131392,137344,102758,286819,13580
23017,3945472,3344384,136184,107271,174425,12632
23027,3945472,3618816,74008,110582,161987,3245
23037,3945472,3821568,28072,112286,152095,883
23047,4301824,4007936,66584,114456,158097,15884
23057,4588544,4172800,94192,118344,167678,12643
23067,4588544,4274176,71224,121393,121883,3469
23077,5271552,4473856,180728,125663,122720,29034
23087,5499904,4679680,185832,130345,107574,27117
23097,5499904,5129216,83984,134547,228631,6983
23107,5499904,5463040,15312,136129,171958,1791
23117,5617664,5704704,-19720,136340,153587,793
23127,5617664,5878784,-59160,130117,103087,198
23137,5677056,5954560,-62872,121522,51796,2493
23147,5617664,6128640,-115768,109975,107379,-4032
23157,5617664,6104064,-110200,95531,3901,-1049
23167,5617664,5961728,-77952,82243,-61539,-298
23177,5617664,6034432,-94424,68496,-907,-87
23187,5617664,6038528,-95352,55677,5289,-34
23197,4443136,5951488,-341736,17321,-44006,-48423
23207,3040256,5899264,-647744,-7998,-27149,-115845
23217,2879488,5513216,-596704,-21860,-151339,-41021
23227,2879488,4751360,-424096,-38004,-340108,-10586
23237,965632,3957760,-677904,-50920,-411882,-78515
23247,965632,3292160,-527104,-66679,-351261,-21605
23257,278528,2236416,-443584,-80948,-514614,-32128
23267,193536,1784832,-360528,-93504,-320016,-11223
23277,-7168,1159168,-264248,-103397,-302276,-13610
23287,-10240,697344,-160312,-110282,-296149,-3629
23297,-10240,401408,-93264,-114903,-198924,-1008
23307,-71680,321536,-89088,-118079,-70753,-3547
23317,-71680,152576,-50808,-120037,-64396,-985
23327,-71680,-154624,18792,-120441,-157673,-263
23337,-309248,-183296,-28536,-120451,-71820,-12755
23347,-309248,-368640,13456,-120680,-110811,-3298
23357,-606208,-309248,-67280,-120217,18703,-21370
23367,-643072,-397312,-55680,-121536,16787,-7853
23377,-747520,-695296,-11832,-122652,-113565,-5816
23387,-921600,-819200,-23200,-122802,-90225,-14431
23397,-1063936,-1105920,9512,-123135,-159325,-10849
23407,-1198080,-1180672,-3944,-122125,-72876,-11785
23417,-1198080,-1374208,39904,-119017,-94804,-3251
23427,-1366016,-1583104,49184,-112913,-116858,-9249
23437,-1366016,-1571840,46632,-105431,-4430,-2553
23447,-1423360,-1673216,56608,-96764,-11372,-2172
23457,-1423360,-1817600,89320,-85501,-60632,-568
23467,-1579008,-1762304,41528,-77772,13895,-5802
23477,-1579008,-1780736,45704,-70175,15777,-1507
23487,-1972224,-1911808,-13688,-66833,-52726,-18837
23497,-2036736,-1984512,-11832,-67488,-49387,-7528
23507,-2036736,-2165760,29232,-66555,-101149,-1948
23517,-2036736,-2326528,65656,-61276,-117799,-545
23527,-2368512,-2335744,-7424,-52880,-40139,-31792
23537,-2420736,-2440192,4408,-52636,-53036,-11588
23547,-2420736,-2499584,17864,-51461,-47104,-3196
23557,-2500608,-2478080,-5104,-49878,25049,-3547
23567,-2555904,-2605056,11136,-46816,-15514,-4804
23577,-2528256,-2774016,55680,-41639,-77339,50
23587,-2528256,-2742272,48488,-34196,-4900,4
23597,-2500608,-2745344,55448,-25957,13299,1786
23607,-2500608,-2839552,76792,-16799,-53702,450
23617,-2500608,-2817024,71688,-8699,-7046,106
23627,-2500608,-2735104,53128,-907,6861,21
23637,-2447360,-2764800,71920,2054,-29731,2337
23647,-2447360,-2798592,79576,4033,-69640,636
23657,-2500608,-2693120,43616,5730,-6530,-3077
23667,-2500608,-2627584,28768,6834,20631,-853
23677,-2528256,-2651136,27840,7781,-19347,-2701
23687,-2528256,-2586624,13224,8202,10464,-704
23697,-2528256,-2570240,9512,8369,6609,-203
23707,-2583552,-2548736,-7888,7396,6666,-1824
23717,-2583552,-2544640,-8816,5648,43672,-481
23727,-2639872,-2509824,-29464,2414,12266,-2617
23737,-2639872,-2586624,-12064,-334,-30913,-686
23747,-2669568,-2552832,-26448,-652,56810,-1876
23757,-2669568,-2571264,-22272,-1047,24578,-525
23767,-2555904,-2728960,39208,-231,-63685,8789
23777,-2583552,-2676736,21112,960,2168,732
23787,-2583552,-2676736,21112,1763,2616,180
23797,-2612224,-2587648,-5568,2215,51968,-2215
23807,-2612224,-2564096,-10904,1555,39461,-618
23817,-2639872,-2655232,3480,480,-36891,-1310
23827,-2757632,-2656256,-22968,-77,-15158,-10238
23837,-2757632,-2650112,-24360,-830,6804,-2648
23847,-2757632,-2793472,8120,-1155,-71740,-692
23857,-3904512,-2806784,-248704,-5632,-47058,-55839
23867,-3904512,-3084288,-185832,-12690,-161517,-14409
23877,-4348928,-3291136,-239656,-20288,-146279,-20897
23887,-4348928,-3689472,-149408,-26749,-223606,-5755
23897,-4348928,-3892224,-103472,-31125,-126703,-1491
23907,-4348928,-4208640,-31784,-33198,-158821,-417
23917,-4348928,-4295680,-12064,-33717,-60036,-115
23927,-4348928,-4375552,6032,-32651,-42617,-40
23937,-4033536,-4416512,86768,-22344,1354,12165
23947,-3862528,-4362240,113216,-4168,42857,7916
23957,-2639872,-4389888,396488,4818,-8320,63185
23967,-2394112,-4024320,369344,15699,151407,26866
23977,-1453056,-3587072,483488,26726,234506,76245
23987,-1453056,-3091456,371200,38496,287702,20964
23997,-1453056,-2619392,264248,49089,245705,5398
24007,-1453056,-2193408,167736,55751,200564,1477
24017,-4096,-1713152,387208,61404,237765,77676
24027,24576,-1447936,333616,71661,163054,21061
24037,172032,-1026048,271440,80961,218166,16648
24047,196608,-586752,177480,88672,237753,5514
24057,196608,-217088,93728,93186,219417,1507
24067,337920,174080,37120,95974,244959,6500
24077,337920,244736,21112,97143,92806,1669
24087,458752,385024,16704,97702,63615,4827
24097,594944,606208,-2552,98522,121091,4806
24107,1012736,615424,90016,100033,45955,22209
24117,1208320,749568,103936,103418,56661,12802
24127,1208320,1071104,31088,105762,156433,3295
24137,1610752,1214464,89784,107825,108056,21026
24147,2171904,1423360,169592,109970,96386,58929
24157,2291712,1660928,142912,113836,92175,24476
24167,2291712,1968128,73312,117026,121780,6304
24177,3007488,2337792,152888,118277,172061,65612
24187,3007488,2513920,111824,121926,114562,18037
24197,3007488,2816000,43384,124246,130466,4643
24207,4075520,3093504,222488,128777,134482,39955
24217,5327872,3538944,405304,134939,227679,91381
24227,5921792,4061184,421544,144938,300738,51403
24237,6372352,4690944,380944,155509,369069,57099
24247,6438912,5443584,225504,164577,407876,19026
24257,6438912,6138880,67976,169603,396929,4898
24267,6438912,6609920,-38744,169168,307875,1339
24277,6438912,6802432,-82360,159246,133518,338
24287,6438912,6977536,-122032,144235,102066,85
24297,6506496,7098368,-134096,126361,108733,6057
24307,6506496,7006208,-113216,110291,-39852,1554
24318,6925312,6961152,-8120,99908,-70650,20057
24328,6925312,7271424,-78416,91653,92473,5166
24338,7444480,7495680,-11600,83953,162216,35025
24348,7444480,7541760,-22040,82682,88136,9024
24358,7444480,7622656,-40368,77819,45152,2316
24368,7368704,7749632,-86304,67704,40608,-3971
24378,7368704,7881728,-116232,51561,45485,-1030
24388,7218176,7987200,-174232,29488,43672,-4767
24398,7218176,7958528,-167736,5245,10705,-1322
24408,5327872,7848960,-571184,-6205,-35526,-78255
24418,4588544,7568384,-675120,-20105,-108183,-45069
24428,4588544,6742016,-487896,-38357,-363172,-11629
24438,3427328,6147072,-616192,-53123,-319878,-50864
24448,2668544,5304320,-597168,-67946,-426936,-77601
24458,2242560,4660224,-547752,-82535,-347945,-44260
24468,2242560,3728384,-336632,-96302,-464596,-11423
24478,620544,3309568,-609232,-107743,-265466,-74668
24488,620544,2275328,-374912,-121837,-510586,-19263
24498,311296,1783808,-333616,-133007,-335633,-18052
24508,58368,1004544,-214368,-142118,-382426,-11741
24518,-56320,415744,-106952,-147528,-292637,-9156
24528,-74752,226304,-68208,-150315,-152314,-3284
24538,-74752,-179200,23664,-150121,-192946,-855
24548,-59392,-486400,96744,-142772,-211122,630
24558,-59392,-586752,119480,-128655,-118579,152
24568,-108544,-537600,88624,-113021,37556,-1346
24578,-108544,-539648,97672,-96855,44269,-377
24588,-108544,-739328,142912,-79140,-83570,-107
24598,-366592,-801792,98600,-62771,-98166,-20318
24608,-406528,-698368,66120,-51781,11509,-7380
24618,-406528,-685056,63104,-41191,40516,-2039
24628,-433152,-703488,61248,-30855,27998,-1279
24638,-433152,-918528,109968,-19012,-128069,-341
24648,-433152,-795648,82128,-6871,15857,-103
24658,-420864,-941056,117856,2408,-58670,286
24668,-420864,-946176,119016,6337,-28056,71
24678,-420864,-907264,110200,10728,29788,12
24688,-420864,-1102848,154512,15295,-86290,0
24698,-420864,-1033216,138736,20198,-14711,0
24708,-420864,-855040,98368,24762,94309,0
24718,-420864,-884736,105096,28850,43557,0
24728,-459776,-724992,60088,32171,103374,-1952
24738,-459776,-843776,87000,34477,-57775,-513
24748,-556032,-720896,37352,36124,-9938,-7242
24758,-611328,-691200,18096,35767,-33116,-4642
24768,-611328,-791552,40832,36413,-72268,-1287
24778,-921600,-670720,-56840,35929,57223,-21769
24788,-921600,-893952,-6264,33991,-43604,-5623
24798,-1095680,-1003520,-20880,31970,-46978,-10344
24808,-1095680,-1144832,11136,31295,-54711,-2678
24818,-1162240,-1305600,32480,31636,-99290,-3823
24828,-1198080,-1295360,22040,32472,-33105,-4479
24838,-1209344,-1485824,62640,33507,-130191,-1894
24848,-1209344,-1348608,31552,35074,33046,-498
24858,-1271808,-1575936,68904,37101,-98728,-6102
24868,-1310720,-1330176,4408,38741,111269,-4099
24878,-1351680,-1687552,76096,40230,-130639,-3057
24888,-1423360,-1368064,-12528,41498,116559,-7206
24898,-1423360,-1739776,71688,42208,-160106,-1868
24908,-1423360,-1520640,22040,43587,46047,-522
24918,-1437696,-1909760,106952,45498,-199934,-1426
24928,-1437696,-1530880,21112,47387,106851,-402
24938,-1453056,-1848320,89552,49423,-121987,-832
24948,-1453056,-1529856,17400,51248,108549,-223
24958,-1453056,-1756160,68672,53031,-59898,-69
24968,-1546240,-1476608,-15776,53831,128274,-4122
24978,-1546240,-1756160,47560,54553,-26427,-1073
24988,-1546240,-1607680,13920,55482,45164,-303
24998,-1546240,-1789952,55216,56834,-61413,-87
25008,-1546240,-1580032,7656,57828,80379,-34
25018,-1546240,-1725440,40600,58734,-48240,-23
25028,-1546240,-1446912,-22504,58274,109915,-23
25038,-1529856,-1538048,1856,57633,13367,1350
25048,-1546240,-1546240,0,57427,-3890,-655
25058,-1546240,-1495040,-11600,57332,60953,-178
25068,-1546240,-1773568,51504,57449,-124982,-57
25078,-1546240,-1491968,-12296,57810,92691,-23
25088,-1579008,-1622016,9744,56985,-29467,-1459
25098,-1579008,-1384448,-44080,55026,130340,-385
25108,-1562624,-1628160,14848,52504,-95297,825
25118,-1562624,-1500160,-14152,50432,8617,219
25128,-1735680,-1512448,-50576,47180,-8928,-13550
25138,-1869824,-1372160,-112752,37049,90431,-10660
25148,-1869824,-1639424,-52200,25796,-100254,-2941
25158,-2612224,-1650688,-217848,-793,-43765,-27190
25168,-3142656,-2035712,-253576,-7663,-166268,-35320
25178,-4076544,-2338816,-393704,-16315,-184317,-45807
25188,-4945920,-2900992,-463304,-27273,-261656,-65529
25198,-5559296,-3621888,-438944,-38715,-437436,-49631
25208,-5559296,-4253696,-295800,-49166,-328496,-13662
25218,-6644736,-5089280,-352408,-56428,-424940,-83494
25228,-6644736,-5283840,-308328,-64945,-168253,-22976
25238,-7071744,-6000640,-242672,-73561,-328817,-22431
25248,-7145472,-6366208,-176552,-81232,-266131,-7726
25258,-7293952,-6776832,-117160,-85569,-211833,-10055
25268,-7293952,-7289856,-928,-87910,-302540,-2601
25278,-7293952,-7277568,-3712,-85495,-34780,-681
25288,-7369728,-7700480,74936,-80332,-240072,-3736
25298,-7219200,-7507968,65424,-72276,45645,13320
25308,-7071744,-7737344,150800,-56478,-74723,13612
25318,-6644736,-7831552,268888,-28974,-101585,25093
25328,-4790272,-7418880,595544,3340,182824,162567
25338,-4540416,-7408640,649832,14821,85921,58090
25348,-4540416,-6786048,508776,31686,230272,15971
25358,-3503104,-5883904,539400,46120,396424,39335
25368,-3041280,-5059584,457272,59763,460361,42707
25378,-3041280,-4333568,292784,72012,446362,11003
25388,-2473984,-3921920,328048,82078,308666,23567
25398,-2473984,-3525632,238264,91467,228413,6069
25408,-948224,-3161088,499264,99771,209021,73100
25418,-212992,-2811904,588816,112198,184729,90217
25428,-102400,-2184192,471656,125830,265292,30418
25438,-102400,-1435648,302064,137636,368472,8357
25448,184320,-709632,202536,146638,407784,11883
25458,184320,-235520,95120,152055,316607,3056
25468,483328,177152,69368,155173,290146,14852
25478,1497088,338944,262392,157654,159680,94458
25488,1497088,413696,245456,164066,61825,25971
25498,1497088,828416,151496,170408,167862,6690
25508,1497088,1177600,72384,173975,228700,1716
25518,1497088,1645568,-33640,173092,211316,462
25528,9122816,1992704,1615416,170370,214230,335336
25538,16135168,2853888,3009040,177742,468611,719180
25549,16135168,5225472,2471728,178105,1159061,185443
25559,16135168,8310784,1772712,213093,1625963,50999
25569,16135168,11813888,979040,254792,1809362,13142
25579,16284672,14317568,428968,277779,1479100,12455
25589,16284672,15523840,172376,287104,839562,3414
25599,16135168,15859712,62408,290177,314197,-3887
25609,13367296,15824896,-556800,264413,62628,-180291
25619,12498944,15451136,-668856,169499,-191523,-84673
25629,12498944,15190016,-609696,76983,-135619,-21843
25639,6854656,14176256,-1658800,-663,-441899,-348633
25649,6854656,13026304,-1398264,-11196,-642498,-89908
25659,2817024,11189248,-1859944,-16077,-1074380,-175240
25669,1350656,8764416,-1679680,-34131,-1350883,-137223
25679,808960,6674432,-1328896,-62234,-1181908,-57718
25689,808960,4597760,-858400,-92728,-1129102,-15883
25699,172032,3159040,-676744,-115396,-829626,-40351
25709,172032,2409472,-506920,-132600,-444240,-10415
25719,0,1629184,-369112,-147712,-453064,-8341
25729,0,1482752,-335936,-160134,-161724,-2158
25739,0,705536,-159848,-168720,-404894,-567
25749,0,699392,-158456,-174772,-104810,-164
25759,0,167936,-38048,-177419,-195987,-51
25769,-7168,-18432,2552,-177347,-118740,-321
25779,-93184,-269312,39904,-172314,-122240,-6850
25789,-209920,-274432,14616,-168397,-35836,-8004
25799,-209920,-433152,50576,-163943,-83570,-2211
25809,-727040,-489472,-53824,-159322,-64752,-38677
25819,-727040,-527360,-45240,-160870,-32829,-10645
25829,-1185792,-845824,-77024,-163465,-154300,-20478
25839,-2125824,-1010688,-252648,-166050,-51085,-74541
25849,-2500608,-1488896,-229216,-172401,-242436,-40506
25859,-2500608,-1739776,-172376,-178348,-114643,-10451
25869,-4841472,-2545664,-520144,-185677,-389345,-90920
25879,-6644736,-3141632,-793672,-194712,-343826,-119660
25889,-7219200,-4250624,-672568,-208694,-562830,-55117
25899,-7219200,-5382144,-416208,-225094,-585997,-14222
25909,-7757824,-6605824,-261000,-235472,-651930,-32410
25919,-7757824,-7105536,-147784,-241768,-380544,-8924
25929,-7445504,-7624704,40600,-241258,-247967,16957
25939,-6176768,-7810048,370040,-210747,-139394,67820
25949,-6176768,-7827456,373984,-155245,-19278,18646
25959,-3041280,-7424000,992960,-31746,165842,137138
25969,-2612224,-6582272,899464,15810,391479,60603
25979,-2420736,-5249024,640784,37664,619227,22555
25989,-2368512,-4129792,387904,54118,583346,8274
25999,-2500608,-3206144,159848,62225,469827,-4340
26009,-2639872,-2752512,25520,64765,293715,-6174
26019,-2639872,-2706432,15080,65443,100666,-1603
26029,-2639872,-2859008,49648,66743,-29559,-452
26039,-2975744,-2802688,-39208,67965,19919,-32158
26049,-2975744,-2711552,-59856,61747,58141,-8854
26059,-2975744,-2638848,-76328,51822,42892,-2291
26069,-2975744,-2709504,-60320,40656,38531,-602
26079,-2975744,-2569216,-92104,29891,56237,-174
26089,-2975744,-2805760,-38512,21393,-76135,-54
26099,-2975744,-2788352,-42456,15512,-11980,-23
26109,-2975744,-2852864,-27840,10970,-21263,-23
26119,-2975744,-2929664,-10440,7523,-50477,-23
26129,-2975744,-2835456,-31784,4041,92324,-23
26139,-2975744,-2906112,-15776,521,-32761,-23
26149,-2975744,-2847744,-29000,-607,23075,-23
26159,-2528256,-2660352,29928,-989,134688,39985
26169,-2420736,-2931712,115768,2644,-71946,16828
26179,-2420736,-2790400,83752,5533,19001,4620
26189,-2394112,-2511872,26680,7741,154505,3564
26199,-2420736,-2470912,11368,9044,14148,-705
26209,-2420736,-2421760,232,8738,47986,-203
26219,-2420736,-2207744,-48256,5586,119622,-63
26229,-2420736,-2306048,-25984,1731,4693,-23
26239,-2292736,-2290688,-464,-19,493,5609
26249,-2292736,-2231296,-13920,-56,43477,1438
26259,-2292736,-2245632,-10672,-92,3545,364
26269,-2292736,-2304000,2552,56,-10270,91
26279,-148480,-2128896,448688,8859,83581,75688
26289,-148480,-1806336,375608,20929,187013,19508
26299,187392,-1132544,299048,31250,314633,19198
26309,187392,-399360,132936,38616,387084,4940
26319,288768,-36864,73776,41926,247759,7119
26329,288768,181248,24360,43275,127700,1828
26339,288768,194560,21344,43571,59369,460
26349,243712,282624,-8816,42940,26988,-2446
26359,246784,193536,12064,41667,-52933,-522
26369,266240,433152,-37816,39300,98394,1374
26379,266240,166912,22504,37037,-111144,343
26389,266240,444416,-40368,33909,75709,85
26399,401408,458752,-12992,29466,38508,10636
26409,401408,542720,-32016,27326,64957,2734
26419,458752,566272,-24360,24346,32519,3109
26429,458752,636928,-40368,19163,28663,793
26439,466944,748544,-63800,11828,59610,677
26449,466944,805888,-76792,2681,57418,167
26459,428032,683008,-57768,-2038,-36582,-1946
26469,428032,656384,-51736,-4305,-43811,-545
26479,443392,773120,-74704,-6387,58095,444
26489,466944,633856,-37816,-8029,-43306,773
26499,584704,673792,-20184,-9282,-6816,6475
26509,584704,664576,-18096,-9917,80,1660
26519,1197056,817152,86072,540,100161,27737
26529,1197056,717824,108576,3933,-22445,7144
26539,1716224,1030144,155440,8472,96363,20639
26549,1716224,1288192,96976,12610,141940,5668
26559,3353600,1703936,373752,17119,234460,83349
26569,6305792,2013184,972544,26537,215860,303025
26579,7368704,2510848,1100608,30380,264570,156750
26589,7368704,3748864,820120,50266,583713,40412
26599,16135168,5289984,2457112,55271,814789,567622
26609,16135168,7266304,2009352,57209,1096192,156121
26619,16135168,10139648,1358360,91850,1472307,40251
26629,16135168,12672000,784624,123816,1431411,11062
26639,16135168,14471168,377000,143054,1044189,2844
26649,16135168,15420416,161936,152241,643805,726
26659,16135168,15574016,127136,157490,257593,192
26669,16135168,15634432,113448,161795,83523,42
26679,16135168,15916032,49648,164251,119381,3
26689,9784320,16263168,-1467864,-5244,155377,-215670
26699,9784320,15637504,-1326112,-26779,-266005,-55623
26709,9784320,14304256,-1024048,-60345,-575314,-15310
26719,9784320,12827648,-689504,-88397,-642441,-3956
26730,726016,11483136,-2437160,-100156,-630530,-587607
26740,726016,9982976,-2097280,-102591,-729063,-151534
26750,141312,7862272,-1749280,-133513,-1089251,-57700
26760,141312,5195776,-1145152,-174180,-1331376,-15880
26770,-80896,3235840,-751448,-205044,-1107300,-13871
26780,-130048,2057216,-495552,-225229,-787216,-8217
26790,-148480,1475584,-367952,-240399,-438549,-3321
26800,-148480,1175552,-299976,-251903,-254129,-922
26810,-235520,1021952,-284896,-262604,-134219,-3020
26820,-235520,760832,-225736,-271087,-90822,-786
26830,-684032,188416,-197664,-277758,-268392,-21256
26840,-1735680,-154624,-358208,-283087,-175562,-93639
26850,-1735680,-1108992,-141984,-289534,-488371,-25765
26860,-3618816,-1571840,-463768,-295031,-356735,-89435
26870,-4491264,-2392064,-475600,-305332,-360269,-55797
26880,-4491264,-3251200,-280952,-315913,-447866,-15357
26890,-4210688,-4321280,25056,-319524,-556944,8367
26900,-4256768,-4892672,144072,-308340,-409724,-1714
26910,-4348928,-5123072,175392,-285070,-193359,-6075
26920,-4348928,-5176320,187456,-257200,-43512,-1577
26930,-5160960,-5217280,12760,-252285,-10626,-24651
26940,-6112256,-5425152,-155672,-251190,-101998,-64536
26950,-6112256,-5772288,-77024,-254883,-189377,-16652
26960,-6926336,-6213632,-161472,-259459,-237146,-36567
26970,-6714368,-7044096,74704,-259456,-412903,2624
26980,-6714368,-7541760,164720,-240011,-226831,668
26990,-4210688,-7849984,824528,-144877,-221954,95759
27000,-4210688,-7395328,721520,-33074,125256,24684
27010,-1325056,-6423552,1155128,7184,443137,117849
27020,-985088,-4950016,898304,29050,737392,42553
27030,-229376,-3493888,739616,51138,773468,51281
27040,-229376,-2213888,449616,68508,752126,14099
27050,-4096,-1371136,309720,81226,564654,21330
27060,-4096,-985088,222256,90466,318913,5493
27070,-4096,-733184,165184,97181,211557,1504
27080,-13312,-478208,105328,102567,199153,120
27090,-13312,-395264,72848,106542,158108,22
27100,-16384,-129024,25520,108695,165062,-121
27110,-10240,-160768,34104,109153,-7574,411
27120,-10240,71680,-18560,106866,57556,105
27130,-4096,19456,-5336,102816,-49640,257
27140,0,-19456,4408,100189,-75848,177
27150,0,180224,-40832,98013,88170,36
27160,0,11264,-2552,95599,-40747,0
27170,0,193536,-43848,92774,86013,0
27180,0,181248,-41064,89145,55227,0
27190,0,17408,-3944,85400,-78923,0
27200,0,212992,-48256,80247,48399,0
27210,0,35840,-8120,76075,-72899,0
27220,0,96256,-21808,70990,84694,-684
27230,-7168,211968,-49648,64398,18623,-197
27240,-7168,296960,-68904,56911,61630,-60
27250,-7168,212992,-49880,49569,-5428,-23
27260,-7168,79872,-19720,44491,-66060,-23
27270,-28672,105472,-30392,40832,-10729,-1096
27280,-40960,128000,-38280,37445,33723,-736
27290,-83968,-57344,-6032,35261,-65945,-2982
27300,-83968,72704,-35496,32604,51693,-828
27310,-108544,-100352,-1856,30894,-59737,-2567
27320,-105472,-24576,-18328,27872,-3684,-474
27330,-102400,128000,-52200,24438,102066,7
27340,-71680,-122880,11600,21539,-79657,2746
27350,-16384,-103424,19720,20646,-49456,4565
27360,-16384,33792,-11368,20829,62697,1168
27370,6144,-44032,11368,21187,14916,1007
27380,6144,-150528,35496,22047,-47035,268
27390,6144,-40960,10672,22670,28239,62
27400,234496,84992,33872,22947,105141,19149
27410,234496,-90112,73544,25008,-40850,5258
27420,234496,44032,43152,26767,32656,1348
27430,435200,223232,48024,29129,123742,7177
27440,419840,150528,61016,31328,16810,910
27450,419840,176128,55216,32821,-15273,227
27460,362496,236544,28536,33308,-11269,-1772
27470,308224,340992,-7424,32394,21480,-3762
27480,308224,310272,-464,31375,-54241,-980
27490,215040,260096,-10208,28580,-38142,-3245
27500,172032,389120,-49184,25079,67034,-3457
27510,172032,218112,-4872,22537,-51476,-902
27520,6144,132096,-28536,20369,-69468,-14164
27530,0,211968,-48024,14763,21159,-4012
27540,-16384,141312,-35728,10714,-2376,-1832
27550,-62464,-128000,14848,8583,-124626,-1854
27560,-222208,-82944,-31552,6519,-24648,-9577
27570,-279552,-253952,-5800,4347,-81573,-5007
27580,-708608,-458752,-56608,1669,-153232,-35016
27590,-887808,-449536,-99296,-2783,-72554,-19838
27600,-887808,-491520,-89784,-6008,-40058,-5127
27610,-1595392,-826368,-167272,-11971,-192120,-21129
27620,-2848768,-907264,-439872,-18525,-80724,-77146
27630,-3176448,-1350656,-413656,-30014,-202826,-32564
27640,-5385216,-2064384,-752376,-39295,-326247,-171123
27650,-5385216,-2557952,-640552,-52058,-324950,-47077
27660,-7071744,-3596288,-787408,-64962,-496243,-77311
27670,-7071744,-4672512,-543576,-82600,-565882,-21273
27680,-6714368,-5920768,-179800,-94621,-672229,13572
27690,-6576128,-6403072,-39208,-98151,-372317,8831
27700,-5385216,-6761472,311808,-87412,-259120,90153
27710,-4893696,-6506496,365400,-39058,42972,49461
27720,-4841472,-6212608,310648,3379,136203,15612
27730,-4841472,-5583872,168200,11517,291799,4016
27740,-5385216,-5249024,-21112,12506,165268,-26171
27750,-5385216,-5095424,-65656,3624,83443,-7207
27760,-5442560,-5093376,-79112,-1890,7320,-6092
27770,-5442560,-5276672,-37584,-3444,-43547,-1684
27780,-4210688,-5502976,292784,4821,-93140,44178
27790,-4210688,-5292032,244992,13775,93426,11384
27800,-1681408,-5035008,759800,19204,142663,138061
27810,-595968,-4211712,819192,33838,422219,123844
27820,-335872,-3389440,680456,50973,480740,49891
27830,-335872,-2309120,447064,67369,548314,13716
27840,3072,-1399808,317840,79175,508554,35852
27850,55296,-872448,210192,87010,347061,13459
27860,79872,-580608,149640,93023,195297,4692
27870,162816,-411648,130152,97244,89559,8616
27880,199680,-292864,111592,101095,67941,4907
27890,199680,-43008,54984,104094,128997,1257
27900,432128,16384,94192,107017,53529,8209
27910,2267136,328704,439176,109955,147540,121063
27920,2267136,565248,385584,120030,131166,31210
27930,7292928,1082368,1407080,129467,261276,457380
27940,7292928,1974272,1205008,132913,419534,125796
27950,7292928,3535872,851208,157215,751139,32427
27960,11233280,5124096,1384112,163445,906344,150671
27970,11233280,7023616,953752,186696,975525,41433
27980,11909120,8765440,712240,209420,947401,40383
27990,11909120,9967616,439872,226470,727318,11100
28000,11567104,11029504,121800,235753,593466,-17910
28010,11567104,11561984,1160,237470,371570,-4937
28020,8674304,11779072,-703424,166537,168355,-126323
28030,8674304,11425792,-623384,68681,-139096,-32584
28040,5327872,10728448,-1223568,-7053,-365708,-156080
28050,4395008,9554944,-1169048,-23043,-584402,-69953
28060,2446336,7986176,-1255120,-42193,-810177,-137537
28070,2446336,6324224,-878584,-66109,-892702,-35477
28080,689152,5047296,-987392,-83458,-703532,-78019
28090,689152,3730432,-689040,-106409,-705448,-21468
28101,345088,2601984,-511328,-125292,-627306,-19726
28111,308224,1848320,-348928,-139161,-487063,-6197
28121,73728,1208320,-257056,-149299,-389047,-15947
28131,27648,866304,-190008,-157036,-237605,-6020
28141,-4096,547840,-125048,-162036,-180806,-4326
28151,-4096,207872,-48024,-164844,-169836,-1125
28161,-4096,-76800,16472,-164867,-196756,-301
28171,-7168,-344064,76328,-159078,-171305,-333
28181,-10240,-448512,99296,-147974,-111786,-268
28191,-10240,-555008,123424,-134461,-107850,-78
28201,-160768,-539648,85840,-122603,-38027,-4525
28211,-160768,-506880,78416,-109622,27929,-1175
28221,-420864,-577536,35496,-100977,19346,-11052
28231,-505856,-698368,43616,-94663,-18589,-5237
28241,-671744,-759808,19952,-88841,-41148,-10210
28251,-1117184,-879616,-53824,-88519,-49284,-20028
28261,-1117184,-1001472,-26216,-90019,-76812,-5173
28271,-3862528,-1125376,-620136,-91027,-86152,-157663
28281,-3862528,-1476608,-540560,-103197,-172211,-40664
28291,-10283008,-2298880,-1808904,-103340,-461555,-178916
28301,-17213440,-4172800,-2954520,-114209,-921469,-418966
28311,-17213440,-6895616,-2337632,-125490,-1442233,-108048
28321,-17213440,-9820160,-1675040,-173632,-1636360,-29726
28331,-17213440,-12795904,-1000848,-217160,-1599435,-7677
28341,-17213440,-15078400,-483720,-242493,-1305421,-1989
28351,-17213440,-16210944,-227128,-253761,-778231,-556
28361,-9591808,-16881664,1651608,-132950,-438629,381054
28371,-9591808,-16508928,1567160,10379,120781,98254
28381,-9591808,-14927872,1208952,46730,716945,27015
28391,-1198080,-13041664,2683312,63982,961468,426782
28401,-948224,-10766336,2224416,70247,1214002,126431
28411,-194560,-8033280,1775960,105761,1400131,61750
28421,-194560,-5397504,1178792,149358,1395392,15914
28431,15360,-3323904,756552,179468,1234117,12335
28441,73728,-1916928,451008,199978,878163,7202
28451,70656,-1117184,257520,212242,563896,1705
28461,70656,-611328,154512,219146,338294,460
28471,82944,-392192,107648,223381,141711,904
28481,175104,-76800,57072,225440,112003,4545
28491,259072,179200,18096,226542,108848,4092
28501,443392,379904,14384,225455,72817,12980
28511,631808,629760,464,224452,86105,11621
28521,2726912,837632,428040,227743,84315,139859
28531,2726912,1245184,335704,236222,180908,36053
28541,7292928,1777664,1249552,239927,267874,224011
28551,8851456,2962432,1334232,246563,570942,107373
28561,15985664,4730880,2526480,263974,934033,460736
28571,15985664,6959104,2045080,269705,1170146,126721
28581,16135168,9777152,1440488,308572,1461302,37426
28591,16135168,12217344,887632,343719,1389529,9642
28601,16135168,14303232,415048,365468,1152670,2645
28611,16135168,15521792,138968,374530,744220,674
28621,15985664,16119808,-30392,374987,415839,-8899
28631,15985664,16455680,-106488,363951,236411,-2303
28641,14285824,16531456,-508776,342338,91590,-152620
28651,14285824,16548864,-512720,266744,3430,-39365
28661,14285824,16343040,-466088,194090,-115894,-10161
28671,6643712,15940608,-2106328,-8099,-262689,-230713
28681,2367488,14572544,-2765208,-17660,-694777,-323043
28691,1270784,12213248,-2479152,-24255,-1193429,-128510
28701,379904,9397248,-2042992,-68427,-1516886,-110030
28711,314368,6571008,-1417520,-110731,-1490977,-32111
28721,314368,3999744,-834968,-146620,-1372490,-8289
28731,0,2466816,-558888,-167954,-949524,-11823
28741,0,1290240,-292320,-181880,-675419,-3057
28751,0,779264,-176552,-189669,-339408,-797
28761,0,382976,-86768,-193765,-236687,-229
28771,0,111616,-25288,-195696,-170157,-69
28781,0,-169984,38512,-194580,-179188,-28
28791,0,-377856,85608,-186614,-151167,-23
28801,0,-488448,110664,-171881,-71200,-23
28811,0,-603136,136648,-153582,-46702,-23
28821,-7168,-636928,142680,-131682,-425,-550
28831,-25600,-705536,160080,-109172,-38383,-1134
28841,-59392,-711680,147784,-89962,-33896,-1627
28851,-212992,-605184,88856,-73502,5978,-11742
28861,-212992,-621568,77952,-62028,16592,-3039
28871,-463872,-521216,12992,-57485,28801,-10538
28881,-740352,-582656,-35728,-57869,6919,-14849
28891,-1514496,-732160,-177248,-60238,-42755,-42556
28901,-1869824,-1009664,-194880,-66193,-134839,-24584
28911,-1869824,-1344512,-119016,-71748,-193910,-6348
28921,-1869824,-1695744,-39440,-74639,-214576,-1755
28931,-8163328,-2056192,-1383648,-75010,-212533,-247684
28941,-8163328,-3133440,-1139584,-90675,-553570,-63880
28951,-8163328,-4745216,-774416,-116940,-755971,-17579
28961,-7293952,-6649856,-145928,-135149,-969616,73336
28971,-6714368,-7642112,210192,-128281,-671495,60191
28981,-6306816,-8048640,394632,-81555,-300761,35897
28991,-3738624,-7754752,909904,-26073,55399,238861
29001,-3503104,-7127040,821048,14390,274552,81959
29011,-3503104,-6120448,592992,34061,476161,21125
29021,-3698688,-5142528,327120,48659,530425,-1284
29031,-3904512,-4421632,117160,56278,398145,-13666
29041,-3904512,-4083712,40600,58367,251202,-3531
29051,-3904512,-3993600,20184,58615,54217,-982
29061,-3904512,-4041728,31088,58847,-34069,-263
29071,-3542016,-4150272,137808,61423,-74551,16915
29081,-2528256,-4191232,376768,67788,-43581,76652
29091,-2528256,-4018176,337560,77967,54079,19757
29101,-1664000,-3687424,458432,88414,134826,45951
29111,-595968,-3206144,591368,100654,211373,107331
29121,-497664,-2549760,464928,113129,306681,33634
29131,-222208,-1976320,397416,126676,330881,22157
29141,-83968,-1320960,280256,137968,346429,10105
29151,0,-845824,191632,145469,282252,8209
29161,0,-342016,77488,149833,261701,2108
29171,-4096,-83968,18096,151353,161528,192
29181,-4096,87040,-20648,149272,88538,45
29191,-10240,239616,-56608,142639,74722,-268
29201,-34816,297984,-75400,134122,63316,-866
29211,-136192,238592,-84912,124619,17843,-6386
29221,-200704,154624,-80504,113439,-14527,-4316
29232,-373760,117760,-111360,102551,-10316,-15702
29242,-484352,114688,-135720,85324,3603,-10772
29252,-484352,25600,-115536,67582,-27792,-2788
29262,-747520,-39936,-160312,47973,-11372,-12998
29272,-747520,-222208,-119016,29215,-55113,-3362
29282,-832512,-467968,-82592,15090,-104442,-4378
29292,-802816,-615424,-42456,7162,-75274,1121
29302,-781312,-987136,46632,5642,-207461,1504
29312,-781312,-992256,47792,6502,-104190,404
29322,-781312,-1014784,52896,7986,-57156,96
29332,-781312,-893952,25520,9395,42628,18
29342,-684032,-851968,38048,10855,46977,4005
29352,-666624,-795648,29232,12382,60861,2391
29362,-666624,-780288,25752,13609,40734,648
29372,-666624,-757760,20648,14713,37028,160
29382,-666624,-860160,43848,15587,-60782,33
29392,-666624,-817152,34104,16256,-43145,0
29402,-666624,-702464,8120,16705,21859,0
29412,-666624,-779264,25520,17229,-35365,0
29422,-666624,-613376,-12064,17505,79151,0
29432,-666624,-687104,24360,17626,-48022,0
29442,-671744,-728064,12760,18013,-7275,-153
29452,-666624,-818176,34336,18722,-51040,225
29462,-671744,-722944,11600,19458,33081,-144
29472,-671744,-805888,30392,20310,-22778,-46
29482,-666624,-797696,29696,21571,31945,234
29492,-666624,-761856,21576,22744,37303,57
29502,-601088,-791552,43152,24281,6184,2603
29512,-601088,-794624,43848,25483,-23053,708
29522,-510976,-726016,48720,26923,-1676,3437
29532,-343040,-629760,64960,28211,26288,12478
29542,-343040,-632832,65656,30533,9489,3425
29552,-343040,-456704,25752,32260,88492,872
29562,-160768,-529408,83520,33891,-3431,13658
29572,-96256,-417792,72848,36448,39564,6739
29582,-68608,-358400,65656,39160,105027,2668
29592,-68608,-302080,52896,41072,26735,726
29602,-68608,-102400,7656,42482,118957,180
29612,0,-235520,51272,43503,-16478,6173
29622,0,-116736,26448,44690,37200,1689
29632,0,-97280,22040,45745,31165,428
29642,0,34816,-7888,45902,80827,103
29652,0,40960,-9280,45875,59013,21
29662,0,46080,-10440,44415,22788,0
29672,0,186368,-33640,42487,71773,0
29682,0,69632,-15776,39411,-17752,0
29692,0,191488,-43384,35078,50534,0
29702,0,99328,-22504,30294,-36536,0
29712,0,141312,-32016,25376,-6426,0
29722,0,70656,-16008,21578,-41986,0
29732,0,129024,-29232,19106,33494,0
29742,0,-26624,6032,17900,-51303,0
29752,0,-114688,25984,17565,-86324,0
29762,0,-18432,4176,17592,-1194,0
29772,0,-41984,9512,17754,-26725,0
29782,0,59392,-13456,17283,52553,0
29792,0,64512,-14616,16009,35812,0
29802,0,104448,-23664,15224,62582,0
29812,0,-22528,5104,14152,-33988,0
29822,0,28672,-6496,13332,6884,0
29832,0,101376,-22968,12243,55640,0
29842,0,6144,-1392,10914,-20884,0
29852,0,19456,-4408,9667,-10144,0
29862,0,56320,-12760,8729,24509,0
29872,0,-4096,928,8379,-9226,0
29882,0,-54272,12296,8131,-42893,0
29892,0,-7168,1624,7864,-6048,0
29902,0,-58368,13224,7459,-63306,0
29912,0,-59392,13456,6765,-44556,0
29922,0,-2048,464,5994,-7321,0
29932,0,66560,-15080,5318,37843,0
29942,0,21504,-4872,4565,3775,0
29952,0,-98304,22272,4132,-75182,0
29962,0,-80896,18328,3663,-50190,0
29972,0,-22528,5104,3626,11004,0
29982,0,-45056,10208,4100,10671,0
29992,0,-169984,38512,4894,-63822,0
30002,0,-167936,38048,5794,-47241,0
30012,0,-144384,32712,6824,-16409,0
30022,3072,-63488,15080,7843,46277,112
30032,36864,-73728,25056,8847,33930,2677
30042,52224,-209920,59392,10135,-74459,1501
30052,52224,-130048,41296,11302,-24981,378
30062,86016,-66560,34568,12255,6299,2586
30072,86016,13312,16472,13339,49937,659
30082,30720,-27648,13224,13874,-11693,-1842
30092,30720,-66560,22040,13907,-46358,-516
30102,30720,34816,-928,13060,2260,-142
30112,-4096,39936,-9976,11194,-9903,-1394
30122,-4096,57344,-13920,9299,4612,-367
30132,-4096,15360,-4408,8337,-11796,-109
30142,-4096,-41984,8584,7784,-42043,-39
30152,0,-54272,12296,7585,-35296,260
30162,6144,-60416,15080,7833,-24855,390
30172,113664,-48128,36656,8369,3694,10345
30182,113664,-50176,37120,9857,19552,2836
30192,113664,-146432,58928,11521,-47655,724
30202,965632,-112640,244296,14778,-35388,62167
30212,965632,43008,209032,21025,42272,17091
30222,6175744,308224,1329360,24216,144625,264990
30232,6175744,950272,1183896,37320,353567,72879
30242,16436224,2542592,3147776,37320,758563,281353
30252,16436224,5395456,2501424,65969,1410137,72544
30262,16589824,8624128,1804728,122545,1760813,25509
30272,16589824,11670528,1114528,170702,1651620,6568
30282,16436224,13915136,571184,197647,1340188,-5886
30292,16436224,15181824,284200,212018,817588,-1528
30302,12142592,15741952,-815480,178870,418203,-278406
30312,10908672,15489024,-1037736,46557,-36593,-138303
30322,5441536,14403584,-2030464,-15689,-495141,-524473
30332,5441536,12869632,-1682928,-18308,-796832,-144271
30342,1929216,10515456,-1945320,-29613,-1195322,-201906
30352,462848,8257536,-1765984,-53111,-1283596,-195388
30362,308224,5894144,-1265560,-76939,-1236975,-60404
30372,308224,3840000,-800168,-105452,-1093829,-15586
30382,-7168,2469888,-561208,-126898,-793068,-15447
30392,-7168,1406976,-320392,-141596,-617725,-3992
30402,-16384,906240,-209032,-150821,-397825,-1540
30412,-4096,624640,-142448,-157278,-222092,183
30422,0,397312,-90016,-161279,-152452,303
30432,0,169984,-38512,-163452,-119635,74
30442,-99328,-138240,8816,-163620,-155436,-6334
30452,-99328,-347136,56144,-158980,-126267,-1644
30462,-212992,-479232,60320,-149507,-60655,-5791
30472,-484352,-640000,35264,-137840,-57454,-24248
30482,-611328,-778240,37816,-131516,-67471,-14901
30492,-611328,-982016,83984,-123108,-115814,-3849
30502,-1772544,-1121280,-147552,-123202,-100805,-65969
30512,-1772544,-1268736,-114144,-127157,-116181,-18154
30522,-3658752,-1629184,-459824,-132123,-197616,-87607
30532,-9688064,-2141184,-1709840,-141899,-309425,-563166
30542,-11681792,-3014656,-1963648,-141899,-490437,-266254
30552,-11681792,-4826112,-1553240,-161319,-883006,-68665
30562,-14018560,-7446528,-1488976,-175806,-1398916,-93288
30572,-14018560,-9847808,-944936,-208347,-1344561,-24065
30582,-14018560,-11999232,-447528,-230750,-1187909,-6215
30592,-12026880,-13264896,280488,-233035,-755133,165223
30602,-11344896,-13908992,580928,-168368,-409770,81408
30612,-11344896,-13544448,498336,-92169,73976,22384
30622,-6644736,-12888064,1414504,11931,290433,146044
30633,-2818048,-11354112,1917712,25461,723279,255418
30643,-2818048,-9262080,1459976,43351,1057867,70246
30653,-1150976,-7092224,1346064,66203,1166795,80386
30663,-1150976,-5209088,919416,96153,1103604,22103
30673,-1150976,-3865600,615032,121684,798024,5691
30683,-637952,-3016704,538936,140137,519547,17523
30693,-556032,-2325504,400896,154839,406958,9474
30703,-505856,-1888256,313200,167394,286761,4373
30713,-363520,-1481728,260304,177221,222056,11605
30723,-338944,-1088512,169824,184012,213576,4580
30733,-338944,-583680,55448,187829,253072,1173
30743,-194560,-273408,17864,189503,197282,4354
30753,-194560,-79872,-25984,187422,107367,1115
30763,-194560,51200,-55680,179915,56260,279
30773,-28672,138240,-37816,171521,48078,12290
30783,-28672,118784,-33408,167112,18646,3161
30793,-28672,100352,-29232,163415,6127,862
30803,-37888,303104,-77256,156427,105256,-45
30813,-44032,332800,-73776,145612,8456,-326
30823,-44032,397312,-99992,131936,25140,-97
30833,-83968,523264,-137576,114160,62708,-1517
30843,-87040,384000,-106720,97286,-49158,-551
30853,-87040,289792,-85376,81149,-91591,-161
30863,-87040,283648,-83984,68482,-24843,-51
30873,-83968,113664,-44776,60066,-110570,131
30883,-83968,41984,-28536,56706,-11693,27
30893,-80896,-249856,38280,55760,-150042,209
30903,-80896,-196608,26216,55841,-64924,50
30913,-34816,-114688,18096,56158,-5038,2946
30923,-34816,45056,-21808,55886,99152,750
30933,-34816,-86016,11600,55296,-29869,199
30943,-4096,-32768,6496,55163,-4579,1086
30953,-4096,-65536,13920,54568,-42273,289
30963,-4096,195584,-45240,51865,113242,67
30973,0,8192,-1856,49640,-44247,149
30983,0,19456,-4408,47690,-30707,33
30993,0,72704,-16472,45950,18795,0
31003,0,203776,-27376,43235,42501,0
31013,0,-101376,22968,41399,-110845,0
31023,0,88064,-19952,39758,37544,0
31033,0,6144,-1392,38988,-13896,0
31043,0,4096,-928,38137,-11085,0
31053,0,-169984,38512,37720,-103341,0
31063,0,-80896,18328,38106,-4648,0
31073,0,-98304,22272,39121,11600,0
31083,0,-245760,55680,40333,-60288,0
31093,-74752,-110592,8120,41489,27504,-6684
31103,-74752,-49152,-5800,41697,49662,-1734
31113,-74752,98304,-39208,40065,116123,-484
31123,-273408,-81920,-43384,32489,-45876,-6458
31133,-380928,-38912,-77488,23644,-6679,-8745
31143,-417792,-39936,-85608,12792,20459,-3885
31153,-493568,-365568,-29000,4757,-148057,-6366
31163,-541696,-416768,-28304,-187,-83203,-4680
31173,-541696,-446464,-21576,-820,-29800,-1215
31183,-788480,-721920,-15080,-1746,-163663,-11879
31193,-1162240,-525312,-144304,-4288,31933,-25965
31203,-1664000,-719872,-213904,-9925,-68883,-27382
31213,-1930240,-975872,-216224,-17349,-160461,-15487
31223,-4893696,-1116160,-855848,-21864,-80977,-172646
31233,-4893696,-1717248,-719664,-36807,-338972,-44527
31243,-7522304,-2800640,-1069752,-46102,-498308,-105481
31253,-7522304,-4237312,-744256,-69644,-748960,-27208
31263,-7522304,-5528576,-451704,-88704,-757107,-7493
31273,-7522304,-6597632,-209496,-100322,-637220,-1943
31283,-6784000,-7030784,55912,-99533,-279992,38879
31293,-6784000,-7216128,97904,-85830,-112670,10687
31303,-4302848,-7096320,632896,-57561,21319,197718
31313,-4302848,-6720512,547752,4669,161734,54376
31323,-4302848,-6033408,392080,18823,301885,14013
31333,-727040,-5172224,1007112,26880,424227,267031
31343,-626688,-4487168,874640,35864,407474,79153
31353,-626688,-3418112,632432,56656,501761,20401
31363,-108544,-2292736,494856,72968,563196,22897
31373,-108544,-1307648,271672,85259,507946,5897
31383,3072,-717824,158920,91940,314725,5825
31393,24576,-225280,56608,94887,250731,3178
31403,43008,-165888,47328,96403,61595,1794
31413,132096,-52224,41760,97743,45290,3926
31423,208896,59392,33872,99114,51004,3852
31433,208896,288768,-18096,99237,149514,985
31443,384000,367616,3712,98738,77143,7028
31453,384000,553984,-38512,95482,103925,1803
31463,653312,665600,-2784,92092,84556,14854
31473,653312,844800,-43384,89681,128309,3822
31483,2847744,947200,430592,95714,123902,58540
31493,2847744,1396736,328744,107385,258419,16091
31503,16135168,2040832,3193248,109898,379694,494277
31513,16135168,3731456,2810216,115669,929305,135948
31523,16135168,6928384,2085912,171241,1786160,35046
31533,16135168,10234880,1336784,226726,2087495,9031
31543,16135168,12590080,803184,261633,1783968,2474
31553,15985664,14004224,448920,282474,1167897,-6847
31563,15985664,14519296,332224,295245,570701,-555388
31573,10180608,14403584,-956768,153336,136226,-152775
31583,10180608,13453312,-741472,29554,-408393,-39403
31593,3316736,12262400,-2026752,-2783,-697657,-358916
31603,3316736,10459136,-1618200,-14061,-1010512,-92560
31613,1138688,8394752,-1643952,-33717,-1176136,-126006
31623,365568,6408192,-1369032,-63830,-1269551,-108397
31633,365568,4784128,-1001080,-93495,-1120152,-27961
31643,365568,3805184,-779288,-122556,-779023,-7219
31653,-71680,2932736,-680688,-145338,-670370,-19567
31663,-71680,2618368,-609464,-167591,-386178,-5056
31673,-108544,1961984,-469104,-185542,-444355,-3129
31683,-108544,1473536,-358440,-200326,-368439,-817
31693,-136192,777216,-206944,-210614,-460121,-1900
31703,-136192,496640,-143376,-216859,-306602,-532
31713,-322560,195584,-117392,-221749,-231627,-6080
31723,-322560,-132096,-43152,-224620,-196951,-1577
31733,-887808,-214016,-152656,-228079,-113416,-25290
31743,-1053696,-477184,-130616,-232670,-141173,-11811
31753,-1259520,-1028096,-52432,-235698,-237927,-15548
31763,-1259520,-1041408,-49416,-237410,-109285,-4284
31773,-1579008,-1575936,-696,-235087,-276481,-27894
31783,-1579008,-1758208,40600,-233356,-210112,-7680
31793,-4491264,-1812480,-606912,-232841,-85727,-130013
31803,-13886464,-2557952,-2566616,-236972,-388244,-676845
31813,-17213440,-3840000,-3029920,-236972,-725609,-388134
31823,-17213440,-6701056,-2381712,-251062,-1418779,-100095
31833,-17213440,-9990144,-1636528,-303458,-1702190,-25818
31843,-17213440,-13049856,-943312,-343427,-1689511,-7111
31853,-17213440,-15381504,-415048,-366215,-1322644,-1842
31863,-17213440,-16693248,-117856,-374888,-896604,-484
31873,-17213440,-17057792,-35264,-376861,-328392,-142
31883,-17213440,-17258496,10208,-375067,-124466,-46
31893,-8502272,-17337344,2001696,-146853,-56628,332083
31903,-8502272,-16083968,1717728,13149,537459,85624
31913,-1772544,-13912064,2750360,24335,1094058,300889
31923,-1325056,-10814464,2149944,40682,1565561,90100
31933,-1325056,-7554048,1411256,88398,1700387,23226
31943,-65536,-5014528,1121256,117080,1471802,58288
31953,64512,-3138560,725696,143615,1090489,24603
31964,64512,-1973248,461680,163302,745677,6335
31974,64512,-1337344,317608,176964,441175,1626
31984,199680,-817152,230376,186561,351111,4223
31994,1337344,-490496,414120,195147,232716,57981
32004,1337344,27648,296728,205341,283193,15940
32014,10487808,599040,2240424,211705,306785,678208
32024,10487808,1588224,2016312,212402,502232,174879
32034,16436224,3738624,2876800,215813,1058658,263555
32044,16589824,7070720,2156672,241295,1651483,71983
32054,16589824,10385408,1405688,291579,1830314,18553
32064,16743424,13416448,753768,324062,1643588,10659
32074,16743424,15360000,313432,342097,1192384,2740
32084,16589824,16247808,77488,348199,680857,-6937
32094,13495296,16685056,-722680,344368,377537,-296912
32104,11909120,16633856,-1065808,224892,89788,-179276
32114,11909120,15929344,-910832,87895,-286797,-49320
32124,6782976,14918656,-1843240,-8076,-489817,-501594
32134,6782976,13498368,-1521456,-12049,-747170,-129354
32144,2611200,11982848,-2123264,-22324,-834021,-231203
32154,2611200,9696256,-1605208,-47317,-1118029,-59629
32164,2611200,7512064,-1110352,-85684,-1191329,-16411
32174,2611200,5711872,-702496,-116065,-985945,-4242
32184,101376,4464640,-976952,-129173,-771416,-87372
32194,101376,3555328,-782536,-152105,-572067,-24042
32204,-7168,2576384,-585336,-174836,-560891,-11300
32214,-7168,1850368,-420848,-191343,-437883,-3116
32224,0,1017856,-230608,-202662,-439960,-347
32234,0,623616,-141288,-208768,-257032,-97
32244,0,239616,-54288,-211785,-196010,-37
32254,0,-82944,18792,-211855,-173531,-23
32264,0,-271360,61480,-206720,-136755,-23
32274,0,-345088,78184,-197248,-73300,-23
32284,0,-402432,91176,-184594,-68756,-23
32294,0,-586752,132936,-169012,-94494,-23
32304,0,-625664,141752,-149688,-47310,-23
32314,0,-614400,139200,-129143,52243,-23
32324,0,-609280,138040,-108353,32278,-23
32334,0,-695296,157528,-85796,-15847,-23
32344,0,-699392,158456,-64488,-18635,-23
32354,0,-647168,146624,-43977,-11888,-23
32364,0,-537600,121800,-26644,31692,-23
32374,0,-390144,88392,-14059,33700,-23
32384,0,-242688,54984,-4743,53884,-23
32394,0,-150528,34104,173,40459,-23
32404,0,-48128,10904,929,50534,-23
32414,0,60416,-13688,910,78692,-23
32424,0,59392,-13456,537,55915,-23
32434,0,-17408,3944,649,4555,-23
32444,0,-17408,3944,932,11623,-23
32454,0,-57344,12992,1084,-21561,-23
32464,-13312,-78848,14848,586,-37465,-777
32474,-13312,44032,-12992,-220,25083,-223
32484,-166912,100352,-60552,-2010,37602,-4363
32494,-346112,-2048,-77952,-4113,-27563,-10695
32504,-346112,-6144,-77024,-6941,-13414,-2952
32514,-510976,-136192,-84912,-9202,-40127,-12916
32524,-515072,-186368,-74472,-11758,-21515,-3795
32534,-515072,-290816,-50808,-13584,-23133,-988
32544,-505856,-601088,21576,-13673,-158591,0
32554,-505856,-366592,-31552,-13099,60126,0
32564,-505856,-524288,4176,-11686,-3787,0
32574,-476160,-765952,65656,-7802,-138660,1239
32584,-476160,-546816,16008,-3332,44900,309
32594,-448512,-600064,34336,1022,29788,1072
32604,-433152,-677888,55448,2573,-36731,714
32614,-353280,-591872,54056,4464,24681,4435
32624,-353280,-471040,26680,6299,90041,1133
32634,-295936,-437248,32016,7555,12564,4243
32644,-260096,-423936,37120,9204,47642,2952
32654,-238592,-642048,91408,10976,-121299,2804
32664,-238592,-295936,12992,12511,117798,762
32674,-238592,-306176,15312,13993,90339,186
32684,-241664,-461824,49880,15125,-58705,-66
32694,-241664,-351232,24824,16010,6896,-26
32704,-241664,-407552,37584,16971,-29169,-23
32714,-264192,-238592,-5800,17434,83340,-2172
32724,-282624,-334848,11832,18425,33505,-1842
32734,-282624,-475136,43616,19042,-79783,-484
32744,-493568,-342016,-34336,15259,10155,-7303
32754,-493568,-370688,-27840,11289,1721,-1893
32764,-1546240,-559104,-223648,-2756,-113588,-49857
32774,-4348928,-473088,-878120,-8779,33230,-264303
32784,-4348928,-1198080,-713864,-17792,-290882,-68162
32794,-4348928,-2081792,-513648,-35375,-493179,-18757
32804,-9402368,-3350528,-1371120,-39009,-727938,-176449
32814,-9981952,-4794368,-1175312,-59360,-925967,-80691
32824,-9883648,-6723584,-715952,-84671,-1023272,-17595
32834,-9496576,-8282112,-275152,-102594,-896328,30058
32844,-9496576,-9078784,-94656,-108234,-541120,7742
32854,-9496576,-9505792,2088,-109863,-343699,2120
32864,-6999040,-9329664,528032,-44758,-64235,80049
32874,-4033536,-8744960,1067432,5533,228505,214019
32884,-4033536,-7771136,846800,20304,499604,55180
32894,-1423360,-6692864,1193872,39397,582577,248536
32904,-1233920,-5439488,952824,51371,628705,75581
32914,-1233920,-4245504,682312,74078,634798,19482
32924,-1338368,-3096576,398344,91231,609278,-3405
32934,-1437696,-2286592,192328,101724,496540,-6916
32944,-1437696,-1910784,107184,106857,301162,-1911
32954,-1437696,-1708032,61248,109951,164362,-501
32964,-1325056,-1693696,83520,112477,46483,6274
32974,-1325056,-1513472,42688,114616,96834,1716
32984,-966656,-1447936,109040,116587,66805,28596
32994,-966656,-1251328,64496,119650,64315,7365
33004,-546816,-1219584,152424,123464,34768,19322
33014,-273408,-917504,145928,128362,117981,17025
33024,-273408,-549888,62640,132019,214953,4675
33034,0,-366592,83056,134921,133702,12464
33044,0,-160768,36424,136723,105945,3419
33054,0,-96256,21808,136374,-735,871
33064,0,254976,-57768,132304,138693,213
33074,234496,276480,-9512,127268,69547,17878
33084,334848,216064,26912,126896,-27746,10314
33094,1094656,311296,159616,130034,58876,32006
33104,3578880,704512,651224,137111,177064,115299
33114,3578880,1396736,494392,151690,366751,29724
33124,8941568,2322432,1499648,155961,472180,214851
33134,9590784,4001792,1266256,169097,846642,77253
33144,11233280,5944320,1198280,190719,987516,107540
33154,11455488,7956480,792744,212849,1107747,38154
33164,11455488,9434112,457968,232625,864198,9828
33174,11124736,10450944,143376,242066,615234,-14017
33184,11124736,10967040,35728,244711,354462,-3866
33195,6854656,11153408,-973936,211886,168791,-315580
33205,5859328,11000832,-1164872,63504,-26541,-139913
33215,5859328,9844736,-902944,-20783,-529657,-36091
33225,2079744,8529920,-1461368,-26742,-642223,-144077
33235,2079744,6371328,-972312,-51419,-1082940,-39641
33245,759808,4639744,-879048,-72466,-1016375,-58043
33255,759808,3149824,-541488,-93818,-866517,-14977
33265,263168,2293760,-460056,-108438,-566582,-28969
33275,70656,1456128,-313896,-120413,-493489,-25840
33285,0,1113088,-252184,-129703,-307956,-11995
33295,0,886784,-200912,-137374,-148390,-3103
33305,-160768,506880,-151264,-143202,-169125,-8155
33315,-222208,163840,-87464,-146871,-181288,-6495
33325,-241664,-206848,-7888,-148741,-219418,-2598
33335,-315392,-443392,29000,-147173,-201563,-7271
33345,-315392,-568320,57304,-142842,-128206,-2010
33355,-459776,-689152,51968,-135893,-93048,-7297
33365,-621568,-826368,46400,-131582,-97718,-7508
33375,-1482752,-809984,-152424,-128729,-2215,-57705
33385,-1482752,-964608,-117392,-132308,-37637,-14890
33395,-17213440,-1395712,-3583704,-132997,-199280,-971401
33405,-17213440,-2802688,-3264936,-132997,-672837,-250503
33415,-17213440,-5594112,-2632504,-168989,-1335175,-64605
33425,-17213440,-9204736,-1814472,-231600,-1907471,-17779
33435,-17213440,-12463104,-1076248,-280668,-1793436,-4593
33445,-17213440,-14907392,-522464,-306494,-1449037,-1272
33455,-17213440,-16491520,-163560,-317745,-968710,-338
33465,-17213440,-17002496,-47792,-320766,-405192,-97
33475,-17213440,-17212416,-232,-321300,-185981,-37
33485,-17213440,-17369088,35264,-319820,-141850,-23
33495,-17213440,-17425408,48024,-314818,-72084,-23
33505,-17213440,-17823744,138272,-301934,-198224,-23
33515,-10081280,-17929216,1778048,-162045,-63352,418226
33525,-10081280,-17552384,1681768,17347,231328,107836
33535,-4790272,-15944704,2527176,28775,766928,262243
33545,-4790272,-13297664,1927456,53806,1303251,67613
33555,-4790272,-10474496,1287832,98153,1523908,18586
33565,-4790272,-7972864,721056,131765,1379385,4783
33575,-241664,-6224896,1355576,136863,1071613,136982
33585,3072,-4889600,1108496,161367,841823,51597
33595,9216,-3421184,777200,190322,805850,13549
33605,9216,-2204672,501584,211276,724357,3720
33615,9216,-1196032,273064,224777,580064,952
33625,196608,-548864,168896,232324,387692,7476
33635,1161216,-95232,284664,238281,274277,59181
33645,8162304,256000,1791272,242440,184167,413665
33655,15838208,1257472,3303448,242440,544952,403231
33665,15838208,3574784,2778432,254