R
Px,Ix,Dx,Py,Iy,Dy,Pz,Iz,FFrx,FFry,FFdrx,FFdry,satI,satPID,KFQAng,KFQbias,KFRmeas,CPx,CIx,CPy,CIy,CsatI,CsatPID,CFFdrx,CFFdry,CFalpha,iRelaxX,IRelaxY,DmaxR,DmaxE,DMx,DMy
58,80,47,58,80,47,250,0,0,0,300,0,500000,3000000,10,1,1000,0,0,0,0,0,0,0,0,0.995,1024,1024,0,0,0,0
sysTickMs,PIDRefXi,PIDSensXi,PIDPoutXi,PIDIoutXi,PIDDoutXi,PIDFFoutXi
81487,0,-3298304,747272,82486,-1379673,0
81497,0,-3298304,747272,82486,-1379673,0
81507,0,-3298304,747272,82486,-1379673,0
81517,0,-3298304,747272,82486,-1379673,0
81527,0,-3298304,747272,82486,-1379673,0
81537,0,-3298304,747272,82486,-1379673,0
81547,0,-3298304,747272,82486,-1379673,0
81557,0,-3298304,747272,82486,-1379673,0
81567,0,-3298304,747272,82486,-1379673,0
81577,0,-3298304,747272,82486,-1379673,0
81587,0,-3298304,747272,82486,-1379673,0
81597,0,-3298304,747272,82486,-1379673,0
81607,0,-3298304,747272,82486,-1379673,0
81617,0,-3298304,747272,82486,-1379673,0
81627,0,-3298304,747272,82486,-1379673,0
81637,0,-3298304,747272,82486,-1379673,0
81647,0,-3298304,747272,82486,-1379673,0
81657,0,-3298304,747272,82486,-1379673,0
81667,0,-3298304,747272,82486,-1379673,0
81677,0,-3298304,747272,82486,-1379673,0
81687,0,-3298304,747272,82486,-1379673,0
81697,0,-3298304,747272,82486,-1379673,0
81707,0,-3298304,747272,82486,-1379673,0
81717,0,-3298304,747272,82486,-1379673,0
81727,0,-3298304,747272,82486,-1379673,0
81737,0,-3298304,747272,82486,-1379673,0
81747,0,-3298304,747272,82486,-1379673,0
81757,0,-3298304,747272,82486,-1379673,0
81767,0,-3298304,747272,82486,-1379673,0
81777,0,-3298304,747272,82486,-1379673,0
81787,0,-3298304,747272,82486,-1379673,0
81797,0,-3298304,747272,82486,-1379673,0
81807,0,-3298304,747272,82486,-1379673,0
81817,0,-3298304,747272,82486,-1379673,0
81827,0,-3298304,747272,82486,-1379673,0
81837,0,-3298304,747272,82486,-1379673,0
81847,0,-3298304,747272,82486,-1379673,0
81857,0,-3298304,747272,82486,-1379673,0
81867,0,-3298304,747272,82486,-1379673,0
81877,0,-3298304,747272,82486,-1379673,0
81887,0,-3298304,747272,82486,-1379673,0
81897,0,-3298304,747272,82486,-1379673,0
81907,0,10240,-2320,-27,6001,0
81917,0,9216,-2088,-96,-1377,0
81927,0,10240,-2320,-158,1847,0
81937,0,3072,-696,-211,-2938,0
81947,0,9216,-2088,-270,1216,0
81957,0,8192,-1856,-340,160,0
81967,0,11264,-2552,-402,-2823,0
81977,0,8192,-1856,-468,-23,0
81987,0,7168,-1624,-520,390,0
81997,0,8192,-1856,-573,-1263,0
82007,0,5120,-1160,-624,-1297,0
82017,0,8192,-1856,-691,34,0
82027,0,15360,-3480,-787,3132,0
82037,0,14336,-3248,-866,3006,0
82047,0,-2048,464,-868,-4923,0
82057,0,9216,-2088,-891,3166,0
82067,0,6144,-1392,-805,4371,0
82077,0,10240,-2320,-851,2363,0
82087,0,-8192,1856,-809,-7792,0
82097,0,2048,-464,-765,-1297,0
82107,0,4096,-928,-820,-2617,0
82117,0,10240,-2320,-587,7986,0
82127,0,14336,-3248,-556,6735,0
82137,0,-11264,2552,-498,-12049,0
82147,0,6144,-1392,-500,929,0
82157,0,-3072,696,-436,-3202,0
82167,0,-23552,5336,-315,-17017,0
82178,0,21504,-2088,-295,-138,0
82188,0,3072,-696,-387,-5256,0
82198,0,4096,-928,-353,573,0
82208,0,9216,-2088,-376,4176,0
82218,0,-8192,1856,-330,-7528,0
82228,0,-2048,464,-371,-6002,0
82238,0,11264,-2552,-392,367,0
82248,0,11264,-2552,-464,-3833,0
82258,0,26624,-6032,-388,8078,0
82268,0,21504,-4872,-211,8755,0
82278,0,5120,-1160,-29,2386,0
82288,0,-6144,1392,68,-104,0
82298,0,-10240,2320,142,3316,0
82308,0,14336,-3248,79,19644,0
82318,0,59392,-13456,-72,39644,0
82328,0,-17408,3944,-117,-22927,0
82338,0,-61440,13920,51,-43661,0
82348,0,26624,-6032,62,25817,0
82358,0,80896,-18328,-135,50958,0
82368,0,-33792,7656,-10,-27689,0
82378,0,-8192,1856,81,-12,0
82388,0,12288,-2784,26,13746,0
82398,0,49152,-11136,-99,30774,0
82408,0,-86016,19488,111,-52979,0
82418,0,57344,-12992,48,55755,0
82428,0,-103424,23432,163,-56433,0
82438,0,-3072,696,245,11371,0
82448,0,17408,-3944,449,32358,0
82458,0,-12288,2784,617,21950,0
82468,0,-53248,12064,593,-17729,0
82478,0,-15360,3480,986,18967,0
82488,0,8192,-1856,1333,38853,0
82498,0,-107520,24360,1669,-38693,0
82508,0,-65536,14848,1905,-14906,0
82518,0,-108544,24592,2349,-42181,0
82528,0,-18432,4176,2908,37636,0
82538,0,-68608,15544,3628,10889,0
82548,0,-26624,6032,4170,30120,0
82558,0,-77824,17632,4696,-10006,0
82568,0,-60416,13688,5044,-7562,0
82578,0,-88064,19952,5559,-21171,0
82588,0,-70656,16008,5897,-13770,0
82598,0,-69632,15776,6214,-15640,0
82608,0,-145408,32944,6436,-69904,0
82618,0,-80896,18328,6725,-24786,0
82628,0,-55296,12528,7050,-8951,0
82638,0,-123904,28072,7263,-57431,0
82648,0,-116736,26448,7427,-41321,0
82658,0,-77824,17632,8021,-4556,0
82668,0,-176128,39904,9184,-34803,0
82678,0,-174080,39440,10796,8835,0
82688,0,-175104,39672,12634,37739,0
82698,0,-359424,81432,14832,-62916,0
82708,0,-334848,75864,17384,-18612,0
82718,0,-283648,64264,19985,10177,0
82728,0,-339968,77024,22270,-33977,0
82738,0,-224256,50808,24102,10487,0
82748,0,-209920,47560,25605,-6839,0
82758,0,-296960,67280,27378,-62790,0
82768,0,-276480,62640,29505,-54103,0
82778,0,-414720,93960,31866,-94666,0
82788,0,-306176,69368,34300,-5692,0
82798,0,-315392,71456,36304,-33977,0
82808,0,-172032,38976,38132,47619,0
82818,3072,-153600,35496,39683,38267,1647
82828,9216,-238592,56144,41351,-34803,2764
82838,9216,-169984,40600,42548,-16512,668
82848,9216,-75776,15312,43536,45623,128
82858,141312,-15360,35496,44684,57177,48083
82868,162816,-101376,59856,46229,-42606,18017
82878,181248,174080,1624,47064,101492,8422
82888,196608,125952,16008,47181,2409,7717
82898,202752,209920,-1624,46829,25611,3469
82908,231424,310272,-17864,45514,23522,14364
82918,246784,297984,-11600,44152,20837,9494
82928,246784,251904,-1160,41620,-47448,2407
82938,334848,250880,19024,39224,-55641,44906
82948,334848,395264,-13688,38876,52381,11535
82958,394240,261120,30160,39184,-47414,18795
82968,405504,306176,22504,39875,-5967,6802
82978,405504,326656,17864,40365,5691,1684
82988,531456,411648,27144,41174,28881,31558
82998,676864,337920,76792,42711,-41263,62567
83008,676864,348160,74472,44341,-70214,17166
83018,676864,688128,-2552,45649,146163,4376
83028,965632,693248,52664,48294,134390,60443
83038,965632,696320,61016,50831,56019,16580
83048,1220608,909312,70528,53963,140552,63336
83058,1220608,968704,57072,56589,96375,17376
83068,1545216,1129472,94192,58963,97706,115255
83078,1577984,1377280,41064,61856,180507,37271
83088,1716224,1508352,47096,63779,146450,75384
83098,1716224,1602560,25752,65385,94068,19390
83108,1716224,1734656,-4176,65953,97625,5291
83118,1734656,1697792,8352,64551,-19599,4403
83128,1680384,1782784,-23200,61070,-25325,-16297
83138,1680384,1696768,-3712,55838,-99887,-4532
83148,1436672,1804288,-83288,49297,-8136,-108939
83158,1436672,1688576,-57072,38920,-61137,-30011
83168,1436672,1673216,-53592,30972,-8652,-7792
83178,1364992,1596416,-52432,24154,2834,-13340
83188,1392640,1417216,-5568,22351,-41034,5136
83198,1392640,1290240,23200,22891,-53507,1281
83208,1392640,1214464,40368,23904,-59657,274
83218,1392640,1249280,32480,25047,-5072,27
83228,1324032,1373184,-11136,25784,70419,-39258
83238,1258496,1389568,-29696,24561,52140,-39817
83248,1258496,1271808,-3016,21948,-47173,-10309
83258,739328,1175552,-98832,12501,-88757,-183133
83268,665600,1174528,-115304,-713,-27884,-80988
83278,665600,870400,-46400,-3378,-130455,-20911
83288,398336,637952,-54288,-5552,-129113,-67814
83298,398336,461824,-14384,-6573,-99577,-18705
83308,398336,257024,32016,-4256,-103915,-4880
83318,256000,160768,21576,-2033,-76375,-32319
83328,256000,129024,28768,527,-27264,-8378
83338,256000,137216,26912,1669,49570,-2198
83348,30720,191488,-36424,137,65669,-46564
83358,-4096,117760,-27608,-317,26058,-25589
83368,-4096,25600,-6728,-20,4337,-7096
83378,0,-165888,37584,783,-70891,-1044
83388,0,-215040,48720,2092,-50615,-321
83398,0,-190464,43152,3763,2122,-138
83409,0,-145408,32944,5407,43477,-138
83419,0,-138240,31320,6865,42375,-138
83429,0,-86016,19488,8232,66403,-138
83439,0,-38912,8816,9541,91096,-138
83449,0,-76800,17400,10887,65795,-138
83459,0,-130048,29464,12249,23052,-138
83469,0,-116736,26448,13602,35089,-138
83479,0,-157696,35728,15022,3694,-138
83489,0,-165888,46632,16407,-33116,-138
83499,0,-152576,34568,17720,7320,-138
83509,0,-182272,41296,19110,-12691,-138
83519,0,-160768,36424,20465,-13139,-138
83529,0,-133120,30160,21911,28847,-138
83539,0,-131072,29696,23475,39334,-138
83549,-4096,-181248,40136,25049,9615,-1182
83559,-4096,-228352,50808,26823,-16524,-358
83569,-4096,-257024,57304,28725,-25784,-138
83579,-4096,-220160,48952,30600,8445,-138
83589,-4096,-158720,35032,32339,49719,-138
83599,-4096,-136192,29928,34068,57602,-138
83609,-4096,-111616,24360,35645,68044,-138
83619,-4096,-144384,31784,37230,35456,-138
83629,-4096,-145408,32016,38730,31027,-138
83639,-4096,-158720,35032,40126,21113,-138
83649,-4096,-129024,28304,41641,47424,-138
83659,-4096,-163840,36192,43301,29191,-138
83669,-4096,-185344,41064,44948,18806,-138
83679,-4096,-210944,46864,46643,2237,-138
83689,-4096,-225280,50112,48238,25312,-138
83699,-4096,-178176,39440,49672,13551,-138
83709,-4096,-178176,39440,51135,6861,-138
83719,-4096,-222208,49416,52501,-30110,-138
83729,-4096,-247808,55216,53991,-45497,-138
83739,-7168,-254976,50344,55440,-30902,-1484
83749,-7168,-217088,47560,56715,-28848,-467
83759,-7168,-133120,28536,57891,20780,-174
83769,-7168,-134144,28768,58841,2799,-138
83779,-7168,-140288,30160,59703,-16237,-138
83789,-7168,-137216,29464,60462,-23592,-138
83799,-7168,-161792,35032,61308,-39978,-138
83809,-10240,-173056,36888,62152,-44683,-1035
83819,-10240,-223232,48256,63036,-76651,-321
83829,-19456,-146432,28768,63806,-21022,-3965
83839,-28672,-120832,20880,64564,1227,-3846
83849,-28672,-122880,21344,65268,1491,-1108
83859,-40960,-82944,9512,65891,29134,-2262
83869,-40960,-116736,13920,66665,24888,-641
83879,-37888,-152576,25984,67436,-10075,1519
83889,-40960,-102400,13920,68399,35020,-925
83899,-40960,-181248,31784,69390,-18486,-284
83909,-65536,-184320,26912,70069,-26231,-5155
83919,-65536,-199680,30392,70804,-34218,-1374
83929,-83968,-264192,40832,71166,-89617,-5961
83939,-102400,-180224,17632,71408,-23523,-5347
83949,-102400,-161792,13456,71693,-3225,-1420
83959,-160768,-177152,3712,71525,-8561,-16874
83969,-188416,-161792,-6032,70921,8491,-15152
83979,-203776,-191488,-2784,70003,-2823,-9549
83989,-203776,-192512,-2552,69518,8342,-2665
83999,-235520,-206848,-6496,69113,14779,-8918
84009,-235520,-271360,8120,69008,-15055,-2500
84019,-250880,-266240,3480,69083,1434,-4752
84029,-257024,-301056,9976,69434,-3982,-2454
84039,-282624,-350208,15312,69899,-21148,-10044
84049,-289792,-326656,8352,70331,11761,-4532
84059,-312320,-382976,16008,70874,-16076,-13376
84069,-322560,-367616,10208,71419,12851,-7224
84079,-322560,-342016,4408,72043,50878,-1923
84089,-385024,-394240,2088,72581,29811,-20490
84099,-420864,-412672,-1856,72812,28789,-18393
84109,-420864,-444416,5336,73078,23511,-4789
84119,-484352,-494592,2320,73520,-13598,-33298
84129,-515072,-521216,1392,73204,-16845,-19126
84139,-515072,-593920,17864,73067,-48263,-5320
84149,-532480,-560128,6264,73168,3717,-4532
84159,-532480,-542720,2320,73463,37372,-1218
84169,-570368,-607232,8352,73769,1927,-9760
84179,-575488,-649216,16704,74179,-17844,-3489
84189,-595968,-689152,21112,74642,-37282,-7499
84199,-643072,-770048,28768,74450,-89652,-13752
84209,-734208,-718848,-3480,73430,-40827,-39414
84219,-760832,-735232,-5800,71247,-43386,-19977
84229,-760832,-733184,-6264,69914,-18624,-5210
84239,-948224,-827392,-27376,64449,-61367,-35029
84249,-948224,-951296,696,60747,-105418,-9073
84259,-1128448,-1044480,-19024,55978,-109342,-44166
84269,-1233920,-1087488,-33176,52178,-74895,-61936
84279,-1271808,-1093632,-40368,48163,-9593,-28153
84289,-1271808,-1170432,-22968,46711,14331,-7316
84299,-1379328,-1360896,-4176,45908,-41125,-20115
84309,-1379328,-1479680,22736,46569,-50810,-5228
84319,-1514496,-1562624,10904,46953,-47666,-32831
84329,-1546240,-1592320,10440,47322,-17075,-13843
84339,-1646592,-1656832,2320,47759,-19301,-33738
84349,-1681408,-1762304,18328,48111,-52256,-17405
84359,-1930240,-1847296,-18792,47754,-79049,-114533
84369,-1930240,-1882112,-10904,43487,-73736,-31550
84379,-1930240,-1865728,-14616,40897,-16512,-8185
84389,-2268160,-2019328,-56376,32642,-72612,-79825
84399,-2268160,-2172928,-21576,26567,-108436,-21991
84409,-2420736,-2235392,-41992,22484,-50799,-57413
84419,-2420736,-2351104,-15776,20383,-39301,-15839
84429,-2500608,-2495488,-1160,19804,-58005,-28107
84439,-2555904,-2583552,6264,19323,-53312,-19318
84449,-2528256,-2634752,24128,19976,-31361,6097
84459,-2528256,-2692096,37120,21306,-24866,1519
84469,-2528256,-2780160,57072,22810,-61940,375
84479,-2528256,-2864128,76096,24675,-96192,54
84489,-2528256,-2808832,63568,26682,1331,0
84499,-2342912,-2731008,87928,29598,29340,40237
84509,-2080768,-2741248,149640,33410,18474,118954
84519,-1849344,-2647040,180728,38786,65439,95727
84529,-1849344,-2439168,133632,44614,147161,26275
84539,-1849344,-2257920,92568,49010,152359,6729
84549,-1074176,-2043904,219704,53668,170225,234420
84560,-1074176,-1889280,184672,60439,136674,60397
84570,-575488,-1616896,240352,66411,140759,209271
84580,-575488,-1475584,203928,72709,81171,57504
84590,-417792,-1076224,149176,78296,165119,46920
84600,-417792,-899072,109040,82042,102101,12863
84610,-417792,-604160,42224,84294,153312,3268
84620,-212992,-457728,55448,86589,52748,39907
84630,-212992,-522240,70064,88864,9156,10922
84640,-203776,-417792,48488,90490,19598,5191
84650,-222208,-363520,32016,91622,13344,-8515
84660,-235520,-243712,1856,92155,55548,-7416
84670,-238592,-145408,-21112,91263,19369,-2775
84680,-253952,-271360,3944,89287,-38440,-2692
84690,-253952,-152576,-22968,87131,36936,-742
84700,-270336,-242688,-6264,84419,-42652,-4569
84710,-276480,-304128,6264,81835,-82170,-1520
84720,-276480,-209920,-15080,79729,1675,-440
84730,-276480,-316416,9048,78252,-66393,-174
84740,-276480,-361472,19256,76682,-83513,-138
84750,-273408,-211968,-13920,75098,21744,942
84760,-273408,-390144,20648,74271,-73874,201
84770,-273408,-190464,-18792,72549,48709,0
84780,-273408,-247808,-5800,70337,-19679,0
84790,-273408,-314368,9280,69003,-55824,0
84800,-273408,-116736,-35496,66555,81687,0
84810,-273408,-282624,2088,64822,-41435,0
84820,-273408,-103424,-38512,63184,100081,0
84830,-273408,-209920,-14384,60469,2501,0
84840,-273408,-285696,2784,59147,-37259,0
84850,-273408,-77824,-44312,56656,103340,0
84860,-257024,-354304,22040,54818,-95366,3552
84870,-247808,-99328,-33640,53236,93632,4074
84880,-244736,-394240,33872,51134,-136239,1712
84890,-232448,-155648,-17400,49598,44441,6216
84900,-222208,-307200,19256,47518,-92394,4824
84910,-222208,-150528,-12296,45809,12828,1199
84920,-222208,-317440,21576,44540,-94115,274
84930,-200704,-136192,-14616,42073,14607,6903
84940,-191488,-315392,28072,40559,-110822,3982
84950,-157696,-26624,-29696,37481,78406,15921
84960,-148480,-157696,2088,36662,6678,7003
84970,-148480,35840,-41760,34044,126243,1885
84980,-148480,-71680,-17400,33759,79897,439
84990,-10240,-62464,11832,33369,65795,44329
85000,-10240,-41984,7192,34783,94917,11370
85010,-10240,-179200,38280,35201,-55343,2874
85020,0,26624,-6032,35133,56099,4010
85030,0,-131072,29696,33902,-90294,970
85040,0,57344,-12992,31953,18852,201
85050,0,-151552,34336,30868,-109503,0
85060,0,74752,-16936,28920,48858,0
85070,0,-133120,30160,29036,-65566,0
85080,0,74752,-16936,27723,69754,0
85090,0,-105472,1856,27207,15789,0
85100,0,19456,-4408,25699,2730,0
85110,0,0,0,23134,-27299,0
85120,0,43008,-9744,19970,-26105,0
85130,0,57344,-12992,17750,7860,0
85140,0,171008,-38744,14345,42846,0
85150,0,0,0,12910,-34401,0
85160,0,-29696,6728,11047,-57557,0
85170,0,-146432,33176,8975,-134529,0
85180,0,90112,-20416,6267,25117,0
85190,0,-9216,2088,5116,-33219,0
85200,0,165888,-37584,3369,100609,0
85210,3072,-96256,22504,1610,-94505,1647
85220,6144,50176,-9976,400,-13736,1565
85230,30720,-33792,14616,151,-32118,7296
85240,122880,225280,-23200,101,143765,28976
85250,122880,223232,-22736,-107,56535,7424
85260,122880,101376,4872,-141,-22169,1986
85270,122880,161792,-8816,-535,-735,466
85280,122880,22528,22736,-787,-121184,91
85290,122880,302080,-40600,-861,78830,0
85300,394240,309248,19256,1080,64992,55252
85310,394240,296960,22040,2176,30671,14199
85320,394240,526336,-29928,1582,127528,3607
85330,1149952,442368,160312,3689,-18452,257766
85340,1149952,712704,99064,7405,80379,66421
85350,1149952,983040,37816,9450,124097,18218
85360,2582528,1283072,294408,15388,164913,278292
85370,2582528,1680384,204392,22991,179348,71704
85380,3988480,2361344,368648,29147,292992,390499
85390,4738048,3216384,344752,38760,438984,234869
85400,5499904,4018176,335704,47051,448094,342031
85410,5499904,4943872,125976,53628,475037,88146
85420,5499904,5641216,-47096,54604,454107,22677
85430,5499904,5931008,-97672,44903,221586,6188
85440,5499904,6046720,-123888,28639,106140,1556
85450,5384192,5868544,-109736,14736,-32187,-57816
85460,5384192,5711872,-74240,1793,-69146,-14951
85470,5160960,5430272,-59160,-2561,-166486,-59098
85480,5160960,5376000,-48720,-4992,-101459,-16315
85490,5160960,5413888,-57304,-6894,1262,-4258
85500,5160960,5362688,-45704,-8123,15100,-1218
85510,6047744,5323776,164024,-4839,-5279,417736
85520,6305792,5453824,197664,5081,48790,195776
85530,6305792,5851136,103008,9877,199738,53805
85540,5271552,6157312,-200680,4895,145911,-434327
85550,4490240,6400000,-432680,-6795,68687,-386289
85560,4490240,6253568,-399504,-19507,-48033,-99674
85570,2668544,5412864,-621760,-28523,-376643,-886368
85580,2668544,4745216,-470496,-40287,-367406,-228626
85590,1406976,3761152,-533368,-51900,-468486,-351481
85600,1406976,2651136,-281880,-63616,-612423,-96717
85610,496640,2018304,-344752,-72458,-438962,-316379
85620,394240,1709056,-297888,-81188,-137443,-105369
85630,246784,995328,-169592,-87652,-308530,-98557
85640,156672,902144,-168896,-92423,-34160,-54319
85650,156672,621568,-105328,-96064,-138820,-14054
85660,6144,86016,-18096,-98902,-282345,-29206
85670,6144,352256,-78416,-101089,31532,-7581
85680,0,193536,-43848,-102436,-11831,-3351
85690,0,90112,-20416,-103232,-26404,-971
85700,0,-122880,27840,-103042,-129606,-303
85710,0,-58368,13224,-101460,-28767,-138
85720,0,16384,-3712,-98491,60459,-138
85730,0,-220160,49880,-94022,-148092,-138
85740,0,-429056,97208,-86807,-177031,-138
85750,0,-179200,40600,-78199,58107,-138
85760,0,-259072,58696,-68174,34033,-138
85770,0,-418816,94888,-56202,-53805,-138
85780,0,-304128,69600,-44946,25955,-138
85790,0,-355328,80504,-35035,-28297,-138
85801,0,-346112,78416,-25300,-35296,-138
85811,0,-227328,51504,-17794,23660,-138
85821,0,-60416,13688,-11523,113575,-138
85831,0,13312,-3016,-6469,96214,-138
85841,0,-220160,49880,-1046,-44201,-138
85851,0,-241664,54752,1361,-43225,-138
85861,0,-124928,28304,2529,26666,-138
85871,0,-134144,30392,3654,5702,-138
85881,0,-94208,21344,4575,18783,-138
85891,0,-50176,11368,5534,52622,-138
85901,0,-210944,47792,6485,-74712,-138
85911,-4096,-251904,56144,7254,-90340,-1255
85921,-4096,28672,-7424,7659,110282,-376
85931,0,-75776,17168,8610,33069,1345
85941,0,-252928,57304,9915,-77156,302
85951,0,-223232,50576,11625,-22514,36
85961,0,-308224,69832,13284,-81241,0
85971,0,-135168,30624,14599,34251,0
85981,0,-25600,5800,15573,82353,0
85991,0,-45056,10208,16502,55904,0
86001,0,-296960,67280,18005,-99543,0
86011,0,-169984,38512,19509,5048,0
86021,0,-253952,57536,21048,-46691,0
86031,0,-54272,12296,22350,88916,0
86041,-4096,26624,-6960,23333,129146,-779
86051,-4096,-189440,41992,24527,-26989,-266
86061,-4096,-103424,22504,25989,51119,-138
86071,-13312,-284672,61480,27318,-80678,-2802
86081,-13312,-303104,65656,28810,-82928,-779
86091,-16384,-222208,46632,29970,-23982,-1081
86101,-37888,-122880,19256,30930,29455,-11152
86111,-44032,-179200,21112,31974,21526,-5027
86121,-56320,-123904,15312,32778,25553,-4477
86131,-59392,-217088,35728,33656,-43684,-1767
86141,-68608,-390144,72848,33987,-173175,-3891
86151,-68608,-129024,13688,34741,36225,-1044
86161,-71680,-253952,41296,35796,-44878,-1777
86171,-71680,-118784,10672,36857,67665,-541
86181,-71680,-94208,5104,37880,78509,-202
86191,-71680,-159744,19952,38943,30063,-138
86201,-77824,-253952,39904,40538,-2869,-2198
86211,-80896,-290816,47560,42084,-23959,-1337
86221,-87040,-329728,54984,43587,-28515,-3113
86231,-87040,-275456,42688,44985,-7379,-916
86241,-130048,-191488,13920,46188,60253,-10273
86251,-163840,-377856,48488,47590,-53346,-18815
86261,-173056,-162816,-2320,49059,132692,-7856
86271,-173056,-306176,30160,50431,25588,-2198
86281,-173056,-331776,35960,51904,8984,-614
86291,-276480,-360448,19024,53060,-2410,-33326
86301,-335872,-313344,-5104,52810,25519,-22989
86311,-501760,-525312,5336,51697,-114299,-79313
86321,-601088,-357376,-55216,46438,27034,-50309
86331,-825344,-613376,-48024,38316,-95515,-65873
86341,-1013760,-697344,-71688,27687,-30844,-46692
86351,-1366016,-940032,-96512,19651,-56788,-125657
86361,-1366016,-1412096,10440,13433,-228873,-32456
86371,-2220032,-1525760,-157296,6893,-112876,-362302
86381,-2220032,-1735680,-109736,-2361,-96571,-99701
86391,-3247104,-2118656,-255664,-7788,-136514,-248978
86401,-4999168,-2926592,-469568,-13124,-401336,-790293
86411,-5860352,-3565568,-519912,-21487,-406592,-475864
86421,-6048768,-4952064,-248472,-32660,-750681,-161142
86431,-6644736,-5942272,-159152,-37707,-616290,-273139
86441,-6644736,-6714368,15776,-38302,-414326,-75174
86451,-6507520,-7410688,204624,-20776,-414406,8523
86461,-6241280,-7365632,254736,2028,-164546,112619
86471,-6241280,-6926336,155208,8854,137844,28985
86481,-4396032,-6749184,533136,13492,122950,997302
86491,-4165632,-6454272,518520,22686,128676,363784
86501,-3904512,-5605376,385352,35341,364399,167230
86511,-3946496,-4807680,195112,44293,424078,37390
86521,-3946496,-4282368,76096,48456,283158,9585
86531,-3989504,-4046848,12992,48956,131338,-8927
86541,-3946496,-4048896,23200,48442,11245,20571
86551,-3946496,-4352000,91872,50228,-147220,5255
86561,-3658752,-4370432,161240,54202,-58911,82351
86571,-3211264,-4267008,239192,61640,49983,106668
86581,-3211264,-3968000,167272,69291,191362,27456
86591,-3211264,-3732480,118088,74520,163604,7498
86601,-1013760,-3421184,545432,81750,165452,498294
86611,-1013760,-2675712,376536,93921,352213,128448
86621,-402432,-1793024,315056,104398,457320,196517
86631,-335872,-963584,142216,111754,454876,63336
86641,-154624,-525312,83984,114828,276113,83386
86651,-154624,-118784,-8120,115642,219956,21441
86661,-136192,-78848,-12992,115304,96581,9365
86671,-136192,-267264,29696,114545,-82836,2362
86681,-139264,-141312,464,114222,32163,-211
86691,-139264,-203776,14616,114603,-5244,-138
86701,-117760,-164864,10672,115197,26196,7717
86711,-117760,-232448,25984,115834,48939,1922
86721,-40960,46080,-19720,115526,129823,21194
86731,-7168,-20480,3016,115150,27871,16955
86741,0,49152,-11136,113967,26391,6509
86751,0,168960,-38280,111472,78084,1629
86761,0,179200,-40600,107310,41710,402
86771,0,87040,-19720,102577,-42617,64
86781,0,124928,-28304,97468,-19783,0
86791,0,134144,-30392,93195,-5003,0
86801,0,-10240,2320,89767,-91178,0
86811,0,225280,-51040,86227,94481,0
86821,0,129024,-29232,82651,20447,0
86831,0,148480,-23664,80093,12495,0
86841,0,19456,-4408,78228,-37350,0
86851,0,132096,-29928,75565,37866,0
86861,0,-47104,10672,73091,-94012,0
86871,0,129024,-29232,69707,32140,0
86881,0,209920,-47560,66217,89226,0
86891,0,171008,-38744,62107,51383,0
86901,0,8192,-1856,60041,-82732,0
86911,0,8192,-1856,58398,-32175,0
86922,0,49152,-11136,56805,10453,0
86932,0,5120,-1160,55870,-14286,0
86942,0,122880,-27840,54796,78176,0
86952,0,61440,-13920,52833,-68837,0
86962,0,-86016,19488,51131,-93794,0
86972,0,-128000,29000,49398,-106496,0
86982,0,145408,-32944,47443,99060,0
86992,0,-5120,1160,46288,-9800,0
87002,0,-38912,8816,45863,-31980,0
87012,0,-39936,9048,45668,-21125,0
87022,0,-58368,13224,45784,-29926,0
87032,0,83968,-19024,45257,78520,0
87042,0,202752,-45936,42864,133885,0
87052,0,35840,-8120,41159,-620,0
87062,0,-110592,25056,40183,-94253,0
87072,0,-11264,2552,39510,-4361,0
87082,0,-96256,21808,39431,-57362,0
87092,0,210944,-47792,37732,148389,0
87102,3072,152576,-33872,34682,60172,1757
87112,12288,77824,-14848,31423,-18830,4229
87122,125952,65536,13688,29781,-35801,35220
87132,208896,79872,29232,30464,-23833,25946
87142,659456,115712,123192,31870,-21665,181686
87152,659456,527360,29928,34467,190352,46810
87162,4119552,610304,795064,38865,116777,1140939
87172,4119552,1499136,593688,50873,388736,294158
87182,7677952,2879488,1087152,56769,642360,1081979
87192,8851456,4928512,888792,65976,982203,518051
87202,10281984,7310336,673264,80224,1202619,654537
87212,10802176,9220096,358440,90734,1130478,326339
87222,10591232,10540032,11600,96318,827548,7727
87232,9401344,11121664,-389760,71484,500510,-431434
87242,8941568,11010048,-468640,9844,72622,-239988
87252,6175744,9873408,-837752,-8769,-455588,-1452906
87262,4687872,8648704,-897376,-13050,-689854,-977701
87272,4687872,6801408,-478848,-27088,-1020311,-252173
87282,2102272,5104640,-643568,-35478,-1106727,-759568
87292,2102272,3461120,-307864,-46077,-963374,-208970
87302,766976,2106368,-303456,-53332,-831669,-406128
87312,419840,1537024,-253112,-60036,-458595,-286332
87322,321536,695296,-84680,-65017,-472295,-109699
87332,321536,776192,-103008,-68047,-69445,-30222
87342,175104,283648,-24592,-70386,-229481,-35825
87352,95232,403456,-69832,-72646,-41309,-36567
87362,95232,295936,-45472,-74525,-66163,-9476
87372,12288,167936,-35264,-75458,-55010,-44358
87382,9216,-141312,34104,-75124,-177237,-12543
87392,9216,108544,-22504,-72543,95629,-3287
87402,3072,-130048,30160,-68607,-43088,-2060
87412,3072,-273408,62640,-62608,-90420,-577
87422,0,-128000,29000,-57705,25645,-971
87432,0,-156672,35496,-52375,5175,-303
87442,0,-161792,36656,-47177,-2995,-138
87452,0,-345088,78184,-40890,-119956,-138
87462,0,-169984,38512,-34172,25393,-138
87472,0,-21504,4872,-28890,110775,-138
87482,0,-76800,17400,-24630,41813,-138
87492,0,-145408,32944,-20494,-17132,-138
87502,0,-81920,18560,-17941,9569,-138
87512,0,-141312,32016,-14904,-35250,-138
87522,6144,114688,-24592,-12903,121481,2426
87532,6144,-119808,28536,-10139,-59072,622
87542,12288,-100352,25520,-7002,-23753,1455
87552,33792,-69632,23432,-4732,-6897,9237
87562,33792,38912,-1160,-2530,58761,2490
87572,39936,82944,-9744,-1106,68377,1922
87582,39936,100352,-13688,-866,-70661,439
87592,55296,2048,12064,1,-55997,4678
87602,58368,293888,-53360,-308,141172,2911
87612,61440,208896,-33408,-375,70844,2032
87622,61440,-104448,37584,149,-145992,476
87632,61440,-31744,21112,354,-57913,91
87642,61440,197632,-30856,-182,89088,0
87652,61440,126976,-3480,-245,-18888,0
87662,61440,124928,-14384,-828,-3902,0
87672,58368,72704,-3248,-1308,-37924,-1218
87682,58368,117760,-13456,-1719,32851,-376
87692,58368,205824,-33408,-1657,76914,-147
87702,61440,-49152,25056,-1198,-112475,1080
87712,61440,-79872,32016,208,-116192,256
87722,55296,218112,-36888,-204,92382,-3287
87732,55296,98304,-464,-163,-27367,-907
87742,39936,121856,-18560,-538,13310,-4624
87752,18432,32768,-3248,-1126,-50558,-5356
87762,0,100352,-22736,-1714,11451,-8671
87772,-4096,89088,-21112,-1884,32702,-3434
87782,-4096,-62464,13224,-784,-104293,-925
87792,-4096,-116736,25520,285,-52359,-303
87802,-4096,0,-928,476,29960,-138
87812,-4096,119808,-28072,-150,94562,-138
87822,-4096,-140288,30856,69,-116651,-138
87832,-4096,-75776,16240,220,-29192,-138
87842,-126976,8192,-30624,-373,43764,-23566
87852,-444416,-141312,-68672,-961,-37821,-121756
87862,-528384,-411648,-26448,-2941,-162906,-55683
87872,-528384,-485376,-9744,-4208,-107621,-14411
87882,-2172928,-540672,-369808,-5957,-32106,-602729
87892,-2172928,-965632,-273528,-13994,-200978,-165830
87902,-5442560,-1614848,-867216,-21518,-337882,-1153592
87912,-5442560,-2822144,-593688,-33171,-627753,-297529
87922,-7145472,-4328448,-638232,-44086,-756521,-531052
87932,-7757824,-6108160,-373752,-55928,-931360,-246644
87942,-8852480,-7399424,-329208,-64101,-760893,-437412
87952,-8852480,-8164352,-155904,-69697,-447200,-120365
87962,-7445504,-9094144,373520,-61408,-485847,632272
87972,-7145472,-9026560,426184,-7421,-6071,259030
87982,-7145472,-8450048,295568,10289,209446,71191
87992,-4210688,-7370752,715952,16998,524401,511001
88002,-2149376,-5974016,866520,27047,762384,844326
88012,-1529856,-4284416,624080,40300,882328,361294
88022,-975872,-2499584,345216,52688,945370,337976
88032,-930816,-1437696,114840,58839,679606,108288
88042,-887808,-799744,-19952,59280,396883,37847
88052,-879616,-783360,-21808,54079,63351,9255
88062,-879616,-825344,-12296,49362,-29571,2334
88072,-879616,-1038336,35960,49096,-107770,549
88082,-879616,-1251328,84216,50870,-149870,109
88092,-1043456,-1096704,12064,52487,27665,-52469
88102,-1063936,-1058816,-1160,53164,64143,-19227
88112,-1043456,-1223680,40832,53993,-63019,-1575
88122,-1043456,-1007616,-8120,54589,89880,-467
88132,-1043456,-1046528,696,54325,29409,-184
88142,-1043456,-1099776,12760,54136,-23615,-138
88152,-975872,-984064,1856,53808,42651,21514
88162,-948224,-1036288,19952,54448,-2112,11517
88172,-948224,-1119232,38744,55025,-37786,2929
88183,-948224,-958464,2320,55326,38256,769
88193,-774144,-942080,38048,56376,22191,37985
88203,-774144,-998400,50808,57681,-39599,10400
88213,-768000,-799744,7192,58670,78956,4476
88223,-768000,-791552,5336,58982,35949,1107
88233,-734208,-744448,2320,58987,34561,14263
88243,-734208,-791552,12992,59142,-19209,3616
88253,-734208,-766976,6728,59325,59197,43075
88263,-660480,-631808,-6496,59651,80540,11810
88273,-580608,-779264,45008,60454,-42296,25460
88283,-532480,-699392,37816,61710,9397,17413
88293,-370688,-674816,68904,63248,10028,71484
88303,-370688,-444416,16704,65086,130902,18392
88313,-203776,-453632,56608,67088,52611,39010
88323,9216,-353280,82128,69082,46724,92770
88333,168960,-260096,102776,71844,6873,68801
88343,168960,48128,27376,73743,136020,18878
88353,2291712,196608,474672,75077,101481,829476
88363,3175424,656384,570720,83457,258063,446932
88373,9122816,1709056,1679680,86359,550150,1943444
88383,9122816,3796992,1206632,97301,1020964,501113
88393,12025856,6451200,1263008,108429,1382231,954528
88403,12142592,9340928,634752,125693,1534407,227700
88413,11909120,11494400,93960,136591,1212189,-26377
88423,11909120,12721152,-183976,124408,777140,-7306
88433,10591232,12855296,-512952,53508,173828,-253675
88443,6506496,12298240,-1312192,-8786,-140381,-1553174
88453,4892672,10510336,-1272752,-11733,-848846,-852933
88463,2393088,8202240,-1316136,-30955,-1216986,-1477076
88473,1888256,5863424,-900624,-40202,-1288209,-590186
88483,1888256,3488768,-362616,-55613,-1236504,-152234
88493,589824,1775616,-268656,-63863,-969364,-271821
88503,384000,651264,-60552,-68158,-728753,-149781
88513,311296,363520,-11832,-69101,-293682,-56653
88523,305152,100352,46400,-65500,-179670,-17551
88533,305152,208896,21808,-61651,-16788,-4880
88543,305152,241664,14384,-59916,-10913,-1310
88553,291840,324608,-7424,-60031,17372,-2628
88563,291840,219136,16472,-59750,-53116,-779
88573,172032,63488,24592,-59333,-126175,-28016
88583,73728,74752,-232,-58679,-51705,-45118
88593,12288,-167936,40832,-56805,-141987,-32667
88603,12288,-156672,38280,-51896,-35962,-8478
88613,0,-106496,24128,-45831,54699,-4441
88623,0,-266240,60320,-37817,-26174,-1182
88633,0,-337920,76560,-29068,-51590,-376
88643,0,-203776,46168,-20237,50063,-138
88653,0,-156672,35496,-12503,61836,-138
88663,0,-105472,23896,-6397,72393,-138
88673,0,-158720,35960,-879,10143,-138
88683,0,-154624,35032,1147,27114,-138
88693,0,-2048,464,2188,97648,-138
88703,0,-95232,21576,2891,2008,-138
88713,0,-149504,33872,3661,-40885,-138
88723,0,-8192,1856,4378,62651,-138
88733,0,-65536,14848,4993,11635,-138
88743,-4096,-169984,37584,5807,-54390,-1420
88753,-4096,-54272,11368,6802,49983,-412
88763,-4096,-155648,34336,8109,-2490,-165
88773,-4096,-180224,39904,9627,-2559,-138
88783,0,-191488,43384,11091,-4315,842
88793,0,-109568,24824,12448,43936,164
88803,147456,-86016,52896,14003,28984,44238
88813,147456,-129024,62640,15892,-21963,12103
88823,689152,114688,130152,20972,124901,88330
88833,689152,318464,83984,25028,132256,22732
88843,2974720,411648,580696,30651,74298,502926
88853,2974720,1212416,399272,43988,329367,129638
88863,2911232,2069504,190704,53181,428966,16571
88873,2911232,2806784,23664,56326,374164,4220
88883,2472960,3202048,-165184,45997,275528,-169217
88893,2219008,3201024,-222488,17927,49512,-122800
88903,920576,2669568,-396256,-1968,-251053,-728257
88913,676864,2344960,-377928,-10414,-216974,-301365
88923,376832,1270784,-202536,-19329,-542807,-162168
88933,132096,817152,-155208,-25583,-335644,-113196
88943,132096,306176,-39440,-27101,-204134,-31174
88953,-13312,-101376,19952,-24298,-174759,-49009
88963,-13312,-260096,55912,-18632,-117099,-13532
88973,-25600,-244736,49648,-11680,-33357,-8323
88983,-25600,-151552,28536,-6019,35089,-2198
88993,-65536,-232448,37816,-1993,-37178,-8790
89003,-142336,-250880,24592,225,-45704,-32154
89013,-185344,-187392,464,368,7687,-21012
89023,-282624,-245760,-8352,371,-16960,-57651
89033,-295936,-361472,14848,60,-67552,-19767
89043,-295936,-387072,20648,274,-47609,-5494
89053,-338944,-453632,25984,856,-53725,-12882
89063,-338944,-522240,41528,1745,-69353,-3608
89073,-338944,-513024,39440,2705,-49995,-980
89083,-524288,-434176,-20416,2436,9443,-64133
89093,-921600,-462848,-103936,-1005,-2307,-162397
89103,-1379328,-679936,-158456,-5476,-115768,-162662
89113,-3354624,-979968,-538008,-9769,-198775,-1104419
89123,-4638720,-1470464,-717808,-16497,-297881,-752527
89133,-4638720,-2524160,-479080,-29876,-501120,-194092
89143,-17213440,-4137984,-2962408,-39267,-876695,-6377436
89153,-17213440,-5104640,-2743400,-39267,-623255,-1644581
89163,-17213440,-7576576,-2183352,-62402,-1112590,-424137
89173,-17213440,-10779648,-1457656,-114148,-1597496,-116721
89183,-17213440,-13896704,-751448,-151130,-1663360,-30140
89193,-13115392,-15856640,621064,-110449,-1162298,1005523
89203,-11125760,-16425984,1200832,10918,-479203,632812
89213,-11125760,-15555584,1003632,40085,290502,163146
89223,-4076544,-13773824,2197040,48768,832104,1787905
89233,-1393664,-11010048,2178712,59112,1378295,1725924
89243,-1393664,-7992320,1495008,74339,1642165,474682
89253,-359424,-4649984,972080,99726,1762568,378094
89263,-253952,-2035712,403680,119208,1509599,115155
89273,-59392,-508928,101848,126804,1044155,98052
89283,-59392,222208,-63800,125899,564562,25231
89293,-10240,252928,-59624,118930,182744,15692
89304,-10240,-8192,-464,114812,-59680,3982
89314,-10240,-154624,32712,115587,-51900,970
89324,-10240,-238592,51736,117538,-17878,219
89334,-10240,-222208,48024,119701,22811,0
89344,-7168,-172032,37352,121015,9604,677
89354,0,55296,-12528,120216,73804,3295
89364,0,268288,-60784,114664,118016,787
89374,0,310272,-70296,105612,51119,164
89384,0,322560,-73080,95151,13482,0
89394,0,223232,-50576,86017,-54998,0
89404,0,267264,-60552,78290,17900,0
89414,0,230400,-52200,72379,22570,0
89424,0,6144,-1392,68799,-93002,0
89434,0,95232,-21576,66113,54492,0
89444,0,159744,-36192,63057,46357,0
89454,0,98304,-22272,59085,-16983,0
89464,0,150528,-34104,54706,14836,0
89474,0,180224,-40832,50215,37349,0
89484,0,138240,-33640,45914,16374,0
89494,0,67584,-15312,42612,-32657,0
89504,0,25600,-5800,40252,-40494,0
89514,0,174080,-39440,37075,64820,0
89524,0,63488,-14384,33950,-21148,0
89534,9216,-58368,15312,31949,-67965,3808
89544,221184,116736,23664,31581,44452,64608
89554,221184,55296,37584,32740,-14757,16607
89564,9031680,-7168,2047864,33594,-69973,3655490
89574,16135168,643072,3509928,33594,264455,3074322
89584,16135168,2391040,3113904,39087,870647,845581
89594,15985664,5392384,2400040,104459,1476575,194458
89604,15985664,9028608,1576208,169186,1837716,50097
89614,15985664,11995136,904104,209118,1696314,-39332
89624,15985664,14187520,407392,231088,1268139,-10181
89634,15985664,15310848,152888,240113,749578,-2665
89644,15985664,15710208,62408,244050,374393,-779
89654,15985664,15560704,96280,246613,895,-257
89664,9687040,15747072,-1372976,143305,48399,-1890326
89674,6782976,14979072,-1856928,-5566,-390229,-1079178
89684,2668544,13147136,-2374056,-23488,-943822,-1876740
89694,2668544,10142720,-1693368,-39953,-1498298,-484012
89704,451584,6766592,-1430744,-71496,-1900540,-1239808
89714,337920,3917824,-811072,-86274,-1637726,-382471
89724,337920,1786880,-328280,-102471,-1261450,-98676
89734,113664,619520,-114608,-108884,-773848,-78516
89744,113664,109568,928,-110251,-388554,-20289
89754,101376,36864,14616,-108551,-153485,-8872
89764,104448,143360,-8816,-108409,-28435,-1758
89774,101376,362496,-75632,-109853,135182,-1621
89784,104448,394240,-65656,-111578,67528,320
89794,82944,122880,-9048,-112667,-90524,-10776
89804,64512,-48128,25520,-111561,-103513,-9723
89814,64512,-346112,93032,-104072,-178465,-2564
89824,3072,-479232,109272,-90955,-136571,-29682
89834,3072,-381952,87232,-77403,19919,-8222
89844,0,-419840,95120,-61498,35204,-2930
89854,0,-514048,116464,-45585,-14814,-861
89864,0,-358400,81200,-30028,89054,-275
89874,0,-308224,69832,-17153,26311,-138
89884,6144,-394240,90712,-6119,-27241,2957
89894,6144,-333824,77024,1208,-9433,714
89904,6144,-291840,67512,3347,-8790,146
89914,6144,-333824,77024,5553,-55377,0
89924,6144,-289792,67048,7223,-54367,0
89934,3072,-219136,50344,8816,-17522,-806
89944,-4096,-193536,42920,10326,-34769,-3635
89954,-4096,-299008,66816,11774,-91224,-1044
89964,-4096,-135168,29696,13165,31853,-321
89974,-4096,-165888,36656,14537,-25612,-138
89984,-4096,-306176,68440,16168,-82824,-138
89994,-4096,-104448,22736,17542,59576,-138
90004,-13312,-46080,7424,18520,74814,-4477
90014,-80896,-198656,26680,18946,-54218,-22834
90024,-185344,-12288,-39208,16532,71406,-30140
90034,-264192,-63488,-45472,11273,32519,-21579
90044,-264192,-323584,13456,8957,-106060,-5622
90054,-264192,-343040,17864,9178,-41114,-1603
90064,-616448,-295936,-72616,2917,48526,-70844
90074,-616448,-558080,-13224,-465,-70168,-18320
90084,-654336,-749568,21576,97,-110249,-13871
90094,-684032,-792576,24592,1028,-38762,-14997
90104,-684032,-792576,27376,2391,12151,-3910
90114,-684032,-864256,40832,3886,-5853,-1108
90124,-817152,-904192,19720,5218,-23145,-55491
90134,-817152,-936960,27144,5852,-34677,-15317
90144,-921600,-1046528,28304,5698,-90409,-26688
90154,-1033216,-1117184,19024,5282,-110535,-53174
90164,-1043456,-1111040,15312,3448,-93209,-17743
90174,-1043456,-1161216,26680,1901,-111970,-4633
90184,-1053696,-1126400,16472,1105,-65658,-5851
90194,-1053696,-1107968,12296,841,-35664,-1557
90204,-1053696,-1145856,20880,783,-48722,3314
90214,-1053696,-1160192,24128,1190,-43570,851
90224,-1024000,-1169408,32944,1959,-34252,9072
90234,-1013760,-1112064,22272,2854,13161,4376
90244,-1013760,-967680,-10440,3101,76788,1153
90254,-802816,-1026048,50576,3540,-8492,59600
90264,-626688,-997376,83984,4750,-24235,109799
90274,-626688,-879616,57304,6610,21124,30157
90284,-480256,-721920,54752,8624,82490,48916
90294,-480256,-628736,33640,10444,93965,12561
90304,-353280,-553984,45472,11898,82674,52734
90314,-353280,-573440,49880,13910,36776,13558
90324,-353280,-645120,66120,15721,-36868,3680
90334,-163840,-648192,109736,17883,-54941,74496
90344,-114688,-601088,110200,21083,-24958,34268
90354,-77824,-566272,110664,24913,-896,15829
90364,-13312,-437248,96048,28583,65095,27520
90374,-13312,-382976,83752,31714,51509,7525
90384,-10240,-299008,65424,34260,47906,2471
90394,-13312,-223232,47560,35841,27711,-559
90404,-13312,-124928,25288,36636,24980,-202
90414,-10240,-82944,16472,36773,-1584,485
90424,-10240,-92160,18560,36636,-34264,91
90434,-10240,-180224,38512,36705,-89938,0
90444,-10240,-210944,45472,37600,-78464,0
90454,-10240,-218112,47096,38916,-49009,0
90464,-10240,-313344,68672,40648,-87081,0
90474,0,-384000,87000,42568,-116146,1922
90484,0,-277504,62872,44579,-26713,439
90494,0,-331776,75168,46686,-59198,73
90504,0,-306176,69368,48845,-27803,0
90514,0,-323584,73312,51191,-31980,0
90524,0,-374784,84912,53578,-57913,0
90534,0,-321536,72848,56083,-15342,0
90544,0,-471040,106720,58817,-113542,0
90554,0,-363520,82360,61435,-25153,0
90564,0,-508928,115304,64626,-106990,0
90574,0,-443392,100456,67720,-43260,0
90584,0,-429056,97208,71041,-23971,0
90594,0,-473088,107184,74046,-70099,0
90604,0,-338944,76792,76800,16351,0
90614,0,-286720,64960,79300,27125,0
90624,0,-86016,19488,81351,140827,0
90634,0,-169984,38512,83034,44475,0
90644,-4096,-195584,43384,84403,-7413,-980
90654,-4096,-202752,45008,86091,2134,-303
90664,-4096,-171008,37816,87864,41916,-138
90674,-7168,-235520,51736,89844,2053,-815
90684,-90112,-217088,28768,91177,-5348,-29902
90694,-117760,-277504,36192,91475,-68125,-17130
90704,-117760,-144384,6032,90977,6574,-4477
90714,-289792,-43008,-55912,85375,62743,-30167
90724,-366592,-281600,-19256,79942,-100748,-30890
90734,-429056,-309248,-27144,74170,-72015,-21598
90744,-472064,-322560,-33872,70714,-19783,-24994
90755,-484352,-492544,1856,69096,-74631,-10181
90765,-580608,-592896,2784,67115,-91476,-23777
90775,-690176,-568320,-27608,63327,-17924,-23429
90785,-690176,-537600,-34568,60820,41170,-6080
90795,-690176,-691200,232,59549,-40919,-1703
90805,-690176,-819200,29232,59490,-86680,-495
90815,-690176,-730112,9048,59795,5507,-193
90825,-17213440,-723968,-3735896,34441,18715,-9454825
90835,-17213440,-1047552,-3651448,-16992,-190571,-2438141
90845,-17213440,-2404352,-3355184,-31053,-618769,-670679
90855,-17213440,-5236736,-2713472,-107274,-1291387,-173008
90865,-17213440,-8897536,-1884072,-179213,-1855101,-47654
90875,-17213440,-12449792,-1079264,-230424,-1875330,-12333
90885,-17213440,-14904320,-512720,-257229,-1396587,-3223
90895,-17213440,-16539648,-152656,-266726,-936983,-925
90905,-17213440,-17501184,65192,-266428,-619802,-284
90915,-3618816,-17484800,3141512,-236533,-96972,7292587
90925,-1150976,-17358848,3672096,3356,62089,2964578
90935,-774144,-15886336,3423856,8502,703852,870428
90945,-16384,-13362176,3023656,70524,1317962,645858
90955,0,-9910272,2245296,137568,1765391,172860
90965,9216,-6383616,1448376,198333,1878714,46957
90975,9216,-3735552,848424,236322,1596508,12872
90985,-4096,-1830912,413888,258133,1145693,-1575
90995,-4096,-676864,152424,267586,730232,-467
91005,-4096,-265216,59160,270757,337720,-184
91015,-4096,-100352,21808,271270,106794,-138
91025,-4096,145408,-33872,266975,80173,-138
91035,0,512000,-116000,254499,157282,1922
91045,0,737280,-161936,235037,135813,439
91055,0,754688,-170984,211356,36145,82
91065,0,931840,-211120,183447,87321,0
91075,0,748544,-169592,156717,-73117,0
91085,0,836608,-189544,130412,21193,0
91095,0,814080,-184440,106844,36994,0
91105,0,598016,-135488,85433,-54493,0
91115,0,701440,-158920,64805,52312,0
91125,0,512000,-116000,47016,-52462,0
91135,0,377856,-85608,31853,-79944,0
91145,0,432128,-97904,19141,9810,0
91155,0,273408,-61944,7438,-71155,0
91165,0,172032,-38976,-491,-88137,0
91175,0,193536,-43848,-2270,-33782,0
91185,0,293888,-66584,-4127,50304,0
91195,0,241664,-54752,-5935,14653,0
91205,0,224256,-50808,-7478,17223,0
91215,0,326656,-74008,-8879,112772,0
91225,211968,241664,-6728,-8368,59186,72354
91235,211968,111616,22736,-6287,-35457,18594
91245,2419712,248832,491840,5008,119611,700726
91255,2419712,840704,357744,15086,289676,192691
91265,2419712,1571840,192096,24144,373188,49630
91275,16436224,2612224,3132000,24144,538537,2218807
91285,16436224,4636672,2673336,39120,1064545,610253
91295,16436224,7635968,1993808,100213,1524447,157315
91305,16589824,10808320,1309872,151013,1709211,111117
91315,16436224,13593600,644032,183692,1539158,-20572
91325,16436224,15282176,261464,199078,1046404,-5356
91335,11794432,15887360,-927304,98104,467326,-1040442
91345,11794432,15177728,-766528,-8795,-304812,-268342
91355,11794432,14061568,-2007264,-28344,-677393,-3958127
91365,4998144,12226560,-1637688,-28699,-863430,-1088764
91375,2847744,9687040,-1549528,-39229,-1291250,-926139
91385,2079744,7104512,-1138424,-57487,-1475532,-421702
91395,2079744,4825088,-621992,-82306,-1259786,-108793
91405,2079744,3158016,-244296,-95534,-959014,-28107
91415,689152,2495488,-409248,-99851,-426948,-803486
91425,689152,1979392,-292320,-107786,-320704,-207248
91435,569344,1717248,-260072,-116841,-256435,-87204
91445,479232,1437696,-217152,-124831,-146497,-43616
91455,394240,1051648,-148944,-131212,-207186,-44321
91465,394240,699392,-69136,-134958,-216779,-12232
91475,21504,365568,-77952,-136641,-227967,-216477
91485,-117760,282624,-90712,-139177,-100403,-117307
91495,-117760,32768,-34104,-140971,-109158,-30304
91505,3072,-498688,113680,-134188,-271719,16754
91515,-4096,-543744,122264,-119175,-103421,1574
91525,-4096,-387072,86768,-101851,83064,357
91535,0,-371712,84216,-87994,57200,888
91545,0,-289792,65656,-76868,51004,183
91555,0,-113664,25752,-69856,97385,0
91565,0,-181248,41064,-64634,114,0
91575,0,-137216,31088,-59140,25003,0
91585,0,-445440,100920,-50886,-157730,0
91595,0,-463872,105096,-40521,-33070,0
91605,0,-251904,57072,-29702,60769,0
91615,0,-277504,62872,-18838,39587,0
91625,0,-315392,71456,-8675,1629,0
91635,0,-222208,50344,54,36615,0
91645,0,-142336,32248,1466,35353,0
91655,0,-74752,16936,2141,23970,0
91665,0,121856,-27608,1139,93368,0
91675,0,112640,-25520,-380,38566,0
91685,0,92160,-20880,-1035,11497,0
91695,0,-72704,16472,-1224,-90248,0
91705,0,-20480,4640,-635,6552,0
91715,0,4096,-928,42,10109,0
91725,0,-149504,33872,454,-75997,0
91735,0,-53248,12064,1119,20023,0
91745,0,3072,-696,1719,60413,0
91755,0,-172032,38976,2530,-60334,0
91765,0,-89088,20184,3578,22214,0
91775,0,-176128,39904,4628,-37924,0
91785,0,-155648,35264,5771,-9192,0
91795,0,-58368,13224,6949,64384,0
91805,0,-121856,42920,8294,-26335,0
91815,0,-240640,54520,9763,-50305,0
91825,0,-299008,67744,11469,-74184,0
91835,0,-208896,47328,13174,10625,0
91845,0,-114688,25984,14996,83225,0
91855,0,-246784,55912,17070,516,0
91865,0,-344064,77952,19563,-46542,0
91876,0,-413696,93728,22103,-84706,0
91886,0,-291840,66120,24305,-310,0
91896,0,-175104,39672,26277,59346,0
91906,0,-248832,54288,28088,-7436,0
91916,0,-192512,43616,29839,29065,0
91926,0,-111616,25288,31570,75525,0
91936,0,-218112,49416,33233,-12841,0
91946,0,-287744,65192,34969,-63708,0
91956,0,-339968,77024,36713,-38750,0
91966,0,-237568,53824,38528,-12003,0
91976,0,-190464,43152,40070,4486,0
91986,0,-159744,36192,41064,-11005,0
91996,0,133120,-30160,40332,143685,0
92006,0,70656,-16008,39090,-21573,0
92016,0,65536,-14848,38685,54091,0
92026,0,101376,-22968,36430,47516,0
92036,0,-79872,18096,35388,-74149,0
92046,0,19456,-4408,35186,16867,0
92056,0,-66560,15080,34384,-128860,0
92066,0,-13312,3016,33856,1044,0
92076,0,-116736,26448,34050,-64224,0
92086,0,-82944,18792,33751,-38693,0
92096,0,27648,-6264,32598,20160,0
92106,0,-60416,1856,32495,4325,0
92116,0,154624,-35032,30639,97166,0
92126,0,0,0,29300,-22319,0
92136,0,188416,-42688,27648,90833,0
92146,0,29696,-6728,26253,2099,0
92156,0,67584,-15312,26131,57373,0
92166,0,-19456,4408,26042,6024,0
92176,0,-87040,19720,25989,-40655,0
92186,0,-151552,34336,25513,-92543,0
92196,0,-8192,1856,24989,17234,0
92206,0,-38912,8816,25090,791,0
92216,0,-66560,15080,25655,-287,0
92226,0,53248,-12064,25190,64785,0
92236,0,-208896,47328,24646,-130742,0
92246,0,-142336,32248,24008,-84304,0
92256,0,8192,-1856,23424,33838,0
92266,0,80896,-18328,22388,72358,0
92276,0,-67584,15312,22127,-35010,0
92286,0,-39936,9048,22270,-8033,0
92296,0,-80896,18328,22564,-32818,0
92306,0,-5120,1160,22890,32473,0
92316,0,-94208,21344,23313,-28480,0
92326,0,-63488,14384,24001,10005,0
92336,0,-72704,16472,24449,-10878,0
92346,0,-101376,22968,24739,-35503,0
92356,0,-24576,5568,25023,23706,0
92366,0,43008,-9744,25140,71578,0
92376,0,-222208,50344,25045,-128631,0
92386,0,-176128,39904,24703,-80495,0
92396,0,31744,-7192,24468,73483,0
92406,0,37888,-8584,24751,84980,0
92416,0,-107520,24360,25016,-25956,0
92426,0,-230400,52200,25696,-110535,0
92436,0,-73728,16704,26326,13597,0
92446,0,23552,-5336,26783,68950,0
92456,0,57344,-12992,26762,82766,0
92466,0,-118784,26912,27351,-37718,0
92476,0,-51200,11600,27987,16775,0
92486,0,-169984,38512,28814,-53897,0
92496,0,-112640,25520,29821,5932,0
92506,0,-153600,34800,31042,64395,0
92516,0,-79872,18096,32124,40849,0
92526,0,-273408,61944,33221,-103938,0
92536,0,-239616,54288,33973,-93737,0
92546,0,-65536,14848,34218,32496,0
92556,0,-74752,16936,34553,4727,0
92566,0,-70656,16008,35164,7056,0
92576,0,32768,-7424,35559,72553,0
92586,0,32768,-7424,35736,65256,0
92596,0,-149504,33872,35461,-79152,0
92606,0,-75776,17168,35961,57,0
92616,0,-92160,20880,36616,-9639,0
92626,0,-161792,36656,37095,-56352,0
92636,0,74752,-16936,36742,94218,0
92646,0,-114688,25984,36628,-62434,0
92656,0,105472,-23896,35734,87700,0
92666,0,155648,-35264,33390,88354,0
92676,0,155648,-35264,30355,59576,0
92686,0,50176,-19720,28059,11979,0
92696,0,135168,-30624,25786,45129,0
92706,0,-66560,15080,22782,-115584,0
92716,-4096,-68608,14616,19603,5634,-2198
92726,-4096,90112,-21344,16874,22019,-651
92736,0,-6144,1392,16116,-21619,942
92746,0,75776,-17168,15922,65646,219
92756,-4096,-55296,11600,15632,-22055,-1584
92766,-4096,-135168,29696,15820,-65578,-467
92776,-4096,-239616,53360,15874,-127977,-1529
92786,-4096,53248,-12992,15536,100689,-440
92796,0,-68608,15544,16110,-16249,906
92806,-4096,-75776,16240,16851,8789,-577
92816,-4096,-115712,25288,17397,-31143,-211
92826,-4096,-57344,12064,17932,9982,-138
92836,-4096,-128000,28072,18459,-43306,-138
92846,-4096,61440,-14848,18673,98142,-138
92856,-4096,103424,-24360,18153,118922,-138
92866,-4096,-167936,37120,18497,-70260,-138
92876,-4096,-178176,39440,19341,-54815,-138
92886,-7168,-115712,24592,19945,-2295,-916
92896,-7168,115712,-27840,19267,136823,-284
92906,-7168,-78848,16240,18837,-24533,-138
92916,-7168,-230400,50576,18999,-117214,-138
92926,-7168,-227328,49880,19799,-78969,-138
92936,-7168,-49152,9512,20940,83787,-138
92946,-7168,-154624,33408,22389,14756,-138
92956,-4096,-261120,58232,24136,-42066,466
92966,-4096,-367616,82360,25926,-115332,82
92976,-4096,-251904,27144,27600,68262,0
92986,-4096,-79872,17168,28851,73621,0
92996,-4096,-60416,12760,29946,63775,0
93006,-4096,-126976,27840,30849,-77902,0
93016,-4096,-151552,33408,31984,-11395,0
93027,-4096,-205824,45704,32977,-57041,0
93037,-4096,-145408,32016,34041,-4499,0
93047,-4096,-209920,46632,35284,-43547,0
93057,-4096,-43008,8816,36450,83007,0
93067,-4096,-152576,33640,37655,-4900,0
93077,-4096,-211968,47096,38807,-54975,0
93087,-4096,-194560,43152,39800,-41137,0
93097,-4096,8192,-2784,40001,76432,0
93107,-4096,128000,-29928,39468,131418,0
93117,-4096,-20480,3712,37688,-21848,0
93127,-4096,-124928,27376,36339,-93794,0
93137,-4096,-184320,40832,35225,-130605,0
93147,-4096,106496,-25056,34158,96535,0
93157,-4096,30720,-7888,33269,32014,0
93167,-4096,58368,-14152,32752,44096,0
93177,-4096,109568,-25752,31448,12071,0
93187,-4096,-28672,5568,30202,-42961,0
93197,-4096,-159744,35264,28173,-142114,0
93207,-4096,25600,-6728,26160,7079,0
93217,-4096,-29696,5800,25326,-24109,0
93227,-4096,26624,-6960,24835,22444,0
93237,-4096,109568,-25752,23631,68962,0
93247,-4096,51200,-12528,22350,15249,0
93257,-4096,-28672,5568,21035,-26736,0
93267,-4096,34816,-8816,19453,6965,0
93277,-4096,146432,-34104,17003,82100,0
93287,-10240,-72704,14152,15948,-67471,-2564
93297,-10240,-131072,27376,15141,-90512,-715
93307,-222208,-90112,-29928,11602,-46782,-69205
93317,-222208,94208,-71688,5278,97775,-17890
93327,-921600,-358400,-127600,-2748,-178293,-201435
93337,-2818048,-593920,-503904,-6787,-221805,-1140619
93347,-8675328,-819200,-1779904,-11629,-164282,-2569675
93357,-8675328,-2351104,-1432832,-16982,-764829,-662668
93367,-8675328,-4745216,-890416,-45975,-1261152,-182319
93377,-17213440,-7041024,-2304688,-61419,-1248920,-3364014
93387,-17213440,-9303040,-1792200,-64165,-1206705,-867508
93397,-17213440,-12621824,-1040288,-94346,-1665150,-223746
93407,-17213440,-15135744,-470728,-117310,-1509577,-61570
93417,-17213440,-16789504,-96048,-125945,-982135,-15931
93427,-17213440,-17586176,84448,-121535,-547925,-4422
93437,-17213440,-17449984,53592,-109990,-57833,-1182
93447,-17213440,-17240064,6032,-105819,47252,-358
93457,-5798912,-16697344,2469176,10461,258706,3104800
93467,-5798912,-15314944,2155976,15358,716612,800582
93477,-1611776,-12597248,2488896,27312,1347624,1241748
93487,-948224,-9220096,1874096,47345,1811381,468246
93497,-260096,-5554176,1199440,84376,1926449,355645
93507,-260096,-2746368,563296,108601,1662120,91653
93517,-4096,-999424,225504,120134,1070971,153900
93527,-4096,-262144,58464,124036,526053,39642
93537,-4096,-154624,34104,125711,205257,10848
93547,0,-485376,109968,128315,-90937,4678
93557,0,-661504,149872,132350,-133083,1235
93567,3072,-526336,119944,136720,-6312,1034
93577,6144,-310272,71688,139796,153495,723
93587,237568,48128,42920,141537,175836,79174
93597,237568,297984,-13688,142580,193748,20361
93607,3316736,404480,659808,141043,107494,1457318
93617,6643712,900096,1301288,143687,283526,1511727
93627,10908672,2483200,1908896,144257,804117,1378482
93637,12619776,5112832,1700792,151295,1391720,685528
93647,15115264,8595456,1477144,169198,1777646,975540
93657,15115264,11784192,754696,189009,1788375,268286
93667,12619776,14379008,-398576,190803,1455405,-1107450
93677,11909120,15561728,-827544,95506,749888,-513099
93687,11909120,15203328,-746344,-6165,-37637,-141193
93697,6998016,13589504,-1493384,-8483,-726768,-1025721
93707,6998016,11130880,-936352,-31037,-1355129,-264551
93717,4789248,8249344,-783928,-42057,-1469829,-584849
93727,4789248,5997568,-273760,-55085,-1256700,-150870
93737,4164608,4480000,-71456,-59438,-957316,-241507
93747,4164608,3898368,60320,-57312,-471263,-62330
93757,4255744,4118528,47560,-45560,-14183,-1786
93767,4255744,4197376,13224,-39320,78348,-550
93777,3778560,4456448,-153584,-42445,84499,-103895
93787,3778560,4538368,-172144,-48368,22318,-28629
93797,3778560,4348928,-129224,-54007,-86909,-7444
93807,1848320,4152320,-522000,-60690,-83719,-807615
93817,766976,3086336,-525480,-72579,-515956,-401890
93827,766976,2259968,-338256,-85653,-495635,-103684
93837,766976,1315840,-124352,-91822,-438147,-28565
93847,379904,494592,-25984,-94670,-396792,-68345
93857,175104,137216,8584,-94668,-255311,-79130
93867,147456,370688,-50576,-94408,62857,-27814
93877,147456,12288,30624,-93893,-162424,-7233
93887,89088,28672,13688,-93101,-116192,-19565
93897,89088,363520,-62176,-93256,129571,-5100
93907,89088,-100352,42920,-91870,-174311,-1374
93917,3072,38912,-8120,-90992,-15491,-26249
93927,0,-102400,23200,-89648,-63558,-8579
93937,0,14336,-3248,-87179,57682,-2408
93947,0,-251904,57072,-83809,-130065,-678
93957,0,-184320,41760,-79779,70270,-239
93967,0,119808,-27144,-76573,147609,-138
93977,0,-353280,80040,-71970,-187209,-138
93987,0,-56320,12760,-68004,48560,-138
93997,0,20480,-4640,-65483,72531,-138
94007,0,-99328,22504,-63372,-28584,-138
94017,0,-24576,5568,-63036,-2743,-138
94027,0,24576,-5568,-62707,18806,-138
94037,0,146432,-9976,-61856,22926,-138
94047,0,-180224,40832,-59843,-126336,-138
94057,0,190464,-43152,-57777,160495,-138
94067,0,4096,-928,-55892,11830,-138
94077,0,-230400,52200,-52892,-136216,-138
94087,0,-5120,1160,-50813,39839,-138
94097,0,2048,-464,-48835,45955,-138
94107,0,-55296,12528,-47065,-4510,-138
94117,0,-108544,24592,-45553,-48171,-138
94127,0,8192,-1856,-44413,29455,-138
94137,0,36864,-8352,-44060,21572,-138
94147,82944,-114688,44776,-42502,-96020,30093
94157,82944,91136,-1856,-39448,67137,7717
94167,423936,276480,33408,-28755,175240,67199
94177,2527232,37888,563992,1116,-48699,783306
94187,4347904,711680,805968,8014,322493,652139
94197,10384384,2082816,1880824,21872,686250,3215167
94207,10384384,4034560,1438632,24707,1042273,829028
94217,10384384,6598656,857704,48676,1383390,227984
94227,16436224,9412608,1591288,51127,1517803,1142477
94237,16589824,12199936,994584,71566,1573834,347003
94247,16589824,14845952,395096,90012,1433958,95397
94257,14695424,16502784,-409480,84632,975995,-868635
94267,14695424,16863232,-491144,17607,340681,-238990
94277,14695424,16336896,-371896,-12424,-122710,-61680
94287,6925312,14683136,-1757632,-13005,-803762,-1851417
94297,4687872,12416000,-1750904,-14867,-1304583,-1273261
94307,3427328,9607168,-1400120,-25380,-1516519,-640091
94317,2195456,6394880,-951432,-48355,-1690233,-709617
94327,2195456,4241408,-463536,-63851,-1331296,-195237
94337,766976,2725888,-443816,-73517,-869982,-381547
94347,766976,1670144,-204624,-81687,-617667,-105011
94357,379904,934912,-125744,-86387,-428520,-151035
94367,379904,765952,-87464,-89865,-164730,-39002
94377,184320,348160,-37120,-91857,-202183,-55747
94387,184320,8192,39904,-92033,-244352,-14429
94397,101376,-202752,68904,-87723,-200783,-23237
94407,79872,-146432,51272,-78403,6161,-9659
94418,6144,-502784,115304,-64240,-125820,-24683
94428,6144,-595968,136416,-46656,-71992,-6830
94438,-4096,-523264,117624,-27779,23465,-3415
94448,-4096,-678912,152888,-10948,-104110,-925
94458,-7168,-416768,92800,1890,73230,-971
94468,-90112,-520192,97440,5182,-38636,-25983
94478,-111616,-524288,93496,7752,-60862,-14072
94488,-229376,-386048,35496,10109,23511,-71064
94498,-229376,-617472,87928,11999,-119027,-18384
94508,-229376,-407552,40368,13884,55009,-5100
94518,-335872,-674816,76792,16496,-100633,-62311
94528,-359424,-460800,22968,18435,95113,-26935
94538,-359424,-566272,46864,20156,3545,-7004
94548,-643072,-707584,14616,19884,-55170,-63611
94558,-690176,-881664,43384,19871,-122733,-23887
94568,-1013760,-1163264,-10904,18829,-54184,-97248
94578,-1013760,-1094656,18328,18006,-46083,-26798
94588,-994304,-1277952,64264,20545,-15503,1098
94598,-994304,-1678336,154976,24246,-202481,256
94608,-1033216,-1410048,85376,28366,49719,-22257
94618,-1074176,-1293312,49648,31355,79404,-21708
94628,-1128448,-1298432,38512,33445,65279,-22303
94638,-1310720,-1615872,69136,35442,-165533,-103574
94648,-1351680,-1405952,12296,36535,57958,-45511
94658,-1351680,-1820672,106256,38908,-157880,-11783
94668,-1772544,-1795072,5104,40393,803,-130738
94678,-1772544,-1878016,23896,40820,-2525,-36008
94688,-1754112,-2225152,106720,43084,-166061,-4139
94698,-1754112,-1890304,30856,45336,108136,-1182
94708,-1529856,-2163712,143608,48367,-88309,86773
94718,-1529856,-1833984,68904,52002,124155,22329
94728,-1366016,-1956864,133864,55866,-26174,39468
94738,-1546240,-1728512,41296,58962,80058,-59876
94748,-1810432,-1656832,-34800,56971,54676,-85163
94758,-2639872,-1896448,-168432,52677,-97844,-468403
94768,-2975744,-2095104,-199520,25679,-130501,-243165
94778,-2975744,-2707456,-60784,7632,-304732,-66944
94788,-3862528,-3266560,-135024,-3752,-335243,-225348
94798,-3820544,-3719168,-22968,-5273,-214449,-42865
94808,-3820544,-4519936,158456,1527,-402851,-11838
94818,-3820544,-4385792,128064,6527,-45853,-3095
94828,-3820544,-4684800,195808,12009,-167518,-907
94838,-3820544,-4171776,79576,16454,155641,-284
94848,-2818048,-4205568,314360,24276,47562,189358
94858,-2583552,-3857408,288608,33089,153817,137448
94868,-2583552,-3411968,187688,41227,234265,35394
94878,-2669568,-3027968,79576,46517,247059,-31476
94888,-2669568,-3191808,118320,49463,-51269,-8716
94898,-2698240,-2816000,26680,51992,167632,-9385
94908,-2698240,-3512320,184440,55375,-301083,-2628
94918,-2698240,-3216384,117392,60086,17969,-733
94928,-2639872,-3371008,162168,65608,-31016,14199
94938,-2394112,-3395584,226896,72171,-67666,47863
94948,-2394112,-2971648,130848,78325,160449,12295
94958,-1298432,-2787328,337328,85241,79335,257125
94968,-1298432,-2608128,296728,95051,79886,70678
94978,-753664,-1894400,258448,103368,316458,192553
94988,-753664,-1446912,157064,110402,317031,52908
94998,-753664,-1328128,130152,115058,84120,13595
95008,-385024,-1113088,164952,118370,152118,121463
95018,-353280,-719872,83056,122468,178946,40722
95028,-346112,-1008640,150104,126433,-113175,13632
95038,-349184,-666624,71920,129469,74573,2645
95048,-349184,-436224,19720,131463,145681,631
95058,-349184,-409600,13688,132694,97648,119
95068,-349184,-474112,28304,133484,-6415,0
95078,-349184,-548864,45240,134310,-58911,0
95088,-349184,-305152,-9976,134395,59874,0
95098,-349184,-530432,41064,134894,-72841,0
95108,-349184,-406528,12992,135633,45198,0
95118,-292864,-497664,31088,136697,27791,23318
95128,-276480,-406528,29464,137895,29134,11279
95138,-232448,-344064,25288,138770,29914,21148
95148,-232448,-386048,34800,139035,-46507,5767
95158,-232448,-293888,13920,138061,-39163,1437
95168,-232448,-166912,-14848,135720,20746,357
95178,-247808,-156672,-20648,132874,11910,-2390
95188,-247808,-299008,11600,131717,-59990,-678
95198,-295936,-307200,2552,130618,-45245,-11783
95208,-302080,-263168,-8816,130068,16477,-5640
95218,-302080,-269312,-7424,129683,31199,-1511
95228,-302080,-424960,27840,129879,-63604,-467
95238,-302080,-316416,3248,130208,20551,-174
95248,-302080,-340992,8816,130045,-18314,-138
95258,-302080,-285696,-3712,128750,4566,-138
95268,-302080,-183296,-26912,126734,65887,-138
95278,-306176,-262144,-9976,125542,6896,-1255
95288,-322560,-275456,-10672,124501,688,-9165
95298,-322560,-177152,-25288,122878,47596,-2408
95308,-322560,-261120,-13920,121251,11084,-715
95318,-325632,-350208,5568,120524,-32439,238
95328,-322560,-333824,2552,120505,-50546,1135
95338,-319488,-454656,30624,120632,-75021,1116
95348,-319488,-396288,17400,121169,-13024,238
95358,-241664,-388096,33176,121937,-2250,30249
95368,-203776,-348160,32712,123333,29030,17742
95378,-173056,-414720,54752,124556,-48573,19967
95388,-169984,-191488,4872,125204,65565,6564
95398,-169984,-90112,-18096,124991,86931,1647
95408,-173056,-73728,-22504,123715,64728,-193
95418,-173056,-91136,-18560,121205,29673,-138
95428,-173056,-334848,36656,120266,-131901,-138
95438,-173056,-214016,9280,119562,-15136,-138
95448,-253952,-196608,-12992,118795,-2089,-29581
95458,-260096,-360448,22736,117516,-107988,-9202
95468,-276480,-291840,3480,117012,-12106,-10822
95478,-276480,-319488,9744,117369,-1309,-2839
95488,-395264,-473088,17632,116615,-84867,-32145
95498,-493568,-566272,16472,115783,-123800,-54685
95509,-493568,-440320,-12064,113498,-14883,-14145
95519,-510976,-376832,-30392,111743,47195,-8240
95529,-497664,-582656,19256,110511,-83593,210
95539,-493568,-699392,46632,109451,-161311,1409
95549,-493568,-529408,8120,108683,-16834,320
95559,-493568,-484352,-2088,108573,34481,36
95569,-493568,-586752,12064,108681,-2858,0
95579,-493568,-440320,-12064,108805,75560,0
95589,-497664,-546816,11136,109093,-5669,-1813
95599,-497664,-485376,-2784,109054,36535,-550
95609,-524288,-579584,12528,108500,-33862,-6373
95619,-550912,-537600,-3016,106978,-21148,-6281
95629,-550912,-474112,-17400,105703,29811,-1676
95639,-677888,-485376,-43616,101245,15031,-29929
95649,-677888,-623616,-12296,97325,-63226,-8277
95659,-696320,-454656,-54752,93461,82330,-8085
95669,-696320,-738304,9512,90742,-97363,-2134
95679,-696320,-568320,-29000,89241,62077,-641
95689,-696320,-839680,32480,87934,-122010,-229
95699,-696320,-669696,-6032,85868,-11028,-138
95709,-702464,-611328,-20648,83260,27607,-2839
95719,-696320,-795648,22504,79869,-131775,1071
95729,-696320,-507904,-22504,76317,654,228
95739,-696320,-602112,-21344,73421,11486,0
95749,-696320,-814080,26680,70004,-150995,0
95759,-677888,-529408,-33640,66856,53942,6152
95769,-677888,-570368,-24360,64669,38198,1538
95779,-649216,-649216,0,61604,-34218,8981
95789,-637952,-500736,-31088,59595,74975,4714
95799,-643072,-697344,12296,57525,-119118,-824
95809,-649216,-401408,-56144,54477,127873,-2125
95819,-649216,-573440,-17168,50649,-15927,-605
95829,-649216,-437248,-48024,47956,89341,-220
95839,-649216,-719872,16008,45232,-111935,-138
95849,-649216,-548864,-22736,43577,41928,-138
95859,-649216,-760832,25288,42305,-104465,-138
95869,-649216,-522240,-28768,40431,68641,-138
95879,-649216,-607232,-9512,37879,-13793,-138
95889,-637952,-691200,12064,36109,-73415,4257
95899,-632832,-477184,-35264,34307,87138,2490
95909,-611328,-633856,5104,33301,-22548,8432
95919,-590848,-570368,-4640,32874,36799,10070
95929,-590848,-528384,3944,32463,4234,2554
95939,-429056,-656384,51504,33646,-25417,43835
95949,-359424,-487424,29000,35058,74091,36611
95959,-356352,-468992,25520,36112,40287,10885
95969,-359424,-274432,-19256,36336,123179,1098
95979,-359424,-264192,-21576,34805,70029,256
95989,-359424,-420864,13920,33197,-67196,9
95999,-363520,-195584,-38048,31487,106151,-2060
96009,-363520,-350208,-3016,30526,1101,-614
96019,-363520,-464896,22968,30829,-50282,-220
96029,-363520,-323584,-9048,31186,80494,961
96039,-363520,-320512,-9744,31065,74091,201
96049,-363520,-413696,12760,31086,-11601,0
96059,-363520,-366592,696,30733,16477,0
96069,-363520,-241664,-27608,29775,98612,0
96079,-363520,-323584,-9048,29100,36202,0
96089,-99328,-430080,74936,31147,-30316,50418
96099,-28672,-319488,65888,33308,38049,37078
96109,-28672,-178176,33872,35092,80735,10144
96119,0,-22528,5104,36041,116134,16085
96129,0,-4096,928,35579,48158,4376
96139,0,49152,-11136,33502,22845,1080
96149,0,206848,-46864,30019,93552,256
96159,0,140288,-31784,26211,25312,9
96169,9216,31744,-5104,23659,-46151,2252
96179,9216,46080,-8352,21696,-23455,576
96189,9216,52224,-9744,20171,-6610,109
96199,9216,27648,-4176,19813,-18647,0
96209,291840,-21504,70992,21369,-24246,78405
96219,291840,-22528,71224,23552,-29731,20169
96229,391168,109568,63800,25596,28766,30056
96239,391168,317440,16704,27113,106690,7690
96249,545792,436224,24824,28229,106622,51416
96259,545792,548864,-696,29027,106874,14089
96269,653312,567296,19488,29300,49948,51104
96279,676864,478208,45008,30263,-43432,20672
96289,676864,497664,40600,31315,-34906,5291
96299,701440,505856,44312,32417,-36088,5529
96309,701440,497664,46168,33350,-60655,1373
96319,701440,577536,28072,33679,-27379,329
96329,695296,671744,5336,33957,13803,-2674
96339,695296,688128,1624,33557,-4108,-733
96349,707584,729088,-4872,32541,4784,2426
96359,824320,868352,-9976,31013,88182,48953
96369,824320,886784,-14152,31089,92921,13403
96379,993280,850944,32248,32018,54768,65917
96389,1032192,889856,32248,33489,56868,33078
96399,1012736,984064,6496,34459,78578,3213
96409,1012736,1067008,-12296,34124,68870,778
96419,1012736,1112064,-22504,31644,31715,164
96429,1012736,1169408,-35496,26405,10418,0
96439,1012736,1193984,-36424,19479,-26048,0
96449,631808,1126400,-112056,9437,-65383,-157865
96459,631808,1038336,-92104,-2301,-85865,-40760
96469,462848,839680,-85376,-5830,-135906,-57074
96479,462848,699392,-53592,-8481,-99531,-14759
96489,423936,568320,-32712,-9746,-61436,-15784
96499,405504,503808,-22272,-9804,-2777,-7865
96509,405504,494592,-20184,-8860,48801,-2060
96519,345088,499712,-35032,-8568,67608,-18741
96529,311296,527360,-48952,-9429,65531,-23017
96539,314368,508928,-44080,-10748,28112,-5100
96549,314368,541696,-51504,-12233,39621,-1374
96559,496640,531456,-7888,-12324,37051,51718
96569,496640,506880,-2320,-10690,37326,14172
96579,2317312,499712,411800,4442,34676,515853
96589,4687872,898048,858632,14028,219715,1498278
96599,5797888,1607680,949344,20324,367646,817529
96609,5797888,3138560,602504,36788,763038,210763
96619,7292928,4736000,579304,49977,852540,859936
96629,7368704,5969920,316912,59078,692033,251138
96639,7368704,7043072,73776,64480,617873,69030
96650,7368704,7618560,-56608,62863,384651,17752
96660,7368704,7896064,-119480,49547,243158,4522
96670,7521280,7860224,-76792,37409,59518,44119
96680,7521280,7732224,-47792,29235,-26289,11325
96690,6925312,7686144,-172376,17238,-19393,-228470
96700,6925312,7588864,-150336,-1844,-44855,-58970
96710,5921792,7437312,-343360,-6456,-72841,-519938
96720,5921792,7118848,-271208,-14909,-164627,-143052
96730,4347904,6720512,-537544,-23595,-215207,-452070
96740,4347904,6093824,-395560,-36054,-300773,-124402
96750,4347904,5210112,-195344,-45442,-401038,-32136
96760,1197056,4505600,-749592,-49128,-373591,-787455
96770,707584,3770368,-693912,-62326,-387429,-310154
96780,707584,2212864,-341040,-78414,-773584,-80036
96790,184320,1728512,-349856,-88849,-382575,-160071
96800,89088,757760,-151496,-96577,-466627,-58375
96810,-4096,659456,-150336,-101677,-161643,-46921
96820,-4096,542720,-123888,-105950,-48756,-12946
96830,0,534528,-121104,-109966,13000,-1465
96840,0,294912,-66816,-113112,-103811,-458
96850,0,151552,-34336,-115571,-129549,-174
96860,0,282624,-64032,-117634,15467,-138
96870,0,164864,-37352,-119043,-24579,-138
96880,0,190464,-43152,-119810,53815,-138
96890,-7168,57344,16704,-119207,-107426,-3507
96900,-10240,-192512,41296,-117768,-146600,-2060
96910,-10240,-49152,8816,-116129,-4005,-577
96920,-13312,-133120,27144,-113541,-36914,-770
96930,-40960,1024,-9512,-111066,71785,-9687
96940,-40960,18432,-1160,-109224,34056,-2546
96950,-68608,-242688,39440,-105880,-91981,-13788
96960,-90112,-291840,45704,-100747,-58337,-10492
96970,-90112,-237568,33408,-94465,33884,-2939
96980,-148480,-385024,53592,-86420,-21951,-14823
96990,-148480,-603136,103008,-76756,-153600,-3864
97000,-166912,-504832,76560,-65723,-15262,-5384
97010,-176128,-306176,29464,-55689,134539,-2985
97020,-194560,-411648,49184,-46220,49157,-6775
97030,-203776,-670720,105792,-36464,-136778,-3946
97040,-203776,-445440,54752,-28132,91039,-1081
97050,-203776,-349184,32944,-21024,69960,-358
97060,-289792,-428032,31320,-15966,-2261,-18833
97070,-289792,-468992,40600,-11552,-28698,-5219
97080,-322560,-506880,41760,-6803,-44533,-11893
97090,-322560,-636928,71224,-605,-41906,-4880
97100,-322560,-452608,29464,1570,53391,-28
97110,-322560,-371712,11136,2912,92508,-28
97120,-328704,-460800,29928,4101,9810,-1484
97130,-346112,-508928,36888,5062,-34505,-3177
97140,-359424,-438272,17864,5849,9810,-4880
97150,-406528,-658432,57072,6550,-82813,-32593
97160,-467968,-528384,13688,6807,-746,-18796
97170,-467968,-589824,27608,7314,-28400,-4899
97180,-781312,-754688,-6032,8641,-89858,-180707
97190,-781312,-557056,-50808,5275,95549,-46647
97200,-1546240,-761856,-177712,-2242,-7195,-227280
97210,-1930240,-1142784,-178408,-7765,-131798,-140809
97220,-3542016,-1647616,-429200,-12570,-245442,-662531
97230,-3542016,-2458624,-245456,-20769,-377791,-170893
97240,-7522304,-3359744,-943080,-26139,-545400,-2182251
97250,-8247296,-3928064,-978576,-29071,-368014,-844437
97260,-8247296,-5926912,-525712,-44418,-956432,-232325
97270,-9309184,-7640064,-378160,-56621,-983248,-276307
97280,-11125760,-9222144,-431288,-62445,-935502,-781778
97290,-13886464,-10352640,-800632,-66117,-758438,-978351
97300,-14835712,-11622400,-728016,-75645,-706159,-433667
97310,-17213440,-13445120,-853760,-85345,-887860,-1043061
97320,-17213440,-15070208,-485576,-96945,-803223,-269028
97330,-17213440,-16841728,-84216,-104146,-891773,-74039
97340,-17213440,-17646592,98136,-96750,-470838,-19135
97350,-17213440,-18015232,181656,-72294,-218592,-4990
97360,-14696448,-17821696,708064,5723,63764,479360
97370,-4165632,-16724992,2845480,16224,493052,3958969
97380,-4165632,-15001600,2455024,16755,908410,1088891
97390,-643072,-12050432,2584480,48284,1456426,2052282
97400,-338944,-8503296,1849736,59994,1837750,639944
97410,-338944,-5140480,1087848,94684,1902329,164968
97420,0,-2289664,518752,118885,1623875,110073
97430,0,-603136,136648,129243,1063111,28317
97440,3072,109568,-24128,129673,553558,8541
97450,9216,196608,-42456,125790,200415,3250
97460,314368,-254976,128992,125457,-157019,111996
97470,483328,-84992,128760,130224,66231,70596
97480,2638848,-199680,643104,134917,-18257,1034454
97490,4301824,590848,840768,141104,348552,890158
97500,4301824,1836032,558656,156045,602325,229504
97510,8162304,3590144,1035880,159802,865690,754394
97520,8162304,5928960,505992,177239,1151993,194485
97530,14017536,7969792,1370192,181552,1106703,1497949
97540,14558208,10075136,1015696,190610,1193485,508795
97550,15690752,12597248,700872,208217,1329046,517858
97560,15690752,14603264,246384,220568,1138774,133493
97570,15690752,15801344,-25056,223154,777989,36685
97580,15690752,16214016,-118552,209638,318454,9402
97590,9122816,16258048,-1616576,48957,130454,-1520206
97600,8501248,14699520,-1404296,-20656,-684633,-522547
97610,8501248,12625920,-934496,-52596,-1005991,-134803
97620,8501248,10281984,-403448,-72505,-1167863,-37125
97630,5160960,8596480,-778360,-78490,-946484,-1486084
97640,4687872,7614464,-663056,-85550,-670129,-534705
97650,4687872,6537216,-418992,-98941,-590082,-147126
97660,2419712,5170176,-623152,-108842,-679710,-581205
97670,2419712,3876864,-330136,-121527,-727950,-149927
97680,886784,2871296,-449616,-129997,-623428,-396653
97690,500736,1667072,-264248,-140221,-672321,-163102
97700,266240,727040,-104400,-146365,-662774,-112482
97710,92160,303104,-47792,-148518,-287141,-68812
97721,0,-262144,59392,-143405,-267485,-55994
97731,-4096,-284672,63568,-135053,-81470,-16663
97741,-4096,-269312,60088,-125554,-10041,-5805
97751,-4096,-331776,74240,-116777,-50007,-1548
97761,-4096,-102400,22272,-108791,121493,-486
97771,-4096,-621568,139896,-96202,-194530,-184
97781,-13312,-250880,53824,-82592,132715,-3946
97791,-16384,-701440,155208,-64973,-136239,-1996
97801,-53248,-382976,74704,-48004,122709,-13184
97811,-53248,-562176,115304,-32474,-18830,-3672
97821,-53248,-528384,107648,-15587,23913,-980
97831,-163840,-414720,56840,-4039,58933,-32053
97841,-163840,-591872,96976,1320,-107001,-8323
97851,-163840,-264192,22736,3397,123879,-2335
97861,-402432,-454656,11832,4630,-53587,-120640
97871,-424960,-325632,-22504,1886,7343,-41996
97881,-424960,-450560,5800,-236,-72761,-10868
97891,-501760,-337920,-37120,-385,9914,-41474
97901,-501760,-739328,53824,314,-227496,-11463
97911,-580608,-489472,-20648,-58,21572,-23786
97921,-768000,-680960,-19720,-179,-61734,-78214
97931,-905216,-836608,-15544,-1051,-120530,-71540
97941,-905216,-710656,-44080,-1939,40241,-18494
97951,-1117184,-1120256,696,-3509,-189756,-42765
97961,-1117184,-1106944,-2320,-2712,-55492,-11820
97971,-1437696,-1299456,-31320,-2946,-105383,-82361
97981,-1423360,-1355776,-15312,-3152,-21733,-9888
97991,-1423360,-1532928,24824,-593,-56111,-2775
98001,-1246208,-1607680,81896,2620,-12221,43048
98011,-975872,-1823744,192096,6238,-132349,139251
98021,-975872,-1449984,107416,11193,128527,35852
98031,-975872,-1326080,79344,14888,107735,9201
98041,-580608,-1161216,131544,17497,105486,188845
98051,-580608,-1192960,138736,21562,-29192,48641
98061,-561152,-990208,97208,24956,178717,16992
98071,-561152,-780288,49648,27503,103030,4632
98081,-556032,-869376,70992,29689,-21011,2774
98091,-546816,-807936,59160,31739,6643,2856
98101,-537600,-952320,93960,34276,-80839,2233
98111,-528384,-649216,27376,36501,135733,3469
98121,-528384,-936960,92568,39137,-74069,906
98131,-528384,-896000,83288,41904,-22766,183
98141,-528384,-746496,49416,44369,81400,0
98151,-528384,-754688,51272,46927,63649,0
98161,-528384,-803840,62408,49176,1572,0
98171,-524288,-861184,76328,50987,-72727,1281
98181,-528384,-478208,-11368,52206,173438,-614
98191,-528384,-612352,19024,53210,42616,-229
98201,-528384,-954368,96512,54790,-185017,-138
98211,-528384,-722944,44080,56634,19403,-138
98221,-528384,-714752,42224,58544,40023,-138
98231,-528384,-692224,37120,60282,38967,-138
98241,-528384,-801792,61944,61624,-73667,-138
98251,-528384,-523264,-1160,62422,119381,-138
98261,-528384,-485376,-9744,62669,78486,-138
98271,-532480,-790528,58464,63166,-122010,-980
98281,-601088,-646144,10208,63956,-3190,-28730
98291,-649216,-658432,2088,63566,-6082,-22403
98301,-887808,-518144,-83752,61468,81412,-142347
98311,-985088,-765952,-49648,53125,-220256,-74552
98321,-1246208,-790528,-103240,42084,-20850,-98914
98331,-2394112,-1014784,-312504,29889,-85601,-682398
98341,-2394112,-1380352,-229680,-3038,-205006,-176011
98351,-4999168,-1756160,-734744,-7902,-212166,-781376
98361,-7145472,-2885632,-965120,-14757,-499330,-638846
98371,-7145472,-4797440,-531976,-32188,-911257,-175763
98381,-12989440,-6708224,-1423088,-37968,-977132,-1689542
98391,-13115392,-8718336,-996208,-48350,-1215988,-459778
98401,-12989440,-11455488,-347536,-65594,-1376059,-77582
98411,-12989440,-13222912,52896,-69849,-1070719,-20051
98421,-12143616,-13948928,409016,-42231,-600650,366073
98431,-11456512,-13403136,441032,3343,104556,361285
98441,-8502272,-12449792,894360,9183,451216,872314
98451,-6999040,-10795008,860024,17356,831094,546166
98461,-2125824,-8498176,1443736,27927,1138774,1915649
98471,-1437696,-6181888,1047248,32645,1326327,675421
98481,-1437696,-3692544,510864,50180,1322574,185733
98491,-4096,-1619968,366096,59002,1138728,569961
98501,-4096,-688128,154976,65051,672021,156719
98511,202752,-202752,91872,68674,325913,88485
98521,202752,110592,20648,70443,212291,22769
98531,321536,13312,69832,72259,18749,37554
98541,405504,40960,82592,75403,32438,24664
98551,1208320,94208,252416,79489,37258,299130
98561,1208320,392192,184904,86391,137351,77087
98571,2847744,921600,436392,94361,274334,313412
98581,2847744,1780736,241744,104730,426488,86160
98591,2847744,2662400,41992,109163,442093,22164