R
Px,Ix,Dx,Py,Iy,Dy,Pz,Iz,FFrx,FFry,FFdrx,FFdry,satI,satPID,KFQAng,KFQbias,KFRmeas,CPx,CIx,CPy,CIy,CsatI,CsatPID,CFFdrx,CFFdry,CFalpha,iRelaxX,IRelaxY,DmaxR,DmaxE,DMx,DMy
58,80,47,58,80,47,250,0,0,0,200,0,500000,3000000,10,1,1000,0,0,0,0,0,0,0,0,0.995,1024,1024,0,0,0,0
sysTickMs,PIDRefXi,PIDSensXi,PIDPoutXi,PIDIoutXi,PIDDoutXi,PIDFFoutXi
8923,0,0,0,0,0,0
8933,0,0,0,0,0,0
8943,0,0,0,0,0,0
8953,0,0,0,0,0,0
8963,0,0,0,0,0,0
8973,0,0,0,0,0,0
8983,0,0,0,0,0,0
8993,0,0,0,0,0,0
9003,0,0,0,0,0,0
9013,0,0,0,0,0,0
9023,0,0,0,0,0,0
9033,0,0,0,0,0,0
9043,0,0,0,0,0,0
9053,0,0,0,0,0,0
9063,0,0,0,0,0,0
9073,0,0,0,0,0,0
9083,0,0,0,0,0,0
9093,0,0,0,0,0,0
9103,0,0,0,0,0,0
9113,0,0,0,0,0,0
9123,0,0,0,0,0,0
9133,0,0,0,0,0,0
9143,0,0,0,0,0,0
9153,0,0,0,0,0,0
9163,0,0,0,0,0,0
9173,0,0,0,0,0,0
9183,0,0,0,0,0,0
9193,0,0,0,0,0,0
9203,0,0,0,0,0,0
9213,0,0,0,0,0,0
9223,0,0,0,0,0,0
9233,0,0,0,0,0,0
9243,0,0,0,0,0,0
9253,0,0,0,0,0,0
9263,0,0,0,0,0,0
9273,0,0,0,0,0,0
9283,0,0,0,0,0,0
9293,0,0,0,0,0,0
9303,0,0,0,0,0,0
9313,0,0,0,0,0,0
9323,0,0,0,0,0,0
9333,0,0,0,0,0,0
9343,0,0,0,0,0,0
9353,0,0,0,0,0,0
9363,0,0,0,0,0,0
9373,0,0,0,0,0,0
9383,0,0,0,0,0,0
9393,0,0,0,0,0,0
9403,0,0,0,0,0,0
9413,0,0,0,0,0,0
9423,0,0,0,0,0,0
9433,0,0,0,0,0,0
9443,0,0,0,0,0,0
9453,0,0,0,0,0,0
9463,0,0,0,0,0,0
9473,0,0,0,0,0,0
9483,0,0,0,0,0,0
9493,0,0,0,0,0,0
9503,0,0,0,0,0,0
9513,0,0,0,0,0,0
9523,0,0,0,0,0,0
9533,0,0,0,0,0,0
9543,0,0,0,0,0,0
9553,0,0,0,0,0,0
9563,0,0,0,0,0,0
9573,0,0,0,0,0,0
9583,0,0,0,0,0,0
9593,0,0,0,0,0,0
9603,0,0,0,0,0,0
9613,0,11264,-2552,-38,5748,0
9623,0,7168,-1624,-91,998,0
9633,0,7168,-1624,-148,80,0
9643,0,5120,-1160,-210,-1848,0
9653,0,13312,-3016,-299,2088,0
9663,0,14336,-3248,-403,1365,0
9673,0,13312,-3016,-506,722,0
9683,0,5120,-1160,-564,-2617,0
9693,0,6144,-1392,-629,-1412,0
9703,0,10240,-2320,-699,1170,0
9713,0,11264,-2552,-784,849,0
9723,0,10240,-2320,-864,263,0
9733,0,9216,-2088,-924,963,0
9743,0,7168,-1624,-979,-322,0
9753,0,9216,-2088,-1047,436,0
9763,0,1024,-232,-1109,-5244,0
9773,0,4096,-928,-1172,-2812,0
9783,0,-3072,696,-1222,-7470,0
9793,0,13312,-3016,-1326,998,0
9803,0,4096,-928,-1414,-4556,0
9813,0,0,0,-1426,-3535,0
9823,0,-5120,1160,-1299,-3776,0
9833,0,11264,-2552,-1372,2776,0
9843,0,10240,-2320,-1426,1950,0
9853,0,12288,-2784,-1543,45,0
9863,0,-6144,1392,-1551,-9662,0
9873,0,3072,-696,-1538,-4085,0
9883,0,-5120,1160,-1406,-6151,0
9893,0,1024,-232,-993,7378,0
9903,0,6144,-1392,-184,19357,0
9913,0,-21504,4872,93,-3018,0
9923,0,-25600,5800,-35,-21538,0
9933,0,1024,-232,-270,-16501,0
9943,0,11264,-2552,-385,-9719,0
9953,0,-15360,3480,-293,-17281,0
9963,0,-19456,4408,2,-13759,0
9973,0,10240,-2320,-101,3121,0
9983,0,46080,-10440,-168,20734,0
9993,0,34816,-7888,-226,7481,0
10003,0,21504,-4872,-385,-1504,0
10013,0,24576,-5568,-502,5094,0
10023,0,-23552,5336,-394,-26346,0
10033,0,-21504,4872,98,-13150,0
10043,0,60416,-13688,-25,42295,0
10053,0,-4096,928,-35,-6449,0
10064,0,24576,-5568,-58,14136,0
10074,0,-73728,16704,14,-62273,0
10084,0,33792,-7656,-27,20975,0
10094,0,13312,-3016,-48,4957,0
10104,0,93184,-21112,-181,58428,0
10114,0,-69632,15776,102,-43237,0
10124,0,-57344,12992,153,-33460,0
10134,0,90112,-20416,158,81194,0
10144,0,-44032,9976,16,-35205,0
10154,0,-33792,7656,-54,-31062,0
10164,0,101376,-22968,-155,76524,0
10174,0,-51200,11600,127,-29949,0
10184,0,-82944,18792,228,-44166,0
10194,0,-70656,16008,90,-42824,0
10204,0,-5120,1160,-43,1009,0
10214,0,14336,-3248,-73,5014,0
10224,0,62464,-14152,-51,46552,0
10234,0,9216,-2088,26,10464,0
10244,0,58368,-13224,36,54779,0
10254,0,-37888,8584,149,-15916,0
10264,0,-1024,232,298,20516,0
10274,0,-82944,18792,411,-28894,0
10284,0,-109568,24824,799,-34252,0
10294,0,-241664,54752,1800,-95309,0
10304,0,-179200,40600,2851,-39083,0
10314,0,-209920,47560,3977,-52784,0
10324,0,-120832,27376,4959,-620,0
10334,0,-114688,25984,5753,-8423,0
10344,0,-134144,30392,6621,-22915,0
10354,0,-133120,30160,7893,-12072,0
10364,0,-219136,49648,9380,-32198,0
10374,0,-227328,51504,11137,-18165,0
10384,0,-207872,47096,13117,20941,0
10394,0,-303104,68672,15323,-37614,0
10404,0,-282624,76328,17608,-51590,0
10414,0,-280576,63568,19727,-11773,0
10424,0,-159744,36192,21385,38325,0
10434,0,-54272,12296,22672,85726,0
10444,0,-93184,21112,23924,41423,0
10454,0,-138240,31320,25222,8835,0
10464,0,-121856,27608,26391,19862,0
10474,0,-39936,9048,27489,72863,0
10484,0,-91136,20648,28447,35100,0
10494,0,-114688,25984,29314,-505,0
10504,0,-90112,20416,30164,16454,0
10514,0,-124928,28304,30956,-7149,0
10524,0,-134144,30392,31767,-20896,0
10534,0,-145408,32944,32591,-28240,0
10544,0,-132096,29928,33443,-12313,0
10554,0,-135168,30624,34663,8973,0
10564,0,-168960,38280,36233,14825,0
10574,0,-84992,19256,37776,76030,0
10584,0,-22528,5104,38686,76179,0
10594,0,-3072,696,38876,41262,0
10604,0,-5120,1160,38153,-6036,0
10614,0,-30720,6960,37123,-38360,0
10624,0,-94208,21344,36977,-59175,0
10634,0,5120,-1160,37268,44016,0
10644,0,-16384,3712,37859,44842,0
10654,0,-167936,38048,38751,-52026,0
10664,0,-207872,47096,39711,-65234,0
10674,0,-136192,30856,40609,-20620,0
10684,0,-12288,2784,41273,54332,0
10694,0,18432,-4176,41647,55720,0
10704,0,-44032,9976,41915,-1722,0
10714,0,-39936,9048,42191,1204,0
10724,0,-13312,3016,42175,14251,0
10734,0,-82944,18792,42252,-43168,0
10744,0,-113664,25752,42485,-55400,0
10754,0,-11264,2552,42854,27998,0
10764,0,11264,-2552,43098,37992,0
10774,0,15360,-3480,42980,22777,0
10784,0,14336,-3248,42341,3763,0
10794,0,83968,-19024,40825,37476,0
10804,0,23552,-5336,39760,-5726,0
10814,0,-68608,15544,39330,-51671,0
10824,0,-74752,16936,39330,7768,0
10834,0,-28672,6496,39530,3798,0
10844,0,-106496,24128,39671,-49456,0
10854,0,-34816,7888,39759,952,0
10864,0,54272,-12296,39627,61676,0
10874,0,36864,-8352,39001,35972,0
10884,0,-64512,14616,39040,-33644,0
10894,0,-128000,29000,39313,-55767,0
10904,0,-83968,19024,39781,18692,0
10914,-4096,9216,-3016,40177,49008,-1008
10924,-4096,-16384,2784,40282,13402,-293
10934,-10240,-24576,3248,40340,2719,-1606
10944,-10240,-67584,12992,40613,-20494,-452
10954,-87040,-142336,12528,40328,-40873,-12812
10964,-105472,-124928,4408,39722,-22502,-5903
10974,-105472,-108544,696,39950,18944,-1557
10984,-212992,-208896,-928,39332,-27861,-19373
10994,-286720,-281600,-1160,39045,-47184,-29755
11004,-286720,-299008,2784,38050,-26404,-8216
11014,-370688,-224256,-33176,35924,47665,-16913
11024,-370688,-381952,2552,34811,-38773,-4389
11034,-459776,-440320,-4408,34125,-44786,-22870
11044,-476160,-464896,-2552,33281,-25509,-8631
11054,-497664,-562176,5104,33309,-25532,-9021
11064,-505856,-499712,-1392,32907,12472,-4383
11074,-532480,-527360,-1160,32659,6655,-5555
11084,-550912,-659456,24592,32686,-104110,-4352
11094,-550912,-721920,38744,33550,-62308,-1227
11104,-585728,-670720,19256,34313,-1894,-5738
11114,-606208,-700416,21344,34850,-16558,-4053
11124,-606208,-665600,13456,35532,18967,-1069
11134,-606208,-620544,3248,36352,6919,-312
11144,-788480,-834560,10440,34586,-81677,-20521
11154,-788480,-829440,9280,33722,-39875,-5317
11164,-788480,-919552,29696,33924,-69778,-1496
11174,-957440,-943104,-3248,32337,-37832,-19318
11184,-1013760,-939008,-16936,31662,20229,-17035
11194,-1013760,-1071104,12992,31434,-45922,-4725
11204,-1013760,-1162240,33640,32020,-66840,-1252
11214,-1117184,-1156096,8816,32127,-33093,-22455
11224,-1117184,-1108992,-1856,31980,19105,-5829
11234,-1467392,-1208320,-58696,26371,-53954,-60236
11244,-1467392,-1321984,-32944,20054,-51384,-16602
11254,-1579008,-1387520,-43384,14871,-13609,-20484
11264,-1664000,-1561600,-23200,10721,-50213,-15186
11274,-1664000,-1801216,31088,10559,-116353,-3949
11284,-1772544,-1855488,18792,10940,-62755,-17896
11294,-1792000,-1844224,11832,11715,14916,-6690
11304,-1792000,-1968128,39904,12932,-35216,-1758
11314,-1792000,-2037760,55680,14438,-52566,-519
11324,-2243584,-2061312,-41296,11426,-47609,-82996
11334,-2243584,-2055168,-42688,4753,-12978,-21430
11344,-2818048,-2274304,-123192,-2785,-101310,-89167
11354,-2880512,-2548736,-75168,-6541,-157317,-29578
11364,-3142656,-2684928,-103704,-9398,-109801,-56830
11374,-3142656,-3067904,-16936,-10880,-157926,-15668
11384,-3142656,-3313664,38744,-8943,-142836,-4065
11394,-3142656,-3389440,55912,-2328,-65601,-1136
11404,-3041280,-3395584,80272,2477,-9616,13439
11414,-2788352,-3484672,157760,6062,-60173,68939
11424,-2583552,-3366912,177480,10971,4555,59906
11434,-1717248,-3117056,317144,16344,110328,325219
11444,-1310720,-2944000,370040,24813,106748,189117
11454,-1310720,-2488320,266800,35369,270686,51983
11464,-580608,-2145280,354496,43717,216606,274475
11474,-580608,-1657856,244064,52339,243537,70739
11484,-212992,-1330176,253112,59731,170570,88372
11494,0,-902144,204392,66881,194379,73468
11504,0,-610304,138272,72204,154012,20178
11514,0,-387072,87696,75796,100976,5157
11524,0,-188416,37816,77815,107000,1281
11534,0,-138240,31320,78898,34159,317
11545,0,-19456,4408,79495,66977,54
11555,0,44032,-9976,79630,82433,0
11565,0,-35840,8120,79547,-2318,0
11575,12288,-92160,23664,79320,-57305,2142
11585,116736,10240,24128,78549,-9008,33654
11595,147456,83968,14384,78602,-3764,16101
11605,147456,212992,-14848,77895,48835,4394
11615,301056,328704,-6264,77798,93506,27270
11625,301056,353280,4640,77690,15375,6994
11635,345088,315392,6728,77189,-173,9631
11645,372736,397312,-5568,75660,22914,11059
11655,394240,564224,-38512,73320,102342,8227
11665,398336,508928,-25056,70155,18887,2764
11675,466944,451584,232,66547,-36168,22247
11685,466944,570368,-23432,63805,22513,6091
11695,659456,720896,-13920,62311,92714,33270
11705,939008,697344,54752,62124,27389,102838
11715,993280,733184,58928,63726,-4430,38836
11725,1149952,963584,42224,65138,71980,38195
11735,1297408,1160192,31088,66393,99588,42395
11745,1297408,1388544,-20648,66611,140850,10894
11755,1297408,1561600,-59856,62843,145360,2966
11765,1436672,1514496,-17632,60001,27596,17358
11775,1436672,1475584,-8816,56642,-37855,4742
11785,1436672,1634304,-44776,51473,43729,1196
11795,1971200,1648640,73080,53404,20298,60101
11805,2472960,1727488,168896,56691,29512,130712
11815,2582528,1985536,135256,61579,103237,50610
11825,2974720,2398208,130616,66096,218017,85729
11835,3141632,2755584,87464,69997,235332,61541
11845,3141632,3047424,21344,72256,206634,15838
11855,3502080,3226624,62408,74871,125589,41882
11865,3502080,3379200,27840,75906,64590,11492
11875,3819520,3652608,37816,76919,112221,48919
11885,3819520,3917824,-22272,77284,170994,13427
11895,4075520,3990528,19256,76724,96489,58056
11905,4075520,4015104,13688,77000,23419,14929
11915,4032512,4189184,-35496,73847,55502,-8063
11925,4032512,4324352,-66120,65831,60517,-2259
11935,4119552,4393984,-62176,55888,39231,22412
11945,4119552,4379648,-58928,46948,-44878,5749
11955,4119552,4342784,-50576,38118,-37832,1550
11965,4119552,4396032,-62640,28944,2708,366
11975,4119552,4397056,-62872,20502,6701,73
11985,4119552,4265984,-33176,12746,-75412,0
11995,4119552,4226048,-24128,6086,-27551,0
12005,4119552,4302848,-41528,-87,-14791,0
12015,4119552,4280320,-36424,-1542,-15824,0
12025,4119552,4183040,-14384,-2685,-72313,0
12035,4119552,4226048,-24128,-3505,-9444,0
12045,4119552,4359168,-54288,-4074,99668,0
12055,3617792,4331520,-161704,-6002,70947,-150403
12065,3007488,4188160,-267496,-11238,-30316,-196888
12075,2911232,3964928,-238728,-18882,-127323,-72236
12085,1949696,3682304,-392544,-27568,-180221,-277356
12095,1350656,3110912,-398808,-37471,-331330,-217011
12105,1350656,2641920,-292552,-47482,-327612,-59723
12115,589824,2159616,-355656,-57420,-284938,-135181
12125,589824,1372160,-177248,-65524,-472353,-37208
12135,334848,1128448,-179800,-71771,-263767,-54474
12145,334848,787456,-102544,-76441,-231799,-14081
12155,190464,589824,-90480,-79508,-173003,-41303
12165,190464,466944,-62640,-82328,-124764,-10694
12175,172032,455680,-64264,-84258,-27826,-5317
12185,172032,225280,-12064,-85355,-106990,-1404
12195,172032,-17408,42920,-84551,-195803,-403
12205,104448,-83968,42688,-82711,-157948,-8759
12215,18432,-27648,10440,-79317,-31028,-23176
12225,9216,-134144,32480,-74449,-32152,-7532
12235,9216,-303104,70760,-65881,-78005,-1978
12245,9216,-275456,64496,-55073,11623,-574
12255,9216,-351232,81664,-42769,-10913,-184
12265,9216,-399360,92568,-30728,-34757,-92
12275,9216,-366592,85144,-18282,-1469,-92
12285,9216,-249856,58696,-7160,77396,-92
12295,9216,-399360,92568,1050,-45520,-92
12305,9216,-364544,84680,3510,33494,-92
12315,9216,-148480,35728,5480,86334,-92
12325,3072,-335872,76792,7632,-59600,-1374
12335,3072,-357376,81664,9581,-79141,-409
12345,3072,-148480,34336,11381,62410,-147
12355,0,-317440,71920,13291,-64362,-416
12365,0,-190464,43152,14907,19770,-153
12375,0,-138240,31320,16412,42180,-92
12385,0,-240640,54520,17915,-36249,-92
12395,0,-151552,34336,19431,28147,-92
12405,0,-174080,39440,20977,11325,-92
12415,0,-207872,47096,22598,-8951,-92
12425,0,-106496,24128,23995,52576,-92
12435,0,-236544,53592,25267,-57959,-92
12445,0,-140288,31784,26306,11,-92
12455,0,-126976,28768,27282,-264,-92
12465,0,-225280,51040,28427,-64534,-92
12475,0,-136192,30856,29790,15754,-92
12485,0,-100352,22736,31075,41802,-92
12495,0,-229376,51968,32503,-46255,-92
12505,0,-61440,13920,33828,77533,-92
12515,0,-159744,36192,34924,-15445,-92
12525,0,-13312,3016,36056,97075,-92
12535,0,-183296,41528,37196,-33506,-92
12545,0,-182272,41296,38270,-31774,-92
12555,-4096,-37888,7656,39298,66047,-1655
12565,-4096,-188416,41760,40357,-43317,-458
12575,-4096,-184320,40832,41458,-28687,-165
12585,-4096,-65536,13920,42324,43465,-92
12595,-4096,-187392,41528,43434,-7562,-92
12605,-4096,-9216,1160,44503,97407,-92
12615,-4096,-109568,23896,45460,13540,-92
12625,-4096,-166912,36888,46575,-19783,-92
12635,-4096,15360,-4408,47552,105004,-92
12645,-4096,-140288,30856,48372,-25222,-92
12655,-4096,-118784,25984,49233,-4361,-92
12665,-4096,-45056,9280,50041,45370,-92
12675,-4096,-225280,50112,50961,-81849,-92
12685,-4096,-148480,32712,51881,-20655,-92
12695,-4096,-156672,34568,53028,-13701,-92
12705,-4096,-149504,32944,54358,8181,-92
12715,-7168,-231424,50808,55684,-55125,-873
12725,-13312,-130048,26448,56815,17498,-1343
12735,-34816,-70656,8120,57768,55663,-7380
12745,-34816,-217088,41296,58894,-39634,-1935
12755,-68608,-219136,34104,59963,-23110,-6904
12765,-83968,-171008,19720,60944,24704,-3772
12775,-154624,-74752,-12528,61194,65244,-18171
12785,-154624,-225280,16008,61593,-12347,-5036
12795,-247808,-246784,-232,62037,5083,-20435
12805,-267264,-395264,29000,62661,-58005,-9736
12815,-267264,-287744,4640,63452,50419,-2710
12825,-363520,-558080,44080,63476,-123307,-12220
12836,-448512,-528384,18096,63493,-68779,-24036
12846,-463872,-678912,48720,63431,-137615,-8759
12856,-541696,-490496,-11600,63761,43293,-26746
12866,-541696,-667648,28536,64136,-58659,-7398
12876,-575488,-683008,24360,64948,-24476,-7508
12886,-590848,-782336,43384,65806,-68745,-3937
12896,-590848,-605184,3248,66828,80069,-1050
12906,-616448,-699392,18792,67726,-35503,-4529
12916,-616448,-773120,35496,68724,-31223,-1288
12926,-690176,-914432,50808,69477,-120920,-17145
12936,-690176,-826368,30856,70270,12415,-4462
12946,-905216,-845824,-13456,69205,-37465,-45502
12956,-905216,-936960,7192,67822,-65050,-11762
12966,-905216,-1061888,35496,68088,-98544,-3266
12976,-1162240,-939008,-50576,68072,47998,-81672
12986,-1233920,-1080320,-34800,64117,-14068,-36384
12996,-1271808,-1181696,-20416,61591,-24487,-14911
13006,-1498112,-1412096,-19488,58190,-100977,-48554
13016,-1498112,-1378304,-27144,55789,15375,-12549
13026,-1562624,-1555456,-1624,54278,-50718,-13453
13036,-1595392,-1691648,21808,54213,-69146,-6946
13046,-1595392,-1853440,58464,55137,-83742,-1819
13056,-1646592,-1746944,22736,56141,3040,-8448
13066,-1646592,-1977344,74936,57521,-131442,-2210
13076,-1646592,-1930240,64264,59189,-60724,-647
13086,-1792000,-1951744,36192,60062,-61022,-21277
13096,-1792000,-1846272,12296,60666,20321,-5518
13106,-1930240,-2063360,30160,60825,-113129,-29212
13116,-1950720,-2028544,17632,60790,-38498,-10535
13126,-1993728,-2066432,16472,61478,-18429,-15607
13136,-1972224,-2042880,16008,62493,39839,238
13146,-1972224,-2258944,64960,64104,-78739,36
13156,-1993728,-2177024,41528,65842,14079,-2271
13166,-1993728,-2148352,40600,67599,24280,-617
13176,-1993728,-2117632,28072,69347,69593,-202
13186,-2103296,-2294784,43384,71039,-53966,-30347
13196,-2243584,-2244608,232,71131,-6139,-36438
13206,-2292736,-2247680,-10208,70006,6747,-16553
13216,-2528256,-2291712,-53592,68382,18462,-69648
13226,-2528256,-2532352,928,65190,-93369,-17988
13236,-2818048,-2600960,-49184,64727,-51935,-115223
13246,-2818048,-2639872,-40368,59585,-11234,-31714
13256,-2818048,-2956288,31320,57860,-156732,-8216
13266,-2818048,-2989056,38744,58281,-129744,-2149
13276,-2848768,-3081216,52664,59456,-93564,-9101
13286,-2848768,-3026944,40368,61024,-1607,-2381
13296,-2848768,-3268608,95120,63277,-126405,-647
13306,-2848768,-3191808,77720,65694,-34700,-214
13316,-2848768,-3187712,76792,68298,-17694,-92
13326,-2848768,-3044352,44312,70442,68595,-92
13336,-2848768,-3207168,81200,72625,-67288,-92
13346,-2848768,-3165184,71688,74886,-29697,-92
13356,-2848768,-3146752,67512,77274,-3890,-92
13366,-2848768,-3037184,42688,79339,66116,-92
13376,-2848768,-3179520,74936,81614,-41539,-92
13386,-2848768,-3156992,69832,83820,2512,-92
13396,-2757632,-3161088,91408,86141,-31418,22058
13406,-2757632,-2968576,47792,88655,86243,5651
13416,-1930240,-3031040,249400,91794,38692,261486
13426,-1754112,-2975744,276776,98934,27470,114660
13436,-1754112,-2679808,209728,106962,123168,29528
13446,-1174528,-2359296,268424,114992,137018,77288
13456,-1174528,-1850368,153120,121796,222813,19897
13466,-1366016,-1443840,17632,124750,248976,-26471
13476,-1366016,-1288192,-17632,124786,162296,-7313
13486,-1562624,-1269760,-66352,121068,80781,-46680
13496,-1562624,-1405952,-35496,114837,-29846,-12879
13506,-1754112,-1546240,-47096,106619,-61504,-26215
13516,-1717248,-1589248,-29000,102352,-11785,1147
13526,-1562624,-1827840,60088,103110,-102021,25750
13536,-1310720,-1796096,109968,105124,-33093,85784
13546,-1209344,-1697792,110664,108672,40952,46643
13556,-1209344,-1489920,63568,112020,117855,11993
13566,-740352,-1410048,151728,116675,62249,68273
13576,-740352,-1184768,100688,120430,86357,18750
13586,-456704,-935936,108576,124162,117809,48645
13596,-456704,-652288,44312,126706,162308,12518
13606,-182272,-489472,69600,128815,128584,61981
13616,-182272,-467968,64728,130918,18600,15960
13626,-182272,-327680,32944,132061,32622,4357
13636,-182272,-161792,-4640,131769,58130,1092
13646,-25600,-38912,3016,131658,83420,24468
13656,-10240,-34816,5568,131602,25232,10803
13666,-7168,-81920,16936,130711,21905,3375
13676,-7168,84992,-20880,127526,18279,897
13686,0,221184,-50112,122171,64590,946
13696,0,208896,-47328,115713,16156,231
13706,0,128000,-29000,109274,-47586,30
13716,0,253952,-72384,101867,80964,0
13726,0,198656,-45008,94909,-15296,0
13736,0,203776,-46168,88194,-1791,0
13746,0,133120,-30160,82655,-36960,0
13756,0,307200,-69600,76936,97339,0
13766,0,253952,-57536,71028,46667,0
13776,0,166912,-37816,65220,-13093,0
13786,0,248832,-56376,59009,51761,0
13796,0,120832,-27376,54191,-33610,0
13806,0,43008,-9744,50333,-64798,0
13816,0,34816,-7888,46610,-54528,0
13826,0,131072,-29696,43038,22857,0
13836,0,51200,-11600,40020,-30752,0
13846,0,31744,-7192,37762,-1136,0
13856,0,239616,-54288,34782,116501,0
13866,0,79872,-18096,31780,-7402,0
13876,0,84992,-19256,29269,-620,0
13886,0,52224,-11832,27169,-12450,0
13896,0,16384,-3712,25716,-24935,0
13906,0,-41984,9512,24833,-52244,0
13916,0,34816,-7888,22981,-884,0
13926,0,138240,-31320,19944,54710,0
13936,0,62464,-14152,17102,-11395,0
13946,0,87040,-19720,15612,28686,0
13956,0,207872,-47096,13529,113334,0
13966,0,40960,-9280,10863,-22422,0
13976,0,89088,-20184,8774,19575,0
13987,0,122880,-27840,6782,44119,0
13997,0,-77824,17632,4851,-97271,0
14007,0,81920,-18560,2259,16225,0
14017,0,28672,-6496,-207,-33541,0
14027,3072,1024,464,-150,-32324,482
14037,3072,193536,-43152,-137,107023,97
14047,3072,100352,-22040,-389,21537,0
14057,218112,73728,32712,653,-448,37786
14067,345088,186368,35960,2571,74975,24871
14077,904192,53248,192792,5794,-48492,133654
14087,904192,293888,138272,10469,54102,36730
14097,2974720,614400,534760,13594,135664,660241
14107,4539392,1071104,785784,19687,260955,561486
14117,4539392,1943552,588120,35272,452914,144750
14127,8501248,3276800,1183664,40018,647649,686132
14137,8501248,5117952,766528,57073,939265,188690
14147,12142592,7062528,1150952,64577,1032416,648895
14157,13240320,8898560,983680,75388,1075239,290155
14167,14285824,10948608,756088,94149,1086484,317761
14177,14558208,12653568,431520,109725,975330,123999
14187,14150656,13654016,112520,118922,687179,-94025
14197,14150656,14204928,-12296,119808,364250,-24280
14207,14150656,14465024,-71224,113843,214517,-6299
14217,9401344,14105600,-1065808,12151,-111247,-949073
14227,9401344,13129728,-844712,-14866,-459513,-244770
14237,6998016,11488256,-1017320,-25156,-883649,-463538
14247,6047744,9672704,-821280,-40975,-1036192,-225916
14257,2787328,8173568,-1220320,-52130,-913402,-754072
14267,2787328,6523904,-846568,-68736,-926403,-207453
14277,600064,4868096,-966976,-82654,-992554,-396772
14287,471040,3708928,-733584,-103383,-779528,-136701
14297,471040,2339840,-423400,-121913,-748971,-35285
14307,202752,1618944,-320856,-134239,-503541,-39759
14317,202752,1276928,-243368,-143152,-193761,-10291
14327,202752,704512,-113680,-149671,-315793,-2686
14337,0,721920,-163560,-154311,-89365,-60517
14347,0,570368,-129224,-158848,-44924,-15638
14357,0,-89088,20184,-160712,-324250,-4328
14367,-4096,-125952,27608,-158453,-116801,-2344
14377,-4096,-332800,74472,-149297,-90294,-641
14387,-7168,-431104,96048,-136271,-47873,-690
14397,-13312,-621568,137808,-119762,-105670,-861
14407,-87040,-614400,119480,-103520,21664,-15009
14417,-133120,-446464,70992,-89206,84923,-10828
14427,-270336,-573440,68672,-76630,-17121,-40735
14437,-292864,-745472,102544,-67238,-130823,-15748
14447,-399360,-627712,51736,-55658,11772,-44733
14457,-420864,-599040,40368,-45843,79771,-17511
14467,-444416,-967680,118552,-32478,-122400,-9559
14477,-459776,-1062912,136648,-16603,-113611,-4584
14487,-459776,-825344,82824,-1703,82823,-1288
14497,-456704,-787456,74936,3329,64475,256
14507,-444416,-948224,114144,6249,-90765,3759
14517,-444416,-718848,62176,8875,46862,939
14527,-440320,-577536,31088,11043,109008,976
14537,-440320,-784384,77952,13003,-66909,238
14547,-440320,-664576,50808,14813,1491,30
14557,-440320,-553984,25752,16547,77683,0
14567,-444416,-670720,51272,18141,-16994,-1563
14577,-444416,-662528,49416,19932,-2146,-434
14587,-436224,-630784,44080,21806,64452,1281
14597,-424960,-883712,103936,23989,-140496,4345
14607,-424960,-609280,41760,26451,85049,1086
14617,-424960,-577536,34568,28655,97396,268
14627,-424960,-896000,106720,31000,-143594,42
14637,-424960,-579584,35032,33003,151063,0
14647,-424960,-549888,28304,34825,80414,0
14657,-377856,-702464,73544,37117,-30385,6604
14667,-377856,-650240,61712,39329,8066,1788
14677,-377856,-799744,95584,42016,-81023,427
14687,-377856,-459776,18560,44540,172933,79
14697,-363520,-633856,61248,47006,37980,3460
14707,-363520,-621568,58464,49715,53574,854
14717,-359424,-646144,64960,52223,27080,1556
14727,-356352,-801792,100920,55068,-79497,1135
14737,-356352,-623616,60552,57538,32599,256
14747,-356352,-798720,100224,60122,-86209,42
14757,-346112,-504832,35960,62582,119829,2471
14767,-346112,-674816,74472,64828,-30282,604
14777,-335872,-476160,31784,66977,108251,1361
14787,-332800,-687104,80272,69273,-57500,1013
14797,-332800,-526336,43848,71634,66896,231
14807,-328704,-733184,91640,74254,-69215,518
14817,-328704,-616448,65192,77114,34423,97
14827,-328704,-731136,91176,79811,-49513,0
14837,-332800,-582656,56608,82618,66174,-1288
14847,-332800,-566272,52896,84664,28847,-367
14857,-332800,-612352,63336,86581,-13403,-141
14867,-332800,-400384,15312,88158,107884,-92
14877,-332800,-582656,56608,89658,-39232,-92
14887,-332800,-444416,25288,91101,50339,-92
14897,-332800,-637952,69136,92655,-94528,-92
14907,-332800,-430080,22040,93781,38979,-92
14917,-332800,-636928,68904,94971,-120667,-92
14927,-332800,-340992,1856,95494,81572,-92
14937,-332800,-461824,29232,96128,-30121,-92
14947,-332800,-216064,-26448,96282,154126,-92
14957,-335872,-342016,1392,96273,38979,-989
14967,-335872,-394240,13224,96677,9753,-293
14977,-335872,-435200,22504,97153,-24614,-116
14987,-335872,-617472,63800,97708,-138453,-92
14997,-335872,-251904,-19024,97686,120357,-92
15007,-335872,-408576,16472,97738,-10224,-92
15017,-335872,-334848,-232,98170,42846,-92
15027,-335872,-542720,46864,98818,-97581,-92
15037,-335872,-453632,26680,99725,10854,-92
15047,-335872,-293888,-9512,100308,114975,-92
15057,-335872,-465920,29464,101201,-14585,-92
15067,-335872,-375808,9048,101903,38772,-92
15077,-335872,-500736,56840,102239,-130260,-92
15087,-335872,-453632,26680,102132,-33334,-92
15097,-338944,-220160,-26912,100703,103512,-513
15107,-338944,-406528,15312,100063,-44683,-178
15117,-338944,-304128,-7888,99084,30591,-92
15127,-338944,-409600,16008,98643,-46886,-2826
15137,-346112,-457728,25288,98708,-65578,-812
15147,-346112,-346112,0,98830,31589,-251
15157,-346112,-382976,8352,99021,6161,-98
15167,-353280,-475136,27608,99381,-38142,-2063
15177,-353280,-287744,-14848,99491,100689,-605
15187,-356352,-434176,17632,99363,-10718,-1362
15197,-356352,-663552,69600,100467,-168585,-385
15207,-356352,-400384,9976,101611,82823,-147
15217,-356352,-398336,9512,102930,85841,-92
15227,-359424,-673792,71224,104600,-95768,-928
15237,-359424,-656384,67280,106297,-68722,-275
15247,-359424,-431104,16240,107568,73494,-104
15257,-370688,-456704,19488,108706,40344,-2997
15267,-370688,-631808,59160,109785,-87288,-812
15278,-370688,-540672,38512,110694,-25256,-263
15288,-380928,-458752,17632,111505,27011,-2753
15298,-380928,-625664,55448,112604,-90409,-739
15308,-528384,-607232,17864,113870,-48263,-52973
15318,-570368,-483328,-19720,113030,40792,-23890
15328,-570368,-501760,-15544,111195,18095,-6605
15338,-1085440,-599040,-110200,95499,-50190,-67322
15348,-1085440,-726016,-81432,81083,-72359,-17396
15358,-3075072,-954368,-480472,32932,-115504,-354670
15368,-7369728,-1577984,-1312192,-5814,-324640,-1531397
15378,-8163328,-2739200,-1228904,-7705,-636750,-626801
15388,-8163328,-4794368,-763280,-28208,-1038912,-161670
15398,-8163328,-6797312,-269816,-43974,-1124489,-41718
15408,-12865536,-8331264,-1027296,-46805,-816075,-1153217
15418,-12499968,-9451520,-690664,-56433,-626835,-233124
15428,-11017216,-11089920,16472,-69234,-893379,432977
15438,-9496576,-11962368,558656,-34946,-620651,480834
15448,-9496576,-11966464,559584,10811,-61481,123962
15458,-6176768,-11208704,1140048,18740,319843,673577
15468,-6176768,-9628672,782072,37500,753009,173651
15478,-2268160,-8030208,1305464,44862,863900,689068
15488,-2268160,-6092800,866520,64124,1020964,189495
15498,-856064,-4462592,817104,82277,889075,370263
15508,-590848,-3155968,581160,98692,777244,145532
15518,-590848,-2291712,385352,114194,543540,37493
15528,-515072,-1731584,275616,125227,346188,26885
15538,-519168,-1508352,224112,133057,145520,6683
15548,-515072,-1311744,180496,139713,80815,2972
15558,-519168,-1079296,126904,145027,129112,-141
15568,-519168,-1004544,109968,149650,83213,-92
15578,-452608,-851968,90480,153526,90569,7391
15588,-332800,-701440,83520,156224,78337,29272
15598,-332800,-375808,9744,158184,185773,7513
15608,-102400,-323584,50112,159412,106186,69793
15618,-102400,-466944,82592,161159,-79979,19152
15628,-10240,-245760,53360,162552,2386,19146
15638,-10240,106496,-26448,162759,177569,4895
15648,0,131072,-29696,161040,101401,3503
15658,0,191488,-43384,156778,65152,866
15668,0,166912,-37816,151461,5932,201
15678,0,210944,-47792,143559,-8320,18
15688,0,280576,-63568,135181,26311,0
15698,0,290816,-65888,128106,46919,0
15708,0,191488,-43384,120209,-38326,0
15718,0,69632,-15776,113774,-109847,0
15728,0,91136,-20648,108144,-63994,0
15738,0,282624,-64032,101674,73506,0
15748,0,107520,-24360,97336,-37075,0
15758,0,-21504,4872,93993,-96823,0
15768,0,112640,-25520,90926,37040,0
15778,0,123904,-28072,87965,27206,0
15788,0,167936,-38048,83638,34068,0
15798,0,76800,-17400,79589,-70443,0
15808,0,39936,-9048,75843,-48641,0
15818,0,271360,-61480,70114,96983,0
15828,0,104448,-23664,66299,-20563,0
15838,0,13312,-3016,63177,-60414,0
15848,0,148480,-33640,60000,48835,0
15858,0,102400,-23200,57513,20528,0
15868,0,64512,-14616,54442,-17809,0
15878,0,-31744,7192,52272,-78234,0
15888,0,135168,-30624,49927,67711,0
15898,12288,221184,-47328,46856,40895,4394
15908,73728,-130048,46168,45990,-113955,17095
15918,73728,87040,-3016,45932,50729,4370
15928,387072,192512,44080,47169,109180,65539
15938,387072,107520,63336,49431,11417,16870
15948,589824,269312,72616,51554,43041,39971
15958,993280,370688,141056,53660,24831,145574
15968,1310720,742400,128760,57598,181493,114581
15978,1310720,1038336,61712,61239,226749,31481
15988,4301824,1187840,705512,63239,144614,1010925
15998,4301824,1574912,617816,71485,229997,260656
16008,12741632,2575360,2303296,76696,511113,1555712
16018,16436224,4581376,2685864,83055,1028985,1639843
16028,16436224,7564288,1960632,93221,1632699,422827
16038,16436224,11202560,1185752,130582,1859001,116271
16048,16436224,14258176,493464,157130,1664357,29943
16058,16589824,15976448,138968,166535,1127965,45495
16068,16436224,16571392,-30624,167512,521406,-13624
16078,12142592,16326656,-947952,142749,19369,-1411823
16088,10384384,15716352,-1208024,-819,-285317,-790998
16098,9122816,14052352,-1116848,-10155,-783016,-411976
16108,5859328,11683840,-1319616,-16076,-1193406,-588831
16118,5859328,9076736,-728944,-36625,-1470747,-161994
16128,5859328,7091200,-279096,-52600,-1191730,-41803
16138,5859328,6108160,-56376,-57229,-672263,-11536
16148,904192,5615616,-1067432,-57027,-397011,-1130951
16158,904192,5519360,-1045624,-68208,-118659,-291669
16168,369664,3884032,-796224,-90636,-830028,-144074
16178,153600,2330624,-493232,-112216,-964040,-83289
16188,86016,1106944,-231304,-124072,-800515,-34083
16198,0,246784,-55912,-128321,-526375,-35865
16208,-4096,46080,-11368,-128519,-185074,-10157
16218,-4096,-150528,33176,-126487,-141804,-2826
16228,0,132096,-29928,-125665,87149,-312
16238,0,122880,-27840,-125173,58440,-123
16248,0,-381952,86536,-121096,-237559,-92
16258,0,-109568,24824,-113716,62226,-92
16268,0,-649216,147088,-100203,-210101,-92
16278,0,-576512,130616,-81719,-45394,-92
16288,0,-616448,139664,-63374,-36777,-92
16298,0,-355328,80504,-46118,131074,-92
16308,0,-564224,127832,-30547,-66714,-92
16318,0,-563200,127600,-17801,-104959,-92
16328,0,-153600,34800,-6062,168607,-92
16338,0,-434176,98368,1500,-64603,-92
16348,0,-415744,94192,4383,3821,-92
16358,0,-328704,74472,7123,10430,-92
16368,0,-318464,72152,9524,-11842,-92
16378,0,-198656,45008,11660,58371,-92
16388,0,-407552,92336,13696,-118407,-92
16398,0,-199680,45240,15297,18451,-92
16408,0,-30720,6960,16672,114642,-92
16419,0,-327680,74240,17966,-120174,-92
16429,0,-276480,62640,19473,-58601,909
16439,0,-151552,34336,20936,26368,201
16449,-4096,-190464,42224,22311,-16524,-745
16459,-4096,-197632,43848,23679,-5589,-226
16469,-4096,-300032,67048,25099,-92681,-92
16479,-4096,1024,-1160,26340,122239,-92
16489,-7168,-70656,14384,27393,52370,-1191
16499,-13312,-338944,73776,28555,-140989,-1935
16509,-13312,-26624,3016,29669,107758,-538
16519,-80896,-65536,-3480,30202,72485,-13032
16529,-80896,-326656,55680,31131,-101344,-3394
16539,-105472,-376832,61480,32561,-84924,-5237
16549,-117760,-302080,41760,34098,-5359,-4957
16559,-117760,-295936,40368,35724,8146,-1319
16569,-117760,-348160,52200,37533,-9960,-403
16579,-117760,-477184,81432,39440,-99428,-147
16589,-117760,-353280,53360,41353,2168,-92
16599,-117760,-197632,18096,43123,112565,-92
16609,-117760,-485376,83288,44937,-114093,-92
16619,-117760,-474112,80736,46721,-101207,-92
16629,-117760,-291840,39440,48680,52083,-92
16639,-123904,-349184,51040,50612,6850,-2015
16649,-126976,-381952,57768,52543,-15388,-1331
16659,-126976,-406528,63336,54808,-12990,-379
16669,-145408,-502784,80968,56706,-52692,-4059
16679,-157696,-358400,45472,58268,-3282,-3943
16689,-157696,-143360,-3248,59288,120816,-1056
16699,-182272,-372736,43152,60017,-56605,-3260
16709,-203776,-404480,45472,61186,-57098,-5774
16719,-209920,-352256,32248,62301,-448,-2637
16729,-209920,-330752,27376,63746,39518,-721
16739,-212992,-286720,16704,64577,40298,-879
16749,-212992,-357376,32712,65369,-30787,-275
16759,-212992,-299008,19488,66203,25439,-104
16769,-212992,-368640,35264,67155,-25623,-92
16779,-212992,-161792,-11600,68012,131717,-92
16789,-212992,-281600,15544,68562,21583,-92
16799,-212992,-535552,73080,69118,-157581,-92
16809,-216064,-347136,29696,69951,-9593,-544
16819,-222208,-409600,42456,71244,-30695,-2576
16829,-222208,-229376,1624,72173,81699,-696
16839,-222208,-301056,17864,73022,25680,-226
16849,-222208,-477184,57768,74310,-76961,-92
16859,-247808,-404480,35496,75394,-51544,-5195
16869,-253952,-377856,28072,76512,7309,-2350
16879,-289792,-173056,-26448,76947,139301,-10547
16889,-289792,-327680,8584,76335,5175,-2930
16899,-580608,-417792,-36888,76888,-25107,-111725
16909,-788480,-602112,-42224,70758,-120013,-86280
16919,-788480,-642048,-33176,62624,-93587,-23768
16929,-788480,-544768,-55216,57298,56122,-6165
16939,-788480,-1024000,53360,56620,-207255,-1624
16949,-788480,-962560,39440,57854,-40999,-483
16959,-17213440,-1070080,-3657480,9054,-58991,-5874189
16969,-17213440,-1156096,-3637992,-16365,-78005,-1615790
16979,-17213440,-3179520,-3179560,-33095,-976823,-416694
16989,-17213440,-6029312,-2533904,-103720,-1529876,-114643
16999,-17213440,-10168320,-1596160,-171954,-2079521,-29603
17009,-17213440,-13680640,-800400,-213231,-1918337,-7660
17019,-17213440,-16087040,-255200,-229839,-1462635,-2131
17029,-17213440,-17427456,48488,-232608,-911119,-580
17039,-17213440,-17524736,70528,-223668,-223010,-184
17049,-10592256,-17359872,1533288,-37452,44900,899285
17059,-10592256,-16131072,1254888,24299,584505,231860
17069,-2818048,-14258176,2569168,36945,970820,1426757
17079,-734208,-11517952,2443192,45873,1407269,1137652
17089,-493568,-8504320,1814936,63941,1571769,351757
17099,-373760,-5655552,1196656,100870,1565905,117791
17109,-59392,-3484672,776040,130945,1213921,135742
17119,-59392,-2163712,476760,149691,844278,37304
17129,-4096,-1651712,373288,164170,402712,19311
17139,0,-1422336,322248,176451,222538,5432
17149,0,-1186816,268888,186694,165016,1464
17159,0,-915456,207408,195331,159428,341
17169,0,-563200,127600,201332,212957,67
17179,0,-305152,69136,204942,161528,0
17189,0,-161792,36656,206538,82525,0
17199,3072,161792,-35960,205782,171488,1025
17209,3072,133120,-29464,202237,45657,238
17219,9216,86016,-17400,198129,-24166,1110
17229,21504,403456,-86536,191661,155653,1721
17239,21504,338944,-71920,182690,35571,415
17249,98304,605184,-114840,170788,147770,12738
17259,119808,461824,-77488,158192,-20620,5822
17269,153600,549888,-89784,145469,16764,9771
17279,168960,398336,-51968,133871,-88321,5023
17289,193536,487424,-66584,123237,71555,7745
17299,193536,496640,-68672,114319,12863,2093
17309,224256,536576,-70760,107742,81068,5572
17319,272384,488448,-48952,102061,44475,16632
17329,294912,307200,-2784,97563,-87162,9375
17339,294912,378880,-19024,93008,-37591,2386
17349,301056,300032,232,88417,-104523,1367
17359,301056,670720,-83752,81309,137649,317
17369,301056,391168,-20416,75949,-62813,61
17379,275456,572416,-67280,71096,88893,-8057
17389,272384,139264,30160,66635,-200496,-2765
17399,272384,381952,-24824,63277,5496,-788
17409,256000,204800,11600,61218,-89789,-5066
17419,256000,544768,-63336,56608,133495,-1343
17429,246784,227328,4408,53927,-79393,-1819
17439,246784,415744,-38280,51032,64315,-507
17449,202752,65536,31088,47646,-190341,-9577
17459,202752,336896,-30392,43558,13803,-2497
17469,193536,95232,22272,40610,-20379,-3223
17479,193536,460800,-60552,35741,114057,-916
17489,193536,285696,-20880,33679,21342,-275
17499,187392,143360,9976,30943,-83914,-739
17509,187392,185344,464,29263,-22192,-239
17519,187392,37888,33872,28917,-104867,-92
17529,187392,285696,-22272,27837,85485,-92
17539,196608,101376,21576,27305,-50615,1776
17549,228352,338944,-25056,27400,71762,4742
17559,412672,49152,82360,27753,-101907,52191
17570,412672,202752,47560,29398,-2502,13427
17580,1753088,169984,324104,35388,29788,185491
17590,1753088,862208,201840,43113,237019,50988
17600,9031680,1332224,1744408,45906,276629,1378302
17610,9882624,2689024,1629800,50670,703152,502362
17620,11909120,5040128,1556256,72706,1177834,654357
17630,11909120,7739392,944704,96815,1487499,168701
17640,12025856,10143744,426416,116078,1325294,62225
17650,12025856,11599872,96512,124514,910705,16009
17660,12025856,11975680,11368,126281,404835,4370
17670,6782976,11591680,-1089472,11366,-90696,-892072
17680,6782976,10158080,-764672,-18030,-757554,-230073
17690,2974720,8314880,-1209880,-26022,-1023995,-729011
17700,2974720,6184960,-727320,-42172,-1214106,-200550
17710,1084416,4340736,-737760,-54934,-1014184,-510724
17720,1084416,2983936,-430360,-66883,-722109,-131733
17730,1084416,1979392,-202768,-76300,-553582,-36268
17740,263168,1664000,-317376,-82352,-188230,-208796
17750,246784,1139712,-202304,-89891,-283538,-60340
17760,228352,1267712,-235480,-97083,27401,-21778
17770,221184,502784,-63800,-101922,-327371,-7764
17780,221184,436224,-48720,-104875,-162251,-2045
17790,156672,227328,-16008,-106205,-137684,-12244
17800,141312,175104,-7656,-105726,-45119,-6684
17810,141312,87040,12296,-104508,-61963,-1874
17820,141312,107520,7656,-100365,38405,-519
17830,-4096,-78848,16936,-96991,-59990,-35486
17840,0,-149504,33872,-93420,-47322,-8515
17850,0,-203776,46168,-88065,-34860,-2381
17860,0,-337920,76560,-80200,-86531,-647
17870,0,-237568,53824,-71524,122755,-202
17880,0,-253952,57536,-64606,-23225,-92
17890,0,-109568,24824,-56287,101940,-92
17900,0,-312320,70760,-49898,-82480,-92
17910,0,-189440,42920,-42205,35009,-92
17920,0,-111616,25288,-36438,59312,-92
17930,0,-194560,44080,-31036,-19966,-92
17940,0,-141312,32016,-26558,9099,-92
17950,0,-30720,6960,-22575,71429,-92
17960,0,-355328,80504,-18340,-171041,-92
17970,0,142336,-32248,-14017,186072,-92
17980,0,-392192,88856,-8517,-138143,-92
17990,0,0,0,-5117,89134,-92
18000,0,-156672,35496,-1935,-44006,-92
18010,0,-65536,14848,238,17865,-92
18020,0,-10240,2320,704,44303,-92
18030,-4096,12288,-3712,-18,32645,-489
18040,-4096,143360,-33408,-46,134746,-171
18050,-4096,-124928,27376,49,-81700,-92
18060,-4096,-119808,26216,116,67436,-92
18070,-4096,120832,-28304,-142,100770,-92
18080,-4096,-264192,58928,342,-162022,-92
18090,-4096,214016,-49416,-205,180484,-92
18100,-4096,-222208,49416,306,-149584,-92
18110,-4096,159744,-37120,-104,169468,-92
18120,-4096,-202752,45008,111,-147254,-92
18130,-4096,45056,-11136,214,53402,-92
18140,0,-47104,10672,222,-10557,1470
18150,0,-117760,26680,171,-60862,341
18160,0,-35840,8120,194,8124,61
18170,379904,155648,50808,1590,117155,80462
18180,379904,-109568,110896,4487,-92096,20715
18190,2726912,368640,534296,7582,220828,475225
18200,5384192,745472,1050960,13052,318810,483453
18210,7070720,2227200,1097360,28843,846447,561431
18220,7444480,4096000,758640,46029,1146187,224493
18230,8674304,5729280,667232,62615,1085589,497668
18240,8674304,6726656,441264,74461,795282,136859
18250,8674304,7409664,286520,85985,583633,35260
18260,8674304,7498752,266336,95111,238729,9661
18270,8674304,7766016,205784,103496,204213,2465
18280,3353600,7555072,-942848,25459,-89548,-997364
18290,1513472,7274496,-1305232,-9243,-162561,-841370
18300,1094656,5346304,-963264,-23981,-872484,-325470
18310,1094656,3302400,-500192,-42414,-1194071,-89557
18320,342016,1708032,-309488,-52093,-1040334,-292298
18330,305152,1132544,-187456,-58226,-566341,-84363
18340,165888,990208,-186760,-63741,-243882,-49360
18350,86016,1087488,-226896,-71127,-46507,-28589
18360,12288,1059840,-237336,-79044,-39622,-26996
18370,3072,738304,-166576,-86456,-177696,-8613
18380,3072,537600,-121104,-90953,-102584,-2259
18390,3072,-97280,22736,-92135,-327153,-654
18400,3072,22528,-4408,-88768,-24453,-202
18410,3072,-257024,58928,-82056,-110581,-92
18420,0,-257024,58232,-74729,-51040,-824
18430,0,-225280,51040,-67108,-3948,-251
18440,0,-183296,41528,-59512,38910,-98
18450,0,-527360,119480,-50136,-194116,-92
18460,0,-72704,21344,-40667,139668,-92
18470,0,-605184,137112,-29414,-201586,-92
18480,0,-352256,79808,-17274,3488,-92
18490,0,-286720,64960,-6323,47436,-92
18500,0,-245760,55680,1142,58612,-92
18510,0,-391168,88624,3445,-75435,-92
18520,0,70656,-16008,4753,233290,-92
18530,0,-352256,79808,6278,-112245,-92
18540,0,-199680,45240,7792,-2135,-92
18550,0,-171008,38744,9419,20241,-92
18560,0,-143360,32480,11015,32702,-92
18570,0,-384000,87000,12650,-133622,-92
18580,0,31744,-7192,13985,166634,-92
18590,0,-233472,52896,15491,-126703,-92
18600,0,-267264,60552,17473,-27081,-92
18610,0,-236544,53592,19292,-7734,-92
18620,0,-110592,25056,20967,75594,-92
18630,0,-303104,68672,22709,-71820,-92
18640,0,-17408,3944,24019,120666,-92
18650,0,-108544,24592,24788,23213,-92
18660,0,-260096,58928,26264,-52715,-92
18670,0,-83968,19024,27663,79358,-92
18680,-7168,-322560,71456,29240,-98797,-2198
18690,-7168,-172032,37352,30637,4016,-605
18700,-7168,-134144,28768,31883,29925,-202
18710,-253952,2048,-58000,29582,90947,-53571
18720,-420864,-291840,-29232,22640,-135389,-47242
18730,-420864,-77824,-77720,15110,82054,-13025
18741,-2080768,-433152,-373288,-4017,-110053,-332831
18751,-2080768,-842752,-280488,-12838,-221128,-91578
18761,-17213440,-1534976,-3552152,-14950,-363436,-3782636
18771,-17213440,-3141632,-3188144,-14950,-790544,-1040479
18781,-17213440,-6561792,-2413264,-46879,-1643624,-268342
18791,-17213440,-10445824,-1533288,-104912,-2033037,-69233
18801,-17213440,-13694976,-797152,-142237,-1885726,-19074
18811,-17213440,-15891456,-299512,-160599,-1316241,-4957
18821,-17213440,-16708608,-114376,-165890,-574615,-1404
18831,-17213440,-17180672,-7424,-167081,-307566,-403
18841,-7071744,-16934912,2234624,3983,28571,1902056
18851,-4589568,-16046080,2595616,3983,451870,882769
18861,-1595392,-13801472,2765440,23505,1057190,1054772
18871,-1595392,-10267648,1964808,49360,1724461,271960
18881,-1595392,-6921216,1206632,92924,1857865,74768
18891,-1595392,-4265984,605056,122921,1508475,19238
18901,-1595392,-2783232,257288,137501,978887,4925
18911,0,-2275328,515504,147068,446419,218023
18921,0,-2064384,467712,161991,177282,56195
18931,-4096,-1657856,374680,175742,207070,14648
18941,0,-1219584,276312,187495,238993,5218
18951,0,-840704,190472,195244,206600,1403
18961,0,-486400,110200,199832,142331,335
18971,0,-132096,29928,201577,169743,61
18981,0,110592,-25056,201030,146335,0
18991,0,131072,-29696,196967,41962,0
19001,0,262144,-59392,191086,77040,0
19011,0,310272,-70296,183081,64441,0
19021,0,351232,-79576,172952,45359,0
19031,9216,397312,-87928,162682,55514,3295
19041,15360,247808,-52664,151725,-69307,2313
19051,15360,445440,-97440,140239,70201,561
19061,443392,514048,-16008,138402,126541,74426
19071,1971200,348160,367720,140345,-16088,390106
19081,4301824,729088,809448,145633,146450,484765
19091,14150656,1819648,2793744,158941,539054,3435388
19101,16436224,3561472,2916936,158941,905128,1406109
19111,16436224,6285312,2299816,173750,1435944,386730
19121,16436224,9886720,1483872,223339,1820240,99694
19131,16436224,12964864,766528,259935,1697220,25665
19141,16436224,15030272,318536,277078,1226899,7031
19151,11794432,15970304,-946096,257124,653800,-1457239
19161,10591232,15752192,-1169280,110538,9179,-693000
19171,10591232,14435328,-870928,-9304,-577701,-178730
19181,4075520,12037120,-1803800,-10563,-1153761,-775379
19191,1594368,9372672,-1762272,-20541,-1388738,-778095
19201,1138688,5950464,-1090168,-39272,-1716636,-275800
19211,514048,3291136,-628720,-60837,-1473375,-255225
19221,458752,1513472,-238960,-72347,-1126899,-82831
19231,458752,736256,-62872,-77096,-582062,-21387
19241,358400,694272,-76096,-79124,-134621,-20087
19251,324608,717824,-89088,-81638,-6587,-12427
19261,318464,669696,-79576,-85028,-65096,-4468
19271,246784,631808,-87232,-88527,-74838,-23719
19281,218112,340992,-37120,-91003,-140232,-12269
19291,218112,375808,-35728,-91626,-8492,-3400
19301,129024,-123904,57304,-89286,-211546,-13135
19311,129024,-146432,62408,-82051,-78946,-3644
19321,70656,-419840,111128,-70169,-147334,-9992
19331,30720,-141312,38976,-57811,114791,-14374
19341,33792,-272384,69368,-46973,20642,-3327
19351,39936,-295936,76096,-35604,5117,67
19361,43008,-325632,83520,-24904,-99141,836
19371,43008,-388096,97672,-13564,-68825,201
19381,43008,-206848,56608,-4746,27883,18
19391,33792,-297984,75168,1103,-40575,-2729
19401,33792,-81920,26216,3151,104545,-739
19411,12288,-185344,44776,4675,-1469,-3559
19421,0,-44032,9976,6058,92095,-3992
19431,0,-227328,51504,7395,-53644,-1069
19441,0,-109568,24824,8480,24704,-330
19451,0,-312320,70760,9741,-119772,585
19461,0,-194560,44080,10833,-35308,134
19471,0,-249856,56608,11853,-88699,0
19481,-4096,-31744,6264,12623,70545,-1136
19491,-4096,-122880,26912,13043,-24958,-348
19501,-7168,-93184,19488,13907,15548,-1301
19511,-7168,-17408,2320,14357,57568,-385
19521,-19456,-195584,39904,14811,-79921,-2582
19531,-19456,-106496,19720,15145,-15262,-696
19541,-108544,-37888,-16008,14643,16293,-24830
19551,-114688,-35840,-17864,11672,-2754,-7593
19561,-114688,-123904,2088,9764,-54952,-2125
19571,-108544,-227328,26912,9815,-78647,1116
19581,-108544,-280576,38976,10913,-48205,256
19591,-105472,-279552,39440,12531,8410,1214
19601,-105472,-324608,49648,14514,6563,274
19611,-93184,-376832,64264,16619,-20712,2331
19621,-83968,-357376,61944,18642,-6449,3228
19631,-83968,-355328,61480,20552,-24728,799
19641,-65536,-332800,57768,22394,-11452,3411
19651,-47104,-198656,34336,23937,53184,6817
19661,-40960,-226304,41992,25650,21239,3216
19671,-40960,-212992,38976,27277,26930,854
19681,-40960,-190464,33872,28767,27252,183
19691,-40960,-291840,56840,30329,-57133,12
19701,-40960,-239616,45008,31656,-14516,0
19711,-40960,-174080,30160,32717,5645,0
19721,-34816,-169984,30624,33671,-3386,1574
19731,-25600,-59392,7656,34546,62915,1989
19741,-13312,-117760,23664,35306,22868,1953
19751,0,-135168,30624,36004,-24935,3741
19761,0,17408,-3944,36441,63075,927
19771,0,-89088,20184,36741,-27517,219
19781,0,-49152,11136,36951,-12209,24
19791,0,55296,-12528,36730,55892,0
19801,0,14336,-3248,35868,4830,0
19811,0,12288,-2784,35599,6414,0
19821,0,-58368,13224,35154,-46897,0
19831,0,109568,-24824,34187,75319,0
19841,0,26624,-3944,33190,-4166,0
19851,0,-91136,20648,32372,-77213,0
19861,0,114688,-25984,30972,72255,0
19871,-4096,38912,-9744,29802,8594,-1008
19881,-4096,41984,-10440,28772,8204,-293
19891,-7168,-16384,2088,27915,-30133,-1081
19901,-7168,31744,-8816,26668,849,-330
19911,-7168,1024,-1856,25639,-18417,-123
19921,-7168,-8192,232,24517,-25336,-92
19931,-7168,39936,-10672,23566,13287,-92
19941,-7168,-6144,-232,23005,-13793,-92
19951,-10240,-7168,-696,22185,-17029,-434
19961,-10240,-24576,3248,21709,-23581,-153
19971,-10240,-10240,0,21374,13746,-92
19981,-10240,-44032,7656,21130,-24636,-92
19991,-4096,-3072,-232,20947,6506,1239
20001,0,-10240,2320,21050,4578,939
20011,3072,-43008,10440,21112,-16398,1116
20021,3072,12288,-2088,20619,12507,274
20031,67584,-16384,19024,20712,-23741,10009
20041,67584,46080,4872,21118,23855,2551
20051,190464,60416,29464,21940,35490,26892
20061,190464,105472,19256,23103,46495,6896
20071,101376,111616,-2320,24079,50809,-22864
20081,101376,141312,-9048,23914,47436,-6318
20091,101376,140288,-8816,23632,41882,-1655
20101,0,123904,-28072,20693,25576,-11835
20111,-4096,94208,-22272,18846,30292,-3913
20121,-7168,47104,-12296,17904,19977,-1581
20131,-83968,54272,-31320,17452,63397,-22492
20141,-179200,-7168,-36192,15570,42639,-24891
20151,-179200,-97280,-18560,14115,19678,-6873
20161,-546816,-177152,-83752,10571,470,-103364
20171,-546816,-310272,-53592,1576,-54287,-28467
20181,-1467392,-522240,-214136,-1290,-132452,-358539
20191,-1595392,-655360,-212976,-7241,-113381,-127857
20201,-1595392,-929792,-150800,-13136,-156755,-35199
20212,-2727936,-1303552,-322712,-20509,-196515,-173206
20222,-2727936,-1917952,-183512,-28319,-337664,-47681
20232,-6048768,-2468864,-811072,-31541,-356574,-676716
20242,-6048768,-3309568,-620600,-45824,-479708,-174543
20252,-6048768,-4656128,-315520,-60329,-745804,-48047
20262,-4302848,-5423104,253808,-46685,-490517,315051
20272,-2473984,-5978112,793904,6907,-274404,493151
20282,-2473984,-5276672,634984,23436,253508,135614
20292,-1221632,-4178944,670016,39232,540086,269830
20302,-847872,-2920448,469568,53853,673685,124963
20312,-392192,-1808384,320856,65303,611034,150207
20322,-250880,-1010688,172144,72571,448232,65197
20332,-173056,-419840,55912,76213,364605,28472
20342,-173056,-174080,232,77649,223881,7312
20352,-173056,-98304,-16936,77405,123007,1971
20362,-7168,-148480,32016,78381,26644,21417
20372,-10240,-134144,38280,79570,-16891,4742
20382,-10240,-133120,27840,80392,-9880,1281
20392,-19456,-98304,17864,80531,-20896,-886
20402,-19456,-55296,8120,79321,-34218,-275
20412,-13312,70656,-19024,76293,10877,976
20422,-13312,121856,-30624,71879,16064,219
20432,0,157696,-35728,67290,28457,3259
20442,0,217088,-49184,62233,58336,799
20452,0,235520,-53360,57886,23419,170
20462,0,160768,-36424,53875,19759,12
20472,0,90112,-20416,50118,-25256,0
20482,0,62464,-14152,46961,-32565,0
20492,49152,148480,-22504,44140,35686,11920
20502,269312,122880,33176,44409,15616,41949
20512,2242560,73728,491376,45722,-34390,672363
20522,3107840,358400,622920,53795,103914,370312
20532,3107840,1098752,455184,67615,350870,101824
20542,6854656,2181120,1058848,72829,574476,473522
20552,6854656,3681280,718968,93134,787915,130206
20562,7218176,5409792,409712,110001,881146,93469
20572,7218176,6696960,118088,118545,741833,24066
20582,5984256,7202816,-276080,103066,382391,-274292
20592,5984256,7181312,-271208,59342,26506,-70765
20602,2611200,6712320,-929160,-8561,-201345,-524311
20612,2195456,5324800,-708992,-24498,-647386,-238886
20622,1258496,3632128,-537776,-39954,-930454,-206440
20632,1052672,2571264,-344056,-52344,-672608,-81391
20642,1052672,1517568,-105328,-58412,-497126,-21027
20652,311296,920576,-115072,-61947,-391181,-120026
20662,311296,618496,-69600,-64825,-188792,-33051
20672,79872,584704,-114376,-67577,-36513,-57941
20682,36864,443392,-92104,-70553,-41699,-23072
20692,-4096,219136,-50576,-72920,-87483,-11323
20702,-4096,177152,-41064,-73869,4268,-2948
20712,0,-62464,14152,-72609,-65612,-214
20722,0,-235520,53360,-67442,-87208,-92
20732,0,-220160,49880,-59876,16580,-92
20742,0,-331776,75168,-51111,-51281,-92
20752,0,-442368,100224,-40179,-92704,-92
20762,0,-375808,85144,-30188,-39691,-92
20772,0,-256000,58000,-20280,38761,-92
20782,-4096,-283648,63336,-10361,10086,-1209
20792,-13312,-293888,63568,-1946,-12657,-2338
20802,-102400,-140288,8584,1071,85382,-20820
20812,-102400,-195584,21112,2034,21629,-5402
20822,-328704,-306176,-5104,954,-54746,-46790
20832,-328704,-250880,-17632,-350,5943,-12085
20842,-1013760,-287744,-164488,-1749,-22066,-180573
20852,-1259520,-540672,-162864,-6485,-113324,-98877
20862,-5052416,-849920,-952128,-13802,-190571,-1118995
20872,-5052416,-1515520,-801328,-22034,-407188,-288581
20882,-12989440,-2829312,-2301904,-30267,-629601,-1568091
20892,-14018560,-5190656,-2000072,-34381,-1242047,-514655
20902,-14018560,-7763968,-1417056,-73913,-1473983,-132752
20912,-7757824,-10815488,692752,-44328,-1551655,1137731
20922,-5985280,-12741632,1530736,9227,-1143239,519073
20932,-2500608,-12661760,2302136,29131,-199739,979919
20942,-2500608,-11332608,2001000,54215,524045,269506
20952,-887808,-8677376,1764824,98973,1201678,610198
20962,-887808,-5951488,1147240,127051,1448371,167816
20972,-887808,-3459072,582552,153932,1361439,43243
20982,-250880,-1890304,355888,168332,970063,92218
20992,-4096,-864256,194880,176277,650174,85247
21002,0,-425984,96512,181162,348093,22668
21012,-4096,-171008,37816,183760,228321,4736
21022,0,-134144,30392,185333,87241,2178
21032,0,-65536,14848,185981,41503,561
21042,0,87040,-19720,184597,64682,109
21052,0,274432,-62176,178291,95067,0
21062,0,365568,-82824,167681,56317,0
21072,0,517120,-117160,152482,71658,0
21082,3072,621568,-140128,135688,83994,732
21092,3072,485376,-109272,117646,-46151,158
21102,79872,454656,-84912,102552,-60013,13964
21112,141312,455680,-71224,89020,-43925,18731
21122,141312,547840,-92104,77417,39093,4797
21132,141312,468992,-74240,67962,4888,1281
21142,2219008,310272,432448,64613,-82996,473242
21152,3988480,680960,749360,71150,121057,413702
21162,3988480,1563648,549376,86961,401645,113763
21172,3988480,2827264,263088,99915,592319,29302
21182,9031680,3889152,1165104,102169,582141,786926
21192,9031680,5353472,833344,117700,796716,216424
21202,8941568,6994944,441032,137644,894514,35260
21212,8941568,8345600,135024,147043,810440,9661
21222,6643712,8868864,-504136,81902,358030,-254725
21232,6643712,8628224,-449616,12831,-59129,-70093
21242,6643712,7627776,-222952,-9863,-451205,-18116
21252,1245184,6738944,-1244680,-11670,-488555,-608918
21262,1245184,4907008,-829632,-32219,-944808,-167530
21272,259072,3356672,-701800,-51391,-852094,-195630
21282,116736,1696768,-357976,-65765,-866792,-70832
21292,-4096,619520,-141288,-73892,-655556,-44086
21302,-4096,5120,-2088,-76033,-407177,-11402
21312,0,-140288,31784,-73967,-174667,-1893
21322,0,-87040,19720,-69495,-4602,-519
21332,0,-10240,2320,-66317,66093,-178
21342,0,86016,-19488,-64344,108939,-92
21352,0,81920,-1856,-62726,30889,-92
21362,0,-70656,16008,-60182,-9811,-92
21372,0,-129024,29232,-55750,-9915,-92
21382,0,-214016,48488,-49292,-23925,-92
21392,0,-392192,88856,-39684,-96043,-92
21402,0,-378880,85840,-28363,-21011,-92
21412,0,-370688,83984,-17492,-21619,-92
21422,0,-294912,66816,-7269,18416,-92
21432,0,-148480,33640,252,95216,-92
21442,0,-133120,30160,1991,69845,-92
21452,0,-94208,21344,3451,76134,-92
21462,0,-122880,27840,4849,37028,-92
21472,0,-200704,48488,6299,-31338,-92
21482,0,-146432,33176,7525,10843,-92
21493,0,-157696,35728,8691,-10982,-92
21503,0,-184320,41760,9741,-37385,-92
21513,0,-150528,34104,10797,-13472,-92
21523,0,-199680,45240,11870,-48343,-92
21533,0,-284672,64496,12993,-51762,-92
21543,0,-166912,37816,14034,-16868,-92
21553,0,-3072,696,15028,99301,-92
21563,0,-17408,3944,15991,101458,-92
21573,0,-79872,18096,17078,41239,-92
21583,0,-46080,10440,18126,63087,-92
21593,0,-95232,21576,19108,25117,-92
21603,0,-137216,31088,20238,-92,-92
21613,0,-121856,27608,21424,24635,-92
21623,0,-66560,15080,22670,68687,-92
21633,0,-112640,25520,23975,36190,-92
21643,0,-27648,6264,25072,89479,-92
21653,0,-2048,464,25960,87884,-92
21663,0,-49152,11136,26907,49662,-92
21673,67584,-54272,27608,28042,42651,17419
21683,67584,-138240,46632,29525,-25566,4461
21693,67584,-123904,43384,30950,-15273,1196
21703,67584,-59392,28768,32212,18726,274
21713,5859328,-76800,1344904,32629,-19714,1086358
21723,7144448,761856,1446056,38923,371077,443750
21733,7521280,2641920,1105480,68732,895983,205902
21743,7521280,4737024,630808,94140,1135033,56604
21753,7521280,6451200,242440,108911,978371,14556
21763,6111232,7300096,-269352,100039,584172,-338654
21773,6111232,7437312,-300440,54637,139244,-93189
21783,6111232,6703104,-134096,19821,-337584,-24067
21793,6111232,6092800,4176,8115,-391916,-6647
21803,1232896,5687296,-1009200,-6460,-243584,-859546
21813,1232896,4698112,-785088,-19748,-570139,-221686
21823,391168,3137536,-622224,-36140,-749878,-265387
21833,391168,1717248,-300440,-49990,-813688,-68476
21843,391168,716800,-73776,-55998,-641167,-18866
21853,0,245760,-55680,-57500,-327256,-93934
21863,0,4096,3016,-57735,-161460,-24262
21873,-7168,-74752,15312,-55852,-63948,-7557
21883,-7168,-148480,32016,-53266,-69238,-1990
21893,-7168,-169984,36888,-50503,-61826,-580
21903,-7168,-242688,53360,-46132,-80678,-184
21913,-87040,-393216,69368,-40598,-91396,-18262
21923,-117760,-405504,65192,-33627,-76157,-10120
21933,-117760,-354304,53592,-24035,30419,-2643
21943,-117760,-465920,78880,-12060,5817,-763
21953,-117760,-581632,105096,797,-35262,-239
21963,-276480,-539648,59624,2903,3201,-19043
21973,-476160,-622592,33176,4377,-58303,-50397
21983,-476160,-626688,34104,5180,-35319,-13032
21993,-1351680,-678912,-152424,-1812,-34126,-186792
22003,-1351680,-817152,-121104,-5910,-42801,-48206
22013,-2555904,-1098752,-330136,-11477,-83272,-211817
22023,-3618816,-1664000,-442888,-21114,-233371,-263147
22033,-4540416,-2542592,-452632,-31519,-436483,-264563
22043,-4589568,-3309568,-290000,-42125,-467017,-80396
22053,-4945920,-4145152,-181424,-50236,-448692,-60657
22063,-4893696,-4770816,-27840,-53420,-346844,-4535
22073,-4739072,-5234688,112288,-44921,-280991,22613
22083,-3904512,-5331968,323408,-20257,-110099,251721
22093,-3904512,-5278720,311344,6814,-7838,69207
22103,-3904512,-4878336,220632,16238,189170,17816
22113,-1972224,-4521984,577680,26819,241896,249761
22123,-1972224,-3761152,405304,40827,388254,68664
22133,-1310720,-3163136,419688,53625,333199,113513
22143,-1095680,-2488320,315520,64557,328736,55261
22153,-1095680,-1959936,195808,72687,248333,14221
22163,-1095680,-1577984,109272,77256,162377,3631
22173,-148480,-1441792,293016,80817,43396,262640
22183,-65536,-1192960,255432,88605,99932,84283
22193,-65536,-984064,208104,95952,101951,23156
22203,-65536,-600064,121104,101640,179864,5938
22213,0,-291840,66120,104971,207231,13793
22223,0,-98304,22272,106952,158934,3765
22233,-7168,19456,-6032,107632,116995,-1044
22243,-7168,64512,-16240,106863,71601,-324
22253,-10240,-111616,22968,105485,-89399,-1294
22263,-10240,-20480,2320,104293,-16811,-367
22273,-10240,-17408,1624,103633,-7011,-141
22283,-19456,38912,-13224,103473,50121,-3388
22293,-19456,-44032,5568,103700,6356,-916
22303,-62464,-64512,464,103714,-1882,-8356
22313,-77824,-70656,-1624,103032,-11659,-5640
22323,-90112,-141312,11600,102235,-56892,-4767
22333,-108544,24576,-30160,100877,81515,-4725
22343,-130048,-53248,-17400,99516,36695,-4255
22353,-185344,-176128,-2088,98874,-34413,-15455
22363,-212992,-233472,4640,97684,-49399,-8881
22373,-270336,-247808,-5104,96082,-51338,-20936
22383,-295936,-188416,-24360,92520,-8790,-12067
22393,-315392,-141312,-39440,87916,31428,-6574
22403,-580608,-241664,-76792,79889,-47551,-66974
22413,-832512,-332800,-113216,64894,-92658,-78461
22423,-832512,-311296,-118088,47964,-23845,-21619
22433,-2420736,-526336,-429200,1676,-72428,-301117
22443,-4396032,-1224704,-718504,-8478,-356333,-557294
22453,-6439936,-1821696,-1046320,-15296,-381761,-512726
22463,-6439936,-3613696,-640320,-35437,-905095,-132251
22473,-7071744,-4873216,-498104,-51385,-751186,-177961
22483,-7071744,-6429696,-145464,-59910,-784611,-48981
22493,-7071744,-6995968,-17168,-61905,-393637,-12671
22503,-7071744,-7416832,78184,-54489,-248873,-3516
22513,-1829888,-7311360,1241896,1953,13104,863171
22523,-768000,-6484992,1286440,16468,388323,556329
22533,-524288,-4763648,960480,38594,812849,212170
22543,-524288,-2823168,520840,61081,996260,54675
22553,-7168,-1402880,316216,73770,846355,90008
22563,-7168,-540672,120872,80375,515864,23168
22573,6144,-152576,35960,82561,251121,8135
22583,6144,-195584,45704,83278,-333,2197
22593,6144,-166912,39208,84268,-15893,524
22603,6144,-268288,62176,85932,-81000,97
22613,0,-324608,73544,87800,-84993,-739
22623,0,-142336,32248,89336,34951,-226
22633,0,41984,-9512,89934,113782,-92
22643,0,-27648,6264,88953,-7069,-92
22653,0,113664,-25752,86338,40344,-92
22663,0,118784,-26912,81954,1709,-92
22673,0,157696,-35728,77199,16087,-92
22683,0,120832,-27376,72963,-12909,-92
22693,0,-16384,3712,68300,-118969,-92
22704,0,78848,-17864,63831,-43937,-92
22714,0,142336,-32248,58944,-689,-92
22724,0,25600,-5800,54936,-78051,-92
22734,6144,109568,-23432,50630,-16294,1727
22744,12288,143360,-29696,46141,2031,1727
22754,12288,17408,-1160,43227,-74046,445
22764,24576,204800,-40832,40378,74458,1458
22774,24576,218112,-43848,36676,49386,341
22784,33792,81920,-10904,33953,-29582,1483
22794,187392,242688,-12528,31799,97878,45605
22804,187392,152576,7888,31977,16500,11730
22814,187392,185344,464,31970,20103,3198
22824,3007488,331776,606216,36237,85210,624420
22834,3007488,728064,516432,47605,256664,160974
22844,7599104,1567744,1366480,51801,416149,834515
22854,7599104,3278848,978808,69893,808627,215161
22864,10591232,5158912,1230760,81449,972656,657775
22874,10591232,7215104,764904,100541,1049387,169586
22884,7916544,9032704,-252880,104265,1025038,-649036
22894,7070720,9957376,-654008,33914,585652,-347779
22904,7070720,9608192,-574896,-13212,-9054,-89716
22914,2527232,8318976,-1312192,-23710,-568590,-1279896
22924,2527232,6735872,-953520,-32690,-856442,-330073
22934,659456,4705280,-916632,-46352,-1112556,-394953
22944,659456,3038208,-538936,-63930,-975113,-108667
22954,269312,1392640,-254504,-75445,-877498,-101233
22964,269312,805888,-121568,-80484,-368898,-26136
22974,269312,205824,14384,-80942,-310641,-7227
22984,269312,45056,50808,-78463,-200852,-1893
22994,12288,289792,-62872,-79657,25117,-33246
23004,12288,254976,-54984,-81662,-8997,-9180
23014,12288,34816,-5104,-82970,-114792,-2405
23024,12288,80896,-15544,-82301,14767,-696
23034,9216,-89088,22272,-78076,-11223,-959
23044,9216,-371712,86304,-69057,-103788,-275
23054,3072,-375808,85840,-56382,-23810,-2308
23064,3072,-424960,96976,-43637,-43019,-629
23074,0,-450560,102080,-32585,-76433,-739
23084,-4096,-304128,67976,-21889,19747,-1600
23094,0,-236544,53592,-12749,47929,549
23104,0,-352256,79808,-3065,-44901,122
23114,-4096,-163840,36192,1303,76363,-489
23124,-4096,-186368,41296,3065,38256,-165
23134,-4096,-285696,63800,5026,-30959,-92
23144,-4096,-142336,31320,6699,59289,-92
23154,-4096,-121856,26680,8015,49616,-92
23164,-4096,-96256,20880,9168,43018,-92
23174,-136192,-175104,8816,9976,-27092,-41608
23184,-136192,-50176,-19488,9713,68859,-11475
23194,-356352,-83968,-61712,4198,32541,-39289
23204,-632832,-291840,-77256,-2363,-141161,-41108
23214,-1379328,-430080,-215064,-6305,-100380,-181275
23224,-1514496,-755712,-171912,-12827,-192831,-67676
23234,-2342912,-1125376,-275848,-17998,-234943,-279041
23244,-2727936,-1264640,-331528,-25789,-73977,-159638
23254,-2727936,-1915904,-183976,-33012,-261025,-43946
23264,-3542016,-2443264,-248936,-40941,-276676,-102479
23274,-3542016,-3010560,-123424,-47137,-297606,-26459
23284,-4348928,-3345408,-227360,-52344,-190835,-140326
23294,-3904512,-3818496,-19488,-56424,-225339,77905
23304,-3904512,-4295680,88624,-52104,-294829,21398
23314,-2848768,-4281344,324568,-15417,-71728,168646
23324,-1681408,-3985408,525480,6511,132049,387451
23334,-1174528,-3569664,542648,18485,227770,214697
23344,-1174528,-2713600,348696,31848,381163,55328
23354,-392192,-1773568,312968,42452,507797,102740
23364,-142336,-1065984,209264,51034,438685,79779
23374,-65536,-561152,112288,56258,293577,31677
23384,-34816,-214016,40600,58988,235252,17724
23394,-50176,-161792,25288,60233,79840,1263
23404,-50176,-144384,21344,61065,32346,317
23414,-169984,-61440,-24592,60426,74676,-20105
23424,-169984,-176128,1392,60016,-3684,-5219
23434,-270336,-232448,-8584,57970,-39313,-16987
23444,-286720,-361472,16936,54666,-130226,-6135
23454,-338944,-237568,-22968,50603,46827,-12079
23464,-338944,-144384,-44080,46035,37636,-3351
23474,-325632,-236544,-20184,42413,-16249,1727
23484,-325632,-211968,-25752,39305,10648,445
23494,-247808,-182272,-14848,37961,37303,11352
23504,-139264,-94208,-10208,36543,77935,32879
23514,-99328,-177152,17632,36528,-3500,16998
23524,-13312,-155648,32248,36931,-2192,37164
23534,-10240,-123904,25752,37696,-1653,11035
23544,-10240,-62464,11832,38224,18336,2813
23554,0,-84992,19256,38389,-28113,2227
23564,33792,-71680,23896,37742,-41332,9881
23574,205824,93184,10208,38058,103076,34777
23584,1436672,82944,306704,39379,26586,479064
23594,3353600,225280,708760,44648,93047,619970
23604,3353600,601088,623616,57777,176708,170489
23614,10908672,1764352,2071760,60923,489759,1531207
23624,10908672,3735552,1625160,69266,955421,421142
23634,10908672,6583296,979968,102166,1399512,108563
23644,11567104,8990720,583712,124298,1296653,117401
23654,11567104,10615808,215528,135882,978692,32263
23664,8674304,11438080,-626168,89556,565044,-534302
23674,7756800,11123712,-762816,-5440,-42514,-254657
23684,7756800,9803776,-463768,-22586,-553524,-70081
23694,7756800,8479744,-163792,-32451,-625986,-18116
23704,855040,7144448,-1434688,-31191,-663336,-2318702
23714,615424,6691840,-1376688,-31663,-415806,-699878
23724,615424,4895744,-969760,-54123,-907757,-180512
23734,211968,3113984,-657488,-77094,-1040495,-128107
23744,211968,1437696,-277704,-92224,-952359,-33063
23754,211968,569344,-80968,-97349,-555131,-8564
23764,-4096,-242688,54056,-94272,-486157,-79657
23774,0,-139264,31552,-91192,-129629,-19581
23784,0,-62464,14152,-89902,-34711,-5420
23794,0,89088,-20184,-89913,51130,-1435
23804,0,77824,-17632,-89804,35341,-409
23814,0,-133120,30160,-87846,-68469,-153
23824,0,-261120,59160,-81554,-89422,-92
23834,0,-245760,72848,-71704,-54929,-92
23844,0,-526336,119248,-59580,-144225,-92
23854,0,-484352,109736,-45313,-62193,-92
23864,0,-475136,107648,-31969,-40827,-92
23874,0,-387072,87696,-18914,16420,-92
23884,0,-330752,74936,-7103,41193,-92
23894,0,-401408,90944,1469,-25681,-92
23905,0,-343040,77720,4227,5060,-92
23915,0,-219136,49648,6361,66047,-92
23925,0,-195584,44312,8383,53127,-92
23935,0,-184320,41760,10188,45301,-92
23945,0,-273408,61944,12153,-26828,-92
23955,0,-184320,41760,14176,41583,-92
23965,0,-81920,18560,15861,48583,-92
23975,0,-198656,45008,17443,-1905,-92
23985,0,-153600,34800,18785,12966,-92
23995,0,-192512,58232,20080,-71155,-92
24005,0,-134144,30392,21266,17567,-92
24015,-4096,-197632,43848,22478,-34115,-947
24025,-4096,-297984,66584,23876,-96697,-293
24035,-99328,-218112,26912,25046,-30730,-26417
24045,-99328,-274432,39672,25726,21365,-6849
24055,-99328,-150528,11600,26413,36971,-1923
24065,-753664,-323584,-97440,13038,-68160,-91822
24075,-1849344,-547840,-294872,-2394,-156560,-259107
24085,-2473984,-714752,-398576,-11669,-106668,-157355
24095,-12620800,-1644544,-2486808,-18579,-473500,-2843757
24105,-17213440,-2713600,-3285120,-18579,-759677,-1701063
24115,-17213440,-5166080,-2729480,-31182,-1487592,-438691
24125,-17213440,-8339456,-2010512,-91597,-1937247,-113160
24135,-17213440,-11573248,-1277856,-142546,-2100669,-31159
24145,-17213440,-14089216,-707832,-175921,-1824876,-8069
24155,-10385408,-15375360,1130536,-134272,-1285960,1766296
24165,-10385408,-15524864,1164408,9302,-341990,485803
24175,-2848768,-14204928,2572880,32042,554912,2820550
24185,-2394112,-12127232,2169664,32042,1236331,845050
24195,-2394112,-9109504,1521456,57824,1770440,232403
24205,-556032,-6209536,1280872,81293,1861147,369299
24215,-556032,-4151296,814552,107267,1551596,101538
24225,-99328,-2768896,604824,128200,1138327,111804
24235,-71680,-2011136,439408,145205,713801,32318
24245,-25600,-1815552,405536,159628,363274,20788
24255,-34816,-1627136,360760,173643,227564,3704
24265,-59392,-1521664,331296,185795,158361,-3486
24275,-59392,-1178624,253576,196509,213817,-1001
24285,-59392,-826368,173768,204462,240450,-293
24295,-71680,-470016,90248,209124,244971,-1575
24305,-71680,-138240,15080,211000,250869,-458
24315,-80896,-11264,-15776,209210,127746,-1771
24325,-83968,157696,-54752,203736,117270,-861
24335,-90112,113664,-46168,196544,14320,-1764
24345,-83968,171008,-57768,188029,18485,518
24355,-77824,191488,-61016,178882,1514,2172
24365,-74752,230400,-69136,168753,6965,1226
24375,-74752,376832,-102312,156900,78887,286
24385,-74752,384000,-103936,143985,53299,48
24395,-74752,438272,-116232,130631,67906,0
24405,-74752,204800,-63336,116779,-109549,0
24415,-71680,229376,-68208,103730,-71028,897
24425,-71680,178176,-56608,92722,-81241,219
24435,-71680,261120,-75400,82737,18164,24
24445,-19456,260096,-63336,75438,40092,5456
24455,18432,184320,-37584,70373,8651,9545
24465,18432,180224,-36656,66086,17372,2429
24475,342016,137216,46400,63754,-14424,95989
24485,342016,186368,35264,65171,20057,24719
24495,2035712,369664,377464,70590,107149,251727
24505,7218176,1056768,1395944,72146,421554,961126
24515,7218176,2588672,1048872,86682,818747,264331
24525,16436224,4701184,2658720,93041,1094172,1403704
24535,16436224,7541760,2015152,106122,1498641,386065
24545,16436224,10895360,1255352,148783,1723360,99517
24555,16589824,13520896,695304,178076,1515509,49584
24565,11680768,15404032,-843552,157283,1105578,-1343421
24575,9122816,16058368,-1571336,-765,523012,-858216
24585,4209664,15087616,-2464536,-19791,-281748,-2110315
24595,2879488,12758016,-2238104,-19791,-1087507,-911689
24605,2879488,9636864,-1530968,-45634,-1618666,-235126
24615,615424,6757376,-1391536,-65595,-1634811,-511200
24625,615424,4145152,-799704,-89954,-1399421,-131849
24635,615424,2073600,-330368,-106903,-1170904,-34034
24645,202752,1063936,-195112,-114428,-629165,-65455
24655,58368,318464,-58928,-117717,-425754,-54316
24665,15360,147456,-29928,-119331,-170548,-21601
24675,9216,109568,-22736,-120234,-62790,-7496
24685,6144,106496,-22736,-120728,2008,-2759
24695,6144,15360,-2088,-120164,-8079,-739
24705,0,-74752,16936,-116614,814,-2436
24715,0,-253952,57536,-109258,-48217,-654
24725,0,-444416,100688,-98775,-110650,-214
24735,0,-505856,114608,-85121,-85532,-92
24745,0,-388096,87928,-70394,40103,-92
24755,0,-333824,75632,-56044,93036,-92
24765,0,-365568,82824,-41608,56386,-92
24775,0,-344064,77952,-27999,46082,-92
24785,0,-323584,73312,-16409,37969,-92
24795,0,-354304,80272,-5343,-12026,-92
24805,0,-346112,78416,1327,-20024,-92
24815,0,-132096,29928,3524,112210,-92
24825,0,-192512,43616,5371,30006,-92
24835,0,-166912,37816,6912,22444,-92
24845,0,-160768,36424,8262,1858,-92
24855,0,-144384,32712,9436,-38199,-92
24865,0,-227328,51504,10455,-71028,-92
24875,0,-81920,18560,11461,35858,-92
24885,0,-59392,13456,12455,51865,-92
24895,0,-179200,40600,13681,-31338,-92
24905,0,-175104,48488,14863,-56283,-92
24915,0,-164864,37352,15788,-31556,-92
24925,0,-250880,56840,16730,-97546,-92
24935,0,-157696,35728,17651,-24200,-92
24945,0,-10240,2320,18573,79278,-92
24955,0,-178176,40368,19636,-42755,-92
24965,0,-217088,49184,20641,-69468,-92
24975,0,-172032,38976,21538,-44912,-92
24985,0,-211968,48024,22374,-58177,-92
24995,0,-67584,15312,23153,30763,-92
25005,-4096,-30720,6032,23865,51073,-489
25015,-4096,-193536,42920,24836,-57867,-171
25025,-7168,-238592,52432,25974,-76697,-550
25035,-173056,-169984,-696,26420,-27367,-49073
25045,-173056,-218112,10208,24830,-59714,-12684
25056,-173056,-141312,-7192,23744,16638,-3303
25066,-570368,-266240,-68904,12968,-41171,-45411
25076,-570368,-508928,-13920,5995,-136514,-11756
25086,-1735680,-669696,-241512,-4952,-154150,-183362
25096,-13241344,-992256,-2775184,-10949,-201816,-3130573
25106,-17213440,-2313216,-3375832,-10949,-655751,-1601990
25116,-17213440,-4560896,-2808592,-26083,-1263458,-413135
25126,-17213440,-8117248,-2060856,-85566,-1738461,-113666
25136,-17213440,-11679744,-1253728,-140005,-1876581,-29352
25146,-17213440,-14380032,-641944,-170871,-1596830,-8106
25156,-17213440,-16389120,-186760,-185415,-1239729,-2125
25166,-17213440,-16892928,-72616,-189719,-531757,-617
25176,-9032704,-17249280,1861568,-177111,-243056,3120513
25186,-7600128,-16992256,2127904,2489,74584,1175677
25196,-7600128,-15504384,1790808,19221,700651,323339
25206,-7600128,-13094912,1244912,62109,1193646,83343
25216,-7600128,-10665984,694608,94602,1278317,21453
25226,-346112,-8925184,1943696,102703,1061573,1366442
25236,-154624,-6973440,1544888,113216,1112555,378344
25246,3072,-4600832,1043072,146660,1258672,138366
25256,3072,-2563072,581392,171387,1178775,38024
25266,3072,-1035264,235248,185174,901594,9777
25276,0,-350208,79344,190087,463723,1739
25286,0,-59392,13456,190961,206497,451
25296,6144,25600,-4408,190831,82215,854
25306,6144,1024,1160,190936,34286,201
25316,92160,-72704,37352,191929,-14321,15142
25326,196608,69632,30856,192757,45841,38885
25336,196608,217088,-4640,192501,60620,10662
25346,196608,389120,-43616,187092,51727,2722
25356,321536,614400,-66352,178692,87172,24884
25366,345088,655360,-70296,166831,1434,12103
25376,345088,680960,-76096,152337,-55928,3094
25386,1208320,761856,101152,144188,-43684,244671
25396,1208320,921600,64960,146274,25049,63067
25406,7292928,1164288,1388520,146798,105072,1019262
25416,16436224,2216960,3221552,156937,511905,3345849
25426,16284672,4211712,2735280,156937,971463,828247
25436,16284672,7176192,2063640,191737,1523265,227789
25446,16436224,10566656,1329824,240914,1762373,76800
25456,16436224,13407232,686256,274428,1572250,19763
25466,15257600,15262720,-1160,282009,1158453,-188898
25476,11455488,16059392,-1043072,202450,562313,-925446
25486,8330240,15590400,-1644880,19854,-76720,-965980
25496,6998016,13965312,-1578528,-10207,-690887,-468750
25506,4395008,11534336,-1617504,-35057,-1075309,-939087
25516,3657728,8990720,-1208256,-45999,-1264629,-426172
25526,3657728,6526976,-650064,-68735,-1283803,-109931
25536,1528832,4883456,-760032,-79854,-979634,-342902
25546,1528832,3217408,-382568,-95555,-965589,-88459
25556,600064,2546688,-441032,-107683,-537999,-166382
25566,334848,1876992,-349392,-118544,-404240,-129163
25576,294912,1425408,-256128,-127898,-245913,-41858
25586,184320,849920,-150800,-134460,-341324,-26862
25596,6144,463872,-103704,-139023,-277261,-59925
25606,6144,337920,-75168,-142593,-142882,-15485
25616,0,224256,-50808,-144562,-64844,-5237
25626,0,11264,-2552,-144651,-73289,-1374
25636,0,-240640,54520,-140317,-123421,-385
25646,0,-330752,74936,-132944,-100185,-147
25656,0,-316416,71688,-122660,-20138,-92
25666,0,-358400,81200,-110964,-5038,-92
25676,0,-464896,105328,-97711,-57775,-92
25686,0,-447488,101384,-84430,-38578,-92
25696,0,-451584,102312,-72094,-44729,-92
25706,0,-330752,74936,-60098,30270,-92
25716,0,-312320,70760,-49574,11795,-92
25726,0,-329728,74704,-40712,-39267,-92
25736,0,-236544,53592,-34712,-20586,-92
25746,0,-126976,28768,-30831,8204,-92
25756,0,-30720,6960,-29011,35743,-92
25766,0,14336,-3248,-28324,38049,-92
25776,0,-54272,12296,-27501,-25566,-92
25786,0,-144384,32712,-26233,-90696,-92
25796,0,-66560,15080,-24906,-36742,-92
25806,0,49152,-11136,-24536,31222,-92
25816,0,103424,-23432,-24686,53597,-92
25826,18432,114688,-21808,-25088,40505,2288
25836,141312,26624,25984,-24618,-31705,32427
25846,221184,-17408,54056,-20241,-59554,22363
25856,221184,100352,27376,-15546,22880,5737
25866,221184,202752,4176,-13280,55032,1544
25876,1062912,354304,160544,1132,115870,148376
25886,1062912,482304,131544,6269,132508,40777
25896,1062912,719872,77720,10350,160621,10473
25906,2974720,966656,454952,15126,150432,338836
25916,2787328,1313792,333848,25717,167185,50134
25926,2419712,1990656,97208,32991,296239,-76368
25936,1992704,2396160,-91408,26430,209687,-96119
25946,1138688,2478080,-303456,-1926,17751,-246204
25956,701440,2306048,-379320,-11667,-67001,-163056
25966,701440,1999872,-294176,-21498,-133175,-44892
25976,259072,1223680,-218544,-29956,-341864,-87409
25986,199680,561152,-81896,-35146,-418043,-38495
25996,49152,343040,-66584,-38270,-210594,-34772
26006,0,139264,-31552,-39510,-80277,-14869
26016,0,-57344,12992,-37960,-73828,-4120
26026,0,-204800,46400,-33385,-84981,-1099
26036,0,-235520,53360,-27749,-61998,-342
26046,0,-294912,66816,-21097,-81814,-129
26056,0,-290816,65888,-14565,-72141,-92
26066,0,-274432,62176,-8284,-52589,-92
26076,-4096,-169984,37584,-1505,35192,-1008
26086,-4096,-130048,28536,1223,65416,-312
26096,-4096,-134144,29464,2940,60184,-116
26106,-4096,-173056,38280,4747,30809,-92
26116,-4096,-263168,58696,6424,-42732,-92
26126,-10240,-318464,69832,8156,-77466,-739
26136,-10240,-178176,38048,9592,79048,-226
26146,-47104,-53248,1392,10628,92680,-5799
26156,-62464,-71680,2088,10998,55020,-3254
26166,-62464,-291840,51968,11649,-99313,-928
26176,-62464,-147456,19256,12707,34722,-275
26186,-56320,-140288,19024,13677,33907,579
26196,-56320,-57344,232,14415,70706,115
26207,-56320,-169984,25752,14984,-24258,0
26217,-53248,-105472,11832,15391,14676,317
26227,-53248,-121856,15544,15972,5381,54
26237,-53248,7168,-13688,16179,96994,0
26247,-56320,-272384,48952,16725,-101402,-916
26257,-62464,-140288,17632,17288,5278,-1502
26267,-62464,-53248,-2088,17880,71888,-452
26277,-74752,-325632,56840,18827,-105991,-1447
26287,-74752,-202752,29000,19911,4257,-434
26297,-96256,-411648,71456,21381,-117374,-3266
26307,-102400,-151552,11136,23050,111670,-1526
26317,-111616,-303104,43384,24527,-7207,-2417
26327,-111616,-166912,12528,26060,98784,-654
26337,-111616,-193536,18560,27405,-6839,-202
26347,-111616,-265216,34800,28920,18657,-92
26357,-111616,-408576,67280,30267,-98854,-92
26367,-114688,-413696,67744,31731,-90971,-928