R
Px,Ix,Dx,Py,Iy,Dy,Pz,Iz,FFrx,FFry,FFdrx,FFdry,satI,satPID,KFQAng,KFQbias,KFRmeas,CPx,CIx,CPy,CIy,CsatI,CsatPID,CFFdrx,CFFdry,CFalpha,iRelaxX,IRelaxY,DmaxR,DmaxE,DMx,DMy
58,80,47,58,80,47,250,0,0,0,40,0,500000,3000000,10,1,1000,0,0,0,0,0,0,0,0,0.995,1022,1024,0,0,0,0
sysTickMs,PIDRefXi,PIDSensXi,PIDPoutXi,PIDIoutXi,PIDDoutXi,PIDFFoutXi
76128,569344,-333824,204624,4950,27481,-128
76138,569344,-333824,204624,4950,27481,-128
76148,569344,-333824,204624,4950,27481,-128
76158,569344,-333824,204624,4950,27481,-128
76168,569344,-333824,204624,4950,27481,-128
76178,569344,-333824,204624,4950,27481,-128
76188,569344,-333824,204624,4950,27481,-128
76198,569344,-333824,204624,4950,27481,-128
76208,569344,-333824,204624,4950,27481,-128
76218,569344,-333824,204624,4950,27481,-128
76228,569344,-333824,204624,4950,27481,-128
76238,569344,-333824,204624,4950,27481,-128
76248,569344,-333824,204624,4950,27481,-128
76258,569344,-333824,204624,4950,27481,-128
76268,569344,-333824,204624,4950,27481,-128
76278,569344,-333824,204624,4950,27481,-128
76288,569344,-333824,204624,4950,27481,-128
76298,569344,-333824,204624,4950,27481,-128
76308,569344,-333824,204624,4950,27481,-128
76318,569344,-333824,204624,4950,27481,-128
76328,569344,-333824,204624,4950,27481,-128
76338,569344,-333824,204624,4950,27481,-128
76348,569344,-333824,204624,4950,27481,-128
76358,569344,-333824,204624,4950,27481,-128
76368,569344,-333824,204624,4950,27481,-128
76378,569344,-333824,204624,4950,27481,-128
76388,569344,-333824,204624,4950,27481,-128
76398,569344,-333824,204624,4950,27481,-128
76408,569344,-333824,204624,4950,27481,-128
76418,569344,-333824,204624,4950,27481,-128
76428,569344,-333824,204624,4950,27481,-128
76438,569344,-333824,204624,4950,27481,-128
76448,569344,-333824,204624,4950,27481,-128
76458,569344,-333824,204624,4950,27481,-128
76468,569344,-333824,204624,4950,27481,-128
76478,569344,-333824,204624,4950,27481,-128
76488,569344,-333824,204624,4950,27481,-128
76498,569344,-333824,204624,4950,27481,-128
76508,569344,-333824,204624,4950,27481,-128
76518,569344,-333824,204624,4950,27481,-128
76528,569344,-333824,204624,4950,27481,-128
76538,569344,-333824,204624,4950,27481,-128
76548,569344,-333824,204624,4950,27481,-128
76558,569344,-333824,204624,4950,27481,-128
76568,569344,-333824,204624,4950,27481,-128
76578,569344,-333824,204624,4950,27481,-128
76588,569344,-333824,204624,4950,27481,-128
76598,569344,-333824,204624,4950,27481,-128
76608,569344,-333824,204624,4950,27481,-128
76618,569344,-333824,204624,4950,27481,-128
76629,569344,-333824,204624,4950,27481,-128
76639,569344,-333824,204624,4950,27481,-128
76649,569344,-333824,204624,4950,27481,-128
76659,569344,-333824,204624,4950,27481,-128
76669,569344,-333824,204624,4950,27481,-128
76679,569344,-333824,204624,4950,27481,-128
76689,569344,-333824,204624,4950,27481,-128
76699,569344,-333824,204624,4950,27481,-128
76709,569344,-333824,204624,4950,27481,-128
76719,569344,-333824,204624,4950,27481,-128
76729,0,13312,-3016,-30,7665,-15845
76739,0,3072,-696,-91,-2892,-4089
76749,0,6144,-1392,-157,-1515,-1127
76759,0,12288,-2784,-233,2489,-293
76769,0,6144,-1392,-290,-1010,-84
76779,0,8192,-1856,-339,1399,-26
76789,0,7168,-1624,-393,240,-10
76799,0,10240,-2320,-463,1170,-10
76809,0,3072,-696,-523,-3213,-10
76819,0,5120,-1160,-569,-999,-10
76829,0,9216,-2088,-634,1055,-10
76839,0,6144,-1392,-700,-4361,-10
76849,0,11264,-2552,-747,3465,-10
76859,0,6144,-1392,-800,-333,-10
76869,0,9216,-2088,-824,3155,-10
76879,0,15360,-3480,-858,6529,-10
76889,0,24576,-5568,-1088,1216,-10
76899,0,3072,-696,-1175,-7792,-10
76909,0,17408,-3944,-1188,7779,-10
76919,0,33792,-7656,-1319,14021,-10
76929,0,14336,-3248,-1284,6735,-10
76939,0,14336,-3248,-1303,4555,-10
76949,0,1024,-232,-1408,-8538,-10
76959,0,17408,-3944,-1595,-2261,-10
76969,0,18432,-4176,-1754,-2009,-10
76979,0,52224,-11832,-1958,20137,-10
76989,0,10240,-2320,-2139,-9788,-10
76999,0,-1024,232,-2039,-6805,-10
77009,0,-5120,1160,-1901,-4774,-10
77019,0,32768,-7424,-1857,17865,-10
77029,0,24576,-5568,-1829,12931,-10
77039,0,21504,-4872,-1815,11520,-10
77049,0,13312,-3016,-1880,2960,-10
77059,0,-12288,2784,-1919,-16834,-10
77069,0,-1024,232,-1601,-459,-10
77079,0,6144,-1392,-1480,917,-10
77089,0,-58368,13224,-1200,-46128,-10
77099,0,-15360,-8120,-540,31876,-10
77109,0,65536,-14848,-175,38887,-10
77119,0,-56320,12760,76,-41240,-10
77129,0,-41984,9512,72,-26059,-10
77139,0,9216,-2088,52,13907,-10
77149,0,-50176,11368,181,-22514,-10
77159,0,14336,-3248,350,32978,-10
77169,0,-57344,12992,343,-28618,-10
77179,0,6144,-1392,379,27171,-10
77189,0,-89088,20184,277,-46782,-10
77199,0,2048,-464,367,21927,-10
77209,0,44032,-9976,-24,32748,-10
77219,0,-63488,14384,209,-26036,-10
77229,0,-144384,32712,659,-48102,-10
77239,0,-135168,30624,1123,-55652,-10
77249,0,-122880,27840,1554,-47551,-10
77259,0,-81920,18560,1758,-29387,-10
77269,0,-75776,17168,1495,-41080,-10
77279,0,-76800,17400,1498,-39083,-10
77289,0,-99328,22504,1908,-39990,-10
77299,0,-74752,16936,2363,-17947,-10
77309,0,-67584,15312,2528,-21160,-10
77319,0,-101376,22968,2478,-44602,-10
77329,0,-87040,19720,2298,-27803,-10
77339,0,-133120,30160,2213,-58877,-10
77349,0,-94208,21344,2439,-28446,-10
77359,0,-11264,-10440,2003,46265,-10
77369,0,137216,-31088,-55,71234,-10
77379,0,208896,-47328,-1039,81423,-10
77389,0,144384,-32712,-1886,33609,-10
77399,0,23552,-5336,-2356,-29307,-10
77409,0,-93184,21112,-1895,-76444,-10
77419,0,-134144,30392,-415,-77661,-10
77429,0,-70656,16008,184,-19725,-10
77439,0,-16384,3712,71,5358,-10
77449,0,91136,-20648,-95,69272,-10
77459,0,110592,-25056,-174,67206,-10
77469,0,59392,-13456,-257,14607,-10
77479,0,13312,-3016,-413,-22491,-10
77489,0,-8192,1856,-508,-32347,-10
77499,0,-20480,4640,-747,-46920,-10
77509,0,35840,-8120,-1125,-15904,-10
77519,0,103424,-23432,-1631,30086,-10
77529,0,80896,-18328,-1446,34228,-10
77539,0,66560,-15080,-642,45095,-10
77549,0,82944,-18792,-477,51130,-10
77559,0,103424,-23432,-985,32335,-10
77569,-4096,55296,-13456,-1716,-27276,-74
77579,-7168,-25600,4176,-2330,-85463,-63
77589,-31744,-137216,23896,-2004,-134139,-617
77599,-68608,-135168,15080,-1601,-97741,-771
77609,-114688,-181248,15080,-733,-77970,-1760
77619,-114688,-177152,14152,149,-33862,-458
77629,-114688,-182272,15312,473,-11200,-129
77639,-238592,-87040,-34336,-246,69318,-1516
77649,-519168,-31744,-110432,-1406,107953,-6782
77659,-519168,-89088,-97440,-3898,71314,-1868
77669,-1233920,-209920,-232000,-6812,12897,-22952
77679,-1233920,-334848,-203696,-12699,-15927,-6318
77689,-1233920,-627712,-137344,-18459,-123100,-1633
77699,-1595392,-906240,-156136,-24698,-173267,-4471
77709,-1595392,-1113088,-109272,-29406,-150226,-1233
77719,-1595392,-1321984,-61944,-32328,-110386,-322
77729,-1579008,-1512448,-15080,-33400,-99612,97
77739,-1579008,-1626112,10672,-33267,-79749,23
77749,-1579008,-1721344,32248,-31742,-96318,3
77759,-1498112,-1731584,52896,-28654,-88355,1544
77769,-1498112,-1651712,34800,-24793,-26840,394
77779,-1393664,-1599488,46632,-19261,4899,1826
77789,-1271808,-1553408,63800,-9290,25794,1831
77799,-1271808,-1480704,47328,-594,50614,469
77809,-1271808,-1400832,29232,1519,80677,119
77819,-359424,-1320960,217848,3650,83431,26915
77829,-306176,-1240064,211584,10437,93460,8002
77839,-306176,-1131520,186992,17214,92668,2197
77849,-105472,-884736,176552,24233,141413,2669
77860,-31744,-606208,130152,29853,172050,2160
77870,-31744,-396288,82592,33660,150707,1140
77880,-16384,-221184,46400,36047,111716,310
77890,-13312,-108544,21576,37084,64911,137
77900,-4096,-46080,9512,37101,28893,385
77910,-4096,49152,-12064,36362,50947,97
77920,-4096,126976,-29696,34803,77579,21
77930,0,151552,-34336,32881,76088,62
77940,0,216064,-48952,29863,97522,12
77950,0,234496,-53128,26202,66288,0
77960,0,229376,-51968,21065,59128,0
77970,0,206848,-46864,15898,34469,0
77980,0,192512,-43616,11858,39208,0
77990,0,156672,-35496,8429,31876,0
78000,0,125952,-28536,6467,15513,0
78010,0,74752,-16936,5530,28319,0
78020,0,34816,-7888,4837,12117,0
78030,0,-3072,696,4443,-7620,0
78040,0,-49152,11136,4114,-36386,0
78050,0,-109568,24824,3846,-73874,0
78060,0,-130048,29464,3499,-80541,0
78070,0,-120832,27376,3219,-67414,0
78080,0,-132096,29928,2594,-82882,0
78090,0,-68608,15544,2001,-42675,0
78100,0,-7168,1624,1323,-5325,0
78110,0,-2048,464,58,-16283,0
78120,0,78848,-17864,-286,30671,0
78130,0,-14336,3248,-349,-43753,0
78140,0,14336,-3248,-584,-24648,0
78150,0,33792,-7656,-604,-2077,0
78160,0,-36864,8352,-357,-46943,0
78170,0,-18432,4176,-208,-24832,0
78180,0,-4096,928,-88,-9697,0
78190,0,-19456,4408,54,-16776,0
78200,0,19456,-4408,17,13528,0
78210,0,-15360,3480,88,-11349,0
78220,0,-39936,9048,129,-23489,0
78230,0,-44032,9976,222,-13541,0
78240,0,-114688,25984,572,-50822,0
78250,0,-118784,26912,1070,-44545,0
78260,3072,-98304,22968,1612,-27402,31
78270,6144,-66560,16472,2042,-20701,70
78280,9216,-57344,15080,2376,-16042,64
78290,12288,-23552,8120,2246,-10615,103
78300,12288,-29696,9512,1492,-8079,23
78310,12288,3072,2088,207,-27712,3
78320,43008,29696,3016,-59,-20368,377
78330,43008,30720,2784,-202,-25600,100
78340,61440,66560,-1160,-285,-1458,289
78350,64512,41984,232,10,1801,103
78360,89088,46080,9744,108,-12003,549
78370,101376,61440,9048,132,-8744,316
78380,113664,35840,17632,131,-10810,418
78390,113664,99328,3248,-53,-17786,111
78400,113664,164864,-11600,-449,9466,25
78410,110592,226304,-26216,-876,47768,-82
78420,110592,271360,-36424,-1132,79805,-26
78430,110592,296960,-42224,-940,102743,-10
78440,107520,220160,-25520,-993,43936,-39
78450,110592,156672,-10440,-1381,-2341,44
78460,141312,86016,12528,-1484,-52313,817
78470,141312,100352,9280,-1235,-44178,208
78480,141312,105472,1856,-1328,-30466,50
78490,147456,112640,7888,-1516,-58200,93
78500,147456,143360,928,-1891,-39565,21
78510,144384,198656,-12296,-2360,-3190,-59
78520,144384,269312,-28304,-2940,40218,-19
78530,144384,320512,-39904,-3606,-689,-10
78540,162816,210944,-10904,-4037,-30030,338
78550,162816,172032,-2088,-4067,-51544,84
78560,208896,190464,4176,-4453,-36524,1213
78570,228352,317440,-20184,-4601,53184,675
78580,249856,427008,-40136,-4489,119404,940
78590,249856,357376,-24360,-4238,39862,255
78600,249856,214016,8120,-4085,-83983,62
78610,288768,306176,-3944,-4424,-28997,837
78620,288768,371712,-18792,-5023,11945,212
78630,337920,409600,-16240,-5241,35812,916
78640,362496,424960,-14152,-4884,36867,561
78650,362496,422912,-13688,-4917,15674,141
78660,564224,439296,28304,-2859,5232,3818
78670,564224,533504,6960,-608,37854,980
78680,974848,605184,83752,1527,49776,10219
78690,974848,685056,65656,4262,69777,2807
78700,1258496,754688,114144,7975,56041,5374
78710,1258496,924672,75632,11165,78922,1382
78720,1310720,1102848,47096,13375,93483,1295
78730,1310720,1249280,13920,14257,69168,330
78740,1258496,1381376,-27840,12638,64280,-1182
78750,1258496,1460224,-45704,7980,62020,-309
78760,1258496,1465344,-46864,3033,41377,-89
78770,1258496,1362944,-23664,-546,-38991,-27
78780,1270784,1276928,-1392,-1502,-89319,192
78790,1310720,1277952,7424,-2197,-81092,1101
78800,1350656,1313792,8352,-2232,-45509,1190
78810,1364992,1313792,11600,-1772,10418,540
78820,1436672,1425408,2552,-1161,32886,2398
78830,1452032,1466368,-3248,285,56386,964
78840,1452032,1481728,-6728,378,58233,262
78850,1436672,1538048,-22968,-136,74091,-419
78860,1436672,1586176,-33872,-418,79599,-120
78870,1436672,1607680,-38744,-1093,66415,-35
78880,1436672,1597440,-36424,-2087,31406,-13
78890,1436672,1622016,-41992,-3211,30843,-10
78900,1771520,1575936,44312,195,-18612,5168
78910,2057216,1599488,103704,1688,-16903,10397
78920,2057216,1676288,86304,4561,2994,2677
78930,2057216,1836032,50112,6671,49570,686
78940,2057216,1985536,16240,7703,74057,184
78950,2057216,2160640,-23432,7312,109008,44
78960,2014208,2255872,-54752,3453,100609,-701
78970,2014208,2202624,-42688,-829,5909,-184
78980,2014208,2124800,-25056,-2495,-67976,-52
78990,2014208,2104320,-20416,-3986,-75848,-18
79000,2035712,2081792,-10440,-5198,-65153,625
79010,2035712,2114560,-17864,-6138,-27241,157
79020,2035712,2216960,-41064,-7019,56810,39
79030,2035712,2266112,-52200,-7761,93541,7
79040,2035712,2259968,-50808,-8560,85933,0
79050,2035712,2180096,-32712,-9357,23155,0
79060,2035712,2193408,-35728,-10167,28904,0
79070,801792,2109440,-296264,-13659,-44786,-26335
79080,455680,2062336,-364008,-22918,-74563,-19997
79090,455680,1866752,-319696,-33448,-130857,-5503
79100,455680,1468416,-229448,-43449,-232006,-1423
79110,355328,1206272,-190008,-51180,-177432,-1708
79120,358400,893952,-121336,-56188,-155447,-474
79130,372736,660480,-65192,-59293,-124557,161
79140,372736,534528,-36656,-60855,-125154,38
79150,369664,321536,10904,-61777,-156629,-78
79160,365568,337920,6264,-62289,-98866,-101
79170,281600,370688,-20184,-62684,-50087,-3235
79180,246784,416768,-38512,-63786,8479,-1800
79190,246784,380928,-30392,-64664,12358,-468
79200,162816,387072,-50808,-65605,58325,-1273
79210,162816,226304,-14384,-65579,-6174,-332
79220,0,106496,-24128,-65590,-39152,-3352
79230,0,-9216,2088,-65697,-63317,-868
79240,-4096,-107520,23432,-64694,-79038,-334
79250,-4096,-181248,40136,-61970,-83513,-95
79260,-4096,-203776,45240,-57285,-56444,-28
79270,-4096,-235520,52432,-51727,-49261,-11
79280,-4096,-261120,58232,-44702,-39955,-10
79290,-4096,-265216,59160,-37247,-30328,-10
79300,-4096,-244736,54520,-30306,-18188,-10
79311,-4096,-294912,65888,-23490,-64809,-10
79321,-4096,-344064,77024,-17695,-114574,-10
79331,-4096,-317440,70992,-11956,-99830,-10
79341,-4096,-209920,46632,-6642,-23764,-10
79351,-4096,-175104,38744,-2106,-8836,-10
79361,-4096,-151552,33408,636,-5898,-10
79371,-7168,-159744,34568,1505,-26828,-65
79381,-4096,-137216,30160,2397,-14091,82
79391,-4096,-75776,16240,3143,8078,18
79401,0,-124928,28304,3772,-30970,73
79411,0,-235520,53360,4391,-110765,15
79421,0,-247808,56144,5011,-110363,0
79431,0,-200704,45472,5738,-61332,0
79441,0,-172032,38976,6426,-45635,0
79451,0,-122880,27840,7181,-19152,0
79461,0,-132096,29928,7941,-13036,0
79471,0,-76800,17400,8588,7619,0
79481,0,-95232,21576,9214,-15067,0
79491,0,-176128,39904,9773,-71648,0
79501,0,-248832,56376,10546,-110352,0
79511,0,-212992,45240,11104,-74620,0
79521,0,-134144,30392,11774,-33965,0
79531,0,-123904,28072,12479,-28825,0
79541,0,-54272,12296,13049,16603,0
79551,0,-11264,2552,13460,35731,0
79561,0,-18432,26216,13608,-46025,0
79571,-4096,-149504,32944,13835,-66863,-95
79581,-10240,-166912,35496,14095,-74964,-129
79591,-34816,-83968,11136,14225,-11280,-333
79601,-120832,-125952,1160,14015,-30626,-2047
79611,-139264,-52224,-19720,12879,33368,-816
79621,-188416,-19456,-38280,10554,67631,-815
79631,-188416,-115712,-16472,8809,18393,-214
79641,-188416,-262144,16704,8076,-64947,-58
79651,-315392,-212992,-23200,5375,-127,-1442
79661,-444416,-313344,-29696,2048,-41194,-3129
79671,-467968,-387072,-18328,-558,-61103,-1253
79681,-575488,-340992,-53128,-1496,18198,-3495
79691,-575488,-371712,-46168,-2440,44613,-906
79701,-575488,-480256,-21576,-2105,22685,-253
79711,-654336,-574464,-18096,-362,13654,-2392
79721,-666624,-644096,-5104,47,14595,-867
79731,-666624,-755712,20184,568,-30649,-242
79741,-957440,-795648,-36656,-1266,-20253,-3118
79751,-1393664,-815104,-131080,-3609,3729,-10171
79761,-1611776,-867328,-168664,-8309,23373,-5787
79771,-1611776,-1045504,-128296,-12668,-6667,-1495
79781,-1611776,-1251328,-81664,-15387,-32933,-415
79791,-2583552,-1482752,-249400,-16734,-54987,-37181
79801,-2583552,-1703936,-199288,-22256,-93461,-9591
79811,-2583552,-1969152,-139200,-27878,-131763,-2641
79821,-2727936,-2159616,-128760,-31765,-84086,-6193
79831,-2757632,-2370560,-87696,-34389,-71258,-2370
79841,-2757632,-2686976,-16008,-35204,-96915,-655
79851,-2757632,-3009536,57072,-32153,-177455,-173
79861,-2757632,-3036160,63104,-25717,-93874,-52
79871,-2788352,-3133440,78184,-16894,-95205,-593
79881,-2788352,-3188736,98600,-7130,-118923,-156
79891,-2788352,-3139584,79576,652,-47322,-46
79901,-2727936,-3076096,78880,3197,-8010,1117
79911,-2727936,-3107840,86072,5735,-40724,303
79921,-2727936,-3085312,80968,8298,-33805,74
79931,-2727936,-2979840,57072,10504,12369,15
79941,-2757632,-2987008,51968,12728,10854,-1062
79951,-2757632,-3023872,60320,14699,-20896,-277
79961,-2757632,-2964480,46864,16423,13735,-79
79971,-2757632,-2919424,36656,18079,32083,-24
79981,-2727936,-2931712,46168,19733,-19071,711
79991,-2727936,-2963456,53360,21679,-2789,192
80001,-2500608,-2934784,98368,24358,15089,5261
80011,-2500608,-2878464,85608,27560,39139,1443
80021,-1772544,-2889728,253112,32989,-3604,13170
80031,-1546240,-2720768,266104,41440,37682,6274
80041,-684032,-2396160,387904,49850,161929,22658
80051,-684032,-2104320,321784,61070,183295,5839
80061,-356352,-1717248,308328,71729,236147,5776
80071,-356352,-1243136,200912,81167,302470,1485
80081,-356352,-933888,130848,87743,245843,379
80091,-4096,-712704,160544,91799,171671,11166
80101,0,-454656,103008,96257,164591,3167
80111,0,-295936,67048,99492,126060,812
80121,0,-219136,49648,101525,68446,219
80131,0,-82944,18792,102703,73563,52
80141,12288,84992,-16472,102873,116960,227
80151,55296,233472,-40368,101610,148607,568
80161,55296,280576,-51040,99171,106553,143
80171,98304,272384,-39440,95995,80218,745
80181,98304,301056,-45936,91990,69800,189
80191,98304,325632,-51504,87587,69788,48
80201,172032,304128,-29928,83901,34848,1224
80211,237568,295936,-13224,81141,-12428,2373
80221,237568,250880,-3016,79450,-28274,650
80231,237568,268288,-6960,76780,-31062,164
80241,355328,307200,10904,73595,-27654,3743
80251,401408,353280,10904,73137,-12198,2011
80261,401408,345088,12760,72916,-24889,514
80271,594944,351232,55216,72085,-34964,6221
80281,808960,465920,77720,73871,21606,6168
80291,956416,526336,97440,76680,62869,3865
80301,1032192,663552,83520,79835,49352,1907
80311,1032192,841728,43152,82027,85772,488
80321,1032192,1009664,5104,82945,107390,131
80331,1848320,1164288,154976,87642,110443,9164
80341,2611200,1315840,293480,94064,97809,17622
80351,2697216,1633280,241048,102273,177179,6172
80361,2697216,2059264,144536,109409,257627,1588
80371,2697216,2337792,81432,113710,218832,406
80381,3657728,2597888,240120,119488,175871,14024
80391,3903488,2897920,227824,127491,181241,6192
80401,4119552,3082240,235016,134536,104269,6309
80411,4301824,3395584,205320,141478,107884,4264
80421,4490240,3751936,165648,146791,130236,6300
80431,4637696,4068352,128992,150967,121252,4679
80441,4998144,4385792,138736,153860,128859,14953
80451,4998144,4740096,58464,156970,149020,3853
80461,4998144,4929536,15544,158729,155044,1056
80471,5160960,5112832,10904,159818,127850,2480
80481,5160960,5361664,-45472,158526,170329,678
80491,5160960,5511168,-79344,152391,151177,171
80501,4032512,5585920,-351944,139163,79186,-40315
80511,4032512,5582848,-351248,92750,62100,-11092
80521,4032512,5394432,-308560,46208,-47184,-2865
80531,3141632,4951040,-409944,-4559,-216182,-12087
80541,3141632,4412416,-287912,-16316,-349058,-3329
80552,2942976,4061184,-253344,-25958,-244857,-4588
80562,2879488,3691520,-183976,-32626,-166623,-2128
80572,2499584,3315712,-184904,-37346,-128424,-10392
80582,2195456,3022848,-187456,-42368,-148103,-8031
80592,1378304,2660352,-290464,-46779,-149044,-31437
80602,1105920,2294784,-269352,-54573,-237353,-14723
80612,1105920,2019328,-206944,-62871,-256240,-4054
80622,362496,1662976,-294640,-69774,-267187,-27636
80632,362496,1391616,-233160,-77907,-202734,-7131
80642,92160,1037312,-214136,-84947,-190720,-6720
80652,3072,673792,-151960,-90950,-166887,-2870
80662,-16384,297984,-71224,-94187,-174954,-1297
80672,-16384,3072,-4408,-95266,-154483,-339
80682,-53248,-167936,25984,-92658,-131270,-1328
80692,-93184,-306176,48256,-87817,-97787,-1338
80702,-93184,-420864,74240,-80720,-105946,-348
80712,-260096,-491520,52432,-75750,-103995,-2948
80722,-260096,-570368,70296,-69276,-98912,-765
80732,-433152,-620544,42456,-63815,-70133,-3054
80742,-463872,-699392,53360,-58592,-65555,-1235
80752,-546816,-730112,41528,-51283,-20219,-2211
80762,-595968,-812032,48952,-43849,-19106,-1384
80772,-595968,-915456,72384,-34592,-36685,-361
80782,-595968,-949248,80040,-24437,-30064,-104
80792,-595968,-888832,66352,-13103,36030,-31
80802,-1772544,-868352,-204856,-15969,56592,-19089
80812,-1772544,-1004544,-174000,-21599,-17258,-4926
80822,-1889280,-1284096,-137112,-27003,-119486,-3078
80832,-1909760,-1557504,-79808,-30696,-149974,-1079
80842,-1950720,-1859584,-20648,-32556,-172257,-1155
80852,-1950720,-2057216,24128,-32235,-141196,-301
80862,-1950720,-2126848,39904,-28430,-78085,-87
80872,-2058240,-2129920,16240,-24091,-16444,-2321
80882,-2058240,-2163712,23896,-20683,-11475,-603
80892,-2103296,-2248704,32944,-17668,-49410,-673
80902,-2103296,-2311168,47096,-13387,-69296,-177
80912,-2080768,-2318336,48024,-7619,-30661,277
80922,-2080768,-2290688,47560,-877,-4946,73
80932,-2080768,-2288640,47096,1641,4084,15
80942,-2080768,-2343936,59624,3277,-37373,0
80952,-2080768,-2372608,66120,5027,-53805,0
80962,-2080768,-2369536,65424,6931,-41562,0
80972,-2080768,-2386944,69368,8834,-44086,0
80982,-2080768,-2295808,48720,10843,29111,0
80992,-2103296,-2345984,54984,12831,-3604,-425
81002,-2103296,-2430976,74240,14811,-57167,-121
81012,-2103296,-2405376,68440,16994,-27918,-35
81022,-2103296,-2385920,64032,19171,-4074,-14
81032,-2080768,-2329600,56376,21483,39679,850
81042,-2080768,-2353152,61712,23849,16339,216
81052,-2196480,-2344960,33640,25292,3706,-2115
81062,-2196480,-2254848,13224,26147,47837,-549
81072,-2555904,-2208768,-78648,24555,76432,-10085
81082,-2583552,-2211840,-84216,16608,84728,-3123
81092,-2727936,-2340864,-87696,10976,32220,-6370
81102,-2727936,-2531328,-44544,4239,-36800,-1646
81112,-2727936,-2724864,-696,2046,-86863,-428
81122,-2698240,-2844672,33176,2703,-86519,282
81132,-2698240,-2907136,47328,4094,-64993,69
81142,-2727936,-2969600,54752,5710,-63994,-508
81152,-2757632,-3015680,58464,7121,-74253,-547
81162,-3618816,-3088384,-120176,-80,-102974,-21055
81172,-3618816,-3143680,-107648,-4152,-123651,-5433
81182,-4444160,-3299328,-259376,-11195,-139543,-12009
81192,-4444160,-3532800,-206480,-18892,-143077,-3100
81202,-4638720,-3896320,-168200,-24636,-184719,-4011
81212,-4589568,-4233216,-80736,-28425,-180508,540
81222,-4589568,-4612096,5104,-29096,-211581,136
81232,-4348928,-4739072,88392,-20321,-120346,4265
81242,-4302848,-4825088,118320,-3938,-73013,1647
81252,-4302848,-4830208,119480,2994,-18004,421
81262,-4302848,-4740096,99064,6182,-5394,111
81272,-2015232,-4588544,583016,13649,55399,31787
81282,-1285120,-4293632,681616,27716,152818,26467
81292,-1117184,-3791872,605984,45992,232636,9590
81302,-505856,-3011584,567704,62245,384801,23131
81312,-440320,-2404352,444976,77561,354060,7452
81322,-440320,-1817600,305544,90381,341805,1918
81332,-250880,-1289216,235248,99829,332660,2785
81342,-123904,-930816,182816,106921,224133,3605
81352,-123904,-647168,118552,111631,122502,925
81362,0,-399360,90480,115347,123983,1930
81372,0,-211968,48024,117714,102823,494
81382,0,-131072,29696,118929,51257,132
81392,0,-84992,19256,119112,-2284,31
81402,3072,17408,-3248,117116,45336,70
81412,12288,137216,-28304,112589,20011,167
81422,46080,232448,-42224,106650,30476,418
81432,138240,250880,-25520,101051,5140,2209
81442,147456,281600,-30392,96146,-287,708
81452,221184,326656,-23896,92662,7699,1004
81462,221184,350208,-29232,88371,-4487,272
81472,394240,324608,15776,86412,-46553,2741
81482,462848,350208,25520,85614,-44625,2510
81492,483328,442368,9280,85675,10166,1124
81502,483328,627712,-32712,84562,102996,285
81512,600064,683008,-8352,84066,46460,1295
81522,773120,651264,27608,83460,1009,4046
81532,886784,700416,42224,84497,-14022,2686
81542,1310720,828416,109272,85794,26942,13228
81552,1392640,886784,114608,89261,10843,5045
81562,1809408,1025024,193488,94279,39357,10344
81572,1888256,1349632,122032,99240,145991,2841
81582,2472960,1668096,182352,104276,198005,12427
81592,2554880,1880064,152888,109845,194896,4313
81602,2756608,2224128,120640,114447,212613,6756
81612,2756608,2497536,58696,118156,214104,1739
81622,3107840,2668544,99528,120979,168802,10214
81632,3107840,2887680,49880,123967,166978,2630
81642,3107840,3097600,2320,125375,172842,720
81652,3107840,3166208,-13224,124009,76053,183
81662,4164608,3270656,202536,122896,28950,27413
81672,4164608,3456000,160544,127652,56959,7537
81682,4892672,3635200,284896,134530,45129,14123
81692,4892672,4070400,186296,141643,154815,3638
81702,4944896,4451328,111824,146053,164408,1976
81713,5051392,4838400,48256,147772,155985,4314
81723,4998144,5166080,-38048,145275,143191,-196
81733,5105664,5383168,-62872,136029,100173,1962
81743,5051392,5622784,-129456,121706,143363,-188
81753,5051392,5728256,-153352,105594,147345,-55
81763,5051392,5601280,-124584,88147,16179,-18
81773,4075520,5407744,-301832,67019,-116973,-32728
81783,3988480,5382144,-315752,20597,-103387,-11119
81793,3141632,5419008,-515968,-8350,11199,-17762
81803,2787328,4975616,-457736,-22829,-234209,-8813
81813,1577984,4110336,-573736,-34950,-392340,-31791
81823,1184768,3753984,-582088,-50035,-231145,-14684
81833,455680,2812928,-534064,-64212,-457424,-28487
81843,455680,2232320,-402520,-77843,-351066,-7349
81853,193536,1630208,-325496,-89583,-315174,-6220
81863,193536,973824,-176784,-97825,-376597,-1714
81873,0,633856,-143608,-103516,-251214,-4852
81883,-4096,370688,-84912,-107457,-141459,-1323
81893,0,157696,-35728,-109341,-126118,-319
81903,0,-30720,6960,-109799,-112934,-87
81913,-7168,-154624,33408,-107554,-95045,-146
81923,-10240,-279552,61016,-101358,-88527,-79
81933,-65536,-290816,51040,-93323,7871,-1204
81943,-77824,-294912,49184,-85181,17647,-538
81953,-117760,-373760,58000,-76373,-9869,-839
81963,-117760,-486400,83520,-67101,-67288,-234
81973,-154624,-516096,81896,-57319,-64270,-634
81983,-166912,-504832,76560,-47513,-12255,-305
81993,-212992,-496640,64264,-37651,-2594,-1136
82003,-219136,-490496,61480,-27548,20344,-392
82013,-279552,-398336,26912,-20253,78658,-1182
82023,-279552,-404480,28304,-14551,42685,-309
82033,-385024,-493568,24592,-12087,-51521,-1713
82043,-413696,-467968,12296,-11820,-55193,-796
82053,-550912,-405504,-32944,-12361,-7046,-3138
82063,-550912,-430080,-27376,-13294,-700,-813
82073,-768000,-502784,-60088,-14846,-9077,-3855
82083,-768000,-635904,-29928,-16194,-44419,-997
82093,-1529856,-775168,-170984,-20301,-98326,-18448
82103,-1717248,-966656,-170056,-26348,-123961,-5079
82113,-3862528,-1087488,-628720,-31817,-71602,-44233
82123,-3862528,-1477632,-540328,-45415,-144649,-12170
82133,-6507520,-2641920,-875800,-54820,-589887,-30894
82143,-6507520,-3228672,-742864,-78197,-392237,-7971
82153,-7999488,-4824064,-719432,-93798,-783820,-23813
82163,-8588288,-5660672,-663288,-112475,-549887,-22410
82173,-8675328,-6546432,-482328,-127930,-454533,-7909
82183,-8852480,-7585792,-286984,-140678,-555636,-4610
82193,-8852480,-7917568,-211816,-149105,-286051,-1193
82203,-9216000,-8271872,-213904,-155510,-164099,-7605
82213,-9309184,-8681472,-142216,-161087,-177157,-3230
82223,-9309184,-8920064,-88160,-164426,-113312,-893
82233,-9123840,-9441280,71920,-163078,-272396,3242
82243,-8942592,-9626624,132008,-149386,-144948,3295
82253,-5922816,-9594880,831952,-102912,-83972,84328
82263,-4033536,-9350144,1204544,9724,93437,57177
82273,-4033536,-8591360,1032632,33004,335896,15723
82283,-840704,-7085056,1414736,52102,700915,86743
82293,-222208,-5559296,1209184,66440,823670,33965
82303,3072,-4014080,910136,92691,904990,12219
82313,6144,-2611200,592992,116882,767157,3437
82323,6144,-1408000,320392,132554,672228,883
82333,0,-811008,183744,141047,429379,247
82343,0,-348160,78880,145701,306980,60
82353,0,-106496,17632,147778,219371,12
82363,0,22528,-5104,148384,130787,0
82373,39936,186368,-33176,147040,133931,968
82383,39936,287744,-56144,143102,116914,263
82393,208896,328704,-27144,136208,62341,5729
82403,208896,468992,-58928,130389,86403,1473
82413,208896,526336,-71920,121963,56604,402
82423,409600,584704,-39672,111276,32312,6829
82433,483328,718848,-53360,105036,77132,3435
82443,483328,743424,-58928,97988,42869,942
82453,1003520,686080,71920,99079,-34837,6449
82463,1003520,848896,35032,100309,26988,1769
82473,6782976,1108992,1285512,100430,106415,95726
82483,6782976,1909760,1104088,114932,430355,24681
82493,6782976,3283968,792744,143069,671562,6785
82503,6782976,4797440,449848,163852,759217,1745
82513,15115264,6185984,2023040,164592,754753,93703
82523,15115264,8075264,1595000,186766,1017465,25770
82533,14285824,10403840,879512,222454,1232258,-6177
82543,8941568,12227584,-744488,216493,1038498,-159079
82553,7756800,13251584,-1244912,76226,648659,-70729
82563,7756800,12906496,-1166728,-18949,-35021,-18242
82573,2668544,11363328,-1969912,-21905,-782718,-89088
82583,2668544,9207808,-1481552,-44538,-1111557,-24509
82593,713728,6829056,-1385504,-65696,-1259970,-36535
82603,345088,4690944,-984608,-94458,-1301267,-19609
82613,231424,3187712,-669784,-120165,-1010787,-7822
82623,231424,2203648,-446832,-139004,-648775,-2021
82633,9216,1626112,-366328,-151479,-378445,-7107
82643,9216,1159168,-260536,-162071,-283630,-1836
82653,-4096,837632,-190704,-170211,-252052,-715
82663,0,649216,-147088,-176563,-155091,-68
82673,0,390144,-88392,-180646,-136778,-21
82683,0,54272,-12296,-182295,-184971,-10
82693,0,-196608,44544,-180809,-182366,-10
82703,0,-231424,52432,-175936,-44522,-10
82713,0,-215040,48720,-167636,5955,-10
82723,0,-369664,83752,-156674,-50948,-10
82733,0,-516096,116928,-144789,-119990,-10
82743,0,-424960,96280,-131900,-25945,-10
82753,0,-245760,55680,-119919,98555,-10
82763,0,-244736,55448,-108864,83328,-10
82773,0,-384000,87000,-97364,-31613,-10
82783,0,-468992,106256,-86065,-89835,-10
82793,0,-401408,90944,-74334,-31797,-10
82803,0,-297984,67512,-64346,97465,-10
82813,0,-154624,35032,-55489,101056,-10
82823,0,-150528,34104,-47957,63787,-10
82833,0,-187392,42456,-41653,8445,-10
82843,0,-275456,62408,-35465,-68584,-10
82853,0,-257024,58232,-30506,3855,-10
82863,0,-94208,21344,-27025,28216,-10
82873,0,34816,-7888,-24359,95388,-10
82883,0,24576,-5568,-22151,57223,-10
82893,0,-46080,10440,-20196,-14000,-10
82903,0,-129024,29232,-18557,-83501,-10
82913,0,-14336,3248,-17715,-11659,-10
82923,0,181248,-41064,-17352,111349,-10
82933,0,188416,-22968,-17292,29076,-10
82943,0,-43008,9744,-16954,-80300,-10
82954,0,-13312,3016,-16718,-48859,-10
82964,0,186368,-42224,-17071,88538,-10
82974,0,160768,-36424,-17311,60723,-10
82984,0,-50176,11368,-17484,-87368,-10
82994,0,63488,-23896,-17714,36718,-10
83004,0,154624,-35032,-18030,66908,-10
83014,0,1024,-232,-18580,-57534,-10
83024,0,-52224,11832,-18561,-84132,-10
83034,0,142336,-32248,-18681,65038,-10
83044,0,136192,-30856,-18546,-43122,-10
83054,0,-150528,34104,-17364,-134322,-10
83064,0,167936,-38048,-16826,105141,-10
83074,0,149504,-33872,-16288,75847,-10
83084,0,-95232,21576,-15497,-96341,-10
83094,0,147456,-33408,-15218,83363,-10
83104,0,113664,-25752,-14996,46701,-10
83114,0,-68608,15544,-14797,-84109,-10
83124,0,78848,-17864,-14611,31819,-10
83134,0,156672,-35496,-14342,79496,-10
83144,0,-126976,42456,-13318,-160335,-10
83154,0,7168,-1624,-12297,-5967,-10
83164,0,237568,-53824,-12108,130810,-10
83174,0,-77824,17632,-11767,-184914,-10
83184,0,40960,-9280,-10998,-12164,-10
83194,0,229376,-51968,-11145,105176,-10
83204,0,-192512,43616,-10029,-190330,-10
83214,0,30720,-6960,-9218,-6151,-10
83224,0,203776,-46168,-8808,108916,-10
83234,0,-34816,7888,-7715,-59864,-10
83244,0,-7168,1624,-6572,-13552,-10
83254,0,130048,-29464,-6242,78692,-10
83264,0,115712,-26216,-6309,53024,-10
83274,6144,84992,-17864,-6845,15479,225
83284,6144,25600,-4408,-7381,-35182,58
83294,79872,136192,-12760,-6994,56443,1486
83304,107520,244736,-19952,-5478,84154,780
83314,110592,-29696,31784,-4195,-99864,296
83324,107520,131072,-5336,-2960,14480,11
83334,107520,233472,-28536,-3018,59920,0
83344,107520,192512,-19256,-3670,11164,0
83354,107520,222208,-25984,-4479,13907,0
83364,107520,33792,16704,-4708,-127621,0
83374,107520,159744,-11832,-4395,-8561,0
83384,12288,295936,-66584,-5011,98096,-1789
83394,-4096,153600,-35728,-5864,-1664,-1121
83404,-4096,126976,-29696,-6804,1204,-293
83414,-4096,64512,-15544,-7665,-36157,-84
83424,-4096,4096,-1856,-8078,-55549,-26
83434,-4096,274432,-63104,-8441,137901,-10
83444,-4096,169984,-39440,-8882,47057,-10
83454,-4096,-148480,32712,-8776,-178293,-10
83464,-4096,52224,-12760,-8307,-3971,-10
83474,-4096,248832,-57304,-8250,137855,-10
83484,-4096,6144,-2320,-8041,-45727,-10
83494,-4096,-75776,16240,-7555,-98980,-10
83504,-4096,-3072,-232,-7486,-39094,-10
83514,-4096,171008,-39672,-8189,72886,-10
83524,-4096,237568,-54752,-8835,110075,-10
83534,-4096,108544,-25520,-9487,7906,-10
83544,0,-67584,15312,-9810,-107196,128
83554,0,-114688,25984,-9507,-122538,31
83564,0,-40960,9280,-8871,-44545,5
83574,6144,-16384,5104,-8041,-9846,205
83584,33792,44032,-2320,-6620,41997,720
83594,33792,92160,-13224,-5105,71670,183
83604,372736,110592,59392,1064,77786,5773
83614,372736,179200,43848,3706,107322,1484
83624,1149952,263168,200912,8728,82468,13192
83634,1716224,356352,308096,17353,111441,10385
83644,2472960,579584,428968,27587,119680,19900
83654,2668544,1046528,367488,39026,228436,8694
83664,2847744,1539072,296496,50223,268471,5556
83674,2847744,1964032,195808,58729,246153,1429
83684,2879488,2414592,105328,63788,248299,913
83694,2847744,2753536,21344,66153,221815,-124
83704,2554880,2910208,-80504,63049,161344,-6704
83714,2317312,2950144,-143376,46415,80299,-5404
83724,1680384,2907136,-277936,7279,43064,-8525
83734,1680384,2742272,-240584,-7452,-25073,-2349
83744,1052672,2354176,-294872,-15948,-141678,-10311
83754,759808,1934336,-266104,-25065,-223331,-6118
83764,514048,1504256,-224344,-33404,-256102,-6826
83774,514048,1274880,-172376,-40270,-151752,-1763
83784,150528,1022976,-197664,-44904,-93955,-11202
83794,64512,786432,-163560,-50094,-69801,-4728
83804,64512,537600,-107184,-53908,-84947,-1304
83814,-7168,190464,-44776,-56920,-189469,-1199
83824,-7168,-32768,5800,-58533,-210342,-313
83834,-7168,-117760,25056,-58588,-165900,-90
83844,-10240,-63488,12064,-56502,-27723,-118
83854,-10240,-55296,10208,-52505,43580,-35
83864,-22528,-101376,6728,-47228,50270,-2056
83874,-71680,-140288,15544,-42368,50660,-568
83884,-173056,-218112,10208,-37692,21824,-2179
83894,-286720,-281600,-1160,-35804,8468,-2250
83904,-684032,-397312,-64960,-34501,-38773,-11561
83914,-1529856,-413696,-252880,-38792,-50420,-18849
83924,-3904512,-633856,-741008,-45339,-104351,-95774
83934,-3904512,-974848,-663752,-54756,-182894,-24701
83944,-17213440,-1638400,-3528720,-62392,-347039,-273064
83954,-17213440,-3073024,-3203688,-63397,-707433,-70419
83964,-17213440,-5937152,-2554784,-114659,-1490782,-19373
83974,-17213440,-8961024,-1869688,-184224,-1627398,-4999
83984,-17213440,-12221440,-1131000,-235338,-1693676,-1293
83994,-17213440,-14606336,-590672,-263673,-1418079,-359
84004,-17213440,-16058368,-261696,-277983,-901136,-95
84014,-17213440,-16820224,-89088,-283121,-476507,-28
84024,-17213440,-17022976,-43152,-284691,-167105,-11
84034,-17213440,-17174528,-8816,-284948,-73254,-10
84044,-17213440,-17372160,35960,-281999,-105659,-10
84054,-17213440,-17604608,88624,-272932,-114207,-10
84064,-5559296,-17811456,2775880,-17342,-74620,204918
84074,-1546240,-17409024,3593912,4040,203961,199879
84084,-871424,-15347712,3279784,5634,968078,67923
84094,-871424,-12293120,2587728,63063,1542015,17512
84104,-80896,-8940544,2007264,127346,1817406,33084
84114,-80896,-5815296,1299200,172860,1721294,8528
84124,0,-3678208,833344,207539,1334061,3529
84134,0,-2212864,501352,228747,883212,968
84144,0,-1300480,294640,242440,569438,247
84154,0,-815104,184672,250350,339659,64
84164,314368,-446464,172376,256999,221907,3765
84174,1138688,-45056,268192,262680,249894,21047
84184,2847744,348160,566312,270163,271649,35476
84194,16436224,838656,3513872,281440,333819,436259
84204,16436224,2025472,3264936,281440,574614,119993
84214,16436224,4319232,2745256,308936,1106703,30939
84224,16436224,7558144,2011440,372913,1667088,8505
84234,16436224,11016192,1227976,427440,1825461,2189
84245,16436224,13721600,615032,459107,1514063,560
84255,10802176,15477760,-1059312,442045,1052772,-176949
84265,10802176,16258048,-1236096,279535,558985,-48674
84275,10802176,15729664,-1116384,108421,-77718,-12555
84285,3280896,13962240,-2419992,-15790,-835478,-119697
84295,3280896,11834368,-1937896,-35736,-1158856,-30870
84305,2102272,9231360,-1565304,-69907,-1468452,-26179
84315,1094656,6703104,-1270664,-100983,-1358422,-28265
84325,787456,4413440,-821512,-129643,-1318938,-13848
84335,787456,3364864,-583944,-151654,-806493,-3813
84345,412672,2341888,-437088,-168192,-592458,-6567
84355,412672,1686528,-288608,-180405,-463942,-1697
84365,291840,1482752,-269816,-190209,-180531,-2338
84375,252928,950272,-157992,-197359,-242195,-1042
84385,107520,662528,-125744,-202112,-188999,-3394
84395,107520,429056,-72848,-205412,-129583,-878
84405,-4096,128000,-18096,-207293,-179085,-1401
84415,-4096,-162816,35960,-206539,-176285,-389
84425,-4096,-199680,44312,-201077,-57752,-104
84435,0,-334848,75864,-191397,-53575,14
84445,0,-432128,97904,-178091,-45819,0
84455,0,-471040,106720,-164044,-31533,0
84465,64512,-423936,110664,-148508,13195,1605
84475,64512,-398336,120408,-132566,-34264,410
84485,144384,-375808,117856,-116630,13035,1343
84495,144384,-286720,97672,-100549,53345,343
84505,144384,-161792,69368,-86735,112164,91
84515,615424,-232448,192096,-62471,6655,6845
84525,1697792,-220160,434536,-30289,-50133,33774
84535,1992704,176128,411568,7784,126450,14605
84545,3464192,723968,620832,19275,292292,59895
84555,3464192,1208320,511096,31113,335792,16471
84565,3464192,1954816,341968,45494,454463,4243
84575,16589824,2649088,3104160,47870,529518,173519
84585,16436224,4194304,2773560,57376,793583,47724
84595,16436224,7294976,2071064,116429,1488383,12304
84605,16436224,10457088,1354648,170171,1746102,3379
84615,16589824,13170688,774648,206302,1529703,5110
84625,15690752,14929920,172376,219684,1137363,-16586
84635,15690752,15795200,-23664,221445,628487,-4280
84645,6506496,16080896,-2181264,112979,331099,-238972
84655,6506496,15503360,-2038352,-6592,-193807,-61626
84665,2079744,13839360,-2664288,-11089,-736211,-90817
84675,1197056,11265024,-2281024,-35392,-1177456,-46283
84685,1197056,8572928,-1671096,-80418,-1455406,-11939
84695,285696,5996544,-1293864,-118854,-1379421,-16984
84705,285696,4160512,-877888,-153426,-1112223,-4385
84715,24576,3143680,-706672,-178652,-734605,-6108
84725,-4096,2268160,-514808,-199924,-567741,-1943
84735,-13312,1630208,-372360,-215390,-378594,-729
84745,-13312,614400,-142216,-223842,-526352,-205
84755,-80896,-144384,14384,-226843,-508865,-1875
84765,-102400,-400384,67512,-219601,-210628,-1077
84775,-102400,-1091584,224112,-197480,-341577,-282
84785,-322560,-955392,143376,-175626,-13403,-2880
84795,-322560,-1225728,204624,-151730,-160266,-796
84805,-643072,-993280,79344,-134591,34974,-5845
84815,-753664,-1008640,57768,-124259,-6025,-5566
84825,-760832,-1172480,93264,-114876,-102951,-1613
84835,-774144,-1346560,129688,-101251,-138556,-638
84845,-774144,-1393664,140360,-83129,-54470,-179
84855,-774144,-1501184,164720,-60558,-50500,-49
84865,-887808,-1644544,171448,-38719,-74276,-1890
84875,-940032,-1352704,93496,-24089,56019,-1147
84885,-1221632,-1103872,-26680,-17436,142847,-6709
84895,-1271808,-1034240,-53824,-18294,94436,-2731
84905,-1467392,-1195008,-61712,-20759,-68343,-4481
84915,-1482752,-1185792,-67280,-23328,-31521,-1610
84925,-1482752,-1211392,-61480,-24959,27481,-419
84935,-1467392,-1611776,32712,-23190,-185430,72
84945,-1467392,-1808384,77256,-17695,-159234,17
84955,-1467392,-1671168,46168,-9790,11256,0
84965,-1562624,-1799168,53592,-3780,-77110,-1070
84975,-1579008,-1758208,40600,635,929,-671
84985,-1579008,-1817600,54056,2317,-29330,-177
84995,-1546240,-1678336,29928,4243,94539,978
85005,-1546240,-1839104,66352,6226,-41103,248
85015,-1423360,-1605632,53360,8489,63913,1959
85025,-1423360,-1823744,90712,10525,-100094,535
85035,-1423360,-1588224,37352,12383,55858,135
85045,-1423360,-1694720,61480,13878,-47551,34
85055,-702464,-1369088,151032,15942,172486,21249
85065,-702464,-1693696,224576,21918,-73438,5841
85075,-702464,-1473536,174696,28791,73299,1502
85085,-363520,-1427456,241048,36270,22283,4970
85095,-363520,-1097728,166344,42468,138796,1364
85105,-225280,-766976,122728,47917,218166,2485
85115,-216064,-805888,133632,52493,61113,727
85125,-216064,-655360,99528,56494,77270,184
85135,-216064,-856064,122032,60117,-45750,44
85145,-212992,-451584,54056,62949,123466,100
85155,-212992,-533504,72616,65538,20229,22
85165,-212992,-317440,23664,67487,127918,3
85175,-206848,-459776,57304,69306,-11349,61
85185,-206848,-571392,82592,70911,-110180,13
85195,-197632,-242688,10208,72286,116995,133
85205,-200704,-335872,30624,73644,26609,-54
85215,-203776,-274432,16008,74607,50144,-84
85225,-212992,-339968,28768,74985,-33667,-377
85235,-212992,-295936,18792,74946,6047,-101
85245,-212992,-154624,-13224,74757,92209,-32
85255,-212992,-174080,-8816,74341,68996,-12
85265,-253952,-512000,58464,74748,4325,-1070
85275,-253952,-162816,-20648,74284,116455,-299
85285,-315392,-398336,18792,73604,-54103,-916
85295,-356352,-583680,51504,72626,-165923,-1388
85305,-388096,-245760,-32248,70707,83122,-958
85315,-433152,-294912,-31320,69380,45221,-1985
85325,-436224,-325632,-25056,65924,4853,-601
85335,-436224,-494592,13224,63157,-107644,-160
85345,-452608,-349184,-23432,60473,22191,-270
85355,-452608,-447488,-1160,58526,-35778,-74
85365,-448512,-516096,15312,58119,-56180,58
85375,-448512,-507904,13456,58354,-26966,12
85385,-444416,-450560,1392,58705,85956,104
85395,-444416,-421888,-5104,58298,49960,25
85405,-444416,-584704,31784,58119,-59634,3
85415,-440320,-459776,4408,57948,20791,104
85425,-436224,-475136,8816,58412,18015,100
85435,-436224,-430080,-1392,58356,45875,23
85445,-429056,-640000,47792,58734,-99646,189
85455,-424960,-504832,18096,59128,-10592,118
85465,-399360,-509952,25056,59302,-25577,944
85475,-388096,-316416,-16240,59383,109743,532
85485,-388096,-516096,29000,59257,-55365,134
85495,-260096,-627712,83288,60353,-126003,2559
85505,-260096,-310272,11368,61712,99496,656
85515,-216064,-304128,19952,62904,71085,1003
85525,-169984,-265216,21576,63931,59163,1799
85535,-163840,-385024,50112,64890,-66266,610
85545,-163840,-264192,22736,65726,16523,164
85555,-169984,-223232,12064,66576,38279,-167
85565,-169984,-289792,27144,67453,-12049,-46
85575,-169984,-405504,53360,68165,-88321,-17
85585,-169984,-53248,-26448,67918,154310,-10
85595,-173056,-239616,15080,68404,13540,-83
85605,-173056,-449536,62640,69419,-121872,-26
85615,-209920,-284672,16936,70342,24268,-1246
85625,-209920,-208896,-232,70319,64510,-326
85635,-343040,-440320,22040,69067,-106232,-2282
85646,-343040,-473088,29464,66995,-118315,-632
85656,-940032,-171008,-174232,56571,104200,-13755
85666,-940032,-348160,-134096,37372,-56593,-3552
85676,-2880512,-519168,-534992,8046,-88332,-61974
85686,-2880512,-865280,-456576,-12569,-181781,-15985
85696,-2880512,-1218560,-376536,-25554,-240233,-4126
85706,-4893696,-2382848,-568864,-35041,-573283,-25172
85716,-4589568,-2786304,-408552,-50804,-320429,-4
85726,-4444160,-3927040,-117160,-58827,-556863,2392
85736,-4165632,-4248576,18792,-61568,-297813,9368
85746,-3658752,-4571136,206712,-45902,-213704,13229
85756,-3658752,-4559872,204160,-18178,-86496,3635
85766,-2243584,-4146176,431056,8623,168848,20496
85776,-2243584,-3780608,348232,20719,260255,5282
85786,-2243584,-3266560,231768,31387,317777,1448
85796,-1351680,-2920448,355424,42404,252865,9729
85806,-1298432,-2658304,308096,52669,150340,3808
85816,-1338368,-2158592,185832,60941,221104,361
85826,-1467392,-1950720,109504,66118,116386,-3474
85836,-1529856,-1734656,46400,68067,83730,-2292
85846,-1529856,-1443840,-19488,68583,176697,-595
85856,-1681408,-1618944,-14152,66631,-8698,-3735
85866,-1681408,-1723392,9512,64350,-59118,-967
85876,-1792000,-1514496,-62872,59782,96467,-1855
85886,-1792000,-1714176,-17632,55966,-39588,-514
85896,-1950720,-1850368,-22736,50818,-104695,-3312
85906,-2058240,-1666048,-88856,41466,65829,-2318
85916,-2058240,-1780736,-62872,33941,15800,-642
85926,-2880512,-2012160,-196736,15596,-82526,-16620
85936,-6241280,-2114560,-934960,-7503,-76961,-92345
85946,-6241280,-2552832,-835664,-19687,-171454,-23817
85956,-7293952,-3915776,-765368,-38460,-664507,-25890
85966,-7293952,-4653056,-598328,-57917,-495956,-7124
85976,-7145472,-5865472,-290000,-71781,-522864,2005
85986,-6784000,-6828032,9976,-76090,-558550,7779
85996,-5985280,-7107584,254272,-71182,-306487,32471
86006,-5618688,-6931456,297424,-33156,7779,17864
86016,-3904512,-6592512,609000,4564,194678,37061
86026,-2583552,-6236160,827544,19536,223663,56793
86036,-2583552,-5507072,662360,35916,338478,14641
86046,-1646592,-4484096,642872,53070,529025,20247
86056,-1646592,-3792896,486272,70128,465467,5565
86066,-774144,-3104768,528032,84195,385982,22615
86076,-774144,-2468864,383960,97205,360130,6216
86086,-200704,-2018304,411800,109706,256893,12350
86096,-200704,-1456128,284432,120786,273818,3181
86106,0,-978944,221792,129078,281781,4401
86116,-4096,-547840,123192,135259,263766,930
86126,0,-198656,45008,138660,241070,330
86136,0,-49152,11136,139841,140231,87
86146,0,178176,-40368,138442,150696,19
86156,0,252928,-57304,132464,82112,2
86166,70656,221184,-34104,125632,-6541,1162
86176,246784,396288,-58464,117896,149571,5832
86186,246784,525312,-63104,113844,128309,1600
86196,246784,429056,-41296,108591,20023,409
86206,451584,325632,28536,107584,-83559,2554
86216,974848,596992,85608,107687,75468,12566
86226,1324032,679936,145928,111474,65313,9594
86236,1324032,1010688,70992,115497,187954,2471
86246,1324032,1298432,5800,117472,211144,633
86256,1324032,1562624,-54056,116037,219256,171
86266,9308160,1586176,1749512,115547,60482,95357
86276,12498944,2887680,2177552,121402,540316,92679
86286,12498944,5087232,1679216,145150,1051338,25489
86296,11343872,7821312,798080,179873,1385754,-34650
86306,11343872,9844736,339648,193639,1166543,-9535
86316,7998464,11062272,-694144,128920,690014,-54164
86326,7998464,10891264,-655400,28039,-18440,-14902
86336,3903488,10297344,-1448608,-6060,-239441,-97060
86346,3903488,8573952,-1058152,-21382,-695178,-25032
86356,1138688,6702080,-1260456,-41280,-1019738,-93793
86366,1138688,5365760,-957696,-56212,-860286,-24189
86376,455680,4052992,-815016,-77876,-828605,-17917
86386,455680,3152896,-611088,-100680,-593284,-4624
86396,135168,2227200,-473976,-118053,-366109,-8035
86406,135168,1585152,-328512,-131279,-428761,-2215
86416,-7168,1292288,-294408,-141607,-161161,-2299
86426,-7168,882688,-201608,-149090,-158442,-636
86436,0,296960,-67280,-153772,-289023,-57
86446,0,373760,-84680,-156478,-48584,-19
86456,0,-156672,35496,-156977,-258363,-10
86466,0,-13312,3016,-154364,-4051,-10
86476,0,-92160,20880,-149548,16775,-10
86486,0,-393216,89088,-141236,-130857,-10
86496,0,-277504,62872,-131775,44142,-10
86506,89088,-221184,70296,-121582,55468,2617
86516,178176,-351232,119944,-106921,-35836,2453
86526,178176,-230400,92568,-93205,32220,671
86536,178176,-71680,56608,-81911,86323,170
86546,178176,-108544,64496,-73520,-7080,40
86556,1032192,28672,227360,-47176,29122,12381
86566,1392640,235520,262160,-6239,89685,6971
86576,1392640,542720,192560,6726,165108,1914
86586,1392640,823296,128992,12344,144729,489
86596,3007488,1111040,429664,16259,127012,44734
86606,3353600,1431552,435464,25556,153851,18024
86616,8080384,1889280,1402672,37027,226497,185266
86626,8080384,2696192,1219856,41264,427750,47771
86636,11343872,3948544,1675504,51608,720284,78427
86646,13885440,5664768,1862496,66527,936282,95987
86656,13885440,7764992,1386664,85544,1165717,26399
86666,13885440,9816064,921968,119506,1134815,6804
86676,9122816,11601920,-561672,134582,1017809,-168574
86686,9122816,12349440,-731032,42553,552284,-46372
86696,5160960,12265472,-1609616,-4268,82410,-86271
86706,2242560,10656768,-1906344,-22803,-724978,-135061
86716,1364992,8748032,-1672720,-28881,-1045590,-57560
86726,1364992,6353920,-1130304,-59810,-1307417,-14847
86736,500736,4510720,-908512,-85844,-1195884,-17576
86746,500736,3163136,-603200,-109830,-861078,-4535
86756,231424,2174976,-440336,-126535,-697255,-5907
86766,231424,1910784,-380480,-139792,-194254,-1628
86776,3072,1068032,-241280,-149994,-405375,-5969
86786,0,1043456,-236408,-158157,-122205,-1703
86796,-25600,638976,-150568,-164923,-197811,-1089
86806,-25600,258048,-64264,-168901,-243526,-303
86816,-25600,193536,-49648,-171011,-80598,-82
86826,-219136,-35840,-25056,-172552,-132131,-2335
86836,-424960,-388096,-8352,-173192,-198385,-5644
86846,-537600,-227328,-70296,-174328,55158,-3439
86856,-714752,-661504,-12064,-175240,-149147,-4063
86866,-714752,-1004544,65656,-172522,-234255,-1121
86876,-714752,-859136,32712,-166240,3648,-293
86886,-1128448,-1258496,29464,-164896,-166554,-5352
86896,-1128448,-1380352,57072,-161112,-134448,-1384
86906,-2080768,-1500160,-131544,-161371,-98544,-16059
86916,-6926336,-1580032,-1211272,-166088,-31154,-125674
86926,-8081408,-2703360,-1218464,-169502,-526593,-58704
86937,-8081408,-3487744,-1040752,-193965,-687984,-15141
86947,-8081408,-5255168,-640320,-217719,-718575,-4169
86957,-17213440,-6877184,-2341808,-227518,-790417,-208951
86967,-17213440,-8306688,-2017936,-230663,-776155,-57477
86977,-17213440,-10483712,-1524704,-268541,-979072,-14824
86987,-17213440,-12990464,-956768,-305124,-1217342,-4081
86997,-17213440,-15191040,-458200,-329184,-1188747,-1056
87007,-17213440,-16253952,-171680,-340123,-812793,-275
87017,-3075072,-17155072,3190000,-145905,-488761,321752
87027,-1849344,-16754688,3376992,10115,84246,101909
87037,-684032,-14781440,3193944,34642,915903,60614
87047,-684032,-11589632,2470800,92268,1581442,16669
87057,-684032,-7886848,1631888,157269,1898669,4295
87067,-44032,-4894720,1098984,195387,1737393,8341
87077,0,-2804736,635448,223804,1247898,3087
87087,0,-1710080,387440,240118,744116,845
87097,0,-1128448,255664,250686,365959,214
87107,0,-805888,182584,257988,187919,51
87117,0,-450560,102080,262651,192062,1884
87127,76800,-269312,78416,265570,85898,1329
87137,76800,169984,-21112,264998,161803,338
87147,205824,491520,-64728,258586,164167,2084
87157,342016,884736,-122960,245012,235917,4296
87167,362496,966656,-133168,228465,114149,1514
87177,362496,1034240,-152192,208449,57476,412
87187,419840,1209344,-178872,184674,81102,757
87197,405504,1183744,-176320,159632,-12,-83
87207,387072,1316864,-210656,131871,72978,-292
87217,345088,1169408,-186760,104966,-21710,-1239
87227,331776,1103872,-174928,80618,-21848,-611
87237,334848,930816,-135024,57792,-87816,56
87247,334848,728064,-89088,42150,-118648,12
87257,387072,509952,-27840,30928,-172705,1045
87267,405504,480256,-16936,25493,-97649,515
87277,405504,703488,-67512,22339,124935,137
87287,405504,533504,-29000,17465,-16031,31
87297,405504,739328,-75632,10874,102376,6
87307,405504,727040,-72848,2088,48594,0
87317,610304,575488,7888,70,-40575,3838
87327,605184,714752,-24824,-107,73185,982
87337,549888,798720,-56376,-373,116891,-1183
87347,483328,653312,-38512,-1732,91624,-1480
87357,362496,675840,-70992,-4529,-43260,-2846
87367,331776,468992,-31088,-7464,-180450,-1532
87377,331776,531456,-45240,-9733,-82801,-425
87387,256000,452608,-44544,-11348,-45314,-1244
87397,199680,185344,3248,-12424,-115206,-1692
87407,9216,462848,-102776,-14452,67367,-4041
87417,-13312,208896,-50344,-17081,-98533,-1802
87427,9216,481280,-106952,-19677,115055,84
87437,9216,324608,-71456,-21827,28606,18
87447,0,109568,-24824,-23791,-111970,-116
87457,0,217088,-49184,-25156,28560,-34
87467,6144,-15360,4872,-26195,-129629,95
87477,138240,230400,-20880,-26553,75697,4450
87487,184320,160768,5336,-25261,41343,2194
87497,252928,365568,-25520,-22206,164132,1730
87507,362496,84992,62872,-16495,-64465,2091
87517,362496,267264,21576,-11078,59243,571
87527,376832,189440,42456,-7646,-49215,380
87537,376832,334848,9512,-5452,77522,94
87547,376832,435200,-13224,-5690,27745,23
87557,331776,638976,-69600,-6735,139611,-741
87567,215040,546816,-75168,-8224,42157,-3876
87577,187392,508928,-72848,-10386,22180,-1633
87587,187392,438272,-37816,-12688,-88573,-425
87597,64512,256000,-43384,-15061,-128918,-2546
87607,64512,462848,-90248,-17966,35330,-661
87617,64512,407552,-77720,-20551,15846,-174
87627,0,343040,-77720,-23368,-25784,-773
87637,0,70656,-16008,-25785,-182562,-203
87647,0,304128,-68904,-27824,32278,-58
87657,0,248832,-56376,-29574,16580,-19
87667,0,81920,-18560,-30694,-84936,-10
87677,0,51200,-11600,-31691,-63524,-10
87687,-7168,238592,-55680,-32719,86266,-220
87697,-7168,283648,-65888,-33773,15238,-61
87707,-7168,-36864,6728,-34649,-126692,-21
87717,-10240,227328,-53824,-35508,83867,-41
87727,0,215040,-48720,-36197,76581,203
87737,0,13312,-3016,-36886,-63363,48
87747,104448,56320,10904,-37373,-11383,2894
87757,263168,106496,35496,-35525,-21045,3967
87767,263168,306176,-9744,-33622,85107,1019
87777,1258496,431104,187456,-25942,62490,27756
87787,1452032,249856,272368,2215,-69801,11503
87797,2582528,657408,436160,11467,133449,28405
87807,2726912,1164288,354032,22377,294667,11798
87817,2726912,1658880,241976,32983,330250,3039
87827,3007488,2200576,182816,40625,359568,5673
87837,3007488,2549760,103704,45827,245591,1459
87847,3007488,2982912,5568,47909,253210,372
87857,3210240,3059712,34104,49140,102537,3035
87867,3210240,3142656,15312,48954,32599,780
87877,3210240,3420160,-47560,45807,139370,210
87887,3210240,3492864,-64032,39836,102066,51
87897,3210240,3424256,-48488,32669,-3844,10
87907,2817024,3499008,-154512,15914,11038,-7376
87917,2527232,3614720,-246384,-2527,56684,-12270
87927,2499584,3558400,-239888,-9786,19059,-4142
87937,2499584,3301376,-181656,-17114,-101815,-1072
87947,2057216,3127296,-242440,-23046,-86381,-16101
87957,2057216,3116032,-239888,-30593,-12393,-4432
87967,2057216,2741248,-154976,-37457,-168379,-1146
87977,1868800,2525184,-148712,-43597,-179245,-1868
87987,1868800,2643968,-175624,-49499,15203,-517
87997,1868800,2298880,-97440,-54107,-134219,-138
88008,1809408,2262016,-102544,-57868,-73013,-1280
88018,1809408,2162688,-80040,-61388,-74654,-334
88028,1392640,2275328,-199984,-66248,39449,-7417
88038,1392640,1987584,-134792,-71626,-121471,-2044
88048,514048,1976320,-331296,-77749,-41791,-21863
88058,435200,1601536,-264248,-86938,-226119,-7404
88068,439296,1667072,-278168,-96537,-29123,-1713
88078,443392,1480704,-235016,-104289,16925,-346
88088,443392,894976,-102312,-109668,-232614,-99
88098,443392,815104,-84216,-113574,-121207,-30
88108,416768,802816,-96048,-115923,46036,-618
88118,416768,581632,-37352,-117318,-50225,-174
88128,416768,575488,-35960,-118195,14469,-49
88138,416768,435200,-4176,-118319,-45119,-18
88148,321536,267264,12296,-118253,-125888,-1578
88158,321536,292864,-6264,-118515,-32806,-412
88168,345088,498688,-34800,-118353,91119,419
88178,352256,522240,-38512,-117747,97763,222
88188,355328,491520,-30856,-117265,60999,94
88198,345088,310272,7888,-116839,-78016,-212
88208,334848,376832,-9512,-117098,-24682,-218
88218,324608,525312,-45472,-118013,68468,-247
88228,305152,548864,-55216,-119597,45072,-511
88238,281600,499712,-49416,-121539,-10603,-499
88248,275456,575488,-67976,-123485,45324,-334
88258,278528,596992,-72152,-125320,68572,-24
88268,278528,409600,-29696,-126283,-24763,-10
88278,337920,391168,-12064,-127037,-5371,1741
88288,369664,399360,-6728,-127061,10533,1123
88298,369664,354304,3480,-126554,-22835,305
88308,455680,246784,47328,-123800,-104442,1037
88318,455680,329728,28536,-121908,18577,264
88328,1337344,651264,155440,-102137,129582,13695
88338,1545216,803840,167968,-71357,159542,5709
88348,1545216,964608,131544,-47753,152451,1567
88358,2124800,1167360,216920,-17263,116559,8797
88368,2124800,1532928,134096,2396,178051,2416
88378,4209664,1883136,527104,6678,188906,45111
88388,5160960,2296832,650760,17653,204810,25412
88398,9980928,2972672,1587808,29764,330824,149019
88408,11016192,4076544,1572264,31975,573420,59135
88418,11016192,5459968,1258832,60695,739056,16262
88428,16284672,7400448,2012832,63348,965462,59470
88438,16284672,9683968,1495472,98547,1230984,16354
88448,16743424,11942912,1087616,135710,1247312,10861
88458,16743424,13723648,684168,164755,1015663,2797
88468,16743424,14970880,401592,182357,759607,766
88478,11343872,15695872,-986000,80583,444491,-78038
88488,6998016,15665152,-1963648,-5841,94332,-140186
88498,6998016,14243840,-1641632,-18019,-584701,-36153
88508,3280896,12363776,-2057840,-26245,-947700,-70675
88518,3280896,9667584,-1446984,-59008,-1385823,-18229
88528,3280896,7354368,-922896,-96389,-1434441,-4704
88538,1208320,5735424,-1025672,-114394,-986564,-37648
88548,1208320,4213760,-680920,-136658,-842983,-9712
88558,584704,3262464,-606680,-154860,-635132,-14372
88568,545792,2347008,-408088,-171281,-540845,-4205
88578,545792,1419264,-197896,-181986,-534603,-1088
88588,405504,787456,-86536,-186993,-424091,-2935
88598,314368,366592,-11832,-187575,-249493,-3816
88608,221184,-182272,91408,-180061,-286717,-3251
88618,221184,-384000,137112,-165449,-191615,-898
88628,0,-529408,119944,-145133,-127357,-7651
88638,0,-526336,119248,-127480,-7964,-2108
88648,-117760,-670720,125280,-108594,-42973,-2619
88658,-117760,-851968,166344,-87969,-103674,-679
88668,-480256,-985088,114376,-70554,-137638,-8991
88678,-637952,-782336,32712,-60558,72898,-4921
88688,-1325056,-970752,-80272,-51455,-8997,-24394
88698,-1498112,-1269760,-51736,-53233,-132670,-10496
88708,-2058240,-1321984,-166808,-56999,-52600,-11944
88718,-2058240,-1855488,-45936,-60100,-235597,-3290
88728,-8852480,-2194432,-1508464,-61009,-238936,-155510
88738,-8852480,-2814976,-1367872,-67514,-309287,-40105
88748,-17213440,-4520960,-2875640,-69912,-743303,-110851
88758,-17213440,-7918592,-2105864,-95324,-1619320,-28589
88768,-17213440,-11250688,-1350936,-142430,-1827722,-7867
88778,-17213440,-14458880,-624080,-175060,-1739540,-2032
88788,-17213440,-16080896,-256592,-189687,-1144673,-563
88798,-17213440,-16699392,-116464,-196459,-555131,-149
88808,-17213440,-16592896,-140592,-201428,-113083,-42
88818,-17213440,-16673792,-122264,-206216,-87437,-16
88828,-17213440,-16892928,-72616,-209729,-104328,-10
88838,-17213440,-17580032,83056,-207848,-338708,-10
88848,-17213440,-18009088,180264,-191501,-314382,-10
88858,-17213440,-18155520,213440,-164572,-200462,-10
88868,-17213440,-17969152,171216,-134908,64957,-10
88878,-13886464,-18161664,968600,-57547,-117374,70991
88888,-13886464,-17092608,726392,12079,452638,19523
88898,-2944000,-16131072,2987696,13057,630874,173162
88908,-2944000,-14052352,2516736,23755,1178006,44649
88918,-2944000,-11318272,1897296,75045,1638631,12277
88928,-654336,-8303616,1733040,98301,1894951,28789
88938,-654336,-6146048,1244216,140811,1629394,7420
88948,-191488,-4484096,972544,172733,1275574,9191
88958,-154624,-3311616,715256,200677,930418,2753
88968,-154624,-2526208,537312,223329,691241,706
88978,-123904,-2083840,444048,241087,501578,635
88988,-71680,-1759232,382336,256270,350457,1603
88998,-13312,-1236992,277240,267190,361014,1682
89008,-13312,-652288,144768,273838,379625,458
89018,-13312,-652288,144768,273838,379625,458
89028,-13312,-652288,144768,273838,379625,458
89038,-13312,-652288,144768,273838,379625,458
89048,-13312,-652288,144768,273838,379625,458
89058,-13312,-652288,144768,273838,379625,458
89068,-13312,-652288,144768,273838,379625,458
89078,-13312,-652288,144768,273838,379625,458
89088,-13312,-652288,144768,273838,379625,458
89098,-13312,-652288,144768,273838,379625,458
89108,-13312,-652288,144768,273838,379625,458
89118,-13312,-652288,144768,273838,379625,458
89128,-13312,-652288,144768,273838,379625,458
89138,-13312,-652288,144768,273838,379625,458
89148,-13312,-652288,144768,273838,379625,458
89158,-13312,-652288,144768,273838,379625,458
89168,-13312,-652288,144768,273838,379625,458
89178,-13312,-652288,144768,273838,379625,458
89188,-13312,-652288,144768,273838,379625,458
89198,-13312,-652288,144768,273838,379625,458
89208,-13312,-652288,144768,273838,379625,458
89218,-13312,-652288,144768,273838,379625,458
89228,-13312,-652288,144768,273838,379625,458
89238,-13312,-652288,144768,273838,379625,458
89248,-13312,-652288,144768,273838,379625,458
89258,-13312,-652288,144768,273838,379625,458
89268,-13312,-652288,144768,273838,379625,458
89278,-13312,-652288,144768,273838,379625,458
89288,-13312,-652288,144768,273838,379625,458
89298,-13312,-652288,144768,273838,379625,458
89308,-13312,-652288,144768,273838,379625,458
89318,-13312,-652288,144768,273838,379625,458
89328,-13312,-652288,144768,273838,379625,458
89339,-13312,-652288,144768,273838,379625,458
89349,-13312,-652288,144768,273838,379625,458
89359,-13312,-652288,144768,273838,379625,458
89369,-13312,-652288,144768,273838,379625,458
89379,-13312,-652288,144768,273838,379625,458
89389,-13312,-652288,144768,273838,379625,458
89399,-13312,-652288,144768,273838,379625,458
89409,-13312,-652288,144768,273838,379625,458
89419,-13312,-652288,144768,273838,379625,458
89429,-13312,-652288,144768,273838,379625,458
89439,-13312,-652288,144768,273838,379625,458
89449,-13312,-652288,144768,273838,379625,458
89459,-13312,-652288,144768,273838,379625,458
89469,-13312,-652288,144768,273838,379625,458
89479,-13312,-652288,144768,273838,379625,458
89489,-13312,-652288,144768,273838,379625,458
89499,-13312,-652288,144768,273838,379625,458
89509,-13312,-652288,144768,273838,379625,458
89519,-13312,-652288,144768,273838,379625,458
89529,-13312,-652288,144768,273838,379625,458
89539,-13312,-652288,144768,273838,379625,458
89549,-13312,-652288,144768,273838,379625,458
89559,-13312,-652288,144768,273838,379625,458
89569,-13312,-652288,144768,273838,379625,458
89579,-13312,-652288,144768,273838,379625,458
89589,-13312,-652288,144768,273838,379625,458
89599,-13312,-652288,144768,273838,379625,458
89609,-13312,-652288,144768,273838,379625,458
89619,-13312,-652288,144768,273838,379625,458
89629,-13312,-652288,144768,273838,379625,458
89639,-13312,-652288,144768,273838,379625,458
89649,-13312,-652288,144768,273838,379625,458
89659,-13312,-652288,144768,273838,379625,458
89669,-13312,-652288,144768,273838,379625,458
89679,-13312,-652288,144768,273838,379625,458
89689,-13312,-652288,144768,273838,379625,458
89699,-13312,-652288,144768,273838,379625,458
89709,-13312,-652288,144768,273838,379625,458
89719,-13312,-652288,144768,273838,379625,458
89729,-13312,-652288,144768,273838,379625,458
89739,-13312,-652288,144768,273838,379625,458
89749,-13312,-652288,144768,273838,379625,458
89759,-13312,-652288,144768,273838,379625,458
89769,-13312,-652288,144768,273838,379625,458
89779,-13312,-652288,144768,273838,379625,458
89789,-13312,-652288,144768,273838,379625,458
89799,-13312,-652288,144768,273838,379625,458
89809,-13312,-652288,144768,273838,379625,458
89819,-13312,-652288,144768,273838,379625,458
89829,-13312,-652288,144768,273838,379625,458
89839,-13312,-652288,144768,273838,379625,458
89849,-13312,-652288,144768,273838,379625,458
89859,-13312,-652288,144768,273838,379625,458
89869,-13312,-652288,144768,273838,379625,458
89879,-13312,-652288,144768,273838,379625,458
89889,-13312,-652288,144768,273838,379625,458
89899,-13312,-652288,144768,273838,379625,458
89909,-13312,-652288,144768,273838,379625,458
89919,-13312,-652288,144768,273838,379625,458
89929,-13312,-652288,144768,273838,379625,458
89939,-13312,-652288,144768,273838,379625,458
89949,-13312,-652288,144768,273838,379625,458
89959,-13312,-652288,144768,273838,379625,458
89969,-13312,-652288,144768,273838,379625,458
89979,-13312,-652288,144768,273838,379625,458
89989,-13312,-652288,144768,273838,379625,458
89999,-13312,-652288,144768,273838,379625,458
90009,-13312,-652288,144768,273838,379625,458
90019,-13312,-652288,144768,273838,379625,458
90029,-13312,-652288,144768,273838,379625,458
90039,-13312,-652288,144768,273838,379625,458
90049,-13312,-652288,144768,273838,379625,458
90059,-13312,-652288,144768,273838,379625,458
90069,-13312,-652288,144768,273838,379625,458
90079,-13312,-652288,144768,273838,379625,458
90089,-13312,-652288,144768,273838,379625,458
90099,-13312,-652288,144768,273838,379625,458
90109,-13312,-652288,144768,273838,379625,458
90119,-13312,-652288,144768,273838,379625,458
90129,-13312,-652288,144768,273838,379625,458
90139,-13312,-652288,144768,273838,379625,458
90149,-13312,-652288,144768,273838,379625,458
90159,-13312,-652288,144768,273838,379625,458
90169,-13312,-652288,144768,273838,379625,458
90179,-13312,-652288,144768,273838,379625,458
90189,-13312,-652288,144768,273838,379625,458
90199,-13312,-652288,144768,273838,379625,458
90209,-13312,-652288,144768,273838,379625,458
90219,-13312,-652288,144768,273838,379625,458
90229,-13312,-652288,144768,273838,379625,458
90239,-13312,-652288,144768,273838,379625,458
90249,-13312,-652288,144768,273838,379625,458
90259,-13312,-652288,144768,273838,379625,458
90269,-13312,-652288,144768,273838,379625,458
90279,-13312,-652288,144768,273838,379625,458
90289,-13312,-652288,144768,273838,379625,458
90299,-13312,-652288,144768,273838,379625,458
90309,-13312,-652288,144768,273838,379625,458
90319,-13312,-652288,144768,273838,379625,458
90329,-13312,-652288,144768,273838,379625,458
90339,-13312,-652288,144768,273838,379625,458
90349,-13312,-652288,144768,273838,379625,458
90359,-13312,-652288,144768,273838,379625,458
90369,-13312,-652288,144768,273838,379625,458
90379,-13312,-652288,144768,273838,379625,458
90389,-13312,-652288,144768,273838,379625,458
90399,-13312,-652288,144768,273838,379625,458
90409,-13312,-652288,144768,273838,379625,458
90419,-13312,-652288,144768,273838,379625,458
90429,-13312,-652288,144768,273838,379625,458
90439,-13312,-652288,144768,273838,379625,458
90449,-13312,-652288,144768,273838,379625,458
90459,-13312,-652288,144768,273838,379625,458
90469,-13312,-652288,144768,273838,379625,458
90479,-13312,-652288,144768,273838,379625,458
90489,-13312,-652288,144768,273838,379625,458
90499,-13312,-652288,144768,273838,379625,458
90509,-13312,-652288,144768,273838,379625,458
90519,-13312,-652288,144768,273838,379625,458
90529,-13312,-652288,144768,273838,379625,458
90539,-13312,-652288,144768,273838,379625,458
90549,-13312,-652288,144768,273838,379625,458
90559,-13312,-652288,144768,273838,379625,458
90569,-13312,-652288,144768,273838,379625,458
90579,-13312,-652288,144768,273838,379625,458
90589,-13312,-652288,144768,273838,379625,458
90599,-13312,-652288,144768,273838,379625,458
90609,-13312,-652288,144768,273838