R
Px,Ix,Dx,Py,Iy,Dy,Pz,Iz,FFrx,FFry,FFdrx,FFdry,satI,satPID,KFQAng,KFQbias,KFRmeas,CPx,CIx,CPy,CIy,CsatI,CsatPID,CFFdrx,CFFdry,CFalpha,iRelaxX,IRelaxY,DmaxR,DmaxE,DMx,DMy
58,80,47,58,80,47,250,0,0,0,60,0,500000,3000000,10,1,1000,0,0,0,0,0,0,0,0,0.995,914,4096,0,0,0,0
sysTickMs,PIDRefXi,PIDSensXi,PIDPoutXi,PIDIoutXi,PIDDoutXi,PIDFFoutXi
48731,1662976,8242176,-1490600,-137995,-1017844,-10788
48741,1662976,8242176,-1490600,-137995,-1017844,-10788
48751,1662976,8242176,-1490600,-137995,-1017844,-10788
48761,1662976,8242176,-1490600,-137995,-1017844,-10788
48771,1662976,8242176,-1490600,-137995,-1017844,-10788
48781,1662976,8242176,-1490600,-137995,-1017844,-10788
48791,1662976,8242176,-1490600,-137995,-1017844,-10788
48801,1662976,8242176,-1490600,-137995,-1017844,-10788
48811,1662976,8242176,-1490600,-137995,-1017844,-10788
48821,1662976,8242176,-1490600,-137995,-1017844,-10788
48831,1662976,8242176,-1490600,-137995,-1017844,-10788
48841,1662976,8242176,-1490600,-137995,-1017844,-10788
48851,1662976,8242176,-1490600,-137995,-1017844,-10788
48861,1662976,8242176,-1490600,-137995,-1017844,-10788
48871,1662976,8242176,-1490600,-137995,-1017844,-10788
48881,1662976,8242176,-1490600,-137995,-1017844,-10788
48891,1662976,8242176,-1490600,-137995,-1017844,-10788
48901,1662976,8242176,-1490600,-137995,-1017844,-10788
48911,1662976,8242176,-1490600,-137995,-1017844,-10788
48921,1662976,8242176,-1490600,-137995,-1017844,-10788
48931,1662976,8242176,-1490600,-137995,-1017844,-10788
48941,1662976,8242176,-1490600,-137995,-1017844,-10788
48951,1662976,8242176,-1490600,-137995,-1017844,-10788
48961,1662976,8242176,-1490600,-137995,-1017844,-10788
48971,1662976,8242176,-1490600,-137995,-1017844,-10788
48981,1662976,8242176,-1490600,-137995,-1017844,-10788
48991,1662976,8242176,-1490600,-137995,-1017844,-10788
49001,1662976,8242176,-1490600,-137995,-1017844,-10788
49011,1662976,8242176,-1490600,-137995,-1017844,-10788
49021,1662976,8242176,-1490600,-137995,-1017844,-10788
49031,1662976,8242176,-1490600,-137995,-1017844,-10788
49041,1662976,8242176,-1490600,-137995,-1017844,-10788
49051,1662976,8242176,-1490600,-137995,-1017844,-10788
49061,1662976,8242176,-1490600,-137995,-1017844,-10788
49071,1662976,8242176,-1490600,-137995,-1017844,-10788
49081,1662976,8242176,-1490600,-137995,-1017844,-10788
49091,1662976,8242176,-1490600,-137995,-1017844,-10788
49101,1662976,8242176,-1490600,-137995,-1017844,-10788
49111,1662976,8242176,-1490600,-137995,-1017844,-10788
49121,1662976,8242176,-1490600,-137995,-1017844,-10788
49131,1662976,8242176,-1490600,-137995,-1017844,-10788
49141,1662976,8242176,-1490600,-137995,-1017844,-10788
49151,1662976,8242176,-1490600,-137995,-1017844,-10788
49161,1662976,8242176,-1490600,-137995,-1017844,-10788
49171,1662976,8242176,-1490600,-137995,-1017844,-10788
49181,1662976,8242176,-1490600,-137995,-1017844,-10788
49191,1662976,8242176,-1490600,-137995,-1017844,-10788
49201,1662976,8242176,-1490600,-137995,-1017844,-10788
49211,1662976,8242176,-1490600,-137995,-1017844,-10788
49221,1662976,8242176,-1490600,-137995,-1017844,-10788
49231,1662976,8242176,-1490600,-137995,-1017844,-10788
49241,1662976,8242176,-1490600,-137995,-1017844,-10788
49251,1662976,8242176,-1490600,-137995,-1017844,-10788
49261,1662976,8242176,-1490600,-137995,-1017844,-10788
49271,0,9216,-2088,-33,2501,-29518
49281,0,6144,-1392,-77,-23,-8125
49291,0,4096,-928,-105,-219,-2102
49301,0,2048,-464,-152,-2513,-547
49311,0,9216,-2088,-192,2512,-156
49321,0,8192,-1856,-251,849,-46
49331,0,8192,-1856,-323,-345,-19
49341,0,10240,-2320,-380,2031,-14
49351,0,2048,-464,-446,-4441,-14
49361,0,8192,-1856,-505,103,-14
49371,0,8192,-1856,-573,126,-14
49381,0,8192,-1856,-632,91,-14
49391,0,0,0,-718,-7057,-14
49401,0,9216,-2088,-571,4681,-14
49411,0,-2048,464,-670,-8411,-14
49422,0,16384,-3712,-226,15880,-14
49432,0,25600,-5800,-444,-2800,-14
49442,0,-14336,3248,-41,-7482,-14
49452,0,26624,-6032,-146,9500,-14
49462,0,-31744,7192,60,-21355,-14
49472,0,8192,-1856,-46,1686,-14
49482,0,23552,-5336,-17,14836,-14
49492,0,30720,-6960,-88,14423,-14
49502,0,-2048,464,-233,-12841,-14
49512,0,-6144,1392,-361,-16604,-14
49522,0,-5120,1160,-551,-19450,-14
49532,0,-41984,9512,141,-5703,-14
49542,0,-9216,2088,386,14389,-14
49552,0,6144,-1392,258,11428,-14
49562,0,-14336,3248,-30,-17063,-14
49572,0,13312,-3016,-120,-620,-14
49582,0,30720,-6960,-244,9202,-14
49592,0,21504,-4872,-277,7619,-14
49602,0,-12288,2784,-284,-13713,-14
49612,0,-22528,5104,-330,-23822,-14
49622,0,-18432,4176,-296,-22996,-14
49632,0,-20480,4640,-247,-30305,-14
49642,0,2048,-464,-177,-14757,-14
49652,0,0,0,-145,-13563,-14
49662,0,8192,-1856,-139,-6082,-14
49672,0,4096,-928,-140,-5267,-14
49682,0,12288,-2784,-60,7102,-14
49692,0,27648,-6264,-26,18703,-14
49702,0,17408,-3944,-81,5829,-14
49712,0,22528,-5104,-111,6391,-14
49722,0,-13312,3016,-178,-24269,-14
49732,0,47104,-10672,-420,15892,-14
49742,0,69632,-15776,-708,27240,-14
49752,0,17408,-3944,-891,-6771,-14
49762,0,2048,-2784,-936,-1297,-14
49772,0,16384,-3712,-1067,-379,-14
49782,0,-5120,1160,-1198,-16501,-14
49792,0,19456,-4408,-1183,4991,-14
49802,0,-17408,3944,-1031,-19198,-14
49812,0,60416,-13688,-1081,31991,-14
49822,0,13312,-3016,-1232,-6954,-14
49832,0,57344,-12992,-1574,14400,-14
49842,0,44032,-9976,-2044,-6197,-14
49852,0,91136,-20648,-2694,10946,-14
49862,0,111616,-25288,-3266,29306,-14
49872,0,91136,-20648,-3800,17762,-14
49882,0,34816,-7888,-3668,1262,-14
49892,0,-31744,7192,-3566,-42973,-14
49902,0,-24576,5568,-3855,-53208,-14
49912,0,16384,-3712,-4245,-21401,-14
49922,0,11264,-2552,-4637,-28584,-14
49932,0,12288,-2784,-4973,-25612,-14
49942,0,33792,-7656,-4995,3339,-14
49952,0,-12288,2784,-4633,-20265,-14
49962,0,56320,-12760,-4231,36363,-14
49972,0,66560,-15080,-3519,52163,-14
49982,0,26624,-6032,-2360,32737,-14
49992,0,-34816,7888,-1280,-5669,-14
50002,0,-103424,23432,98,-44373,-14
50012,0,-112640,25520,830,-22353,-14
50022,0,-7168,1624,1684,68824,-14
50032,0,38912,-8816,2209,89857,-14
50042,0,-60416,13688,2632,1939,-14
50052,0,-40960,9280,2337,-12416,-14
50062,0,-115712,26216,1577,-81746,-14
50072,0,-179200,40600,1581,-101769,-14
50082,0,-240640,54520,2413,-104213,-14
50092,0,-302080,68440,4028,-90696,-14
50102,0,-297984,67512,5917,-49330,-14
50112,0,-179200,40600,7979,52152,-14
50122,0,-56320,12760,9644,117832,-14
50132,0,-17408,3944,10866,115273,-14
50142,0,40960,-9280,11466,108113,-14
50152,0,88064,-19952,11300,98888,-14
50162,0,70656,-16008,10030,49673,-14
50172,0,83968,-6960,8745,8479,-14
50182,3072,7168,-928,7982,-2697,151
50192,3072,-87040,20416,7560,-64040,34
50202,39936,-89088,29232,7248,-66897,1042
50212,52224,-89088,32016,7460,-63168,514
50222,165888,-83968,56608,7794,-67058,4552
50232,184320,-95232,63336,9177,-70776,1688
50242,215040,-23552,54056,10753,-10706,2077
50252,234496,29696,46400,12447,25037,1322
50262,234496,125952,24592,14125,80230,335
50272,234496,102400,29928,15551,46988,87
50282,269312,136192,30160,16912,51693,1370
50292,281600,187392,21344,18254,62467,672
50302,291840,244736,10672,19398,80437,375
50312,291840,236544,12528,20434,54722,90
50322,291840,247808,9976,21298,49191,20
50332,291840,248832,9744,21915,26724,0
50342,458752,199680,58696,22873,-24832,6076
50352,458752,186368,61712,24634,-32324,1666
50362,564224,214016,79344,26707,-4143,5728
50372,564224,271360,66352,29100,28893,1471
50382,719872,337920,86536,31855,33540,4505
50392,947200,452608,112056,34750,68124,12589
50402,947200,512000,98600,38302,55571,3457
50412,947200,649216,67512,41322,79209,887
50422,1452032,819200,143376,45992,115618,9265
50432,1697792,1040384,148944,50954,149078,11494
50442,1697792,1310720,87696,55412,181011,2958
50452,1790976,1549312,54752,58074,188447,5494
50462,1790976,1752064,8816,59788,177064,1412
50472,1809408,1858560,-16240,60114,141722,813
50482,1809408,1907712,-22272,59236,84464,218
50492,1809408,1890304,-18328,56792,15766,51
50502,1809408,1920000,-25056,53761,13425,10
50512,1848320,1896448,-10904,50627,-14757,1833
50522,1848320,1894400,-10440,48404,-17040,466
50532,2317312,1853440,105096,49502,-43650,11720
50542,2317312,1975296,77488,52589,41411,3016
50552,2668544,2138112,120176,56145,108217,12016
50562,2638848,2316288,73080,59634,128825,2611
50572,2341888,2485248,-32480,60336,116949,-12457
50582,2341888,2520064,-40368,54415,22731,-3432
50592,2341888,2570240,-51736,44715,-24361,-889
50602,1513472,2600960,-246384,6470,-30007,-13274
50612,1094656,2526208,-324336,-7841,-55125,-17063
50622,773120,2166784,-315752,-18002,-156572,-11860
50632,466944,1751040,-290928,-26876,-211558,-16801
50642,394240,1394688,-226664,-35035,-170020,-6666
50652,362496,854016,-114840,-40707,-244903,-2415
50662,205824,576512,-83984,-44517,-203996,-4339
50672,156672,435200,-63104,-47183,-115229,-2601
50682,86016,300032,-48488,-49120,-90225,-2359
50692,64512,214016,-33872,-50669,-59921,-954
50702,0,253952,-57536,-51946,5507,-2187
50712,0,109568,-24824,-52866,-26323,-606
50722,-4096,97280,-22968,-52986,28261,-330
50732,-4096,-20480,3712,-52129,-17591,-97
50742,0,-204800,46400,-48848,-92130,58
50752,0,-178176,40368,-43913,10763,10
50762,0,-188416,42688,-37198,1296,0
50772,-4096,-256000,57072,-29096,-19014,-235
50782,-4096,-262144,58464,-21635,-15744,-69
50792,-4096,-153600,33872,-14361,56041,-24
50802,-4096,-216064,48024,-7770,-9651,-14
50812,-4096,-159744,35264,-2550,11336,-14
50822,0,-43008,9744,686,85003,104
50832,-4096,5120,-2088,1636,49880,-62
50843,-4096,-112640,24592,2512,1193,-23
50853,-4096,-175104,38744,3517,-39152,-14
50863,0,-73728,16704,4462,38784,220
50873,0,-8192,1856,5352,77488,51
50883,0,-50176,11368,6174,41205,10
50893,0,-102400,23200,7134,8250,0
50903,0,-175104,39672,8339,-24074,0
50913,0,-145408,32944,9508,5748,0
50923,-4096,-181248,40136,10698,-25084,-220
50933,0,-215040,48720,11750,-58303,94
50943,0,-247808,56144,12777,-88034,20
50953,-4096,-145408,32016,13694,-16203,-78
50963,-4096,-88064,19024,14636,30935,-27
50973,-4096,-35840,7192,15819,79025,-14
50983,-7168,-93184,19488,17075,21537,-168
50993,-10240,-204800,44080,18473,-26323,-171
51003,-10240,-254976,55448,20055,-42617,-50
51013,-22528,-278528,58000,21384,-60070,-255
51023,-22528,-88064,14848,22578,67700,-72
51033,-74752,-105472,6960,23362,43190,-1401
51043,-74752,-145408,16008,23997,8571,-390
51053,-160768,-290816,29464,23724,-99933,-3238
51063,-212992,-210944,-464,22037,-39852,-2130
51073,-302080,-165888,-30856,20261,-161,-5072
51083,-312320,-90112,-50344,16564,75422,-1663
51093,-312320,-121856,-43152,14102,87597,-464
51103,-392192,-319488,-16472,12142,-22433,-2616
51113,-392192,-470016,17632,11692,-84672,-680
51123,-424960,-573440,33640,11906,-109881,-1003
51133,-433152,-583680,34104,12638,-57592,-412
51143,-532480,-585728,12064,12816,-32520,-3736
51153,-585728,-505856,-18096,11586,38382,-2285
51163,-714752,-546816,-38048,10414,25255,-7122
51173,-781312,-731136,-11368,7660,-72750,-4115
51183,-825344,-796672,16936,5358,-139578,-2156
51193,-1004544,-926720,-17632,3372,-107139,-9048
51203,-1004544,-976896,-6264,-41,-85234,-2339
51213,-1004544,-989184,-3480,50,-25313,-608
51223,-1185792,-1037312,-33640,-616,5461,-3418
51233,-1185792,-1113088,-16472,-85,13723,-888
51243,-1298432,-1240064,-13224,-153,-17603,-3035
51253,-1437696,-1354752,-18792,-138,-40816,-7353
51263,-1437696,-1424384,-3016,-343,-36100,-1902
51273,-1546240,-1532928,-3016,-575,-64327,-3045
51283,-1717248,-1675264,-9512,-1309,-110570,-5599
51293,-1717248,-1777664,13688,-1391,-145774,-1449
51303,-1754112,-1918976,37352,-285,-147931,-1258
51313,-1754112,-1890304,30856,925,-44063,-330
51323,-1754112,-1889280,30624,2555,22272,-97
51333,-1754112,-1965056,47792,4669,9914,-31
51343,-1754112,-2026496,61712,6964,-7631,-14
51353,-1754112,-2062336,69832,9411,-22342,-14
51363,-1754112,-1998848,55448,11803,28927,-14
51373,-1754112,-2004992,56840,14229,34813,-14
51383,-1754112,-2141184,87696,17039,-47930,-14
51393,-1754112,-2243584,110896,19956,-101964,-14
51403,-1754112,-2181120,96744,23076,-39140,-14
51413,-1754112,-2162688,92568,26174,-20643,-14
51423,-1810432,-2177024,83056,28854,-23696,-1234
51433,-1810432,-2150400,77024,31654,1147,-323
51443,-2036736,-2186240,33872,33346,-19691,-6884
51453,-2058240,-2168832,25056,34293,4968,-2248
51463,-2125824,-2191360,14848,35339,8273,-3386
51473,-2125824,-2206720,18328,36318,21308,-936
51483,-2149376,-2354176,46400,37669,-52703,-727
51493,-2149376,-2419712,61248,39439,-59967,-194
51503,-2149376,-2449408,67976,41443,-45750,-58
51513,-2196480,-2452480,58000,43433,-19519,-979
51523,-2196480,-2477056,63568,45507,-20770,-258
51533,-2172928,-2535424,82128,47707,-54241,587
51543,-2149376,-2531328,86536,50288,-44935,627
51553,-2196480,-2400256,46168,52592,45118,-1560
51563,-2220032,-2375680,35264,54334,55858,-1097
51573,-2220032,-2330624,25056,55976,77155,-289
51583,-2220032,-2344960,28304,57541,53047,-81
51593,-2368512,-2356224,-2784,58067,31968,-3945
51603,-2368512,-2443264,16936,58342,-36754,-1821
51613,-2368512,-2435072,15080,58670,-14722,-506
51623,-2318336,-2477056,35960,59759,-15698,1186
51633,-2243584,-2519040,62408,61694,-28538,1639
51643,-2243584,-2528256,64496,63521,-40058,445
51653,-1889280,-2511872,141056,66712,-42789,9455
51663,-1498112,-2413568,207408,70812,-3122,22267
51673,-1498112,-2258944,172376,76844,54068,5736
51683,-1498112,-1999872,113680,82072,142629,1472
51693,-905216,-1859584,216224,88317,119198,13928
51703,-905216,-1661952,171448,94808,106323,3586
51713,-590848,-1456128,196040,100656,136570,8692
51723,-561152,-1104896,123192,106318,186806,2916
51733,-561152,-832512,61480,110211,207403,746
51743,-417792,-723968,69368,113020,131980,3746
51753,-399360,-569344,38512,114940,105187,1830
51763,-380928,-455680,16936,116015,125555,1096
51773,-380928,-306176,-16936,116372,132325,295
51783,-235520,-250880,3480,116988,115583,4532
51793,-235520,-177152,-13224,117421,116960,1242
51803,-47104,-180224,30160,118395,52278,4973
51813,0,-71680,10440,119455,83156,2067
51823,0,88064,-19952,119322,107023,564
51833,0,145408,-32944,116475,62421,140
51843,0,162816,-26680,110814,-28021,32
51853,0,192512,-43616,102822,-32279,4
51863,0,283648,-64264,92253,-18761,0
51873,0,329728,-74704,81137,-15468,0
51883,0,238592,-54056,69613,-86680,0
51893,0,159744,-36192,59122,-134770,0
51903,12288,184320,-38976,49422,-88596,541
51913,12288,180224,-38048,41511,-57006,136
51923,12288,56320,-9976,35291,-118487,32
51933,33792,75776,-9512,31277,-62457,341
51943,33792,86016,-11832,28480,-12772,89
51953,30720,129024,-22272,25985,42134,-54
51963,27648,101376,-16704,24584,31555,-68
51973,27648,49152,-4872,23943,-92,-25
51983,27648,25600,464,22531,-24487,-14
51993,27648,-77824,23896,20631,-109514,-14
52003,27648,84992,-12992,18481,22593,-14
52013,27648,151552,-28072,15491,94091,-14
52023,39936,73728,-7656,13046,-20632,530
52033,39936,-32768,16472,11028,-90489,131
52043,46080,66560,-4640,9294,-6059,166
52053,43008,160768,-26680,6573,50752,-14
52063,43008,204800,-36656,3247,61021,-14
52073,39936,150528,-25056,-210,-2043,-77
52083,36864,189440,-34568,-1103,34297,-152
52093,39936,241664,-45704,-1650,103478,42
52104,36864,173056,-30856,-1573,42306,-169
52114,36864,-100352,31088,-417,-130547,-50
52124,36864,-140288,40136,136,-126542,-20
52134,39936,25600,3248,304,19851,54
52144,39936,45056,-1160,148,28273,10
52154,39936,84992,-10208,30,47550,0
52164,43008,104448,-13920,-89,54114,164
52174,43008,148480,-23896,-353,60379,41
52184,43008,-63488,24128,-105,-109767,6
52194,55296,-18432,16704,-120,-83765,359
52204,55296,146432,-20648,-477,22696,87
52214,76800,270336,-42456,-1281,83305,622
52224,89088,291840,-45936,-1999,85623,417
52234,89088,227328,-31320,-2908,18611,103
52244,89088,163840,-16936,-3863,-38899,23
52254,272384,37888,53128,-3992,-124316,9832
52264,327680,146432,41064,-569,-28102,4847
52274,369664,347136,5104,1094,113965,2426
52284,369664,300032,15776,2143,48135,619
52294,439296,364544,16936,2642,46242,2871
52304,439296,396288,9744,2418,6678,734
52314,536576,410624,28536,1755,-51476,3703
52324,536576,472064,14616,658,-30202,1013
52334,683008,706560,-5336,507,96042,4118
52344,683008,786432,-23432,-18,105084,1127
52354,683008,781312,-22272,-348,49570,285
52364,1149952,780288,83752,1892,28697,12385
52374,1324032,913408,93032,4093,46495,12156
52384,1364992,948224,94424,6842,-8297,4621
52394,1364992,1085440,63336,8667,-2250,1266
52404,1392640,1457152,-14616,8885,156123,1712
52414,1422336,1682432,-58928,6178,200048,1450
52424,1422336,1550336,-29000,2728,32060,395
52434,1628160,1394688,52896,1621,-102710,6468
52444,1628160,1498112,29464,1376,22031,1663
52454,2014208,1735680,63104,2996,105600,9998
52464,2219008,1846272,84448,6675,118865,6241
52474,2582528,1958912,141288,10306,100001,14950
52484,2726912,2037760,156136,15014,22065,7421
52494,2787328,2499584,65192,18442,192773,4756
52504,2756608,2736128,4640,19992,181413,253
52514,2756608,2886656,-29464,18372,114941,59
52524,2787328,3087360,-67976,12619,130764,562
52534,2787328,3008512,-50112,4134,-7264,140
52544,2787328,2983936,-44776,-1174,-33931,31
52554,2787328,3012608,-51040,-2957,1422,3
52564,2756608,3055616,-67744,-4765,43775,-987
52574,2756608,2985984,-51968,-6519,-5313,-277
52584,2726912,2911232,-41760,-8382,-56203,-1477
52594,2726912,2914304,-42456,-10382,-48710,-412
52604,2726912,3005440,-63104,-12352,31761,-111
52614,2668544,3112960,-71920,-14656,18795,-1014
52624,2668544,2879488,-47792,-16719,-54803,-284
52634,2668544,2874368,-46632,-18952,-50592,-78
52644,2638848,3047424,-92568,-21554,55605,-1427
52654,2638848,3035136,-89784,-24562,28261,-373
52664,2638848,2989056,-79344,-27270,-1825,-102
52674,2341888,2957312,-139432,-30315,-6966,-13159
52684,2341888,2930688,-133400,-34922,-6403,-3398
52694,2057216,2911232,-193488,-40501,-2674,-7540
52704,1828864,2772992,-213904,-46953,-59944,-12044
52714,1848320,2520064,-152192,-53300,-158144,-2695
52724,1848320,2511872,-150336,-58811,-36019,-701
52734,1868800,2334720,-105560,-63361,-79359,719
52744,1868800,2107392,-54056,-66425,-152062,192
52754,1790976,2314240,-118552,-69348,87402,-1648
52764,1697792,2163712,-105560,-72570,15593,-2022
52774,1497088,1822720,-73776,-75851,-171672,-6951
52784,1497088,1853440,-80736,-79368,-76226,-1799
52794,1258496,1865728,-137576,-82459,-184,-11046
52804,1173504,1780736,-137576,-86499,11141,-5404
52814,1173504,1413120,-54288,-90102,-181426,-1400
52824,752640,1368064,-139432,-93363,-127116,-17830
52834,564224,1484800,-208568,-98792,46770,-10258
52844,466944,1098752,-143144,-104221,-134035,-4942
52854,466944,793600,-74008,-108360,-184443,-1279
52864,391168,901120,-96976,-111150,-4338,-2468
52874,394240,339968,12296,-112171,-210950,-618
52884,394240,319488,16936,-110802,-98969,-165
52894,387072,453632,-20416,-109389,64843,-250
52904,384000,297984,19488,-106783,-27459,-136
52914,362496,282624,18096,-103324,-1366,-876
52924,355328,337920,3944,-100207,55927,-461
52934,355328,13312,77488,-95152,-156973,-125
52944,355328,162816,43616,-89371,-11911,-40
52954,355328,389120,-7656,-84440,135951,-15
52964,405504,48128,80968,-78822,-115114,2677
52974,416768,218112,45008,-72378,14825,1170
52984,416768,171008,55680,-65762,-31728,295
52994,483328,31744,102312,-56351,-113978,1431
53004,483328,414720,15544,-47551,158338,364
53014,483328,196608,64960,-40507,-49697,89
53024,527360,174080,80040,-33853,-96387,858
53034,564224,431104,30160,-28981,46804,1662
53044,569344,422912,33176,-24471,4750,557
53054,589824,467968,27608,-20132,29833,1245
53064,589824,528384,13920,-15343,66793,315
53074,589824,400384,42920,-10745,-38211,76
53084,584704,314368,61248,-6443,-105796,-82
53094,584704,486400,22272,-2422,17085,-27
53104,584704,707584,-27840,-122,154815,-14
53114,527360,525312,464,-154,-14906,-2898
53124,500736,439296,13920,-39,-77339,-1662
53134,500736,609280,-24592,-109,52037,-463
53144,500736,673792,-39208,-197,92405,-125
53154,483328,430080,12064,-128,-93128,-632
53164,492544,371712,27376,115,-87999,49
53174,500736,461824,8816,186,-16765,274
53184,500736,637952,-31088,-38,111475,71
53194,504832,507904,-696,-98,12725,115
53204,504832,292864,54984,282,-135240,25
53214,504832,389120,26216,870,-4694,1
53224,500736,548864,-10904,1364,118108,-98
53234,496640,431104,14848,2242,34928,-226
53244,492544,343040,33872,3298,-22709,-205
53254,492544,251904,54520,4175,-96032,-58
53264,458752,389120,15776,4525,-7516,-1615
53274,455680,552960,-22040,3562,80827,-521
53284,455680,496640,-9280,2611,25875,-149
53294,455680,438272,3944,2503,-6782,-44
53304,384000,414720,-6960,2197,-8090,-2311
53314,384000,417792,-7656,1659,15226,-641
53324,337920,433152,-21576,-67,33333,-944
53334,337920,264192,16704,84,-68504,-265
53344,266240,246784,4408,63,-32646,-1735
53354,259072,285696,-3248,98,10189,-565
53364,259072,217088,9512,340,-12450,-161
53374,172032,166912,1160,-71,-30030,-1939
53384,98304,164864,-15080,-242,-14780,-3797
53394,98304,165888,-15312,-162,19495,-985
53404,98304,197632,-22504,47,69123,-6119
53414,-7168,-26624,4408,-213,-65865,-1824
53424,-7168,-113664,24128,192,-81137,-477
53434,-68608,-36864,-7192,-161,-7631,-1561
53444,-126976,-71680,-12528,-797,-20070,-1327
53454,-126976,26624,-34800,-1299,65565,-348
53464,-420864,-117760,-68672,-3092,-20552,-6488
53474,-871424,-250880,-140592,-5633,-56524,-20349
53484,-1139712,-420864,-162864,-10335,-101505,-13653
53494,-1993728,-685056,-296496,-15244,-155459,-52393
53504,-2318336,-837632,-335472,-23186,-95538,-26967
53514,-2318336,-1284096,-234320,-31498,-204765,-7424
53524,-4638720,-1920000,-615960,-38439,-343263,-49195
53534,-4638720,-2315264,-526408,-53688,-250549,-13537
53544,-6999040,-3392512,-817104,-63484,-526065,-74329
53554,-7145472,-4235264,-659344,-80853,-516002,-22156
53564,-8247296,-5120000,-708528,-96906,-484378,-51758
53574,-9032704,-6284288,-622688,-112087,-640972,-35449
53584,-12865536,-6922240,-1346528,-126933,-385364,-214756
53594,-13755392,-8066048,-1288992,-129395,-586823,-93645
53604,-13755392,-9441280,-977416,-153299,-762741,-24154
53614,-15691776,-10809344,-1106176,-169709,-692321,-43222
53625,-17213440,-12722176,-1017552,-188926,-951085,-71009
53635,-17213440,-14167040,-690200,-209383,-805656,-18317
53645,-17213440,-15845376,-309952,-225279,-972210,-5043
53655,-17213440,-16466944,-169128,-234366,-532399,-1305
53665,-6439936,-16925696,2375680,-21999,-248885,283818
53675,-1562624,-16613376,3409936,14325,132439,339700
53685,-1562624,-14446592,2919024,18572,982479,87592
53695,-1562624,-11466752,2243904,71384,1542887,24089
53705,36864,-8014848,1824216,109179,1768627,38037
53715,36864,-4975616,1135640,152422,1654684,9804
53725,122880,-3028992,714096,181609,1229561,4959
53735,138240,-1779712,434536,200729,760342,1567
53745,205824,-1180672,314128,212668,418375,2887
53755,308224,-783360,247312,222364,259509,3438
53765,574464,-510976,245920,230212,175492,14270
53775,773120,-52224,186992,236914,259544,11155
53785,855040,503808,79576,242086,344949,4898
53795,1697792,867328,188152,247228,303503,25691
53805,1697792,1350656,78648,251537,306440,7060
53815,1697792,1694720,696,253038,225854,1815
53825,3737600,2083840,374680,248303,229033,103080
53835,3737600,2547712,269584,254747,286406,26576
53845,7599104,2985984,1045160,257997,299808,102333
53855,9980928,3904512,1376688,263275,488726,70795
53865,16743424,5686272,2505136,278923,885644,249153
53875,16743424,7949312,1992416,286983,1227668,68527
53885,16743424,10777600,1351632,329245,1460717,22157
53895,16743424,13380608,761888,362098,1455175,5708
53905,16743424,15336448,318768,378739,1113404,1565
53915,13754368,16495616,-621064,367139,714546,-140530
53925,13754368,16747520,-678136,275081,262780,-38660
53935,13754368,16275456,-571184,182440,-164604,-9974
53945,7916544,15592448,-1739072,-11460,-318777,-107291
53955,7916544,13649920,-1298968,-40002,-944063,-27672
53965,7916544,11811840,-882528,-75628,-1095355,-7142
53975,1662976,10184704,-1930704,-76162,-1000036,-106956
53985,1662976,7797760,-1389912,-107014,-1266694,-27586
53995,1662976,5763072,-928928,-142219,-1250653,-7594
54005,1662976,4055040,-541952,-167631,-1018269,-1962
54015,49152,3030016,-675352,-181010,-618103,-52169
54025,49152,2314240,-513184,-195829,-414016,-14354
54035,3072,1434624,-324336,-209856,-479697,-4479
54045,3072,975872,-220400,-219308,-271524,-1160
54055,3072,379904,-85376,-224879,-342632,-324
54065,0,-35840,8120,-225903,-255196,-138
54075,0,-172032,38976,-220247,-67919,-42
54085,-4096,-523264,117624,-206856,-145499,-105
54095,-4096,-751616,169360,-187932,-170777,-33
54105,0,-746496,169128,-167838,-95355,117
54115,0,-572416,129688,-145821,68503,25
54125,0,-521216,118088,-123887,45909,0
54135,0,-703488,159384,-102966,-37419,0
54145,-4096,-687104,154744,-81684,-27494,-93
54155,-4096,-532480,119712,-63311,60218,-29
54165,-4096,-540672,121568,-45860,9168,-14
54175,-4096,-427008,95816,-31182,32737,-14
54185,-4096,-390144,87464,-19863,-4602,-14
54195,-4096,-263168,58696,-10062,42203,-14
54205,-4096,-172032,38048,-2072,66690,-14
54215,-4096,-279552,62408,1495,-29249,-14
54225,-4096,-172032,38048,3068,28020,-14
54235,-4096,-155648,19256,4260,58176,-14
54245,-4096,-8192,928,5092,88756,-14
54255,-4096,-221184,49184,6055,-70810,-14
54265,-4096,-256000,57072,7312,-75836,-14
54275,-7168,-125952,26912,8670,36294,-131
54285,-10240,2048,-2784,9962,132256,-120
54295,-10240,-99328,20184,11250,52071,-38
54305,-19456,-339968,72616,12793,-113002,-351
54315,-19456,-260096,54520,14092,-55790,-97
54325,-65536,-202752,31088,15212,-16811,-2504
54335,-65536,-50176,-3480,15982,92577,-651
54345,-108544,-129024,4640,16742,5094,-1236
54355,-133120,-228352,21576,17458,-15422,-814
54365,-219136,-142336,-17400,17505,48308,-3349
54375,-250880,-265216,3248,16494,-39576,-1764
54385,-338944,-352256,3016,15853,-75033,-4889
54395,-377856,-330752,-10672,13573,-24705,-2595
54405,-377856,-332800,-10208,11596,9087,-719
54415,-377856,-375808,-464,11148,16339,-193
54425,-377856,-502784,28304,11912,-37488,-58
54435,-1285120,-534528,-170056,-1456,-19943,-22454
54445,-2394112,-590848,-408552,-8515,-11280,-43717
54455,-5160960,-1160192,-906424,-14591,-287290,-105752
54465,-7145472,-1654784,-1257904,-21475,-264192,-76347
54475,-12143616,-3044352,-2061552,-41768,-709246,-272370
54485,-14286848,-4846592,-2138808,-41768,-995492,-143421
54495,-14286848,-7019520,-1646504,-64306,-1241266,-39455
54505,-15691776,-9721856,-1352560,-90837,-1473203,-35339
54515,-15691776,-11858944,-839144,-123825,-1305444,-9119
54525,-15691776,-13788160,-431288,-144338,-1101712,-2514
54535,-14835712,-14662656,-39208,-148293,-632814,13718
54545,-9591808,-15027200,1231456,-71234,-294439,182818
54555,-8763392,-14546944,1310336,12854,161378,67620
54565,-6507520,-13238272,1524936,34493,610736,124955
54575,-6576128,-11475968,1110120,55189,848398,29872
54585,-6507520,-9784320,729176,82842,895444,9288
54595,-6507520,-8364032,420616,101245,794708,2548
54605,-6644736,-7557120,206712,112403,546283,-3741
54615,-6439936,-7198720,171912,119367,295608,3776
54625,-6241280,-7152640,206480,126051,91131,4367
54635,-6241280,-7022592,177016,132456,49960,1121
54645,-6241280,-6883328,145464,137608,73850,284
54655,-519168,-6320128,1314280,137893,246440,108909
54665,-519168,-5229568,1067200,160195,563277,28079
54675,-519168,-3868672,758872,187477,727318,7717
54685,49152,-2259968,523160,207397,813515,10929
54695,46080,-1015808,240584,219824,663507,2720
54705,43008,-130048,39208,224444,561808,671
54715,196608,189440,1624,224848,286842,6533
54725,275456,408576,-30160,223466,195665,4315
54735,412672,491520,-17864,222620,120758,4091
54745,1258496,701440,126208,221947,176754,38507
54755,1771520,715776,239192,226997,52955,25321
54765,3246080,1209344,461448,232418,190535,90899
54775,3246080,1642496,363312,240260,191878,24997
54785,5984256,2364416,820120,245746,297467,88613
54795,7292928,3382272,886008,259589,507602,83428
54805,7292928,4334592,670248,275782,519478,22943
54815,8851456,5598208,737064,289793,583495,52682
54825,10384384,6919168,785088,300514,695694,47800
54835,11233280,8229888,680456,317753,744851,47498
54845,11233280,9345024,427808,333466,660168,12243
54855,11343872,10292224,238264,343664,543093,5767
54866,9784320,11239424,-329672,333013,519512,-59107
54876,8674304,11648000,-673728,261550,305236,-49575
54886,5984256,11570176,-1265560,160402,34940,-166714
54896,4443136,10854400,-1447216,-9497,-322667,-102865
54906,3657728,9680896,-1364624,-27741,-596095,-50397
54916,1337344,7828480,-1470648,-56774,-915296,-137476
54926,1127424,6231040,-1156288,-71977,-914469,-45976
54936,1127424,4709376,-811536,-99236,-794789,-11861
54946,205824,3403776,-724536,-119455,-693652,-52503
54956,205824,2295808,-473512,-135715,-665218,-14447
54966,205824,1927168,-389992,-150196,-301117,-3732
54976,205824,1351680,-259608,-160459,-282620,-1030
54986,0,817152,-185136,-168089,-315082,-8268
54996,0,642048,-145464,-174092,-163296,-2138
55006,0,587776,-133168,-178280,-18062,-593
55016,0,-5120,1160,-180420,-256768,-160
55026,0,-135168,30624,-179764,-103777,-47
55036,33792,-134144,38048,-174358,-32795,627
55046,168960,-258048,96744,-163219,-33426,5080
55056,168960,-418816,133168,-147768,-98831,1391
55066,409600,-410624,185832,-129771,-59921,12455
55076,409600,-95232,114376,-106741,154700,3206
55086,409600,-159744,128992,-86012,72278,876
55096,1364992,-141312,341272,-37830,41916,17330
55106,2817024,159744,602040,4679,151051,57645
55116,3210240,609280,589280,19489,245086,24582
55126,4395008,1215488,720360,35565,270869,52522
55136,4738048,2107392,596008,50843,400750,26934
55146,4944896,2893824,464696,66289,367416,12055
55156,4892672,3681280,274456,77535,377893,683
55166,4738048,4335616,91176,83911,368575,-5107
55176,3617792,4625408,-228288,66713,240209,-29023
55186,2756608,4588544,-415048,16776,57877,-32691
55196,2756608,4194304,-325728,-9858,-162469,-8435
55206,1828864,3739648,-432912,-20284,-219739,-25266
55216,1364992,3049472,-381640,-32481,-374589,-23541
55226,1284096,2483200,-271672,-42543,-360120,-9243
55236,1284096,2091008,-182816,-50506,-283997,-2390
55246,1197056,1595392,-90248,-55694,-345363,-2798
55256,1197056,1721344,-118784,-59503,-70248,-774
55266,1105920,1549312,-100456,-63504,-104626,-2319
55276,1105920,1316864,-47792,-66886,-184386,-604
55286,773120,1567744,-180032,-70436,64074,-11535
55296,773120,1190912,-94656,-74390,-123525,-2980
55306,569344,813056,-55216,-77715,-260118,-5439
55316,569344,934912,-82824,-80559,-41607,-1502
55326,447488,494592,-10672,-82120,-217421,-3217
55336,419840,570368,-34104,-83036,-37706,-1355
55346,384000,465920,-18560,-83280,-42927,-1503
55356,376832,331776,10208,-83016,-83582,-550
55366,369664,435200,-14848,-82581,27642,-277
55376,369664,326656,9744,-81196,-24464,-77
55386,369664,258048,25288,-78117,-30787,-27
55396,369664,250880,26912,-72993,11325,-14
55406,369664,5120,91176,-64325,-132257,-14
55416,369664,50176,72384,-53118,-2054,-14
55426,376832,93184,64264,-40842,53919,104
55436,376832,-218112,134792,-28488,-159325,23
55446,1528832,227328,294872,-14942,158923,65917
55456,1528832,208896,299048,7030,102881,16994
55466,4075520,374784,838448,13511,137006,81095
55476,4840448,1002496,869536,28718,368954,37531
55486,6854656,1860608,1131464,45449,549496,93783
55496,6854656,2981888,877424,66285,690737,24178
55506,6854656,4192256,603200,90038,778047,6230
55516,6854656,5074944,403216,107111,702096,1709
55526,6998016,5784576,274920,119833,604872,4467
55536,6575104,5943296,143144,126420,343882,-7470
55546,4347904,5946368,-362152,114870,128400,-94352
55556,3988480,5969920,-448920,56543,80391,-34447
55566,1971200,5295104,-753072,2081,-304330,-124910
55576,1324032,4830208,-794368,-12842,-314382,-57357
55586,1324032,3677184,-533136,-30877,-661443,-14797
55596,327680,2993152,-603896,-45882,-546215,-28873
55606,327680,1933312,-363776,-61203,-678529,-7451
55616,327680,1475584,-260072,-71877,-459949,-2054
55626,-4096,1156096,-262856,-80935,-257342,-7533
55636,0,614400,-162168,-88144,-241908,-1800
55646,0,699392,-158456,-93601,-66002,-500
55656,0,296960,-67280,-97570,-191592,-134
55666,0,-56320,12760,-99231,-267324,-42
55676,0,143360,-32480,-97632,56535,-16
55686,-19456,-396288,85376,-91338,-202722,-1058
55696,-19456,-424960,91872,-80035,-82514,-278
55706,-19456,-312320,66352,-67714,53965,-77
55716,-209920,-451584,54752,-58388,-157673,-5127
55726,-222208,-633856,93264,-48302,-103685,-1863
55736,-222208,-464896,54984,-37786,57682,-486
55746,-235520,-453632,49416,-25733,19265,-759
55756,-235520,-760832,119016,-12324,-93415,-214
55766,-235520,-671744,98832,605,-21848,-61
55776,-235520,-532480,67280,3404,59059,-23
55786,-235520,-515072,63336,5871,29512,-14
55796,-306176,-424960,26912,7424,46598,-1757
55806,-306176,-529408,50576,8599,-52807,-489
55816,-322560,-608256,64728,9802,-109617,-692
55826,-343040,-387072,9976,10634,63707,-702
55836,-343040,-411648,15544,11047,30052,-186
55846,-1310720,-588800,-163560,-133,-105659,-33096
55856,-1310720,-593920,-162400,-5527,-70156,-9107
55866,-4444160,-781312,-829864,-12817,-108378,-100504
55876,-4444160,-1212416,-732192,-26945,-160909,-27649
55886,-6576128,-2548736,-912456,-38969,-632286,-59853
55896,-6784000,-3351552,-777664,-60230,-497918,-18929
55906,-6784000,-4757504,-459128,-78701,-678184,-5214
55916,-6714368,-5779456,-211816,-90316,-583266,264
55926,-6714368,-6547456,-37816,-94927,-517081,67
55936,-6714368,-6412288,-68440,-95767,-10580,12
55946,-5052416,-6728704,386512,-56219,-90111,38526
55956,-4120576,-6607872,563528,4589,43752,34597
55966,-4120576,-6088704,445904,20351,256549,8916
55976,-3281920,-5568512,518056,34193,299934,21889
55986,-2880512,-4839424,443816,48503,381645,23381
55996,-2848768,-4316160,332456,60433,328885,7041
56006,-2848768,-3923968,243600,70101,212039,1931
56016,-2500608,-3531776,233624,78088,203341,11598
56026,-2500608,-3429376,210424,85120,76443,3186
56036,-1735680,-3270656,347768,93779,49294,18550
56046,-1646592,-3191808,330136,104624,49489,6179
56056,-781312,-2686976,431752,114753,187242,29393
56066,-781312,-2415616,370272,127457,161539,7574
56076,-346112,-1978368,369808,138766,202159,15391
56086,-253952,-1478656,277472,149390,251741,6730
56096,-209920,-1169408,217384,157278,169583,2867
56106,-68608,-619520,124816,163734,297938,3746
56116,-16384,-516096,113216,168346,134493,2528
56126,-16384,-253952,53824,171199,149605,689
56136,0,-178176,40368,173032,72978,429
56146,0,74752,-16472,173660,158544,104
56156,-7168,-16384,2088,172884,23729,-133
56166,-93184,52224,-32944,171274,41205,-3605
56176,-163840,93184,-58232,165594,38956,-3117
56186,-328704,2048,-74936,157793,-49250,-10243
56196,-436224,52224,-110664,143042,-21240,-6824
56206,-436224,-33792,-91176,127861,-66840,-1882
56216,-632832,-206848,-96512,109851,-135688,-4497
56226,-632832,-297984,-75864,95163,-65268,-1167
56236,-966656,-411648,-125744,78500,-92004,-9720
56246,-1033216,-533504,-113216,62052,-39599,-3868
56256,-1063936,-609280,-103008,50726,20229,-2342
56266,-1085440,-852992,-52664,42353,-56261,-1214
56277,-1085440,-961536,-28072,38050,-93897,-319
56287,-1085440,-1217536,29928,37210,-134770,-93
56297,-1829888,-1349632,-108808,25805,-143594,-20973
56307,-5052416,-1362944,-835896,-4554,-81126,-115140
56317,-5052416,-1994752,-692752,-18075,-310136,-29696
56327,-13755392,-2822144,-2477064,-25430,-426328,-253025
56337,-17055744,-4621312,-2817176,-25430,-797463,-132496
56347,-17055744,-7775232,-2102616,-60534,-1454992,-34171
56357,-17213440,-11317248,-1335856,-110356,-1791612,-12977
56367,-17213440,-13858816,-760032,-143248,-1500466,-3576
56377,-17213440,-15712256,-340112,-161703,-1087495,-928
56387,-17213440,-16468992,-168664,-170050,-590920,-261
56397,-17213440,-16721920,-111360,-174995,-254599,-73
56407,-16899072,-16758784,-31784,-177603,-23019,11425
56417,-16899072,-16878592,-4640,-176820,-48722,3137
56427,-16899072,-17111040,48024,-169853,-47643,803
56437,-14696448,-17509376,637304,-128534,-135791,75409
56447,-14696448,-17258496,580464,-40222,61125,20737
56457,-8942592,-16934912,1810760,8838,152933,276625
56467,-8942592,-15782912,1549760,13174,557425,76083
56477,-2669568,-13950976,2555944,22342,968273,174729
56487,-677888,-11418624,2402824,35602,1402782,138955
56497,-489472,-8420352,1796840,59328,1600776,44648
56507,-13312,-5497856,1242592,97536,1578917,23282
56517,-13312,-3428352,773720,127462,1239200,6399
56527,193536,-2021376,501816,147993,830945,8707
56537,297984,-1180672,335008,161817,606329,4660
56547,665600,-1017856,381408,174102,238362,14238
56557,1310720,-473088,404144,185633,316618,25695
56567,2726912,121856,590208,196373,419626,42081
56577,3107840,803840,522000,212249,445662,17242
56587,10080256,1642496,1911680,220210,526718,227631
56597,10080256,3239936,1549760,228359,796911,62607
56607,16743424,5549056,2536224,229706,1203629,128003
56617,16898048,8433664,1917712,258676,1533994,40481
56627,16898048,11692032,1179488,303352,1687387,10434
56637,16898048,14168064,618512,332037,1472880,2864
56647,16743424,15650816,247544,346546,942122,-4217
56657,16898048,16281600,139664,352721,443310,2492
56667,16743424,16574464,38280,354169,181929,-1916
56677,12025856,16928768,-1110816,278040,170156,-151511
56687,12025856,16553984,-1025904,128160,-149870,-39075
56697,5617664,15890432,-2327424,-6177,-330182,-139023
56707,5617664,13847552,-1864584,-34355,-856110,-35856
56717,2554880,11372544,-1997752,-49970,-1202379,-80869
56727,1127424,8629248,-1699632,-80875,-1400832,-83954
56737,974848,6530048,-1258600,-110162,-1230113,-26232
56747,584704,4809728,-957232,-141632,-980919,-15699
56757,455680,3562496,-703888,-168709,-753102,-7926
56767,423936,2896896,-560280,-188891,-428325,-3201
56777,432128,1965056,-347304,-205363,-533455,-652
56787,423936,2062336,-371200,-217478,-66370,-546
56797,419840,1451008,-233624,-227050,-191581,-271
56807,372736,977920,-137112,-234275,-300796,-2771
56817,372736,809984,-99064,-238439,-158419,-768
56827,311296,444416,-30160,-240672,-191753,-2048
56837,311296,160768,34104,-240454,-205947,-568
56847,215040,486400,-61480,-237793,145096,-4141
56857,215040,6054912,-1323096,-247262,3402313,-1073
56867,215040,11522048,-2561744,-330427,2223641,-301
56877,215040,12063744,-2684472,-414496,1531906,-83
56887,801792,8952832,-1846720,-485242,-1000277,17581
56897,1497088,3958784,-557728,-500000,-2176137,37259
56907,1561600,349184,274688,-491203,-1977110,12110
56917,1594368,-1586176,720592,-415346,-1260142,4308
56927,1594368,-2332672,889720,-290675,-505606,1106
56937,1378304,-2163712,802488,-162731,-1618,-8115
56947,1270784,-1496064,626864,-64882,270135,-5264
56957,689152,-514048,272600,-3637,441611,-19516
56967,689152,235520,102776,5610,399993,-5037
56977,689152,617472,16240,7446,244856,-1391
56987,483328,604160,-27376,3329,48135,-4153
56997,488448,334848,34800,1822,-137225,-949
57007,488448,380928,24360,3047,16362,-249
57017,492544,288768,65424,4991,-57523,10
57027,496640,382976,25752,7040,102869,156
57037,496640,281600,48720,8394,-27482,35
57047,488448,441344,10672,8749,28881,-434
57057,479232,404480,16936,8021,-51131,-454
57067,479232,673792,-44080,5457,113437,-122
57077,455680,508928,-12064,2950,-16524,-489
57087,462848,429056,7656,1441,-58406,128
57097,462848,185344,62872,238,-201219,27
57107,462848,613376,-34104,25,124442,2
57117,514048,418816,21576,812,12759,1745
57127,523264,420864,23200,1757,12415,718
57137,523264,398336,28304,2406,-10557,179
57147,523264,533504,-2320,2267,53804,41
57157,527360,584704,-12992,2587,87459,108
57167,523264,463872,13456,2115,-20666,-170
57177,523264,339968,41528,1553,-111614,-53
57187,523264,478208,10208,1233,-9846,-20
57197,523264,532480,-2088,990,18921,-14
57207,523264,648192,-28304,-116,83661,-14
57217,523264,497664,5800,-358,-53908,-14
57227,523264,539648,11368,-374,-74608,-14
57237,523264,389120,30392,196,-113152,-14
57247,523264,660480,-31088,-138,104373,-14
57257,523264,500736,5104,63,-6507,-14
57267,523264,559104,-8120,128,42283,-14
57277,527360,342016,41992,164,-116571,84
57287,523264,321536,45704,397,-128528,-52
57297,518144,650240,-29928,-194,93036,-182
57307,518144,538624,-4640,-80,6483,-55
57317,500736,502784,-464,-50,-13793,-790
57327,492544,325632,37816,233,-124007,-471
57337,492544,323584,38280,238,-102985,-134
57347,451584,690176,-54056,-358,147035,-1851
57357,451584,483328,-7192,-420,-23271,-515
57367,409600,434176,-5568,-525,-46473,-1112
57377,398336,449536,-12992,-1253,-20597,-469
57387,398336,427008,-6496,-1386,-17752,-134
57397,398336,561152,-36888,-1144,75399,-40
57407,243712,222208,4872,-1850,-158258,-3652
57417,243712,386048,-32248,-3033,-12806,-947
57427,190464,376832,-42224,-4515,-10706,-1500
57437,190464,518144,-74240,-6132,97775,-391
57447,334848,248832,19488,-6529,-96674,4228
57457,334848,294912,9048,-5079,-27597,1158
57468,1012736,379904,143376,4598,52427,10962
57478,1012736,539648,107184,9409,137064,3011
57488,6305792,795648,1248392,10592,195068,115805
57498,9784320,1505280,1875720,22964,333498,174004
57508,9784320,3160064,1500808,37337,770474,47856
57518,13367296,5220352,1845792,71137,1018233,217354
57528,13624320,7211008,1453016,78084,1062870,66027
57538,13624320,9162752,1010824,108092,1078900,18156
57548,12864512,10828800,461216,134269,942237,-29330
57558,10180608,11850752,-378392,126961,659526,-119290
57568,9214976,12199936,-676280,44000,245912,-57935
57578,4395008,11546624,-1620288,-9771,-284077,-273508
57588,4395008,10699776,-1428424,-13821,-431182,-75237
57598,1452032,8819712,-1669240,-25538,-831336,-102204
57608,713728,6806528,-1380400,-43788,-1045108,-40463
57618,129024,4835328,-1066272,-74852,-1019772,-33850
57628,0,3164160,-716880,-100295,-872920,-12364
57638,-145408,1954816,-475832,-118203,-697726,-11207
57648,-173056,1480704,-374680,-131248,-256504,-3969
57658,-173056,667648,-190472,-140816,-398055,-1029
57668,-353280,537600,-201840,-148289,-202998,-3960
57678,-649216,369664,-230840,-154940,-83019,-11806
57688,-649216,156672,-182584,-161038,-64947,-3253
57698,-649216,-309248,-77024,-164828,-160806,-845
57708,-649216,-634880,-3248,-166212,-173152,-224
57718,-2318336,-658432,-376072,-169133,2765,-44091
57728,-2528256,-1448960,-244528,-178173,-368381,-15386
57738,-2528256,-1568768,-217384,-186169,-174059,-4238
57748,-2528256,-2033664,-112056,-190753,-144959,-1098
57758,-7757824,-2829312,-1116616,-191274,-384997,-263292
57768,-9123840,-2907136,-1408472,-191274,-142940,-122179
57778,-11344896,-4360192,-1582472,-197433,-662808,-90094
57788,-12143616,-6163456,-1354880,-218969,-1006519,-37540
57798,-12143616,-8253440,-881368,-250167,-1104466,-10331
57808,-12380160,-10077184,-521768,-272041,-935606,-8518
57818,-10081280,-11382784,294872,-247441,-714387,41563
57828,-10081280,-11655168,356584,-194393,-198660,10713
57838,-5442560,-11500544,1372512,-43014,12966,117460
57848,-4491264,-10223616,1298736,19702,551848,49338
57858,-1437696,-8563712,1614488,37667,841674,116979
57868,-1209344,-6744064,1253960,57725,975754,37817
57878,-409600,-4926464,1023352,85095,945393,29666
57888,-346112,-3429376,698552,109216,808845,10468
57898,-151552,-2174976,458432,127664,672159,7505
57908,-77824,-1460224,313200,140652,444503,3820
57918,-28672,-883712,193720,149324,391054,2725
57928,-25600,-717824,156832,155993,188688,771
57938,-80896,-438272,80968,160419,190799,-2401
57948,-80896,-223232,32248,162771,155412,-625
57958,-80896,-162816,18560,162538,28904,-166
57968,-406528,27648,-98368,148845,31417,-5882
57978,-654336,-1024,-148016,128007,-56054,-9456
57988,-768000,-66560,-158920,103650,-78269,-5418
57998,-1024000,39936,-241048,78762,65967,-13472
58008,-1024000,-438272,-132704,54005,-161425,-3480
58018,-1024000,-523264,-113448,36386,-103674,-904
58028,-1325056,-849920,-107648,15356,-174736,-5309
58038,-2612224,-754688,-420848,-4878,37935,-42577
58048,-4348928,-1092608,-737760,-12852,-70741,-51976
58058,-14559232,-2035712,-2837360,-12852,-402404,-323537
58068,-14559232,-4024320,-2386816,-17341,-972795,-83435
58078,-14559232,-6666240,-1788256,-61021,-1447247,-173397
58088,-17213440,-10064896,-1619592,-77382,-1714743,-47700
58098,-17213440,-12676096,-1027992,-113887,-1449221,-12305
58108,-17213440,-14695424,-570488,-138849,-1196940,-3390
58118,-17213440,-15657984,-352408,-154336,-636084,-879
58128,-17213440,-16375808,-189776,-163937,-465617,-233
58138,-14559232,-16413696,420152,-120175,-166336,57614
58148,-14559232,-16206848,373288,-59852,90936,14850
58158,-14559232,-15945728,314128,-11328,146542,4079
58168,-1162240,-15335424,3211112,19634,323710,285816
58178,-727040,-13728768,2945704,23356,822396,90604
58188,-312320,-10960896,2412568,70279,1437068,37362
58198,-209920,-7606272,1675736,129710,1736819,11715
58208,-209920,-4657152,1007576,172662,1691334,3218
58218,-209920,-2577408,536384,199526,1255574,823
58228,0,-1532928,347304,213122,733675,11466
58238,0,-1061888,240584,222232,317743,3149
58248,0,-830464,188152,229532,155985,808
58258,12288,-674816,155672,235179,92554,921
58268,43008,-397312,99760,239599,132485,1427
58278,43008,-91136,30392,241626,140242,362
58288,432128,359424,16472,242965,243537,10476
58298,432128,642048,-47560,240624,187529,2696
58308,432128,839680,-92336,229413,105302,688
58318,2911232,924672,450080,232194,7768,47538
58328,6575104,1649664,1115920,238368,292648,145694
58338,6575104,2535424,915240,250482,514200,40068
58348,7677952,3945472,845640,269318,773744,28934
58358,7677952,5398528,516432,289985,885989,7456
58368,6438912,6706176,-60552,295809,775281,-30635
58378,5617664,7434240,-411568,249890,498399,-22610
58388,3210240,7527424,-978112,162146,192222,-93906
58398,2756608,6641664,-880208,23817,-367876,-36187
58408,2393088,5823488,-777200,-20597,-449840,-26477
58418,2419712,4668416,-509472,-39197,-545182,-6318
58428,2419712,3374080,-216224,-52215,-715534,-1635
58438,2817024,3146752,-74704,-55697,-281553,7134
58448,2787328,2789376,-464,-56485,-198637,820
58458,2787328,2937856,-34104,-57058,16557,205
58468,2419712,3059712,-145000,-61000,60999,-6532
58478,2419712,3147776,-164952,-66301,66254,-1690
58488,1258496,2770944,-342664,-74034,-174701,-27360
58498,1042432,2749440,-386744,-84916,-37568,-11399
58508,1042432,1935360,-202304,-94851,-355300,-2946
58518,1042432,1752064,-160776,-101029,-133060,-766
58528,162816,980992,-185368,-107902,-402449,-17906
58538,162816,1120256,-216920,-114932,-43765,-4623
58548,3072,574464,-129456,-120395,-237972,-4902
58558,0,500736,-113448,-124608,-75825,-1292
58568,0,264192,-59856,-127520,-109032,-339
58578,0,11264,-2552,-128644,-150651,-98
58588,0,120832,-27376,-128469,29317,-31
58598,0,-153600,36656,-126292,-101826,-14
58608,0,-245760,55680,-121818,-94700,-14
58618,0,-99328,22504,-116212,46059,-14
58628,0,-371712,84216,-109097,-128723,-14
58638,0,-203776,46168,-102271,11095,-14
58648,6144,-172032,40368,-95012,31153,87
58658,113664,-296960,93032,-85841,-58682,3461
58668,193536,-118784,70760,-73612,64120,2623
58678,455680,-1024,103472,-61304,90660,11535
58688,695296,-100352,180264,-41890,-40357,10358
58698,1753088,291840,331064,-19928,183272,63193
58708,2668544,408576,512024,6890,118050,51854
58718,2668544,697344,446600,19300,130604,14256
58728,6925312,1346560,1263936,28625,243387,170993
58738,9031680,2414592,1499184,32868,517298,134313
58748,9031680,3837952,1176704,52178,760583,34628
58758,9031680,5634048,769776,81987,961526,8924
58768,9031680,7111680,435000,101860,894950,2449
58778,16135168,8199168,1798000,107582,666674,200476
58788,15115264,9393152,1296416,122412,738655,2143
58799,12142592,11153408,224112,147860,900779,-114901
58809,10281984,12642304,-534760,110305,809682,-81982
58819,6782976,13180928,-1449536,14444,415862,-210257
58829,6782976,12422144,-1277624,-14858,-260313,-54224
58839,6782976,11065344,-970224,-45345,-654306,-13988
58849,6782976,9340928,-579536,-69086,-820125,-3852
58859,701440,8155136,-1688728,-79067,-607317,-222494
58869,701440,7044096,-1437008,-86882,-581189,-61205
58879,345088,5651456,-1202224,-117863,-725506,-22596
58889,345088,4270080,-889256,-150083,-784038,-6220
58899,116736,3153920,-688112,-176162,-615395,-7632
58909,101376,2249728,-486736,-195775,-472250,-2266
58919,9216,1657856,-373520,-210034,-376391,-4209
58929,9216,1406976,-316680,-222145,-179567,-1091
58939,-4096,1052672,-239424,-232148,-276527,-525
58949,0,1100800,-249400,-239980,21250,0
58959,-4096,742400,-169128,-246503,-81229,-111
58969,-10240,579584,-133632,-251752,-93553,-345
58979,-10240,343040,-80040,-255744,-136973,-93
58989,-74752,301056,-85144,-258789,-52302,-1625
58999,-120832,133120,-57536,-261061,-89261,-2769
59009,-120832,-8192,-25520,-263689,-164237,-720
59019,-130048,194560,-73544,-265857,16867,-419
59029,-126976,-164864,8584,-266664,-142745,-66
59039,-133120,-224256,20648,-265171,-79324,-232
59049,-133120,-292864,36192,-260190,-29364,-69
59059,-133120,-419840,64960,-252586,-59875,-24
59069,-133120,-390144,58232,-244295,-7402,-14
59079,-133120,-363520,52200,-234856,34079,-14
59089,-93184,-360448,57768,-225496,28984,661
59099,-13312,-293888,63568,-216430,46334,2904
59109,-10240,-407552,90016,-206484,-62422,819
59119,0,-154624,35032,-198048,97591,403
59129,0,-312320,70760,-190048,-48618,97
59139,0,-141312,32016,-182787,66518,20
59149,0,-324608,73544,-174916,-59611,0
59159,0,-189440,42920,-166231,53747,0
59169,0,-259072,58696,-159139,-19025,0
59179,0,-108544,24592,-153179,60735,0
59189,0,-219136,49648,-148121,-5577,0
59199,0,5120,-1160,-144342,101424,0
59209,0,-173056,39208,-139383,-22043,0
59219,0,-2048,464,-135587,93701,0
59229,0,-101376,22968,-131870,10143,0
59239,0,-80896,18328,-129554,20791,0
59249,0,-83968,19024,-127969,-16535,0
59259,0,-80896,18328,-126818,-29123,0
59269,0,-11264,2552,-125959,-13093,0
59279,0,-185344,41992,-123954,-98154,0
59289,0,-33792,7656,-121073,34756,0
59299,0,-184320,41760,-116767,-56329,0
59309,0,9216,-2088,-111106,123833,0
59319,0,-352256,79808,-104717,-128585,0
59329,0,-58368,13224,-95795,138211,0
59339,0,-439296,99528,-87157,-135791,0
59349,0,-196608,44544,-78585,53483,0
59359,0,-214016,48488,-71736,458,0
59369,0,-384000,87000,-64495,-112016,0
59379,0,114688,-25984,-58961,220243,0
59389,0,-292864,66352,-52476,-84293,0
59399,0,75776,-17168,-48500,165831,0
59409,0,-153600,34800,-45574,-39932,0
59419,0,-16384,3712,-44220,49696,0
59429,0,27648,-6264,-43525,42260,0
59439,0,-91136,20648,-42405,-48722,0
59449,0,3072,-696,-41080,27011,0
59459,0,36864,-8352,-39523,41274,0
59469,0,37888,-8584,-37434,55697,0
59479,0,40960,-9280,-35824,44326,0
59489,0,-133120,30160,-32790,-71304,0
59499,0,181248,-8120,-30625,40861,0
59509,0,-292864,66352,-26920,-177547,0
59519,-7168,180224,-42456,-24181,161470,-206
59529,-16384,-207872,43384,-21357,-123743,-249
59539,-472064,-12288,-104168,-20777,22467,-17771
59549,-606208,-93184,-116232,-24681,-46771,-8126
59559,-1579008,-163840,-320624,-31448,-63662,-30066
59569,-1579008,-543744,-234552,-40425,-222080,-7760
59579,-3390464,-665600,-617352,-48113,-130019,-49787
59589,-4790272,-1351680,-779056,-59603,-321726,-40438
59599,-5738496,-2307072,-777432,-78308,-526892,-44968
59609,-5738496,-2947072,-632432,-97158,-372352,-12374
59619,-5738496,-4185088,-351944,-113274,-575303,-3197
59629,-5738496,-4897792,-190472,-123177,-457321,-829
59639,-5328896,-5385216,12760,-125880,-359936,10569
59649,-5328896,-5230592,-22272,-123403,22364,2719
59659,-4348928,-5669888,299280,-104892,-200450,34156
59669,-4348928,-5228544,199288,-72937,113575,9389
59679,-3354624,-5055488,385352,-22044,125773,27947
59689,-3354624,-4613120,285128,6949,266601,7682
59699,-2292736,-4265984,447064,17597,230249,28233
59709,-2292736,-3834880,349392,29653,188608,7275
59719,-768000,-3313664,576752,38554,203467,54058
59729,-768000,-2575360,409480,51508,325110,13935
59739,-197632,-1949696,384888,64674,393785,13163
59749,27648,-1406976,325032,75838,328311,11306
59759,104448,-710656,184672,84669,387256,4692
59769,175104,-353280,119712,89899,269079,4617
59779,234496,-272384,114840,93163,30637,3213
59789,234496,160768,16704,94383,250180,823
59799,1138688,297984,190472,97242,104143,33557
59809,1138688,338944,181192,102923,31119,8649
59819,2817024,618496,498104,109509,87172,43875
59829,3107840,1249280,421080,122351,294381,16191
59839,6506496,1822720,1061168,129036,317892,120492
59849,6925312,2811904,931944,142413,463987,40774
59859,8762368,4019200,1059080,161043,601797,91711
59869,8762368,5413888,758640,178504,682670,25220
59879,8762368,6710272,464928,197385,666101,6499
59889,8762368,7619584,258912,208934,499248,-3658
59899,7836672,8317952,-109040,203990,310445,-30580
59909,7677952,8924160,-282344,171360,305281,-11340
59919,7677952,8875008,-271208,134853,91900,-3125
59929,7677952,8546304,-196736,101385,-113312,-811
59939,7677952,8289280,-138504,76898,-180439,-134687
59949,4944896,8100864,-715024,-4168,-132567,-53981
59959,4944896,7570432,-594848,-22340,-274542,-13926
59969,4944896,6858752,-433608,-38780,-364388,-3836
59980,4944896,5987328,-236176,-51008,-486019,-995
59990,1716224,5528576,-863736,-55069,-335679,-103630
60000,1716224,4880384,-716880,-70637,-396115,-26728
60010,993280,4216832,-730336,-90223,-340613,-18276
60020,993280,3095552,-476296,-109140,-574913,-5033
60030,342016,2534400,-496712,-123887,-297526,-15458
60040,342016,1355776,-229680,-135066,-578677,-4258
60050,132096,1175552,-236408,-143229,-217662,-7403
60060,132096,567296,-98600,-148463,-314382,-3496
60070,104448,350208,-55680,-151628,-189079,-966
60080,104448,311296,-46864,-153224,-37362,-255
60090,61440,108544,-10672,-153726,-68951,-1009
60100,61440,-175104,53592,-151314,-161988,-265
60110,-4096,-56320,11832,-146937,20367,-1918
60120,-4096,-232448,51736,-140614,-43811,-533
60130,-4096,-500736,112520,-130187,-162183,-142
60140,0,-220160,49880,-118534,95985,73
60150,0,-271360,61480,-106330,77097,14
60160,-4096,-619520,139432,-91720,-149905,-161
60170,0,-562176,127368,-77249,38187,62
60180,-4096,-249856,55680,-63017,147345,-207
60190,-4096,-379904,85144,-49706,21285,-58
60200,-4096,-420864,94424,-37813,-27517,-22
60210,-4096,-337920,75632,-26952,6758,-14
60220,-4096,-327680,73312,-18179,-19393,-14
60230,-4096,-283648,63336,-9476,-4372,-14
60240,-4096,-224256,49880,-2035,16270,-14
60250,-273408,-101376,-38976,443,97430,-10475
60260,-273408,-16384,-58232,-569,122525,-2706
60270,-671744,-225280,-101152,-3108,-43065,-12675
60280,-671744,-356352,-71456,-6462,-99761,-3273
60290,-671744,-397312,-62176,-9161,-59232,-850
60300,-3176448,-632832,-576288,-15191,-137581,-85643
60310,-4033536,-944128,-699944,-26308,-195161,-53307
60320,-4033536,-1441792,-587192,-43952,-329494,-13751
60330,-4396032,-2435072,-444280,-59413,-467763,-10712
60340,-4396032,-3313664,-245224,-71552,-510667,-2768
60350,-4396032,-3941376,-103008,-77629,-420361,-768
60360,-4165632,-4030464,-30624,-78131,-97133,3923
60370,-3738624,-4381696,145696,-67575,-139176,15586
60380,-3354624,-4427776,243136,-38965,-75905,13777
60390,-2698240,-4209664,342432,3427,70867,18804
60400,-2698240,-3968000,287680,13430,126966,5168
60410,-2125824,-3572736,327816,23561,209159,15482
60420,-1754112,-3014656,285592,33551,348070,20144
60430,-1754112,-2700288,214368,42422,306739,5535
60440,-1754112,-2392064,144536,49497,257214,1422
60450,-1246208,-2135040,201376,56842,220220,8888
60460,-1233920,-1963008,165184,63004,130569,2859
60470,-1259520,-1774592,116696,67573,79622,137
60480,-1562624,-1557504,-1160,69631,77889,-14258
60490,-1579008,-1385472,-43848,64206,61446,-4208
60500,-1579008,-1251328,-74240,54984,71865,-1091
60510,-2149376,-1376256,-175160,29858,-35790,-11280
60520,-2368512,-1555456,-184208,2779,-100816,-9928
60530,-2368512,-1739776,-142448,-5816,-104178,-2737
60540,-2420736,-1818624,-136416,-9876,4509,-3020
60550,-2528256,-2113536,-93960,-12646,-113783,-4225
60560,-2528256,-2402304,-28536,-14138,-105555,-1168
60570,-4210688,-2545664,-377232,-15473,-82996,-74674
60580,-6714368,-2684928,-912920,-19557,-92440,-100689
60590,-7293952,-3340288,-895752,-34158,-349678,-39406
60600,-11125760,-4209664,-1566928,-51439,-371709,-168953
60610,-11681792,-5636096,-1369728,-60198,-761903,-64276
60620,-11681792,-7165952,-1023120,-90413,-785759,-16582
60630,-11795456,-8909824,-653776,-115596,-899071,-6473
60640,-11795456,-10272768,-344984,-132232,-736269,-1675
60650,-11456512,-11015168,-99992,-138170,-578791,19643
60660,-9688064,-11639808,442192,-121195,-380533,73744
60670,-8675328,-11530240,646816,-41974,-54666,49401
60680,-8081408,-10945536,648904,11269,291684,26490
60690,-4348928,-10232832,1333072,18399,415380,110888
60700,-4348928,-8968192,1046552,38521,673272,28590
60710,-2612224,-7635968,1138192,57498,745000,45601
60720,-727040,-6270976,1256048,79115,725906,89873
60730,-595968,-4948992,986232,100516,734501,28649
60740,-77824,-3547136,786016,126068,781707,28272
60750,0,-2577408,583944,147306,594120,10308
60760,0,-1643520,372360,162343,517195,2831
60770,-4096,-962560,217152,172378,377755,489
60780,-4096,-373760,83752,177469,299326,119
60790,0,-138240,31320,179630,182549,143
60800,0,111616,-25288,178618,143501,32
60810,0,264192,-59856,173549,114287,3
60820,0,244736,-55448,164941,4922,0
60830,193536,369664,-39904,158612,37441,4541
60840,193536,533504,-77024,151178,96363,1243
60850,327680,630784,-68672,142720,95594,4090
60860,355328,662528,-69600,134828,59312,1685
60870,527360,735232,-47096,126011,51612,7111
60880,631808,683008,-11600,120573,-48320,4584
60890,1848320,724992,254504,115266,-65578,66514
60900,1848320,917504,210888,120746,26621,17147
60910,4347904,1226752,707136,125119,136065,75035
60920,6047744,1817600,958392,134446,291523,51813
60930,8501248,2933760,1261384,149023,560833,102713
60940,9687040,4325376,1214752,161118,741053,59523
60950,12025856,6021120,1360448,184234,906815,132966
60960,12864512,7501824,1214984,196216,856522,69148
60970,12864512,9191424,832184,221225,899150,17826
60980,12864512,10639360,504136,242971,858645,-3501
60990,10802176,11767808,-218776,241782,685103,-76081
61000,10802176,12450816,-373520,196842,434313,-19625
61010,5499904,12413952,-1566464,119241,71395,-272062
61020,4395008,11790336,-1675504,-9845,-309666,-110403
61030,4395008,10414080,-1363696,-37440,-646250,-28474
61040,1094656,8334336,-1640240,-47457,-1074586,-78447
61050,1094656,6165504,-1148864,-80006,-1204616,-20235
61060,256000,4271104,-909672,-107755,-1086302,-25960
61070,104448,2817024,-614568,-129756,-889168,-9861
61080,-7168,2027520,-460984,-146825,-461383,-6359
61090,-7168,1103872,-251720,-157805,-474717,-1755
61100,-7168,599040,-137344,-165124,-355633,-458
61110,0,496640,-112520,-169600,-136319,120
61120,0,417792,-94656,-172504,-1882,27
61130,0,55296,-12528,-173666,-120989,1
61140,-50176,-217088,37816,-172627,-182630,-1716
61150,-50176,-268288,49416,-168035,-90994,-449
61160,-157696,-474112,71688,-161742,-106370,-1926
61170,-157696,-489472,75168,-152159,-44384,-535
61180,-179200,-432128,57304,-140260,59312,-641
61190,-176128,-555008,85840,-127090,9787,-126
61200,-176128,-775168,135720,-111672,-115033,-38
61210,-176128,-673792,112752,-95932,-15652,-14
61220,-173056,-634880,104632,-81617,6884,43
61230,-173056,-536576,82360,-67471,59254,7
61240,-179200,-539648,81664,-54939,22616,-138
61250,-182272,-405504,50576,-45025,80494,-95
61261,-203776,-417792,48488,-36529,27091,-718
61271,-203776,-434176,52200,-29905,-13254,-205
61281,-212992,-425984,48256,-23966,-21424,-205
61291,-212992,-337920,28304,-19421,22019,-58
61301,-206848,-304128,22040,-15755,27837,120
61311,-209920,-336896,28768,-12336,-10947,-23
61321,-219136,-215040,-928,-10341,56569,-307
61331,-219136,-152576,-15080,-9184,68732,-86
61341,-250880,-294912,9976,-8288,-67712,-1344
61351,-250880,-332800,18560,-8215,-83019,-352
61361,-270336,-151552,-26912,-8259,38141,-634
61371,-270336,-93184,-40136,-8302,83615,-170
61381,-270336,-220160,-11368,-8114,5840,-53
61391,-270336,-329728,13456,-7775,-61309,-20
61401,-219136,-250880,7192,-7564,-2376,2110
61411,-154624,-242688,19952,-5604,-2525,2473
61421,52224,-326656,72848,-2293,-25979,11727
61431,52224,-174080,51272,1605,35697,3221
61441,52224,82944,-6960,3134,186336,824
61451,605184,-17408,141056,7047,70936,12239
61461,2419712,-39936,557264,12169,2570,73642
61471,3578880,270336,749592,22469,98360,51597
61481,7677952,936960,1527256,35646,297364,206028
61491,9031680,2131968,1563216,38661,584333,105714
61501,9031680,3722240,1202920,63023,828593,27255
61511,10908672,5537792,1216840,82406,977682,45734
61521,10908672,7369728,801792,111193,1011693,11790
61531,10908672,8709120,498336,132311,844336,3238
61541,10080256,9721856,81200,138549,614270,-14994
61551,7677952,10192896,-569792,113314,379006,-97457
61561,5558272,10120192,-1033560,-1188,67918,-84772
61571,5558272,9230336,-831952,-22144,-362736,-21864
61581,1364992,8293376,-1569712,-37383,-485250,-168923
61591,1364992,6878208,-1249088,-51309,-644116,-43564
61601,246784,5243904,-1132160,-74125,-843522,-38042
61611,246784,3708928,-784392,-102571,-839483,-9814
61621,-71680,2441216,-569328,-124263,-708489,-10936
61631,-105472,1460224,-354728,-139241,-615108,-3658
61641,-286720,953344,-280952,-149631,-330309,-7549
61651,-332800,473088,-182584,-157265,-260256,-3090
61661,-684032,139264,-186528,-163485,-231420,-12003
61671,-684032,-160768,-118552,-169022,-207748,-3100
61681,-1579008,-173056,-318536,-175095,-13070,-24465
61691,-1579008,-739328,-190240,-182813,-217077,-6314
61701,-4688896,-1252352,-778592,-185896,-290836,-115006
61711,-4688896,-1733632,-669552,-198600,-278547,-29662
61721,-7837696,-2797568,-1141904,-212373,-486994,-156114
61731,-8081408,-3901440,-947024,-221967,-599480,-51823
61741,-8416256,-5356544,-693216,-243289,-808616,-21648
61751,-8331264,-6420480,-402056,-261294,-702591,-4066
61761,-8247296,-7642112,-137112,-269763,-617438,1743
61771,-7917568,-8130560,48256,-264813,-248254,8598
61781,-5678080,-8556544,652152,-236528,-183743,114986
61791,-4444160,-8607744,943312,-121640,-40942,71777
61801,-4444160,-7975936,800168,440,293646,19737
61811,-2125824,-6962176,1095736,15793,573260,59984
61821,-1453056,-5889024,1005024,39370,640833,38432
61831,-740352,-4492288,850048,60818,725046,28190
61841,-501760,-3243008,621064,83005,710588,11270
61851,-99328,-2451456,532904,99913,489001,16836
61861,-99328,-1631232,347072,113734,409930,4336
61871,0,-1200128,271904,123052,238339,5870
61881,0,-630784,142912,129850,275734,1509
61891,0,-474112,107416,133910,99829,384
61901,0,-217088,49184,136061,94332,100
61911,0,95232,-21576,135121,132738,21
61921,0,166912,-37816,129756,44280,0
61931,0,304128,-68904,121035,61308,0
61941,0,422912,-95816,111236,105486,0
61951,-7168,395264,-91176,99760,50247,-171
61961,-7168,344064,-79576,88897,13195,-50
61971,-7168,389120,-89784,78089,39346,-20
61981,-7168,198656,-46632,67804,-87770,-14
61991,-10240,227328,-53824,58935,-39140,-158
62001,-10240,372736,-86768,50070,84303,-47
62011,-13312,201728,-48720,42533,-59026,-85
62021,-34816,165888,-45472,35889,-27666,-979
62031,-65536,145408,-47792,28691,-23351,-1242
62041,-65536,-77824,2784,23770,-146026,-1558
62051,-87040,83968,-38744,19167,24635,-434
62061,-87040,190464,-62872,14059,102927,-118
62071,-136192,-64512,-16240,9921,-65452,-1178
62081,-194560,-124928,-15776,6310,-71384,-2730
62091,-238592,-53248,-41992,481,-15032,-2166
62101,-238592,-163840,-16936,-1445,-85922,-564
62111,-325632,27648,-61248,-3483,-27023,-3759
62121,-332800,-52224,-63568,-5668,-10718,-1255
62131,-319488,-214016,-23896,-7626,-102434,287
62141,-319488,-90112,-51968,-8624,55502,73
62151,-325632,-359424,7656,-8789,-103869,-171
62161,-328704,-303104,-5800,-8637,-30672,-119
62171,-395264,-221184,-39440,-9186,27630,-2795
62181,-413696,-376832,-8352,-10357,-94528,-1279
62191,-532480,-319488,-48256,-11820,-57075,-7154
62201,-532480,-306176,-51272,-14087,-38004,-1850
62211,-532480,-422912,-24824,-15704,-83960,-482
62221,-913408,-280576,-143376,-18102,66460,-15031
62231,-1150976,-274432,-198592,-22553,82009,-13110
62241,-1221632,-506880,-161936,-27726,-42548,-5731
62251,-1221632,-646144,-130384,-32779,-64878,-1484
62261,-1233920,-917504,-71688,-36703,-204845,-866
62271,-1233920,-1016832,-49184,-39351,-120186,-244
62281,-1209344,-1012736,-44544,-41079,-27551,433
62291,-1209344,-1102848,-24128,-41865,-18899,115
62301,-1209344,-1167360,-9512,-42233,-16765,25
62311,-1221632,-1107968,-22504,-42552,30510,-234
62321,-1221632,-1205248,-3712,-42661,-29571,-69
62331,-1221632,-1308672,19720,-42105,-85555,-24
62341,-1325056,-1239040,-19488,-41807,-69365,-5215
62351,-1467392,-1416192,-11600,-42248,-115504,-6969
62361,-1467392,-1442816,-5568,-43336,-93209,-1802
62371,-2788352,-1406976,-312968,-47398,-18429,-50206
62381,-2788352,-1616896,-265408,-55379,-77798,-12952
62391,-2788352,-1788928,-226432,-62921,-18807,-3345
62401,-17213440,-2289664,-3381168,-63620,-171718,-562163
62411,-17213440,-3692544,-3063328,-63620,-663657,-144969
62421,-17213440,-6068224,-2525088,-99797,-1232408,-37388
62431,-17213440,-9103360,-1837440,-161291,-1570955,-10287
62441,-17213440,-12319744,-1108728,-211258,-1696200,-2658
62451,-17213440,-14621696,-587192,-239893,-1437517,-737
62461,-12865536,-15960064,701104,-239101,-883591,218468
62471,-11017216,-16619520,1269272,-98869,-486019,119441
62481,-11017216,-15853568,1095736,12260,207128,32848
62491,-2368512,-14283776,2699552,15064,755430,215891
62501,-2368512,-11997184,2181496,28197,1273670,55665
62511,-702464,-8981504,1875720,56289,1524746,56503
62521,-139264,-6173696,1367176,95752,1508130,41119
62531,-13312,-4028416,909672,126003,1282551,15605
62541,-13312,-2498560,563064,150010,916545,4018
62551,6144,-1513472,332920,165877,670128,1452
62561,12288,-1013760,232464,176096,410779,604
62571,104448,-660480,173304,183953,291351,2286
62581,147456,-392192,122264,189535,225131,1394
62591,615424,-206848,186296,194299,124350,16333
62601,947200,171008,175856,200000,162939,11897
62611,4637696,525312,931712,203332,158625,177267
62621,6175744,1191936,1129144,205632,318844,94941
62631,6175744,2272256,884384,226453,535565,24475
62641,15115264,3894272,2542256,226453,867824,156806
62651,16898048,6349824,2389832,234225,1279395,97498
62661,16898048,9223168,1738840,274953,1573467,25136
62671,16898048,12249088,1053280,315727,1570965,6910
62682,16898048,14619648,516200,341954,1313337,1776
62692,16898048,15992832,205088,353268,829981,-223258
62702,12988416,16529408,-802256,240776,363848,-61414
62712,12988416,16167936,-720360,125282,-141150,-15843
62722,6782976,15284224,-1926064,-8999,-460993,-139227
62732,5271552,13496320,-1863424,-19994,-874056,-59696
62742,2446336,11157504,-1973624,-39734,-1237411,-106862
62752,1392640,8855552,-1690816,-58741,-1240601,-50463
62762,416768,6590464,-1391768,-93825,-1208174,-53457
62772,266240,4726784,-1010592,-123367,-1076996,-19227
62782,0,3475456,-787408,-151218,-733790,-20197
62792,-7168,2156544,-490216,-172296,-765116,-5493
62802,-7168,1839104,-418296,-188037,-359844,-1517
62812,0,1351680,-306240,-200399,-251524,-249
62822,0,790528,-179104,-209637,-343986,-69
62832,0,643072,-145696,-216064,-206268,-25
62842,0,593920,-134560,-220859,-42835,-14
62852,0,115712,-26216,-223283,-206176,-14
62862,0,-87040,19720,-223938,-184971,-14
62872,0,-139264,31552,-221231,-82595,-14
62882,0,-15360,3480,-215755,95583,-14
62892,0,-330752,74936,-207800,-87334,-14
62902,0,-468992,106256,-198070,-141609,-14
62912,0,-399360,90480,-187342,-61837,-14
62922,0,-344064,77952,-177645,-22330,-14
62932,0,-155648,35264,-168290,105291,-14
62942,0,-205824,46632,-160585,29558,-14
62952,0,-323584,73312,-153404,-72233,-14
62962,0,-199680,45240,-146664,8961,-14
62972,0,-186368,42224,-139767,19105,-14
62982,0,-146432,33176,-133183,51693,-14
62992,0,-83968,19024,-128138,60333,-14
63002,0,-223232,50576,-123653,-67884,-14
63012,0,-132096,29928,-120462,-16122,-14
63022,0,-114688,25984,-116900,-2261,-14
63032,0,-177152,40136,-112819,-33541,-14
63042,0,-36864,8352,-108570,70683,-14
63052,0,-167936,38048,-103844,-35078,-14
63062,0,-288768,65424,-99058,-115619,-14
63072,0,-54272,12296,-94289,69995,-14
63082,0,-34816,7888,-90170,87447,-14
63092,0,-75776,17168,-85972,41423,-14
63102,0,-156672,35496,-82000,-28240,-14
63112,0,-140288,31784,-79108,-30764,-14
63122,-4096,-140288,30856,-76306,-36731,-152
63132,-7168,-94208,19720,-73884,-5290,-123
63142,-136192,56320,-43616,-73144,93632,-4415
63152,-136192,-110592,-5800,-73048,-45073,-1145
63162,-433152,-234496,-45008,-74517,-140037,-7663
63172,-524288,-128000,-89784,-77836,-34241,-3512
63182,-1423360,-110592,-297424,-82499,9902,-31670
63192,-1889280,-295936,-360992,-91574,-47964,-19693
63202,-3211264,-738304,-560280,-101276,-205901,-63517
63212,-3211264,-1221632,-450776,-113829,-314359,-17475
63222,-4256768,-1648640,-590904,-127547,-296447,-28749
63232,-4256768,-2319360,-438944,-142304,-513753,-7417
63242,-4256768,-2993152,-286288,-154434,-411973,-2046
63252,-4210688,-3365888,-191400,-162535,-282448,535
63262,-4210688,-3898368,-70760,-167081,-368083,141
63272,-3579904,-3960832,86304,-163568,-171902,20223
63282,-3211264,-4031488,185832,-140917,-69284,13222
63292,-1735680,-3924992,496016,-105562,16741,68854
63302,-802816,-3659776,647280,-22595,148320,47611
63312,-802816,-3182592,539168,15539,348828,50768
63322,-22528,-2369536,531744,32115,500063,18712
63332,70656,-1588224,375840,47169,545629,7616
63342,101376,-1017856,253576,57648,508864,2626
63352,101376,-444416,123656,64546,434554,717
63362,101376,-247808,79112,68788,265396,179
63372,101376,-140288,54752,71513,165039,43
63382,61440,-57344,26912,73025,116123,89
63392,61440,-136192,44776,74172,-25302,18
63402,334848,-5120,77024,75799,-1997,7359
63412,334848,272384,14152,77159,110982,1894
63422,416768,455680,-8816,77293,162446,2787
63432,423936,598016,-39440,74848,111659,907
63442,423936,706560,-64032,67108,67883,228
63452,435200,898048,-104864,55092,99060,397
63462,642048,952320,-70296,40216,54814,11193
63472,642048,871424,-51968,30503,-43214,2882
63482,642048,878592,-53592,21115,-9639,737
63492,3697664,1046528,600648,22611,80574,84327
63502,3697664,1486848,500888,35637,273313,21740
63512,5558272,2042880,796456,46828,375104,58321
63522,5921792,3014656,658648,64950,549151,21977
63532,5984256,3916800,468408,82575,566214,8465
63542,5921792,4769792,261000,94918,472467,530
63552,4687872,5527552,-190240,96769,419637,-61924
63562,3697664,5764096,-468176,54018,186944,-55506
63572,3697664,5811200,-478848,-3530,52702,-14318
63582,1545216,5241856,-837520,-15915,-270147,-111948
63592,1545216,4661248,-705976,-28847,-315036,-30798
63602,518144,3777536,-738456,-46227,-456747,-33344
63612,439296,3034112,-587888,-65211,-430092,-10684
63622,184320,2142208,-443584,-81883,-471377,-12046
63632,184320,1538048,-306704,-94050,-381394,-3320
63642,46080,1115136,-242208,-103180,-259258,-7815
63652,43008,712704,-158224,-110204,-228839,-2125
63663,43008,603136,-126904,-115306,-130788,-590
63673,43008,529408,-110200,-119211,-30351,-158
63683,30720,322560,-66120,-121743,-69043,-497
63693,24576,154624,-29464,-123383,-84063,-285
63703,12288,137216,-28304,-124310,-24269,-701
63713,12288,110592,-22272,-124615,14733,-186
63723,9216,-134144,32480,-123173,-107105,-130
63733,9216,-245760,57768,-119690,-127529,-42
63743,6144,-63488,15776,-114938,48812,-122
63753,3072,40960,-8584,-109806,142365,-115
63763,-4096,-256000,57072,-103414,-68206,-374
63773,-4096,-340992,76328,-96480,-105544,-102
63783,-4096,-265216,59160,-90654,-46105,-34
63793,-136192,-46080,-20416,-87502,103064,-3912
63803,-136192,-73728,-14152,-85356,79083,-1081
63813,-871424,-288768,-132008,-86769,-64316,-18464
63823,-3354624,-454656,-657024,-91066,-124018,-109251
63833,-8852480,-607232,-1868064,-95693,-107862,-217777
63843,-13115392,-1945600,-2530656,-95693,-665539,-154986
63853,-17213440,-3963904,-3001848,-111287,-1042561,-221110
63863,-17213440,-6948864,-2325568,-124577,-1535716,-60823
63873,-17213440,-10205184,-1587808,-175288,-1719390,-15690
63883,-17213440,-12794880,-1001080,-215783,-1442795,-4052
63893,-17213440,-14803968,-545896,-242130,-1155333,-1121
63903,-17213440,-15859712,-306704,-256453,-667042,-294
63913,-17213440,-16436224,-176088,-264161,-390872,-87
63923,-17213440,-16456704,-171448,-269996,-72141,-28
63933,-17213440,-16694272,-117624,-274613,-104098,-14
63943,-7445504,-16593920,2072688,-9423,61526,198903
63953,-3108864,-15594496,2828776,5753,482082,181428
63963,-2447360,-13414400,2484720,17270,1044545,65233
63973,-556032,-10215424,2188456,56515,1531986,95190
63983,-257024,-7231488,1580152,88833,1634569,35749
63993,-120832,-4661248,1028688,126304,1432145,12174
64003,196608,-3006464,700872,153612,1056478,11683
64013,196608,-1838080,460984,171866,696669,3209
64023,1422336,-1216512,597864,185070,398019,70959
64033,1422336,-872448,519912,197557,200208,19513
64043,7292928,-275456,1714712,204720,268815,181203
64053,11343872,907264,2364544,204720,662188,267186
64063,13754368,3245056,2381016,212305,1148092,73487
64073,16898048,6293504,2402592,233915,1548785,113286
64083,17054720,9291776,1758792,264777,1656027,34560
64093,17054720,12213248,1096896,307423,1585607,8907
64103,16898048,14241792,601808,335779,1258236,-2116
64113,16898048,15498240,317144,350456,794995,-588
64123,16743424,16259072,109736,357421,470011,-6165
64133,16743424,16630784,25520,359389,270571,-1701
64143,12379136,16896000,-1023352,351268,179566,-250169
64153,12379136,17002496,-1047480,200994,85669,-64516
64163,12379136,16575488,-950736,63237,-159566,-17750
64173,6175744,15532032,-2119784,-6598,-467396,-151176
64183,6175744,13885440,-1746728,-27933,-841101,-41586
64193,6175744,11790336,-1272056,-71410,-1021275,-10728
64203,1161216,9765888,-1949496,-79413,-1078797,-137604
64213,665600,7673856,-1587808,-97395,-1077501,-57108
64223,665600,5855232,-1175776,-133726,-972393,-14731
64233,208896,4450304,-960944,-165063,-794158,-28558
64243,89088,3159040,-695536,-189775,-682476,-12025
64253,-4096,2311168,-530584,-209827,-465078,-5563
64263,-4096,1402880,-318768,-224209,-553524,-1535
64273,-4096,1315840,-299048,-235345,-158488,-401
64283,0,765952,-173536,-242962,-256332,0
64293,0,403456,-91408,-248331,-261587,0
64303,0,205824,-46632,-251000,-154277,0
64313,0,184320,-41760,-250356,27275,0
64323,0,-325632,73776,-245511,-191018,0
64333,0,-335872,76096,-236924,-10293,0
64343,0,-267264,60552,-226726,24188,0
64353,0,-259072,58696,-216304,40241,0
64363,0,-279552,63336,-205830,35399,0
64373,0,-518144,117392,-193343,-114529,0
64383,0,-337920,76560,-179882,50935,0
64393,0,-204800,46400,-168713,124453,0
64403,0,-134144,30392,-159896,114413,0
64413,0,-10240,2320,-155122,129858,0
64423,0,-128000,29000,-152406,-26449,0
64433,0,-87040,19720,-149396,-81,0
64443,224256,-197632,95584,-137732,-45543,3760
64453,224256,-250880,107648,-121612,8594,1029
64463,8851456,-178176,2045776,12613,83913,200254
64473,13754368,565248,2988160,19308,420728,268348
64483,14973952,2649088,2792352,19492,973023,115448
64493,14973952,5769216,2085448,61206,1524528,29765
64503,16743424,8893440,1778512,87309,1693067,37889
64513,16743424,11672576,1148864,130161,1527718,9764
64523,13114368,13498368,-87000,138560,1128355,-81615
64533,7444480,14321664,-1558112,33526,583116,-236890
64543,6506496,13690880,-1627712,-10773,-196606,-91117
64553,6506496,12372992,-1329128,-40594,-646308,-25068
64563,6506496,10299392,-859328,-75581,-1027839,-6470
64573,496640,8442880,-1800320,-87820,-978337,-182029
64583,496640,6465536,-1352328,-100026,-1112464,-50073
64593,-4096,4593664,-1041680,-128881,-1087266,-20799
64603,-264192,2920448,-721520,-154684,-989422,-14052
64613,-343040,1545216,-427808,-173466,-796912,-5343
64623,-1128448,486400,-365864,-184434,-626916,-33930
64633,-1482752,80896,-354264,-193794,-306384,-20678
64643,-5922816,-627712,-1199672,-199922,-352604,-171968
64653,-5922816,-1690624,-958856,-209676,-616187,-47307
64663,-17213440,-2643968,-3300896,-221077,-532640,-351033
64673,-17213440,-4952064,-2777968,-224407,-1035389,-90525
64683,-17213440,-8052736,-2075472,-272300,-1552859,-24907
64693,-17213440,-11617280,-1267880,-325043,-1834859,-6428
64703,-17213440,-14203904,-681848,-356743,-1546296,-1663
64713,-17213440,-16191488,-231536,-372524,-1194611,-464
64724,-17213440,-17039360,-39440,-377108,-637805,-125
64734,-17213440,-17551360,76560,-372469,-371847,-40
64744,-17213440,-17725440,116000,-358299,-170685,-15
64754,-17213440,-17943552,165416,-339978,-180106,-14
64764,-17213440,-17938432,164256,-319299,-76949,-14
64774,-17213440,-18172928,217384,-290342,-99692,-14
64784,-17213440,-18356224,258912,-256547,-122194,-14
64794,-17213440,-18345984,256592,-220657,-25979,-14
64804,-17213440,-18315264,249632,-184689,-15824,-14
64814,-7757824,-18064384,2335080,5987,117913,249389
64824,-2583552,-16995328,3265168,11343,507728,346162
64834,-1930240,-14816256,2919488,11638,1081929,113052
64844,-1174528,-11796480,2406536,41800,1577093,52351
64854,-279552,-8417280,1843704,87095,1770658,38407
64864,-279552,-5635072,1213360,129487,1611264,9900
64874,-279552,-3449856,718272,161653,1254174,2717
64884,0,-2048000,464000,181104,845862,6035
64894,0,-1377280,312040,193413,467326,1654
64904,0,-789504,178872,201899,350377,422
64914,3072,-437248,99760,207041,267794,276