R
Px,Ix,Dx,Py,Iy,Dy,Pz,Iz,FFrx,FFry,FFdrx,FFdry,satI,satPID,KFQAng,KFQbias,KFRmeas,CPx,CIx,CPy,CIy,CsatI,CsatPID,CFFdrx,CFFdry,CFalpha,iRelaxX,IRelaxY,DmaxR,DmaxE,DMx,DMy
58,80,47,58,80,47,250,0,0,0,30,0,500000,3000000,10,1,1000,0,0,0,0,0,0,0,0,0.995,4096,4096,0,0,0,0
sysTickMs,PIDRefXi,PIDSensXi,PIDPoutXi,PIDIoutXi,PIDDoutXi,PIDFFoutXi
46339,0,-839680,190240,-28739,-406248,0
46349,0,-839680,190240,-28739,-406248,0
46359,0,-839680,190240,-28739,-406248,0
46369,0,-839680,190240,-28739,-406248,0
46379,0,-839680,190240,-28739,-406248,0
46390,0,-839680,190240,-28739,-406248,0
46400,0,-839680,190240,-28739,-406248,0
46410,0,-839680,190240,-28739,-406248,0
46420,0,-839680,190240,-28739,-406248,0
46430,0,-839680,190240,-28739,-406248,0
46440,0,-839680,190240,-28739,-406248,0
46450,0,-839680,190240,-28739,-406248,0
46460,0,-839680,190240,-28739,-406248,0
46470,0,-839680,190240,-28739,-406248,0
46480,0,-839680,190240,-28739,-406248,0
46490,0,-839680,190240,-28739,-406248,0
46500,0,-839680,190240,-28739,-406248,0
46510,0,-839680,190240,-28739,-406248,0
46520,0,-839680,190240,-28739,-406248,0
46530,0,-839680,190240,-28739,-406248,0
46540,0,-839680,190240,-28739,-406248,0
46550,0,-839680,190240,-28739,-406248,0
46560,0,-839680,190240,-28739,-406248,0
46570,0,-839680,190240,-28739,-406248,0
46580,0,-839680,190240,-28739,-406248,0
46590,0,-839680,190240,-28739,-406248,0
46600,0,-839680,190240,-28739,-406248,0
46610,0,-839680,190240,-28739,-406248,0
46620,0,-839680,190240,-28739,-406248,0
46630,0,-839680,190240,-28739,-406248,0
46640,0,-839680,190240,-28739,-406248,0
46650,0,-839680,190240,-28739,-406248,0
46660,0,-839680,190240,-28739,-406248,0
46670,0,-839680,190240,-28739,-406248,0
46680,0,-839680,190240,-28739,-406248,0
46690,0,-839680,190240,-28739,-406248,0
46700,0,-839680,190240,-28739,-406248,0
46710,0,-839680,190240,-28739,-406248,0
46720,0,-839680,190240,-28739,-406248,0
46730,0,-839680,190240,-28739,-406248,0
46740,0,-839680,190240,-28739,-406248,0
46750,0,-839680,190240,-28739,-406248,0
46760,0,-839680,190240,-28739,-406248,0
46770,0,-839680,190240,-28739,-406248,0
46780,0,-839680,190240,-28739,-406248,0
46790,0,-839680,190240,-28739,-406248,0
46800,0,-839680,190240,-28739,-406248,0
46810,0,2048,-464,-24,-69,0
46820,0,8192,-1856,-61,2926,0
46830,0,7168,-1624,-94,2180,0
46840,0,5120,-1160,-145,-643,0
46850,0,14336,-3248,-203,5358,0
46860,0,9216,-2088,-290,-494,0
46870,0,11264,-2552,-370,917,0
46880,0,8192,-1856,-448,-1159,0
46890,0,4096,-928,-501,-2261,0
46900,0,9216,-2088,-555,1560,0
46910,0,9216,-2088,-632,160,0
46920,0,4096,-928,-698,1285,0
46930,0,7168,-1624,-761,-643,0
46940,0,13312,-3016,-846,1629,0
46950,0,-6144,1392,-790,-7230,0
46960,0,23552,-5336,-787,12920,0
46970,0,-1024,232,-899,-9306,0
46980,0,30720,-6960,-903,12645,0
46990,0,-8192,1856,-1045,-17809,0
47000,0,18432,-4176,-840,13333,0
47010,0,12288,-2784,-895,4107,0
47020,0,-16384,3712,-832,-15881,0
47030,0,4096,-928,-858,-3454,0
47040,0,-5120,1160,-878,-8928,0
47050,0,1024,-232,-590,4337,0
47060,0,-34816,7888,64,-10924,0
47070,0,-66560,15080,551,-10752,0
47080,0,-47104,10672,834,-6702,0
47090,0,-14336,3248,954,5060,0
47100,0,13312,-3016,718,10005,0
47110,0,4096,-928,-23,-10224,0
47120,0,-3072,696,54,-8388,0
47130,0,58368,-13224,-77,41423,0
47140,0,-10240,2320,-103,-9777,0
47150,0,-74752,16936,153,-38314,0
47160,0,-2048,464,152,11658,0
47170,0,-47104,10672,447,-9375,0
47180,0,-77824,17632,948,-17947,0
47190,0,-37888,8584,1549,22157,0
47200,0,-141312,32016,2269,-41584,0
47210,0,-75776,17168,2966,5289,0
47220,0,-115712,26216,3720,-18624,0
47230,0,-44032,9976,4300,24647,0
47240,0,-61440,13920,5020,17934,0
47250,0,-137216,31088,5762,-32095,0
47260,0,-105472,23896,6724,5473,0
47270,0,-192512,41760,7702,-47850,0
47280,0,-118784,26912,8520,-8113,0
47290,0,-128000,29000,9500,-8033,0
47300,0,-117760,26680,10269,-13185,0
47310,0,-71680,16240,11099,18967,0
47320,0,-129024,29232,11944,-19920,0
47330,0,-133120,30160,12923,-9823,0
47340,0,-60416,13688,13899,42203,0
47350,0,24576,-5568,14458,81297,0
47360,0,125952,-28536,13413,100815,0
47370,0,203776,-46168,9881,62490,0
47380,0,152576,-34568,5073,11313,0
47390,0,120832,-27376,638,-6162,0
47400,0,87040,-19720,-666,-3833,0
47410,0,118784,-26912,-571,51796,0
47420,0,149504,-33872,-181,87413,0
47430,0,70656,-16008,-117,32278,0
47440,0,7168,-1624,-197,-17671,0
47450,0,15360,-3480,-277,-8561,0
47460,0,55296,-12528,-372,22054,0
47470,0,20480,-4640,-184,-8434,0
47480,0,-60416,13688,-28,-59588,0
47490,0,-114688,25984,219,-83513,0
47500,0,-53248,-3712,142,14228,0
47510,0,52224,-11832,-188,23155,0
47520,0,-39936,9048,-256,-45956,0
47530,0,20480,-4640,-231,-655,0
47540,0,94208,-21344,-516,43557,0
47550,12288,59392,-10672,-828,9478,224
47560,12288,26624,-3248,-1151,-18521,59
47570,119808,7168,25520,140,-27046,1525
47580,165888,16384,33872,848,-13254,1735
47590,199680,2048,44776,2004,-25233,1101
47600,199680,46080,34800,3239,34,281
47610,308224,90112,49416,4648,24119,2203
47620,334848,136192,45008,6427,38497,1082
47630,391168,167936,50576,8299,37212,1019
47640,391168,248832,32248,10048,77109,260
47650,509952,312320,44776,11923,94906,2232
47660,509952,260096,56608,14275,34733,572
47670,780288,293888,110200,17219,36317,5018
47680,780288,485376,66816,20630,122147,1291
47690,939008,628736,70296,23422,130454,2445
47700,939008,710656,51736,25361,58795,628
47710,1337344,879616,103704,27092,75020,7413
47720,1392640,987136,91872,30090,70706,2766
47730,1436672,1060864,85144,33289,54837,1104
47740,1481728,1091584,88392,36132,25553,1121
47750,1513472,1144832,83520,38530,-13770,705
47760,1497088,1329152,38048,40149,45347,-207
47770,1513472,1362944,34104,40921,5014,239
47780,1513472,1527808,-3248,40968,61458,59
47790,1809408,1559552,56608,41856,44934,5057
47800,1809408,1620992,42688,43577,48652,1388
47810,2317312,1781760,121336,47178,130064,6635
47820,2472960,1828864,145928,52242,96409,3216
47830,2472960,2078720,89320,56902,180495,826
47840,2697216,2207744,110896,60807,118842,2810
47850,2668544,2401280,60552,64110,148343,94
47861,2582528,2516992,14848,65456,96008,-1447
47871,2582528,2706432,-28072,64544,140437,-401
47881,2148352,2727936,-131312,51042,79656,-5554
47891,1929216,2653184,-164024,30397,-2169,-4943
47901,1929216,2485248,-125976,9431,-99726,-1363
47911,1406976,2307072,-203928,-6310,-155183,-5552
47921,1406976,2144256,-167040,-13094,-157868,-1435
47931,1406976,1917952,-115768,-18100,-151729,-398
47941,1406976,1754112,-78648,-21792,-114161,-106
47951,362496,1628160,-286752,-26052,-69743,-16749
47961,314368,1449984,-257288,-34228,-74505,-4880
47971,9216,1202176,-270280,-42635,-95974,-4974
47981,-4096,933888,-212512,-50522,-109021,-1584
47991,-7168,536576,-123192,-56175,-180829,-445
48001,-4096,244736,-56376,-59227,-176113,-57
48011,-4096,-65536,13920,-60336,-210410,-17
48021,-4096,-89088,19256,-59168,-86393,-7
48031,-13312,-182272,38280,-56026,-81287,-211
48041,-62464,-176128,25752,-53622,-55802,-795
48051,-62464,-140288,17632,-52121,-23581,-222
48061,-151552,-180224,6496,-51180,-57546,-1906
48071,-166912,-162816,-928,-51429,-20517,-725
48081,-166912,-210944,9976,-50808,-32175,-202
48091,-225280,-237568,2784,-49165,1617,-751
48101,-225280,-380928,35264,-45010,-34103,-210
48111,-267264,-497664,52200,-38130,-48033,-695
48121,-267264,-609280,77488,-29767,-77454,-194
48131,-322560,-686080,82360,-20545,-97454,-883
48141,-353280,-658432,74240,-12353,-70558,-543
48151,-467968,-651264,41528,-5606,-36536,-2528
48161,-467968,-561152,21112,-1121,36615,-654
48171,-570368,-585728,3480,1129,36018,-3111
48181,-570368,-612352,9512,1827,31383,-805
48191,-570368,-748544,40368,2780,-66806,-211
48201,-671744,-859136,42456,3394,-100300,-1162
48211,-774144,-844800,16008,3978,-49422,-2293
48221,-774144,-813056,8816,4232,-1905,-633
48231,-774144,-826368,11832,4827,7251,-166
48241,-940032,-873472,-15080,4646,-27976,-3268
48251,-948224,-943104,-1160,3602,-30075,-1017
48261,-948224,-916480,-7192,3424,19816,-265
48271,-948224,-952320,928,3562,27389,-76
48281,-948224,-1016832,15544,4306,13551,-22
48291,-1004544,-1112064,24360,5209,-24304,-883
48301,-1004544,-1210368,46632,6124,-72382,-245
48311,-1117184,-1165312,10904,6361,-23455,-1651
48321,-1139712,-1181696,9512,6028,4107,-644
48331,-1185792,-1163264,-5104,6053,6276,-1075
48341,-1174528,-1292288,26680,6495,-55388,-132
48351,-1174528,-1371136,44544,7386,-74631,-39
48361,-1162240,-1434624,61712,8742,-82905,211
48371,-1162240,-1397760,53360,10400,-27758,52
48381,-1185792,-1341440,35264,11907,15226,-620
48391,-1185792,-1287168,22968,13092,34986,-163
48401,-1185792,-1306624,27376,14049,1135,-48
48411,-1271808,-1402880,29696,13978,-73323,-1029
48421,-1298432,-1423360,28304,14144,-83444,-754
48431,-1298432,-1447936,33872,14782,-56857,-211
48441,-1271808,-1432576,36424,15853,-12519,612
48451,-1271808,-1424384,34568,17181,8330,166
48461,-1271808,-1395712,28072,18521,26345,40
48471,-1221632,-1329152,24360,19978,8124,637
48481,-1221632,-1394688,39208,21456,7068,173
48491,-1174528,-1457152,64032,23349,-31911,624
48501,-1174528,-1445888,61480,25346,-13827,168
48511,-1174528,-1315840,32016,27293,77912,41
48521,-1174528,-1263616,20184,28971,93334,8
48531,-1185792,-1281024,21576,30320,60849,-102
48541,-1185792,-1305600,27144,31528,22937,-29
48551,-1185792,-1355776,38512,32674,-21033,-11
48561,-1198080,-1377280,40600,33894,-26163,-297
48571,-1198080,-1381376,41528,35299,-10637,-80
48581,-1198080,-1368064,38512,36820,12977,-24
48591,-1198080,-1344512,33176,38425,44659,-10
48601,-1198080,-1321984,28072,40004,52943,-7
48611,-1498112,-1384448,-25752,37286,-12244,-3715
48621,-1664000,-1498112,-37584,27650,-101367,-2354
48631,-2036736,-1521664,-116696,13583,-84144,-6575
48641,-2036736,-1635328,-90944,-688,-101161,-1811
48651,-2342912,-1794048,-124352,-5148,-98958,-3728
48661,-2342912,-2062336,-63568,-8316,-147254,-965
48671,-2473984,-2406400,-15312,-10390,-221036,-1788
48681,-2555904,-2539520,-3712,-11704,-152934,-1108
48691,-2555904,-2641920,19488,-10977,-101069,-309
48701,-2912256,-2690048,-50344,-11738,-39703,-3955
48711,-3465216,-2841600,-141288,-13653,-67735,-12480
48721,-3904512,-3050496,-193488,-18513,-139325,-9813
48731,-4790272,-3298304,-338024,-24586,-180003,-28044
48741,-4999168,-3552256,-327816,-33299,-166417,-11563
48751,-4999168,-3935232,-241048,-41980,-203262,-3183
48761,-5385216,-4507648,-198824,-49690,-298627,-5019
48771,-5442560,-4915200,-119480,-55037,-269677,-2411
48781,-5442560,-5253120,-42920,-57854,-203354,-666
48791,-5442560,-5623808,278168,-55830,-227576,29766
48801,-4120576,-5770240,373752,-14986,-169813,13891
48811,-4120576,-5687296,354960,9544,-41975,3579
48821,-2243584,-5334016,700176,19684,142767,21378
48831,-2243584,-4846592,589744,38625,243640,5510
48841,-714752,-4072448,760728,53860,383607,22924
48851,-448512,-3337216,654472,72143,419534,11827
48861,-163840,-2612224,554712,90087,366200,8576
48871,-105472,-1802240,384424,104995,388427,2979
48881,-105472,-1254400,260304,115530,318718,817
48891,-105472,-774144,151496,122601,260358,208
48901,-105472,-434176,74472,126458,214586,51
48911,0,-326656,74008,129245,82548,1018
48921,3072,-237568,54520,130971,14423,315
48931,3072,-103424,24128,131787,30556,78
48941,113664,21504,20880,132206,43144,2033
48951,113664,162816,-11136,132237,78463,521
48961,113664,241664,-29000,130148,69077,140
48971,369664,328704,9280,129853,67516,2974
48981,439296,449536,-2320,130101,97132,2083
48991,504832,513024,-1856,130168,67436,1399
49001,540672,517120,5336,129230,-4418,679
49011,886784,602112,64496,128401,-10660,6487
49021,886784,744448,32248,129525,22570,1669
49031,886784,864256,5104,129498,28755,428
49041,886784,952320,-14848,126518,5312,115
49051,2219008,1059840,262624,128021,10499,16498
49061,2219008,1291264,210192,134675,85875,4535
49071,3141632,1711104,324104,141606,205143,16917
49081,3246080,2078720,264480,150209,226394,6028
49091,3988480,2610176,312272,157735,297995,19053
49101,4075520,3117056,217152,165499,356780,6396
49111,4075520,3545088,120176,171724,303090,1757
49121,4164608,4001792,36888,174948,303423,1907
49131,4164608,4330496,-37584,174974,265625,521
49141,4164608,4469760,-69136,168459,140357,131
49151,4119552,4527104,-92336,155570,48698,-347
49161,4119552,4572160,-102544,141589,29558,-97
49171,4164608,4630528,-105560,128051,59908,494
49181,4164608,4548608,-87000,117002,16190,133
49191,4789248,4483072,69368,111659,-16421,10696
49201,4944896,4681728,59624,114098,99186,4559
49211,4944896,4838400,24128,115967,129376,1251
49221,4998144,4929536,15544,116673,66713,1172
49231,4998144,5132288,-30392,113500,71372,320
49241,4998144,5405696,-92336,103405,119117,80
49251,4998144,5425152,-96744,90102,31509,18
49261,4998144,5445632,-101384,75393,12920,3
49271,4789248,5371904,-132008,56960,-44166,-3173
49281,4789248,5232640,-100456,39067,-107747,-876
49291,4395008,5244928,-192560,13467,-38440,-4799
49301,4395008,5049344,-148248,-3292,-100667,-1240
49311,3353600,4905984,-351712,-9457,-78728,-17012
49321,3175424,4714496,-348696,-19720,-68951,-6326
49331,3175424,4278272,-249864,-29008,-179567,-1635
49341,2341888,3952640,-364936,-37584,-160461,-13793
49351,2341888,3345408,-227360,-46989,-311215,-3560
49361,993280,3128320,-483720,-54371,-200232,-30786
49371,780288,2622464,-417368,-65805,-284559,-11138
49381,384000,2321408,-438944,-78263,-182837,-14213
49391,348160,1601536,-283968,-88630,-342116,-4655
49402,348160,1093632,-168896,-96654,-314887,-1204
49412,104448,531456,-96744,-101863,-369747,-4641
49422,39936,373760,-75632,-105636,-185912,-1280
49432,-10240,122880,-30160,-107549,-150765,-1039
49442,-10240,9216,-4408,-107581,-74769,-289
49452,-31744,-79872,10904,-105375,-31487,-523
49462,-44032,-266240,50344,-100337,-80346,-331
49472,-166912,-233472,15080,-92652,17613,-3604
49482,-166912,-282624,26216,-87075,25668,-932
49492,-264192,-387072,27840,-81237,-5313,-1719
49502,-332800,-362496,6728,-77131,48514,-1145
49512,-505856,-493568,-2784,-72961,-6771,-3904
49522,-505856,-587776,18560,-70185,-17293,-1009
49532,-621568,-556032,-14848,-67765,46529,-2038
49542,-621568,-731136,24824,-64625,-31579,-564
49552,-768000,-772096,928,-61790,-4625,-2208
49562,-768000,-833536,14848,-59501,-10351,-573
49572,-1095680,-987136,-24592,-56929,-75331,-6525
49582,-1095680,-933888,-36656,-58021,4979,-1685
49592,-1546240,-1166336,-86072,-60481,-120002,-7100
49602,-1546240,-1242112,-68904,-63518,-88321,-1834
49612,-1972224,-1517568,-103008,-66992,-193543,-6094
49622,-2243584,-1642496,-136184,-70811,-138855,-8958
49632,-2420736,-1913856,-114840,-75127,-178052,-5539
49642,-2420736,-2116608,-68904,-78360,-145487,-1526
49652,-2818048,-2337792,-108808,-82395,-140037,-4191
49662,-2818048,-2557952,-58928,-85093,-122859,-1155
49672,-3989504,-2775040,-275152,-89665,-122492,-15750
49682,-4396032,-2969600,-323176,-97381,-83444,-14286
49692,-4444160,-3400704,-236408,-105311,-183961,-4809
49702,-4893696,-3705856,-269120,-112703,-103880,-7172
49712,-5106688,-4393984,-160544,-119522,-282482,-3759
49722,-5052416,-4560896,-111360,-123725,-114919,-49
49732,-5052416,-4928512,-28072,-124888,-100518,-16
49742,-5160960,-5179392,4176,-122061,-99933,-2737
49752,-5216256,-5233664,3944,-118055,6620,-1715
49762,-5216256,-5455872,65888,-112449,-115733,-445
49772,-5216256,-5422080,46632,-105156,4876,-125
49782,-5216256,-5672960,103472,-95596,-134999,-35
49792,-6784000,-5582848,-272136,-95405,-28182,-19395
49802,-6784000,-6009856,-175392,-102782,-260772,-5337
49812,-6784000,-6148096,-144072,-109162,-172452,-1379
49822,-6439936,-6627328,42456,-108923,-257904,3872
49832,-6306816,-7047168,167736,-96324,-321714,2188
49842,-6306816,-6827008,117856,-77505,-5497,561
49852,-4444160,-6934528,564224,-18516,-52462,23181
49862,-2420736,-6331392,886008,12189,274357,35504
49872,-2420736,-5768192,758408,32600,305660,9152
49882,-1221632,-4677632,783000,50131,518342,16414
49892,-768000,-3615744,645192,69781,537642,8038
49902,-267264,-2604032,529424,87097,606260,10084
49912,-154624,-1687552,347304,100392,525950,4077
49922,43008,-1159168,272368,111129,345236,3128
49932,43008,-678912,163560,118099,281483,858
49942,43008,-256000,67744,122274,253703,218
49952,104448,-109568,48488,124583,77671,537
49962,187392,152576,7888,125579,146278,1473
49972,218112,253952,-8120,124962,72301,711
49982,475136,351232,28072,122157,41997,5873
49992,569344,580608,-2552,122176,106530,2925
50002,569344,579584,-2320,121386,12667,17685
50012,1270784,813056,103704,124502,93104,7283
50022,1270784,1015808,57768,127082,96662,1875
50032,1697792,1296384,90944,129858,122996,5153
50042,1697792,1732608,-7888,131386,232693,1326
50052,1697792,1963008,-60088,128435,196456,362
50062,2787328,2038784,169592,119799,88147,31261
50072,2787328,2319360,106024,123705,180461,8059
50082,3903488,2455552,328048,129261,163811,18962
50092,4687872,2693120,451936,139517,147632,13410
50102,6240256,3298304,666536,149681,282275,35850
50112,6575104,4020224,578840,163418,343641,14266
50122,6575104,4931584,556800,177784,472891,28548
50132,7677952,5728256,441728,189476,420246,12687
50142,7677952,6585344,247544,200141,446970,3269
50152,8246272,7121920,254736,208014,324983,7071
50162,8246272,7732224,116464,213962,324249,1821
50172,8501248,8190976,70296,217019,299188,4054
50182,8501248,8565760,-14616,218004,242527,1113
50192,8415232,8935424,-117856,210051,242469,-1387
50202,8415232,9069568,-148248,193219,145371,-384
50212,8162304,9174016,-229216,167236,78371,-5472
50222,8162304,9232384,-254736,132592,79989,-1414
50232,7070720,9243648,-492304,78904,24808,-15747
50242,6925312,8926208,-453328,7892,-153083,-5545
50252,4687872,8607744,-888096,-9787,-122136,-42178
50262,4119552,8122368,-906888,-25959,-258833,-19599
50272,2317312,7078912,-1078800,-47509,-495279,-53397
50282,1497088,6352896,-1100144,-63020,-600077,-28709
50292,1497088,5209088,-841000,-86394,-485721,-7899
50302,1497088,3809280,-523856,-109481,-734077,-2040
50312,355328,3229696,-651224,-124787,-456438,-22742
50322,199680,2472960,-515040,-140739,-412605,-7920
50332,199680,1759232,-361224,-155662,-403161,-2045
50342,138240,1463296,-300208,-166755,-245144,-1685
50352,138240,700416,-127368,-174351,-396460,-438
50362,113664,576512,-104864,-178529,-153141,-406
50372,113664,145408,-7192,-180222,-207817,-108
50382,30720,-228352,58696,-177715,-244651,-1057
50392,6144,-294912,68208,-171339,-119669,-529
50402,6144,-375808,86536,-159409,-48435,-139
50412,-4096,-470016,105560,-144914,-42078,-165
50422,-4096,-475136,106720,-128165,11623,-49
50432,-4096,-579584,130384,-109771,-29387,-16
50442,-4096,-634880,142912,-91677,-52726,-7
50452,-4096,-617472,138968,-73592,-46438,-7
50462,-7168,-541696,105328,-57070,41067,-59
50472,-7168,-371712,82592,-42383,93816,-19
50482,-47104,-317440,61248,-28906,95835,-810
50492,-133120,-349184,48952,-19225,38290,-1588
50502,-179200,-387072,47096,-13179,-23271,-1009
50512,-385024,-283648,-22968,-10762,15043,-4812
50522,-456704,-322560,-30392,-11845,-32290,-2550
50532,-456704,-398336,-13224,-13068,-71946,-661
50542,-637952,-385024,-57304,-14834,-13506,-2200
50552,-637952,-439296,-45008,-16130,4383,-607
50562,-975872,-594944,-86304,-18456,-46404,-4076
50572,-1611776,-737280,-198128,-21533,-78934,-15179
50582,-2058240,-897024,-263088,-28182,-102262,-11063
50592,-2318336,-1048576,-287680,-36969,-73622,-5682
50602,-4210688,-1422336,-631736,-46792,-225385,-28295
50613,-4210688,-2208768,-453560,-61195,-390424,-7786
50623,-6644736,-2656256,-903640,-73168,-264226,-41270
50633,-6644736,-3769344,-651456,-89651,-560088,-11355
50643,-7219200,-4528128,-609696,-107450,-415967,-11551
50653,-7293952,-5657600,-370736,-122149,-594879,-3992
50663,-7293952,-6393856,-203928,-131956,-440545,-1031
50673,-7293952,-6901760,-88856,-136705,-288220,-268
50683,-7293952,-7408640,25984,-137267,-296654,-76
50693,-7293952,-7523328,51968,-132866,-140679,-22
50703,-7293952,-7576576,64032,-124898,-53839,-9
50713,-7369728,-7562240,43616,-115867,31417,-829
50723,-7293952,-7665664,84216,-104291,6758,1256
50733,-7293952,-7832576,122032,-89738,-74700,343
50743,-6926336,-7902208,221096,-63215,-86944,3831
50753,-6926336,-7750656,186760,-35319,20677,985
50763,-3579904,-7602176,911296,996,72175,47344
50773,-2420736,-7114752,1063488,12920,242148,24014
50783,-975872,-6059008,1151648,34827,492972,34255
50793,-747520,-4681728,891344,57481,736842,12632
50803,-219136,-3419136,725000,80978,719687,10972
50813,-219136,-2301952,471888,99849,605090,2826
50823,-40960,-1367040,300440,112236,554739,3281
50833,0,-858112,194416,120984,356034,1299
50843,0,-379904,86072,126384,326291,332
50853,0,-176128,39904,129429,237524,89
50863,0,28672,-6496,130951,211201,20
50873,0,190464,-43152,130261,153163,3
50883,52224,115712,-14384,128258,49042,687
50893,52224,95232,-9744,124230,-41516,174
50903,52224,185344,-30160,117411,-39588,45
50913,52224,248832,-44544,108338,-39726,9
50923,695296,363520,75168,99710,82261,15159
50933,695296,568320,28768,101726,132130,4167
50943,1184768,578560,137344,105574,89995,7123
50953,1337344,713728,141288,110835,113965,3322
50963,2726912,902144,413424,116595,112083,24577
50973,2879488,1186816,383496,127404,140265,8221
50983,4637696,1748992,654472,136414,249641,43707
50993,4637696,2291712,531512,149312,277513,11267
51003,7521280,3053568,1012216,156237,385856,38748
51013,8762368,4139008,1047480,170277,573133,21101
51023,8762368,5367808,743792,196462,704231,5439
51033,10695680,6823936,877192,210704,745906,25396
51043,10695680,8097792,588584,230775,699606,6546
51053,10695680,9183232,342664,245559,639479,1798
51063,10695680,9946112,169824,254260,448760,460
51073,8941568,10536960,-361456,211977,339636,-14609
51083,8941568,10561536,-367024,161247,91337,-4021
51093,4687872,10248192,-1259760,12205,-127621,-50345
51103,3246080,9408512,-1396176,-20880,-412203,-24332
51113,1378304,7656448,-1422392,-42637,-849213,-36590
51123,1208320,5678080,-1012680,-70968,-1092073,-11408
51133,318464,4159488,-870232,-95488,-940746,-22807
51143,318464,2876416,-579536,-115047,-673709,-5885
51153,318464,1707008,-314592,-129024,-659079,-1621
51163,0,1124352,-254736,-139711,-440476,-3095
51173,-10240,773120,-177480,-147483,-262000,-954
51183,-10240,600064,-138272,-152537,-115011,-265
51193,-10240,295936,-69368,-155583,-112968,-71
51203,-16384,-120832,23664,-156102,-220761,-121
51213,-25600,-277504,57072,-151805,-143112,-134
51223,-126976,-366592,54288,-142560,-57993,-2137
51233,-126976,-527360,90712,-131610,-69548,-591
51243,-276480,-591872,71456,-117349,-37213,-4433
51253,-309248,-502784,43848,-107452,58164,-1825
51263,-309248,-581632,61712,-98116,13803,-505
51273,-309248,-652288,77720,-87167,-13150,-133
51283,-448512,-573440,28304,-77418,63385,-2925
51293,-448512,-667648,49648,-69761,3063,-757
51303,-448512,-805888,82824,-60718,-72268,36
51313,-436224,-724992,65424,-51120,9741,92
51323,-436224,-848896,93496,-39994,-65211,21
51333,-440320,-865280,96280,-29194,-67012,-41
51343,-440320,-715776,62408,-18580,38153,-14
51353,-440320,-659456,62640,-9385,6873,-7
51363,-440320,-722944,64032,-1734,-25474,-7
51373,-484352,-622592,31320,1303,26276,-862
51383,-515072,-567296,11832,2205,42260,-701
51393,-537600,-722944,41992,2589,-83627,-412
51403,-565248,-716800,34336,2930,-47666,-646
51413,-565248,-640000,16936,3460,-9788,-181
51423,-570368,-769024,45008,4193,-88527,-103
51433,-570368,-752640,41296,5227,-47356,-29
51443,-565248,-718848,34800,6349,-6920,61
51453,-565248,-802816,53824,7767,-55102,13
51463,-565248,-856064,65888,9273,-80162,1
51473,-565248,-754688,42920,11008,12117,0
51483,-550912,-808960,58464,12827,-30075,134
51493,-550912,-806912,58000,14526,-34092,34
51503,-550912,-668672,26680,16033,52611,6
51513,-556032,-617472,13920,17202,51716,-130
51523,-556032,-657408,22968,18222,19782,-39
51533,-561152,-606208,10208,19108,48308,-81
51543,-570368,-533504,-8352,19528,84992,-257
51553,-570368,-606208,8120,19898,18462,-69
51563,-570368,-633856,14384,20377,-3523,-22
51573,-565248,-530432,-7888,20699,67126,41
51583,-565248,-518144,-10672,20607,64969,8
51593,-580608,-593920,3016,20634,2226,-203
51603,-595968,-550912,-10208,20347,31704,-193
51613,-649216,-455680,-43848,18887,97717,-1025
51623,-760832,-461824,-67744,13978,87023,-1648
51633,-847872,-556032,-66120,6842,-12255,-1208
51643,-957440,-809984,-33408,797,-107598,-2331
51653,-975872,-815104,-36424,-1525,-67414,-832
51663,-1004544,-878592,-28536,-2818,-63857,-614
51673,-1004544,-1032192,6264,-3530,-115332,-171
51683,-1004544,-1031168,6032,-3135,-52853,-47
51693,-1246208,-993280,-57304,-3599,13930,-4530
51703,-1379328,-1021952,-80968,-5397,24509,-3444
51713,-1379328,-1103872,-62408,-7235,4853,-950
51723,-1849344,-1271808,-130848,-10877,-58337,-5849
51733,-1849344,-1559552,-65656,-14472,-172831,-1512
51743,-2318336,-1708032,-138272,-18634,-164604,-6217
51753,-2698240,-1905664,-179568,-23489,-169664,-10189
51763,-2757632,-2163712,-130384,-28958,-210927,-3581
51773,-2912256,-2342912,-128992,-33759,-165786,-2780
51783,-3281920,-2485248,-180496,-39443,-110191,-4792
51793,-3390464,-2681856,-160544,-44321,-91602,-3174
51803,-3465216,-2962432,-113912,-48620,-129595,-1688
51813,-3465216,-3300352,-37352,-51132,-193623,-439
51823,-3465216,-3393536,-16240,-52098,-113760,-124
51833,-3465216,-3595264,29464,-51075,-137145,-35
51843,-3503104,-3654656,34336,-48303,-119233,-309
51853,-3542016,-3719168,40136,-44397,-82124,-710
51863,-3579904,-3674112,21344,-40154,-5772,-598
51873,-4076544,-3712000,-82592,-36310,573,-11143
51883,-4210688,-3941376,-61016,-38748,-125016,-4889
51894,-4210688,-4025344,-41992,-41037,-110490,-1264
51904,-4120576,-4108288,-2784,-42011,-78280,1641
51914,-4120576,-4348928,51736,-38299,-139968,420
51924,-4033536,-4491264,141520,-27375,-163043,4683
51934,-3904512,-4498432,134560,-10673,-75113,1285
51944,-3108864,-4354048,282112,5128,47263,12268
51954,-2818048,-4126720,296496,14299,160828,6532
51964,-2818048,-4034560,275616,24098,87057,1681
51974,-2818048,-3649536,188384,31643,161413,431
51984,-1063936,-3425280,534992,39796,117454,23101
51994,-1063936,-2983936,435000,53408,219348,5954
52004,-1063936,-2483200,321552,65784,316710,1532
52014,-433152,-2000896,355192,77504,347829,6844
52024,-44032,-1500160,329904,88624,374623,9320
52034,-44032,-1167360,254504,98977,269825,2400
52044,138240,-852992,224576,106695,224305,5546
52054,162816,-560128,163792,113237,170856,1905
52064,162816,-334848,112752,117542,113334,521
52074,256000,-19456,62408,120405,144947,1499
52084,256000,205824,5800,121729,155148,384
52094,256000,323584,-15312,121321,96065,102
52104,256000,342016,-19488,118068,15123,23
52114,256000,439296,-41528,112401,25611,4
52124,665600,590848,16936,110315,90936,5400
52134,1149952,618496,120408,111724,69203,13569
52144,1149952,656384,111824,115356,39885,3728
52154,1392640,906240,110200,119132,109089,4159
52164,1406976,1201152,46632,121920,157075,1197
52174,1662976,1421312,54752,123368,139519,4988
52184,1753088,1602560,34104,124870,101550,2397
52194,2014208,1689600,73544,125371,9076,6771
52204,2102272,1833984,60784,126898,31578,3463
52214,2102272,2054144,10904,127951,93552,890
52224,2817024,2195456,140824,131648,94998,8045
52234,2817024,2265088,125048,135816,22639,2210
52244,2817024,2577408,54288,138385,98302,567
52254,2817024,2931712,-25984,138541,182044,152
52264,4075520,3074048,226896,138109,106495,21522
52274,4301824,3239936,240584,144661,73816,8170
52284,5441536,3665920,402288,150879,193461,29113
52294,5859328,4143104,388832,160587,267633,14192
52304,5859328,4722688,257520,171026,330331,3657
52314,6782976,5296128,336864,180385,330216,11912
52324,6782976,5856256,209960,188809,282895,3069
52334,6782976,6458368,73544,192924,295207,842
52344,6854656,6894592,-9048,193923,238889,816
52354,6782976,7187456,-101384,186012,213049,-868
52364,6782976,7370752,-133168,171251,145211,-242
52374,6782976,7383040,-135952,152707,56776,-65
52384,6782976,7402496,-140360,134145,34745,-21
52394,6782976,7486464,-159384,114355,82364,-8
52404,6782976,7401472,-140128,95188,21228,-7
52414,6782976,7351296,-128760,77452,-6208,-7
52424,6782976,7332864,-124584,59257,-4958,-7
52434,6782976,7376896,-134560,42858,46529,-7
52444,6240256,7227392,-223648,17753,-40265,-8149
52454,5984256,7012352,-232928,-5017,-160966,-30023
52464,3464192,6791168,-753768,-13533,-171408,-42271
52474,2817024,6435840,-819888,-28140,-199750,-20614
52484,2817024,5586944,-627560,-48218,-415175,-48794
52494,773120,4462592,-835896,-63574,-625183,-24287
52504,773120,3682304,-659112,-84496,-455933,-6265
52514,215040,2368512,-487896,-101255,-696027,-9445
52524,215040,1860608,-372824,-115137,-345765,-2439
52534,215040,1126400,-160776,-124175,-474131,-632
52544,215040,500736,-64728,-128817,-371181,-176
52554,-10240,375808,-87464,-131591,-162469,-4424
52564,-13312,286720,-67976,-133698,-39416,-1265
52574,-68608,62464,-29696,-134391,-66243,-1813
52584,-68608,-224256,35264,-132773,-222459,-471
52594,-238592,-425984,42456,-129134,-155562,-2524
52604,-279552,-427008,33408,-124462,-35767,-1071
52614,-279552,-546816,60552,-115945,-23948,-297
52624,-590848,-693248,23200,-109346,-49995,-4459
52634,-649216,-744448,21576,-106077,-20391,-1710
52644,-649216,-841728,43616,-100821,-35319,-473
52654,-649216,-1070080,95352,-91041,-120817,-125
52664,-975872,-1234944,58696,-85184,-156227,-4404
52674,-1013760,-1226752,48256,-79222,-60196,-1875
52684,-1162240,-1239040,17400,-74070,3430,-2445
52694,-1285120,-1417216,29928,-70381,-63317,-2521
52704,-1285120,-1511424,51272,-65139,-64063,-653
52714,-1453056,-1482752,6728,-61297,8273,-2545
52724,-1453056,-1556480,23432,-56813,10074,-659
52734,-1453056,-1789952,76328,-48426,-88389,-172
52744,-1453056,-1783808,74936,-38186,-23420,-49
52754,-2268160,-1763328,-114376,-38404,30017,-10020
52764,-2268160,-1925120,-77720,-41018,-39473,-2759
52774,-2555904,-2267136,-65424,-43984,-191799,-4509
52784,-2727936,-2377728,-79344,-46677,-123525,-5044
52794,-2727936,-2631680,-21808,-48481,-153072,-1391
52804,-3142656,-2905088,-53824,-50484,-177914,-5489
52814,-3142656,-3006464,-30856,-52235,-81137,-1419
52824,-3142656,-3166208,5336,-52388,-90122,-393
52834,-3142656,-3340288,44776,-48293,-87391,-103
52844,-5500928,-3423232,-470728,-53282,-35560,-23291
52854,-5500928,-3726336,-402056,-65067,-89789,-6409
52864,-5738496,-4465664,-288376,-76021,-308461,-4593
52874,-5738496,-5038080,-158688,-83431,-335071,-1266
52884,-5678080,-5735424,12992,-86333,-413798,702
52894,-5678080,-5946368,60784,-83335,-244329,191
52904,-5385216,-6119424,166344,-70849,-152211,6951
52914,-5385216,-6234112,192328,-46905,-127541,1789
52924,-5052416,-6115328,240816,-17731,-29180,4604
52935,-5052416,-5871616,185600,3118,86185,1184
52945,-5052416,-5621760,128992,8830,157064,302
52955,-5052416,-5498880,101152,13450,117201,80
52965,-5678080,-5457920,-49880,8797,43821,-6048
52975,-5678080,-5365760,-70760,1112,67654,-1667
52985,-6241280,-5522432,-162864,-3725,-22571,-6960
52995,-6373376,-5794816,-131080,-8412,-148941,-3785
53005,-6306816,-6009856,-67280,-11513,-105418,21
53015,-6241280,-6258688,3944,-12250,-126003,763
53025,-6048768,-6454272,91872,-6461,-141322,3577
53035,-6048768,-6529024,108808,1558,-104328,920
53045,-5106688,-6425600,298816,7618,-14401,11169
53055,-3820544,-6145024,526640,16144,110787,31303
53065,-2818048,-5814272,678832,27683,162423,23112
53075,-2818048,-5287936,559584,44375,255528,6353
53085,-1379328,-4537344,715488,60666,364708,18291
53095,-1379328,-3831808,555640,79343,340440,4714
53105,-788480,-2948096,489288,94343,421405,7714
53115,-649216,-2263040,365632,108077,346452,3083
53125,-417792,-1654784,280256,117822,306922,4549
53135,-322560,-1108992,178176,125340,273164,2205
53145,-151552,-759808,137808,130199,158739,4109
53155,-117760,-518144,90712,133535,123891,1634
53165,-117760,-125952,1856,135273,214976,418
53175,-117760,84992,-45936,134431,214426,112
53185,-117760,156672,-62176,129899,135870,27
53195,0,210944,-47792,125165,83959,1203
53205,12288,232448,-49880,118800,38875,583
53215,12288,338944,-74008,110363,63752,147
53225,12288,337920,-73776,100868,21468,38
53235,398336,292864,23896,93588,-31177,8006
53245,398336,421888,-5336,93790,3637,2061
53255,670720,392192,63104,95017,-12255,4452
53265,670720,456704,48488,96425,-16398,1145
53275,1297408,723968,129920,98839,98819,9108
53285,1392640,875520,117160,103193,96444,3473
53295,1392640,1155072,53824,106433,157856,893
53305,2291712,1404928,200912,110391,171614,12890
53315,2291712,1613824,153584,116154,133208,3321
53325,3175424,2021376,261464,121010,238178,16946
53335,3175424,2228224,214600,128432,157190,4658
53345,5441536,2639872,634752,137268,218533,38422
53355,6047744,3228672,638696,149374,326383,22341
53365,6047744,3969024,470960,165459,394175,5759
53375,6643712,4846592,407160,179092,435977,7174
53385,6643712,5667840,221096,188695,439477,1970
53395,6506496,6412288,21344,192692,420303,-1305
53405,5797888,6615040,-185136,171307,178315,-7130
53415,4119552,6863872,-621760,118150,134126,-32405
53425,3778560,6447104,-604592,27841,-149136,-12855
53435,1716224,5636096,-888096,-14970,-488842,-36745
53445,1716224,5032960,-751448,-35169,-398571,-9478
53455,1073152,4001792,-663520,-54712,-572193,-10397
53465,610304,2955264,-531280,-71024,-502979,-7284
53475,352256,2221056,-423400,-85452,-359018,-6287
53485,352256,1370112,-230608,-95654,-447269,-1732
53495,119808,979968,-194880,-103502,-281255,-2531
53505,12288,411648,-90480,-108547,-313188,-2491
53515,3072,338944,-76096,-112143,-156732,-803
53525,-4096,-2048,-464,-113791,-207783,-380
53535,-4096,24576,-6496,-113321,-40758,-107
53545,0,-168960,38280,-109145,-65452,20
53555,0,-162816,36888,-101270,33138,3
53565,0,-397312,90016,-91125,-91109,0
53575,0,-329728,74704,-80194,-11246,0
53585,-4096,-324608,72616,-71012,-22778,-39
53595,-4096,-397312,89088,-61254,-74517,-13
53605,-4096,-190464,42224,-53697,45359,-7
53615,-4096,-273408,61016,-46673,-33828,-7
53625,-4096,-50176,10440,-40606,112875,-7
53635,-4096,-134144,29464,-34314,47929,-7
53645,-4096,-236544,52664,-26969,-16799,-7
53655,-4096,-240640,53592,-20151,-25325,-7
53665,-4096,-237568,52896,-14892,-41527,-7
53675,-4096,69632,-16704,-11266,149732,-7
53685,-4096,-76800,16472,-8692,-3581,-7
53695,-4096,-243712,54288,-5694,-122469,-7
53705,0,-92160,20880,-2596,550,27
53715,0,68608,-15544,-25,117006,5
53725,0,-26624,6032,31,20551,0
53735,0,-159744,36192,248,-87299,0
53745,0,-61440,13920,128,-27195,0
53755,0,133120,-30160,-228,91911,0
53765,0,8192,-1856,-277,-19978,0
53775,0,201728,-45704,-651,106863,0
53785,9216,-6144,3480,-874,-65348,151
53795,9216,-57344,15080,-888,-100874,39
53805,82944,174080,-20648,-570,72072,1113
53815,110592,68608,9512,20,-5853,905
53825,104448,123904,-4408,327,51119,119
53835,104448,167936,-14384,-244,44796,28
53845,64512,86016,-4872,-427,-41550,-1138
53855,64512,220160,-35264,-1473,29489,-296
53865,64512,133120,-15544,-2915,-70202,-80
53875,12288,232448,-49880,-4710,105577,-556
53885,0,352256,-79808,-7023,55433,-394
53895,0,269312,-61016,-8978,14641,-103
53905,-4096,242688,-55912,-10818,3832,-73
53915,-4096,37888,-9512,-11587,-78166,-22
53925,-4096,49152,16008,-12191,-126852,-9
53935,-4096,-94208,20416,-10595,-77271,-7
53945,-4096,-138240,30392,-9091,-87850,-7
53955,-4096,-8192,928,-5571,58118,-7
53965,-4096,-122880,26912,-2520,-25520,-7
53975,-4096,-35840,7192,274,47091,-7
53985,-4096,81920,-19488,-10,95812,-7
53995,-4096,7168,-2552,23,16672,-7
54005,-4096,174080,-40368,-226,106002,-7
54015,-4096,158720,-36888,-617,57671,-7
54025,-4096,5120,-2088,-1308,-68584,-7
54035,-4096,162816,-37816,-2376,33322,-7
54045,-4096,36864,-9280,-3517,-68183,-7
54055,-4096,64512,-15544,-4242,38153,-7
54065,0,226304,-51272,-4376,101538,68
54075,0,-129024,29232,-3313,-134494,15
54085,0,68608,-15544,-2478,31543,1
54095,0,132096,-29928,-2484,55158,0
54105,9216,23552,-3248,-2908,-34011,112
54115,9216,117760,-24592,-3677,15467,28
54125,1232896,177152,239192,2367,32863,20895
54135,3141632,320512,639160,8064,89456,29344
54145,8246272,846848,1676432,9543,267094,70456
54155,8587264,2124800,1451856,27731,613249,23988
54165,9031680,4078592,1122184,58005,952966,12090
54175,9031680,5898240,709920,86677,942237,3115
54185,9031680,7312384,389528,103960,787215,854
54195,9031680,8139776,202072,113660,485972,217
54205,9031680,8426496,137112,118797,205418,57
54215,6047744,8695808,-599952,84591,158521,-50931
54225,4892672,8497152,-816640,-6949,-62950,-26525
54235,2911232,7721984,-1089936,-22740,-404721,-54010
54245,2393088,6856704,-1011288,-39435,-513983,-22223
54255,2393088,5815296,-775344,-64430,-489094,-5734
54266,766976,4264960,-792512,-82571,-843453,-24308
54276,766976,3766272,-679528,-103412,-406282,-6271
54286,369664,2501632,-483024,-120610,-642349,-6332
54296,240640,2066432,-413656,-135733,-324812,-2719
54306,240640,1217536,-221328,-146584,-428187,-705
54316,0,883712,-200216,-154018,-269746,-2986
54326,0,599040,-135720,-159660,-167174,-773
54336,-4096,325632,-74704,-162863,-177501,-264
54346,-4096,38912,-9744,-164344,-158660,-76
54356,-4096,-7168,696,-163359,-39404,-22
54366,-4096,-95232,20648,-159044,-61401,-9
54376,-4096,-509952,114608,-149955,-205775,-7
54386,-4096,-433152,97208,-137465,-54402,-7
54396,-4096,-403456,90480,-123609,22352,-7
54406,-4096,-503808,113216,-107321,-16501,-7
54416,-4096,-518144,116464,-90849,-4166,-7
54426,-4096,-476160,106952,-74621,13654,-7
54436,-4096,-517120,116232,-59463,-37144,-7
54446,-4096,-361472,80968,-46737,51257,-7
54456,-4096,-194560,43152,-35320,132061,-7
54466,-4096,-248832,55448,-24861,65933,-7
54476,-4096,-398336,89320,-14437,-60334,-7
54486,-4096,-224256,49880,-5703,56937,-7
54496,-4096,-240640,53592,527,-459,-7
54506,-4096,-88064,19024,1893,75755,-7
54516,-4096,6144,-2320,2764,111877,-7
54526,0,-49152,11136,3643,49547,36
54536,-4096,-139264,30624,4679,-79887,-73
54546,0,-209920,47560,5809,-51521,34
54556,-4096,-184320,40832,7011,-28653,-104
54566,-4096,-214016,47560,7959,-61986,-31
54576,0,-74752,16936,8575,24406,47
54586,0,76800,-17400,8368,101515,10
54596,0,-20480,4640,8495,19896,0
54606,0,-41984,9512,8994,10510,0
54616,0,-65536,14848,9429,-6105,0
54626,0,-211968,48024,9838,-103111,0
54636,-19456,-126976,24360,10343,-21401,-259
54646,-160768,-35840,-28304,10143,48904,-3404
54656,-264192,-40960,-50576,6446,40425,-2764
54666,-335872,-68608,-60552,-172,25576,-1662
54676,-684032,-93184,-133864,-3654,33414,-3785
54686,-1233920,-384000,-192560,-8109,-115894,-10992
54696,-1233920,-606208,-142216,-13911,-145441,-2837
54706,-11344896,-808960,-2387048,-14478,-118912,-138981
54716,-11344896,-2468864,-2010976,-21585,-812391,-35842
54726,-11344896,-4362240,-1582008,-62979,-1027529,-9862
54736,-11344896,-7097344,-962336,-103525,-1323539,-2546
54746,-17213440,-8998912,-1824448,-119520,-1142068,-100849
54756,-17213440,-10667008,-1483176,-129924,-935216,-27742
54766,-17213440,-12236800,-1127520,-164863,-854400,-7157
54776,-17213440,-13998080,-728480,-194381,-970718,-1971
54786,-17213440,-15352832,-421544,-215354,-850338,-511
54796,-11910144,-15996928,919880,-165308,-382025,88087
54806,-11910144,-16358400,1007808,-26129,-185901,24226
54816,-11910144,-15516672,817104,23630,340876,6244
54826,-3211264,-14203904,2490520,24895,667673,79602
54836,-1004544,-11748352,2434144,32033,1182802,58198
54846,-714752,-8919040,1858784,61334,1518125,19588
54856,-417792,-6140928,1296648,104081,1512387,7707
54866,-417792,-3989504,809216,138710,1231638,1984
54876,-417792,-2667520,509704,160744,887044,542
54886,-4096,-1966080,444512,177482,527120,3547
54896,-4096,-1523712,357512,191502,284306,912
54906,0,-1166336,264248,202058,250697,298
54916,0,-808960,183280,209861,192520,73
54926,0,-327680,74240,214050,249102,17
54936,0,63488,-14384,215338,252590,2
54946,0,319488,-72384,210156,192911,0
54956,0,562176,-127368,198804,197455,0
54966,0,340992,-77256,183116,-79783,0
54976,6144,503808,-112752,165598,-8182,89
54986,12288,572416,-126904,148158,21216,120
54996,12288,640000,-142216,130267,65646,28
55006,18432,439296,-95352,115174,-61516,57
55016,18432,497664,-108576,99819,2857,12
55026,9216,456704,-101384,84818,-10362,-100
55036,0,438272,-99296,70933,-12221,-234
55046,0,349184,-79112,57557,-48240,-63
55056,0,385024,-87232,45526,9133,-19
55066,0,167936,-38048,36996,-100954,-8
55076,0,237568,-53824,29578,-3431,-7
55086,0,323584,-73312,22687,81687,-7
55096,0,240640,-54520,16645,26162,-7
55106,0,-52224,11832,11989,-152165,-7
55116,0,187392,-42456,7663,49685,-7
55126,0,129024,-29232,3614,8078,-7
55136,0,-46080,10440,1502,-117764,-7
55146,0,-37888,8584,486,-48251,-7
55156,0,87040,-19720,-49,56764,-7
55166,0,1024,-232,-75,-494,-7
55176,0,39936,-9048,213,43075,-7
55186,0,71680,-16240,-130,61274,-7
55196,0,-277504,62872,261,-170720,-7
55206,0,25600,-5800,251,62766,-7
55216,0,112640,-25520,-134,94401,-7
55226,0,-23552,5336,-189,-39232,-7
55236,256000,-54272,70296,227,-71499,5641
55246,355328,180224,39672,1872,85749,3479
55256,355328,188416,37816,3556,39897,894
55266,7218176,283648,1571104,3867,45278,91722
55276,7218176,1105920,1384808,16973,326337,23648
55286,16135168,2777088,3026440,29427,780743,131938
55296,16135168,5182464,2481472,39559,1184466,34020
55306,16135168,8537088,1721440,91296,1646973,8770
55316,16135168,11500544,1050032,134491,1676394,2410
55326,16135168,13543424,587192,162261,1192395,618
55336,15985664,14670848,297888,176368,707501,-2566
55346,13754368,15002624,-282808,154001,260140,-30135
55356,12379136,14983168,-589976,72109,27332,-20907
55366,6925312,14551040,-1727704,-9847,-145418,-105070
55376,3697664,13194240,-2151568,-9847,-628453,-69663
55386,1771520,11271168,-2152264,-30517,-1073691,-66401
55396,1771520,9085952,-1657176,-56265,-1315553,-18267
55406,1771520,6913024,-1164872,-99000,-1251892,-4713
55416,443392,5221376,-1082512,-129389,-948457,-32528
55426,443392,3964928,-797848,-151353,-739619,-8950
55436,172032,3124224,-668856,-174393,-526570,-5665
55446,76800,2245632,-491376,-193476,-553605,-2415
55456,-4096,1811456,-411336,-209246,-314554,-2006
55466,-4096,1071104,-243600,-219880,-325983,-521
55476,0,723968,-164024,-226358,-197536,-49
55486,0,164864,-37352,-229257,-245442,-16
55496,0,-23552,5336,-229505,-142641,-7
55506,0,-153600,34800,-223917,-41929,-7
55516,0,-376832,85376,-212317,-149997,-7
55526,-4096,-705536,158920,-195725,-173405,-56
55537,-4096,-593920,133632,-176021,-11234,-17
55547,-4096,-615424,138504,-156292,4268,-7
55557,-4096,-579584,130384,-135895,33391,-7
55567,-4096,-533504,119944,-118233,27263,-7
55577,-4096,-572416,128760,-101570,-36065,-7
55587,-4096,-445440,99992,-86977,16902,-7
55597,-4096,-262144,58464,-75663,97786,-7
55607,-4096,-367616,82360,-65226,-25463,-7
55617,-4096,-380928,85376,-55338,-24086,-7
55627,0,-203776,46168,-46728,64647,83
55637,0,-321536,72848,-37988,-36995,19
55647,0,-333824,75632,-29929,-55102,2
55657,0,-97280,22040,-22802,98211,0
55667,0,-168960,38280,-16963,14951,0
55677,0,-157696,35728,-12483,-1159,0
55687,0,-79872,18096,-9572,23695,0
55697,0,-7168,1624,-8548,36879,0
55707,0,-49152,11136,-7747,-10156,0
55717,0,-82944,18792,-6139,-27046,0
55727,0,-109568,24824,-3320,-23925,0
55737,0,-142336,32248,329,-18543,0
55747,0,-262144,59392,1799,-75733,0
55757,0,-193536,43848,3251,-15985,0
55767,-7168,-92160,19256,4372,47011,-76
55777,-80896,-153600,16472,5036,-17993,-1455
55787,-111616,-86016,-5800,4240,8732,-810
55797,-524288,-45056,-108576,1327,25737,-11294
55807,-637952,67584,-159848,-3707,107826,-5123
55817,-637952,-314368,-50808,-7271,-192900,-1324
55827,-4638720,-536576,-929392,-11394,-180003,-66573
55837,-4638720,-747520,-881600,-24746,-156491,-17170
55847,-17213440,-1811456,-3489512,-33356,-525744,-181616
55857,-17213440,-3709952,-3059384,-36295,-1090421,-46837
55867,-17213440,-6598656,-2404912,-92691,-1710303,-12080
55877,-17213440,-10060800,-1620520,-153004,-2129367,-3326
55887,-17213440,-12959744,-963728,-197993,-2012131,-860
55897,-17213440,-14380032,-599488,-226003,-1390930,-225
55907,-17213440,-15109120,-476760,-244088,-711139,-65
55917,-17213440,-15319040,-429200,-260078,-326522,-20
55927,-14835712,-15437824,136416,-260838,-156790,43291
55937,-10081280,-15704064,1273912,-138496,-158144,73861
55947,-6439936,-15151104,1973624,10234,256618,67243
55957,-6439936,-13447168,1587576,36184,936339,17337
55967,-1453056,-11156480,2198432,50325,1367027,66124
55977,-1453056,-8683520,1638152,75768,1630645,18185
55987,-264192,-6404096,1391072,110497,1539972,24983
55997,-114688,-4710400,1041216,142920,1181402,8287
56007,0,-3553280,805040,171536,799849,5160
56017,0,-2760704,625472,195729,493981,1327
56027,0,-1979392,448456,214047,388874,339
56037,-4096,-1197056,270280,226035,420246,54
56047,-4096,-615424,138504,233248,338879,11
56057,-4096,-50176,10440,235898,352706,0
56067,0,319488,-72384,233655,299418,32
56077,0,461824,-98368,223435,153163,5
56087,0,515072,-116696,209008,83925,0
56097,0,734208,-166344,189905,147035,0
56107,0,615424,-139432,170482,4784,0
56117,0,563200,-127600,149080,-61791,0
56127,0,686080,-160312,126033,16569,0
56137,0,754688,-170984,103181,27424,0
56147,0,657408,-148944,80215,-33851,0
56157,0,701440,-158920,59873,32484,0
56167,0,505856,-114608,40906,-67999,0
56177,0,369664,-83752,25719,-88642,0
56187,0,478208,-108344,12634,40528,0
56197,0,334848,-75864,477,-37660,0
56207,0,96256,-21808,-2234,-143571,0
56217,82944,332800,-56608,-4246,42042,1832
56227,187392,368640,-41064,-4983,69145,2037
56237,187392,154624,7424,-4409,-70661,558
56247,6575104,318464,1417520,2846,56604,89897
56257,6575104,1072128,1246768,15288,351983,23179
56267,16284672,2537472,3114600,20820,721672,111882
56277,16284672,5237760,2502816,37001,1318708,28848
56287,16284672,8450048,1775032,90523,1707995,7932
56297,16135168,11505664,1048872,138496,1657427,418
56307,16135168,13539328,588120,166651,1178970,105
56317,10908672,14672896,-852832,112615,737323,-78397
56327,9308160,14678016,-1216608,-9916,146542,-36525
56337,3737600,13347840,-2177320,-26325,-544941,-117627
56347,3737600,11376640,-1730720,-34681,-1004258,-32357
56357,1173504,9093120,-1794288,-68276,-1176710,-77121
56367,689152,7023616,-1435152,-81864,-1145798,-31251
56377,689152,5320704,-1049336,-112955,-901423,-8062
56387,246784,3798016,-804576,-139117,-782064,-7560
56397,246784,2965504,-615960,-162336,-509863,-2082
56407,39936,1991680,-442192,-180354,-539043,-3449
56417,12288,1818624,-409248,-194589,-207542,-1234
56427,-4096,1164288,-264712,-205722,-276883,-639
56437,0,916480,-207640,-213961,-186555,-114
56447,0,566272,-128296,-220019,-199303,-34
56457,0,358400,-81200,-223669,-121413,-12
56467,0,236544,-53592,-225522,-53082,-7
56477,-4096,-175104,38744,-223305,-162756,-44
56487,-4096,-73728,15776,-218424,29535,-15
56497,-4096,-299008,66816,-209809,-53254,-7
56507,-4096,-375808,84216,-200342,-113576,-7
56517,-4096,-277504,61944,-191726,5186,-7
56527,-4096,-196608,43616,-183617,46495,-7
56537,-4096,-416768,93496,-173658,-86244,-7
56547,-4096,-376832,84448,-162371,-27792,-7
56557,0,-384000,87000,-150284,65944,48
56567,0,-310272,70296,-138085,45141,10
56577,0,-488448,110664,-125176,-77431,0
56587,0,-162816,36888,-115443,131671,0
56597,0,-359424,81432,-106511,-56938,0
56607,0,-293888,66584,-97645,38853,0
56617,0,-207872,47096,-90007,34618,0
56627,0,-225280,51040,-82948,-4935,0
56637,0,-162816,36888,-77231,23396,0
56647,0,-196608,44544,-72888,-45979,0
56657,0,50176,-11368,-67578,149307,0
56667,0,-261120,59160,-63129,-107196,0
56677,0,76800,-17400,-57507,164465,0
56687,0,-254976,57768,-53465,-113886,0
56697,0,60416,-13688,-48727,129307,0
56707,0,-256000,58000,-45799,-135389,0
56717,0,96256,-21808,-44345,98153,0
56727,0,-24576,5568,-44271,-33942,0
56737,0,86016,-19488,-44451,39289,0
56747,0,-31744,7192,-44072,-32267,0
56757,0,-18432,4176,-43185,-918,0
56767,0,-16384,3712,-41720,15743,0
56777,0,-126976,28768,-39619,-54746,0
56787,0,-9216,2088,-37932,24945,0
56797,0,-248832,56376,-35155,-143169,0
56808,0,70656,-16008,-33204,74550,0
56818,0,-347136,78648,-29699,-65084,0
56828,218112,166912,11600,-23105,150856,2526
56838,1594368,-182272,402520,-3244,-99359,31065
56848,3617792,361472,737760,6294,225717,40928
56858,5384192,763904,1046784,15466,282998,31025
56868,9122816,1869824,1612632,19242,620845,45041
56878,9495552,3810304,1288064,45326,961273,18352
56888,9495552,5872640,820816,77097,1117110,4730
56898,11343872,7413760,890416,92670,946907,16814
56908,11343872,8803328,575592,114744,804324,4332
56918,10591232,9729024,195344,124706,622841,-7535
56928,7677952,10228736,-577912,106459,382896,-60488
56938,6854656,9932800,-697392,11850,-24545,-27954
56948,4490240,9618432,-1161856,-9512,-147059,-35097
56958,1848320,8270848,-1455104,-26127,-510896,-63793
56968,1084416,6619136,-1259528,-40338,-779987,-27916
56978,1084416,4915200,-867912,-67863,-1000495,-7681
56988,1084416,3645440,-580232,-92690,-810188,-1984
56998,1084416,2500608,-320856,-107888,-716464,-548
57008,-4096,2032640,-461448,-119595,-360544,-11973
57018,-4096,1373184,-312040,-130887,-347647,-3296
57028,0,924672,-209496,-140159,-277066,-792
57038,0,603136,-136648,-146382,-202401,-206
57048,0,123904,-28072,-148656,-231076,-60
57058,-7168,-186368,40600,-147462,-204203,-125
57068,-7168,-203776,44544,-139718,-23156,-37
57078,-25600,-716800,156600,-125446,-251788,-394
57088,-47104,-583680,121568,-108479,-50190,-407
57098,-90112,-660480,129224,-90846,-44533,-1127
57108,-93184,-474112,86304,-73444,106966,-353
57118,-93184,-698368,137112,-55788,-44683,-94
57128,-87040,-694272,137576,-35845,-11808,34
57138,-87040,-766976,154048,-16290,-64591,6
57148,-87040,-501760,93960,318,103764,0
57158,-83968,-417792,75632,3903,96076,29
57168,-83968,-450560,83056,7106,24876,5
57178,-83968,-442368,81200,9618,-17465,0
57188,-83968,-402432,72152,11908,-19370,0
57198,-83968,-205824,27608,13575,89777,0
57208,-83968,-199680,26216,15114,63970,0
57218,-83968,-295936,48024,16665,-19358,0
57228,-83968,-338944,57768,18062,-55698,0
57238,-774144,-156672,-139896,6808,45485,-9105
57248,-1033216,-136192,-203232,-4655,39174,-4824
57258,-4688896,-563200,-934728,-7842,-194897,-67902
57268,-7757824,-887808,-1556488,-9924,-224100,-57985
57278,-13368320,-2169856,-2537152,-29316,-628855,-156035
57288,-14286848,-4106240,-2306544,-29339,-944005,-59649
57298,-14286848,-6876160,-1678984,-62114,-1384642,-15385
57308,-12865536,-9501696,-762120,-91789,-1493065,13237
57318,-11910144,-11250688,-149408,-105033,-1046864,20809
57328,-10592256,-12239872,373288,-75674,-646767,21657
57338,-9496576,-11937792,553088,2937,-56731,15765
57348,-7145472,-11076608,890648,12636,340107,44202
57358,-5500928,-10051584,1031008,21218,518296,33844
57368,-2420736,-8732672,1430048,38807,686445,81337
57378,-1849344,-7606272,1289688,49367,676324,30726
57388,-1849344,-6169600,978808,77266,769280,8448
57398,-684032,-4861952,946560,100993,727249,12610
57408,-229376,-3552256,759336,125682,697908,10526
57418,-229376,-2568192,529888,145698,618779,2892
57428,-139264,-1787904,373520,161329,462713,1453
57438,-139264,-1248256,251256,171297,305442,397
57448,-145408,-799744,148248,177799,217191,28
57458,-142336,-564224,68672,181185,175309,31
57468,-130048,-107520,-5104,182294,209423,216
57478,-126976,-15360,-25288,181039,115985,89
57488,-90112,-59392,-6960,177854,-53874,835
57498,-80896,33792,-25984,174038,19254,374
57508,-80896,195584,-62640,167475,77579,94
57518,-7168,308224,-71456,160895,98280,683
57528,-4096,396288,-90712,150500,82020,222
57538,-4096,324608,-74472,138981,-21343,59
57548,-16384,294912,-70528,126372,-55480,-259
57558,-31744,427008,-103936,114181,61458,-300
57568,-31744,337920,-83752,104007,20987,-86
57578,-373760,-12288,-81896,89700,-169320,-4901
57588,-948224,115712,-241048,63256,-18348,-9886
57598,-1546240,-139264,-318768,18286,-128573,-9221
57608,-6714368,-279552,-1457888,-4421,-77293,-109461
57618,-10181632,-1356800,-1999376,-4421,-554282,-77004
57628,-17213440,-2742272,-3278624,-22497,-793998,-222365
57638,-17213440,-5543936,-2643872,-22702,-1404768,-57344
57648,-17213440,-8647680,-1940680,-59414,-1715741,-15775
57658,-17213440,-11917312,-1199904,-107322,-1755363,-4070
57668,-16590848,-14358528,-505760,-134572,-1490036,11777
57678,-13368320,-15622144,510632,-106096,-860814,51387
57688,-13368320,-15574016,532208,-28395,-235402,13249
57698,-6306816,-14879744,1942304,5775,309493,149951
57708,-2669568,-13404160,2432056,5775,750439,89830
57718,-913408,-11030528,2292160,11205,1281128,53891
57728,-913408,-8181760,1646736,47489,1529932,13894
57738,-282624,-5626880,1182040,85743,1450551,12453
57748,-203776,-3635200,777432,114106,1119761,4226
57758,0,-2446336,554248,135128,692504,5045
57768,-4096,-1698816,383960,150003,477056,1327
57778,-4096,-1330176,300440,162313,280049,339
57788,-4096,-970752,219008,171220,227851,89
57798,-4096,-584704,131544,177687,226451,20
57808,-4096,-293888,65656,180868,200392,3
57818,-4096,157696,-36656,180421,225120,0
57828,-4096,325632,-74704,173058,134643,0
57838,0,311296,-70528,161173,-11636,36
57848,0,570368,-129224,145649,99955,7
57858,0,420864,-95352,128838,-55836,0
57868,0,434176,-98368,113193,-48653,0
57878,0,529408,-119944,96793,24165,0
57888,0,430080,-97440,80470,-51717,0
57898,0,349184,-79112,66339,-84913,0
57908,0,525312,-119016,52001,64177,0
57918,0,227328,-51504,40869,-116456,0
57928,0,316416,-71688,31041,367,0
57938,297984,279552,4176,25317,-4246,5424
57948,419840,204800,48720,26295,-38062,3096
57958,9308160,389120,2020720,27339,84533,224299
57968,9308160,650240,1961560,27339,148802,57837
57978,15985664,2308096,3098824,33111,765448,103968
57988,15985664,5085184,2469640,51996,1364147,26806
57998,15985664,8454144,1706360,105162,1750864,7370
58008,15985664,11585536,996904,149505,1670267,1898
58018,15985664,13498368,538240,175409,1181850,487
58029,15985664,14492672,338256,189236,618229,131
58039,15985664,14970880,229912,198908,329780,31
58049,6643712,14999552,-1893120,166253,99438,-234904
58059,6643712,14833664,-1855536,-4531,-82331,-60577
58069,1790976,13390848,-2628096,-8100,-689487,-71872
58079,1790976,10876928,-2058536,-36066,-1317446,-19772
58089,1790976,8012800,-1409632,-87272,-1508556,-5102
58099,231424,5509120,-1195728,-114372,-1407751,-20688
58109,27648,3519488,-791120,-141964,-1153990,-10141
58119,9216,2540544,-573504,-163692,-655097,-2913
58129,9216,2010112,-453328,-180485,-378456,-804
58139,0,1740800,-394400,-195336,-178580,-288
58149,0,1414144,-320392,-207540,-186876,-82
58159,0,1231872,-279096,-217456,-51372,-24
58169,0,453632,-102776,-224056,-418732,-9
58179,0,420864,-95352,-227438,-85016,-7
58189,-4096,-73728,15776,-227175,-193612,-53
58199,-4096,-23552,4408,-224702,-15686,-17
58209,-7168,-219136,48024,-218557,-55343,-57
58219,-7168,-371712,82592,-210098,-60747,-17
58229,-7168,-156672,33872,-200837,93609,-7
58239,-7168,-553984,123888,-189739,-166486,-7
58249,-4096,-225280,50112,-178505,105291,31
58259,0,-663552,150336,-163992,-179681,37
58269,0,-460800,104400,-149291,2489,7
58279,0,-451584,102312,-134317,4509,0
58289,0,-397312,90016,-121780,-24648,0
58299,0,-410624,93032,-110140,-33977,0
58309,0,-184320,41760,-101677,72955,0
58319,0,-440320,99760,-93469,-124007,0
58329,0,-81920,18560,-85146,131476,0
58339,0,-369664,83752,-77178,-97512,0
58349,0,-236544,53592,-69129,13654,0
58359,0,-74752,16936,-63068,93541,0
58369,0,-269312,61016,-57988,-79669,0
58379,0,43008,-9744,-54605,116168,0
58389,0,-57344,12992,-53182,-24981,0
58399,0,-122880,27840,-51741,-93622,0
58409,0,250880,-56840,-51581,145348,0
58419,0,-123904,28072,-50850,-130364,0
58429,0,252928,-57304,-50586,145245,0
58439,0,-81920,18560,-50538,-116032,0
58449,0,-17408,3944,-49683,-40781,0
58459,0,115712,-26216,-49582,39679,0
58469,0,-135168,14152,-48479,-65991,0
58479,0,184320,-41760,-47839,120299,0
58489,0,-147456,33408,-46522,-113760,0
58499,0,-25600,5800,-44776,69524,0
58509,0,44032,-9976,-43785,32863,0
58519,0,-126976,28768,-42173,-85027,0
58529,0,104448,-23664,-41324,79461,0
58539,58368,15360,9744,-39987,-7666,819
58549,1032192,-167936,271904,-34253,-63053,24696
58559,2148352,156672,451240,2782,106358,28471
58569,2148352,331776,411568,14892,132944,7338
58579,15985664,943104,3408080,16893,367084,136345
58589,15985664,2796544,2988160,25707,931405,37500
58599,15985664,5819392,2303296,89017,1502772,9667
58609,15838208,9196544,1504752,148510,1803211,-1299
58619,15838208,12143616,837056,189109,1605355,-338
58629,15838208,14044160,406464,209632,1201953,-97
58639,14834688,14946304,-25288,218819,666376,-25262
58649,11680768,15157248,-787640,172849,220381,-63951
58659,6998016,14721024,-1749744,-479,-124362,-79349
58669,5327872,13528064,-1857856,-7128,-557678,-35419
58679,2124800,11355136,-2091248,-28401,-1107404,-68075
58689,1628160,9076736,-1687568,-48124,-1192775,-24107
58699,1628160,6792192,-1169976,-85090,-1198535,-6633
58709,301056,4809728,-1021496,-112108,-1026347,-25880
58719,301056,3344384,-689504,-135017,-818897,-6676
58729,0,2547712,-577216,-153834,-502726,-5625
58739,-10240,1534976,-350088,-169371,-538056,-1628
58749,-10240,1011712,-231536,-180221,-387659,-423
58759,-10240,346112,-80736,-185757,-411377,-120
58769,-10240,146432,-35496,-187818,-188230,-34
58779,-10240,-433152,95816,-182425,-209492,-12
58789,-111616,-294912,41528,-172240,-6793,-2397
58799,-142336,-690176,124120,-159018,-165935,-1145
58809,-253952,-672768,94888,-145719,-50994,-1698
58819,-413696,-679936,60320,-133610,17556,-2761
58829,-413696,-762880,79112,-120980,18852,-762
58839,-948224,-1059840,25288,-115092,-128378,-6808
58849,-948224,-968704,4640,-112727,16764,-1758
58859,-2639872,-1081344,-353104,-112379,6333,-29367
58869,-2639872,-1712128,-210192,-119966,-289218,-7576
58879,-7600128,-1915904,-1287832,-120871,-160381,-54224
58889,-7600128,-3418112,-947488,-141545,-695327,-13986
58899,-7600128,-4763648,-642640,-166974,-844050,-3610
58909,-8942592,-6319104,-594384,-181720,-861491,-32644
58919,-8852480,-7450624,-317608,-193786,-735098,-6978
58929,-8852480,-7886848,-218776,-201895,-282735,-1802
58939,-7600128,-8886272,291392,-197921,-537494,27179
58949,-7600128,-8823808,277240,-158390,-121620,7006
58959,-4945920,-8852480,885080,-55289,-15204,32689
58969,-3428352,-8170496,1074392,16186,325775,20369
58979,-1408000,-6981632,1262776,34301,639571,35564
58989,-985088,-5688320,1065576,57979,750806,14681
58999,-595968,-4185088,813160,85334,814157,11846
59009,-575488,-3069952,565152,106083,675544,3584
59019,-575488,-2219008,372360,121574,465031,921
59029,-595968,-1593344,225968,131247,355781,-538
59039,-595968,-1280000,154976,138105,222446,-141
59049,-871424,-1359872,110664,143397,-24522,-7920
59059,-1013760,-1141760,29000,145180,47975,-5327
59069,-1482752,-1035264,-101384,138251,57327,-8414
59079,-1482752,-1014784,-111824,124457,66254,-2173
59089,-1993728,-1036288,-216920,107978,49134,-11188
59099,-1993728,-1297408,-157760,81869,-92107,-2887
59109,-2080768,-1635328,-100920,60152,-232969,-1743
59119,-2080768,-1648640,-97904,43060,-97007,-452
59129,-2103296,-1785856,-71920,31808,-57936,-436
59139,-2080768,-1912832,-38048,25952,-35239,521
59149,-2036736,-2189312,34568,24889,-136640,987
59159,-2036736,-2248704,48024,25952,-64740,252
59169,-2036736,-2263040,51272,27529,-34769,67
59179,-2036736,-2259968,50576,29596,11577,15
59189,-2036736,-2158592,27608,31577,97339,1
59199,-2149376,-2360320,47792,33006,-47758,-1150
59209,-2727936,-2238464,-110896,29928,48113,-12307
59219,-3075072,-2383872,-156600,9481,-61390,-8060
59229,-4540416,-2597888,-440104,-8780,-122630,-21771
59239,-4540416,-2925568,-365864,-20017,-178304,-5991
59249,-6306816,-3343360,-671408,-29732,-144122,-24843
59259,-7917568,-4506624,-772792,-40021,-565791,-21793
59269,-17213440,-5126144,-2738528,-53503,-378743,-186565
59279,-17213440,-6907904,-2334848,-55359,-818576,-48112
59289,-17213440,-9349120,-1781760,-94493,-1255919,-13236
59299,-17213440,-12233728,-1128216,-140256,-1489692,-3416
59309,-17213440,-14569472,-599024,-168441,-1371606,-942
59319,-17213440,-16072704,-258448,-183129,-938497,-245
59329,-17213440,-16803840,-92800,-189136,-532606,-67
59339,-17213440,-16948224,-60088,-192016,-223744,-21
59349,-16744448,-16826368,18560,-193604,7102,11785
59360,-16744448,-16937984,43848,-188088,-38980,3239
59370,-8502272,-17202176,1971072,-10276,-138281,109529
59380,-4638720,-16403456,2665448,3124,319028,87739
59390,-4638720,-14566400,2249240,24062,986506,24131
59400,-1325056,-11657216,2340880,43786,1654810,47189
59410,-136192,-8855552,1975480,79473,1795764,40193
59420,-136192,-6585344,1461136,115924,1636898,11053
59430,184320,-4688896,1104088,154043,1335449,6810
59440,269312,-3449856,842624,184419,1003947,2631
59450,345088,-2518016,648672,210483,798655,1969
59460,345088,-2034688,539168,231433,468978,506
59470,615424,-1518592,483488,247443,334071,2557
59480,615424,-769024,313664,260724,411754,656
59490,615424,-101376,162400,269307,447704,167
59500,16436224,550912,3599016,269556,509564,141698
59510,16589824,2393088,3216448,277666,1054539,38995
59520,16589824,5501952,2512096,340949,1820630,10053
59530,16589824,9138176,1688264,408640,2302896,2763
59540,16589824,12428288,942848,453667,2223790,710
59550,14017536,14297088,-63336,460153,1621511,-29622
59560,14017536,14946304,-210424,436692,792929,-7641
59570,6372352,14460928,-1832568,293543,28445,-124337
59580,5737472,13508608,-1760648,39422,-446673,-41562
59590,3502080,11721728,-1862264,-27391,-897980,-60125
59600,3617792,9692160,-1376224,-54283,-1185362,-13771
59610,3617792,7860224,-961176,-87972,-1206028,-3791
59620,4209664,6534144,-526640,-108020,-937178,3678
59630,5327872,5798912,-106720,-117347,-630771,17724
59640,5384192,5836800,-102544,-120279,-206440,5484
59650,4588544,5986304,-316680,-124999,25427,-15074
59660,4347904,6036480,-382568,-134830,38657,-7760
59670,4347904,5875712,-346144,-146805,-41160,-2004
59680,2499584,5374976,-651456,-155430,-225832,-38816
59690,2499584,4743168,-508312,-168695,-391916,-10679
59700,1577984,3885056,-522696,-183471,-594546,-12145
59710,965632,3529728,-580928,-198256,-377171,-16031
59720,739328,2861056,-480704,-213199,-317652,-7533
59730,531456,2328576,-407160,-226577,-306051,-8022
59740,500736,1656832,-261928,-238284,-405869,-2708
59750,500736,1283072,-177248,-246828,-312041,-701
59760,471040,1072128,-136184,-251946,-154575,-591
59770,471040,657408,-42224,-254929,-203549,-155
59780,428032,637952,-47560,-256639,-56261,-648
59790,405504,288768,26448,-256453,-169412,-411
59800,358400,311296,10672,-254071,-37431,-1024
59810,358400,241664,26448,-250804,-33277,-267
59820,394240,2093056,-384888,-247891,1182619,885
59830,394240,4804608,-999224,-282521,839149,226
59840,394240,4231168,-869304,-306897,533661,59
59850,466944,4798464,-981360,-345438,40138,901
59860,466944,2481152,-456344,-367309,-794445,244
59870,475136,695296,-49880,-375635,-908560,174
59880,475136,-206848,154512,-369168,-654547,42
59890,475136,-58368,120872,-351194,-119635,9
59900,475136,8192,105792,-332000,51566,0
59910,435200,-210944,146392,-311561,-57408,-1005
59920,435200,-410624,191632,-286517,-75653,-279
59930,435200,-776192,274456,-252122,-173129,-76
59940,615424,-872448,337096,-210332,-134644,1698
59950,615424,-739328,306936,-164571,13230,435
59960,726016,-688128,320392,-120479,29145,1575
59970,615424,-628736,281880,-76270,18726,-2282
59980,569344,-446464,230144,-39319,76730,-1431
59990,569344,-404480,220632,-8111,36041,-397
60000,569344,-333824,204624,4950,27481,-128
60010,569344,-333824,204624,4950,27481,-128
60020,569344,-333824,204624,4950,27481,-128
60030,569344,-333824,204624,4950,27481,-128
60040,569344,-333824,204624,4950,27481,-128
60050,569344,-333824,204624,4950,27481,-128
60060,569344,-333824,204624,4950,27481,-128
60070,569344,-333824,204624,4950,27481,-128
60080,569344,-333824,204624,4950,27481,-128
60090,569344,-333824,204624,4950,27481,-128
60100,569344,-333824,204624,4950,27481,-128
60110,569344,-333824,204624,4950,27481,-128
60120,569344,-333824,204624,4950,27481,-128
60130,569344,-333824,204624,4950,27481,-128
60140,569344,-333824,204624,4950,27481,-128
60150,569344,-333824,204624,4950,27481,-128
60160,569344,-333824,204624,4950,27481,-128
60170,569344,-333824,204624,4950,27481,-128
60180,569344,-333824,204624,4950,27481,-128
60190,569344,-333824,204624,4950,27481,-128
60200,569344,-333824,204624,4950,27481,-128
60210,569344,-333824,204624,4950,27481,-128
60220,569344,-333824,204624,4950,27481,-128
60230,569344,-333824,204624,4950,27481,-128
60240,569344,-333824,204624,4950,27481,-128
60250,569344,-333824,204624,4950,27481,-128
60260,569344,-333824,204624,4950,27481,-128
60270,569344,-333824,204624,4950,27481,-128
60280,569344,-333824,204624,4950,27481,-128
60290,569344,-333824,204624,4950,27481,-128
60300,569344,-333824,204624,4950,27481,-128
60310,569344,-333824,204624,4950,27481,-128
60320,569344,-333824,204624,4950,27481,-128
60330,569344,-333824,204624,4950,27481,-128
60340,569344,-333824,204624,4950,27481,-128
60350,569344,-333824,204624,4950,27481,-128
60360,569344,-333824,204624,4950,27481,-128
60370,569344,-333824,204624,4950,27481,-128
60380,569344,-333824,204624,4950,27481,-128
60390,569344,-333824,204624,4950,27481,-128
60400,569344,-333824,204624,4950,27481,-128
60410,569344,-333824,204624,4950,27481,-128
60420,569344,-333824,204624,4950,27481,-128
60430,569344,-333824,204624,4950,27481,-128
60440,569344,-333824,204624,4950,27481,-128
60450,569344,-333824,204624,4950,27481,-128
60460,569344,-333824,204624,4950,27481,-128
60470,569344,-333824,204624,4950,27481,-128
60480,569344,-333824,204624,4950,27481,-128
60490,569344,-333824,204624,4950,27481,-128
60500,569344,-333824,204624,4950,27481,-128
60510,569344,-333824,204624,4950,27481,-128
60520,569344,-333824,204624,4950,27481,-128
60530,569344,-333824,204624,4950,27481,-128
60540,569344,-333824,204624,4950,27481,-128
60550,569344,-333824,204624,4950,27481,-128
60560,569344,-333824,204624,4950,27481,-128
60570,569344,-333824,204624,4950,27481,-128
60580,569344,-333824,204624,4950,27481,-128
60590,569344,-333824,204624,4950,27481,-128
60600,569344,-333824,204624,4950,27481,-128
60610,569344,-333824,204624,4950,27481,-128
60620,569344,-333824,204624,4950,27481,-128
60630,569344,-333824,204624,4950,27481,-128
60641,569344,-333824,204624,4950,27481,-128
60651,569344,-333824,204624,4950,27481,-128
60661,569344,-333824,204624,4950,27481,-128
60671,569344,-333824,204624,4950,27481,-128
60681,569344,-333824,204624,4950,27481,-128
60691,569344,-333824,204624,4950,27481,-128
60701,569344,-333824,204624,4950,27481,-128
60711,569344,-333824,204624,4950,27481,-128
60721,569344,-333824,204624,4950,27481,-128
60731,569344,-333824,204624,4950,27481,-128
60741,569344,-333824,204624,4950,27481,-128
60751,569344,-333824,204624,4950,27481,-128
60761,569344,-333824,204624,4950,27481,-128
60771,569344,-333824,204624,4950,27481,-128
60781,569344,-333824,204624,4950,27481,-128
60791,569344,-333824,204624,4950,27481,-128
60801,569344,-333824,204624,4950,27481,-128
60811,569344,-333824,204624,4950,27481,-128
60821,569344,-333824,204624,4950,27481,-128
60831,569344,-333824,204624,4950,27481,-128
60841,569344,-333824,204624,4950,27481,-128
60851,569344,-333824,204624,4950,27481,-128
60861,569344,-333824,204624,4950,27481,-128
60871,569344,-333824,204624,4950,27481,-128
60881,569344,-333824,204624,4950,27481,-128
60891,569344,-333824,204624,4950,27481,-128
60901,569344,-333824,204624,4950,27481,-128
60911,569344,-333824,204624,4950,27481,-128
60921,569344,-333824,204624,4950,27481,-128
60931,569344,-333824,204624,4950,27481,-128
60941,569344,-333824,204624,4950,27481,-128
60951,569344,-333824,204624,4950,27481,-128
60961,569344,-333824,204624,4950,27481,-128
60971,569344,-333824,204624,4950,27481,-128
60981,569344,-333824,204624,4950,27481,-128
60991,569344,-333824,204624,4950,27481,-128
61001,569344,-333824,204624,4950,27481,-128
61011,569344,-333824,204624,4950,27481,-128
61021,569344,-333824,204624,4950,27481,-128
61031,569344,-333824,204624,4950,27481,-128
61041,569344,-333824,204624,4950,27481,-128
61051,569344,-333824,204624,4950,27481,-128
61061,569344,-333824,204624,4950,27481,-128
61071,569344,-333824,204624,4950,27481,-128
61081,569344,-333824,204624,4950,27481,-128
61091,569344,-333824,204624,4950,27481,-128
61101,569344,-333824,204624,4950,27481,-128
61111,569344,-333824,204624,4950,27481,-128
61121,569344,-333824,204624,4950,27481,-128
61131,569344,-333824,204624,4950,27481,-128
61141,569344,-333824,204624,4950,27481,-128
61151,569344,-333824,204624,4950,27481,-128
61161,569344,-333824,204624,4950,27481,-128
61171,569344,-333824,204624,4950,27481,-128
61181,569344,-333824,204624,4950,27481,-128
61191,569344,-333824,204624,4950,27481,-128
61201,569344,-333824,204624,4950,27481,-128
61211,569344,-333824,204624,4950,27481,-128
61221,569344,-333824,204624,4950,27481,-128
61231,569344,-333824,204624,4950,27481,-12