R
Px,Ix,Dx,Py,Iy,Dy,Pz,Iz,FFrx,FFry,FFdrx,FFdry,satI,satPID,KFQAng,KFQbias,KFRmeas,CPx,CIx,CPy,CIy,CsatI,CsatPID,CFFdrx,CFFdry,CFalpha,iRelaxX,IRelaxY,DmaxR,DmaxE,DMx,DMy
58,80,47,58,80,47,250,0,0,0,50,0,500000,3000000,10,1,1000,0,0,0,0,0,0,0,0,0.995,1024,1024,0,0,0,0
sysTickMs,PIDRefXi,PIDSensXi,PIDPoutXi,PIDIoutXi,PIDDoutXi,PIDFFoutXi
7783,0,0,0,0,0,0
7793,0,0,0,0,0,0
7803,0,0,0,0,0,0
7813,0,0,0,0,0,0
7823,0,0,0,0,0,0
7833,0,0,0,0,0,0
7843,0,0,0,0,0,0
7853,0,0,0,0,0,0
7863,0,0,0,0,0,0
7873,0,0,0,0,0,0
7883,0,0,0,0,0,0
7893,0,0,0,0,0,0
7903,0,0,0,0,0,0
7913,0,0,0,0,0,0
7923,0,0,0,0,0,0
7933,0,0,0,0,0,0
7943,0,0,0,0,0,0
7953,0,0,0,0,0,0
7963,0,0,0,0,0,0
7973,0,0,0,0,0,0
7983,0,0,0,0,0,0
7993,0,0,0,0,0,0
8003,0,0,0,0,0,0
8013,0,0,0,0,0,0
8023,0,0,0,0,0,0
8033,0,0,0,0,0,0
8043,0,0,0,0,0,0
8053,0,0,0,0,0,0
8063,0,0,0,0,0,0
8073,0,0,0,0,0,0
8084,0,0,0,0,0,0
8094,0,0,0,0,0,0
8104,0,0,0,0,0,0
8114,0,0,0,0,0,0
8124,0,0,0,0,0,0
8134,0,0,0,0,0,0
8144,0,0,0,0,0,0
8154,0,0,0,0,0,0
8164,0,0,0,0,0,0
8174,0,0,0,0,0,0
8184,0,0,0,0,0,0
8194,0,0,0,0,0,0
8204,0,0,0,0,0,0
8214,0,0,0,0,0,0
8224,0,0,0,0,0,0
8234,0,0,0,0,0,0
8244,0,0,0,0,0,0
8254,0,0,0,0,0,0
8264,0,0,0,0,0,0
8274,0,0,0,0,0,0
8284,0,9216,-2088,-65,2788,0
8294,0,9216,-2088,-126,1514,0
8304,0,9216,-2088,-179,1950,0
8314,0,7168,-1624,-233,-1148,0
8324,0,1024,-232,-280,-3948,0
8334,0,6144,-1392,-353,-1458,0
8344,0,7168,-1624,-394,1078,0
8354,0,9216,-2088,-448,1675,0
8364,0,3072,-1856,-508,757,0
8374,0,10240,-2320,-562,2363,0
8384,0,10240,-2320,-627,1927,0
8394,0,6144,-1392,-671,-230,0
8404,0,-1024,232,-728,-6128,0
8414,0,2048,-464,-725,6368,0
8424,0,6144,-1392,-822,-1940,0
8434,0,13312,-3016,-841,5358,0
8444,0,-5120,1160,-872,-7838,0
8454,0,12288,-2784,-857,5943,0
8464,0,21504,-4872,-915,9902,0
8474,0,15360,-3480,-862,9512,0
8484,0,4096,-928,-943,-4476,0
8494,0,-2048,464,-792,-1584,0
8504,0,13312,-3016,-928,-528,0
8514,0,23552,-5336,-683,17647,0
8524,0,9216,-2088,-740,1606,0
8534,0,5120,-1160,-427,6988,0
8544,0,-2048,464,-483,-6748,0
8554,0,15360,-3480,-195,10487,0
8564,0,16384,-3712,-23,14653,0
8574,0,-14336,3248,23,-9329,0
8584,0,-18432,4176,24,-9960,0
8594,0,15360,-3480,44,16167,0
8604,0,28672,-6496,-42,24888,0
8614,0,2048,-464,-31,-609,0
8624,0,6144,-1392,-172,-4143,0
8634,0,7168,-1624,-262,-3282,0
8644,0,32768,-7424,-372,13849,0
8654,0,19456,-4872,-410,8066,0
8664,0,28672,-6496,-370,14859,0
8674,0,-4096,928,-152,-5979,0
8684,0,-30720,6960,39,-18635,0
8694,0,-23552,5336,67,-11636,0
8704,0,35840,-8120,3,30499,0
8714,0,20480,-4640,-37,14779,0
8724,0,18432,-4176,-103,6276,0
8734,0,-29696,6728,-114,-32600,0
8744,0,66560,-15080,-46,39564,0
8754,0,22528,-1160,-142,-13059,0
8764,0,15360,-3480,-78,3029,0
8774,0,-6144,1392,86,-207,0
8784,0,-98304,22272,540,-38280,0
8794,0,-104448,23664,1183,-24189,0
8804,0,-63488,14384,1842,11084,0
8814,0,-67584,15312,2380,-896,0
8824,0,-55296,12528,2878,3350,0
8834,0,13312,-3016,3484,50488,0
8844,0,-63488,14384,4294,25427,0
8854,0,-79872,18096,5236,24647,0
8864,0,-93184,21112,6296,28640,0
8874,0,-62464,14152,7454,57992,0
8884,0,-122880,27840,8622,20573,0
8894,0,-122880,27840,9835,20562,0
8904,0,-54272,12296,10852,57441,0
8914,0,-19456,4408,11651,65864,0
8924,0,-48128,10904,12333,34056,0
8934,0,-54272,12296,13054,28066,0
8944,0,45056,-10208,13272,72301,0
8954,0,108544,-24592,12328,77029,0
8964,0,73728,-16704,11048,34836,0
8974,0,51200,-11600,10190,21939,0
8984,0,-21504,4872,10390,-2215,0
8994,0,-43008,9744,10858,2730,0
9004,0,-63488,14384,11317,-8687,0
9014,0,-53248,12064,11761,-15308,0
9024,0,-7168,1624,11570,7240,0
9034,0,72704,-16472,10029,27699,0
9044,0,159744,-36192,7366,60471,0
9054,0,173056,-39208,3519,44796,0
9064,0,200704,-45472,-374,51486,0
9074,9216,135168,-28536,-1404,1629,244
9084,49152,57344,-1856,-1901,-23581,1963
9094,73728,-35840,24824,-192,-44189,1441
9104,73728,-99328,39208,1007,-46496,367
9114,132096,-100352,52664,2505,-26186,1224
9124,184320,-108544,66352,4336,-39886,1325
9134,246784,-58368,69136,6084,-32015,1899
9144,288768,-4096,66352,7709,-36421,1279
9154,288768,189440,22504,8682,40505,325
9164,288768,287744,232,8056,29386,86
9174,423936,364544,13456,5431,16879,6463
9184,458752,453632,1160,5551,45554,2864
9194,458752,450560,1856,5789,24544,783
9204,536576,369664,37816,5868,-43765,3907
9214,555008,369664,41992,6815,-41607,1705
9224,555008,386048,38280,7981,-24797,434
9234,549888,416768,30160,8996,-24269,-123
9244,549888,463872,19488,9678,7665,-39
9254,549888,500736,11136,10137,12438,-15
9264,545792,532480,3016,10307,-22823,-78
9274,545792,497664,10904,9768,-29513,-26
9284,545792,474112,16240,9106,-55079,-12
9294,549888,540672,2088,8428,-13609,61
9304,549888,559104,-2088,7552,-10488,11
9314,549888,497664,11832,6576,-55400,0
9324,555008,431104,28072,5679,-94689,83
9334,600064,510976,20184,5023,-28067,1476
9344,610304,573440,8352,5273,22008,643
9354,665600,546816,26912,6073,5347,1719
9364,665600,560128,49184,7193,-64648,440
9374,665600,446464,49648,8306,-63444,117
9384,855040,468992,87464,10705,-40816,3041
9394,855040,582656,61712,13082,31165,832
9404,855040,672768,41296,15217,65588,209
9414,855040,705536,33872,16696,37843,49
9424,1284096,806912,108112,18541,58887,13031
9435,1284096,884736,90480,22077,69318,3356
9445,1310720,1058816,57072,25255,136501,1258
9455,1310720,1183744,28768,27472,154505,341
9465,1324032,1193984,29464,29023,80712,357
9475,1378304,1156096,50344,30192,1709,2368
9485,1392640,1250304,32248,31543,40815,1041
9495,1378304,1290240,19952,32608,39874,-32
9505,1378304,1273856,23664,33363,3706,-13
9515,1378304,1241088,31088,33743,-40781,-12
9525,1378304,1283072,21576,33850,-25141,-12
9535,1232896,1369088,-30856,31241,28778,-2802
9545,1232896,1339392,-24128,27739,1090,-727
9555,1220608,1230848,-2320,24497,-77271,-458
9565,1232896,1222656,2320,21798,-66599,360
9575,1245184,1355776,-25056,19859,48285,416
9585,1245184,1290240,-10208,18542,3958,110
9595,1245184,1200128,10208,17426,-59852,24
9605,1245184,1226752,4176,15588,35009,2
9615,1245184,1332224,-19720,13410,27057,0
9625,1105920,1242112,-30856,8935,-30007,-2701
9635,1105920,1222656,-26448,5042,-19301,-747
9645,665600,1113088,-101384,-2185,-63639,-8703
9655,569344,1137664,-128760,-6196,11956,-3512
9665,369664,1074176,-159616,-9952,36030,-6296
9675,334848,714752,-86072,-13662,-131855,-2301
9685,172032,394240,-50344,-16100,-229906,-6221
9695,172032,454656,-64032,-18444,-61780,-1716
9705,172032,332800,-36424,-19894,-53472,-447
9715,-4096,239616,-55216,-20863,-53105,-6614
9725,-4096,216064,-49880,-22409,-10167,-1709
9735,0,98304,-22272,-23455,-50822,-371
9745,-7168,-13312,1392,-23904,-87621,-346
9755,-13312,68608,-18560,-23887,13540,-252
9765,-111616,-153600,9512,-22538,-105452,-4757
9775,-154624,19456,-39440,-23054,48480,-2797
9785,-154624,-119808,-7888,-23703,-38980,-726
9795,-197632,-237568,9048,-24134,-90478,-921
9805,-197632,-182272,-3480,-24046,-13265,-258
9815,-191488,-274432,18792,-22775,-46140,73
9825,-191488,-295936,23664,-19752,-26702,16
9835,-191488,-355328,37120,-15481,-39301,0
9845,-191488,-371712,37584,-10387,-16249,0
9855,-191488,-278528,19720,-5563,49421,0
9865,-191488,-235520,9976,-1668,61607,0
9875,-191488,-215040,5336,122,41159,0
9885,-188416,-257024,15544,138,-24418,137
9895,-188416,-282624,21344,105,-64625,34
9905,-182272,-309248,28768,109,-85831,148
9915,-182272,-256000,16704,154,-43547,34
9925,-203776,-276480,16472,150,-47643,-691
9935,-203776,-226304,5104,189,-643,-184
9945,-257024,-185344,-23664,-71,51807,-2283
9955,-270336,-124928,-32944,-178,71142,-1063
9965,-312320,-214016,-22272,-378,9202,-1202
9975,-322560,-279552,-9744,-554,-26679,-499
9985,-322560,-385024,14152,-189,-82101,-134
9995,-322560,-402432,18096,65,-69135,-39
10005,-332800,-394240,13920,145,-40678,-445
10015,-343040,-381952,8816,241,-10178,-430
10025,-343040,-378880,8120,207,2845,-123
10035,-459776,-275456,-41760,-213,79530,-2800
10045,-459776,-297984,-48256,-557,103041,-727
10055,-541696,-334848,-46864,-1255,51280,-2005
10065,-561152,-400384,-36424,-2197,25714,-812
10075,-561152,-406528,-35032,-2623,31543,-214
10085,-590848,-471040,-27144,-2700,36971,-676
10095,-616448,-510976,-23896,-2260,32174,-1185
10105,-616448,-503808,-25520,-1611,27378,-310
10115,-671744,-577536,-21344,-1363,31348,-1229
10125,-696320,-608256,-19952,-1434,29329,-665
10135,-696320,-586752,-24824,-810,70408,-187
10145,-985088,-637952,-78648,-1629,51589,-6004
10155,-1198080,-674816,-118552,-3653,57315,-9398
10165,-1271808,-762880,-115304,-6834,31887,-4688
10175,-1271808,-915456,-80736,-9666,-10339,-1214
10185,-1546240,-1097728,-101616,-12781,-52657,-5979
10195,-1546240,-1218560,-74240,-15445,-30936,-1546
10205,-1829888,-1391616,-99296,-18367,-50099,-5884
10215,-1889280,-1520640,-83520,-21269,-46496,-2454
10225,-2103296,-1658880,-100688,-24059,-49617,-6347
10235,-2125824,-1805312,-72616,-26632,-54907,-2186
10245,-2220032,-2013184,-46864,-28853,-92337,-1887
10255,-2220032,-2185216,-7888,-29903,-104374,-492
10265,-2220032,-2290688,16008,-29647,-88791,-140
10275,-2220032,-2357248,31088,-26949,-61493,-42
10285,-2292736,-2438144,32944,-23923,-76192,-1955
10295,-2342912,-2434048,20648,-22093,-45314,-1478
10305,-2394112,-2448384,12296,-20332,-32210,-2154
10315,-2394112,-2481152,19720,-18717,-32910,-596
10325,-2473984,-2503680,6728,-17548,-15904,-1604
10335,-2473984,-2524160,11368,-15323,5725,-418
10345,-2447360,-2584576,31088,-11193,-4499,547
10355,-2420736,-2601984,41064,-4420,12656,619
10365,-2268160,-2581504,70992,1326,46747,5785
10375,-2058240,-2595840,121800,5115,40367,6737
10385,-1579008,-2522112,213672,11396,76856,12479
10395,-1579008,-2387968,183280,18291,117568,3429
10405,-1366016,-2219008,193256,25217,133702,6205
10415,-1338368,-2071552,166112,31731,104338,2065
10425,-1310720,-1875968,128064,36647,109869,1519
10435,-1310720,-1647616,76328,40596,147701,387
10445,-1310720,-1553408,54984,43359,116949,102
10455,-1298432,-1480704,41296,45450,86759,421
10465,-1298432,-1437696,31552,47043,57499,104
10475,-1209344,-1405952,44544,48593,46678,2669
10485,-1209344,-1330176,27376,50306,77132,683
10495,-1043456,-1278976,53360,52397,93116,4073
10505,-985088,-1181696,44544,55066,126289,2037
10515,-740352,-1142784,91176,57885,103718,8443
10525,-740352,-1101824,81896,61198,77292,2318
10535,-456704,-931840,107648,65144,128010,7437
10545,-456704,-783360,74008,68895,133828,1912
10555,-322560,-686080,82360,72353,122124,3667
10565,-267264,-509952,54984,75255,136708,2327
10575,-235520,-348160,25520,77100,144603,1663
10585,-232448,-318464,19488,78092,56305,492
10595,-222208,-283648,13920,77733,-2628,588
10605,-225280,-198656,-6032,75975,413,54
10616,-225280,-115712,-24824,72843,23821,9
10626,-235520,-131072,-23664,69704,3350,-458
10636,-235520,-43008,-43616,65653,60092,-123
10646,-250880,15360,-60320,60253,113311,-352
10656,-253952,-9216,-55448,55152,60884,-151
10666,-253952,-146432,-24360,50730,-29777,-44
10676,-253952,-192512,-13920,47503,-44958,-17
10686,-253952,-202752,-11600,44958,-29972,-12
10696,-253952,-260096,1392,43101,-53334,-12
10706,-253952,-256000,464,41606,-35641,-12
10716,-253952,-211968,-9512,39867,355,67
10726,-253952,-187392,-15080,38191,-6369,12
10736,-250880,-290816,9048,36544,-67701,64
10746,-250880,-218112,-7424,34371,-16708,12
10756,-244736,-131072,-25752,32226,50178,173
10766,-244736,-39936,-46400,29675,113208,40
10776,-241664,-74752,-29928,27397,53104,48
10786,-241664,-146432,-21576,25589,26116,9
10796,-247808,-246784,-232,23614,-47253,-120
10806,-270336,-302080,7192,21533,-80392,-847
10816,-279552,-360448,18328,19618,-99921,-483
10826,-279552,-236544,-9744,18061,15398,-129
10836,-322560,-202752,-27144,16390,45795,-1730
10846,-322560,-226304,-21808,14260,29696,-451
10856,-328704,-218112,-25056,12311,38072,-241
10866,-325632,-230400,-21576,10877,40310,42
10876,-325632,-318464,-1624,9763,-15985,7
10886,-343040,-389120,10440,8699,-60759,-339
10896,-353280,-287744,-14848,6853,10854,-235
10906,-424960,-247808,-40136,3365,29799,-1858
10916,-452608,-316416,-30856,-531,-18899,-1050
10926,-452608,-437248,-3480,-1445,-80919,-275
10936,-467968,-504832,8352,-1956,-99095,-491
10946,-463872,-462848,-232,-2176,-36823,-57
10956,-463872,-475136,2552,-1754,-16880,-20
10966,-463872,-493568,6728,-789,-14000,-12
10976,-459776,-379904,-18096,23,74114,65
10986,-459776,-343040,-26448,-72,93265,12
10996,-444416,-346112,-22272,-110,88182,384
11006,-424960,-425984,232,-80,21985,1022
11016,-424960,-432128,14152,61,-28917,260
11026,-406528,-440320,7656,81,745,528
11036,-406528,-451584,10208,84,-13208,130
11046,-289792,-443392,34800,369,-14860,4062
11056,-257024,-483328,51272,1548,-53564,1811
11066,-257024,-447488,43152,2515,-72027,461
11076,-90112,-406528,71688,3581,-40517,5886
11086,-90112,-289792,45240,5101,6815,1512
11096,-56320,-174080,26680,6213,42146,923
11106,-56320,-93184,8352,6755,40631,251
11116,-25600,-33792,1856,6713,26208,782
11126,-22528,12288,-7888,5779,34389,325
11136,-19456,51200,-16008,3946,22260,185
11146,-19456,88064,-24360,1533,33196,42
11156,-7168,103424,-25056,-196,41595,557
11166,-7168,148480,-35264,-770,66931,139
11176,0,169984,-38512,-1322,73575,189
11186,0,229376,-51968,-1678,111716,48
11196,0,169984,-38512,-2279,56615,9
11206,0,222208,-50344,-2850,87413,0
11216,3072,172032,-38280,-3586,37797,128
11226,3072,94208,-20648,-4561,-29421,29
11236,98304,138240,-9048,-4777,-3718,2096
11246,272384,118784,34800,-3301,-13586,6754
11256,358400,140288,49416,810,745,4464
11266,358400,192512,37584,2373,20929,1147
11276,631808,294912,76328,3786,30809,11032
11286,929792,388096,122728,6741,61733,12073
11296,929792,506880,95816,10489,64957,3108
11306,1561600,638976,209032,15221,57246,18536
11316,1697792,790528,205552,20947,37694,8969
11326,1697792,1030144,151264,26306,53425,2308
11336,3246080,1349632,429664,34370,116042,31916
11346,5499904,1796096,839144,42089,213473,72356
11356,6175744,2477056,837984,56828,360153,31711
11366,8587264,3335168,1189928,73755,464974,103466
11376,8587264,4602880,902712,90369,661086,26676
11386,8587264,5669888,660968,113211,625756,7333
11396,11343872,7044096,974168,125893,707581,62110
11406,11343872,8168448,719432,146173,653042,16011
11416,11343872,9265152,470960,164603,605733,4124
11426,11455488,10191872,286288,177718,529759,2692
11436,11455488,10977280,108344,184383,439890,688
11446,11343872,11552768,-47328,184071,381209,-1849
11456,11343872,11836416,-111592,172964,213634,-515
11466,11343872,11951104,-137576,153221,73230,-138
11476,11343872,12010496,-151032,129984,-12714,-43
11486,11233280,12028928,-180264,100889,-48045,-1467
11496,8851456,11981824,-709224,36469,-83570,-59948
11506,7677952,11802624,-934496,-12006,-128115,-37748
11516,4840448,11165696,-1433064,-29499,-281725,-107724
11526,3389440,10055680,-1510320,-37990,-555142,-68342
11536,1610752,8611840,-1586184,-66824,-727009,-102443
11546,1324032,6985728,-1282728,-88023,-856580,-36323
11556,1324032,5505024,-947256,-118043,-810900,-9997
11566,435200,3800064,-762352,-142339,-955606,-18680
11576,221184,3140608,-661432,-163109,-503541,-11750
11586,132096,1704960,-356352,-179309,-696899,-5464
11596,33792,881664,-192096,-188836,-538274,-6102
11606,33792,359424,-73776,-192878,-333085,-1683
11616,-4096,-139264,30624,-191508,-243893,-1328
11626,0,-431104,97672,-179503,-139302,-296
11636,-7168,-590848,132240,-159479,-46484,-313
11647,-7168,-694272,155672,-134897,6701,-85
11657,-83968,-799744,162168,-108567,13092,-3691
11667,-126976,-838656,161240,-82404,31463,-2350
11677,-126976,-874496,169360,-56405,31956,-611
11687,-225280,-850944,141752,-34628,39231,-1841
11697,-510976,-793600,64032,-17604,40643,-9728
11707,-510976,-708608,44776,-10166,46047,-2679
11717,-1310720,-653312,-148944,-5102,38635,-36447
11727,-1467392,-599040,-196736,-9390,56810,-15101
11737,-1467392,-765952,-158920,-14880,-29766,-3898
11747,-2036736,-1140736,-203000,-21676,-176136,-10072
11757,-2036736,-1462272,-130152,-27488,-216217,-2776
11767,-2368512,-1784832,-132240,-32683,-233543,-8013
11777,-2583552,-2078720,-114376,-36984,-239602,-10373
11787,-2612224,-2194432,-94656,-40691,-109801,-3550
11797,-2612224,-2334720,-59160,-42806,-43696,-921
11807,-2848768,-2737152,-25288,-41694,-134839,-10833
11817,-2848768,-2989056,31784,-39870,-123410,-2798
11827,-2848768,-3109888,59160,-32404,-63467,-775
11837,-2848768,-3352576,114144,-19413,-123467,-205
11847,-2848768,-3333120,109736,-5785,-61481,-61
11857,-2848768,-3425280,130616,2182,-120954,-21
11867,-2292736,-3269632,221328,7507,5817,14643
11877,-2292736,-3130368,189776,13812,39782,4023
11887,-1664000,-3115008,328744,21614,-31039,14852
11897,-1664000,-2791424,255432,30134,80414,4082
11907,-948224,-2560000,365168,38618,83041,22772
11917,-747520,-2102272,306936,49035,224649,10003
11927,-515072,-1818624,295336,58576,212509,12488
11937,-463872,-1584128,253808,67843,149996,4673
11947,-402432,-1287168,200448,75413,132118,2467
11957,-456704,-1008640,125048,80692,153048,-135
11967,-456704,-724992,60784,84590,199692,-39
11977,-654336,-714752,13688,86198,67929,-3833
11987,-809984,-746496,-14384,86170,9409,-7174
11997,-809984,-735232,-16936,83969,9007,-1854
12007,-809984,-908288,22272,82898,-92222,-515
12017,-1271808,-1057792,-48488,72569,-146394,-8464
12027,-1271808,-932864,-76792,61682,-815,-2187
12037,-1271808,-1121280,-34104,53956,-86404,-606
12047,-1285120,-1202176,-18792,49650,-54000,-346
12057,-1467392,-1115136,-79808,45823,93196,-4956
12067,-1529856,-1325056,-46400,41282,8410,-2575
12077,-2292736,-1619968,-152424,33984,-116261,-28769
12087,-2292736,-1750016,-122960,13991,-106611,-7918
12097,-2912256,-2066432,-191632,-3775,-195516,-14013
12107,-3211264,-2471936,-167504,-10970,-279327,-7541
12117,-3211264,-2684928,-119248,-16220,-190032,-2079
12127,-3428352,-3030016,-90248,-20026,-173497,-4472
12137,-3428352,-3478528,11368,-21191,-240967,-1235
12147,-3428352,-3562496,30392,-17350,-75538,-322
12157,-3946496,-3719168,-51504,-9009,-59278,-24795
12167,-3946496,-3891200,-12528,-10025,-101677,-6824
12177,-3946496,-3850240,-21808,-10136,11795,-1764
12187,-6439936,-4090880,-532208,-12535,-59841,-48658
12197,-7145472,-4629504,-570024,-24776,-218649,-21806
12207,-8163328,-5603328,-580000,-39250,-496163,-31082
12217,-8331264,-6224896,-477224,-53693,-369494,-11595
12227,-8331264,-7345152,-223416,-65097,-543507,-2994
12237,-8247296,-8099840,-33408,-69715,-469805,1191
12247,-7071744,-8589312,343824,-44831,-356746,30426
12257,-6306816,-8550400,508312,1996,-75217,34256
12267,-6306816,-8401920,474672,15927,52588,9418
12277,-6306816,-7909376,363080,30464,230708,2423
12287,-6306816,-7530496,277240,42220,232544,620
12297,-6306816,-7269376,218080,50645,162514,166
12307,-6306816,-6979584,152424,57107,147632,38
12317,-463872,-6884352,1454640,60285,52989,201777
12327,-463872,-6273024,1316136,67210,321759,52028
12337,-257024,-5107712,1098984,97576,641843,16925
12347,-169984,-3755008,812232,126912,744885,7469
12357,-169984,-2369536,498336,149023,728396,1921
12367,-182272,-1457152,288840,161427,516357,-58
12377,-182272,-734208,125048,168076,384950,-21
12387,-176128,-281600,23896,170364,266853,125
12397,-160768,-54272,-24128,169199,156479,290
12407,-136192,117760,-57536,162890,116341,866
12417,-93184,289792,-86768,154784,142021,1242
12427,-93184,115712,-47328,145735,-39967,317
12437,-4096,253952,-58464,135864,22088,2781
12447,0,233472,-52896,126740,-29490,857
12457,0,513024,-116232,115074,133575,215
12467,3072,346112,-77720,103351,-19806,154
12477,3072,340992,-76560,92397,-1573,35
12487,138240,337920,-45240,83268,2249,4393
12497,178176,452608,-62176,78095,97625,2415
12507,178176,265216,-19720,72480,-64407,619
12517,394240,434176,-9048,71100,51555,3379
12527,394240,543744,-33872,68648,81630,926
12537,1350656,656384,157296,70756,119542,19943
12547,4998144,719872,969296,75156,81653,158345
12557,4998144,999424,905960,83005,113013,40828
12567,4998144,2040832,660272,104866,471881,10524
12577,8080384,3309568,1080888,113003,683439,53307
12587,8080384,4730880,758872,136598,767375,13742
12597,8246272,6103040,485576,155266,752022,7421
12607,8162304,7074816,246384,167269,532330,-1389
12617,7998464,7792640,46632,172091,447544,-5359
12627,7998464,7578624,95120,174199,-20115,-1386
12637,7070720,7819264,-169592,152123,46724,-14206
12647,7070720,7733248,-150104,132232,15789,-3913
12657,5617664,7310336,-383496,83892,-219579,-30956
12667,5384192,7505920,-480704,20422,41687,-12004
12677,4164608,6539264,-538008,-10113,-459249,-37803
12687,3657728,6402048,-621760,-25456,-183032,-19545
12697,2527232,5400576,-650992,-40489,-436552,-31608
12707,2527232,4555776,-459592,-57224,-471033,-8155
12717,1422336,3584000,-489752,-70369,-466547,-23452
12727,1270784,2875392,-363544,-83503,-493638,-8575
12737,594944,2409472,-411104,-94487,-280383,-20245
12747,545792,1684480,-257984,-104200,-362610,-6586
12757,401408,1211392,-183512,-112678,-332454,-3724
12767,401408,784384,-86768,-117734,-278891,-964
12777,205824,751616,-123656,-120933,-36364,-4048
12787,116736,28672,19952,-122843,-337503,-2295
12797,0,270336,-61248,-123086,12140,-3516
12807,0,-394240,89320,-118164,-266911,-972
12817,-10240,-275456,60088,-108868,-28010,-634
12827,-10240,-487424,108112,-94263,-62227,-168
12837,-10240,-586752,130616,-77588,-69640,-52
12848,-34816,-370688,76096,-62181,94424,-342
12858,-34816,-773120,167272,-46371,-168081,-93
12868,-34816,-224256,42920,-31078,211763,-30
12878,-356352,-546816,43152,-19777,-58234,-11116
12888,-356352,-385024,6496,-17834,31830,-3061
12898,-356352,-337920,-4176,-16151,44510,-795
12908,-580608,-616448,8120,-13401,-115940,-7470
12918,-601088,-590848,-2320,-13804,-55205,-2572
12928,-616448,-530432,-19488,-13944,9925,-927
12938,-616448,-823296,46864,-12914,-182584,-259
12948,-871424,-346112,-119016,-13774,163937,-6049
12958,-1095680,-799744,-67048,-15991,-136388,-10090
12968,-1095680,-734208,-81896,-18855,-18107,-2607
12978,-1198080,-841728,-80736,-20857,-19071,-3077
12988,-1209344,-1341440,29928,-20890,-212499,-1042
12998,-1209344,-1126400,-18792,-18310,63729,-274
13008,-1198080,-1239040,9280,-15640,-1079,202
13018,-1150976,-1381376,52200,-11595,-74930,2153
13028,-1095680,-1339392,55216,-5714,-41504,2341
13038,-1033216,-1173504,31784,732,115824,2102
13048,-975872,-1473536,112752,3455,-113886,1511
13058,-905216,-1052672,33408,5850,170593,2700
13068,-905216,-997376,20880,7475,107872,692
13078,-921600,-1206272,68904,8951,-96972,-557
13088,-975872,-1092608,26448,10103,3866,-1915
13098,-1074176,-1099776,5800,10178,-4051,-2660
13108,-1198080,-1128448,-15776,9654,195,-4146
13118,-1198080,-1320960,27840,8244,-121987,-1074
13128,-1498112,-1348608,-33872,2043,11669,-6877
13138,-1698816,-1101824,-135256,-1863,89834,-10868
13148,-1869824,-1485824,-87000,-5105,-135688,-7998
13158,-1869824,-1583104,-64960,-8104,-118155,-2067
13168,-2125824,-1792000,-75632,-10310,-153818,-11303
13178,-2125824,-1841152,-64496,-12943,-69537,-2919
13188,-2125824,-1760256,-82824,-14753,74894,-806
13198,-2292736,-2125824,-37816,-15253,-109870,-7208
13208,-2342912,-2367488,5568,-16110,-186601,-3291
13218,-2342912,-2341888,-232,-16601,-76903,-910
13228,-2473984,-2354176,-27144,-17233,-24533,-3632
13238,-2473984,-2489344,3480,-17518,-62985,-1005
13248,-2500608,-2397184,-23432,-17007,48686,-813
13258,-2473984,-2509824,8120,-14691,-106393,833
13268,-2473984,-2763776,65656,-10319,-141161,225
13278,-2473984,-2629632,35264,-4778,2489,53
13288,-2220032,-2578432,81200,2090,59885,5099
13298,-2220032,-2570240,79344,5549,59036,1309
13308,-1735680,-2481152,168896,10441,79794,10314
13318,-1735680,-2496512,172376,16006,3396,2832
13328,-734208,-2242560,341736,22432,101997,29221
13338,-734208,-2018304,290928,32101,116559,7530
13348,-440320,-1635328,270744,41617,199922,6179
13358,-440320,-1334272,202536,49663,152910,1589
13368,-528384,-967680,99528,54163,165739,-1382
13378,-590848,-750592,36192,55977,107746,-1235
13388,-740352,-649216,-20648,54959,57005,-4312
13398,-740352,-556032,-41760,50756,59633,-1191
13408,-887808,-718848,-38280,45833,-70133,-5743
13418,-930816,-681984,-56376,37787,-11705,-2562
13428,-948224,-733184,-48720,30272,-28343,-1045
13438,-975872,-610304,-82824,22287,89088,-637
13448,-994304,-707584,-64960,15183,30052,-672
13458,-994304,-1039360,10208,9284,-182389,-178
13468,-966656,-1026048,13456,5417,-132142,333
13478,-966656,-814080,-34568,2668,61102,80
13488,-948224,-894976,-12064,1328,26311,622
13498,-940032,-984064,9976,876,-20506,469
13508,-940032,-1131520,43384,678,-114735,117
13518,-921600,-1047552,28536,744,-40116,385
13528,-913408,-846848,-15080,690,110993,377
13538,-887808,-926720,8816,1181,51176,733
13548,-887808,-1057792,38512,2353,-28251,196
13558,-864256,-1036288,38976,3831,1893,354
13568,-871424,-976896,23896,4967,27688,-81
13578,-871424,-1036288,45008,5820,-65406,-26
13588,-871424,-1027072,35264,5689,-61045,-12
13598,-966656,-867328,-22504,3593,30270,-2243
13608,-966656,-794624,-38976,543,70534,-622
13618,-1004544,-846848,-35728,-603,35594,-1392
13628,-1004544,-936960,-15312,-946,-2066,-364
13638,-1004544,-974848,-6728,-728,-13942,-99
13648,-1004544,-976896,-6264,171,33999,-32
13658,-1004544,-1085440,18328,500,-31728,-12
13668,-994304,-1126400,29928,639,-63730,165
13678,-1004544,-1131520,28768,130,-82147,-273
13688,-1004544,-1124352,13920,163,-39358,-76
13698,-1004544,-1027072,5104,95,-14022,-26
13708,-1004544,-962560,-9512,-6,31348,-12
13718,-1004544,-997376,-1624,-100,-3386,-12
13728,-966656,-908288,-13224,-9,53666,1074
13738,-966656,-836608,-29464,-133,82548,272
13748,-921600,-923648,464,128,30166,994
13758,-897024,-943104,10440,502,7481,635
13768,-666624,-855040,42688,1512,70132,6716
13778,-666624,-902144,53360,3522,20837,1842
13788,-203776,-906240,159152,7512,-6828,10771
13798,-203776,-633856,97440,12121,137970,2773
13808,3072,-485376,110664,16331,138234,5020
13818,12288,-389120,90944,19964,71762,1427
13828,6144,-254976,59160,22166,63626,199
13838,6144,36864,-6960,23027,148183,51
13848,0,78848,-17864,22042,79691,-78
13858,0,61440,-13920,19802,10200,-26
13868,0,82944,-18792,16369,-3053,-12
13878,0,160768,-36424,11863,31624,-12
13888,0,215040,-48720,6407,48124,-12
13898,0,178176,-40368,835,10051,-12
13908,0,217088,-49184,-1118,44682,-12
13918,0,216064,-48952,-2308,47160,-12
13928,0,146432,-33176,-3377,-50661,-12
13938,0,50176,-11368,-4298,-56421,-12
13948,0,95232,-21576,-5279,-17040,-12
13958,0,92160,-20880,-6365,-31085,-12
13968,6144,104448,-22272,-7591,-32061,215
13978,12288,229376,-49184,-8949,49191,205
13988,12288,365568,-80040,-10351,138728,52
13998,314368,283648,6960,-6918,47860,3971
14008,808960,199680,138040,1108,-32841,14282
14018,808960,230400,131080,5069,-41975,3678
14028,2847744,475136,537544,8321,66013,71348
14039,2847744,804864,462840,18921,173714,19622
14049,6111232,1311744,1087384,31696,303790,160670
14059,7070720,2036736,1140512,35849,469196,79532
14069,8762368,3102720,1282264,47713,684437,62808
14079,9308160,4314112,1179720,71323,811013,39553
14089,9590784,5927936,829864,98098,1004326,10875
14099,9784320,7240704,576288,121391,942696,7639
14109,9784320,8005632,402984,137136,660547,2096
14119,7916544,8685568,-174232,138771,493316,-63962
14129,7916544,8949760,-234088,108295,289022,-16498
14139,5737472,8801280,-694144,24096,36156,-44008
14149,3316736,8064000,-1075552,-10901,-365627,-94947
14159,3316736,7444480,-935192,-28452,-375794,-24490
14169,1868800,6097920,-958160,-47409,-755592,-38493
14179,1868800,5209088,-756784,-71477,-615969,-9931
14189,1868800,4028416,-489288,-92228,-707295,-2566
14199,759808,3461120,-612016,-107589,-525733,-19539
14209,372736,3056640,-608072,-125585,-359133,-17575
14219,372736,2376704,-454024,-143040,-449484,-4538
14229,372736,1989632,-366328,-157199,-364136,-1253
14239,372736,1642496,-287680,-168727,-260245,-329
14249,372736,1163264,-179104,-176508,-358823,-90
14259,0,898048,-203464,-183912,-238661,-5962
14269,0,869376,-196968,-190650,-68940,-1542
14279,0,527360,-119480,-195685,-170651,-429
14289,0,210944,-47792,-199208,-243549,-115
14299,0,173056,-39208,-201488,-32336,-35
14309,12288,76800,-14616,-201968,-83719,255
14319,46080,-278528,73544,-198449,-232706,565
14329,156672,-244736,90944,-191595,-129147,3507
14339,240640,4096,53592,-179869,98853,2746
14349,240640,-34816,77720,-166568,30981,704
14359,625664,-227328,193256,-149378,-61045,11875
14369,625664,-193536,185600,-124967,-53289,3057
14379,2148352,-71680,502976,-97672,-10649,64651
14389,2148352,340992,409480,-31328,204879,16666
14399,3107840,776192,528264,9009,329516,24064
14409,3107840,1298432,409944,23694,406797,6614
14419,4347904,1953792,542416,35803,452971,36986
14429,4347904,2648064,385120,48785,508382,10169
14439,3657728,3194880,104864,58928,432087,-24500
14449,3502080,3679232,-40136,59352,395495,-10751
14459,3502080,3958784,-103472,52232,319338,-2962
14469,2419712,3739648,-299048,16747,-3672,-24434
14479,2419712,3461120,-235944,-5330,-179578,-6725
14489,1258496,3424256,-490680,-15308,-52405,-25667
14499,1161216,3065856,-413888,-28797,-159417,-7985
14509,560128,2412544,-419688,-40650,-293601,-19304
14519,439296,2043904,-363544,-53351,-239602,-7316
14529,275456,1794048,-344056,-64480,-135091,-5734
14539,249856,1334272,-245688,-74141,-189618,-2166
14549,249856,919552,-151728,-81116,-244501,-563
14559,141312,748544,-137576,-86334,-133370,-2067
14569,141312,669696,-119712,-90462,-28056,-538
14579,39936,570368,-120176,-93758,11876,-1979
14589,15360,205824,-43152,-96573,-157983,-892
14599,-4096,82944,-19720,-98625,-154414,-754
14609,-4096,71680,-17168,-99956,-84591,-213
14619,0,146432,-33176,-100214,42800,-4
14629,0,-19456,4408,-98698,-18039,-4
14639,0,-208896,47328,-95076,-98143,-4
14649,0,-331776,75168,-89130,-132119,-4
14659,0,-347136,78648,-82284,-104764,-4
14669,0,-221184,50112,-74313,16121,-4
14679,0,-111616,25288,-66799,94252,-4
14689,0,-136192,30856,-59993,64705,-4
14699,-13312,-153600,31784,-53631,34859,-427
14709,-13312,-153600,31784,-48284,21767,-115
14719,-203776,-191488,-2784,-45771,-11911,-4799
14729,-267264,-210944,-12760,-46412,-26209,-2320
14739,-666624,-256000,-93032,-47706,-42216,-14433
14749,-666624,-263168,-91408,-50753,-4017,-3726
14759,-2172928,-376832,-406928,-56970,-21825,-36051
14769,-2172928,-662528,-342200,-67422,-99577,-9921
14779,-4120576,-1228800,-655168,-76052,-270595,-48226
14789,-4396032,-1911808,-562832,-90914,-414314,-18257
14799,-4444160,-2545664,-430128,-107041,-365077,-6270
14809,-4444160,-3159040,-291160,-118003,-282758,-1729
14819,-4396032,-4035584,-81664,-124139,-410677,1844
14829,-4348928,-4469760,27376,-125373,-321186,1996
14839,-3862528,-4687872,186992,-111398,-222367,11948
14849,-2757632,-4700160,440104,-65129,-94735,31574
14859,-2757632,-4461568,386048,-6233,64177,8136
14869,-1453056,-4104192,600648,10910,155962,32820
14879,-677888,-3545088,649600,26390,248562,43111
14889,-480256,-2866176,540560,41211,305626,17111
14899,-480256,-2168832,382568,56406,390802,4703
14909,-114688,-1586176,333384,68754,342138,7026
14919,0,-1097728,248704,77979,290433,5641
14929,0,-724992,164256,85068,215814,1451
14939,0,-391168,88624,89598,196973,370
14949,0,-187392,42456,92228,170386,97
14959,0,-86016,19488,93665,107781,21
14969,3072,-57344,13688,94204,33907,129
14979,3072,-67584,16008,93703,-32565,32
14989,119808,16384,23432,93223,-16650,2410
14999,119808,117760,464,92960,16454,659
15009,398336,224256,39440,92499,44980,8618
15019,398336,335872,24824,93691,41572,2218
15029,1436672,441344,225504,99462,101240,16101
15039,1436672,625664,183744,106575,122835,4148
15049,7292928,984064,1429352,108323,201195,121811
15059,13754368,2003968,2662200,109990,497711,238442
15069,13754368,3949568,2190776,116924,1045497,61483
15079,16284672,6550528,2205392,132322,1358123,69047
15089,16743424,9405440,1662512,172651,1518676,35825
15099,16436224,11849728,1039128,211250,1408049,1109
15109,16436224,13847552,586496,239817,1153163,281
15119,8501248,14912512,-1452552,83448,693892,-140254
15129,8501248,14725120,-1410096,-19937,48767,-38582
15140,3617792,13308928,-2195648,-29751,-637105,-104294
15150,2446336,11452416,-2040440,-44067,-939714,-46174
15160,471040,8812544,-1889872,-72291,-1201002,-64603
15170,471040,6164480,-1289920,-108106,-1286648,-16663
15180,0,3920896,-888328,-138044,-1256677,-13665
15190,0,2203648,-499264,-160921,-1015331,-3528
15200,-74752,1230848,-295800,-174745,-642877,-2267
15210,-80896,526336,-137576,-181604,-445365,-855
15220,-90112,106496,-44544,-184609,-271111,-471
15230,-96256,-160768,14616,-184978,-196251,-252
15240,-212992,-330752,26680,-182584,-147403,-4368
15250,-250880,-472064,50112,-178649,-132509,-2079
15260,-467968,-625664,35728,-175408,-116720,-4770
15270,-632832,-850944,49416,-172615,-138671,-3396
15280,-1366016,-1050624,-71456,-169896,-138384,-20497
15290,-2015232,-1298432,-162400,-174135,-160186,-17048
15300,-4491264,-1637376,-646584,-177624,-202562,-89905
15310,-5798912,-2104320,-837056,-184250,-275907,-57436
15320,-5798912,-2961408,-642872,-202667,-425800,-14816
15330,-5798912,-4142080,-375376,-218853,-638631,-4079
15340,-5798912,-5097472,-158920,-228309,-558424,-1056
15350,-14422016,-5818368,-1949264,-229373,-402759,-146689
15360,-14422016,-7380992,-1595232,-244392,-789568,-40353
15370,-12380160,-9310208,-695536,-268729,-947895,40652
15380,-12380160,-11644928,-166576,-279978,-1283895,11178
15390,-8942592,-12690432,849120,-247389,-758013,121585
15400,-8942592,-13230080,971384,-111166,-337549,31349
15410,-3904512,-12600320,1970144,9384,210111,117214
15420,-3904512,-10968064,1600336,33662,774604,30223
15430,-1754112,-9015296,1645112,56646,1012840,62087
15440,-1754112,-6820864,1147936,89385,1119015,16005
15450,-1498112,-5073920,810144,118473,1028675,13238
15460,-1498112,-3878912,539400,140638,721270,3409
15470,-1351680,-3026944,370272,155746,522978,6568
15480,-1351680,-2545664,270512,166036,304777,1802
15490,-1351680,-2248704,203232,174290,187139,460
15500,-433152,-1970176,348232,180423,184833,43920
15510,-279552,-1774592,338720,189813,150122,16294
15520,-279552,-1508352,278400,199977,142124,4197
15530,-4096,-1098752,248008,208623,206210,6849
15540,0,-680960,154280,215585,225544,1894
15550,0,-402432,91176,219644,177833,483
15560,0,-52224,11832,221037,168963,129
15570,0,203776,-46168,218686,158292,29
15580,0,245760,-55680,211473,53861,4
15590,0,304128,-68904,200296,2478,0
15600,0,388096,-87928,187945,13195,0
15610,0,490496,-111128,173903,56156,0
15620,0,501760,-113680,159243,45393,0
15630,0,471040,-106720,144326,8548,0
15640,0,395264,-89552,130616,-34780,0
15650,0,305152,-69136,117725,-69766,0
15660,0,264192,-59856,107413,-58326,0
15670,0,229376,-51968,99244,-28710,0
15680,-10240,203776,-48488,93519,-17316,-157
15690,-114688,124928,-54288,89060,3889,-3218
15700,-176128,49152,-51040,82725,-7872,-2100
15710,-176128,-23552,-34568,77584,-20574,-583
15720,-176128,-76800,-22504,74166,-10821,-155
15730,-176128,-138240,-8584,72515,-11475,-48
15740,-413696,-177152,-53592,65541,-5485,-3563
15750,-413696,-273408,-31784,59158,-46048,-924
15760,-363520,-392192,6496,56110,-90271,775
15770,-363520,-455680,20880,55279,-75412,195
15780,-370688,-500736,29464,55615,-62744,-159
15790,-370688,-552960,41296,56522,-64385,-49
15800,-385024,-592896,47096,57635,-66530,-322
15810,-406528,-570368,37120,58653,-37236,-705
15820,-406528,-530432,28072,59566,-8733,-187
15830,-497664,-578560,18328,60388,-37614,-3411
15840,-497664,-640000,32248,60636,-71407,-943
15850,-546816,-633856,19720,60540,-55710,-1198
15860,-575488,-650240,16936,60137,-58739,-763
15870,-626688,-687104,13688,59577,-66989,-1568
15880,-632832,-670720,8584,58568,-44315,-527
15890,-637952,-616448,-4872,57817,-4074,-352
15900,-632832,-637952,1160,57269,-13127,41
15910,-632832,-690176,12992,57350,-27712,8
15920,-611328,-722944,25288,57991,-29353,532
15930,-611328,-697344,19488,58811,218,132
15940,-611328,-619520,1856,59664,68606,32
15950,-570368,-620544,11368,60939,73483,541
15960,-444416,-641024,44544,62699,54022,3284
15970,-444416,-584704,31784,64738,87252,900
15980,-332800,-577536,55448,67347,74825,2130
15990,-332800,-472064,31552,69610,122399,582
16000,-286720,-428032,32016,71617,98084,981
16010,-229376,-384000,35032,73426,51153,1461
16020,-229376,-302080,16472,74619,75537,397
16030,-229376,-338944,24824,75229,-7080,99
16040,-90112,-330752,56144,75618,-41286,4830
16050,-105472,-275456,38512,76695,-18807,940
16060,-105472,-312320,46864,77665,-62055,238
16070,-133120,-238592,23896,77593,-37419,-894
16080,-136192,-62464,-16704,75794,42054,-312
16090,-136192,-10240,-28536,72894,62169,-85
16100,-136192,25600,-36656,69834,50591,-29
16110,-133120,-183296,11368,66435,-114368,60
16120,-130048,-218112,19952,63037,-134460,68
16130,-130048,-45056,-19256,59855,7584,13
16140,-123904,-5120,-26912,57533,41021,143
16150,-111616,-24576,-19720,56178,40298,244
16160,-99328,-143360,9976,55121,-44522,457
16170,-96256,-304128,47096,54426,-146026,193
16180,-77824,-168960,20648,54013,-28928,869
16190,-62464,-114688,11832,53963,16293,717
16200,-62464,-117760,12528,53992,-18084,193
16210,-10240,19456,-6728,53054,65267,2380
16220,-10240,96256,-24128,52467,104097,651
16230,0,-106496,24128,52161,-54528,404
16240,0,-146432,33176,51955,-84006,106
16250,0,-123904,28072,51529,-66679,22
16260,0,56320,-12760,50736,72760,1
16270,0,167936,-38048,49738,153599,0
16280,0,9216,-2088,48861,21950,0
16290,0,-51200,11600,48751,-21056,0
16300,0,6144,-1392,48816,19656,0
16310,0,-17408,3944,48442,-13885,0
16320,0,6144,-1392,47874,1354,0
16330,0,75776,-17168,46926,52576,0
16340,0,53248,-12064,46456,43810,0
16350,0,101376,-22968,45604,74137,0
16361,0,-70656,16008,44587,-60219,0
16371,0,-129024,29232,43571,-97546,0
16381,0,55296,-12528,41999,44269,0
16391,0,206848,-46864,39862,146438,0
16401,0,101376,-22968,38839,76535,0
16411,0,-23552,5336,38716,895,0
16421,0,-162816,36888,38970,-84259,0
16431,0,-225280,51040,39003,-118499,0
16441,0,-125952,28536,38828,-33047,0
16451,0,-24576,5568,38553,36248,0
16461,0,56320,-12760,38420,83867,0
16471,0,56320,-12760,38490,41411,0
16481,0,59392,-13456,38236,67642,0
16491,0,-126976,28768,37652,-76651,0
16501,0,-183296,48952,37168,-128860,0
16511,0,-132096,29928,36778,-66094,0
16521,0,44032,-9976,36458,56214,0
16531,0,59392,-13456,35949,42742,0
16541,0,12288,-2784,35617,11474,0
16551,0,59392,-13456,35309,46483,0
16561,0,70656,-16008,34689,51520,0
16571,0,7168,-1624,34253,1904,0
16581,-4096,-23552,4408,33688,-21894,-112
16591,-4096,71680,-17168,32469,36569,-33
16601,-4096,64512,-15544,30793,16649,-13
16611,-4096,7168,-2552,29242,-27861,-12
16621,-4096,27648,-7192,28216,-1871,-12
16631,-4096,136192,-31784,27096,79564,-12
16641,-4096,81920,-19488,25283,29397,-12
16651,-4096,-100352,21808,24227,-91006,-12
16661,0,-161792,36656,23172,-117064,139
16671,0,-91136,20648,22230,-52933,32
16681,0,-81920,18560,21710,-40368,5
16691,0,-10240,2320,21609,17028,0
16701,0,65536,-14848,21521,73403,0
16711,0,25600,-5800,21553,44039,0
16721,0,-51200,11600,21816,-11659,0
16731,0,28672,-6496,21561,41377,0
16741,0,167936,-38048,19773,117121,0
16751,0,128000,-15544,17871,19678,0
16761,0,3072,-696,16347,-31556,0
16771,-28672,-39936,2552,15135,-47712,-1056
16781,-28672,40960,-15776,14209,27986,-295
16791,-130048,-41984,-19952,12021,-17327,-2458
16801,-151552,-137216,-3248,8966,-69663,-1005
16811,-232448,-146432,-19488,5993,-52508,-3074
16821,-241664,-74752,-37816,1454,16982,-1013
16831,-241664,-188416,-12064,-519,-49353,-284
16841,-241664,-315392,16704,-864,-116181,-78
16851,-257024,-320512,-4408,-762,-31865,-385
16861,-222208,-212992,-2088,-796,-322,1445
16871,-222208,-252928,6960,-187,-17362,369
16881,-222208,-304128,18560,346,-31361,91
16891,-209920,-204800,-1160,409,49168,229
16901,-209920,-150528,-13456,135,79209,55
16911,-212992,-221184,1856,192,15995,-61
16921,-219136,-272384,12064,104,-29249,-206
16931,-222208,-133120,-20184,-84,68847,-152
16941,-222208,-79872,-32248,-180,79771,-46
16951,-222208,-135168,-19720,-218,38921,-17
16961,-222208,-193536,-6496,-59,10728,-12
16971,-209920,-102400,-24360,-91,82674,261
16981,-139264,-140288,232,-101,46954,3227
16991,-99328,-179200,18096,544,6896,2040
17001,-99328,-143360,5336,1028,30247,522
17011,-4096,-117760,25752,1854,8904,1815
17021,-4096,-165888,36656,2318,-51900,463
17031,0,-79872,18096,2673,-8446,214
17041,0,21504,-4872,2955,54251,51
17051,6144,18432,-2784,2876,43787,196
17061,6144,-88064,21344,2826,-45658,45
17071,376832,5120,84216,3265,22547,15543
17081,376832,68608,69832,5908,50660,4270
17091,3540992,73728,785552,8625,4693,66297
17101,5215232,541696,1058848,18559,185085,42077
17111,9980928,1558528,1908200,33040,468278,156211
17121,9980928,3277824,1518672,47466,862110,40277
17131,9980928,5068800,1112904,82524,990821,11074
17141,12142592,7075840,1147936,103852,1053518,64360
17151,12142592,8578048,807592,126226,842121,16592
17161,7998464,9860096,-421776,117029,748098,-98429
17171,7998464,10335232,-529424,47567,385351,-25386
17181,4301824,9872384,-1262080,-1118,-86508,-83161
17191,4301824,8566784,-966280,-23198,-563128,-21448
17201,1220608,6809600,-1266256,-37927,-941733,-87728
17211,707584,5502976,-1086456,-54509,-811852,-34707
17221,394240,3844096,-781608,-79872,-858852,-21265
17231,301056,2745344,-553784,-99039,-524115,-7975
17241,301056,1653760,-306472,-113693,-617839,-2199
17251,301056,1137664,-189544,-122669,-378009,-572
17261,-7168,802816,-183512,-128853,-263240,-8931
17271,-7168,646144,-148016,-134776,-143881,-2308
17281,-7168,552960,-126904,-139262,-40735,-600
17291,-102400,285696,-87928,-142263,-89675,-2710
17301,-194560,-92160,-23200,-144348,-191707,-2484
17311,-194560,-233472,8816,-144722,-124213,-644
17321,-194560,-547840,80040,-140204,-201082,-183
17331,-194560,-488448,66584,-131413,-44224,-52
17341,-1529856,-571392,-217152,-136353,-24200,-17532
17351,-3211264,-916480,-519912,-142966,-183491,-46875
17361,-4444160,-1159168,-744256,-154410,-124179,-34421
17371,-6176768,-2179072,-905728,-168685,-465824,-73292
17381,-6176768,-3301376,-651456,-185840,-619962,-18905
17391,-6176768,-4142080,-460984,-202327,-417366,-4879
17401,-6112256,-5491712,-140592,-212788,-685677,881
17411,-6112256,-6064128,-10904,-216197,-457746,223
17421,-6112256,-6469632,57304,-212435,-242780,53
17431,-6112256,-6473728,81896,-203935,-127403,10
17441,-6112256,-6592512,108808,-190950,-99795,0
17451,-4491264,-6532096,462376,-175055,-7815,77294
17461,-4444160,-6480896,461448,-107206,40906,21453
17471,-4444160,-6361088,434304,-41336,65531,5527
17481,-2788352,-5960704,718736,11016,170386,43716
17491,-2788352,-5244928,556568,28593,343010,11268
17501,-1185792,-4450304,739616,41917,434623,38124
17511,-1185792,-3714048,572808,60667,441439,10482
17521,-120832,-2844672,617120,76302,475611,37175
17531,-74752,-2121728,463768,91137,452179,11302
17541,3072,-1540096,349624,104778,340864,4060
17551,3072,-982016,223184,113729,282493,1112
17561,3072,-521216,118784,119243,223548,282
17571,-7168,-241664,53128,121893,199440,-361
17581,-28672,-6144,-5104,122506,134918,-801
17591,-28672,44032,-16472,121035,56937,-213
17601,-212992,116736,-74704,113202,39162,-4384
17611,-366592,307200,-152656,98704,123845,-5797
17621,-472064,266240,-167272,77615,54412,-3819
17631,-760832,108544,-196968,56843,-42480,-13963
17641,-760832,138240,-203696,29284,38072,-3605
17651,-760832,-138240,-141056,7199,-83226,-996
17661,-1909760,-409600,-339880,-2913,-148849,-48412
17671,-1909760,-525312,-313664,-11929,-102561,-12488
17681,-1909760,-898048,-229216,-20828,-204524,-3441
17691,-3542016,-1078272,-558192,-27895,-104488,-69298
17701,-3904512,-1500160,-544736,-39021,-178224,-28188
17711,-3862528,-1858560,-454024,-52964,-137535,-6835
17721,-3779584,-2620416,-262624,-64979,-324973,469
17731,-3281920,-3000320,-63800,-70295,-211776,15230
17741,-3281920,-3519488,53824,-67908,-252981,3923
17751,-2125824,-3573760,328048,-28187,-56685,21727
17761,-2125824,-3328000,272368,3755,106128,5973
17772,-1393664,-2933760,348928,13940,227770,16623
17782,-1095680,-2532352,325496,23830,249962,17057
17792,-1063936,-2135040,242672,32856,206083,5297
17802,-1063936,-1689600,141752,39125,207851,1361
17812,-940032,-1296384,80736,43053,230410,2867
17822,-753664,-1112064,81200,45977,148699,6037
17832,-753664,-1011712,58464,48444,85841,1657
17842,-497664,-921600,96048,50517,57591,10482
17852,-444416,-753664,70064,53624,112715,4119
17862,-444416,-573440,29232,56176,173496,1129
17872,-338944,-527360,42688,58548,105818,1692
17882,-338944,-455680,26448,59787,58210,461
17892,-338944,-313344,-5800,59331,54894,114
17902,-338944,-148480,-59624,54608,123833,25
17912,-279552,119808,-90480,47219,173381,1587
17922,-279552,89088,-83520,37998,76065,405
17932,-71680,57344,-29232,33143,18577,4570
17942,-71680,-1024,-16008,29128,-38658,1174
17952,0,101376,-22968,25964,23086,1596
17962,0,123904,-28072,22747,20769,434
17972,0,73728,-16704,18352,-44499,106
17982,409600,83968,73776,12911,-61401,19554
17992,605184,177152,96976,14591,-12209,12578
18002,605184,345088,58928,17185,74412,3238
18012,605184,468992,30856,18976,94768,885
18022,6713344,684032,1366016,20043,121814,80337
18032,9308160,1875968,1683856,30342,537092,85604
18042,9308160,3511296,1313352,57343,841719,23542
18052,9031680,5501952,799704,90721,1005279,-3481
18062,7916544,7212032,159616,104103,909557,-27047
18072,7916544,8194048,-62872,103513,629267,-7445
18082,3861504,8454144,-1040520,51085,253416,-141954
18092,3861504,8000512,-937744,-14407,-168620,-36610
18102,1610752,7072768,-1237488,-36882,-406466,-117399
18112,1610752,5504000,-882064,-50951,-784003,-30278
18122,1258496,4366336,-704120,-72154,-707181,-17142
18132,1270784,3297280,-459128,-90548,-575969,-4217
18142,1350656,2267136,-207640,-101722,-607340,1594
18152,1350656,2085888,-166576,-108215,-196813,407
18162,1324032,1803264,-108576,-111987,-97282,-1091
18172,1208320,1668096,-104168,-114669,-37465,-4051
18182,1208320,1473536,-60088,-117484,-96468,-1049
18192,600064,1471488,-197432,-122078,-35664,-15117
18202,600064,1210368,-138272,-127895,-141069,-3903
18212,358400,962560,-133168,-133172,-183112,-6322
18222,358400,845824,-110432,-137177,-75641,-1743
18232,58368,609280,-124816,-140114,-68596,-10167
18242,12288,347136,-75864,-142850,-101057,-3881
18252,-4096,59392,-14384,-144563,-162194,-1266
18262,-4096,4096,-1856,-145074,-82308,-352
18272,0,-191488,43384,-143261,-130593,0
18282,0,-278528,51736,-138653,-84327,0
18292,0,-186368,42224,-133526,-19198,0
18302,0,-52224,11832,-128193,89398,0
18312,27648,-73728,22968,-121393,64051,435
18322,27648,-146432,39440,-113792,39908,114
18332,27648,-270336,67512,-105226,-38222,25
18342,2057216,-214016,514576,-90792,7837,90731
18352,2611200,-181248,632664,-9994,7320,40206
18362,2611200,304128,522696,17345,213267,10363
18372,6305792,924672,1219160,30267,325236,157684
18382,6782976,1826816,1122880,37378,481577,55139
18392,8587264,2909184,1286440,50713,593558,54820
18402,9687040,4513792,1172064,70659,817198,30544
18412,12025856,6299648,1297344,89905,1003121,74420
18422,12025856,7673856,986000,112832,1031647,20465
18432,12025856,9086976,665840,138599,936064,5272
18442,12619776,10108928,560280,157376,768133,18254
18452,10802176,10683392,26912,162846,507694,-32438
18462,5797888,10897408,-1155360,129057,241919,-204989
18472,4892672,10726400,-1321704,-8426,-54803,-82145
18482,4892672,9763840,-1103624,-32993,-476553,-21187
18492,1545216,7988224,-1459744,-42304,-1017121,-52300
18502,475136,6375424,-1336784,-67913,-1142504,-44838
18512,475136,4672512,-950968,-98991,-1142539,-11567
18522,9216,3637248,-821976,-124525,-822959,-21492
18532,-4096,2484224,-563760,-146322,-782580,-5903
18542,-4096,2365440,-536848,-165767,-325891,-1526
18552,-47104,2024448,-469336,-181921,-217284,-948
18562,-47104,1325056,-310880,-195857,-406638,-249
18572,-74752,997376,-242904,-205878,-327268,-607
18582,-90112,652288,-168200,-213138,-253681,-375
18592,-264192,450560,-161936,-218090,-122997,-4744
18602,-399360,120832,-117856,-221869,-139371,-3921
18612,-666624,-349184,-71920,-224421,-258064,-10860
18622,-1013760,-642048,-84216,-227465,-267290,-11487
18632,-1629184,-811008,-185368,-232271,-190800,-15053
18642,-2880512,-1119232,-399040,-240473,-200623,-32338
18652,-2880512,-1619968,-285592,-249977,-297078,-8899
18662,-4348928,-2216960,-483024,-259509,-368267,-28894
18672,-4444160,-3090432,-306704,-271743,-545974,-8704
18682,-4444160,-3579904,-195808,-280310,-435244,-2398
18692,-4444160,-4059136,-87232,-284603,-315690,-623
18702,-4444160,-4592640,33640,-284037,-332018,-176
18712,-4444160,-4847616,91408,-275224,-245557,-51
18722,-4444160,-4998144,125512,-261341,-178786,-20
18732,-7293952,-5054464,-507384,-266483,-90202,-37388
18742,-7293952,-5563392,-392080,-279276,-248460,-9646
18752,-8852480,-6316032,-574664,-289537,-414475,-28219
18762,-8852480,-7395328,-330136,-303366,-636750,-7282
18772,-8852480,-8204288,-146856,-311581,-565951,-1882
18782,-2015232,-8700928,1514728,-303472,-387969,325503
18792,-1198080,-8994816,1766448,-65050,-210307,110388
18802,-1198080,-8172544,1580152,28124,331042,30359
18812,-108544,-6181888,1375992,61409,997074,32266
18822,-108544,-3960832,872784,93958,1116341,8316
18832,0,-2201600,498800,115538,994848,4525
18842,0,-1222656,277008,128661,629669,1241
18852,-4096,-652288,146856,135823,373808,183
18862,0,-484352,109736,140157,172233,141
18872,0,-394240,89320,143594,74791,32
18882,0,-345088,78184,146149,18474,5
18892,0,-227328,51504,148070,27539,0
18902,0,-37888,8584,148804,74688,0
18912,0,99328,-22504,146740,69857,0
18922,0,193536,-43848,139894,25129,0
18932,0,279552,-63336,129217,-1469,0
18942,0,347136,-78648,116670,52588,0
18953,-4096,503808,-115072,102052,66013,-93
18963,-102400,562176,-150568,86173,85680,-4149
18973,-232448,486400,-162864,67525,36776,-5093
18983,-232448,425984,-149176,47056,23396,-1318
18993,-677888,356352,-234320,16183,25806,-6992
19003,-677888,134144,-183976,-3046,-37959,-1928
19013,-3579904,-209920,-763512,-7366,-150329,-60301
19023,-8763392,-786432,-1807280,-21063,-336677,-233828
19033,-11910144,-1618944,-2331600,-21063,-461911,-149838
19043,-11910144,-3792896,-1839064,-40188,-1096583,-38643
19053,-12499968,-6134784,-1442112,-66181,-1358927,4842
19063,-12499968,-8590336,-885776,-106915,-1350757,1244
19073,-9402368,-10521600,253576,-104463,-1185706,64168
19083,-6855680,-11069440,954680,-26275,-467212,103202
19093,-4999168,-10789888,1311960,7344,51188,76131
19103,-4999168,-9325568,980200,30118,649795,20936
19113,-1754112,-7482368,1297808,39427,930040,62580
19123,-1198080,-5697536,1019408,61516,984441,33030
19133,-1198080,-4069376,650528,85858,904612,8513
19143,-727040,-2909184,494392,103625,653341,8780
19153,-740352,-2062336,299512,116155,509736,2031
19163,-747520,-1585152,189776,124729,316745,381
19173,-747520,-1342464,134792,130230,157202,240
19183,-740352,-1138688,90248,133703,105818,253
19193,-740352,-958464,49416,135869,79094,61
19203,-467968,-844800,85376,137137,35272,10046
19213,-406528,-795648,88160,139231,-35365,4224
19223,-229376,-552960,73312,141288,24635,4293
19233,-74752,-310272,53360,143123,72967,4323
19243,0,-152576,34568,144261,52496,2980
19253,9216,78848,-15776,143853,131567,931
19263,101376,306176,-46400,139232,137121,3647
19273,132096,405504,-61944,133338,106472,1705
19283,132096,543744,-93264,124824,126232,463
19293,321536,674816,-80040,118396,144970,2951
19303,321536,774144,-87464,109131,90810,756
19313,466944,759808,-66352,97938,65520,7137
19323,1184768,722944,104632,92592,-8687,26625
19333,1184768,835584,79112,95192,58681,6860
19343,2756608,1024000,392544,101334,107138,30349
19353,4075520,1304576,627792,111644,147586,50521
19363,4075520,1977344,475368,125394,339441,13891
19373,3353600,2625536,164952,138588,359074,-30845
19383,3107840,3356672,-56376,138934,381301,-15914
19393,3107840,3672064,-127832,124173,199658,-4381
19403,1258496,3720192,-557728,58234,9581,-39604
19413,1258496,3326976,-468640,-5897,-245087,-10898
19423,428032,2814976,-540792,-20663,-301106,-22285
19433,428032,2320384,-428736,-35501,-256940,-5752
19443,-4096,1371136,-311576,-45830,-428853,-15576
19453,-13312,893952,-205552,-54343,-301909,-4236
19463,-10240,495616,-114608,-59636,-216171,-967
19473,-7168,232448,-54288,-62279,-158912,-172
19483,-4096,-27648,5336,-63516,-185074,19
19493,-4096,-107520,23432,-63616,-152085,0
19503,-4096,-63488,13456,-62832,-68447,0
19513,-4096,69632,-16704,-61657,54148,0
19523,0,73728,-16704,-59360,90500,183
19533,0,20480,-4640,-55502,84751,42
19543,0,-101376,22968,-50577,5852,7
19553,0,-216064,48952,-44085,-25635,0
19563,0,-278528,63104,-36414,-43375,0
19573,0,-225280,51040,-29007,6792,0
19583,0,-125952,28536,-21794,73368,0
19593,0,-93184,21112,-15525,84877,0
19603,0,-70656,16008,-10167,74091,0
19613,-4096,-61440,12992,-6665,40620,-65
19623,-4096,21504,-5800,-4857,59908,-23
19633,-7168,22528,-6728,-4230,19288,-74
19643,-10240,48128,-13224,-4562,5083,-69
19653,-25600,-10240,-3480,-5193,-52807,-461
19663,-28672,-84992,12760,-5507,-92738,-187
19673,-28672,-93184,14616,-5351,-73977,-57
19683,-83968,-1024,-18792,-5355,13884,-1593
19693,-83968,21504,-23896,-5876,28870,-443
19703,-338944,6144,-78184,-7938,5691,-5745
19713,-747520,-28672,-162864,-11729,-25095,-13112
19723,-1063936,-123904,-212976,-17958,-67356,-10130
19733,-7219200,-220160,-1585720,-23613,-39921,-244458
19743,-17213440,-807936,-3716872,-23613,-272431,-329643
19753,-17213440,-2606080,-3309480,-24340,-924992,-90677
19763,-17213440,-5475328,-2659416,-80213,-1555235,-23387
19773,-17213440,-8480768,-1978496,-149706,-1691932,-6437
19783,-17213440,-11809792,-1224264,-204428,-1747159,-1664
19793,-17213440,-14435328,-629416,-237337,-1532882,-434
19803,-17213440,-15599616,-365632,-254110,-883832,-124
19813,-17213440,-16312320,-204160,-263092,-441555,-37
19823,-12026880,-16654336,1048408,-238484,-230732,203765
19833,-12026880,-16477184,1008272,-87390,49639,52539
19843,-12026880,-15507456,788568,12424,461072,13543
19853,-2368512,-14304256,2704192,12424,678987,138843
19863,-388096,-11963392,2622528,18196,1164202,88628
19873,-388096,-9124864,1979424,58003,1500878,24372
19883,428032,-6138880,1487816,105432,1558963,36341
19893,428032,-3698688,934960,139474,1339304,9366
19903,428032,-2099200,572576,163148,983557,2572
19913,4637696,-966656,1269736,167984,693215,83373
19923,4637696,10240,1048408,189669,628556,22928
19933,16436224,1178624,3456800,196802,666938,219589
19943,16436224,3251200,2987232,209017,1036983,56620
19953,16436224,6310912,2294016,271066,1566456,15569
19963,16284672,9678848,1496632,335410,1774422,1265
19973,16284672,12402688,879512,375304,1575635,321
19983,16284672,14480384,408784,397454,1202286,83
19993,16284672,15661056,141288,406820,762453,18
20003,16135168,16163840,-6496,409040,407819,-5162
20013,16135168,16506880,-84216,403225,267897,-1336
20023,9687040,16651264,-1577832,370471,158957,-288604
20033,9687040,16646144,-1576672,152044,27952,-79388
20043,9687040,15497216,-1316368,-15107,-559239,-20476
20053,2367488,14126080,-2664056,-22731,-755822,-154886
20063,2367488,11958272,-2172912,-40594,-1017764,-39945
20073,545792,8843264,-1879896,-70684,-1477242,-53702
20083,447488,6198272,-1302912,-109771,-1460890,-15418
20094,549888,4486144,-891808,-144213,-1076089,-930
20104,733184,3125248,-541952,-168243,-786941,3784
20114,1284096,2392064,-251024,-183171,-543059,25663
20124,1284096,2274304,-224344,-190349,-161919,6613
20134,1284096,2096128,-183976,-197060,-91074,1701
20144,1116160,1902592,-178176,-203767,-137983,-3182
20154,831488,1818624,-223648,-211078,-124718,-9466
20164,676864,1690624,-229680,-218192,-69743,-6234
20174,676864,989184,-70760,-223877,-351181,-1612
20184,401408,965632,-127832,-227471,-199246,-8780
20194,401408,809984,-92568,-229442,22008,-2420
20204,172032,97280,16936,-229159,-316746,-10242
20214,116736,344064,-51504,-230124,-15893,-4500
20224,49152,192512,-32480,-229669,849,-2651
20234,18432,-279552,67512,-228175,-272522,-1146
20244,18432,-5120,5336,-223772,38233,-321
20254,3072,-401408,91640,-217446,-182458,-404
20264,3072,-209920,48256,-209088,15157,-108
20274,-4096,-435200,97672,-198220,-88573,-239
20284,0,-306176,69368,-185529,48239,19
20294,0,-517120,117160,-171653,-99795,0
20304,0,-342016,77488,-156676,77889,0
20314,0,-586752,132936,-141197,-94391,0
20324,0,-368640,83520,-126773,69237,0
20334,0,-493568,111824,-112722,-47253,0
20344,0,-310272,70296,-100859,59197,0
20354,-4096,-354304,79344,-91185,-29066,-62
20364,-4096,-232448,51736,-82979,26162,-21
20374,-7168,-261120,57536,-76573,-26610,-73
20384,-10240,-238592,51736,-69976,-17499,-67
20394,-31744,-165888,30392,-65325,10464,-635
20404,-31744,-175104,32480,-61031,-7184,-169
20414,-28672,-98304,15776,-58539,16202,64
20424,-22528,-74752,11832,-56661,15077,178
20434,-22528,-57344,7888,-55335,6333,42
20444,-13312,-62464,11136,-53571,5794,128
20454,-13312,-28672,3480,-52103,18588,32
20464,-13312,-37888,5568,-50628,13322,4
20474,-10240,2048,-2784,-49437,32541,39
20484,-10240,14336,-5568,-48194,43488,6
20494,-10240,-31744,4872,-46966,7607,0
20504,-10240,15360,-5800,-44950,57923,0
20514,-10240,-173056,36888,-42298,-72027,0
20524,-10240,-4096,-1392,-39666,63259,0
20534,-10240,-163840,34800,-37206,-65268,0
20544,-10240,-36864,6032,-35585,17143,0
20554,-10240,-110592,22736,-34661,-54333,0
20564,-10240,-50176,9048,-33451,-6931,0
20574,-10240,-55296,10208,-32645,-14872,0
20584,0,-126976,28768,-31237,-63593,182
20594,0,43008,-9744,-30070,28204,42
20604,208896,-83968,66352,-26138,-55411,5232
20614,1378304,174080,272832,-18993,105497,57107
20624,3141632,45056,701568,3761,-23868,76595
20634,6175744,576512,1268576,9099,233795,95625
20644,11016192,1557504,2142984,26920,502909,241039
20654,11016192,3044352,1806120,31134,794972,66295
20664,11016192,5166080,1325416,66949,1052990,17090
20674,16436224,7375872,2052736,74304,1199372,102857
20684,16436224,9788416,1506144,102404,1305053,26519
20694,16436224,11978752,1009896,140833,1210376,6833
20704,11680768,13631488,-441960,163286,991463,-224882
20714,11680768,14508032,-640552,80491,549381,-57994
20724,11680768,14488576,-636608,-6013,138303,-14959
20734,3389440,13121536,-2204928,-8655,-565125,-166388
20744,3389440,11028480,-1730720,-23290,-1078189,-42911
20754,318464,8379392,-1826304,-39258,-1444631,-83807
20764,-417792,5770240,-1401976,-67734,-1445744,-54530
20774,-241664,3650560,-881832,-95287,-1247141,-9301
20784,-241664,2026496,-513880,-118349,-932255,-2404
20794,-99328,1175552,-288840,-132190,-535658,5342
20804,-99328,528384,-142216,-139279,-427315,1466
20814,-166912,675840,-190936,-144845,2834,-1112
20824,-312320,67584,-86072,-148710,-257605,-6810
20834,-312320,104448,-94424,-151638,-15663,-1761
20844,-312320,-651264,76792,-150460,-353097,-459
20854,-666624,-636928,-6728,-148484,-94597,-5771
20864,-666624,-1096704,97440,-142106,-241943,-1492
20874,-1259520,-1323008,14384,-137515,-59841,-12607
20884,-1408000,-1270784,-31088,-136011,-29490,-9694
20894,-1717248,-1586176,-29696,-135097,-109744,-11890
20904,-3503104,-1747968,-397648,-138620,-100885,-42527
20914,-6855680,-2129920,-1070680,-142855,-184570,-61001
20924,-6855680,-3286016,-808752,-164386,-564815,-16784
20934,-17213440,-4661248,-2843856,-173499,-712436,-231995
20944,-17213440,-6867968,-2307472,-181412,-1148150,-59829
20954,-17213440,-10252288,-1577136,-225512,-1669545,-16461
20964,-17213440,-13251584,-897608,-265400,-1615247,-4249
20974,-17213440,-15421440,-406000,-285856,-1266729,-1174
20984,-17213440,-16701440,-116000,-293907,-774594,-308
20994,-17213440,-17287168,-22736,-295199,-304743,-84
21004,-12143616,-17174528,1139816,-261246,-106083,199790
21014,-12143616,-16705536,1033560,-98304,271546,51515
21024,-6176768,-16126976,2254344,11403,394083,137120
21034,-6176768,-14194688,1816560,33099,945748,35354
21044,-1366016,-11813888,2367096,59196,1278340,155729
21054,-1366016,-9158656,1765520,76290,1437435,40152
21064,-660480,-6636544,1353952,111211,1402862,21127
21074,-660480,-4737024,923592,145127,1140369,5807
21084,-637952,-3174400,574664,170319,885243,1956
21094,-649216,-2387968,393936,185979,535382,86
21104,-621568,-1666048,236640,196849,416310,805
21114,-621568,-1282048,149640,204148,293910,203
21124,-299008,-1065984,173768,209896,181000,7935
21134,-299008,-690176,88624,214754,230926,2040
21144,-83968,-395264,70528,218115,223640,4988
21154,-13312,-193536,40832,220114,120024,2271
21164,0,110592,-25056,218325,129548,935
21174,0,418816,-94888,209406,168286,253
21184,0,553984,-125512,193680,101894,61
21194,0,414720,-93960,176931,-73931,12
21204,0,559104,-126672,157707,-1710,0
21214,0,766976,-173768,136206,101779,0
21224,0,401408,-90944,116467,-177868,0
21234,0,690176,-156368,95807,50189,0
21244,0,690176,-156368,75651,40918,0
21254,0,417792,-94656,57771,-109881,0
21264,0,476160,-107880,41634,-20334,0
21274,263168,277504,-3248,31494,-105257,9693
21284,263168,232448,6960,30622,-50856,2494
21294,2057216,202752,420152,35337,-13300,35340
21304,3040256,468992,582552,47661,138819,22002
21314,3903488,1033216,650296,63011,354072,27257
21324,3903488,1991680,433144,79657,493293,7494
21335,3861504,2844672,230376,91470,490114,479
21345,3861504,3503104,81200,96979,422724,128
21355,3141632,3635200,-111824,97639,103328,-34297
21365,2879488,3743744,-195808,73107,-15147,-19095
21375,2879488,4008960,-255896,39886,123191,-4928
21385,1628160,3462144,-415512,-4605,-208184,-29873
21395,1628160,3158016,-384192,-16912,-107816,-7708
21405,1378304,2962432,-358904,-28106,-141678,-8373
21415,1848320,2331648,-109504,-37181,-264157,20249
21425,2499584,2177024,73080,-35123,-99394,28055
21435,2499584,1614848,200448,-14470,-269952,7231
21445,4998144,1976320,684632,7398,84074,63649
21455,4998144,2442240,579072,22871,256182,16408
21465,5499904,3355648,485808,39259,486144,15991
21475,5271552,4143104,255664,51333,487521,516
21485,3578880,4796416,-275848,43311,374003,-54670
21495,3578880,4843520,-286520,-1891,29856,-14102
21505,1610752,4750336,-711312,-11672,-77007,-46129
21515,1610752,3881984,-514576,-28623,-418158,-11900
21525,766976,3189760,-548912,-42527,-370022,-21619
21535,676864,2152448,-334312,-55898,-502910,-7480
21545,605184,1625088,-231072,-65265,-323952,-4109
21555,676864,1226752,-124584,-70677,-225981,546
21565,1645568,933888,161240,-71428,-179154,43441
21575,1645568,979968,150800,-49330,-10637,11945
21585,3578880,1132544,554248,1996,108262,45570
21595,4032512,1455104,583944,16400,183880,18968
21605,4032512,2008064,458664,32142,250066,5213
21615,3988480,2742272,282344,44044,285189,372
21625,3778560,3388416,88392,50275,279200,-8706
21635,3697664,3642368,12528,50494,122778,-4854
21645,3464192,4041728,-130848,40558,216617,-6388
21655,3353600,3756032,-91176,25672,-45727,-4176
21665,3353600,3474432,-27376,15109,-184329,-1153
21675,3210240,3592192,-86536,5023,2375,-3255
21685,3040256,3383296,-77720,-2145,-68699,-3380
21695,2291712,3100672,-183280,-5724,-180129,-22233
21705,2291712,3187712,-203000,-12120,-13047,-5737
21715,1378304,2921472,-349624,-21615,-103788,-14261
21725,665600,2408448,-394864,-31729,-281542,-24206
21735,479232,2276352,-407160,-43981,-100598,-9847
21745,243712,1386496,-258912,-53889,-416930,-11966
21755,187392,1175552,-223880,-62052,-186440,-4693
21765,187392,747520,-100224,-67534,-271111,-1214
21775,9216,357376,-78880,-71279,-203939,-2830
21785,0,361472,-81896,-73766,-12680,-980
21795,0,72704,-16472,-74810,-97741,-274
21805,0,-177152,40136,-73595,-163789,-76
21815,0,-49152,11136,-70462,77074,-24
21825,-4096,-102400,22272,-65848,15180,-91
21835,-4096,-455680,102312,-57650,-178086,-29
21845,-4096,-332800,74472,-48955,-43902,-12
21855,-4096,-144384,31784,-40507,90982,-12
21865,0,-355328,80504,-31554,-66060,139
21875,0,-216064,48952,-23058,40838,34
21885,0,-173056,39208,-14827,60184,5
21895,0,-169984,38512,-7712,40826,0
21905,0,-411648,93264,-481,-149939,0
21915,0,-79872,18096,1230,71922,0
21925,0,-217088,49184,2386,-49640,0
21935,0,-268288,60784,3820,-75871,0
21945,0,-153600,34800,4884,-3971,0
21955,0,-117760,26680,5624,-6885,0
21965,-4096,-337920,75632,6120,-88034,-105
21975,-7168,-19456,2784,6276,49065,-180
21985,-7168,-84992,17632,6686,-15503,-52
21995,-7168,-199680,43616,6725,-106416,-20
22005,-13312,-94208,18328,6553,-6771,-212
22015,-13312,12288,-5800,6012,64452,-63
22025,-62464,-54272,-1856,5926,8628,-1249
22035,-74752,-63488,-2552,5830,6574,-535
22045,-120832,-112640,-1856,5206,-25394,-1743
22055,-126976,-10240,-26448,3905,58715,-598
22065,-160768,-23552,-31088,2293,40780,-1671
22075,-166912,-108544,-13224,696,1434,-676
22085,-166912,-237568,16008,126,-67219,-180
22095,-203776,-189440,-3248,-48,-10190,-680
22105,-222208,-146432,-17168,-145,32450,-777
22115,-222208,-198656,-5336,-101,2834,-205
22125,-238592,-252928,3248,-98,-27344,-510
22135,-238592,-249856,2552,99,-5979,-136
22145,-238592,-168960,-15776,27,60471,-42
22155,-289792,-210944,-17864,-214,23396,-1168
22165,-289792,-294912,1160,-247,-34401,-305
22175,-309248,-319488,2320,-518,-44258,-544
22185,-319488,-177152,-32248,-972,64877,-309
22195,-338944,-192512,-30624,-1223,51119,-676
22205,-349184,-299008,-11368,-1456,-5680,-416
22215,-370688,-405504,7888,-1587,-60667,-641
22225,-366592,-439296,16472,-1223,-69135,-49
22235,-370688,-365568,-1160,-946,-2754,-107
22245,-370688,-402432,7192,-526,-25451,-33
22255,-370688,-374784,928,-120,-5635,-13
22265,-467968,-398336,-15776,-608,-23386,-2147
22275,-768000,-358400,-92800,-1871,12335,-12051
22285,-768000,-344064,-96048,-4836,30086,-3113
22295,-768000,-496640,-61480,-7379,-78888,-806
22305,-6112256,-640000,-1239808,-9168,-104110,-224202
22315,-6112256,-848896,-1192480,-13687,-148103,-57818
22325,-17213440,-1888256,-3472112,-21336,-531470,-259910
22335,-17213440,-3509248,-3104856,-28091,-771691,-67028
22345,-17213440,-6556672,-2414424,-86958,-1432342,-18441
22355,-17213440,-10056704,-1621448,-151992,-1788445,-4759
22365,-15986688,-12936192,-691128,-192384,-1596566,46968
22375,-15986688,-14905344,-244992,-203167,-1207302,12914
22385,-15986688,-16134144,33408,-205819,-805885,3325
22395,-15986688,-16134144,33408,-201952,-221678,852
22405,-15986688,-16063488,17400,-197765,-20942,230
22415,-930816,-15956992,3404368,14753,24613,310298
22425,-232448,-14957568,3336160,14753,475416,112784
22435,-130048,-12725248,2853600,57756,1127001,31993
22445,-7168,-9632768,2180800,130904,1585745,10620
22455,15360,-6577152,1493616,189571,1694765,3402
22465,15360,-3921920,892040,230826,1465548,873
22475,98304,-2077696,493000,253327,1125636,1944
22485,165888,-974848,258448,266119,704024,1442
22495,483328,-319488,181888,273092,427819,8834
22505,1364992,-56320,322016,280535,238809,19458
22515,1364992,284672,244760,289663,230318,5012
22525,15985664,750592,3451696,293671,318202,417388
22535,15985664,1703936,3235704,293671,567098,107627
22545,15985664,3905536,2736904,338911,1213359,27750
22555,15985664,6965248,2043688,407432,1820595,7627
22565,15985664,10342400,1278552,463883,2117467,1963
22575,15985664,12668928,751448,498031,1833837,536
22585,15985664,14198784,404840,500000,1288667,134
22595,15985664,14892032,247776,500000,731609,31
22605,13240320,15102976,-422008,444784,353991,-38404
22616,13240320,14999552,-398576,385881,78853,-9907
22626,4944896,14525440,-2170592,126996,-196824,-206459
22636,3819520,13288448,-2145304,-13082,-690864,-56791
22646,1848320,11063296,-2087768,-39637,-1301256,-63945
22656,1337344,8686592,-1665064,-73614,-1567294,-26847
22666,1337344,6244352,-1111744,-115551,-1584334,-6927
22676,500736,4532224,-913384,-144007,-1211203,-22713
22686,355328,3252224,-656328,-166512,-991866,-13185
22696,311296,2593792,-517128,-186223,-637817,-4925
22706,311296,2190336,-425720,-202913,-419593,-1275
22716,70656,1829888,-398576,-216249,-299465,-6894
22726,-4096,1211392,-275384,-227643,-383838,-4202
22736,-4096,686080,-156368,-235044,-397458,-1160
22746,0,360448,-81664,-238993,-254278,-107
22756,0,-51200,36424,-238749,-309276,-33
22766,0,-356352,80736,-231390,-211305,-13
22776,0,-525312,119016,-218586,-171798,-12
22786,0,-584704,132472,-202320,-116617,-12
22796,0,-615424,139432,-185084,-76112,-12
22806,-7168,-564224,126208,-165525,8548,-210
22816,-7168,-579584,129688,-145389,33287,-62
22826,-62464,-669696,137576,-124386,-10626,-1317
22836,-62464,-779264,162400,-103585,-74138,-344
22846,-163840,-798720,143840,-85078,-84809,-3380
22856,-191488,-705536,116464,-68861,-17281,-1484
22866,-238592,-596992,81200,-54579,54033,-2518
22876,-260096,-527360,60552,-42105,85680,-1306
22886,-289792,-614400,73544,-30933,4084,-993
22896,-289792,-605184,71456,-21377,-4235,-188
22906,-289792,-550912,59160,-12679,7940,-54
22916,-286720,-485376,45008,-5537,28548,48
22926,-286720,-494592,47096,491,1962,9
22936,-286720,-445440,35960,1951,13299,0
22946,-282624,-534528,57072,3377,-55205,86
22956,-279552,-512000,52664,4748,-43168,64
22966,-260096,-451584,43384,5922,71509,565
22976,-260096,-242688,-3944,6905,125176,149
22986,-264192,-288768,5568,7638,63959,-127
22996,-264192,-272384,1856,8236,62915,-39
23006,-264192,-393216,29232,8968,-28664,-15
23016,-279552,-456704,40136,9690,-118464,-237
23026,-279552,-564224,64496,10464,-121471,-69
23036,-289792,-370688,18328,11343,30120,-234
23046,-286720,-324608,8584,12118,55032,60
23056,-286720,-289792,696,12816,65565,11
23066,-286720,-266240,-4640,13227,68813,0
23076,-289792,-309248,4408,13552,34022,-51
23086,-289792,-461824,38976,14038,-77190,-19
23096,-289792,-429056,31552,14215,-62560,-12
23106,-286720,-325632,8816,13970,-4269,35
23116,-286720,-293888,1624,13598,3534,6
23126,-286720,-277504,-2088,13345,12472,0
23136,-286720,-233472,-12064,13151,54527,0
23146,-286720,-324608,8584,13317,4165,0
23156,-286720,-486400,45240,14158,-84373,0
23166,-286720,-468992,41296,15397,-33082,0
23176,-286720,-414720,29000,16639,23236,0
23186,-286720,-391168,23664,17898,39426,0
23196,-292864,-352256,13456,19004,59163,-159
23206,-292864,-293888,232,19829,85784,-49
23216,-306176,-349184,9744,20483,29329,-258
23226,-312320,-449536,31088,21203,-38567,-161
23236,-312320,-550912,54056,22134,-98521,-46
23246,-312320,-535552,50576,22865,-87517,-3826
23256,-388096,-461824,16704,22170,-39783,-906
23266,-388096,-332800,-12528,21201,47757,-238
23276,-366592,-256000,-25056,20380,100368,346
23286,-343040,-307200,-8120,19770,56030,613
23296,-343040,-421888,17864,19747,-17671,164
23306,-343040,-555008,48024,20546,-90570,38
23316,-343040,-468992,28536,21539,-8492,6
23326,-346112,-418816,16472,22476,34263,-81
23336,-343040,-431104,19952,23458,24899,121
23346,-343040,-462848,27144,24430,2386,29
23356,-343040,-463872,27376,25415,1124,3
23366,-343040,-535552,43616,26417,-51143,0
23376,-343040,-589824,55912,27400,-86749,0
23386,-302080,-476160,39440,28625,7458,1022
23396,-299008,-398336,22504,29902,58646,331
23406,-286720,-362496,17168,30995,56478,505
23416,-270336,-359424,20184,31911,25932,511
23426,-289792,-305152,3480,32511,36913,-791
23436,-346112,-378880,7424,32205,-32761,-2031
23446,-346112,-415744,13456,31735,-40965,-528
23456,-677888,-334848,-77720,25691,18703,-8770
23466,-677888,-353280,-73544,15785,13918,-2265
23476,-1004544,-495616,-115304,2442,-83639,-7769
23486,-1185792,-686080,-113216,-4062,-102572,-5219
23496,-1529856,-812032,-162632,-8273,-73908,-12489
23506,-1562624,-906240,-148712,-12783,-15273,-4207
23516,-1972224,-1178624,-179800,-16447,-75836,-19399
23526,-1972224,-1477632,-112056,-20830,-152555,-5007
23536,-1972224,-1796096,-39904,-24103,-225063,-1381
23546,-2196480,-1855488,-77256,-26954,-115928,-5768
23556,-2220032,-2011136,-47328,-28986,-93209,-2207
23566,-2268160,-2154496,-25752,-30018,-57695,-1670
23576,-2268160,-2160640,-24360,-29026,49788,-435
23586,-2268160,-2258944,-2088,-26508,37705,-126
23596,-1681408,-2376704,157528,-10805,-9329,12861
23606,-1681408,-2400256,162864,3608,-1836,3312
23616,-565248,-2268160,385816,9903,75147,34782
23626,-565248,-2014208,328280,20960,171924,8964
23636,-22528,-1694720,378856,31413,237742,23631
23646,-22528,-1434624,319928,42592,180243,6496
23656,-166912,-1007616,190472,51124,210513,-1305
23666,-286720,-750592,105096,55244,139427,-2152
23676,-286720,-577536,65888,57748,71004,-560
23686,-690176,-372736,-71920,52852,97970,-8462
23696,-753664,-444416,-70064,42773,2031,-3280
23707,-1013760,-678912,-75864,31804,-121953,-8252
23717,-1013760,-798720,-48720,20640,-54585,-2133
23727,-1013760,-764928,-56376,14514,20505,-592
23737,-1013760,-887808,-28536,11719,27550,-157
23747,-6241280,-1104896,-1163712,-4441,-32692,-107766
23757,-7071744,-1981440,-1153272,-15799,-420017,-39412
23767,-7757824,-3086336,-1058384,-41432,-554109,-28470
23777,-7757824,-4591616,-717344,-67987,-765323,-7835
23787,-7757824,-6053888,-386048,-86658,-779712,-2026
23797,-7757824,-6793216,-218544,-96406,-559996,-527
23807,-7757824,-7629824,-29000,-100579,-472766,-151
23817,-7145472,-7668736,118552,-85693,-152406,7987
23827,-7145472,-7688192,122960,-68454,-39714,2191
23837,-3946496,-7667712,843088,7306,-23260,58497
23847,-2172928,-7063552,1108032,21386,222676,76325
23857,-1698816,-6161408,1011056,39438,429758,33636
23867,-975872,-4900864,889256,64558,613363,43141
23877,-847872,-3775488,663288,84200,632950,15540
23887,-643072,-2670592,459360,101770,609806,9391
23897,-312320,-1843200,346840,115078,514498,10437
23907,-312320,-1357824,236872,124842,309103,2686
23917,-13312,-957440,213904,131792,236181,8211
23927,-4096,-623616,140360,137814,194058,2271
23937,0,-435200,98600,141705,117396,761
23947,0,-109568,24824,143744,160231,193
23957,3072,149504,-33176,143102,172933,183
23967,6144,214016,-47096,139109,99691,151
23977,6144,267264,-59160,131850,54332,34
23987,301056,275456,5800,130536,10155,5012
23997,301056,201728,22504,128794,-87758,1287
24007,10384384,371712,2268496,127157,-21424,252516
24017,14973952,1318912,3093720,127157,384445,143037
24027,14973952,3514368,2596312,155340,1057350,36880
24037,16284672,6750208,2160152,198845,1623416,40869
24047,16135168,10051584,1378312,248808,1764921,3852
24057,16135168,12631040,793904,284741,1534235,1055
24067,16135168,14431232,386048,305186,1095056,267
24077,16284672,15241216,236408,314455,587293,7198
24087,16284672,15697920,132936,320181,299097,1852
24097,16284672,15828992,103240,323855,91544,472
24107,6643712,15996928,-2119088,92411,60448,-183667
24117,3540992,15185920,-2638304,-11566,-344227,-147814
24127,3540992,13030400,-2149944,-33894,-994275,-38121
24137,1073152,10463232,-2127440,-78840,-1313568,-120812
24147,1073152,7624704,-1484336,-101112,-1455302,-31158
24157,1073152,5412864,-983216,-135510,-1378422,-8039
24167,1073152,3731456,-602272,-161651,-954126,-2215
24177,79872,2580480,-566544,-177658,-690129,-30723
24187,79872,1897472,-411800,-191882,-504814,-8455
24197,-4096,1752064,-397880,-205884,-175573,-3521
24207,0,1169408,-264944,-216334,-251501,-848
24217,0,587776,-133168,-223438,-309712,-223
24227,0,115712,-26216,-226637,-295804,-62
24237,0,-66560,15080,-225031,-134517,-22
24247,0,-279552,63336,-217062,-87471,-12
24257,0,-526336,119248,-203450,-165499,-12
24267,0,-696320,157760,-184772,-133313,-12
24277,0,-593920,134560,-164059,10682,-12
24287,0,-636928,144304,-143622,3385,-12
24297,0,-633856,143608,-122420,8640,-12
24307,0,-617472,139896,-101816,14412,-12
24317,0,-548864,124352,-83646,34676,-12
24327,0,-477184,108112,-66363,46345,-12
24337,391168,-529408,208568,-41850,-16042,8052
24347,1173504,-494592,377928,3335,-26794,13747
24357,7521280,-199680,1743944,9215,91946,172871
24367,9031680,653312,1898224,10943,363159,78668
24377,9031680,2565120,1465080,45623,873676,20281
24387,15400960,4805632,2400504,66898,1179635,186804
24397,15690752,7122944,1941144,76239,1254232,53764
24407,13367296,9560064,862576,109167,1280600,-71724
24417,10487808,11659264,-265408,104820,1191075,-101665
24427,10487808,12698624,-500888,46129,695579,-26221
24437,2697216,12430336,-2205160,-5725,65015,-159163
24447,2697216,10394624,-1743944,-22019,-923523,-41049
24457,504832,7906304,-1676896,-42719,-1373592,-52943
24467,259072,5386240,-1161624,-74396,-1482348,-18004
24477,-87040,3167232,-737296,-102919,-1265627,-13881
24487,-87040,1543168,-369344,-120424,-1049675,-3823
24497,-467968,1061888,-346608,-131075,-393476,-15021
24507,-611328,542720,-261464,-139704,-231937,-7463
24517,-611328,220160,-188384,-146605,-171339,-2057
24527,-1698816,-217088,-335704,-155259,-252993,-26116
24537,-1698816,-594944,-250096,-164583,-283010,-7188
24547,-4076544,-1018880,-692752,-171810,-252017,-44922
24557,-6926336,-2009088,-1114064,-178570,-500592,-66401
24567,-10181632,-3252224,-1569944,-188127,-700502,-105104
24577,-13625344,-4920320,-1972232,-190371,-894756,-89476
24587,-17213440,-7141376,-2259448,-210427,-1160933,-146983
24597,-17213440,-9671680,-1708680,-226419,-1282827,-40432
24607,-17213440,-12537856,-1059312,-264330,-1455210,-10431
24617,-17213440,-14721024,-564688,-290154,-1301669,-2873
24627,-17213440,-16178176,-234552,-304288,-941159,-745
24637,-17213440,-16850944,-77952,-309158,-476507,-196
24647,-14835712,-17304576,559352,-286104,-266693,82051
24657,-14835712,-17396736,580232,-200353,-53105,21154
24667,-2848768,-17080320,3224336,5805,177259,352155
24677,-2848768,-15795200,2933176,6439,617540,90805