R
Px,Ix,Dx,Py,Iy,Dy,Pz,Iz,FFrx,FFry,FFdrx,FFdry,satI,satPID,KFQAng,KFQbias,KFRmeas,CPx,CIx,CPy,CIy,CsatI,CsatPID,CFFdrx,CFFdry,CFalpha,iRelaxX,IRelaxY,DmaxR,DmaxE,DMx,DMy
58,80,47,58,80,47,250,0,0,0,150,0,500000,3000000,10,1,1000,0,0,0,0,0,0,0,0,0.995,4096,1024,0,0,0,0
sysTickMs,PIDRefXi,PIDSensXi,PIDPoutXi,PIDIoutXi,PIDDoutXi,PIDFFoutXi
113787,141312,78848,14152,62,-57156,-2079
113797,141312,78848,14152,62,-57156,-2079
113807,141312,78848,14152,62,-57156,-2079
113817,141312,78848,14152,62,-57156,-2079
113827,141312,78848,14152,62,-57156,-2079
113837,141312,78848,14152,62,-57156,-2079
113847,141312,78848,14152,62,-57156,-2079
113857,141312,78848,14152,62,-57156,-2079
113867,141312,78848,14152,62,-57156,-2079
113877,141312,78848,14152,62,-57156,-2079
113887,141312,78848,14152,62,-57156,-2079
113897,141312,78848,14152,62,-57156,-2079
113907,141312,78848,14152,62,-57156,-2079
113917,141312,78848,14152,62,-57156,-2079
113927,141312,78848,14152,62,-57156,-2079
113937,141312,78848,14152,62,-57156,-2079
113947,141312,78848,14152,62,-57156,-2079
113957,141312,78848,14152,62,-57156,-2079
113967,141312,78848,14152,62,-57156,-2079
113977,141312,78848,14152,62,-57156,-2079
113987,141312,78848,14152,62,-57156,-2079
113997,141312,78848,14152,62,-57156,-2079
114007,141312,78848,14152,62,-57156,-2079
114017,141312,78848,14152,62,-57156,-2079
114027,141312,78848,14152,62,-57156,-2079
114037,141312,78848,14152,62,-57156,-2079
114047,141312,78848,14152,62,-57156,-2079
114057,141312,78848,14152,62,-57156,-2079
114067,141312,78848,14152,62,-57156,-2079
114077,141312,78848,14152,62,-57156,-2079
114087,141312,78848,14152,62,-57156,-2079
114097,141312,78848,14152,62,-57156,-2079
114107,141312,78848,14152,62,-57156,-2079
114117,141312,78848,14152,62,-57156,-2079
114127,141312,78848,14152,62,-57156,-2079
114137,141312,78848,14152,62,-57156,-2079
114147,141312,78848,14152,62,-57156,-2079
114157,141312,78848,14152,62,-57156,-2079
114167,141312,78848,14152,62,-57156,-2079
114177,141312,78848,14152,62,-57156,-2079
114187,141312,78848,14152,62,-57156,-2079
114197,141312,78848,14152,62,-57156,-2079
114207,141312,78848,14152,62,-57156,-2079
114217,141312,78848,14152,62,-57156,-2079
114227,141312,78848,14152,62,-57156,-2079
114237,141312,78848,14152,62,-57156,-2079
114247,141312,78848,14152,62,-57156,-2079
114257,141312,78848,14152,62,-57156,-2079
114267,141312,78848,14152,62,-57156,-2079
114277,141312,78848,14152,62,-57156,-2079
114287,141312,78848,14152,62,-57156,-2079
114297,141312,78848,14152,62,-57156,-2079
114307,0,9216,-2088,-52,3499,-22756
114317,0,3072,-696,-115,-2743,-5892
114327,0,8192,-1856,-172,837,-1648
114337,0,9216,-2088,-235,1319,-454
114347,0,8192,-1856,-279,1434,-152
114357,0,6144,-1392,-334,-437,-69
114367,0,10240,-2320,-389,2593,-69
114377,0,4096,-928,-450,-2548,-69
114387,0,6144,-1392,-502,-437,-69
114397,0,8192,-1856,-557,642,-69
114407,0,6144,-1392,-623,-1366,-69
114417,0,5120,-1160,-684,-2020,-69
114427,0,15360,-3480,-783,3121,-69
114437,0,3072,-696,-781,-1068,-69
114447,0,30720,-6960,-944,9937,-69
114457,0,-17408,3944,-793,-14091,-69
114467,0,31744,-7192,-730,17613,-69
114477,0,11264,-2552,-915,-4269,-69
114487,0,13312,-3016,-653,9271,-69
114497,0,13312,-3016,-768,-104,-69
114507,0,-8192,1856,-597,-6094,-69
114518,0,16384,-3712,-704,4371,-69
114528,0,8192,-1856,-808,-20035,-69
114538,0,25600,-5800,-803,8204,-69
114548,0,8192,-1856,-378,10751,-69
114558,0,-7168,1624,-358,-7046,-69
114568,0,17408,-3944,-31,15972,-69
114578,0,21504,-4872,-72,11084,-69
114588,0,34816,-7888,-208,15754,-69
114598,0,2048,-464,-420,-13334,-69
114608,0,-8192,1856,-386,-8974,-69
114618,0,-19456,4408,-253,-16650,-69
114628,0,-14336,3248,-239,-15239,-69
114638,0,29696,-6728,-329,9776,-69
114648,0,37888,-8584,-504,12702,-69
114658,0,11264,-2552,-588,-8308,-69
114668,0,-53248,12064,-102,-38613,-69
114678,0,14336,-3248,128,20883,-69
114688,0,7168,-1624,-46,9696,-69
114698,0,-57344,12992,195,-24143,-69
114708,0,81920,-18560,-109,67791,-69
114718,0,-70656,16008,53,-43765,-69
114728,0,-72704,16472,329,-27631,-69
114738,0,50176,-11368,418,63213,-69
114748,0,-104448,23664,314,-56846,-69
114758,0,23552,-5336,330,43419,-69
114768,0,-63488,14384,551,-19679,-69
114778,0,-74752,16936,852,-28733,-69
114788,0,-15360,3480,1233,27194,-69
114798,0,-89088,20184,1680,-25245,-69
114808,0,-51200,11600,2383,22157,-69
114818,0,-123904,28072,2700,-46392,-69
114828,0,24576,-5568,3059,62949,-69
114838,0,-20480,-928,3315,33437,-69
114848,0,-115712,26216,3519,-56857,-69
114858,0,-50176,11368,3837,-3672,-69
114868,0,-98304,22272,4575,-11969,-69
114878,0,-48128,10904,5121,15020,-69
114888,0,16384,-3712,5614,59782,-69
114898,0,-49152,11136,5883,1204,-69
114908,0,-70656,16008,6292,-12324,-69
114918,0,-167936,38048,6807,-77603,-69
114928,0,-126976,28768,7417,-38532,-69
114938,0,-113664,25752,7945,-32852,-69
114948,0,-133120,30160,8136,-72245,-69
114958,0,-140288,31784,7987,-74264,-69
114968,0,-89088,20184,7755,-44017,-69
114978,0,-81920,18560,7732,-41619,-69
114988,0,-11264,2552,7970,20069,-69
114998,0,-62464,14152,8394,-2525,-69
115008,0,-108544,24592,9253,-8584,-69
115018,0,-191488,43384,10550,-34872,-69
115028,0,-274432,62176,12316,-49445,-69
115038,0,-260096,58928,14471,-8790,-69
115048,0,-158720,35960,16259,52875,-69
115058,0,-84992,19256,17427,57430,-69
115068,0,-102400,23200,18107,-746,-69
115078,0,-61440,13920,18525,1985,-69
115088,0,-16384,3712,18744,16030,-69
115098,0,48128,-10904,18325,39002,-69
115108,0,-4096,928,17255,-20792,-69
115118,3072,-49152,11832,16862,-39381,251
115128,12288,-1024,3016,17122,21434,1835
115138,12288,-77824,20416,17748,-16903,448
115148,70656,-82944,34800,18558,-18016,11155
115158,70656,-41984,25520,19401,-6369,2856
115168,104448,39936,14616,20105,32473,5163
115178,116736,104448,2784,20694,57166,2568
115188,141312,155648,-3248,20864,62525,5117
115198,147456,65536,18560,21288,-14355,2252
115208,150528,1024,33872,22006,-49307,837
115218,150528,68608,18560,22902,20310,192
115228,150528,87040,14384,23899,46609,32
115238,150528,38912,25288,24974,10843,0
115248,150528,81920,15544,25788,-13334,0
115258,181248,39936,32016,26550,-20230,4037
115268,181248,38912,32248,27278,-32542,1016
115278,221184,154624,15080,27740,31474,7525
115288,256000,223232,7424,28512,60953,6211
115298,305152,169984,30624,29421,-37832,13165
115308,321536,148480,39208,30476,-24246,6573
115318,321536,260096,13920,30998,14767,1670
115328,352256,325632,6032,31102,26242,8166
115338,355328,395264,-9048,31005,54447,2600
115348,355328,434176,-17864,30314,45588,640
115358,369664,314368,12528,29972,-34046,1432
115368,369664,259072,25056,29935,-59473,343
115378,369664,289792,18096,30485,-11200,68
115388,369664,193536,39904,31408,-54643,0
115398,369664,260096,24824,32463,10958,0
115408,412672,376832,8120,33489,88033,5300
115418,412672,300032,25520,34503,12794,1341
115428,405504,373760,7192,35266,49891,-829
115438,405504,390144,3480,35752,40505,-257
115448,405504,393216,2784,36287,40447,-97
115458,405504,385024,4640,36740,30637,-69
115468,405504,358400,10672,37214,7401,-69
115478,369664,419840,-11368,36984,2535,-2280
115488,369664,285696,19024,36832,-50581,-655
115498,369664,339968,6728,36775,-7700,-197
115508,369664,271360,22272,36903,-54631,-78
115518,372736,286720,19488,37246,-26587,439
115528,372736,329728,9744,37467,41102,91
115538,376832,310272,15080,37852,-6243,897
115548,379904,365568,3248,38337,37476,668
115558,379904,307200,16472,38778,-8193,160
115568,394240,310272,19024,39482,2581,2600
115578,394240,280576,25752,40212,-16903,686
115588,394240,280576,25752,40841,-21848,151
115598,394240,331776,14152,41274,206,13
115608,391168,329728,13920,41713,-3431,-509
115618,391168,403456,-2784,41871,42731,-161
115628,391168,315392,17168,42247,-21033,-69
115638,321536,399360,-17632,41868,38405,-10506
115648,321536,256000,14848,40959,-64189,-2733
115658,321536,273408,10904,40724,-30351,-779
115668,228352,263168,-7888,39743,-20012,-14214
115678,228352,302080,-16704,38050,20378,-3928
115688,168960,322560,-34800,34661,39759,-5713
115698,132096,231424,-22504,32110,-60747,-6684
115708,122880,147456,-5568,30256,-38119,-2862
115718,122880,224256,-22968,28960,42501,-756
115728,61440,190464,-29232,27057,30832,-9458
115738,46080,50176,-928,24550,-61516,-4601
115748,46080,106496,-13688,22974,5255,-1214
115758,46080,93184,-10672,22666,31096,-362
115768,55296,-104448,36192,23080,-79818,1840
115778,55296,-38912,21344,23999,3385,448
115788,79872,-195584,62408,25210,-91889,3556
115798,116736,-4096,27376,26670,61136,8734
115808,122880,-46080,63336,28123,-70707,3346
115818,129024,-107520,53592,29409,-50007,1757
115828,129024,101376,6264,30319,71922,421
115838,129024,73728,12528,30863,-1125,82
115848,132096,50176,18560,31299,-10488,411
115858,153600,160768,-1624,31811,62502,3570
115868,153600,51200,23200,32391,-21642,961
115878,153600,105472,10904,33161,31130,219
115888,224256,116736,24360,34151,9489,6362
115898,224256,53248,38744,35426,-14114,1730
115908,314368,126976,42456,36961,31210,12304
115918,348160,175104,39208,38438,43706,11860
115928,348160,167936,40832,39973,11084,3030
115938,348160,188416,36192,41232,-26656,759
115948,451584,232448,49648,42420,24050,26193
115958,451584,296960,35032,44258,59690,6729
115968,514048,207872,69368,46188,-23214,10066
115978,540672,191488,79112,48522,-42560,4953
115988,600064,415744,41760,50630,92577,11398
115998,625664,396288,51968,52572,32186,6275
116008,659456,354304,69136,54378,-35824,9558
116018,670720,489472,41064,55854,25221,4660
116028,670720,552960,26680,56987,28571,1171
116038,676864,644096,-928,57706,83626,782
116048,676864,607232,15776,58130,-2066,192
116058,500736,578560,-17632,55249,-37511,-21758
116068,451584,635904,-41760,48682,-10901,-10410
116079,308224,645120,-76328,40102,-2468,-27187
116089,215040,421888,-46864,29770,-116663,-17835
116099,79872,371712,-66120,21161,-85876,-36800
116109,18432,329728,-70528,11108,-37236,-19355
116119,18432,141312,-27840,4337,-83386,-5013
116129,-4096,-40960,8352,1213,-124684,-3292
116139,-4096,-110592,24128,957,-90879,-875
116149,-4096,-69632,14848,1518,-5703,-271
116159,-4096,-74752,16008,2453,23729,-101
116169,-44032,-240640,44544,3524,-73128,-6446
116179,-68608,-206848,31320,4144,-37936,-4647
116189,-176128,-117760,-13224,4535,31773,-24990
116199,-176128,-149504,-6032,4306,-20632,-6469
116209,-247808,-268288,4640,4073,-34195,-10108
116219,-247808,-390144,32248,4652,-66794,-2633
116229,-335872,-481280,32944,5294,-88940,-14846
116239,-346112,-452608,24128,6032,-22445,-4967
116249,-472064,-409600,-15080,6659,46082,-27402
116259,-519168,-542720,5336,6576,-24373,-14626
116269,-788480,-685056,-23432,6660,-93817,-80851
116279,-1024000,-680960,-77720,-419,-62985,-74314
116289,-1024000,-770048,-57536,-3027,-76421,-19190
116299,-1579008,-904192,-152888,-7244,-89227,-65612
116309,-1993728,-1159168,-189080,-13799,-131729,-49576
116319,-2757632,-1645568,-251952,-20372,-263848,-127428
116329,-3618816,-2031616,-359600,-29097,-285122,-128655
116339,-6784000,-2469888,-977416,-36597,-251891,-689013
116349,-6784000,-3355648,-776736,-48626,-422266,-177700
116359,-12989440,-4679680,-1882680,-52383,-653698,-723212
116369,-12989440,-6975488,-1362536,-73030,-1140462,-186512
116379,-17213440,-9462784,-1756008,-87837,-1405778,-642316
116389,-17213440,-12190720,-1137960,-107639,-1562326,-176697
116399,-17213440,-14486528,-617816,-134238,-1359157,-45594
116409,-17213440,-16221184,-224808,-147789,-1095149,-12566
116419,-17213440,-16930816,-64032,-152589,-545871,-3269
116429,-17213440,-17294336,18328,-152236,-290193,-870
116439,-17213440,-17422336,47328,-149095,-157788,-266
116449,-17213440,-17406976,43848,-145476,-80656,-97
116459,-17213440,-17392640,40600,-140885,-28595,-69
116469,-2555904,-17494016,3384416,1975,-14481,1932975
116479,-1546240,-17042432,3510856,1975,230295,594854
116489,-601088,-15139840,3293936,40097,862947,347181
116499,-484352,-11994112,2607680,110953,1528509,104891
116509,-279552,-8715264,1911216,177067,1776935,48381
116519,-10240,-5508096,1245608,228457,1726607,61486
116529,-10240,-3204096,723608,259823,1375449,15834
116539,0,-1719296,389528,279089,943465,5310
116549,0,-944128,213904,289314,519088,1341
116559,0,-543744,123192,294682,285832,343
116569,0,-276480,62640,297790,174115,64
116579,6144,-183296,42920,299182,46265,1029
116589,12288,63488,-11600,297647,67883,1066
116599,12288,247808,-53360,289739,36512,251
116609,391168,534528,-32480,280169,79714,64723
116619,458752,763904,-69136,272432,105600,26133
116629,2879488,932864,441032,261757,75973,577381
116639,2879488,1329152,351248,268089,185946,158793
116649,6713344,2045952,1057456,271623,343859,514924
116659,7218176,3474432,848192,285899,670243,175135
116669,7756800,5293056,558192,303432,923556,140107
116679,8162304,6927360,279792,315117,864428,86238
116689,8415232,8129536,64728,320299,711999,46348
116699,8415232,8774656,-81432,315993,419431,11929
116709,8415232,9160704,-168896,298477,256836,3053
116719,8941568,9192448,-56840,290113,96708,47937
116729,8941568,9266176,-73544,280383,46036,12336
116739,9308160,9484288,-39904,275162,113024,48692
116749,9214976,9621504,-92104,264269,79404,4705
116759,9308160,9782272,-107416,247483,36259,16104
116769,9308160,10060800,-170520,224158,77407,4399
116779,6782976,10144768,-761656,141328,16466,-355285
116789,6782976,9833472,-691128,39719,-147082,-97751
116799,6782976,8940544,-488824,-11438,-430218,-25232
116809,2242560,8042496,-1314048,-14396,-481532,-424462
116819,2242560,6123520,-879280,-37991,-984878,-116781
116829,707584,4713472,-907584,-56408,-803705,-208054
116839,391168,2999296,-590904,-74932,-874687,-127181
116849,391168,1866752,-334312,-89000,-641569,-32827
116859,391168,1058816,-151264,-96862,-517299,-8497
116869,398336,930816,-120640,-101477,-156055,-774
116879,398336,877568,-108576,-104944,-14986,-229
116889,398336,782336,-87000,-107958,-28813,-92
116899,398336,724992,-74008,-111077,-47827,-69
116909,394240,627712,-52896,-113679,-87012,-710
116919,394240,680960,-64960,-115534,32358,-206
116929,416768,493568,232,-116030,-85957,4582
116939,416768,327680,20184,-113625,-44832,1235
116949,1116160,93184,231768,-97851,-128149,134614
116959,1116160,479232,144304,-70590,172658,37005
116969,3040256,313344,617816,-13957,-52864,298228
116979,3578880,1221632,532672,12153,348001,135406
116989,3578880,2058240,344520,25344,444182,37220
116999,4032512,3083264,215064,34087,528887,77636
117009,4032512,3909632,27840,38456,547797,21331
117019,4119552,3902464,49184,40170,129215,12322
117029,4119552,4132864,-3016,39634,90442,3364
117039,3464192,4283392,-185600,35934,116639,-178840
117049,3464192,4142080,-153584,14791,29122,-46143
117059,3464192,3923968,-104168,-1691,-108527,-12717
117069,2554880,4047872,-338256,-5075,100219,-263457
117079,2554880,3676160,-254040,-12447,-67299,-67965
117089,2554880,3357696,-181888,-19719,-172188,-18723
117099,2554880,3074048,-117624,-25408,-185476,-4857
117109,2554880,2922496,-75632,-29148,-143146,-1282
117119,2554880,2967552,-93496,-31616,34217,-380
117129,1324032,2736128,-319928,-34175,-82893,-330268
117139,1337344,2895872,-353104,-42468,43970,-88285
117149,1350656,2538496,-269120,-51919,-65716,-20911
117159,1350656,1773568,-95816,-58468,-348783,-5420
117169,1350656,1538048,-42456,-61855,-261886,-1511
117179,1422336,1609728,-42456,-62148,11543,9045
117189,1422336,1372160,11368,-61656,-81516,2311
117199,1734656,1522688,48024,-59540,21342,61276
117209,1848320,1588224,58928,-51709,24968,30766
117219,2219008,1608704,138272,-36648,80987,52537
117229,2219008,1975296,55216,-23988,136490,14419
117239,2219008,1935360,64264,-14750,19770,3694
117249,2219008,2294784,-17168,-11097,84797,929
117259,2419712,2028544,88624,-5335,-65888,36781
117269,2726912,2327552,90480,2092,100724,47442
117279,2726912,2356224,83984,4963,30648,13018
117289,2726912,2624512,23200,6526,99014,3332
117299,2726912,2781184,-12296,6281,92783,897
117309,3210240,2720768,110896,4151,-41539,121742
117319,2911232,2891776,4408,5976,58853,-19684
117329,2726912,2816000,-20184,3140,-23237,-28226
117339,2726912,2876416,-33872,-486,7320,-7306
117349,1577984,2895872,-298584,-3375,25427,-211263
117359,1406976,2542592,-257288,-11396,-149767,-75646
117369,773120,2200576,-323408,-20292,-173738,-121546
117379,773120,1530880,-171680,-27756,-335013,-33458
117389,432128,1116160,-154976,-33460,-255311,-50817
117399,394240,665600,-61480,-36793,-242711,-16311
117410,190464,452608,-59392,-39094,-175390,-39304
117420,122880,364544,-54752,-40859,-58521,-17995
117430,30720,394240,-82360,-41830,41974,-26706
117440,6144,-62464,15544,-41353,-157042,-10849
117450,0,-98304,22272,-39316,-70156,-3539
117460,0,-58368,13224,-33741,58382,-998
117470,0,-349184,79112,-27318,-130708,-284
117480,0,-100352,22736,-21846,58187,-110
117490,-4096,-138240,30392,-17265,10189,-966
117500,-4096,-69632,37352,-11824,-6151,-275
117510,-4096,-374784,83984,-5291,-134196,-106
117520,-4096,-156672,34568,739,42995,-69
117530,0,-223232,50576,2562,6632,558
117540,0,-247808,56144,4779,7596,128
117550,0,-436224,98832,7126,-119164,4
117560,0,-117760,26680,9092,113242,0
117570,0,-270336,61248,11140,-13518,0
117580,0,-305152,69136,13478,-22651,0
117590,0,-254976,57768,15728,24911,0
117600,-4096,-354304,79344,18256,-37614,-1172
117610,-4096,-315392,70528,20709,-45555,-326
117620,-4096,-163840,36192,22802,85072,-120
117630,-4096,-338944,75864,24851,-62606,-69
117640,-4096,-335872,75168,26856,-53162,-69
117650,-7168,-272384,60088,28653,-27287,-518
117660,-7168,-265216,58464,30542,-19416,-170
117670,-19456,-166912,33408,32121,30166,-2610
117680,-40960,-168960,29000,33447,23316,-3731
117690,-71680,-13312,-13224,33904,108343,-4390
117700,-71680,-388096,71688,33931,-170226,-1163
117710,-123904,-86016,-8584,33865,69123,-8176
117720,-142336,-476160,75632,34562,-182539,-4011
117730,-166912,-191488,5568,36055,99943,-5837
117740,-182272,-448512,60320,37925,-42353,-3795
117750,-229376,-368640,31552,39934,39713,-13642
117760,-250880,-438272,42456,41049,-40621,-7723
117770,-250880,-415744,37352,42062,-23237,-2147
117780,-299008,-534528,53360,43445,-67265,-6240
117790,-328704,-563200,53128,45423,1078,-7045
117800,-349184,-653312,68904,47719,-37385,-4839
117810,-353280,-622592,61016,50388,31004,-1667
117820,-388096,-545792,35728,52571,53586,-6798
117830,-388096,-815104,96744,54809,-118441,-1896
117840,-392192,-438272,10440,56602,138521,-907
117850,-392192,-696320,68904,58220,-73358,-275
117860,-377856,-569344,43384,60092,32014,1794
117870,-377856,-514048,30856,61617,51934,471
117880,-356352,-772096,94192,63635,-124293,4014
117890,-356352,-471040,25984,65422,87103,1016
117900,-359424,-643072,64264,67294,-40506,-518
117910,-359424,-573440,48488,69182,11187,-161
117920,-359424,-434176,16936,70996,112738,-69
117930,-359424,-464896,23896,72037,40906,-69
117940,-359424,-376832,3944,73251,94550,-69
117950,-359424,-631808,47560,73957,-65130,-69
117960,-359424,-510976,34336,74494,-44063,-69
117970,-359424,-245760,-25752,73962,129777,-69
117980,-353280,-570368,49184,73353,-123272,709
117990,-349184,-460800,25288,72235,-59600,1126
118000,-349184,-269312,-18096,71764,90431,270
118010,-349184,-444416,21576,72154,-23661,54
118020,-343040,-430080,19720,71791,-36306,503
118030,-343040,-211968,-29696,71304,124809,109
118040,-343040,-431104,19952,70636,-51441,0
118050,-343040,-175104,-38048,69895,141539,0
118060,-343040,-410624,31552,69179,-89273,0
118070,-343040,-256000,-19720,69062,90190,0
118080,-332800,-498688,37584,68744,-91568,1222
118090,-332800,-287744,-10208,68569,57166,315
118100,-319488,-497664,40368,68463,-96066,1602
118110,-315392,-354304,8816,68570,15548,759
118120,-315392,-512000,44544,69058,-95802,173
118130,-315392,-362496,10672,69661,32450,22
118140,-312320,-363520,11600,70152,19793,238
118150,-312320,-406528,21344,70878,-4361,41
118160,-312320,-342016,6728,71649,51383,0
118170,-315392,-308224,-1624,71976,53024,-646
118180,-315392,-420864,23896,72417,-32175,-197
118190,-315392,-284672,-6960,72739,64200,-78
118200,-309248,-455680,33176,72543,-77580,439
118210,-312320,-367616,12528,72276,-22020,-362
118220,-309248,-357376,10904,72393,-16937,215
118230,-309248,-368640,13456,72832,-11796,36
118240,-309248,-381952,16472,72976,-23569,0
118250,-309248,-395264,19488,73188,-30707,0
118260,-309248,-237568,-16240,73052,77315,0
118270,-309248,-274432,-7888,72947,48663,0
118280,-309248,-292864,-3712,73121,33081,0
118290,-312320,-340992,6496,73326,-1114,-609
118300,-312320,-429056,26448,73568,-59634,-197
118310,-309248,-448512,31552,73959,-50753,750
118320,-312320,-362496,11368,74528,24096,-412
118330,-312320,-338944,6032,75027,33655,-133
118340,-322560,-328704,1392,75294,25083,-2280
118350,-322560,-270336,-11832,74971,54860,-655
118360,-328704,-290816,-8584,74153,24808,-1008
118370,-335872,-338944,696,73310,-9352,-1030
118380,-346112,-371712,5800,73107,-19060,-2280
118390,-366592,-380928,3248,73113,-10167,-3319
118400,-366592,-475136,24592,73287,-63490,-939
118410,-366592,-516096,33872,73456,-70363,-271
118420,-366592,-470016,23432,73858,17246,-101
118430,-1209344,-471040,-167272,71052,-8159,-211982
118440,-1209344,-543744,-150800,47486,-38796,-54690
118450,-1498112,-717824,-176784,23026,-89606,-53156
118460,-1498112,-951296,-123888,2228,-99371,-13733
118470,-1498112,-1275904,-50344,-2149,-129973,-3800
118480,-4444160,-1686528,-624776,-4009,-205212,-389525
118490,-7917568,-2394112,-1251408,-15205,-405743,-973888
118500,-9309184,-3384320,-1342352,-17591,-549554,-488741
118510,-9309184,-5260288,-917328,-38726,-961997,-134464
118521,-12865536,-7387136,-1241200,-45843,-1157008,-353119
118531,-12865536,-9346048,-797384,-68822,-1110169,-97161
118541,-12865536,-11294720,-355888,-86044,-975537,-25081
118551,-13625344,-12620800,-227592,-95100,-728948,-70276
118561,-13241344,-13309952,15544,-97406,-431297,46206
118571,-13241344,-13628416,87696,-87838,-217284,11883
118581,-9309184,-13648896,983216,-5617,-60586,652940
118591,-8942592,-12985344,915936,13775,292671,230932
118601,-7293952,-11778048,1015928,29203,609864,250621
118611,-6644736,-10465280,865592,49386,700238,127033
118621,-4540416,-8943616,997600,64514,763830,369534
118631,-4210688,-7633920,775576,82409,740731,142382
118641,-2420736,-6522880,929392,100038,617632,458656
118651,-1735680,-5475328,847264,114090,606008,243081
118661,-1735680,-4398080,603200,134727,624838,62654
118671,-1735680,-3499008,399504,151701,522473,16127
118681,-250880,-2753536,567008,161841,415805,257899
118691,-111616,-1991680,425952,174861,393051,82621
118701,-111616,-1282048,256592,185875,384778,21281
118711,3072,-711680,161936,192054,275264,24179
118721,3072,-201728,46400,194816,222527,6211
118731,269312,156672,25520,195581,199325,42137
118741,269312,348160,-17864,194535,107344,11567
118751,620544,600064,4640,194265,153495,41125
118761,620544,732160,-25288,193690,128951,11283
118771,2638848,846848,406000,194552,95514,305726
118781,2974720,1115136,421312,204469,147586,115306
118791,4840448,1933312,658648,212544,305993,444035
118801,5441536,2908160,573968,223344,451055,204666
118811,5441536,4017152,322712,236163,553305,52748
118821,6506496,4988928,343824,243381,531056,235134
118831,6506496,5748736,171680,250171,414313,60607
118841,6438912,6263808,39672,252987,270823,-2688
118851,6438912,6766592,-74240,248047,252280,-710
118861,6438912,6947840,-135952,234103,206887,-206
118871,6506496,7095296,-133400,218062,112497,7260
118881,6438912,6999040,-126904,200094,-12049,-11280
118891,6438912,6873088,-98368,181492,-75985,-2939
118901,5617664,7052288,-325032,160821,21480,-235795
118911,4998144,6891520,-428968,109286,-68079,-181165
118921,4998144,6780928,-403912,52322,-45853,-49851
118931,3427328,5976064,-577448,1637,-376299,-434203
118941,3040256,5504000,-558192,-12817,-335759,-199659
118951,3040256,4637696,-361920,-26883,-489266,-51513
118961,3040256,3806208,-173536,-36111,-476495,-13308
118971,610304,3416064,-635680,-39650,-242952,-475695
118981,419840,2696192,-515736,-50949,-376896,-149483
118991,419840,2118656,-384888,-64568,-288139,-38567
119001,419840,1063936,-145928,-73309,-542199,-10634
119011,419840,695296,-62408,-77101,-287703,-2770
119021,-4096,343040,-78648,-77259,-195390,-114496
119031,-4096,316416,-72616,-79506,-44430,-29549
119041,-4096,24576,-6496,-81217,-154460,-7650
119051,0,192512,-43616,-81912,33023,-1740
119061,0,-62464,14152,-80838,-82250,-481
119071,0,-350208,79344,-75176,-170834,-152
119081,0,-234496,53128,-67159,-2330,-69
119091,0,-321536,72848,-56473,-15491,-69
119101,0,-415744,94192,-45769,-69158,-69
119111,0,-311296,70528,-35329,4842,-69
119121,6144,-192512,45008,-26991,54722,993
119131,6144,-123904,29464,-20159,73609,251
119141,95232,-185344,63568,-12679,-8297,13398
119151,95232,-145408,54520,-4548,8250,3433
119161,95232,-11264,24128,474,79186,920
119171,162816,123904,8816,2087,135480,6262
119181,162816,-95232,58464,3448,-60047,1583
119191,153600,28672,28304,4734,26839,-728
119201,153600,100352,12064,5519,44716,-216
119211,153600,161792,-1856,6030,64533,-87
119221,178176,87040,20648,6584,-8354,2796
119231,178176,-2048,40832,7271,-67356,736
119241,178176,22528,35264,7612,-47999,164
119251,178176,257024,-17864,6731,93357,18
119261,466944,64512,91176,6357,-72336,68069
119271,636928,237568,90480,9066,44154,44737
119281,636928,230400,92104,12169,4520,11508
119291,1771520,455680,298120,18188,95549,167010
119301,1771520,887808,200216,26227,255952,43043
119311,1771520,1176576,134792,32030,232119,11819
119321,4301824,1502208,634288,34863,214460,562229
119331,4301824,1944576,534064,45457,293325,144955
119341,4301824,2619392,381176,59113,425719,39843
119351,5499904,3411968,473048,69373,501084,275024
119361,5499904,3961856,348464,79823,427096,75627
119371,5441536,4473856,219240,88936,346074,13133
119381,4443136,4917248,-107416,89273,292384,-203504
119391,4443136,5139456,-157760,72050,232177,-56008
119401,3074048,4869120,-406696,54160,-11108,-406174
119411,2942976,4401152,-330368,4603,-164833,-131923
119421,2911232,3971072,-240120,-8598,-297629,-41076
119431,2911232,3422208,-115768,-14767,-353705,-10621
119441,2911232,3122176,-47792,-17573,-268529,-2948
119451,2911232,3174400,-59624,-19436,-55147,-788
119461,2726912,2980864,-57536,-21625,-129916,-35610
119471,2726912,3074048,-78648,-24895,-56662,-9820
119481,2668544,3264512,-135024,-28828,73265,-10767
119491,2611200,3022848,-56376,-32214,-169790,-8648
119501,2611200,2860032,-56376,-34523,-78097,-2399
119511,2472960,2740224,-60552,-36361,-60908,-20092
119521,2446336,2595840,-33872,-37669,-68274,-8268
119531,2057216,2413568,-80736,-39243,-123812,-77738
119541,2057216,2483200,-96512,-42343,-12852,-20073
119551,2057216,2281472,-50808,-44649,-89870,-5553
119561,2171904,2027520,32712,-45002,-178786,20819
119571,2171904,2058240,25752,-42677,-74597,5708
119581,3210240,2142208,241976,-20071,21698,162249
119591,3210240,2051072,262624,4311,-70030,41812
119601,3945472,2610176,302528,11890,209641,114903
119611,4032512,3003392,233160,20528,253462,45524
119621,4032512,3334144,158224,27012,213416,11714
119631,4075520,3723264,79808,30928,251867,8871
119641,3464192,3890176,-96512,31195,187368,-151465
119651,3175424,3658752,-109504,15631,-85498,-91668
119661,2911232,3495936,-132472,-1844,-157352,-60082
119671,2171904,3297280,-254968,-6090,-140071,-201426
119681,1949696,2967552,-206248,-12320,-234220,-89905
119691,1949696,2410496,-104400,-17495,-313969,-24756
119701,719872,2411520,-383264,-24861,-75159,-172967
119711,594944,1842176,-282576,-33731,-263331,-70354
119721,594944,1346560,-170288,-41450,-329287,-18165
119731,308224,947200,-133168,-47492,-287485,-30378
119741,308224,763904,-103240,-50980,-94918,-8382
119752,193536,166912,6032,-52889,-303068,-16361
119762,193536,307200,-25752,-52989,41756,-4249
119772,196608,163840,7424,-51239,-38899,-669
119782,187392,18432,38280,-46107,-42617,-1273
119792,178176,-120832,67744,-39056,-142114,-1131
119802,116736,-133120,56608,-31314,-37798,-10827
119812,101376,-4096,23896,-24877,68641,-4596
119822,3072,-75776,17864,-18552,-4315,-22934
119832,3072,-285696,65424,-11975,-80334,-6331
119842,3072,-333824,76328,-3618,-73289,-1653
119852,0,-418816,94888,1769,-96777,-742
119862,0,-155648,35264,4005,94298,-220
119872,0,-222208,57536,6258,14492,-83
119882,0,-358400,81200,8465,-62078,-69
119892,0,-263168,59624,10736,9409,-69
119902,0,-437248,99064,12939,-121459,-69
119912,0,-205824,46632,14990,40436,-69
119922,0,-211968,48024,16800,16638,-69
119932,0,-224256,50808,18608,-32038,-69
119942,0,-194560,44080,20665,38669,-69
119952,0,-370688,83984,22631,-102595,-69
119962,0,-318464,72152,24424,-68137,-69
119972,0,-210944,47792,26051,-2100,-69
119982,0,-172032,38976,27484,15135,-69
119992,-4096,-226304,50344,29052,-22124,-463
120002,-4096,-6144,15312,30177,60092,-142
120012,-7168,-228352,50112,31216,-67173,-527
120022,-7168,-260096,57304,32214,-92991,-161
120032,-7168,-144384,31088,33218,1445,-69
120042,-10240,-195584,41992,34475,-25543,-486
120052,-10240,-57344,10672,35678,70855,-152
120062,-10240,-198656,42688,36814,-38578,-69
120072,-10240,-327680,71920,37907,-136181,-69
120082,-10240,-125952,26216,38597,14400,-69
120092,-10240,-224256,48488,39753,-51613,-69
120102,-10240,-167936,35728,41163,13356,-69
120112,-10240,-143360,30160,42712,37349,-69
120122,-10240,-232448,66816,44197,-90902,-69
120132,-13312,-265216,57072,45680,-47150,-486
120142,-13312,-256000,54984,47188,-40781,-152
120152,-123904,-234496,25056,48614,-769,-21552
120162,-123904,-138240,3248,49626,83638,-5585
120172,-257024,-164864,-1856,50267,3121,-34942
120182,-295936,-391168,21576,50614,-58487,-17194
120192,-295936,-394240,22272,51175,-29112,-4464
120202,-444416,-548864,15544,52119,-69961,-38512
120212,-585728,-463872,-27608,50054,-11142,-36352
120222,-585728,-454656,-29696,46634,23557,-9403
120232,-994304,-722944,-61480,45359,-106841,-112198
120242,-1106944,-666624,-99760,34759,13517,-49466
120252,-1106944,-1131520,5568,26711,-230525,-12781
120262,-1482752,-1094656,-87928,17406,-52026,-60027
120272,-1482752,-1405952,-17400,9740,-150433,-16535
120282,-1579008,-1456128,-27840,7394,-17522,-16187
120292,-1792000,-1785856,-1392,4121,-129434,-23548
120302,-2036736,-2070528,7656,1436,-208047,-47878
120312,-2058240,-2003968,-12296,98,-34516,-15033
120322,-2196480,-2264064,15312,893,-99956,-36750
120332,-2220032,-2242560,5104,1824,29225,-13527
120342,-2220032,-2533376,70992,3419,-111545,-3507
120352,-2528256,-2648064,27144,3670,-110421,-36521
120362,-2528256,-2717696,42920,4637,-69915,-9449
120372,-2639872,-2885632,55680,6106,-92566,-16416
120382,-2639872,-2817024,40136,8379,52255,-4253
120392,-2639872,-3076096,98832,11205,-88481,-1122
120402,-2639872,-3106816,105792,14381,-63570,-339
120412,-2639872,-3145728,114608,18152,-46622,-120
120422,-2639872,-3267584,142216,22061,-106531,-69
120432,-2639872,-3085312,100920,26213,45187,-69
120442,-2612224,-3039232,96744,30261,60344,2128
120452,-2612224,-3045376,98136,34138,47734,558
120462,-2612224,-3083264,106720,38371,28606,119
120472,-2612224,-3170304,126440,42530,-40368,0
120482,-2583552,-3182592,135720,46627,-51131,4577
120492,-2583552,-3187712,136880,51009,-51648,1158
120502,-2583552,-3039232,103240,54770,34423,292
120512,-2583552,-3049472,105560,58824,23488,54
120522,-2639872,-3051520,93264,62612,31451,-6125
120532,-2639872,-2968576,74472,65934,78199,-1703
120542,-2639872,-3049472,92800,69516,12931,-463
120552,-2639872,-3204096,127832,73398,-64327,-59908
120562,-2848768,-3163136,71224,75461,-28595,-16503
120572,-2848768,-3267584,94888,78217,-70948,-4281
120582,-2818048,-3396608,131080,81264,-127070,7585
120592,-2818048,-3263488,100920,84977,4761,1927
120602,-2555904,-3322880,173768,90079,-17752,37348
120612,-2268160,-3391488,254504,96270,-27608,92564
120622,-2268160,-3173376,205088,103968,95503,23844
120632,-2268160,-3021824,170752,110806,124304,6532
120642,-1233920,-2914304,380712,120090,94608,107025
120652,-1271808,-2656256,313664,130942,134229,21560
120662,-1285120,-2216960,211120,140086,212062,3662
120672,-1298432,-1943552,146160,146315,152795,-435
120682,-1298432,-1777664,108576,150354,86243,-142
120692,-1298432,-1697792,90480,153860,51589,-69
120702,-1271808,-1668096,89784,157052,31520,7072
120712,-1221632,-1668096,101152,160281,11348,11663
120722,-1221632,-1637376,94192,164039,35169,2975
120732,-1095680,-1639424,123192,168004,68778,12771
120742,-1095680,-1542144,101152,171730,25404,3488
120752,-768000,-1420288,147784,176097,54125,44087
120762,-532480,-1275904,168432,181134,148561,54757
120772,-429056,-1016832,133168,185542,101171,33869
120782,-429056,-834560,91872,189129,74114,8706
120792,-238592,-620544,86536,192131,93368,25506
120802,-238592,-430080,43384,194198,92898,6559
120812,-238592,-287744,11136,195155,90156,1670
120822,-160768,-273408,25520,195509,40057,20008
120832,-160768,-131072,-6728,195841,89651,5140
120842,-160768,-91136,-15776,195429,79679,1382
120852,-160768,-146432,-3248,194687,13322,334
120862,-148480,-3072,-32944,192484,80241,2311
120872,-139264,37888,-40136,189148,66334,1789
120882,-74752,-83968,2088,186300,-47196,9356
120892,-74752,61440,-30856,182902,29879,2545
120902,-74752,-25600,-11136,179361,-45142,636
120912,0,-71680,16240,174990,5140,17765
120922,0,182272,-41296,170695,55686,4866
120933,0,186368,-42224,166615,49340,1231
120943,0,241664,-54752,162093,79404,292
120953,0,229376,-51968,156261,41985,59
120963,0,112640,-25520,151315,-35182,0
120973,0,92160,-20880,146111,-53002,0
120983,0,52224,-11832,141874,-62434,0
120993,0,110592,-25056,137786,93173,0
121003,0,140288,-31784,132702,-253,0
121013,6144,191488,-41992,128730,47975,961
121023,6144,203776,-44776,125704,68744,238
121033,6144,-13312,4408,122289,-92991,41
121043,116736,150528,-7656,120715,43442,17692
121053,190464,-22528,48256,121387,-80931,13389
121063,249856,117760,29928,122495,11922,8413
121073,314368,380928,-15080,122778,148986,11824
121083,314368,270336,9976,122923,15926,3222
121093,409600,402432,1624,123487,61285,8299
121103,670720,439296,52432,124540,44349,44050
121113,1084416,405504,153816,128209,-32921,56291
121123,2102272,793600,296496,132211,143845,240412
121133,2102272,1013760,246616,140030,132026,61967
121143,7444480,1606656,1322632,142043,298270,726196
121153,8674304,2997248,1286208,151286,722774,471519
121163,15545344,4899840,2411872,160274,982008,1152552
121173,16436224,7623680,1996592,163935,1419569,420254
121183,16743424,10973184,1307320,197892,1706595,171995
121193,16743424,13766656,674424,226490,1566536,44325
121203,14420992,15561728,-258448,214691,1077810,-240194
121213,12260352,15718400,-783464,98501,254564,-232000
121223,7292928,14541824,-1642328,-9692,-490299,-809198
121233,3657728,12067840,-1905416,-23188,-1276608,-1248734
121243,3657728,9588736,-1343744,-28701,-1374555,-322033
121253,3657728,6757376,-702264,-53071,-1488452,-88601
121263,1220608,4474880,-737296,-62773,-1302908,-271152
121273,372736,3257344,-653544,-76845,-816407,-250283
121283,372736,2180096,-409480,-90762,-591608,-64563
121293,372736,1440768,-241976,-101029,-461647,-16672
121303,372736,1147904,-175624,-108589,-244857,-4606
121313,-65536,836608,-204392,-114413,-150708,-62865
121323,-80896,557056,-144536,-119821,-137294,-18989
121333,-182272,234496,-94424,-123263,-128069,-24619
121343,-182272,-411648,51968,-123473,-279499,-6377
121353,-402432,-183296,-49648,-121146,38371,-41373
121363,-402432,-845824,100456,-114718,-249940,-10694
121373,-696320,-837632,32016,-108662,-93473,-44303
121383,-696320,-934912,54056,-100404,-22846,-11449
121393,-1514496,-958464,-125976,-94005,-64224,-161907
121403,-2612224,-1445888,-264248,-98128,-198029,-198981
121413,-3176448,-1737728,-325960,-106936,-205453,-105236
121423,-7445504,-2436096,-1134944,-112114,-320819,-858216
121433,-11795456,-3719168,-1829784,-112959,-622842,-833245
121443,-17213440,-6071296,-2524392,-124614,-1130835,-1577280
121453,-17213440,-8908800,-1881520,-127513,-1518045,-433873
121463,-17213440,-12654592,-1032864,-158252,-1900632,-111905
121473,-17213440,-15203328,-455416,-179917,-1514615,-30808
121483,-13496320,-16970752,787176,-143688,-989468,668930
121493,-11456512,-17246208,1311728,5484,-287359,470901
121503,-6714368,-15856640,2071296,8875,585159,839062
121513,-6714368,-13082624,1442808,26389,1340039,216352
121523,-2612224,-10235904,1727240,37880,1564207,600471
121533,-1611776,-7320576,1293400,50890,1593020,250369
121543,-864256,-5010432,939368,75545,1377285,200660
121553,-864256,-3366912,567008,96612,975307,55169
121563,-817152,-2453504,370736,111673,571240,26042
121573,-817152,-2085888,287448,122198,277754,7141
121583,-832512,-1854464,231536,131390,162996,-206
121593,-832512,-1692672,194880,139249,148263,-83
121603,-684032,-1671168,223648,146830,58325,26980
121613,-684032,-1413120,165184,153473,111682,6935
121623,-541696,-1080320,122032,158773,184706,14625
121633,-312320,-928768,139664,163334,118177,42906
121643,-225280,-714752,110896,167151,99266,23254
121653,-225280,-343040,26680,169316,170811,5973
121663,-65536,-161792,25520,170330,125348,28788
121673,-65536,-90112,5568,171202,97201,7896
121683,-65536,-53248,-2784,170320,31991,2005
121693,-10240,-13312,696,168357,-51889,9338
121703,-10240,148480,-35960,165002,66633,2540
121713,-7168,110592,-26680,159565,-16042,1359
121723,-4096,217088,-50112,153552,33643,874
121733,0,336896,-76328,146360,95227,682
121743,0,65536,-14848,138521,-129939,151
121753,0,299008,-67744,130158,31796,18
121763,0,256000,-58000,121305,-3707,0
121773,0,262144,-59392,113711,70924,0
121783,0,319488,-72384,105521,52152,0
121793,0,65536,-14848,99066,-108917,0
121803,0,229376,-51968,92519,20424,0
121813,0,243712,-55216,86413,41767,0
121823,0,232448,-52664,81296,49685,0
121833,0,52224,-11832,76099,-91924,0
121843,0,278528,-63104,70395,80379,0
121853,0,218112,-54288,64078,40654,0
121863,0,184320,-41760,58901,9615,0
121873,0,62464,-14152,54808,-58555,0
121883,0,-34816,7888,51541,-104947,0
121893,12288,297984,-64728,46520,120563,952
121903,12288,165888,-34800,42416,-29467,219
121913,365568,61440,68904,39162,-47150,101115
121923,365568,180224,41992,41016,47401,26046
121933,365568,248832,27376,42743,71245,6692
121943,394240,276480,26680,43820,36305,4930
121953,394240,417792,-5336,43963,62834,1245
121963,394240,521216,-28768,41741,64143,320
121973,394240,392192,464,38865,-47196,59
121983,394240,618496,-50808,35646,106449,0
121993,394240,428032,-7656,32582,-38636,0
122003,443392,507904,-14616,30791,46885,8230
122013,458752,529408,-16008,29614,55456,5424
122023,458752,441344,3944,28264,-34011,1373
122033,504832,567296,-14152,26885,45921,4733
122043,504832,670720,-37584,24549,85451,1286
122053,466944,668672,-45704,20196,44601,-5022
122063,443392,439296,928,15331,-124466,-3800
122073,416768,659456,-54984,9734,49053,-6176
122083,365568,662528,-67280,3160,58336,-8373
122093,224256,546816,-73080,-707,-11555,-40233
122103,224256,355328,-29696,-2618,-100185,-10405
122113,224256,373760,-27144,-4037,-52635,-2715
122123,175104,186368,-2552,-5189,-122871,-4931
122134,175104,288768,-25752,-6292,-21389,-1296
122144,175104,192512,-3944,-7093,-75974,-385
122154,218112,389120,-38744,-7896,60781,3982
122164,218112,404480,-42224,-8829,53758,1071
122174,228352,254976,-6032,-9810,-68894,1606
122184,228352,399360,-38744,-11060,23304,389
122194,228352,245760,-3944,-12115,-87311,82
122204,331776,283648,10904,-11996,-47746,13636
122214,401408,414720,-3016,-10870,9443,9727
122224,974848,288768,155440,-2748,-65853,107075
122234,1545216,545792,226432,5227,80414,98103
122244,3353600,915456,552392,10917,207082,481681
122254,4687872,1313792,764440,18835,243124,351974
122264,4687872,2243584,553784,34382,493786,90737
122274,8501248,3273728,1184360,47454,574373,983834
122284,8501248,4391936,931016,55457,613788,253674
122294,14695424,5838848,2006568,61434,766572,835578
122304,16589824,8126464,1917480,66780,1156548,362603
122314,16589824,10915840,1285512,102968,1494154,99710
122324,16589824,13597696,677904,134476,1454383,25680
122334,12025856,15467520,-779752,113204,1109181,-781746
122344,12025856,15860736,-868840,-3083,429368,-215049
122354,7677952,14999552,-1658800,-10339,-273762,-593042
122364,7677952,13172736,-1244912,-32614,-834847,-163152
122374,2419712,10953728,-1933488,-50745,-1077007,-939798
122384,2419712,8763392,-1437240,-64112,-1259488,-242373
122394,531456,6313984,-1310104,-80783,-1287199,-289060
122404,439296,4229120,-858632,-108904,-1196171,-89315
122414,439296,3046400,-590672,-131296,-792586,-24592
122424,165888,2279424,-478848,-148705,-450413,-29316
122434,15360,1890304,-424792,-163828,-255219,-31673
122444,9216,1576960,-355192,-177267,-237250,-9453
122454,9216,1592320,-358672,-189909,-23363,-2463
122464,9216,1089536,-244760,-200010,-215390,-705
122474,0,841728,-190704,-207630,-134953,-1278
122484,0,555008,-125744,-212756,-138338,-380
122494,0,260096,-58928,-216003,-158706,-129
122504,0,199680,-45240,-217869,-59508,-69
122514,-4096,186368,-43152,-218295,35904,-966
122524,-4096,-197632,43848,-216816,-161368,-275
122534,-4096,-211968,47096,-210622,-41814,-101
122544,0,-381952,86536,-198713,-34333,837
122554,0,-565248,128064,-180571,-51154,192
122564,0,-572416,129688,-162861,-25486,27
122574,0,-402432,91176,-148634,35410,0
122584,0,-284672,64496,-138538,39093,0
122594,0,-289792,65656,-130425,-5979,0
122604,0,-215040,48720,-122238,36420,0
122614,0,-158720,35960,-113035,41388,0
122624,0,-354304,80272,-102151,-26082,0
122634,0,-536576,121568,-89262,-124580,0
122644,0,-476160,107880,-77388,-71269,0
122654,0,-402432,91176,-65039,-10592,0
122664,0,-364544,82592,-51923,28583,0
122674,0,-473088,107184,-38388,-34413,0
122684,0,-442368,100224,-24143,-8021,0
122694,0,-273408,61944,-13196,42857,0
122704,0,-308224,69832,-5092,-22135,0
122714,0,-97280,22040,334,75101,0
122724,0,-19456,4408,1153,82938,0
122734,0,-128000,29000,1785,-25577,0
122744,0,-60416,13688,2783,48090,0
122754,0,-212992,48256,4470,-12026,0
122764,0,-480256,108808,7279,-127747,0
122774,0,-458752,103936,10791,-39771,0
122784,0,-406528,92104,14303,26460,0
122794,0,-374784,84912,17792,38485,0
122804,0,-193536,43848,20510,113931,0
122814,0,-94208,21344,22126,102801,0
122824,0,-200704,45472,23136,-44052,0
122834,0,-125952,28536,23742,23580,0
122844,0,-137216,31088,24491,-25405,0
122854,0,-146432,33176,25580,-8859,0
122864,-10240,-184320,39440,26890,-9708,-998
122874,-148480,-313344,37352,28200,-75113,-25466
122884,-197632,-343040,32944,28374,-78854,-12681
122894,-556032,-254976,-68208,26899,-14011,-93631
122904,-774144,-210944,-127600,13279,19977,-61409
122914,-774144,-397312,-85376,-805,-79795,-16919
122924,-774144,-518144,-58000,-3408,-70971,-4386
122934,-10488832,-689152,-2220240,-4351,-117294,-1659682
122944,-10488832,-1542144,-2026984,-6662,-446122,-456537
122954,-17213440,-3664896,-3069592,-8842,-1125292,-719852
122964,-17213440,-6606848,-2403056,-41065,-1574133,-198029
122974,-17213440,-10637312,-1489904,-98219,-2062103,-51096
122984,-17213440,-13661184,-780216,-136592,-1775318,-13198
122994,-17213440,-15796224,-321088,-153547,-1231123,-3658
123004,-17213440,-17075200,-31320,-158597,-780056,-966
123014,-17213440,-17326080,25520,-157423,-316746,-289
123024,-17213440,-17125376,-19952,-157085,-7585,-106
123034,-17213440,-16998400,-60088,-158424,84269,-69
123044,-2015232,-16963584,3386736,-65827,45416,3582778
123054,-1128448,-16870400,3566536,4604,86725,1065783
123064,-809984,-15481856,3324096,18944,608464,332501
123074,-493568,-12607488,2744560,92189,1353487,155648
123084,-346112,-9126912,1989400,163232,1762649,63716
123094,-346112,-5869568,1251408,214778,1809327,16410
123104,-74752,-3241984,717576,247037,1473202,39477
123114,-74752,-1577984,340576,263996,966609,10153
123124,0,-764928,173304,271701,537757,11434
123134,0,-461824,104632,275696,197776,2925
123144,0,-206848,46864,277579,118899,732
123154,0,-23552,5336,278076,95893,178
123164,0,262144,-59392,274888,170673,22
123174,0,402432,-91176,267552,159520,0
123184,0,506880,-114840,254074,104097,0
123194,6144,642048,-139432,235595,69880,1263
123204,12288,635904,-141288,214022,-19037,1240
123214,58368,833536,-175624,188855,59220,13476
123224,61440,793600,-165880,164781,-8939,4046
123234,61440,808960,-169360,140097,-861,1094
123244,70656,826368,-171216,116909,37200,1203
123254,70656,831488,-172376,95850,61859,311
123264,58368,490496,-97904,76589,-138442,-1676
123274,55296,477184,-95584,59840,-82514,-774
123284,61440,467968,-92104,45768,-39783,1029
123294,67584,420864,-80040,34072,-13437,1098
123304,67584,313344,-55680,26072,-25394,274
123314,67584,323584,-58000,19747,33069,50
123324,67584,94208,-6032,15397,-95343,0
123334,67584,-36864,23664,12965,-141012,0
123344,615424,89088,119248,13077,-9765,106407
123354,920576,-22528,213672,18279,-63398,67657
123365,7070720,268288,1541176,24881,94022,1593910
123375,9308160,976896,1887552,24881,367256,818440
123385,9308160,2778112,1479464,42959,898955,211029
123395,16284672,5128192,2527640,71888,1251822,1812313
123405,16284672,7620608,1962952,73809,1330607,467312
123415,16436224,10625024,1316600,105517,1548682,139219
123425,16436224,13122560,750752,135746,1442289,38264
123435,16135168,14798848,302760,152806,990901,-41552
123445,16135168,15773696,81896,158677,662635,-10744
123455,7677952,15644672,-1804960,21285,69432,-1426758
123465,5797888,14618624,-1998448,-3598,-465698,-688912
123475,4738048,12127232,-1674112,-13885,-1250641,-320545
123485,1310720,9398272,-1832336,-22818,-1442611,-571454
123495,1116160,6448128,-1208024,-44970,-1577335,-192641
123505,1116160,3988480,-650760,-71655,-1364504,-49709
123515,202752,2510848,-522928,-88768,-944097,-108019
123525,202752,1702912,-339880,-101958,-592997,-29737
123535,202752,1448960,-282344,-113114,-269275,-7700
123545,-7168,1168384,-266336,-123254,-202677,-20609
123555,-7168,845824,-193256,-131641,-237032,-5695
123565,-7168,761856,-174232,-138252,-82721,-1497
123575,-4096,100352,-23664,-141920,-321645,-152
123585,-4096,74752,-17864,-142047,-91683,-69
123595,-13312,-205824,43616,-137549,-105395,-1122
123605,-22528,-326656,68904,-126829,-29743,-1099
123615,-105472,-614400,115304,-113702,-150731,-13587
123625,-105472,-391168,64728,-102393,38921,-3530
123635,-105472,-308224,45936,-93507,72829,-998
123645,-157696,-365568,47096,-85442,14159,-8643
123655,-157696,-179200,4872,-79834,108584,389
123665,-148480,-403456,57768,-72761,-32370,82
123675,-151552,-435200,64264,-64011,-24900,-463
123685,-151552,-605184,102776,-54228,-120610,-152
123695,-151552,-393216,54752,-44133,51532,-69
123705,-169984,-509952,77024,-34121,-22422,-3008
123715,-188416,-351232,36888,-23865,106610,-2807
123725,-206848,-373760,37816,-15939,55433,-4574
123735,-209920,-290816,18328,-9609,94504,-1745
123745,-206848,-216064,2088,-6232,78945,-138
123755,-206848,-248832,9512,-4967,-1492,-69
123765,-194560,-202752,1856,-5016,-6013,1789
123775,-130048,-211968,18560,-4075,-14860,18896
123785,-114688,-31744,-18792,-2790,91946,8354
123795,-80896,-157696,17400,-1200,-9421,7205
123805,-10240,5120,-3480,567,91383,11077
123815,-10240,-142336,29928,582,-47746,3021
123825,-10240,14336,-5568,-49,20895,755
123835,-10240,107520,-26680,-934,27080,187
123845,-10240,68608,-17864,-1934,-24200,27
123855,-10240,314368,-73544,-3322,127391,0
123865,-10240,102400,-25520,-4199,-33036,0
123875,-10240,19456,-6728,-4394,-40357,0
123885,-10240,-58368,10904,-4311,-57810,0
123895,-10240,-30720,4640,-3205,-5566,0
123905,-10240,178176,-42688,-2265,128871,0
123915,-10240,-12288,464,-1760,-27436,0
123925,-10240,-24576,3248,-1055,-21206,0
123935,-10240,-61440,11600,-1205,-56020,0
123945,-10240,3072,-3016,-865,-5761,0
123955,-10240,171008,-41064,-643,108607,0
123965,-10240,45056,-12528,-293,16167,0
123975,0,-151552,34336,173,-101929,1332
123985,6144,-19456,5800,339,30981,897
123995,401408,103424,67512,1365,123512,72198
124005,1042432,-136192,267032,6885,-59083,103125
124015,6305792,117760,1401976,13178,58072,1440083
124025,7070720,781312,1424944,13859,327209,510621
124035,7070720,2414592,1054904,38310,817095,131643
124045,9590784,4354048,1186448,50779,1053242,320938
124055,9590784,6461440,708992,74447,1113943,82736
124065,9784320,8122368,376536,90588,976879,48262
124075,8674304,9072640,-90248,93767,622509,-189602
124085,8674304,9187328,-116232,77375,181057,-48917
124095,8674304,8991744,-71920,65156,-15181,-13477
124105,8674304,8328192,78416,64417,-278719,-3502
124115,1436672,8228864,-1538856,-8022,-100082,-1236567
124125,920576,7484416,-1463456,-12206,-432616,-378718
124135,920576,5786624,-1102464,-40956,-807434,-104201
124145,187392,3557376,-763512,-66539,-1075550,-144242
124155,187392,1691648,-340808,-82128,-1038843,-39698
124165,-53248,632832,-155440,-89417,-602647,-37459
124175,-77824,-300032,50344,-90163,-560994,-13619
124185,-77824,-308224,52200,-84156,-161689,-3777
124195,-77824,-250880,39208,-77765,-20552,-998
124205,-77824,-193536,26216,-73802,62192,-284
124215,-399360,-120832,-63104,-74704,34745,-37372
124225,-399360,-284672,-25984,-76029,-46415,-9659
124235,-561152,-628736,15312,-76205,-185568,-28579
124245,-570368,-790528,49880,-72383,-131786,-8460
124255,-570368,-852992,64032,-63050,-40816,-2202
124265,-570368,-1101824,120408,-48637,-96995,-628
124275,-760832,-1062912,68440,-36656,-9616,-20884
124285,-774144,-1143808,83752,-27427,-66588,-6890
124295,-774144,-1133568,81432,-17588,-47196,-1804
124305,-856064,-1019904,37120,-8442,36053,-23928
124315,-856064,-1013760,35728,-1177,53391,-6611
124325,-856064,-1225728,83752,2098,-72118,-1735
124335,-856064,-1243136,87696,5088,-34080,-477
124345,-2420736,-1354752,-241512,-630,-83891,-324349
124355,-2420736,-1411072,-228752,-6979,-74746,-83666
124365,-9785344,-1711104,-1829320,-12737,-150501,-2130071
124375,-17213440,-2613248,-3307856,-12737,-500179,-2088364
124385,-17213440,-4727808,-2828776,-13450,-1199143,-538546
124395,-17213440,-7710720,-2152960,-56393,-1824899,-148160
124405,-17213440,-11470848,-1301056,-109912,-2276792,-38242
124415,-17213440,-14075904,-710848,-142986,-1980472,-9893
124425,-16744448,-15609856,-257056,-156979,-1381842,45030
124435,-16744448,-15923200,-186064,-164583,-601477,11585
124445,-7369728,-15596544,1863888,-10901,-58670,1321911
124455,-5216256,-14352384,2069904,2172,591619,560234
124466,-5216256,-11906048,1515656,33904,1310411,144438
124476,-1221632,-9218048,1811688,49357,1683933,601634
124486,-444416,-6642688,1404296,72487,1704163,363578
124496,-444416,-4667392,956768,100415,1492054,93727
124506,-444416,-3380224,665144,125042,1094976,25758
124516,0,-2615296,592528,144823,691173,118373
124526,0,-2199552,498336,161981,475094,32524
124536,0,-2076672,470496,179254,219314,8363
124546,0,-1570816,355888,194018,300692,2128
124556,0,-1078272,244296,204616,354576,558
124566,0,-576512,130616,211648,355104,119
124576,0,-381952,86536,215220,199922,4
124586,0,38912,-8816,216194,255837,0
124596,0,33792,-7656,214373,47252,0
124606,95232,272384,-40136,211709,141424,9072
124616,95232,153600,-13224,207308,-22456,2320
124626,398336,396288,464,205336,92232,40589
124636,527360,485376,9512,205382,62284,21995
124646,1645568,739328,205320,205677,124981,209655
124656,2787328,1153024,370272,211924,235539,204615
124666,2787328,1769472,230608,220858,380096,52738
124676,5859328,2324480,800864,224470,362264,573902
124686,5859328,3381248,561440,235982,587281,147972
124696,5859328,4467712,315288,248764,715132,40672
124706,6925312,5541888,313432,256930,750255,192453
124716,6925312,6100992,186760,264454,560385,49603
124726,6925312,6501376,96048,269242,362218,13627
124736,3697664,6871040,-718968,227070,286371,-547555
124746,3697664,6659072,-670944,130499,-5221,-150637
124756,1828864,5563392,-846104,36948,-569267,-479426
124766,1297408,4940800,-825456,-14466,-486742,-228672
124776,993280,3510272,-570256,-31818,-724530,-96593
124786,594944,2254848,-376072,-46194,-782305,-58365
124796,355328,1437696,-245224,-55983,-677140,-56978
124806,355328,1340416,-223184,-63745,-244823,-14718
124816,355328,953344,-135488,-69951,-255804,-3823
124826,82944,948224,-196040,-75716,-99680,-47585
124836,82944,830464,-169360,-82042,-68343,-12296
124846,82944,589824,-114840,-86420,-87804,-3406
124856,3072,56320,-12064,-88799,-272270,-13692
124866,3072,61440,-13224,-88403,-53128,-3557
124876,3072,-61440,14616,-83990,642,-1003
124886,3072,-435200,99296,-73774,-140197,-284
124896,3072,-424960,96976,-61080,-4728,-106
124906,0,-434176,98368,-46774,-11487,-742
124916,0,-379904,86072,-32661,33976,-220
124926,0,-307200,69600,-20025,72863,-87
124936,0,-442368,100224,-8665,-67253,-69
124946,0,-244736,55448,561,55066,-69
124956,0,-134144,30392,2517,104132,-69
124966,0,-196608,44544,4550,39839,-69
124976,0,-324608,72152,6602,-54459,-69
124986,0,-166912,37816,8331,46185,-69
124996,0,-229376,51968,9910,-19220,-69
125006,0,-14336,3248,11066,116547,-69
125016,0,-65536,14848,11931,45623,-69
125026,0,-210944,47792,13000,-100656,-69
125036,0,-241664,54752,13810,-71809,-69
125046,0,-59392,13456,14765,61274,-69
125056,0,-153600,34800,16082,-1607,-69
125066,318464,-335872,148248,18670,-127644,44746
125076,318464,-67584,87464,22268,57958,11517
125086,318464,-61440,86072,25185,12048,3140
125096,5797888,95232,1292008,26273,57281,771583
125106,5797888,1013760,1083904,40576,451388,198939
125116,7070720,2530304,1028688,62841,794651,301931
125126,7144448,4240384,657952,84214,889901,88201
125136,7144448,5725184,321552,99550,806458,22718
125146,7144448,6663168,109040,106446,597345,6221
125156,7144448,7023616,27376,109394,341369,1579
125166,5797888,6817792,-231072,80142,803,-136767
125176,3280896,6522880,-734512,19016,-135217,-493648
125186,2756608,5789696,-669088,-11205,-388737,-196464
125196,1378304,4508672,-709224,-25567,-618654,-423752
125206,1378304,3302400,-435928,-38317,-683107,-109301
125216,801792,2428928,-368648,-49066,-512996,-106119
125226,719872,1339392,-140360,-57170,-585332,-35216
125236,401408,1219584,-185368,-61853,-177914,-71572
125246,401408,599040,-44776,-65312,-293946,-18480
125256,181248,573440,-88856,-67208,-87471,-60151
125266,181248,462848,-63800,-69253,-36926,-16567
125276,18432,114688,-21808,-70949,-173600,-25768
125286,-7168,-48128,9280,-71539,-159119,-10012
125296,-7168,-56320,11136,-69310,-29662,-2779
125306,-7168,-394240,87696,-61442,-150226,-751
125316,-7168,-402432,89552,-49858,-53461,-234
125326,-4096,-529408,119016,-35485,-83616,439
125336,-4096,-358400,80272,-21096,58428,91
125346,0,-365568,82824,-7813,41836,366
125356,0,-430080,97440,1312,-43432,68
125366,0,-311296,70528,4024,23259,0
125376,0,-146432,33176,6162,112049,0
125386,0,-168960,38280,8292,70729,0
125396,0,-345088,78184,10528,-54746,0
125406,0,-210944,47792,12937,55101,0
125416,0,-353280,80040,15213,-50913,0
125426,0,-200704,45472,17151,44659,0
125436,0,5120,-1160,18664,156123,0
125446,0,-100352,22736,19644,35272,0
125456,0,-198656,45008,20860,-40127,0
125466,0,-183296,41528,21928,-34780,0
125476,0,-191488,43384,23101,-29812,0
125486,0,-57344,12992,24341,74906,0
125496,0,19456,-4408,25033,104556,0
125506,0,-184320,41760,25955,-52072,0
125516,0,-144384,32712,26893,-22135,0
125526,0,-177152,40136,27880,-39680,0
125536,0,-185344,41992,29025,-34596,0
125546,0,89088,-20184,29487,145543,0
125556,0,-98304,22272,29668,-17648,0
125566,0,-101376,22968,30257,-24510,0
125576,0,-144384,32712,30908,-48446,0
125586,0,-199680,45240,31892,-66048,0
125596,0,27648,-6264,32890,115434,0
125606,0,8192,-1856,33173,80046,0
125616,0,-109568,24824,34066,-5405,0
125626,0,-163840,37120,35003,-40689,0
125637,0,-171008,38744,36039,-34895,0
125647,0,-200704,45472,37211,-45222,0
125657,0,52224,-11832,37562,122858,0
125667,0,-81920,18560,38213,7492,0
125677,-71680,-61440,-2320,38596,1824,-13935
125687,-71680,-64512,-1624,38888,29225,-3859
125697,-524288,-268288,-58000,31908,-111201,-72680
125707,-1366016,-232448,-256824,12843,-48527,-194413
125717,-1366016,-372736,-225040,-4942,-71223,-50153
125727,-6048768,-871424,-1172992,-7013,-242287,-490009
125737,-17213440,-2136064,-3415968,-18130,-596772,-2303486
125747,-17213440,-4349952,-2914384,-18184,-1072968,-594022
125757,-17213440,-7786496,-2135792,-59896,-1684186,-153205
125767,-17213440,-11283456,-1343512,-110450,-1902365,-42165
125777,-17213440,-14433280,-629880,-143695,-1741594,-10895
125787,-17213440,-16088064,-254968,-157924,-1119463,-3022
125797,-17213440,-16999424,-48488,-162869,-643795,-802
125807,-11681792,-17036288,1213128,-54520,-179865,729281
125817,-8081408,-16142336,1826304,3794,344857,544432
125827,-8081408,-14093312,1362072,32601,900791,140364
125837,-1889280,-11568128,2192864,46348,1264444,909645
125847,-402432,-8705024,1881056,57573,1500328,608427
125857,-402432,-6054912,1254888,82171,1488084,156875
125867,-4096,-3702784,837984,109573,1302758,95654
125877,3072,-2073600,470496,130434,973597,25332
125887,3072,-1476608,335240,143309,470206,6939
125897,3072,-1086464,246848,152827,223915,1757
125907,12288,-837632,192560,160332,176089,2925
125917,104448,-785408,201608,167528,81504,17509
125927,168960,-608256,176088,174442,118613,12474
125937,263168,-413696,153352,179836,114711,27090
125947,285696,-76800,82128,183890,166003,11068
125957,285696,205824,18096,185736,173301,3021
125967,311296,287744,5336,185512,58176,3543
125977,311296,567296,-58000,181968,148550,952
125987,308224,540672,-52664,175584,47045,-188
125997,308224,550912,-54984,168069,20906,-69
126007,308224,661504,-80040,160342,82995,-69
126017,308224,424960,-26448,151772,-110145,-69
126027,175104,677888,-113912,138984,60758,-14681
126037,110592,459776,-79112,124313,-101861,-14832
126047,110592,668672,-126440,108669,64510,-3855
126057,49152,449536,-90712,94708,-76812,-16540
126067,64512,552960,-110664,81525,60069,-1671
126077,64512,326656,-59392,70641,-66691,-458
126087,64512,336896,-61712,62635,-3523,-152
126097,337920,110592,51504,58936,-127483,46614
126107,394240,307200,19720,59943,43110,18525
126117,466944,193536,61944,60978,-57374,22206
126127,462848,358400,23664,62006,27791,5044
126137,462848,490496,-6264,61796,52886,1368
126147,475136,432128,9744,60917,-33174,1359
126157,504832,675840,-38744,57578,90947,5076
126167,594944,516096,17864,56954,-37832,11819
126177,1161216,817152,77952,57024,151453,122419
126187,1577984,672768,205088,61576,-4292,94079
126197,1577984,1127424,102080,66680,225017,25849
126207,2942976,1324032,366792,75154,147850,136212
126217,2942976,1898496,236640,84079,278718,37440
126227,3353600,2547712,182584,91601,363022,54249
126237,3353600,2880512,107184,96246,216193,13966
126247,3353600,3223552,29464,98095,163524,3813
126257,2582528,3593216,-228984,95305,221574,-219645
126267,2291712,3424256,-256592,65543,2673,-124709
126277,2291712,3230720,-212744,31577,-79313,-32181
126287,1406976,2583552,-266568,-4669,-348657,-104467
126297,1245184,2496512,-283504,-13085,-127426,-62279
126307,1232896,1862656,-142680,-19372,-234335,-17931
126317,1232896,1335296,-23200,-22382,-316252,49552
126327,1422336,1413120,2088,-19437,-25382,13600
126337,1422336,1343488,17864,-15864,-10500,3483
126347,4539392,1405952,709920,7709,30694,339646
126357,11124736,2150400,2033248,18577,330996,1452008
126367,16743424,3645440,2967512,18577,750393,1164788
126377,16589824,6335488,2323248,33216,1401348,333013
126387,16589824,9735168,1553008,81975,1784118,85848
126397,16589824,12693504,882760,119859,1677243,22109
126407,16436224,14806016,369344,140272,1240990,-9595
126417,16436224,15753216,154744,148483,634086,-2500
126427,8501248,15886336,-1673184,10723,184534,-1116939
126437,5921792,14999552,-2056680,-7620,-354164,-979912
126447,5215232,12797952,-1717960,-15475,-998177,-381377
126457,5215232,9933824,-1069056,-45966,-1487833,-104925
126467,1378304,7482368,-1382952,-53884,-1387877,-393535
126477,1378304,5254144,-878120,-79420,-1279064,-101505
126487,391168,3588096,-724304,-98479,-981768,-158126
126497,234496,2382848,-486736,-115897,-690611,-66143
126507,79872,1380352,-294640,-128384,-656474,-45241
126517,6144,1208320,-272368,-138175,-224845,-22188
126527,-4096,588800,-134328,-144813,-291869,-8313
126537,-4096,403456,-92336,-148887,-165648,-2317
126547,0,112640,-25520,-150876,-157708,-83
126557,0,-116736,26448,-150349,-152785,-69
126567,0,-229376,51968,-144070,-70787,-69
126577,0,-244736,55448,-134446,9064,-69
126587,0,-721920,163560,-120517,-246532,-69
126597,0,-491520,111360,-103044,12656,-69
126607,0,-638976,144768,-82882,-35342,-69
126617,0,-521216,118088,-63063,74906,-69
126627,0,-768000,174000,-42569,-111844,-69
126637,0,-575488,130384,-23858,74963,-69
126647,0,-337920,76560,-8285,138716,-69
126657,0,-406528,92104,1771,43878,-69
126667,0,-462848,104864,5285,-12221,-69
126677,0,-363520,82360,8317,13379,-69
126687,0,-259072,58696,10933,55296,-69
126697,0,-114688,25984,12965,124407,-69
126707,0,-142336,32248,14809,65370,-69
126717,0,-451584,102312,16896,-155849,-69
126727,0,-253952,57536,18926,5152,-69
126737,0,-357376,80968,21208,-61481,-69
126747,0,-203776,46168,23300,52163,-69
126757,0,-183296,41528,25370,52966,-69
126767,0,-349184,79112,27360,-85027,-69
126777,0,-393216,89088,29442,-100059,-69
126787,0,-280576,63568,31483,-19450,-69
126797,0,-201728,45704,33632,46024,-69
126807,0,-216064,48952,35714,38749,-69
126817,0,-114688,25984,37549,85244,-69
126827,0,-313344,70992,39231,-76456,-69
126837,0,-197632,44776,40873,5955,-69
126847,0,-183296,41528,42499,17246,-69
126857,0,-223232,50576,44196,-4177,-69
126867,0,-15360,3480,45822,139060,-69
126877,0,-236544,53592,47110,-55480,-69
126887,0,-198656,45008,48274,-37695,-69
126897,0,-150528,34104,49601,10682,-69
126907,0,-162816,36888,50938,6609,-69
126917,0,-114688,25984,52469,53781,-69
126927,0,-86016,19488,53848,63075,-69
126937,0,-114688,25984,55126,30935,-69
126947,0,-308224,69832,56670,-96594,-69
126957,0,-193536,43848,58246,1526,-69
126967,0,-202752,45936,60101,19392,-69
126977,0,-271360,61480,62347,-4040,-69
126987,0,-106496,24128,64458,118532,-69
126997,0,-242688,54984,66537,1181,-69
127007,0,-306176,69368,68464,-127449,-69
127018,0,-129024,29232,70063,63098,-69
127028,0,-194560,44080,71484,-9938,-69
127038,0,-161792,36656,72676,-953,-69
127048,0,7168,-1624,73905,118601,-69
127058,0,-88064,19952,74830,28468,-69
127068,0,-181248,41064,76009,-35755,-69
127078,0,-238592,54056,77536,-47999,-69
127088,0,-300032,67976,79168,-76226,-69
127098,0,-238592,54056,81012,-14619,-69
127108,0,-157696,31552,82453,38428,-69
127118,0,-135168,30624,83652,21572,-69
127128,0,-134144,30392,85022,24578,-69
127138,0,-68608,15544,86065,54229,-69
127148,0,-157696,35728,87157,-22158,-69
127158,0,-280576,63568,88426,-96181,-69
127168,0,-125952,28536,89659,25358,-69
127178,0,-225280,51040,91204,-31808,-69
127188,0,-239616,54288,92521,25106,-69
127198,0,6144,-1392,93265,100666,-69
127208,0,-88064,19952,94036,9466,-69
127218,0,4096,-928,94586,60149,-69
127228,0,84992,-19256,94711,107631,-69
127238,0,-151552,34336,94896,-65475,-69
127248,-74752,-53248,-4872,95247,23006,-12818
127258,-117760,-190464,16472,95190,-53071,-8313
127268,-626688,-267264,-74704,91636,-111912,-114652
127278,-626688,-124928,-113680,77499,40631,-31568
127288,-2555904,-443392,-478616,21660,-117340,-231785
127298,-4210688,-904192,-749128,-10858,-220669,-190018
127308,-17213440,-2469888,-3340336,-20430,-774548,-2133422
127318,-17213440,-4344832,-2915544,-20969,-1108826,-550164
127328,-17213440,-7589888,-2180336,-64163,-1744531,-151351
127338,-17213440,-11233280,-1354880,-118801,-1929215,-39052
127348,-17213440,-14413824,-634288,-150707,-1821687,-10094
127358,-17213440,-16384000,-187920,-164631,-1234531,-2807
127368,-17213440,-17147904,-14848,-166619,-546284,-756
127378,-17213440,-17284096,16008,-162921,-155309,-234
127388,-17213440,-17291264,17632,-159940,-49307,-87
127398,-17213440,-17276928,14384,-158893,-41975,-69
127408,-14696448,-17386496,609464,-92909,-68573,273454
127418,-8247296,-17143808,2015616,10723,93678,1406716
127428,-8247296,-16192512,1800088,15414,475060,386906
127438,-2149376,-14063616,2699320,22447,1043443,762382
127448,-660480,-11165696,2380088,38039,1538148,505064
127458,-424960,-7896064,1692672,71477,1707502,174238
127468,-179200,-5016576,1095968,111778,1559032,115219
127478,-163840,-2955264,632432,137330,1241678,34844
127488,-163840,-1846272,381176,153927,692446,8958
127498,-163840,-1149952,223416,163694,403825,2284
127508,-163840,-833536,151728,170038,248276,599
127518,-212992,-711680,112984,174900,123156,-6789
127528,-179200,-494592,71456,178508,201907,7287
127538,-179200,-377856,45008,180797,99473,1982
127548,-108544,-50176,-13224,181684,190478,10437
127558,-80896,98304,-40600,179467,136020,5662
127568,9216,141312,-29928,171565,3648,18937
127578,9216,432128,-95816,161070,104120,4861
127588,67584,244736,-40136,147858,-109170,16964
127598,67584,579584,-116000,133171,76237,4348
127608,67584,478208,-93032,120059,596,1171
127618,132096,568320,-98832,106788,39931,6848
127628,439296,400384,8816,97479,-104936,61528
127638,439296,590848,-34336,93611,32553,15838
127648,8941568,570368,1896600,88497,8158,2284542
127658,14420992,1121280,3013216,88497,259785,1692709
127668,15985664,2758656,2996744,88497,810612,642819
127678,16135168,5801984,2341112,122503,1560959,192022
127688,16135168,9475072,1508928,179675,1916489,49493
127698,16135168,12541952,814088,216705,1759780,12734
127708,16135168,14767104,309952,235438,1299407,3483
127718,16135168,15724544,93032,241819,674121,869
127728,16135168,15884288,56840,243832,208172,215
127738,16135168,16029696,23896,245872,169525,36
127748,16135168,15885312,56608,248025,-73886,0
127758,3945472,15935488,-2716488,3822,-6598,-1607584
127768,2446336,15481856,-2953360,-15441,-207519,-557744
127778,2446336,13274112,-2453168,-60254,-933506,-153434
127788,564224,9877504,-2110040,-99322,-1593720,-287806
127798,564224,6820864,-1359288,-145096,-1764118,-74236
127808,159744,3851264,-836360,-177675,-1632401,-94098
127818,132096,2140160,-454952,-198454,-1094529,-27709
127828,58368,1225728,-264480,-209537,-623164,-18041
127838,58368,488448,-97440,-216472,-519032,-4674
127848,27648,688128,-149640,-220809,-37947,-5365
127858,27648,-30720,13224,-223201,-336287,-1410
127868,0,81920,-18560,-221590,-18624,-5105
127878,0,-684032,154976,-212153,-362013,-1433
127888,0,-345088,78184,-195957,66024,210
127898,0,-899072,203696,-174032,-214289,32
127908,-4096,-539648,121336,-152717,73712,-490
127918,-4096,-764928,172376,-130362,-65991,-161
127928,-4096,-652288,146856,-108021,24567,-69
127938,-4096,-654336,147320,-87280,13264,-69
127948,-4096,-615424,138504,-66149,24257,-69
127958,-4096,-681984,153584,-46697,68560,-69
127968,-4096,-454656,102080,-28605,87803,-69
127978,-4096,-646144,145464,-9827,-58532,-69
127988,-4096,-310272,69368,2043,163467,-69
127998,-4096,-463872,104168,5592,-666,-69
128008,-4096,-367616,82360,9128,51280,-69
128018,-4096,-197632,43848,11690,108676,-69
128028,-4096,-215040,47792,13451,28181,-69
128038,-4096,-205824,45704,14746,-19427,-69
128048,-4096,-60416,12760,15461,65347,-69
128058,-7168,-44032,8352,14491,28778,-385
128068,-10240,-105472,21576,15202,12587,-760
128078,-13312,-155648,32248,16125,-19060,-696
128088,-13312,-104448,20648,17147,21514,-206
128098,-13312,-299008,64728,18236,-111729,-83
128108,-13312,-8192,-1160,18951,97144,-69
128118,-16384,-123904,24360,18549,-27781,210
128128,-16384,-166912,34104,18796,-33392,36
128138,-13312,-105472,20880,19441,8055,448
128148,-13312,78848,-20880,19972,142445,100
128158,-13312,-243712,52200,19901,-113416,0
128168,-13312,88064,-22968,19210,109456,0
128178,-4096,-33792,6728,18902,4371,2636
128189,-4096,-147456,32480,19333,-69135,659
128199,0,-101376,22968,19302,-23776,727
128209,0,211968,-48024,17716,178223,178
128219,0,-189440,42920,17238,-101539,22
128229,-4096,-177152,39208,17828,-70248,-554
128239,-4096,80896,-19256,18362,144866,-179
128249,-4096,-129024,28304,17551,-46323,-69
128259,-4096,-35840,7192,18092,39243,-69
128269,-4096,-180224,39904,18902,-53461,-69
128279,-34816,18432,-12064,18665,73609,-5654
128289,-34816,-250880,48952,18551,-123594,-1580
128299,-93184,-165888,16472,19179,-31613,-15107
128309,-99328,-224256,28304,19752,26448,-5036
128319,-99328,-106496,1624,20269,52725,-1410
128329,-145408,-478208,75400,21303,-172475,-11976
128339,-145408,-148480,696,21836,97235,-3324
128349,-169984,-377856,47096,23275,-41642,-4120
128359,-176128,-430080,57536,24854,-56513,-1639
128369,-191488,-346112,35032,26266,22937,-3077
128379,-191488,-216064,5568,27609,105325,-875
128389,-212992,-531456,72152,28810,-134999,-5324
128399,-216064,-458752,54984,29689,-79818,-2051
128409,-216064,-135168,-18328,30328,152336,-554
128419,-232448,-532480,67976,30999,-140955,-1548
128429,-232448,-372736,31784,32051,-7734,-426
128439,-232448,-385024,34568,33309,172,-142
128449,-232448,-287744,12528,34532,71808,-69
128459,-232448,-365568,30160,35603,1985,-69
128469,-222208,-386048,37120,36818,2065,1135
128479,-238592,-366592,29000,37781,-3225,-3571
128489,-267264,-158720,-24592,38096,132508,-5539
128499,-267264,-206848,-13688,36737,45818,-1452
128509,-267264,-396288,29232,35393,-100966,-426
128519,-267264,-304128,8352,34704,-28767,-138
128529,-267264,-112640,-35032,33775,124740,-69
128539,-611328,-105472,-114608,28281,91670,-76104
128549,-611328,-314368,-67280,16779,-46186,-19639
128559,-825344,-525312,-67976,8079,-140163,-66317
128569,-825344,-658432,-37816,-436,-126990,-18270
128579,-825344,-610304,-48720,-1738,6070,-4734
128589,-825344,-937984,25520,-653,-109376,-69503
128599,-1095680,-788480,-69600,-1935,67424,-25718
128609,-1095680,-1154048,13224,-2662,-149710,-6656
128619,-1546240,-1073152,-107184,-4997,2478,-58205
128629,-1950720,-1334272,-139664,-8592,-147243,-99839
128639,-2058240,-1472512,-132704,-13516,-123628,-40897
128649,-2420736,-1614848,-182584,-17376,-76766,-114982
128659,-2473984,-1948672,-119016,-21734,-130100,-40018
128669,-2473984,-2034688,-99528,-24799,-28698,-11037
128679,-2473984,-2352128,-27608,-26634,-123375,-2871
128689,-2473984,-2475008,232,-27290,-55687,-760
128699,-2473984,-2563072,20184,-26714,-83937,-234
128709,-2500608,-2588672,19952,-24060,-37878,-7229
128719,-2500608,-2557952,12992,-21794,7263,-2015
128729,-2639872,-2463744,-39904,-20936,76799,-20142
128739,-2818048,-2594816,-50576,-22229,-57006,-22239
128749,-2944000,-2786304,-35728,-23394,-75262,-30607
128759,-2975744,-2892800,-18792,-24422,-67299,-12383
128769,-2944000,-3097600,34800,-23900,-127724,5081
128779,-2944000,-3026944,18792,-20090,5714,1286
128789,-2669568,-3023872,80272,-10341,43924,36497
128799,-2172928,-3135488,218080,2279,-23466,124314
128809,-1792000,-2935808,259144,9087,75950,101390
128819,-1792000,-2679808,201144,16457,143478,27873
128829,-817152,-2260992,327120,24943,242906,159864
128839,-817152,-2002944,268656,34227,164109,41198
128849,-817152,-1542144,164256,40963,212704,11311
128859,-406528,-1289216,199984,47565,135951,42105
128869,-406528,-911360,114376,52529,181287,10830
128879,-406528,-690176,64264,56055,162296,2957
128889,-247808,-627712,86072,58137,47286,40644
128899,-247808,-519168,61480,60198,30855,11155
128909,-247808,-354304,24128,61597,70901,2856
128919,-424960,-323584,-22968,59502,24154,-15152
128929,-489472,-338944,-34104,55048,-13678,-15940
128939,-489472,-311296,-40368,48612,-5038,-4134
128949,-510976,-211968,-67744,41562,56386,-6569
128959,-501760,-353280,-33640,34958,-37006,-142
128969,-501760,-315392,-42224,29767,16316,-69
128979,-459776,-363520,-21808,26885,-2949,3717
128989,-459776,-516096,12760,24808,-93978,929
128999,-338944,-499712,36424,24045,-84637,15170
129009,-309248,-297984,-2552,24139,64464,6546
129019,-244736,-239616,4176,24020,60849,12675
129029,-232448,-275456,9744,24607,30774,4975
129039,-232448,-108544,-28072,23797,103076,1254
129049,-166912,-184320,3944,22209,-5061,11508
129059,-166912,-195584,6496,19932,-56088,2943
129069,-166912,-172032,1160,16777,-56823,782
129079,0,27648,-6264,14853,86621,28674
129089,0,-126976,28768,15664,-24671,7360
129099,0,-71680,16240,16440,16397,1991
129109,0,-30720,6960,16700,15203,485
129119,0,35840,-8120,16092,35617,100
129129,0,105472,-23896,14468,63718,0
129139,0,175104,-39672,11853,86575,0
129149,0,17408,-3944,9453,-40150,0
129159,0,-151552,34336,7399,-140392,0
129169,0,62464,-14152,5920,34412,0
129179,0,-29696,6728,5579,-21263,0
129189,0,64512,-14616,5280,47895,0
129199,0,51200,-11600,4391,29604,0
129209,0,-51200,11600,3428,-53403,0
129219,6144,34816,-6496,1356,-6289,1263
129229,9216,232448,-50576,-360,113437,814
129239,9216,138240,-29232,-924,18680,187
129249,331776,63488,60784,752,-20230,51855
129259,331776,124928,46864,2464,15651,14236
129269,2527232,198656,527568,7568,32346,465151
129279,2527232,704512,412960,17658,247690,119924
129289,5617664,1373184,961640,23581,412133,496678
129299,6854656,2392064,1011056,34223,566948,254067
129309,8080384,4044800,914312,54219,836935,303579
129319,8080384,5619712,557496,72347,912059,83482
129329,8080384,6946816,256824,85923,791323,21496
129339,9122816,7677952,327352,92810,483322,208003
129349,9122816,8121344,226896,100285,307634,57192
129359,9122816,8473600,147088,106853,271592,14721
129369,9122816,8511488,138504,111445,96834,4023
129379,9122816,8966144,35496,114185,230479,1016
129389,8674304,9168896,-112056,110275,209491,-73197
129399,7836672,9049088,-274688,86720,7148,-182863
129410,7836672,8924160,-246384,46336,-95114,-47182
129420,6240256,8832000,-587192,8081,-80346,-441198
129430,5984256,8244224,-512024,-10709,-313108,-163523
129440,5984256,7693312,-387208,-24891,-388382,-42188
129450,3280896,7155712,-877888,-34458,-373683,-736721
129460,2817024,6495232,-833344,-43308,-420373,-274476
129470,2817024,5694464,-651920,-62293,-521005,-75527
129480,801792,4569088,-853528,-77009,-709694,-266268
129490,801792,3666944,-614800,-97654,-756740,-68688
129500,208896,2878464,-604824,-114887,-538366,-97110
129510,0,2041856,-462608,-131151,-518653,-77591
129520,-7168,1585152,-360760,-144501,-406305,-21254
129530,-7168,1324032,-301600,-156431,-282448,-5869
129540,0,1184768,-268424,-165979,-107690,-902
129550,0,770048,-174464,-173221,-215402,-275
129560,0,537600,-121800,-178483,-173336,-101
129570,3072,294912,-66120,-181740,-176882,238
129580,3072,268288,-60088,-183648,-45589,41
129590,231424,-268288,113216,-178613,-283033,28221
129600,275456,-34816,70296,-167416,-6564,11677
129610,358400,-53248,93264,-153469,20849,17143
129620,358400,-62464,95352,-139224,18141,4696
129630,355328,-164864,117856,-125372,-73404,457
129640,352256,-101376,102776,-112328,-27654,-458
129650,352256,114688,53824,-99546,124338,-142
129660,243712,-84992,87000,-87818,-50512,-14420
129670,187392,-196608,87000,-76352,-55331,-13601
129680,104448,-313344,94656,-65851,-104821,-13784
129690,104448,-277504,86536,-55485,-46496,-3818
129700,79872,-125952,46632,-45524,66472,-5210
129710,79872,-145408,51040,-36616,36741,-1365
129720,73728,-222208,67048,-28133,-28698,-1854
129730,61440,-208896,61248,-18995,-6461,-2605
129740,61440,-135168,54056,-10557,12885,-701
129750,61440,-233472,66816,-2075,-20540,-220
129760,12288,-155648,38048,1484,29925,-7956
129770,12288,-207872,49880,3051,-12244,-2211
129780,12288,-149504,36656,4555,20114,-591
129790,12288,-203776,48952,6100,-22938,-179
129800,12288,-49152,13920,7283,80930,-69
129810,12288,-106496,26912,8450,22754,-69
129820,12288,-111616,28072,9653,-69789,-69
129830,12288,-277504,65656,11183,-87816,-69
129840,12288,-23552,8120,12593,108630,-69
129850,12288,-17408,6728,13855,104155,-69
129860,12288,-67584,18096,15172,56914,-69
129870,9216,-305152,71224,16504,-118900,-742
129880,9216,-210944,49880,17937,-34677,-220
129890,9216,-76800,19488,19084,52106,-83
129900,9216,-30720,9048,20185,82651,-69
129910,9216,-109568,26912,21335,15525,-69
129920,9216,-224256,52896,22804,-52600,-69
129930,9216,-214016,50576,24077,-46186,-69
129940,9216,-138240,33408,25350,8548,-69
129950,9216,-86016,21576,26443,43821,-1827
129960,0,-159744,36192,27551,-20035,-1163
129970,0,-81920,18560,28665,41388,-326
129980,0,-151552,34336,29782,-7711,-120
129990,0,-173056,39208,31091,-11647,-69
130000,0,-157696,35728,32474,17429,-69
130010,0,-240640,54520,33925,-46817,-69
130020,0,-254976,57768,35500,-48251,-69
130030,0,-221184,50112,36938,-24545,-69
130040,0,-185344,41992,38508,6288,-69
130050,0,-22528,5104,39816,114826,-69
130060,0,-124928,28304,41047,16695,-69
130070,0,-151552,34336,42271,-9536,-69
130080,0,-241664,54752,43443,-77179,-69
130090,0,-205824,46632,44781,-35767,-69
130100,0,-129024,29232,45984,20011,-69
130110,0,-144384,32712,47240,17120,-69
130120,0,-96256,21808,48500,47172,-69
130130,0,-219136,49648,49682,-51085,-69
130140,0,-94208,21344,50677,26299,-69
130150,0,-106496,24128,51594,7665,-69
130160,0,0,0,52376,76971,-69
130170,0,-175104,39672,52887,-64557,-69
130180,0,-225280,51040,53652,-90879,-69
130190,0,-263168,59624,54899,-88940,-69
130200,0,-31744,7192,56336,106805,-69
130210,0,-98304,22272,57850,67791,-69
130220,0,-114688,25984,59600,65370,-69
130230,0,-296960,68672,61616,-56605,-69
130240,0,-264192,59856,63312,-34344,-69