R
Px,Ix,Dx,Py,Iy,Dy,Pz,Iz,FFrx,FFry,FFdrx,FFdry,satI,satPID,KFQAng,KFQbias,KFRmeas,CPx,CIx,CPy,CIy,CsatI,CsatPID,CFFdrx,CFFdry,CFalpha,iRelaxX,IRelaxY,DmaxR,DmaxE,DMx,DMy
58,80,47,58,80,47,250,0,0,0,100,0,500000,3000000,10,1,1000,0,0,0,0,0,0,0,0,0.995,1024,1024,0,0,0,0
sysTickMs,PIDRefXi,PIDSensXi,PIDPoutXi,PIDIoutXi,PIDDoutXi,PIDFFoutXi
87434,0,4637696,-1050728,-291352,-22594,320
87444,0,4637696,-1050728,-291352,-22594,320
87454,0,4637696,-1050728,-291352,-22594,320
87464,0,4637696,-1050728,-291352,-22594,320
87474,0,4637696,-1050728,-291352,-22594,320
87484,0,4637696,-1050728,-291352,-22594,320
87494,0,4637696,-1050728,-291352,-22594,320
87504,0,4637696,-1050728,-291352,-22594,320
87514,0,4637696,-1050728,-291352,-22594,320
87524,0,4637696,-1050728,-291352,-22594,320
87534,0,4637696,-1050728,-291352,-22594,320
87544,0,4637696,-1050728,-291352,-22594,320
87554,0,4637696,-1050728,-291352,-22594,320
87564,0,4637696,-1050728,-291352,-22594,320
87574,0,4637696,-1050728,-291352,-22594,320
87584,0,4637696,-1050728,-291352,-22594,320
87594,0,4637696,-1050728,-291352,-22594,320
87604,0,4637696,-1050728,-291352,-22594,320
87614,0,4637696,-1050728,-291352,-22594,320
87624,0,4637696,-1050728,-291352,-22594,320
87634,0,4637696,-1050728,-291352,-22594,320
87644,0,4637696,-1050728,-291352,-22594,320
87654,0,4637696,-1050728,-291352,-22594,320
87664,0,4637696,-1050728,-291352,-22594,320
87674,0,4637696,-1050728,-291352,-22594,320
87684,0,4637696,-1050728,-291352,-22594,320
87694,0,4637696,-1050728,-291352,-22594,320
87704,0,4637696,-1050728,-291352,-22594,320
87714,0,4637696,-1050728,-291352,-22594,320
87724,0,4637696,-1050728,-291352,-22594,320
87734,0,4637696,-1050728,-291352,-22594,320
87744,0,4637696,-1050728,-291352,-22594,320
87754,0,4637696,-1050728,-291352,-22594,320
87764,0,4637696,-1050728,-291352,-22594,320
87774,0,4637696,-1050728,-291352,-22594,320
87784,0,4637696,-1050728,-291352,-22594,320
87794,0,4637696,-1050728,-291352,-22594,320
87804,0,4637696,-1050728,-291352,-22594,320
87814,0,4637696,-1050728,-291352,-22594,320
87824,0,4637696,-1050728,-291352,-22594,320
87834,0,4637696,-1050728,-291352,-22594,320
87844,0,4637696,-1050728,-291352,-22594,320
87854,0,4637696,-1050728,-291352,-22594,320
87864,0,4637696,-1050728,-291352,-22594,320
87874,0,4637696,-1050728,-291352,-22594,320
87884,0,4637696,-1050728,-291352,-22594,320
87894,0,4637696,-1050728,-291352,-22594,320
87904,0,4637696,-1050728,-291352,-22594,320
87914,0,8192,-1856,-17,4475,225
87924,0,8192,-1856,-79,1526,42
87934,0,11264,-2552,-152,1847,0
87944,0,8192,-1856,-226,-563,0
87954,0,1024,-232,-280,-4820,0
87964,0,8192,-1856,-335,699,0
87974,0,4096,-928,-395,-150,0
87984,0,3072,-696,-438,-2077,0
87994,0,9216,-2088,-481,2593,0
88004,0,9216,-2088,-526,2753,0
88014,0,5120,-1160,-580,-999,0
88024,0,9216,-2088,-633,2203,0
88034,0,-1024,232,-686,-6197,0
88045,0,8192,-1856,-697,3006,0
88055,0,5120,-1160,-755,-5646,0
88065,0,10240,-2320,-751,5129,0
88075,0,16384,-3712,-847,4520,0
88085,0,6144,-1392,-896,-632,0
88095,0,9216,-2088,-929,1732,0
88105,0,22528,-5104,-973,11095,0
88115,0,8192,-1856,-1043,-2399,0
88125,0,2048,-464,-1130,-6495,0
88135,0,0,0,-1102,-2456,0
88145,0,10240,-2320,-964,7974,0
88155,0,13312,-3016,-889,7343,0
88165,0,12288,-2784,-930,-3936,0
88175,0,1024,-232,-945,-5485,0
88185,0,-12288,2784,-1017,-16570,0
88195,0,3072,-696,-846,2983,0
88205,0,1024,-232,-859,-1710,0
88215,0,6144,-1160,-791,2558,0
88225,0,6144,-1392,-812,218,0
88235,0,12288,-2784,-966,-2731,0
88245,0,10240,-2320,-1025,286,0
88255,0,0,0,-1036,-5072,0
88265,0,19456,-4408,-1004,7492,0
88275,0,-1024,232,-903,-1940,0
88285,0,6144,-1392,-1024,-2984,0
88295,0,2048,-464,-1021,-2904,0
88305,0,1024,-232,-1085,-5612,0
88315,0,0,0,-1134,-7987,0
88325,0,33792,-7656,-1051,19656,0
88335,0,18432,-4176,-831,11325,0
88345,0,20480,-4640,-570,16707,0
88355,0,-9216,2088,-402,-5703,0
88365,0,-22528,5104,-312,-16558,0
88375,0,-15360,3480,-186,-11073,0
88385,0,-15360,3480,20,-9100,0
88395,0,-6144,1392,20,-1389,0
88405,0,10240,-2320,-15,10200,0
88415,0,-72704,16472,90,-46610,0
88425,0,59392,-13456,32,54481,0
88435,0,-46080,10440,21,-27081,0
88445,0,-70656,16008,395,-17603,0
88455,0,-1024,232,773,36271,0
88465,0,-89088,20184,1222,-28595,0
88475,0,-20480,4640,1842,37625,0
88485,0,-135168,30624,2247,-52543,0
88495,0,21504,-4872,2713,68010,0
88505,0,-129024,29232,3330,-39565,0
88515,0,-70656,16008,3854,-930,0
88525,0,-44032,9976,4388,14194,0
88535,0,-4096,928,4963,47631,0
88545,0,-162816,36888,5486,-66335,0
88555,0,-95232,21576,6089,-15858,0
88565,0,-115712,26216,6880,-15422,0
88575,0,-167936,38048,7972,-32462,0
88585,0,-134144,30392,9326,13195,0
88595,0,-190464,43152,10908,-2043,0
88605,0,-147456,33408,12537,32874,0
88615,0,-153600,34800,14113,31268,0
88625,0,-200704,45472,15689,-6977,0
88635,0,-188416,42688,17358,2604,0
88645,0,-178176,40368,18721,-4567,0
88655,0,-201728,45704,19977,-37511,0
88665,0,-228352,51736,21304,-52095,0
88675,0,-286720,64960,22846,-77787,0
88685,0,-285696,64728,24638,-51326,0
88695,0,-291840,66120,26564,-33449,0
88705,0,-231424,52432,28573,15582,0
88715,0,-165888,37584,30404,56868,0
88725,0,-33792,7656,31936,121412,0
88735,0,-39936,9048,32890,67057,0
88745,0,-5120,1160,33272,58004,0
88755,3072,-139264,32248,33834,-48343,259
88765,6144,-154624,36424,34707,-47700,244
88775,6144,-129024,30624,35481,-23707,48
88785,30720,-19456,11368,35972,34595,2154
88795,67584,78848,-2552,36279,78004,7168
88805,89088,65536,5336,36338,30086,4443
88815,89088,-10240,22504,36515,-38222,1126
88825,132096,66560,14848,36948,38049,2838
88835,132096,125952,1392,36993,38680,765
88845,181248,98304,18792,37412,-12,4232
88855,181248,131072,11368,37383,-38257,1074
88865,181248,137216,9976,36866,-23764,277
88875,196608,304128,-24360,35642,70373,1324
88885,202752,356352,-34800,32949,69582,714
88895,221184,278528,-12992,30010,-9031,2264
88905,224256,196608,6264,28279,-82859,805
88915,243712,128000,26216,27210,-92188,3262
88925,249856,225280,5568,26761,-5244,1522
88935,256000,273408,-3944,26550,29179,912
88945,259072,321536,-14152,26073,53299,390
88955,259072,222208,8352,25761,-22135,85
88965,259072,219136,9048,25986,-9329,6
88975,355328,194560,36424,26684,-8331,14178
88985,355328,187392,38048,28042,-5038,3637
88995,394240,197632,44544,29368,-8320,3988
89005,412672,408576,928,30316,105164,3070
89015,458752,435200,18560,30926,29088,5389
89025,458752,350208,24592,31459,-18394,1464
89035,625664,420864,46400,32185,16569,24951
89045,689152,424960,59856,33932,4991,13619
89055,689152,538624,34104,35834,68296,3497
89065,1003520,638976,82592,39305,84739,17379
89075,1310720,647168,150336,43001,20023,37545
89085,1513472,878592,143840,47269,87436,43612
89095,1577984,996352,131776,51324,52714,20141
89105,1577984,1175552,91176,54958,71624,5526
89115,1868800,1414144,103008,58416,124878,31680
89125,1868800,1507328,81896,61726,86518,8697
89135,1848320,1699840,33640,63888,106381,177
89145,1848320,1762304,19488,64720,21446,30
89155,1594368,1872896,-63104,61853,43270,-35084
89165,1594368,1963008,-83520,51503,57923,-9061
89175,1324032,1872896,-124352,35540,-8297,-22092
89185,1324032,1618944,-66816,20864,-128160,-5716
89195,1232896,1514496,-63800,9999,-90834,-10041
89205,1161216,1403904,-54984,2911,-65934,-16449
89215,1138688,1273856,-30624,-855,-67850,-7181
89225,1138688,1196032,-12992,-1529,-47528,-1993
89235,1062912,1140736,-17632,-1913,-22330,-9198
89245,1062912,1048576,3248,-2001,-25382,-2387
89255,780288,1049600,-61016,-2870,-5462,-27179
89265,713728,974848,-59160,-5015,-27563,-11261
89275,713728,838656,-28304,-6407,-63352,-3116
89286,713728,717824,-928,-6909,-66324,-824
89296,345088,692224,-78648,-8876,-14240,-27006
89306,345088,521216,-39904,-10767,-79084,-7441
89316,224256,346112,-27608,-12378,-120484,-12558
89326,175104,296960,-27608,-13597,-70799,-9876
89336,165888,259072,-21112,-14181,-14160,-3687
89346,165888,-30720,44544,-12574,-141012,-968
89356,141312,-1024,32248,-9795,-60323,-1847
89366,141312,78848,14152,-6469,26276,-495
89376,89088,6144,18792,-3478,-10787,-4746
89386,76800,-26624,23432,-451,-17121,-2018
89396,9216,-72704,18560,722,3614,-8741
89406,9216,-95232,23664,1337,-24143,-2417
89416,27648,-55296,18792,2122,21273,2444
89426,27648,-97280,28304,3165,2914,656
89436,125952,-227328,80040,4978,-75125,8795
89446,199680,-173056,84448,7144,-22640,13836
89456,211968,-49152,59160,9771,59312,5276
89466,211968,-34816,55912,12173,43144,1339
89476,285696,35840,56608,14615,67310,5047
89486,337920,-6144,77952,17055,-1171,7232
89496,352256,-3072,74240,19516,-7126,3024
89506,387072,120832,60320,21564,30189,6649
89516,398336,98304,67976,23810,-8102,2975
89526,398336,171008,51504,25602,15100,802
89536,423936,183296,54520,27404,-3145,1718
89546,419840,339968,18096,28856,80081,-46
89556,416768,392192,5568,29800,80586,-287
89566,401408,311296,20416,30738,8353,-2506
89576,379904,269312,25056,31440,-65830,-2961
89586,379904,144384,53360,32175,-107368,-828
89596,337920,261120,17400,32420,-7746,-2576
89606,337920,317440,4640,32865,31142,-730
89616,337920,287744,11368,33301,3878,-205
89626,337920,279552,13224,33810,-21722,-74
89636,132096,222208,-20416,31852,-38716,-22001
89646,132096,194560,-14152,27665,-47758,-5692
89656,3072,243712,-54520,20832,8961,-10590
89666,3072,125952,-27840,15737,-42984,-2930
89676,-4096,-48128,9976,13425,-102767,-1288
89686,0,53248,-12064,12394,28376,216
89696,0,-44032,9976,12676,3281,42
89706,0,-125952,28536,13631,-19002,0
89716,0,-191488,43384,14967,-55618,0
89726,0,-154624,35032,16344,11968,0
89736,0,-187392,42456,17607,-25566,0
89746,0,-254976,57768,18839,-77970,0
89756,0,-218112,49416,20064,-50925,0
89766,0,-150528,34104,21268,4922,0
89776,-4096,-139264,30624,22537,12323,-568
89786,-4096,-200704,44544,24036,-16271,-165
89796,-4096,-132096,29000,25514,45278,-65
89806,-4096,-124928,27376,27056,50729,-46
89816,-4096,-154624,34104,28432,13287,-46
89826,-4096,-265216,59160,29836,-65739,-46
89836,-4096,-247808,55216,31290,-49123,-46
89846,-4096,-233472,51968,32797,-27838,-46
89856,-4096,-155648,34336,34255,20333,-46
89866,0,-212992,48256,35603,-33896,488
89876,0,-131072,29696,36886,22077,119
89886,0,-82944,18792,38154,56397,15
89896,0,-33792,7656,39246,82800,0
89906,-4096,-125952,27608,40475,15249,-394
89916,-4096,-173056,38280,41655,-17511,-126
89926,-4096,-204800,45472,42907,-37396,-46
89936,-4096,-93184,20184,43881,28904,-46
89946,-4096,-129024,28304,44698,-11613,-46
89956,-4096,-114688,25056,45375,-19404,-46
89966,-4096,-202752,45008,45986,-86691,-46
89976,-62464,-49152,-3016,46173,30625,-7639
89986,-173056,-86016,-19720,45384,9489,-15415
89996,-273408,-70656,-45936,41556,30189,-13666
90006,-649216,-236544,-93496,35764,-69973,-66544
90016,-930816,-282624,-146856,19363,-55021,-54786
90026,-930816,-346112,-132472,120,-17350,-14148
90036,-1909760,-722944,-268888,-7045,-157811,-89737
90046,-2639872,-1204224,-325264,-14705,-271937,-106260
90056,-2639872,-1538048,-249632,-23932,-240084,-29245
90066,-4165632,-2060288,-476992,-33709,-266923,-144727
90076,-4165632,-2690048,-334312,-44642,-326499,-39826
90086,-4589568,-3377152,-274688,-54346,-362357,-45228
90096,-4841472,-4118528,-163792,-61954,-458147,-26719
90106,-5328896,-4461568,-196504,-67753,-286200,-66541
90116,-5272576,-4757504,-116696,-72667,-175000,-12534
90126,-5272576,-5135360,-31088,-74795,-190238,-3251
90136,-4589568,-5390336,181424,-64262,-147518,76824
90146,-4491264,-5385216,202536,-34324,-3294,27896
90156,-3820544,-5267456,327816,3076,82904,68106
90166,-2698240,-4980736,517128,12862,175171,146453
90176,-2243584,-4567040,526408,26768,221104,72879
90186,-1246208,-3897344,600648,40426,369126,165731
90196,-1246208,-3261440,456576,55118,370583,45571
90206,-1246208,-2571264,300208,68063,394875,11734
90216,-556032,-2155520,362384,79122,279177,41833
90226,-349184,-1689600,303688,89521,231741,32843
90236,-349184,-1309696,217616,98085,190948,8447
90246,-47104,-1021952,220864,104155,135193,46817
90256,-47104,-733184,155440,110131,128848,12057
90266,0,-509952,115536,114623,121929,6942
90276,0,-440320,99760,118065,27848,1766
90286,0,-249856,56608,120317,54160,439
90296,0,-201728,45704,121677,5461,106
90306,-4096,-156672,34568,122376,-21079,-205
90316,-7168,-67584,13688,122169,-7964,-379
90326,-7168,-28672,4872,121359,-18830,-123
90336,-19456,-43008,5336,119619,-51625,-1218
90346,-19456,26624,-10440,117525,-11590,-348
90356,-176128,79872,-58000,111611,8158,-17270
90366,-420864,148480,-128992,99944,35215,-38273
90376,-621568,131072,-170520,81000,37728,-30625
90386,-1298432,22528,-299280,59869,12587,-137015
90396,-1298432,-232448,-241512,24207,-58314,-35349
90406,-1298432,-552960,-168896,-1490,-159819,-9742
90417,-1298432,-897024,-90944,-6490,-208150,-2527
90427,-5500928,-1150976,-985536,-8341,-180175,-544877
90437,-5500928,-1590272,-886008,-17575,-241025,-149891
90447,-6373376,-2680832,-836592,-37144,-505296,-105298
90457,-6373376,-3896320,-561208,-58300,-658632,-27167
90467,-6439936,-5096448,-304384,-71798,-630496,-13733
90477,-6439936,-5948416,-111360,-78435,-469232,-3559
90487,-6439936,-6433792,-1392,-79700,-293670,-995
90497,-6176768,-6652928,107880,-69003,-136812,22866
90507,-6176768,-6677504,113448,-51342,-18062,5877
90517,-6176768,-6695936,117624,-35163,-12359,1602
90527,-2500608,-6542336,915704,3844,59679,323602
90537,-1717248,-5991424,968368,16358,291707,138873
90547,-774144,-4971520,950968,38914,479363,150289
90557,-510976,-3596288,699016,60804,656760,61877
90567,-13312,-2414592,544040,78352,653318,64978
90577,0,-1384448,313664,91879,558779,18356
90587,0,-662528,150104,99311,439798,5032
90597,-4096,-315392,70528,102798,220094,1019
90607,-4096,35840,-9048,103680,201413,244
90617,-4096,60416,-14616,101590,57786,48
90627,0,161792,-36656,97392,53207,686
90637,0,119808,-27144,92369,-12336,158
90647,0,169984,-38512,86396,-5990,30
90657,0,205824,-46632,80072,11256,0
90667,0,167936,-38048,73334,-31510,0
90677,0,193536,-43848,66691,-10305,0
90687,0,212992,-48256,60532,13769,0
90697,0,155648,-35264,54963,-20483,0
90707,0,90112,-20416,49614,-58670,0
90717,337920,65536,61712,50988,-55618,18893
90727,387072,141312,55680,52730,2937,10775
90737,387072,229376,35728,54342,36087,2758
90747,701440,394240,59160,55579,123535,47012
90757,701440,552960,33640,57706,128745,12911
90767,2079744,673792,318536,63072,120735,109817
90777,2079744,1034240,236872,71742,238040,30191
90787,4301824,1417216,653544,77965,252865,244866
90797,5160960,2140160,684400,90343,394072,125366
90807,5617664,3127296,545200,107422,583197,95394
90817,5558272,4112384,327584,120719,557792,19882
90827,3988480,4907008,-208104,126785,438215,-294303
90837,3988480,5355520,-309720,88538,278592,-80967
90847,3007488,5204992,-497872,28082,-4372,-119031
90857,2014208,4567040,-578376,-12787,-274611,-98169
90867,1258496,3567616,-523160,-26455,-512480,-131409
90877,855040,2762752,-432216,-39493,-461567,-74259
90887,394240,2104320,-387440,-50634,-349574,-66422
90897,394240,1260544,-196272,-59844,-427659,-17145
90907,228352,931840,-173304,-66111,-199773,-19999
90917,172032,709632,-121800,-70583,-139474,-9595
90927,116736,451584,-75864,-73772,-133531,-9659
90937,119808,324608,-46400,-75928,-97294,-2369
90947,138240,208896,-16008,-77172,-82159,1379
90957,138240,69632,16704,-77103,-99875,341
90967,150528,94208,12760,-75226,-12175,1235
90977,150528,113664,8352,-71860,39713,302
90987,150528,97280,12064,-67802,48457,67
90997,150528,-32768,41528,-63040,-37121,0
91007,138240,-94208,52664,-58176,-90730,-2198
91017,138240,-15360,34800,-53035,390,-620
91027,138240,20480,26680,-48084,25278,-181
91037,141312,-48128,42920,-43316,-27482,143
91047,141312,103424,8584,-39687,63328,24
91057,172032,179200,-1624,-37248,72817,2691
91067,202752,82944,27144,-34500,-16776,6216
91077,202752,63488,31552,-31102,-31223,1586
91087,202752,116736,19488,-28699,-1332,424
91097,683008,131072,125048,-13474,-8962,30667
91107,7292928,265216,1592216,7391,44682,810348
91117,7292928,902144,1447912,13572,305936,222879
91127,16284672,2718720,3073536,17320,863498,629971
91137,16284672,5691392,2400040,39719,1463827,162432
91147,16284672,9093120,1629336,92567,1794823,44659
91157,16284672,12369920,886936,133401,1754915,-4859
91167,16284672,14454784,414584,154809,1289344,-1270
91177,16436224,15556608,199288,164849,732550,12954
91187,12379136,16046080,-830792,146324,386281,-634293
91197,10695680,15716352,-1137496,14318,-70982,-355182
91207,10695680,14713856,-910368,-18767,-466948,-97712
91217,4840448,12991488,-1846720,-21401,-876030,-374726
91227,4840448,11025408,-1401280,-48296,-1110846,-103089
91237,1232896,8758272,-1704968,-62173,-1245994,-323951
91247,665600,6817792,-1393856,-84008,-1191639,-122989
91257,311296,4910080,-1041912,-117952,-1073393,-72056
91267,243712,3404800,-716184,-145610,-850912,-23819
91277,9216,2264064,-510864,-164648,-666985,-28949
91287,9216,1225728,-275616,-178331,-615636,-7483
91297,0,1005568,-227824,-187284,-279706,-2836
91307,0,600064,-135952,-193545,-219062,-748
91317,0,133120,-30160,-196462,-272419,-226
91327,0,-260096,58928,-194738,-266602,-80
91337,-44032,-364544,72616,-186196,-102698,-2500
91347,-241664,-601088,81432,-172321,-81860,-23200
91357,-388096,-864256,107880,-158723,-128562,-17316
91367,-570368,-963584,89088,-149509,-111293,-15659
91377,-1546240,-936960,-138040,-146017,-49846,-108182
91387,-1546240,-1119232,-96744,-149842,-102125,-27918
91397,-2583552,-1281024,-295104,-156960,-77993,-65745
91407,-2583552,-2197504,-87464,-163487,-441716,-16971
91417,-4165632,-2326528,-416672,-169710,-156537,-126938
91427,-6576128,-3418112,-715488,-176618,-510024,-387909
91437,-6999040,-3964928,-687416,-187292,-397068,-145176
91447,-8247296,-5017600,-731728,-199806,-471412,-136405
91457,-8763392,-6583296,-493928,-215230,-708867,-62266
91468,-8763392,-8040448,-163792,-226042,-792058,-16071
91478,-8588288,-9059328,106720,-226044,-718460,9094
91488,-8588288,-9011200,95816,-210266,-126761,2331
91498,-8588288,-9407488,185600,-187198,-172762,585
91508,-8588288,-9135104,123888,-166828,68503,146
91518,-4491264,-9145344,1054440,-12250,32404,214962
91528,-2149376,-8233984,1378544,12003,450493,275039
91538,-690176,-6550528,1327736,36735,825276,353955
91548,-690176,-4666368,900856,57073,958370,91259
91558,-690176,-2944000,510632,77218,922191,25085
91568,-123904,-1801216,380016,90682,628579,44909
91578,0,-1225728,277704,100441,319177,27606
91588,0,-897024,203232,107998,203146,7577
91598,0,-763904,173072,114802,114206,1934
91608,0,-532480,120640,120309,89467,485
91618,0,-488448,110664,123982,21549,119
91628,0,-19456,4408,125793,200495,15
91638,0,237568,-53824,123673,205670,0
91648,0,-4096,928,118294,-92887,0
91658,0,254976,-57768,111685,75342,0
91668,285696,261120,5568,107324,36535,36990
91678,285696,150528,30624,107273,-68011,9521
91688,824320,353280,106720,108949,43718,66891
91698,824320,713728,25056,111468,197397,17233
91708,1220608,680960,122264,114125,-1917,39266
91718,1350656,1128448,50344,116804,199945,19064
91728,1594368,1367040,51504,118593,195906,34487
91738,1697792,1533952,37120,120606,132118,17968
91748,1697792,1558528,31552,121053,44716,4928
91758,1697792,2000896,-68672,117102,224271,1251
91768,2291712,2015232,62640,116645,124786,52542
91778,2446336,2057216,88160,119129,92829,39456
91788,2472960,2259968,48256,121657,100827,13186
91798,2472960,2496512,-5336,123084,209113,3607
91808,2527232,2446336,18328,122359,32174,4156
91818,2446336,2775040,-74472,117517,157856,-8695
91828,2393088,2819072,-96512,106437,91510,-6647
91838,1888256,2586624,-158224,92950,-84568,-81070
91848,1697792,2589696,-202072,66709,-53231,-45441
91858,1697792,2521088,-186528,39889,-25853,-11735
91868,1697792,1886208,-42688,21379,-374061,-3245
91878,500736,2204672,-386048,-2483,14480,-137101
91888,455680,1560576,-250328,-11466,-274932,-39084
91898,305152,1227776,-209032,-19011,-279729,-34424
91908,305152,809984,-114376,-24818,-301920,-8893
91918,162816,603136,-99760,-28772,-209791,-14194
91928,95232,611328,-116928,-31967,-40907,-14301
91938,61440,289792,-51736,-34170,-124259,-7313
91948,52224,356352,-68904,-36197,-459,-2793
91958,52224,171008,-26912,-37412,-60736,-428
91968,52224,-7168,13456,-37550,-119715,-129
91978,110592,200704,-20416,-35613,73953,4461
91988,110592,-214016,73544,-31027,-168838,1135
91998,110592,-37888,33640,-25431,2822,277
92008,321536,65536,58000,-14791,94126,16366
92018,321536,-189440,115768,-420,-73886,4205
92028,458752,116736,77488,3220,112393,14791
92038,458752,152576,69368,5905,68090,4055
92048,458752,123904,75864,8414,-2892,1028
92058,648192,388096,58928,10843,132084,19192
92068,648192,287744,81664,13638,20275,5264
92078,615424,371712,55216,16086,40184,-3187
92088,594944,493568,22968,17586,78463,-2756
92098,466944,630784,-37120,18324,141975,-25190
92108,466944,454656,2784,15578,-36237,-6513
92118,466944,387072,18096,14018,-82882,-1810
92128,318464,417792,-22504,11245,-33311,-14219
92138,318464,462848,-32712,9184,47240,-3684
92148,196608,382976,-42224,5638,10109,-13221
92158,150528,199680,-11136,1596,-80518,-6559
92168,89088,151552,-14152,-393,-77053,-10303
92178,27648,281600,-57536,-1316,62180,-8433
92188,12288,87040,15080,-1529,-142194,-3238
92198,0,-108544,24592,-227,-116399,-2497
92208,0,-19456,4408,336,45,-660
92218,-4096,-89088,19256,1119,-11762,-446
92228,-4096,-102400,22272,1997,1652,-138
92238,-4096,27648,-7192,2717,97717,-52
92248,-4096,32768,-8352,2876,78968,-46
92258,-4096,-73728,15776,3140,-16570,-46
92268,-4096,-97280,15312,3584,-6954,-46
92278,-4096,-15360,2552,3994,48078,-46
92288,-4096,-105472,22968,4767,-10144,-46
92298,-4096,-146432,32248,5741,-26105,-46
92308,-4096,-157696,34800,6869,-19542,-46
92318,-4096,-113664,24824,7974,68,-46
92328,0,-152576,34568,9264,2765,323
92338,0,-138240,31320,10597,17579,67
92348,70656,-82944,34800,11940,-12014,8044
92358,70656,-186368,58232,13556,-45291,2197
92368,345088,-103424,101616,16421,5840,24777
92378,345088,-91136,98832,19587,-19289,6369
92388,412672,-14336,96744,22611,45,7305
92398,419840,87040,75400,25236,10981,2291
92408,419840,349184,16008,26840,129949,613
92418,419840,274432,32944,27953,10763,143
92428,439296,376832,14152,28888,59472,3082
92439,458752,221184,53824,30168,-54000,3045
92449,458752,176128,64032,31782,-73346,772
92459,458752,251904,46864,33091,-22869,195
92469,540672,412672,29000,34299,66357,9356
92479,536576,363520,41992,35867,6093,2081
92489,527360,465920,13920,36995,63121,-889
92499,527360,270336,58232,38180,-87345,-245
92509,527360,340992,42224,39200,-12588,-83
92519,527360,513024,3248,40092,80540,372
92529,527360,423936,23432,40652,-9272,79
92539,531456,231424,67976,41285,-141046,320
92549,536576,409600,28768,42063,-5439,347
92559,536576,505856,6960,42655,56294,79
92569,536576,443392,21112,43320,-827,0
92579,560128,556032,928,43930,66208,3466
92589,584704,433152,34336,44232,-82503,3338
92599,584704,444416,31784,43830,-75939,900
92609,766976,667648,22504,44661,63787,15921
92619,766976,526336,54520,45958,-50317,4364
92629,766976,778240,-2552,47067,118211,1113
92639,766976,677888,20184,47859,14515,274
92649,766976,637952,29232,48594,-20586,61
92659,1481728,805888,153120,49358,88021,136328
92669,1481728,714752,173768,54205,-4349,37487
92679,1481728,944128,121800,59302,97453,9655
92689,2057216,1186816,197200,65011,145991,59796
92699,2057216,1481728,130384,70535,192578,16433
92709,3107840,1658880,328280,76857,124304,102749
92719,3578880,2002944,364936,86755,125119,58471
92729,4395008,2444288,441960,96333,195802,128799
92739,4637696,2981888,375144,107540,235917,55960
92749,4687872,3533824,261464,117024,266130,24948
92759,4637696,4160512,108112,123592,335138,-83
92769,4637696,4458496,45008,126506,204443,-46
92779,3657728,4698112,-235712,101854,168699,-66587
92789,3657728,4708352,-238032,68794,74412,-17191
92799,3657728,4489216,-188384,41575,-35124,-4743
92809,3657728,4261888,-136880,21026,-52921,-1240
92819,3657728,3997696,-77024,9766,-73874,-361
92829,3657728,3705856,-10904,5378,-119566,-113
92839,1003520,3520512,-570256,-7727,-126462,-169047
92849,1003520,3056640,-465160,-21503,-242333,-46512
92859,435200,2330624,-429432,-35025,-355495,-61979
92869,256000,1581056,-300208,-45920,-413063,-44224
92879,122880,994304,-197432,-53801,-331559,-28657
92889,82944,612352,-109040,-58597,-231030,-10917
92899,-7168,311296,-72152,-60834,-137363,-19135
92909,-7168,111616,-26912,-62066,-90099,-4950
92919,-7168,7168,-3248,-61810,-47230,-1374
92929,0,-106496,24128,-58444,-33782,85
92939,0,-246784,55912,-52099,-64866,3
92949,0,-304128,68904,-44028,-55641,0
92959,-25600,-356352,74936,-34495,-62858,-4294
92969,-25600,-323584,67512,-25789,-26174,-1203
92979,-108544,-327680,49648,-18297,-23145,-7624
92989,-182272,-365568,41528,-13908,-59600,-6382
92999,-349184,-362496,3016,-11335,-36777,-22037
93009,-388096,-451584,14384,-11039,-73736,-8906
93019,-575488,-488448,-13456,-10220,-73541,-31760
93029,-575488,-585728,2320,-10690,-71235,-8750
93039,-684032,-701440,3944,-11127,-97753,-11222
93049,-985088,-762880,-50344,-11943,-83536,-46052
93059,-1139712,-837632,-68440,-13990,-63558,-29493
93069,-1139712,-1009664,-29464,-15858,-81493,-7624
93079,-1482752,-1177600,-69136,-18737,-120094,-22590
93089,-1909760,-1347584,-127368,-21886,-117328,-54438
93099,-2080768,-1541120,-122264,-26114,-125957,-29087
93109,-2080768,-1778688,-68440,-29432,-129618,-7520
93119,-4256768,-1979392,-515968,-31847,-99462,-234141
93129,-4491264,-2341888,-486968,-42969,-142297,-83744
93139,-6306816,-3141632,-717112,-55238,-359007,-168396
93149,-6855680,-4218880,-597400,-70644,-591907,-108808
93159,-6855680,-5074944,-403448,-85933,-487511,-28077
93169,-7071744,-6105088,-219008,-95358,-505205,-39094
93179,-7071744,-6808576,-59624,-99628,-424779,-10770
93189,-7071744,-7168000,21808,-99603,-247967,-2793
93199,-6926336,-7279616,80040,-87748,-73931,6890
93209,-6439936,-7378944,212744,-65113,-25153,53781
93219,-6439936,-7487488,237336,-32009,-51499,13854
93229,-3862528,-7418880,805736,1892,-8618,383541
93239,-3862528,-7102464,734048,15413,118658,98886
93249,-2342912,-6318080,900624,31598,364330,135568
93259,-1074176,-5427200,986232,51283,442839,224209
93269,-781312,-4157440,764904,71589,633283,87097
93279,-565248,-3056640,564456,91972,621212,63653
93289,-532480,-2255872,390456,106714,499535,22323
93299,-532480,-1606656,243368,117198,356435,5740
93309,-472064,-1259520,178408,124179,188895,5566
93319,-463872,-987136,118552,129079,158820,2648
93329,-463872,-991232,119480,133421,32278,665
93339,-436224,-935936,113216,137262,10682,5099
93349,-429056,-866304,99064,140534,5771,2374
93359,-413696,-846848,98136,143488,-36834,2038
93369,-413696,-623616,47560,145691,63523,506
93379,-413696,-567296,34800,147200,48170,125
93389,-395264,-507904,25520,148432,48835,1739
93399,-395264,-423936,6496,149279,69180,427
93409,-395264,-378880,-3712,149804,73873,100
93419,-332800,-441344,24592,150557,7653,5499
93429,-332800,-404480,16240,151332,17751,1403
93439,-270336,-432128,36656,152030,-21745,8456
93449,-244736,-488448,55216,152947,-82813,4415
93459,-185344,-352256,37816,153263,-14860,11819
93469,-185344,-244736,13456,153906,26770,3030
93479,-185344,-166912,-4176,154084,42880,765
93489,-130048,-66560,-14384,153718,71039,3713
93499,-96256,-26624,-15776,152201,51750,5041
93509,-83968,-20480,-14384,150642,22880,2447
93519,-83968,-70656,-3016,148694,-30902,613
93529,-83968,-65536,-4176,146627,-32818,143
93539,-50176,-50176,0,145385,-21745,2996
93549,-47104,-71680,5568,144089,-40196,939
93559,-47104,-22528,-18560,141800,24624,225
93569,-47104,59392,-24128,139123,26437,45
93579,-44032,4096,-10904,136574,-18589,180
93589,-44032,46080,-20416,134502,17418,36
93599,-44032,60416,-23664,132202,24567,0
93609,-28672,-114688,19488,130835,-87162,842
93619,-28672,-61440,7424,130385,-30798,213
93629,-28672,-37888,2088,130300,-6461,39
93639,-56320,-29696,-6032,129936,-1653,-4349
93649,-56320,139264,-44312,127502,104476,-1136
93659,-56320,9216,-14848,124881,-6346,-309
93669,-166912,24576,-43384,122010,5978,-16391
93679,-238592,-84992,-34800,116079,-53575,-12174
93689,-289792,1024,-65888,109297,45187,-7114
93699,-356352,-206848,-33872,103229,-72979,-10157
93709,-356352,-240640,-26216,98626,-32852,-2634
93719,-356352,-246784,-24824,96512,20677,-696
93729,-388096,-354304,-7656,95115,-23707,-3946
93739,-388096,-354304,-7656,94731,18497,-1032
93750,-524288,-437248,-32480,91791,-24269,-20893
93760,-913408,-448512,-105328,85283,-6702,-54801
93770,-1259520,-609280,-147320,66693,-71900,-48771
93780,-1259520,-779264,-108808,48872,-96341,-13434
93790,-2447360,-1310720,-257520,5917,-296837,-85276
93800,-2975744,-1485824,-337560,-7817,-121781,-74863
93810,-3108864,-2093056,-230144,-16050,-272511,-30256
93820,-3247104,-2808832,-99296,-21193,-359580,-26917
93830,-3247104,-3085312,-36656,-23430,-190009,-6959
93840,-3247104,-3423232,39904,-21350,-176698,-1932
93850,-2788352,-3490816,159152,-9990,-72268,62850
93860,-2788352,-3613696,186992,3281,-96433,17269
93870,-2788352,-3496960,160544,8797,-18188,4440
93880,-1004544,-3333120,527568,13408,42490,247601
93890,-864256,-2993152,482328,25314,165854,77865
93900,-353280,-2441216,480936,39298,275895,111437
93910,-353280,-1887232,347536,51654,351995,30636
93920,-105472,-1375232,287680,62437,314978,31121
93930,-16384,-1025024,228520,70750,217191,14059
93940,0,-675840,153120,77193,183157,5969
93950,0,-443392,100456,81927,158739,1519
93960,-4096,-348160,77952,85242,100207,-382
93970,-4096,-253952,56608,87958,81297,-120
93980,-10240,-361472,79576,90043,-52497,-629
93990,-10240,-204800,44080,91604,14320,-181
94000,-10240,103424,-25752,92157,180874,-68
94010,-10240,61440,-16240,91816,96157,-46
94020,-182272,-82944,-22504,86976,-47861,-10987
94030,-182272,-107520,-16936,82005,-62594,-3040
94040,-182272,20480,-45936,76950,42949,-803
94050,-182272,93184,-62408,72641,85130,-226
94060,-222208,-209920,-2784,70080,-79462,-5250
94070,-222208,-209920,-2784,67881,-47815,-1374
94080,-212992,-175104,-8584,65942,-5474,228
94090,-206848,-142336,-14616,63994,20849,787
94100,-197632,-142336,-12528,62955,14928,994
94110,-151552,-184320,7424,60838,-35709,8499
94120,-108544,-177152,15544,60108,-40150,7394
94130,-108544,-115712,1624,59293,-4510,2014
94140,-13312,100352,-25752,58279,115296,6567
94150,-13312,-52224,8816,57495,-24602,1678
94160,0,-146432,33176,56237,-107873,1614
94170,0,72704,-16472,55341,61446,399
94180,0,6144,-1392,54779,929,91
94190,0,87040,-19720,53806,50603,6
94200,0,40960,-9280,53361,22237,0
94210,0,-29696,6728,52322,-39737,0
94220,0,50176,-11368,50597,20378,0
94230,0,154624,-35032,47950,89157,0
94240,0,163840,-37120,45701,79197,0
94250,0,-139264,31552,44333,-126279,0
94260,3072,20480,-3944,43832,13562,479
94270,9216,-72704,18560,43243,-61895,808
94280,9216,62464,-12064,41924,25175,207
94290,58368,109568,-11600,41124,37120,2972
94300,58368,228352,-38512,39185,92645,750
94310,125952,242688,-26448,37575,75881,5761
94320,138240,156672,-4176,36092,-7459,3399
94330,138240,206848,-15544,34702,19851,915
94340,138240,223232,-19256,32910,22914,222
94350,178176,191488,-3016,32182,-38280,2276
94360,178176,144384,7656,31387,-36972,610
94370,234496,194560,9048,31223,-9077,4495
94380,259072,278528,-4408,31266,31073,2597
94390,348160,297984,11368,31172,15502,10162
94400,348160,280576,15312,31129,-23730,2606
94410,398336,406528,-1856,31247,40906,4537
94420,398336,418816,-4640,30498,14825,1156
94430,398336,379904,4176,29362,-28985,302
94440,401408,422912,-4872,27964,-8526,228
94450,401408,427008,-5800,26309,-12129,42
94460,398336,540672,-32248,24386,65738,-242
94470,398336,556032,-35728,21832,63615,-83
94480,398336,479232,-18328,19797,10235,-46
94490,398336,509952,-25288,16861,21354,-46
94500,398336,419840,-4872,14083,-48435,-46
94510,398336,389120,2088,11996,-59990,-46
94520,398336,386048,2784,10344,-48618,-46
94530,398336,323584,16936,9125,-81264,-46
94540,405504,360448,10208,8148,-42709,683
94550,401408,387072,3248,7819,-15411,-623
94560,372736,488448,-26216,6948,55078,-3891
94570,372736,451584,-17864,5474,24360,-1090
94580,348160,412672,-14616,3802,-1309,-2845
94590,348160,413696,-14848,1705,1044,-751
94600,345088,473088,-29000,-30,51383,-510
94610,348160,408576,-13688,-247,9891,61
94620,348160,443392,-21576,-191,5530,0
94630,348160,368640,-4640,-618,-25669,0
94640,345088,491520,-33176,-1223,57407,-214
94650,334848,508928,-39440,-2139,48113,-1401
94660,318464,328704,-2320,-3148,-86106,-1917
94670,297984,444416,-33176,-4130,7504,-3943
94680,288768,393216,-23664,-5179,-27322,-2295
94690,269312,305152,-8120,-6144,-77133,-2314
94700,234496,429056,-44080,-7151,31302,-5402
94710,234496,318464,-19024,-8154,-33357,-1407
94720,202752,427008,-50808,-8795,84877,-3174
94730,196608,336896,-31784,-9388,26070,-1987
94740,187392,256000,-15544,-9878,-4648,-1648
94750,187392,305152,-26680,-10430,29111,-474
94760,162816,200704,-8584,-10929,-31349,-2662
94770,162816,320512,-35728,-11316,61871,-702
94780,162816,174080,-2552,-11550,-34516,-214
94790,135168,197632,-14152,-11453,7676,-4712
94800,129024,313344,-41760,-11870,80838,-2060
94810,129024,199680,-16008,-12545,-12083,-550
94820,132096,284672,-34568,-13142,50235,27
94830,132096,225280,-21112,-13877,-3810,0
94840,135168,344064,-47328,-14767,78165,241
94850,159744,218112,696,-15404,-55905,3906
94860,168960,90112,17864,-15062,-82549,2105
94870,168960,180224,-2552,-14623,4761,521
94880,224256,177152,10672,-13108,-9433,3213
94890,398336,293888,23664,-10710,46896,20681
94900,451584,261120,43152,-6150,-16903,9429
94910,451584,343040,24592,-3554,-5394,2572
94920,2974720,498688,560976,1340,38692,287817
94930,2974720,813056,489752,13210,162606,74203
94940,6782976,1486848,1199904,17552,331708,268325
94950,7916544,2949120,1125432,35897,675521,190133
94960,8415232,4684800,845176,58504,900010,87545
94970,10281984,6283264,905960,74937,864875,299102
94980,10281984,7661568,593688,90686,779757,77114
94990,10281984,8614912,377696,105405,602302,21194
95000,10591232,9494528,248472,116304,512559,22753
95010,9214976,9895936,-154280,109103,271408,-131818
95020,8501248,10130432,-369112,64385,126438,-91428
95030,8501248,10099712,-362152,11737,36741,-23594
95040,4637696,9641984,-1133784,-3677,-159888,-418754
95050,4637696,8774656,-937280,-19944,-399661,-107999
95060,2697216,7449600,-1076712,-33365,-672252,-138315
95070,1270784,5830656,-1033096,-54744,-895777,-187885
95080,670720,4450304,-856312,-78515,-843292,-162922
95090,589824,3365888,-628952,-98100,-706664,-56748
95100,447488,2529280,-471656,-116288,-554534,-28888
95111,237568,2253824,-456808,-131496,-220554,-33335
95121,237568,1597440,-308096,-143995,-293773,-8613
95131,89088,1510400,-322016,-155337,-136652,-17243
95141,49152,907264,-194416,-164538,-303366,-7172
95151,-4096,816128,-185832,-170901,-106531,-9345
95161,-4096,198656,-45936,-175054,-305833,-2427
95171,0,245760,-55680,-177085,-56433,-367
95181,0,76800,-17400,-177371,-45107,-120
95191,0,-258048,58464,-174527,-174116,-46
95201,0,-178176,40368,-169829,-41470,-46
95211,0,-308224,69832,-161751,-63799,-46
95221,0,-373760,84680,-150537,16098,-46
95231,0,-314368,71224,-138215,44142,-46
95241,0,-441344,99992,-123738,-16455,-46
95251,0,-493568,111824,-109261,-33770,-46
95261,0,-503808,114144,-95097,-53507,-46
95271,0,-401408,90944,-82126,-987,-46
95281,0,-294912,66816,-72387,30843,-46
95291,0,-248832,56376,-63967,21755,-46
95301,0,-262144,59392,-56283,-4499,-46
95311,0,-159744,36192,-48952,55204,-46
95321,0,-112640,25520,-42261,70763,-46
95331,0,-138240,31320,-36339,37005,-46
95341,0,-290816,65888,-30153,-80116,-46
95351,0,-232448,52664,-23491,-24235,-46
95361,0,-176128,39904,-16862,23660,-46
95371,0,-243712,55216,-9924,-27872,-46
95381,0,-187392,42456,-4395,79163,-46
95391,0,-64512,14616,-132,66036,-46
95401,0,-202752,45936,1234,-35687,-46
95411,0,-149504,33872,2575,14744,-46
95421,0,-97280,22040,3976,54435,-46
95431,0,-64512,14616,5253,70522,-46
95441,0,-56320,12760,6214,48285,-46
95451,0,-138240,31320,7161,-68860,-46
95461,0,-216064,48952,8280,-58383,-46
95471,0,-137216,31088,9476,6219,-46
95481,0,-253952,57536,10828,-69835,-46
95491,0,-242688,54984,12307,-50971,-46
95501,0,-203776,46168,13533,-28194,-46
95511,0,-137216,31088,14905,27148,-46
95521,0,-93184,21112,16333,63420,-46
95531,-4096,-230400,50344,17959,-23925,-260
95541,-4096,-173056,38280,19583,27986,-89
95551,-4096,-102400,22272,21188,76260,-46
95561,-4096,-141312,31088,22698,46437,-46
95571,-4096,-182272,40368,24127,436,-46
95581,-4096,-315392,70528,25921,-77730,-46
95591,-7168,-215040,47096,27644,5335,-495
95601,-7168,-224256,49184,29260,-14000,-156
95611,-7168,-265216,58464,30874,-51303,-58
95621,-7168,-205824,45008,32177,-23122,-46
95631,-7168,-257024,56608,33655,-54241,-46
95641,-7168,-108544,30624,35147,31566,-632
95651,-10240,-265216,57768,36714,-49571,-193
95661,-56320,-224256,38048,38237,-5279,-4676
95671,-56320,-282624,51272,39436,-49318,-1297
95681,-163840,-178176,3248,40011,34848,-8884
95691,-163840,-236544,16472,40509,-161,-2305
95701,-232448,-396288,37120,41044,-29880,-5274
95711,-232448,-284672,11832,41355,20011,-1465
95721,-472064,-297984,-39440,38756,19460,-22867
95731,-524288,-358400,-37584,34117,1009,-10087
95741,-1393664,-494592,-203696,23321,-50443,-122709
95751,-1393664,-625664,-174000,-1587,-53782,-31659
95761,-6576128,-866304,-1293632,-7150,-81585,-714100
95771,-14018560,-2050048,-2711616,-8879,-575211,-1147934
95781,-17213440,-3469312,-3113904,-8879,-781490,-595655
95791,-17213440,-6965248,-2321856,-30551,-1653251,-163855
95801,-17213440,-10575872,-1503824,-83637,-1887608,-42267
95811,-17213440,-13684736,-799472,-119753,-1769534,-11640
95821,-17213440,-15895552,-298584,-138193,-1313488,-3022
95831,-17213440,-16864256,-79112,-144090,-741031,-849
95841,-16590848,-17232896,145464,-135154,-353281,58148
95851,-16590848,-17032192,94656,-120065,-27987,14974
95861,-16590848,-16892928,68440,-111131,1147,4101
95871,-2473984,-16638976,3209256,2432,99691,1242193
95881,-1909760,-15848448,3157984,2709,426235,379977
95891,-532480,-13615104,2964032,36970,1107689,276318
95901,-402432,-10419200,2269424,93744,1616910,82672
95911,-4096,-7127040,1613792,147066,1797612,57989
95921,-4096,-4221952,955608,188799,1601683,14935
95931,0,-2318336,525248,212889,1191500,4476
95941,0,-1241088,281184,226705,710668,1138
95951,0,-752640,170520,234611,376642,277
95961,0,-638976,144768,239924,144396,61
95971,52224,-365568,94656,244465,180392,7763
95981,52224,-209920,59392,247718,154322,2114
95991,234496,78848,35264,250109,199772,16555
96001,288768,230400,13224,251245,109226,7492
96011,540672,577536,-8352,249505,168332,32626
96021,920576,862208,13224,249671,186944,39706
96031,2554880,1116160,325960,249292,164155,267062
96041,5160960,1495040,830560,252604,242481,370056
96051,5160960,2240512,661664,266311,404961,95401
96061,11016192,3553280,1690816,267542,679296,519210
96071,11016192,5744640,1194336,283677,1075561,133871
96081,11016192,8185856,641248,310167,1256779,34509
96091,13754368,10057728,837520,318211,1085796,172918
96101,13495296,11751424,395096,335201,936121,15084
96111,13495296,12768256,164720,343743,624402,4132
96121,10908672,13400064,-564456,280128,368862,-176554
96131,10908672,13158400,-509704,200588,-35755,-45548
96141,9214976,12572672,-760728,102154,-261645,-152152
96151,9122816,11486208,-535456,7469,-512709,-44410
96161,9122816,10819584,-338952,-13816,-511550,-11469
96171,9122816,9917440,-180032,-22024,-401325,-3174
96181,6854656,9430016,-583480,-29946,-291811,-247248
96191,6854656,9097216,-508080,-42232,-206773,-68024
96201,3697664,8246272,-1030544,-48995,-439558,-261509
96211,2419712,7535616,-1159072,-63246,-381256,-180668
96221,2419712,5578752,-715720,-88056,-870040,-46604
96232,2419712,4019200,-362384,-106935,-919381,-12037
96242,2419712,3191808,-174928,-116056,-598264,-3327
96252,275456,2632704,-534064,-120491,-355622,-229673
96262,275456,2245632,-446368,-132011,-259407,-63193
96272,6144,1605632,-362384,-145193,-332500,-30442
96282,-7168,748544,-171216,-154053,-429415,-9202
96292,-7168,210944,-49416,-158029,-340119,-2549
96302,-10240,-319488,70064,-154914,-298019,-1099
96312,-13312,-487424,107416,-141522,-134139,-605
96322,-13312,-557056,123192,-124880,-55939,-184
96332,-179200,-646144,105792,-109518,-53277,-13508
96342,-179200,-614400,98600,-95772,-4682,-3736
96352,-276480,-582656,69368,-83052,38164,-8027
96362,-276480,-661504,87232,-70505,-80059,-2088
96372,-349184,-752640,91408,-57811,-32279,-7862
96382,-349184,-789504,99760,-44106,-23271,-2048
96392,-366592,-759808,89088,-29693,18657,-2799
96402,-366592,-997376,142912,-14830,-130650,-782
96412,-366592,-828416,104632,401,10384,-217
96422,-366592,-708608,77488,3924,86495,-80
96432,-366592,-770048,91408,7208,2662,-46
96442,-366592,-761856,89552,10121,-26748,-46
96452,-363520,-687104,73312,12611,7171,360
96462,-359424,-702464,77720,15120,-20552,457
96472,-353280,-587776,53128,17607,49535,1199
96482,-349184,-641024,66120,20518,46196,842
96492,-338944,-846848,115072,23609,-99612,1098
96502,-325632,-820224,112056,26767,-68871,1528
96512,-325632,-777216,102312,30485,-3822,372
96522,-325632,-906240,131544,34312,-76456,79
96532,-325632,-890880,128064,38503,-48813,3
96542,-325632,-689152,82360,42395,86977,0
96552,-325632,-741376,94192,45828,24291,0
96562,-328704,-802816,107416,49346,-31498,-214
96572,-328704,-603136,62176,52502,101492,-80
96582,-325632,-628736,68672,55497,51291,234
96592,-319488,-655360,76096,58486,25794,1071
96602,-319488,-834560,116696,61401,-109342,277
96612,-319488,-631808,70760,64373,38807,54
96622,-302080,-626688,73544,67011,21675,1110
96632,-279552,-434176,35032,69729,146691,3005
96642,-264192,-753664,110896,72223,-128849,2023
96652,-264192,-463872,45240,74195,51945,543
96662,-264192,-373760,24824,75766,73678,125
96672,-264192,-287744,5336,76629,82250,18
96682,-264192,-484352,49880,76546,-102733,0
96692,-264192,-119808,-32712,74765,127207,0
96702,-267264,-344064,17400,74792,-23925,-284
96712,-267264,-408576,32016,75236,-64075,-92
96722,-270336,-149504,-27376,74596,113116,-388
96732,-270336,-574464,68904,74021,-193485,-126
96742,-273408,-159744,-25752,73208,122170,-532
96752,-273408,-506880,52896,73758,-113220,-156
96762,-273408,-354304,18328,74453,3671,-62
96772,-273408,-324608,11600,74860,10487,-46
96782,-270336,-390144,27144,75276,-45406,314
96792,-270336,-134144,-30856,74761,133151,67
96802,-270336,-317440,39672,72856,-131959,0
96812,-270336,-164864,-23896,71496,83649,0
96822,-273408,-378880,23896,70362,-80816,-254
96832,-273408,-302080,6496,69398,124992,-86
96842,-273408,-299008,5800,66714,-33495,-46
96852,-273408,-223232,-11368,65919,56363,-46
96862,-273408,-176128,-22040,64704,81894,-46
96872,-273408,-519168,55680,64734,-121436,-46
96882,-273408,-323584,11368,65449,42065,-46
96892,-276480,-531456,57768,66369,-136365,-193
96902,-279552,-134144,-32944,66151,176835,-379
96912,-279552,-347136,15312,65763,-19611,-116
96922,-282624,-280576,-464,65140,11600,-501
96932,-282624,-239616,-9744,62911,7802,-147
96942,-282624,-276480,-1392,62297,-8216,-55
96952,-282624,-275456,-1624,62465,19736,-46
96962,-282624,-396288,25752,63103,-35882,-46
96972,-309248,-334848,5800,63693,17556,-5124
96982,-309248,-412672,23432,64152,-34149,-1340
96992,-392192,-417792,5800,64798,6620,-8143
97002,-424960,-449536,5568,65378,-7298,-4346
97012,-556032,-655360,22504,65386,-102159,-18186
97022,-556032,-567296,2552,64951,-7321,-4712
97032,-684032,-540672,-32480,62778,-28423,-9385
97042,-684032,-798720,25984,61968,-98671,-2601
97052,-1233920,-752640,-109040,52215,-20552,-49036
97062,-1829888,-784384,-236872,36650,-2536,-120072
97072,-1829888,-1206272,-141288,9280,-187587,-30985
97082,-2583552,-1339392,-281880,-5585,-109158,-74268
97092,-2757632,-1843200,-207176,-13174,-251467,-31534
97102,-2975744,-2207744,-174000,-19085,-189813,-34632
97112,-2975744,-2593792,-86536,-22780,-276952,-8948
97122,-2975744,-3124224,33640,-22130,-247118,-2482
97132,-2975744,-3134464,35960,-17365,-66450,-660
97142,-2912256,-3265536,80040,-7921,-62881,5383
97152,-2639872,-3351552,161240,1465,-58142,47033
97162,-2555904,-3215360,149408,6447,37177,21670
97172,-2125824,-3074048,214832,12611,93609,43753
97182,-1909760,-3072000,263320,21101,28881,24163
97192,-1185792,-2817024,369576,29739,120827,88613
97202,-966656,-2490368,345216,40009,143730,42422
97212,-879616,-2058240,267032,50469,218258,16122
97222,-1246208,-1676288,97440,57068,217650,-37583
97232,-1453056,-1461248,1856,58255,146920,-27405
97242,-1849344,-1549312,-67976,54590,-51671,-69364
97252,-1849344,-1626112,-50576,43779,-86335,-19098
97262,-1972224,-1689600,-64032,35798,-19599,-15067
97272,-1972224,-1979392,1624,32973,-99738,-4163
97282,-1993728,-2308096,71224,34078,-174403,-3541
97292,-1993728,-2267136,61944,35959,-54700,-931
97302,-1889280,-2158592,61016,38243,50075,11947
97312,-1889280,-2134016,55448,40866,58394,3067
97322,-1869824,-2176000,91640,43155,-82778,2279
97332,-1869824,-2171904,68440,44997,-39267,613
97342,-2080768,-1998848,-18560,44805,61687,-22364
97352,-2080768,-2036736,-9976,43113,17843,-6168
97362,-2080768,-2058240,-5104,43068,25829,-1609
97372,-2080768,-2195456,35960,43713,-70019,-431
97382,-2944000,-2315264,-142448,26826,-89181,-66837
97392,-2975744,-2273280,-159152,4539,12105,-18918
97402,-3008512,-2488320,-117856,-2873,-35606,-8716
97412,-3008512,-2972672,-8120,-4803,-203009,-2265
97422,-2788352,-3161088,84448,-897,-170353,21563
97432,-2788352,-3119104,74936,2504,-25635,5917
97442,-2196480,-3038208,190704,7844,56053,44381
97452,-2196480,-2803712,137576,13890,114596,11425
97462,-1004544,-2709504,386280,20253,77063,122360
97473,-1004544,-2467840,331528,30471,63661,31539
97483,-413696,-1891328,334776,39150,253967,95712
97493,-179200,-1437696,285128,48663,321312,48120
97503,-74752,-1167360,247544,57577,220656,19482
97513,0,-819200,185600,64220,216204,15664
97523,0,-438272,99296,69564,272487,4025
97533,0,-354304,80272,73393,161803,1019
97543,0,-281600,63800,76271,111900,262
97553,0,-386048,87464,78912,-23042,48
97563,0,-174080,39440,80872,79278,0
97573,0,-172032,38976,82248,23431,0
97583,0,-54272,12296,82946,50235,0
97593,0,136192,-30856,82690,143317,0
97603,0,101376,-22968,80029,52542,0
97613,9216,51200,-9512,77094,-16903,802
97623,58368,-8192,15080,74411,-69284,8996
97633,58368,166912,-24592,72481,53552,2301
97643,79872,124928,-10208,71251,16007,2471
97653,82944,244736,-36656,68205,72129,1211
97663,79872,214016,-30392,63081,986,-80
97673,79872,145408,-14848,57402,-76800,-46
97683,79872,245760,-37584,51360,-8136,-46
97693,79872,410624,-74936,44953,105061,-46
97703,79872,202752,-27840,39183,-43604,-46
97713,89088,143360,-12296,34319,-71820,1501
97723,92160,218112,-28536,30275,-3604,772
97733,92160,289792,-44776,25538,44131,183
97743,129024,247808,-26912,22159,16225,2828
97753,141312,232448,-20648,19288,3912,2252
97763,141312,78848,14152,17420,-89468,558
97773,141312,219136,-17632,15796,28273,128
97783,144384,257024,-25520,14278,58750,366
97793,144384,39936,23664,12794,-96410,79
97803,190464,30720,36192,12235,-90868,2752
97813,355328,238592,26448,12656,60758,19454
97823,355328,258048,22040,14004,59438,4998
97833,1258496,226304,233856,15891,13459,143301
97843,1848320,382976,331992,23053,91693,104067
97853,1848320,552960,293480,32604,87929,26815
97863,3988480,1178624,636608,42164,292728,176348
97873,3988480,2010112,448224,57113,479099,45458
97883,7218176,2725888,1017784,63633,497412,261270
97893,9031680,3786752,1188304,77045,649738,304238
97903,9590784,5306368,970688,96271,914216,138095
97913,10908672,6584320,979736,113648,908513,139807
97923,11233280,7953408,743096,136308,877555,54199
97933,11233280,9032704,498568,155960,708786,13958
97943,11016192,9790464,277704,167087,525250,-12952
97953,9308160,10248192,-212976,165820,345557,-255018
97963,8080384,10313728,-505992,111140,134757,-188599
97973,8080384,10078208,-452632,46739,-33185,-51893
97983,5441536,9076736,-823600,-7147,-378869,-231583
97993,5441536,8157184,-615264,-24107,-518194,-63718
98003,3175424,7115776,-892736,-34858,-525813,-180610
98013,3175424,5905408,-618512,-55086,-613594,-46595
98023,3175424,5079040,-431288,-71207,-454051,-12833
98033,1245184,4059136,-637536,-82268,-563737,-371488
98043,1105920,4085760,-675120,-92937,-152406,-113846
98053,540672,3197952,-602040,-109725,-396815,-87873
98063,391168,2549760,-489056,-127253,-408795,-32828
98073,147456,1806336,-375840,-140916,-449002,-42710
98083,79872,1355776,-289072,-151889,-278879,-17371
98093,3072,715776,-161472,-159418,-336034,-18229
98103,3072,880640,-198824,-165160,22524,-5030
98113,43008,269312,-51272,-169227,-245110,2429
98123,43008,436224,-89088,-172183,-16375,653
98133,246784,198656,10904,-173613,-104408,26544
98143,288768,111616,40136,-170875,-53002,10769
98153,342016,249856,20880,-165280,82835,12463
98163,352256,-76800,97208,-157595,-151305,4522
98173,352256,203776,33640,-151106,52955,1229
98183,455680,269312,42224,-143454,61939,7324
98193,455680,81920,84680,-134451,-71625,1876
98203,1350656,178176,265640,-109033,-6575,84432
98213,1513472,420864,247544,-68648,127884,32125
98223,1513472,794624,162864,-37837,236503,8819
98233,1513472,893952,140360,-16868,66449,2258
98243,6854656,1559552,1199672,1536,304754,390786
98253,6854656,2539520,977648,18971,535393,107470
98263,6854656,4143104,614336,43462,805838,27694
98273,7836672,5441536,542648,59039,743531,70123
98283,7599104,6550528,237568,71141,592330,-10776
98293,7599104,7218176,86304,76181,385718,-2793
98303,5737472,7303168,-354728,30642,91314,-119318
98313,5737472,7233536,-338952,-6268,7722,-30787
98323,2638848,6348800,-840536,-10895,-383666,-280915
98333,1258496,5659648,-997136,-26181,-391801,-303855
98343,746496,4438016,-836360,-42550,-553708,-136643
98353,466944,3204096,-620136,-61182,-639274,-62180
98363,466944,2205696,-393936,-77129,-512457,-16053
98373,132096,1275904,-259144,-87704,-567707,-42267
98383,132096,1193984,-240584,-95455,-134517,-11640
98393,0,534528,-121104,-101328,-320486,-23780
98403,0,490496,-124120,-106024,-88298,-6153
98413,0,327680,-74240,-108979,-88562,-1706
98423,0,24576,-5568,-110347,-152395,-458
98433,0,-239616,54288,-107829,-180049,-144
98443,0,-111616,25288,-101353,35892,-55
98453,0,-449536,101848,-91280,-131167,-46
98463,0,-520192,117856,-77424,-97167,-46
98473,0,-391168,88624,-63194,38979,-46
98483,0,-456704,103472,-48182,7527,-46
98493,0,-559104,126672,-31793,-54149,-46
98503,0,-534528,121104,-15967,-27035,-46
98513,0,-519168,117624,-680,-37993,-46
98523,0,-355328,80504,3253,45841,-46
98533,0,-191488,43384,5717,114080,-46
98543,0,-223232,50576,8086,53838,-46
98553,-10240,-402432,88856,10339,-94528,-1130
98563,-10240,-350208,77024,12429,-53128,-327
98573,-10240,-194560,41760,14343,46827,-101
98583,-22528,-177152,35032,16175,46300,-1276
98593,-22528,-343040,72616,18217,-58716,-367
98603,-68608,-311296,54984,19938,-25245,-2527
98613,-68608,-328704,58928,21654,-33701,-712
98623,-166912,-439296,61712,23317,-76226,-7325
98633,-212992,-311296,22272,24409,28686,-4325
98643,-359424,-551936,43616,24977,-124546,-15851
98653,-359424,-485376,28536,25412,-27425,-4108
98663,-493568,-425984,-15312,26060,48560,-19602
98674,-519168,-635904,26448,26383,-65635,-7969
98684,-595968,-591872,-928,26694,12002,-9800
98694,-606208,-563200,-9744,27101,70327,-4126
98704,-611328,-882688,61480,27860,-129010,-1594
98714,-626688,-827392,45472,28999,-56892,-1468
98724,-626688,-795648,38280,30255,-13839,-419
98734,-626688,-889856,59624,32169,-36582,-126
98744,-702464,-724992,5104,33736,108549,-7242
98754,-702464,-889856,42456,35110,-11188,-2009
98764,-832512,-976896,32712,36188,-59267,-12735
98774,-1043456,-829440,-48488,36062,55881,-41022
98784,-1174528,-944128,-52200,30781,-19576,-28275
98794,-1174528,-1156096,-4176,24602,-135711,-7309
98804,-1546240,-1131520,-93960,14476,-28905,-35257
98814,-1546240,-1266688,-63336,5616,-30638,-9711
98824,-1930240,-1659904,-61248,-1547,-198741,-36286
98834,-2447360,-1609728,-189776,-4920,-76341,-84571
98844,-2555904,-1994752,-127136,-9326,-159647,-36454
98854,-2555904,-2441216,-25984,-12869,-299706,-9421
98864,-3075072,-2481152,-134560,-17103,-134770,-35660
98874,-3946496,-2736128,-274224,-21488,-93473,-115009
98884,-4076544,-3262464,-184440,-28189,-230973,-40391
98894,-4589568,-3746816,-190936,-33396,-317675,-97132
98904,-4999168,-3836928,-263320,-39450,-74012,-71683
98914,-5922816,-4456448,-332224,-46647,-196090,-94629
98924,-5922816,-5353472,-128992,-54438,-487821,-24421
98934,-6714368,-5646336,-241976,-59980,-308702,-96824
98944,-6644736,-6066176,-131080,-65186,-201563,-19599
98954,-6306816,-6735872,97208,-64922,-345455,47698
98964,-6306816,-6678528,84216,-49976,-18509,12283
98974,-6306816,-7080960,175392,-28000,-137834,3152
98984,-2848768,-6843392,905032,2630,27275,510302
98994,-2848768,-6695936,871624,12664,130604,140347
99004,-2848768,-5751808,657720,34975,424090,36169
99014,-825344,-4701184,878120,48005,559857,123165
99024,-825344,-3478528,601112,70134,649589,31747
99034,-825344,-2579456,397416,86351,548119,8166
99044,-556032,-1918976,308792,98846,412374,17297
99054,-1063936,-1595392,120408,106137,253738,-46363
99064,-1063936,-1555456,111360,110181,86426,-11976
99074,-2103296,-1646592,-103472,109988,-2972,-156452
99084,-2292736,-1782784,-115536,94005,-57362,-59311
99094,-2757632,-2113536,-145928,71436,-167369,-54178
99104,-2848768,-2483200,-82824,54348,-238718,-27512
99114,-2848768,-2797568,-11600,45694,-218649,-7114
99124,-2848768,-2973696,28304,45957,-98189,-1853
99134,-2243584,-3130368,200912,49078,-47827,83062
99144,-2243584,-3168256,209496,56322,12530,21408
99154,-1004544,-3137536,483256,65924,25749,118524
99164,-1004544,-2851840,418528,79292,93173,30548
99174,-417792,-2379776,444512,91967,192073,62884
99184,-154624,-1892352,393704,103946,217937,57791
99194,-77824,-1454080,311808,115204,216468,24826
99204,-77824,-1079296,226896,124061,215527,6811
99214,0,-756736,171448,131477,213232,7479
99224,0,-618496,140128,137309,152933,1913
99234,0,-539648,122264,141790,62146,509
99244,0,-455680,103240,145607,28812,115
99254,0,-352256,79808,148613,32266,15
99264,0,-267264,60552,151126,44705,0
99274,0,-254976,57768,152998,-655,0
99284,0,-185344,41992,154453,22421,0
99294,0,-71680,16240,155660,70454,0
99304,0,-47104,10672,156688,64946,0
99314,0,-63488,14384,157332,20665,0
99324,0,-14336,3248,157269,16236,0
99334,0,-21504,4872,156947,-9731,0
99344,0,-35840,8120,156297,-24476,0
99354,0,-7168,1624,155408,-18314,0
99364,0,71680,-16240,153577,19965,0
99374,0,141312,-32016,151439,57476,0
99384,0,65536,-14848,148446,-13839,0
99394,0,141312,-32016,144878,25244,0
99404,0,53248,-12064,142130,-26863,0
99414,0,54272,-12296,140326,-964,0
99424,-10240,164864,-39672,138146,86472,-1612
99434,-28672,94208,-27840,136069,35112,-2530
99444,-93184,-121856,6496,132351,-98120,-5658
99454,-173056,-51200,-27608,126081,-74723,-10087
99464,-173056,136192,-70064,118926,74022,-2619
99474,-359424,-22528,-76328,108757,-23638,-15091
99484,-480256,-120832,-81432,98447,-58418,-21973
99494,-524288,-199680,-73544,87267,-46553,-10386
99504,-524288,-381952,-32248,79460,-90604,-2695
99514,-565248,-278528,-64960,74033,61836,-4361
99524,-565248,-515072,-11368,71031,-44396,-1139
99534,-1004544,-770048,-53128,60704,-156468,-32136
99544,-1004544,-620544,-87000,50309,35686,-8304
99554,-2292736,-833536,-330600,21840,-45176,-131159
99564,-4302848,-1288192,-683008,-9786,-226073,-259153
99574,-4302848,-1992704,-523392,-24097,-366396,-66843
99584,-4076544,-2945024,-256360,-35900,-464940,4238
99594,-2818048,-3953664,257288,-30793,-511275,158319
99604,-2818048,-4028416,274224,2873,-141471,43530
99614,-2818048,-3937280,253576,12163,6735,11206
99624,-840704,-3412992,582784,18278,186967,356451
99634,-708608,-2894848,495320,27390,281644,115130
99644,-708608,-2349056,371664,40638,297433,29672
99654,-276480,-1838080,353800,52223,232177,35147
99664,-10240,-1257472,282576,61114,252005,44128
99674,-10240,-793600,177480,68668,244397,11358
99684,-10240,-453632,100456,73915,232590,2914
99694,-10240,-384000,84680,77425,112657,781
99704,-10240,-309248,67744,80259,60081,183
99714,76800,-339968,94424,82775,-15709,11196
99724,76800,-223232,67976,85129,8697,3063
99734,291840,7168,64496,87567,102973,19683
99744,291840,30720,59160,89851,46736,5398
99754,549888,112640,99064,91844,9443,32702
99764,615424,369664,55680,94365,101860,13818
99774,1116160,518144,135488,96309,108090,87722
99784,1116160,551936,127832,100313,19954,22604
99794,1116160,861184,57768,103170,126989,5810
99804,1436672,1072128,82592,106540,131843,20715
99814,1436672,1251328,41992,108698,106186,5322
99824,1422336,1457152,-7888,109096,116054,265
99834,1422336,1520640,-22272,107109,60390,48
99844,1422336,1577984,-35264,102804,40952,0
99854,1422336,1710080,-65192,97219,98716,0
99864,1084416,1554432,-106488,80816,-30661,-18928
99875,824320,1452032,-142216,61851,-68033,-32651
99885,773120,1516544,-168432,41340,44383,-13221
99895,773120,965632,-43616,25176,-253716,-3428
99905,808960,918528,-24824,17115,-135504,3118
99915,808960,931840,-27840,12710,-27287,784
99925,1161216,807936,100920,14680,-111385,25979
99935,1161216,782336,85840,17237,-38624,7125
99945,1161216,966656,44080,19202,47952,1821
99955,1161216,1095680,14848,20233,72576,485
99965,1161216,1113088,10904,20104,9730,109
99975,1161216,999424,36656,19658,-95986,15
99985,15545344,1091584,3274680,18715,-20230,2119326
99995,15545344,1551360,3176080,18715,188493,546487
100005,16743424,3302400,3045232,28651,820870,242877
100015,16743424,6626304,2292160,93267,1594729,62612
100025,16743424,10107904,1503360,152270,1877234,17208
100035,16743424,13097984,825920,192114,1641706,4418
100045,9122816,14932992,-1316368,163684,1151178,-1121610
100055,9122816,15409152,-1424248,-3463,391192,-289246
100065,9122816,14444544,-1205704,-32547,-295345,-74604
100075,1848320,12155904,-2335312,-32547,-978532,-575278
100085,1848320,8908800,-1599640,-50938,-1580249,-148362
100095,824320,5928960,-1156520,-77773,-1669418,-119950
100105,824320,3678208,-646584,-103688,-1262035,-30945
100115,202752,2056192,-419920,-118660,-895754,-70173
100125,150528,1472512,-299512,-128813,-415542,-23096
100135,3072,1065984,-240816,-137646,-274599,-26343
100145,3072,992256,-224112,-146157,-108160,-6812
100155,0,843776,-191168,-153230,-91132,-1630
100165,0,402432,-91176,-158232,-206130,-440
100175,0,182272,-41296,-160299,-128814,-138
100185,-4096,-183296,40600,-157546,-148000,-348
100195,-10240,-533504,106488,-146371,-159303,-904
100205,-10240,-345088,75864,-132504,50281,-269
100215,-37888,-480256,100224,-117181,-17499,-5362
100225,-40960,-684032,145696,-102526,-145326,-1923
100235,-40960,-369664,74472,-88052,89662,-516
100245,-77824,-400384,73080,-74834,-9972,-4358
100255,-77824,-443392,82824,-62058,26942,-1209
100265,-182272,-571392,88160,-50851,-70558,-10120
100275,-182272,-430080,56144,-41828,38439,-2796
100285,-696320,-349184,-78648,-37244,70362,-67301
100295,-1259520,-596992,-150104,-40414,-98338,-74866
100305,-4120576,-697344,-775576,-44935,-92291,-530915
100315,-5678080,-1155072,-1024744,-48836,-210456,-338608
100325,-5678080,-2267136,-772792,-65393,-564379,-93152
100335,-11234304,-3616768,-1725848,-69391,-675235,-401395
100345,-12742656,-6025216,-1521920,-83336,-1132120,-286643
100355,-12742656,-8446976,-973240,-108540,-1314440,-78861
100365,-7071744,-10610688,801792,-118810,-1203917,993682
100375,-5500928,-11604992,1379704,9345,-635361,446920
100385,-5500928,-11213824,1294328,27768,54320,122909
100395,-2268160,-9271296,1586648,38578,814685,273284
100405,-2268160,-6675456,998528,65526,1302540,75149
100415,-2268160,-4326400,466320,88559,1270549,19360
100425,-2268160,-2948096,154048,98546,837967,4977
100435,-148480,-2563072,547056,102197,322046,242523
100445,-16384,-2308096,519216,114521,206210,78305
100455,0,-2091008,473744,130826,155125,22750
100465,-4096,-1541120,348232,144225,272648,5386
100475,-4096,-828416,186760,153377,335517,1464
100485,-7168,-275456,60784,157719,308666,180
100495,-7168,-63488,12760,158675,154138,36
100505,-4096,160768,-37352,155821,122663,244
100515,0,61440,-13920,151903,-15985,686
100525,0,67584,-15312,148600,-19255,170
100535,0,238592,-54056,143711,79553,30
100545,0,171008,-38744,138499,8410,0
100555,0,423936,-96048,130403,144855,0
100565,104448,273408,-38280,122751,-19507,8056
100575,348160,391168,-9744,115859,24199,40505
100585,569344,366592,45936,115399,-24659,34030
100595,569344,449536,27144,116096,-27608,8758
100605,7368704,701440,1510552,114875,96719,1004199
100615,7368704,1067008,1427728,118465,183111,258938
100625,16436224,2722816,3106944,123824,810325,723632
100635,16589824,5608448,2487968,137113,1402943,207620
100645,16743424,9222144,1704040,189087,1841376,68881
100655,16743424,12350464,995280,230213,1779218,18930
100665,16743424,14644224,475600,254799,1321748,4861
100675,12864512,15755264,-654936,212988,698447,-386780
100685,10591232,15723520,-1162784,59924,74286,-271088
100695,6575104,14464000,-1787328,-10662,-496713,-624665
100705,6575104,12098560,-1251408,-21624,-1176412,-171836
100715,1161216,9710592,-1936968,-28745,-1305065,-594846
100725,1161216,7222272,-1362536,-43162,-1341348,-153406
100735,387072,4924416,-1027992,-68671,-1213842,-119651
100745,122880,2945024,-639392,-91494,-1039462,-74723
100755,27648,1904640,-425256,-107240,-665333,-31617
100765,27648,929792,-204392,-117339,-582853,-8713
100775,-4096,899072,-204624,-124841,-151351,-4422
100785,-4096,644096,-146856,-130082,-97535,-1236
100795,0,304128,-68904,-133755,-161506,45
100805,0,105472,-23896,-135479,-137776,0
100815,0,-148480,33640,-134381,-147426,0
100825,0,-369664,83752,-126705,-146428,0
100835,-222208,-441344,49648,-120704,-76662,-15107
100845,-524288,-453632,-16008,-115193,5783,-43030
100855,-690176,-689152,-232,-114413,-77305,-26670
100865,-1829888,-880640,-215064,-117559,-102824,-123255
100875,-1829888,-1127424,-159152,-122963,-108252,-31800
100885,-6576128,-1662976,-1113136,-124562,-268896,-453873
100895,-17213440,-2623488,-3305536,-124928,-494900,-1562192
100905,-17213440,-5111808,-2741776,-124928,-1258960,-402857
100915,-17213440,-7986176,-2090552,-161545,-1602625,-110825
100925,-17213440,-11502592,-1293864,-212515,-1811509,-28595
100935,-17213440,-14444544,-627328,-244791,-1625081,-7395
100945,-17213440,-16301056,-206712,-258877,-1239270,-2057
100955,-17213440,-17170432,-9744,-263153,-705138,-550
100965,-17213440,-17364992,34336,-261480,-290331,-171
100975,-17213440,-17298432,19256,-256865,-24648,-65
100985,-14696448,-17377280,607376,-175731,-26105,150207
100995,-14696448,-17088512,541952,-94637,152841,41296
101005,-14696448,-16707584,455648,-22534,187162,10632
101015,-1209344,-15947776,3339176,7175,394726,896667
101025,-1209344,-14276608,2960552,18564,867136,231213
101035,-1209344,-11617280,2358048,84514,1423069,59603
101045,-1209344,-8329216,1613096,146421,1709556,16378
101055,0,-5520384,1250712,186178,1573627,141851
101065,-4096,-3580928,810376,214042,1213715,38644
101075,-7168,-2264064,511328,235662,786871,9765
101085,-7168,-1313792,296032,249210,571263,2502
101095,-7168,-872448,196040,257400,320325,677
101106,-7168,-507904,113448,262676,215309,158
101116,-4096,-282624,63104,265577,146794,375
101126,-4096,-23552,4408,266511,130649,79
101136,-4096,304128,-69832,262385,190409,0
101146,0,410624,-93032,251779,106908,457
101156,0,606208,-137344,235512,118211,100
101166,0,568320,-128760,216139,-12852,12
101176,0,704512,-159616,193357,25852,0
101186,0,674816,-163792,169198,5542,0
101196,0,809984,-183512,146133,63982,0
101206,0,679936,-154048,123075,-18566,0
101216,269312,622592,-80040,109141,-19943,22186
101226,504832,548864,-9976,106148,-37832,18884
101236,4395008,661504,845872,105029,48021,419943
101246,8080384,1070080,1588272,106005,193186,400271
101256,16284672,2728960,3071216,121355,730381,1311999
101266,16589824,5272576,2564064,121428,1318019,368832
101276,16589824,8476672,1838136,158127,1677128,101437
101286,16743424,11799552,1120096,201471,1752999,34201
101296,16743424,14161920,584872,228217,1407808,9387
101306,15985664,15618048,83288,236005,877773,-52491
101316,10281984,16024576,-1301056,143746,277410,-621479
101326,7756800,15048704,-1652072,-1393,-405639,-440400
101336,7756800,13093888,-1209184,-22494,-990649,-113581
101346,3040256,10815488,-1761576,-43773,-1228002,-726188
101356,3040256,8549376,-1248160,-52566,-1237675,-187278
101366,1220608,6529024,-1202688,-66904,-1200646,-192139
101376,1052672,4641792,-813160,-92415,-1096239,-58375
101386,234496,3172352,-665608,-113010,-894010,-96912
101396,234496,2251776,-457040,-129261,-597828,-26673
101406,-53248,1377280,-324104,-142354,-501911,-25940
101416,-53248,919552,-220400,-151764,-306866,-6708
101426,-65536,664576,-165416,-157746,-143548,-2030
101436,-65536,134144,-45240,-161407,-267221,-535
101446,-65536,62464,-29000,-163020,-120277,-165
101456,-65536,5120,-16008,-162676,-31349,-62
101466,-65536,-490496,96280,-157102,-241885,-46
101476,-148480,-318464,38512,-149589,-379,-8332
101486,-148480,-488448,77024,-139632,-49961,-2161
101496,-148480,-642048,111824,-125848,-81023,-568
101506,-148480,-654336,114608,-111168,-43088,-174
101516,-222208,-606208,87000,-96293,32909,-5073
101526,-219136,-489472,77488,-82604,56500,-950
101536,-219136,-780288,127136,-69587,-115997,-275
101546,-216064,-618496,91176,-57448,-14929,460
101556,-219136,-465920,55912,-48026,59553,-287
101566,-219136,-436224,49184,-39243,46437,-92
101576,-219136,-586752,83288,-29668,-64935,-46
101586,-212992,-492544,63336,-20824,5737,756
101596,-209920,-466944,58232,-11953,13367,448
101606,-209920,-205824,-928,-5743,166599,109
101616,-209920,-377856,38048,-908,-12003,12
101626,-209920,-369664,36192,875,-28480,0
101636,-10240,-260096,56608,2611,30809,15573
101646,0,-128000,29000,4530,98498,5239
101656,0,-182272,31088,6132,53093,1327
101666,0,-73728,16704,7048,46449,347
101676,0,-98304,22272,6992,-17270,73
101686,0,214016,-48488,5003,168596,0
101696,0,-104448,23664,3206,-88022,0
101706,0,-180224,40832,2817,-40689,0
101716,0,28672,-6496,2741,58405,0
101726,0,-38912,8816,3035,5611,0
101736,0,-168960,38280,3196,-90604,0
101746,0,112640,-25520,2422,105990,0
101756,12288,157696,-32944,946,112841,1052
101766,12288,-124928,31088,126,-101597,256
101776,18432,159744,-32016,-49,120816,555
101786,18432,94208,-17168,-189,66862,137
101796,0,-200704,45472,341,-107609,-2079
101806,0,-119808,27144,1059,-23168,-553
101816,-4096,73728,-17632,1967,146083,-391
101826,-4096,-41984,8584,2176,29661,-126
101836,0,66560,-15080,2212,83454,265
101846,0,-101376,22968,1610,-64717,54
101856,0,-77824,17632,834,-47414,0
101866,0,-110592,19720,622,-47115,0
101876,0,-17408,3944,887,22168,0
101886,-4096,55296,-13456,502,59943,-446
101896,-4096,-58368,12296,62,-34172,-138
101906,-7168,-33792,6032,105,-4510,-217
101916,-10240,-160768,34104,168,-101815,-382
101926,-10240,20480,-6960,45,28927,-126
101936,-10240,-66560,12760,258,-20322,-46
101946,-10240,111616,-27608,-62,108171,-46
101956,-10240,6144,-3712,-53,14056,-46
101966,-10240,-21504,2552,330,12323,-46
101976,-16384,-97280,18328,539,-37695,-644
101986,-19456,-108544,20184,266,-34665,-770
101996,-19456,-49152,6728,224,7653,-229
102006,-19456,-138240,26912,748,-38693,-80
102016,-74752,-11264,-14384,97,51348,-4044
102026,-166912,-100352,-15080,-181,-11326,-13791
102036,-188416,-107520,-18328,-569,8732,-5723
102046,-188416,-80896,-24360,-797,32622,-1594
102056,-222208,-274432,11832,-261,-78647,-5097
102066,-222208,-257024,7888,152,-22422,-1420
102076,-253952,-315392,13920,521,-37959,-6437
102086,-286720,-339968,12064,533,-20414,-5918
102096,-286720,-338944,11832,773,-19393,-1648
102106,-359424,-395264,8120,890,-44820,-10788
102116,-406528,-312320,-21344,-248,17039,-9488
102126,-424960,-384000,-9280,-731,-21837,-4191
102136,-459776,-462848,696,-421,-34711,-5506
102146,-459776,-423936,-8120,129,24945,-1438
102156,-595968,-514048,-18560,-397,699,-13163
102166,-595968,-564224,-7192,-737,-18509,-3638
102176,-595968,-587776,-1856,-127,-4521,-962
102186,-595968,-621568,5800,26,-14413,-284
102196,-1772544,-651264,-254040,-6447,-21860,-79999
102206,-2103296,-863232,-280952,-13885,-105601,-67710
102216,-2243584,-1346560,-203232,-22128,-267990,-30631
102226,-2669568,-1473536,-270976,-29361,-109652,-73072
102236,-3075072,-2001920,-243136,-35813,-214599,-72623
102246,-3075072,-2341888,-166112,-42294,-186819,-18747
102256,-4444160,-2802688,-371896,-49966,-275024,-98154
102266,-6644736,-3153920,-790888,-58125,-237330,-310300
102276,-7071744,-3920896,-713864,-71971,-388726,-117576
102286,-6855680,-4767744,-473048,-89262,-435336,22634
102297,-6855680,-5853184,-227128,-100047,-464435,5822
102307,-6855680,-6694912,-36424,-103818,-440362,1586
102317,-2848768,-7046144,950968,5160,-251570,255517
102327,-1351680,-6269952,1114296,20347,283812,247625
102337,-887808,-5004288,932640,40387,603770,111599
102347,-312320,-3251200,665840,61977,847032,125234
102357,-139264,-1850368,387672,76647,760009,53283
102367,-139264,-890880,170288,85511,625021,14636
102377,0,-562176,127368,91063,299705,12628
102387,0,-448512,101616,94860,101607,3240
102397,0,-460800,104400,97898,-15790,872
102407,0,-316416,71688,100693,37085,210
102417,0,-221184,50112,102714,-21183,39
102427,6144,-139264,32944,103889,20298,503
102437,9216,124928,-26216,102656,101860,299
102447,147456,145408,464,99678,19644,16851
102457,147456,198656,-11600,97256,286,4333
102467,147456,246784,-38280,92198,30143,1098
102477,147456,377856,-52200,85482,28422,280
102487,1734656,369664,309256,86590,2191,130877
102497,1734656,564224,265176,95001,122319,33731
102507,1734656,1152000,132008,101492,276136,9259
102517,11233280,1521664,2200288,102926,232177,736358
102527,15257600,2796544,2823208,107762,614040,834991
102537,15257600,5316608,2252256,118560,1189928,215298
102547,14695424,8480768,1408008,170900,1636497,12057
102557,14017536,11426816,586960,195564,1585446,-34635
102567,9980928,13317120,-755856,156118,1118912,-439658
102577,8246272,13897728,-1280408,-2668,470975,-239060
102587,5677056,12846080,-1624232,-16784,-360418,-378068
102597,4032512,10510336,-1467632,-29285,-1184318,-272983
102607,3502080,8265728,-1079264,-51258,-1439903,-116092
102617,1771520,6238208,-1011984,-69333,-1305065,-165436
102627,1208320,4621312,-773256,-90214,-1141059,-99015
102637,1208320,3745792,-574896,-109745,-791049,-27253
102647,365568,3139584,-628488,-127982,-529496,-51261
102657,129024,2429952,-521304,-146102,-575487,-39356
102667,9216,2121728,-478616,-163260,-339959,-18845
102677,-4096,1399808,-318072,-176992,-424733,-6717
102687,-4096,831488,-189312,-185552,-410378,-1865
102697,0,399360,-90480,-190520,-324571,280
102707,0,182272,-41296,-192514,-190399,54
102717,0,68608,-15544,-192428,-82388,0
102727,0,-276480,62640,-189163,-203032,0
102737,0,-366592,79344,-181947,-146336,0
102747,0,-344064,77952,-171668,-50133,0
102757,-7168,-363520,80736,-157174,21193,-1282
102767,-7168,-598016,133864,-139653,-67666,-370
102777,-10240,-802816,179568,-118262,-141758,-400
102787,-13312,-665600,147784,-97187,-3179,-327
102797,-13312,-637952,141520,-75959,16328,-107
102807,-13312,-558080,123424,-56419,48652,-46
102817,-16384,-499712,109504,-39996,49375,-242
102827,-62464,-436224,84680,-24766,59736,-6046
102837,-62464,-327680,70528,-12490,63603,-1572
102847,-142336,-478208,76096,-3632,-39817,-5878
102857,-142336,-450560,69832,1309,-23019,-1532
102867,-335872,-466944,29696,2309,-41355,-17429
102877,-905216,-420864,-109736,-846,-6243,-88935
102887,-1379328,-413696,-218776,-5137,10074,-80512
102897,-1379328,-712704,-151032,-10777,-146198,-22162
102907,-5442560,-929792,-1022424,-14827,-154896,-686881
102917,-5442560,-1428480,-909440,-21780,-301875,-177143
102927,-7999488,-2449408,-1257440,-31182,-580708,-273545
102937,-9309184,-4236288,-1149328,-46797,-1020977,-168741
102947,-9309184,-5821440,-790192,-72326,-1092303,-43534
102957,-9309184,-7161856,-486504,-92616,-929868,-11994
102967,-8942592,-8181760,-172376,-100913,-694696,18771
102977,-8588288,-8341504,-55912,-104385,-283136,48159
102987,-8675328,-8327168,-78880,-106563,-72646,5227
102997,-10283008,-8151040,-483024,-110441,50981,-251334
103007,-12742656,-8300544,-1006416,-115893,-52084,-349091
103017,-12742656,-9308160,-778128,-133342,-521843,-90040
103027,-12742656,-10438656,-522000,-152859,-689934,-24787
103037,-12742656,-12072960,-151728,-164600,-1031109,-6409
103047,-12742656,-12688384,-12296,-167946,-648878,-1667
103057,-17213440,-13000704,-954448,-164777,-323883,-703104
103067,-14974976,-13142016,-415280,-170433,-155573,73443
103077,-14974976,-13972480,-227128,-180861,-390940,18920
103087,-5052416,-14232576,2079880,7971,-240600,676510
103097,-2103296,-13646848,2615336,8580,313543,500741
103107,-2103296,-11462656,2120480,37728,1028182,129104
103117,-2103296,-8636416,1480160,88405,1476070,35494
103127,-229376,-5876736,1279480,118341,1490976,209085
103137,-229376,-3888128,828936,143524,1222011,57492
103147,-10240,-2444288,551464,165051,865954,28475
103157,0,-1555456,352408,179892,534246,8349
103167,0,-964608,218544,189353,385638,2285
103177,-13312,-704512,156600,196269,214689,-1386
103187,-56320,-428032,84216,200641,175584,-4673
103197,-56320,-201728,32944,203067,174310,-1297
103207,-169984,-31744,-31320,201736,131005,-8158
103217,-206848,119808,-74008,195289,111177,-5808
103227,-191488,146432,-76560,184745,25898,-504
103237,-191488,195584,-87696,171123,-6254,-147
103247,-4096,144384,-33640,158959,-41091,17520
103257,153600,372736,-49648,148633,48617,34881
103267,153600,396288,-54984,141670,35525,8972
103277,153600,563200,-92800,133528,124097,2447
103287,345088,514048,-38280,127601,38221,16134
103297,355328,625664,-61248,121432,4371,5468
103307,401408,471040,-15776,114617,-86140,5807
103317,462848,660480,-44776,107646,15995,5654
103327,1716224,661504,238960,103348,-11969,174670
103337,1716224,929792,178176,109345,136146,45025
103347,12260352,1107968,2526712,114637,137351,1897027
103357,16589824,1697792,3373976,114637,297536,1082427
103367,16589824,3534848,2957768,120075,860790,279104
103377,16743424,6503424,2320000,172431,1506283,87185
103387,16743424,9975808,1533288,233268,1793435,22463
103397,16743424,12864512,854456,274200,1646560,5773
103407,16743424,14899200,417832,295294,1230158,1571
103417,10908672,15943680,-1140744,241485,715900,-707972
103427,9882624,15725568,-1323792,53670,6288,-272785
103437,6713344,14486528,-1761112,-17541,-573972,-641758
103447,5859328,12261376,-1450464,-23685,-1145901,-269187
103457,5859328,9965568,-930320,-51262,-1309885,-69437
103467,2668544,8129536,-1237256,-60010,-1146968,-254105
103477,2668544,6309888,-824992,-83934,-1022159,-65543
103487,1197056,4810752,-818728,-102079,-894813,-138202
103497,564224,3827712,-739384,-121550,-682338,-144114
103507,479232,2865152,-540560,-140145,-608969,-46851
103517,394240,2332672,-439176,-155776,-389529,-20371
103527,394240,1533952,-258216,-168666,-488716,-5271
103537,175104,1367040,-270048,-177732,-179785,-26319
103547,119808,880640,-172376,-184414,-216572,-11811
103557,119808,510976,-88624,-189270,-230617,-3061
103567,89088,465920,-85376,-192324,-77913,-4352
103577,86016,412672,-74008,-194965,-26163,-1395
103587,89088,125952,-8352,-196319,-134322,106
103597,92160,69632,5104,-196967,-99267,366
103607,92160,204800,-25520,-195510,77499,79
103617,98304,-6144,23664,-192798,-42652,970
103627,101376,-36864,31320,-187389,-2215,585
103637,153600,-79872,52896,-180825,-16237,4168
103647,224256,4096,49880,-171673,62639,7568
103658,362496,-283648,146392,-159045,-146749,16687
103668,412672,45056,83288,-144637,82341,8163
103678,447488,27648,95120,-130425,22685,4174
103688,488448,215040,61944,-118746,92152,5429
103698,488448,121856,83056,-109687,-46392,1477
103708,479232,428032,11600,-102988,126576,-992
103718,475136,401408,24128,-98698,33528,-687
103728,475136,410624,14616,-94509,51624,-205
103738,416768,136192,63568,-90419,-142928,-4593
103748,416768,462848,-10440,-87485,95904,-1282
103758,387072,309248,17632,-85144,-25279,-2497
103768,379904,333824,10440,-82329,-50913,-1035
103778,358400,206848,34336,-79198,-58429,-2598
103788,334848,523264,-42688,-77385,157603,-2393
103798,281600,318464,-8352,-76415,-65968,-7993
103808,237568,347136,-24824,-76710,15146,-6620
103818,237568,280576,-9744,-77185,-12634,-1725
103828,162816,326656,-37120,-77286,51257,-10816
103838,162816,53248,24824,-77117,-128126,-2802
103848,135168,92160,9744,-76191,52370,-2619
103858,135168,289792,-35032,-75179,89915,-733
103868,135168,-156672,66120,-72273,-191890,-205
103878,135168,108544,6032,-69065,42651,-77
103888,138240,83968,12296,-65762,27722,384
103898,138240,-72704,47792,-61431,-39978,85
103908,184320,38912,32944,-57773,16018,8795
103918,202752,26624,39904,-52472,22,4632
103928,455680,78848,85376,-43346,-25841,24896
103938,2847744,45056,634984,744,-29100,319073
103948,10180608,704512,2146928,7611,308770,1031838
103958,13885440,1714176,2757552,7611,610345,631240
103968,16284672,4268032,2722520,9529,1272924,325701