R
Px,Ix,Dx,Py,Iy,Dy,Pz,Iz,FFrx,FFry,FFdrx,FFdry,satI,satPID,KFQAng,KFQbias,KFRmeas,CPx,CIx,CPy,CIy,CsatI,CsatPID,CFFdrx,CFFdry,CFalpha,iRelaxX,IRelaxY,DmaxR,DmaxE,DMx,DMy
58,70,47,58,80,47,250,0,0,0,100,0,500000,15000000,10,1,1000,0,0,0,0,0,0,0,0,0.995,1024,1024,0,0,0,0
sysTickMs,PIDRefXi,PIDSensXi,PIDPoutXi,PIDFFoutXi,PIDUXi
10877,0,0,0,0,0
10887,0,0,0,0,0
10897,0,0,0,0,0
10907,0,0,0,0,0
10917,0,0,0,0,0
10927,0,0,0,0,0
10937,0,0,0,0,0
10947,0,0,0,0,0
10957,0,0,0,0,0
10967,0,0,0,0,0
10977,0,0,0,0,0
10987,0,0,0,0,0
10997,0,0,0,0,0
11007,0,0,0,0,0
11017,0,0,0,0,0
11027,0,0,0,0,0
11037,0,0,0,0,0
11047,0,0,0,0,0
11057,0,0,0,0,0
11067,0,0,0,0,0
11077,0,0,0,0,0
11087,0,0,0,0,0
11097,0,0,0,0,0
11107,0,0,0,0,0
11117,0,0,0,0,0
11127,0,0,0,0,0
11137,0,0,0,0,0
11147,0,0,0,0,0
11157,0,0,0,0,0
11167,0,0,0,0,0
11177,0,0,0,0,0
11187,0,0,0,0,0
11197,0,0,0,0,0
11207,0,0,0,0,0
11217,0,0,0,0,0
11227,0,0,0,0,0
11237,0,0,0,0,0
11247,0,0,0,0,0
11257,0,0,0,0,0
11267,0,0,0,0,0
11277,0,0,0,0,0
11287,0,0,0,0,0
11297,0,0,0,0,0
11307,0,0,0,0,0
11317,0,0,0,0,0
11327,0,0,0,0,0
11337,0,0,0,0,0
11347,0,0,0,0,0
11357,0,0,0,0,0
11367,0,0,0,0,0
11377,0,0,0,0,0
11387,0,0,0,0,0
11397,0,0,0,0,0
11407,0,0,0,0,0
11417,0,0,0,0,0
11427,0,0,0,0,0
11437,0,0,0,0,0
11447,0,0,0,0,0
11457,0,0,0,0,0
11467,0,0,0,0,0
11477,0,0,0,0,0
11487,0,0,0,0,0
11497,0,0,0,0,0
11507,0,0,0,0,0
11517,0,0,0,0,0
11527,0,0,0,0,0
11537,0,0,0,0,0
11547,0,0,0,0,0
11557,0,4096,-928,0,141
11567,0,5120,-1160,0,-1604
11577,0,8192,-1856,0,-3549
11587,0,7168,-1624,0,-2370
11597,0,8192,-1856,0,-3097
11607,0,9216,-2088,0,3715
11617,3072,7168,-928,183,-678
11627,3072,10240,-1624,33,-3577
11637,3072,7168,-928,0,-289
11647,3072,11264,-1856,0,-2930
11657,3072,4096,-232,0,893
11667,3072,7168,-928,0,-2039
11677,3072,8192,-1160,0,-3461
11687,6144,4096,464,366,2876
11697,9216,11264,-464,347,-3260
11707,12288,10240,464,628,-1295
11717,12288,-10240,5104,146,12379
11727,12288,17408,-1160,27,-10244
11737,27648,3072,5568,967,13455
11747,30720,9216,4872,598,2526
11757,30720,9216,4872,146,7806
11767,27648,7168,4640,-492,3896
11777,27648,10240,3944,-144,2218
11787,27648,-10240,8584,-58,19811
11797,24576,5120,4408,-217,3813
11807,18432,7168,2552,-821,2853
11817,12288,-18432,6960,-733,17434
11827,6144,19456,-3016,-1169,-5797
11837,6144,-6144,2784,-339,13586
11847,3072,43008,-9048,-361,-27524
11857,0,-15360,3480,-303,18088
11867,0,-9216,2088,-95,11676
11877,0,-3072,696,-46,9980
11887,0,5120,-1160,-46,2347
11897,0,11264,-2552,-46,-6495
11907,0,-5120,1160,-46,-1289
11917,0,-7168,1624,-46,7027
11927,0,14336,-3248,-46,-10572
11937,0,11264,-2552,-46,-8924
11947,0,-9216,2088,-46,5398
11957,0,-6144,1392,-46,612
11967,0,20480,-4640,-46,-23201
11977,0,0,0,-46,-3368
11987,0,11264,-2552,-46,-10983
11997,0,-20480,4640,-46,25043
12007,0,-27648,6264,-46,29305
12017,0,6144,-1392,-46,-6323
12027,0,31744,-7192,-46,-29276
12037,0,-35840,8120,-46,30943
12047,0,-10240,2320,-46,-310
12057,0,32768,-7424,-46,-22217
12067,0,-31744,7192,-46,33067
12077,0,43008,-9744,-46,-39903
12087,0,-3072,696,-46,8201
12097,0,-13312,3016,-46,11110
12108,0,3072,-696,-46,-4708
12118,0,-25600,5800,-46,16997
12128,0,-28672,6496,-46,17803
12138,0,5120,-1160,-46,-25004
12148,0,-81920,18560,-46,49836
12158,0,-37888,8584,-46,-10706
12168,0,-130048,29464,-46,59526
12178,0,-121856,27608,-46,49733
12188,0,-75776,17168,-46,5451
12198,0,-110592,25056,-46,53873
12208,0,-108544,24592,-46,23960
12218,0,-121856,27608,-46,22493
12228,0,-128000,29000,-46,24180
12238,0,-112640,25520,-46,11651
12248,0,-81920,18560,-46,-5716
12258,0,-56320,12760,-46,-14935
12268,0,-119808,27144,-46,43481
12278,0,-111616,25288,-46,25270
12288,0,-128000,29000,-46,36057
12298,0,-174080,39440,-46,68990
12308,0,-205824,46632,-46,82855
12318,0,-192512,43616,-46,56422
12328,3072,-202752,46632,155,58960
12338,6144,-259072,60088,399,93743
12348,6144,-352256,81200,85,151137
12358,6144,-405504,93264,6,171927
12368,6144,-368640,84912,0,121458
12378,6144,-332800,76792,0,99248
12388,6144,-353280,81432,0,125136
12398,6144,-314368,72616,0,107424
12408,6144,-231424,53824,0,54117
12418,6144,-129024,30624,0,4041
12428,6144,-157696,37120,0,59559
12438,6144,-222208,51736,0,113972
12448,6144,-303104,70064,0,156715
12458,6144,-310272,71688,0,137554
12468,6144,-323584,74704,0,136538
12478,6144,-403456,92800,0,191193
12488,6144,-394240,90712,0,160939
12498,6144,-411648,94656,0,163114
12508,6144,-449536,103240,0,187739
12518,6144,-439296,100920,0,170422
12528,6144,-453632,104168,0,180082
12538,9216,-431104,99760,479,178283
12548,9216,-361472,83984,109,141646
12558,9216,-328704,76560,12,143693
12568,12288,-256000,60784,479,108751
12578,12288,-207872,49880,109,106784
12588,12288,-87040,22504,12,52509
12598,12288,-17408,6728,0,51044
12608,12288,61440,-11136,0,27438
12618,12288,109568,-22040,0,40734
12628,15360,27648,-2784,448,87972
12638,15360,-10240,5800,100,83882
12648,15360,-134144,33872,12,149321
12658,15360,-176128,43384,0,134502
12668,15360,-228352,55216,0,145005
12678,39936,-288768,74472,1766,185810
12688,39936,-242688,64032,439,141993
12698,61440,-268288,74704,2258,183638
12708,73728,-148480,50344,2902,107771
12718,73728,-122880,44544,732,124373
12728,73728,-23552,22040,183,72496
12738,138240,-24576,36888,12338,131793
12748,138240,24576,25752,3378,79105
12758,190464,72704,26680,6082,105238
12768,193536,179200,3248,1763,33941
12778,193536,223232,-6728,469,29322
12788,256000,215040,9280,5963,85232
12798,278528,287744,-2088,3256,43277
12808,314368,229376,19256,5465,121436
12818,321536,289792,7192,2062,59329
12828,321536,260096,13920,518,94172
12838,372736,246784,28536,6756,123212
12848,372736,282624,20416,1727,89380
12858,443392,253952,42456,12271,149058
12868,455680,350208,23896,4946,69457
12878,455680,407552,10904,1257,58658
12888,579584,422912,35496,22479,137172
12898,579584,531456,10904,5776,60981
12908,579584,543744,8120,1473,86241
12918,648192,617472,6960,4757,61871
12928,648192,654336,-1392,1208,58063
12938,648192,664576,-3712,299,69329
12948,648192,738304,-20416,67,23120
12958,904192,714752,42920,29138,155943
12968,920576,788480,29928,8847,82980
12978,965632,823296,32248,9967,92708
12988,974848,880640,21344,3604,77808
12998,974848,995328,-4640,915,17823
13008,984064,1016832,-7424,2581,49333
13018,984064,1024000,-9048,643,72107
13028,993280,1040384,-10672,921,75012
13038,1022976,1088512,-14848,5825,62019
13048,1052672,1054720,-464,4656,109704
13058,1052672,1065984,-3016,1269,98579
13068,1105920,1104896,232,8157,91781
13078,1116160,1078272,8584,3173,118732
13088,1116160,1100800,3480,857,99310
13098,1105920,1137664,-7192,659,77254
13108,1105920,1118208,-2784,167,104030
13118,1105920,1171456,-14848,30,58575
13128,1105920,1137664,-7192,0,89960
13138,1105920,1112064,-1392,0,107053
13148,1105920,1150976,-10208,0,62949
13159,1232896,1112064,28536,9719,140953
13169,1232896,1130496,23200,2655,113611
13179,1258496,1204224,12296,5551,74418
13189,1258496,1181696,17400,1510,111487
13199,1245184,1231872,3016,-962,73436
13209,1245184,1239040,1392,-284,87799
13219,1232896,1233920,-232,-1789,96180
13229,1232896,1280000,-10672,-474,60529
13239,1232896,1218560,3248,-147,118529
13249,1232896,1254400,-4872,-55,74572
13259,1232896,1251328,-4176,-46,74341
13269,1245184,1180672,14616,857,136397
13279,1245184,1249280,-928,207,57428
13289,1245184,1227776,3944,42,80125
13299,1245184,1222656,5104,0,85031
13309,1245184,1273856,-6496,0,44416
13319,1220608,1241088,-4640,-2314,74550
13329,1220608,1274880,-12296,-608,47955
13339,1220608,1290240,-15776,-174,36822
13349,1220608,1212416,1856,-68,104540
13359,1258496,1204224,12296,6729,112196
13369,1258496,1223680,7888,1718,83899
13379,1258496,1184768,16704,457,114714
13389,1258496,1159168,22504,100,132307
13399,1258496,1208320,11368,12,90479
13409,1245184,1219584,5800,-1185,87749
13419,1245184,1183744,13920,-324,126306
13429,1245184,1217536,6264,-107,96849
13439,1245184,1226752,4176,-46,86524
13449,1245184,1210368,7888,-46,100629
13459,1232896,1211392,4872,-1532,91036
13469,1232896,1267712,-7888,-416,38331
13479,1220608,1258496,-8584,-2192,46525
13489,1220608,1224704,-928,-583,83419
13499,1094656,1202176,-24360,-11252,60457
13509,965632,1208320,-54984,-10621,15325
13519,759808,1152000,-88856,-27924,10061
13529,676864,1024000,-78648,-14512,44880
13539,475136,959488,-109736,-23090,-24147
13549,451584,854016,-91176,-9229,-7725
13559,451584,701440,-56608,-2399,36467
13569,324608,542720,-49416,-12604,65755
13579,324608,355328,-6960,-3480,112645
13589,243712,259072,-3480,-7587,71384
13599,172032,183296,-2552,-6382,32751
13609,132096,60416,16240,-6211,56717
13619,119808,-84992,46400,-2570,121599
13629,64512,-140288,46400,-9415,94855
13639,52224,-133120,41992,-3843,44931
13649,52224,-178176,52200,-1075,60629
13659,12288,-275456,65192,-2527,112997
13669,12288,-347136,81432,-669,146490
13679,9216,-354304,82360,-455,128482
13689,9216,-368640,85608,-416,127588
13699,9216,-408576,94656,-132,155012
13709,9216,-389120,90248,-49,126943
13719,6144,-377856,87000,-495,113376
13729,3072,-370688,84680,-480,108449
13739,3072,-375808,85840,-138,122691
13749,-4096,-321536,71920,-870,77189
13759,-4096,-322560,72152,-242,90930
13769,-4096,-372736,83520,-83,143463
13779,-4096,-363520,81432,-46,135574
13789,-4096,-367616,82360,-46,144403
13799,-7168,-415744,92568,-632,184607
13809,-7168,-384000,85376,-193,150770
13819,-19456,-344064,73544,-1291,109993
13829,-31744,-338944,69600,-1322,101637
13839,-56320,-366592,70296,-1648,121578
13849,-83968,-331776,56144,-3211,82010
13859,-90112,-370688,63568,-1346,127746
13869,-102400,-409600,69600,-1536,165451
13879,-102400,-388096,64728,-443,146409
13889,-163840,-412672,56376,-11850,140190
13899,-166912,-446464,63336,-3498,166832
13909,-166912,-421888,57768,-980,132278
13919,-197632,-451584,57536,-2360,136784
13929,-197632,-488448,65888,-626,154139
13939,-235520,-470016,53128,-3983,108166
13949,-257024,-493568,53592,-4889,120759
13959,-270336,-559104,65424,-3006,146679
13969,-270336,-516096,55680,-849,139315
13979,-299008,-519168,49880,-3205,141300
13989,-299008,-552960,57536,-849,177172
13999,-332800,-518144,41992,-3425,133784
14009,-388096,-546816,35960,-9610,134578
14019,-448512,-586752,31320,-9830,140955
14029,-480256,-557056,17400,-5512,90161
14039,-611328,-590848,-4640,-23411,57119
14049,-626688,-687104,13688,-7920,128972
14059,-626688,-715776,20184,-2195,134063
14069,-781312,-769024,-2784,-12021,108869
14079,-781312,-880640,22504,-3324,185999
14089,-781312,-931840,34104,-876,183532
14099,-781312,-984064,45936,-245,182798
14109,-781312,-1034240,57304,-86,188845
14119,-781312,-1032192,56840,-46,155719
14129,-1033216,-1036288,696,-39634,51952
14139,-1033216,-1095680,14152,-10917,127145
14149,-1053696,-1105920,11832,-4520,118133
14159,-1117184,-1180672,14384,-10126,142571
14169,-1117184,-1273856,35496,-2799,199651
14179,-1162240,-1290240,29000,-4218,158102
14189,-1174528,-1332224,35728,-3107,154269
14199,-1198080,-1408000,47560,-3501,180901
14209,-1198080,-1413120,48720,-919,152085
14219,-1325056,-1459200,30392,-15354,124541
14229,-1325056,-1550336,51040,-3977,191263
14239,-1408000,-1575936,38048,-7947,159039
14249,-1453056,-1647616,44080,-4587,191854
14259,-1562624,-1699840,31088,-12891,174815
14269,-1562624,-1728512,37584,-3562,178434
14279,-1717248,-1817600,22736,-14454,174469
14289,-1717248,-1870848,34800,-3992,183181
14299,-1792000,-1897472,23896,-6824,146445
14309,-1829888,-2021376,43384,-5610,208871
14319,-1829888,-2076672,51968,-1465,195329
14329,-1829888,-2129920,67976,-419,222161
14339,-1810432,-2231296,95352,2563,282376
14349,-1810432,-2230272,95120,686,248002
14359,-1829888,-2260992,97672,-3553,243956
14369,-1829888,-2273280,100456,-934,243994
14379,-1829888,-2229248,90480,-275,202814
14389,-1829888,-2295808,105560,-89,273235
14400,-1829888,-2274304,100688,-46,257928
14410,-1829888,-2223104,89088,-46,221421
14420,-1829888,-2216960,87696,-46,223030
14430,-1829888,-2178048,78880,-46,197120
14440,-1829888,-2232320,91176,-46,257711
14450,-1829888,-2228224,87000,-46,236572
14460,-1849344,-2234368,87232,-2729,251850
14470,-1849344,-2226176,85376,-724,242839
14480,-1930240,-2220032,65656,-5710,206147
14490,-1930240,-2298880,83520,-1493,275758
14500,-2036736,-2284544,56144,-10389,211492
14510,-2103296,-2350080,55912,-14774,242989
14520,-2125824,-2358272,52664,-6745,231017
14530,-2125824,-2349056,50576,-1758,226933
14540,-2149376,-2440192,65888,-4715,265315
14550,-2125824,-2434048,69832,1620,252855
14560,-2125824,-2526208,90712,427,320669
14570,-2149376,-2503680,80272,-4120,271523
14580,-2125824,-2484224,81200,1782,279743
14590,-2125824,-2515968,88392,473,274442
14600,-2149376,-2508800,81432,-1398,258677
14610,-2149376,-2543616,89320,-379,289561
14620,-2149376,-2458624,70064,-123,246658
14630,-2149376,-2437120,65192,-46,260497
14640,-2149376,-2345984,44544,-46,197411
14650,-2149376,-2376704,51504,-46,243847
14660,-2149376,-2375680,51272,-46,250972
14670,-1909760,-2349056,99528,29052,332701
14680,-1909760,-2294784,87232,7479,288076
14690,-1909760,-2198528,65424,2041,234071
14700,-1909760,-2129920,49880,509,220592
14710,-734208,-2011136,289304,97006,533881
14720,-734208,-1844224,251488,26663,408942
14730,-429056,-1453056,232000,41589,328928
14740,-409600,-1047552,144536,12210,179374
14750,-395264,-736256,77256,5593,137277
14760,-395264,-422912,6264,1422,67583
14770,-395264,-296960,-22272,347,122276
14780,-395264,-173056,-50344,79,121654
14790,-392192,-178176,-48488,335,179092
14800,-388096,-134144,-57536,387,153171
14810,-349184,-185344,-37120,5825,206517
14820,-332800,-169984,-36888,3234,173456
14830,-332800,-197632,-30624,817,186997
14840,-312320,-147456,-37352,3225,143899
14850,-312320,-186368,-28536,814,178127
14860,-325632,-123904,-45704,-821,109995
14870,-325632,-146432,-40600,-229,136015
14880,-322560,-94208,-51736,228,96310
14890,-322560,-151552,-38744,42,153387
14900,-309248,-98304,-47792,1834,100161
14910,-292864,-162816,-29464,1992,154502
14920,-225280,-150528,-16936,13418,151793
14930,-179200,-222208,9744,9808,212690
14940,-179200,-186368,1624,2511,160312
14950,-136192,-179200,9744,5099,171057
14960,-126976,-102400,-5568,2490,121300
14970,-133120,-79872,-12064,54,131448
14980,-133120,-6144,-28768,0,95496
14990,-133120,-11264,-27608,0,126539
15000,-133120,35840,-38280,0,100985
15010,-133120,-13312,-27144,0,154534
15020,-133120,51200,-41760,0,90771
15030,-133120,12288,-32944,0,127252
15040,-133120,43008,-39904,0,95389
15050,-133120,23552,-35496,0,112465
15060,-133120,61440,-44080,0,68199
15070,-102400,55296,-35728,1940,81362
15080,-96256,86016,-49184,1232,15604
15090,-96256,105472,-45704,320,37731
15100,-62464,121856,-41760,3738,33061
15110,-37888,94208,-29928,3991,59667
15120,-4096,30720,-7888,3982,112385
15130,0,27648,-6264,1251,100224
15140,0,9216,-2088,323,108920
15150,0,43008,-9744,67,73912
15160,0,-18432,4176,0,125427
15170,0,72704,-16472,0,34653
15180,0,41984,-9512,0,73757
15190,0,71680,-16240,0,46625
15200,0,-15360,3480,0,131580
15210,0,38912,-8816,0,80630
15220,0,27648,-6264,0,90325
15230,0,61440,-13920,0,54453
15240,0,68608,-15544,0,54105
15250,6144,109568,-23432,347,7032
15260,6144,116736,-25056,73,23286
15270,6144,84992,-17864,0,60527
15280,6144,68608,-14152,0,81352
15290,187392,48128,31552,20620,162459
15300,187392,128000,13456,5300,73115
15310,243712,113664,29464,10299,117620
15320,256000,239616,3712,3952,14996
15330,301056,278528,5104,4486,27765
15340,345088,317440,6264,7101,35622
15350,345088,396288,-11600,1812,-8599
15360,391168,384000,1624,4037,54420
15370,401408,430080,-6496,2249,41831
15380,432128,402432,6728,3842,101549
15390,447488,452608,-1160,2227,75056
15400,475136,493568,-4176,4632,61492
15410,475136,518144,-9744,1174,51000
15420,549888,625664,-17168,6082,-7088
15430,689152,633856,12528,20785,60162
15440,689152,661504,-2320,5343,7906
15450,824320,707584,26448,11242,61893
15460,920576,743424,40136,16177,86587
15471,993280,814080,40600,11706,72268
15481,1012736,831488,41064,4412,103600
15491,1012736,925696,19720,1119,42708
15501,1138688,1027072,25288,12890,65003
15511,1173504,1049600,28072,5673,99922
15521,1270784,1182720,19952,14984,58329
15531,1297408,1271808,5800,6515,29698
15541,1297408,1359872,-14152,1660,-24602
15551,1324032,1458176,-30392,4119,-34906
15561,1324032,1487872,-37120,1046,-20852
15571,1324032,1522688,-45008,274,-25179
15581,1324032,1471488,-33408,54,36838
15591,1452032,1451008,232,11999,97371
15601,1452032,1489920,-8584,3283,50930
15611,1594368,1497088,22040,19268,96930
15621,1662976,1575936,19720,11718,26561
15631,1662976,1635328,6264,3009,5935
15641,1753088,1629184,28072,12426,75364
15651,1753088,1688576,14616,3399,42875
15661,1771520,1720320,11600,4153,51067
15671,1771520,1790976,-4408,1052,18562
15681,1771520,1861632,-20416,274,-9828
15691,1771520,1918976,-33408,54,-30030
15701,1908736,1971200,-14152,17764,-6943
15711,1949696,1916928,7424,8163,66153
15721,1949696,1937408,2784,2090,51483
15731,2148352,1991680,35496,24673,85798
15741,2148352,2042880,23896,6344,48060
15751,2195456,2167808,3248,9518,-21219
15761,2195456,2201600,-1392,2606,12292
15771,2291712,2259968,7192,8587,41304
15781,2341888,2355200,0,5191,26565
15791,2341888,2391040,-11136,1412,20362
15801,2582528,2567168,3480,20181,-23233
15811,2668544,2584576,19024,10668,21782
15821,2697216,2618368,17864,5993,43092
15831,2668544,2718720,-11368,-834,-5158
15841,2668544,2803712,-30624,-245,-24753
15851,2668544,2957312,-65424,-83,-113763
15861,2668544,3018752,-68904,-46,-79819
15871,2697216,2928640,-52432,4461,-7197
15881,2697216,2985984,-65424,1135,-62812
15891,2756608,3020800,-59856,4864,-76866
15901,2847744,2989056,-32016,6427,-29347
15911,2847744,2965504,-26680,1641,-12482
15921,2847744,3003392,-35264,433,-44982
15931,2817024,3038208,-50112,-4432,-77802
15941,2817024,3076096,-58696,-1236,-98288
15951,2817024,3068928,-57072,-339,-66539
15961,2787328,3078144,-65888,-1664,-77634
15971,2787328,3064832,-62872,-474,-68329
15981,2787328,3042304,-57768,-138,-67346
15991,2787328,3003392,-48952,-52,-53024
16001,2787328,2961408,-39440,-46,-31753
16011,2817024,2987008,-38512,2114,-55158
16021,2817024,3019776,-45936,521,-77924
16031,2817024,3101696,-64496,128,-130003
16041,2787328,3115008,-74240,-2137,-118413
16051,2787328,3155968,-83520,-568,-122511
16061,2756608,3189760,-98136,-3248,-147098
16071,2756608,3190784,-98368,-855,-133281
16081,2554880,3178496,-141288,-28116,-199108
16091,2554880,3189760,-143840,-7267,-208185
16101,1992704,2999296,-228056,-102417,-295104
16111,1513472,2880512,-309720,-94382,-352020
16121,1364992,2751488,-314128,-38279,-319405
16131,956416,2421760,-331992,-61704,-275407
16141,816128,2159616,-304384,-34095,-260065
16151,759808,1785856,-232464,-14094,-152327
16161,653312,1338368,-155208,-17038,-40782
16171,653312,1083392,-97440,-4413,-57904
16181,569344,753664,-41760,-8536,17292
16191,523264,589824,-15080,-5494,6953
16201,439296,446464,-1624,-12311,-8239
16211,416768,367616,9744,-5173,-36950
16221,416768,241664,39672,-1438,5527
16231,376832,137216,54288,-5237,11003
16241,376832,97280,63336,-1459,-2864
16251,379904,12288,83288,122,43879
16261,379904,-61440,99992,18,82322
16271,384000,-64512,101616,347,73499
16281,384000,-79872,101616,73,77186
16291,384000,-111616,112288,0,118303
16301,348160,-161792,115536,-3159,144032
16311,348160,-200704,124352,-882,147788
16321,311296,-193536,114376,-4719,99164
16331,311296,-252928,127832,-1236,143832
16341,281600,-211968,111824,-2250,92093
16351,281600,-251904,120872,-602,140684
16361,281600,-236544,117392,-184,132174
16371,278528,-229376,115072,-248,138240
16381,278528,-271360,124584,-83,187149
16391,278528,-218112,112520,-46,143498
16401,246784,-239616,110200,-1929,168163
16411,187392,-219136,92104,-7761,140187
16421,156672,-249856,92104,-4551,166596
16431,156672,-261120,94656,-1191,161903
16441,156672,-290816,101384,-345,174816
16451,156672,-342016,112984,-107,200536
16461,3072,-274432,62872,-8948,83921
16471,3072,-327680,74936,-2482,137957
16481,-4096,-297984,66584,-1209,95719
16491,0,-397312,90016,-101,181229
16501,-4096,-391168,87696,-510,135664
16511,-4096,-453632,101848,-147,184336
16521,-4096,-421888,94656,-58,156372
16531,-4096,-489472,109968,-46,221254
16541,-4096,-448512,100688,-46,183480
16551,-7168,-489472,109272,-495,219780
16561,-7168,-410624,91408,-147,152857
16571,-13312,-457728,100688,-532,198187
16581,-13312,-381952,83520,-156,139158
16591,-13312,-352256,76792,-58,129351
16601,-31744,-375808,77952,-1459,160750
16611,-47104,-379904,75400,-1203,165513
16621,-74752,-441344,83056,-3299,210442
16631,-74752,-419840,78184,-870,186479
16641,-139264,-494592,80504,-9153,219340
16651,-154624,-441344,64960,-4075,165540
16661,-225280,-447488,50344,-14542,134707
16671,-225280,-463872,54056,-4020,181913
16681,-225280,-465920,54520,-1053,140418
16691,-286720,-544768,58464,-4465,184720
16701,-346112,-530432,41760,-9446,139672
16711,-353280,-610304,58232,-3171,202966
16721,-395264,-629760,53128,-5628,208269
16731,-395264,-617472,50344,-1465,172783
16742,-440320,-707584,60552,-4621,233142
16752,-448512,-666624,49416,-1880,176117
16762,-484352,-698368,48488,-5146,181974
16772,-497664,-670720,43616,-2591,162351
16782,-515072,-735232,49880,-4053,175701
16792,-532480,-795648,59624,-3318,213186
16802,-532480,-760832,51736,-931,168961
16812,-590848,-826368,53360,-5356,200759
16822,-590848,-831488,54520,-1493,201789
16832,-649216,-885760,53592,-5878,214954
16842,-714752,-922624,47096,-13251,205587
16852,-734208,-906240,38976,-6180,173796
16862,-734208,-1003520,61016,-1612,253292
16872,-825344,-955392,29464,-6235,162334
16882,-825344,-1010688,41992,-1734,202472
16892,-921600,-1006592,19256,-8927,157235
16902,-948224,-998400,11368,-4020,123473
16912,-1004544,-1084416,18096,-7966,165575
16922,-1004544,-1095680,20648,-2070,148899
16932,-1063936,-1206272,32248,-10511,196966
16942,-1074176,-1222656,33640,-4148,185142
16952,-1074176,-1276928,45936,-1090,215093
16962,-1139712,-1339392,45240,-5311,240403
16972,-1139712,-1328128,42688,-1474,213299
16982,-1198080,-1380352,41296,-5210,222835
16992,-1198080,-1392640,44080,-1365,218204
17002,-1338368,-1470464,29928,-16358,216611
17012,-1338368,-1504256,37584,-4233,229424
17022,-1546240,-1560576,3248,-33851,167974
17032,-1546240,-1630208,19024,-8747,227709
17042,-1611776,-1641472,6728,-7334,178375
17052,-1646592,-1750016,23432,-4111,235128
17062,-1735680,-1746944,2552,-10581,160874
17072,-1735680,-1886208,34104,-2747,203933
17082,-2036736,-1880064,-35496,-48087,82028
17092,-2080768,-1984512,-21808,-17118,146804
17102,-2080768,-2041856,-8816,-4722,166378
17112,-2172928,-2132992,-9048,-8548,160449
17122,-2172928,-2266112,21112,-2222,222296
17132,-2196480,-2315264,26912,-2448,189639
17142,-2196480,-2419712,50576,-644,237672
17152,-2196480,-2448384,57072,-184,221954
17162,-2220032,-2538496,72152,-1890,262298
17172,-2220032,-2546688,74008,-504,245782
17182,-2220032,-2557952,76560,-156,236408
17192,-2220032,-2577408,80968,-58,244432
17202,-2220032,-2562048,77488,-46,213362
17212,-2220032,-2601984,86536,-46,263803
17222,-2220032,-2537472,71920,-46,211516
17232,-2220032,-2566144,78416,-46,247038
17242,-2220032,-2525184,69136,-46,215301
17252,-2220032,-2531328,70528,-46,228386
17262,-2220032,-2533376,70992,-46,239290
17272,-2220032,-2522112,68440,-46,227461
17282,-2220032,-2546688,74008,-46,261189
17292,-2220032,-2497536,62872,-46,216495
17302,-2220032,-2566144,78416,-46,283809
17312,-2220032,-2509824,65656,-46,238262
17322,-2220032,-2506752,64960,-46,248872
17332,-2220032,-2491392,61480,-46,250235
17342,-2243584,-2482176,54056,-1633,244728
17352,-2243584,-2498560,57768,-443,278658
17362,-2243584,-2418688,39672,-138,217379
17372,-2243584,-2441216,44776,-52,259719
17382,-2243584,-2380800,31088,-46,217536
17392,-2243584,-2422784,40600,-46,264588
17402,-2243584,-2421760,40368,-46,268577
17412,-2243584,-2427904,41760,-46,265539
17422,-2243584,-2452480,47328,-46,286837
17432,-2243584,-2426880,41528,-46,257623
17442,-2243584,-2451456,47096,-46,283204
17452,-2243584,-2399232,35264,-46,246320
17462,-2220032,-2430976,47792,4165,296961
17472,-2196480,-2362368,37584,3918,259359
17482,-2149376,-2322432,39208,5480,254721
17492,-1546240,-2293760,169360,68093,458411
17502,-1546240,-2138112,134096,17541,318758
17512,-940032,-1980416,235712,54473,445956
17522,-649216,-1718272,242208,33480,392193
17532,-370688,-1337344,219008,42431,314219
17542,-253952,-1054720,181424,21920,282553
17552,-68608,-694272,141752,36709,243219
17562,-68608,-364544,67048,9445,130318
17572,-68608,-188416,27144,2578,147468
17582,0,31744,-7192,4745,119372
17592,0,108544,-24592,1284,159642
17602,0,278528,-63104,314,93028
17612,6144,313344,-69600,1101,95292
17622,6144,358400,-79808,262,113857
17632,6144,390144,-87000,48,90060
17642,172032,350208,-40368,27807,212461
17652,172032,362496,-43152,7156,152853
17662,272384,305152,-7424,9576,229851
17672,331776,392192,-13688,11947,170965
17682,331776,408576,-17400,3067,172894
17692,331776,472064,-31784,827,151991
17702,331776,551936,-49880,195,113895
17712,331776,531456,-45240,36,166214
17722,564224,644096,-18096,19152,152022
17732,564224,638976,-16936,4922,166336
17742,739328,735232,928,21270,153542
17752,773120,780288,-1624,8081,139517
17762,855040,807936,10672,14135,181049
17772,855040,899072,-9976,3869,118787
17782,939008,926720,2784,7464,163286
17792,1012736,1020928,-1624,12771,145370
17802,1012736,1055744,-9744,3497,152010
17812,1220608,1173504,10672,15942,160857
17822,1220608,1220608,0,4373,164922
17832,1406976,1349632,12992,20999,170008
17842,1406976,1378304,6496,5758,183550
17852,1528832,1533952,-1160,19424,144335
17862,1545216,1584128,-8816,6634,111610
17872,1545216,1702912,-35728,1806,83015
17882,1697792,1817600,-27144,8450,69744
17892,1697792,1821696,-28072,2307,106806
17902,1697792,1951744,-57536,579,28512
17912,2035712,1941504,21344,46810,213351
17922,2057216,2054144,696,15011,122525
17933,2242560,2074624,38048,39202,223165
17943,2291712,2206720,19256,18014,151826
17953,2291712,2287616,928,4626,131269
17963,2527232,2438144,20184,18319,135464
17973,2527232,2570240,-9744,4708,82514
17983,2611200,2715648,-23664,9597,59214
17993,2668544,2784256,-26216,6777,69618
18003,2847744,2881536,-7656,26480,107582
18013,2879488,2937856,-13456,9786,104350
18023,2879488,2976768,-22040,2676,115092
18033,3141632,3072000,15776,34622,161843
18043,3210240,3122176,19952,16366,163659
18053,3280896,3305472,-5568,9005,57909
18063,3316736,3379200,-14152,6948,79564
18073,3316736,3546112,-51968,1892,-13412
18083,3316736,3582976,-60320,473,27017
18093,3316736,3670016,-80040,115,-6248
18103,3316736,3660800,-77952,15,36488
18113,3316736,3681280,-82592,0,16497
18123,2393088,3684352,-292552,-119614,-336009
18133,2393088,3580928,-269120,-30860,-217552
18143,1422336,3393536,-446600,-182087,-537416
18153,1208320,2938880,-392080,-74686,-257853
18163,625664,2505728,-425952,-70505,-272996
18173,625664,2013184,-314360,-19410,-105671
18183,625664,1358848,-166112,-5024,123027
18193,291840,935936,-145928,-32706,54933
18203,141312,625664,-109736,-21213,5996
18213,141312,299008,-35728,-5488,98443
18223,141312,111616,6728,-1526,52690
18233,141312,47104,21344,-412,35815
18243,49152,-114688,37120,-11313,63430
18253,49152,-173056,50344,-3129,71467
18263,9216,-243712,57304,-3211,84334
18273,0,-224256,50808,-2018,31159
18283,0,-304128,68904,-535,85270
18293,-4096,-323584,72384,-397,83069
18303,-4096,-405504,90944,-126,146947
18313,-4096,-336896,75400,-46,64886
18323,-4096,-375808,84216,-46,98674
18333,-4096,-301056,67280,-46,31516
18343,-4096,-360448,80736,-46,106372
18353,-4096,-314368,70296,-46,72111
18363,-10240,-316416,69368,-733,82721
18373,-10240,-231424,50112,-205,13886
18383,-37888,-268288,52200,-1618,55848
18393,-37888,-235520,44776,-461,31586
18403,-136192,-322560,42224,-7731,87365
18413,-185344,-285696,22736,-9253,38112
18423,-229376,-359424,29464,-7261,89356
18433,-309248,-284672,-5568,-7676,-15540
18443,-338944,-389120,11368,-3788,56717
18453,-497664,-413696,-19024,-17930,-5642
18463,-497664,-516096,-19256,-24366,18726
18473,-606208,-593920,-2784,-7474,65052
18483,-616448,-670720,12296,-2970,80940
18493,-616448,-728064,25288,-831,80472
18503,-616448,-800768,41760,-229,101677
18513,-606208,-822272,48952,949,89645
18523,-585728,-860160,62176,1730,98184
18533,-585728,-887808,68440,427,113290
18543,-643072,-880640,53824,-5283,90225
18553,-684032,-905216,50112,-7950,109487
18563,-684032,-863232,40600,-2063,76993
18573,-684032,-949248,60088,-586,143201
18583,-817152,-864256,10672,-9211,13241
18593,-666624,-958464,66120,17098,144442
18603,-601088,-916480,71456,11242,92363
18613,-312320,-954368,145464,54519,234368
18623,-260096,-900096,145000,22192,185377
18633,-260096,-816128,125976,5703,138228
18643,-4096,-709632,159848,19522,188006
18653,-4096,-525312,118088,5352,93203
18663,6144,-452608,103936,2322,127323
18673,6144,-264192,61248,579,43072
18683,266240,-223232,110896,33828,167035
18693,362496,-119808,109272,17169,135830
18703,401408,-40960,100224,7351,110304
18713,863232,38912,186760,61685,260616
18723,863232,172032,154048,15887,162505
18733,1828864,321536,341504,65835,411026
18743,1828864,700416,255664,16961,192536
18753,3502080,1084416,547752,161563,597923
18763,4209664,1620992,586496,160263,592248
18773,4209664,2354176,420384,44064,215875
18783,5327872,3076096,510168,109655,347125
18793,5499904,3747840,396952,39215,208326
18803,5617664,4371456,282344,25064,123033
18813,5499904,4961280,122032,-3907,-33697
18823,5499904,5335040,39440,-1026,-11348
18833,5441536,5614592,-39208,-7386,-58623
18843,5441536,5676032,-53128,-1926,39074
18853,5441536,5730304,-65424,-516,49907
18863,3819520,5669888,-419224,-197077,-460675
18873,3141632,5482496,-530352,-106708,-460285
18883,2817024,4984832,-491144,-48743,-288427
18893,2817024,4239360,-322248,-12589,16260
18903,1610752,3441664,-414816,-102692,-71885
18913,780288,2785280,-454256,-158774,-263645
18923,527360,2182144,-374912,-69745,-154223
18933,527360,1526784,-226432,-19202,66007
18943,138240,972800,-189080,-66126,12756
18953,138240,601088,-104864,-18207,55749
18963,36864,265216,-51736,-13068,59492
18973,36864,-103424,31784,-3388,176684
18983,-4096,-281600,62872,-5610,152398
18993,-4096,-408576,91640,-1465,140163
19003,-13312,-539648,119248,-968,175305
19013,-13312,-497664,109736,-269,86884
19023,-279552,-571392,66120,-20658,59706
19033,-399360,-576512,40136,-12406,31523
19043,-616448,-680960,14616,-26377,44712
19053,-643072,-752640,24824,-8875,77172
19063,-817152,-819200,464,-28107,24777
19073,-817152,-963584,33176,-7264,111414
19083,-817152,-948224,29696,-1890,34103
19093,-1259520,-1064960,-44080,-41199,-54302
19103,-1529856,-1150976,-85840,-37681,-101091
19113,-1529856,-1345536,-41760,-9739,22168
19123,-2172928,-1539072,-143608,-97443,-138080
19133,-2342912,-1746944,-135024,-42148,-59972
19143,-2342912,-2016256,-74008,-51511,-15910
19153,-2583552,-2263040,-72616,-18003,51776
19164,-2583552,-2475008,-24592,-4664,72373
19174,-2698240,-2736128,8584,-23172,98398
19184,-2698240,-2919424,50112,-5994,125504
19194,-2698240,-3124224,96512,-1563,203815
19204,-2698240,-3223552,119016,-446,207322
19214,-2639872,-3263488,141288,7424,199176
19224,-2639872,-3295232,148480,2023,193481
19234,-2292736,-3232768,212976,39797,255645
19244,-2292736,-3211264,208104,10244,232800
19254,-1754112,-3091456,302992,53311,334596
19264,-1754112,-2947072,270280,13729,248693
19274,-1379328,-2724864,304848,52053,301088
19284,-1379328,-2549760,265176,14300,241733
19294,-1379328,-2309120,210656,3671,175254
19304,-1393664,-2103296,160776,-861,116125
19314,-1453056,-1952768,113216,-5808,105566
19324,-1453056,-1821696,83520,-1514,90760
19334,-1629184,-1796096,37816,-23240,69211
19344,-1698816,-1804288,23896,-12131,96688
19354,-2196480,-1837056,-81432,-86573,-64243
19364,-2196480,-1917952,-63104,-23829,36290
19374,-2447360,-2007040,-99760,-28217,-14932
19384,-2583552,-2225152,-81200,-18406,53288
19394,-2757632,-2421760,-76096,-26212,47904
19404,-2757632,-2623488,-30392,-6782,93951
19414,-2818048,-2888704,16008,-11261,152502
19424,-2818048,-3017728,45240,-3116,134573
19434,-2818048,-3188736,83984,-824,177697
19444,-2788352,-3264512,107880,1428,168106
19454,-2788352,-3336192,124120,372,180034
19464,-2788352,-3369984,131776,79,175759
19474,-2788352,-3360768,129688,3,151722
19484,-2788352,-3393536,137112,0,180782
19494,-2788352,-3343360,125744,0,141656
19504,-2788352,-3362816,130152,0,174008
19514,-2788352,-3313664,119016,0,140984
19524,-2818048,-3338240,117856,-2457,166764
19534,-2818048,-3295232,108112,-644,136165
19544,-2788352,-3348480,126904,2984,204590
19554,-2727936,-3294208,128296,5468,175428
19564,-2172928,-3324928,261000,83166,425489
19574,-2172928,-3248128,243600,22857,308971
19584,-1095680,-3173376,470728,89123,610783
19594,-734208,-2783232,464232,41931,449454
19604,-349184,-2260992,433144,52600,341741
19614,-253952,-1718272,331760,20907,207700
19624,-203776,-1188864,223184,13122,80567
19634,-222208,-873472,147552,1400,92640
19644,-222208,-647168,96280,344,120132
19654,-270336,-529408,58696,-3177,141246
19664,-270336,-464896,44080,-834,171685
19674,-270336,-416768,33176,-229,173972
19684,-292864,-380928,19952,-3397,160541
19694,-292864,-393216,22736,-892,189485
19704,-292864,-349184,12760,-260,159966
19714,-232448,-393216,36424,3088,222742
19724,-232448,-353280,27376,778,185876
19734,-126976,-359424,52664,10379,232492
19744,-108544,-286720,40368,5200,182749
19754,-108544,-234496,28536,1327,164622
19764,-108544,-171008,14152,347,145745
19774,-77824,-38912,-8816,4052,83499
19784,-77824,6144,-19024,1028,95778
19794,0,24576,-5568,15106,157696
19804,0,97280,-22040,3881,117972
19814,3072,186368,-41528,1251,66526
19824,6144,219136,-48256,872,57790
19834,6144,223232,-49184,210,68514
19844,6144,240640,-53128,42,56168
19854,30720,189440,-35960,1559,111736
19864,30720,187392,-35496,384,108261
19874,187392,211968,-5568,14782,132119
19884,285696,184320,22968,20272,188503
19894,311296,210944,22736,8874,169142
19904,369664,279552,20416,7400,141103
19914,384000,284672,22504,2804,165665
19924,384000,357376,6032,756,128792
19934,384000,420864,-8352,180,98257
19944,337920,437248,-22504,-7691,94919
19954,337920,479232,-32016,-2134,82104
19964,337920,494592,-35496,-568,77436
19974,119808,464896,-78184,-20768,34874
19984,119808,461824,-77488,-5372,32862
19994,0,400384,-90712,-12031,26750
20004,-16384,332800,-79112,-4096,39882
20014,-148480,260096,-92568,-16111,-6654
20024,-173056,155648,-74472,-6473,17866
20034,-402432,53248,-103240,-37735,-50341
20044,-402432,-33792,-80504,-9748,-15198
20054,-402432,-173056,-51968,-2701,23579
20064,-654336,-324608,-74704,-14808,-632
20074,-1004544,-443392,-127136,-43946,-93703
20084,-1024000,-594944,-97208,-12952,-30450
20094,-1128448,-757760,-83984,-19999,-25670
20104,-1128448,-937984,-43152,-5173,32947
20114,-1128448,-1091584,-8352,-1349,57610
20124,-1128448,-1226752,22272,-391,82830
20134,-1128448,-1343488,48720,-120,109017
20144,-1128448,-1436672,69832,-46,139722
20154,-1209344,-1443840,53128,-8079,77483
20164,-1209344,-1438720,51968,-2103,56904
20174,-1209344,-1461248,57072,-599,67650
20184,-1233920,-1441792,47096,-1548,42847
20194,-1233920,-1416192,40832,-419,22120
20204,-1233920,-1412096,40368,-132,28540
20214,-611328,-1379328,174000,32614,191937
20224,-611328,-1275904,150568,8953,99984
20234,-123904,-1162240,235248,39956,228031
20244,-123904,-941056,185136,10287,109220
20254,12288,-733184,168896,17346,84173
20264,55296,-528384,132240,7571,48358
20275,266240,-309248,130384,31072,64928
20285,266240,-162816,97208,8529,37067
20295,1105920,23552,245224,111584,285978
20305,1105920,187392,208104,28750,178405
20315,1929216,410624,344056,90246,362133
20325,2124800,711680,320160,36538,257887
20335,3657728,1079296,584176,207916,682271
20345,4164608,1529856,596936,107879,551153
20355,6713344,2228224,1016160,483547,1274488
20365,6998016,3059712,892272,161538,741306
20375,6998016,4055040,666768,44415,313176
20385,7292928,5204992,473048,31460,52988
20395,7292928,6131712,263088,8096,-83742
20405,7292928,6860800,97904,2212,-159280
20415,7292928,7399424,-24128,555,-177639
20425,7444480,7618560,-39440,19760,-72598
20435,7444480,7688192,-55216,5081,-1939
20445,7444480,7671808,-51504,1293,81227
20455,7444480,7668736,-50808,320,100812
20465,10281984,7666688,592528,249545,1001496
20475,9784320,8134656,373752,2685,313298
20485,7916544,8757248,-190472,-226035,-636617
20495,6854656,9202688,-531976,-151667,-887259
20505,4395008,9077760,-1060936,-425681,-1487715
20515,4395008,8327168,-890880,-109784,-636533
20525,4395008,7168000,-628256,-30216,10290
20535,984064,6020096,-1140976,-247147,-663990
20545,984064,4780032,-860024,-68000,-145298
20555,483328,3570688,-699480,-58823,-15648
20565,387072,2678784,-519216,-21943,48964
20575,215040,1989632,-402056,-25254,-24287
20585,159744,1533952,-311344,-10801,-74351
20595,76800,1274880,-271440,-16022,-168429
20605,61440,1021952,-217616,-5896,-162625
20615,61440,750592,-156136,-1636,-99709
20625,61440,492544,-97672,-443,-49258
20635,-16384,218112,-53128,-8433,-15414
20645,-44032,-2048,-9512,-4615,-4249
20655,-166912,-239616,16472,-19315,-3012
20665,-188416,-392192,46168,-7776,12655
20675,-250880,-560128,70064,-6846,40514
20685,-267264,-694272,96744,-4197,56288
20695,-260096,-830464,129224,-409,111123
20705,-264192,-887808,141288,-443,108331
20715,-279552,-904192,141520,-2240,92963
20725,-279552,-956416,153352,-599,132008
20735,-279552,-985088,159848,-174,150262
20745,-279552,-970752,156600,-68,146822
20755,-279552,-908288,142448,-46,123740
20765,-279552,-821248,122728,-46,78744
20775,-279552,-827392,124120,-46,120768
20785,-1792000,-776192,-230144,-151331,-407063
20795,-1792000,-898048,-202536,-41645,-199620
20805,-2243584,-1150976,-247544,-44538,-182939
20815,-2243584,-1511424,-165880,-12272,-8091
20825,-2880512,-1931264,-215064,-49326,-52815
20835,-3465216,-2341888,-254504,-43415,-63747
20845,-5798912,-2797568,-679992,-245408,-658144
20855,-6784000,-3537920,-735440,-134665,-451780
20865,-7369728,-4535296,-642176,-115650,-191716
20875,-7369728,-5528576,-417136,-31830,163801
20885,-7369728,-6404096,-218776,-8228,296096
20895,-7369728,-6960128,-92800,-2277,210169
20905,-7369728,-7312384,-12992,-605,140674
20915,-7369728,-7518208,33640,-174,111960
20925,-1408000,-7650304,1414272,823425,2310137
20935,-1209344,-7235584,1365320,230944,1416740
20945,-621568,-6028288,1224960,175616,849963
20955,-585728,-4335616,849584,49908,142636
20965,-424960,-2699264,515272,29794,-262528
20975,-244736,-1581056,302760,29846,-244480
20985,-244736,-985088,167736,7681,-125081
20995,-62464,-761856,158456,19192,90550
21005,0,-648192,146856,9170,168792
21015,12288,-567296,131312,4205,174898
21025,12288,-495616,115072,1068,178545
21035,89088,-372736,104632,13992,181379
21045,89088,-202752,66120,3833,113223
21055,269312,-76800,78416,17874,159425
21065,352256,8192,77952,9872,182464
21075,527360,181248,78416,25372,161937
21085,527360,313344,48488,6521,115440
21095,527360,441344,19488,1663,89341
21105,527360,579584,-11832,442,47840
21115,527360,653312,-28536,97,58022
21125,2171904,740352,324336,122875,534969
21135,2171904,1075200,248472,31668,262474
21145,2847744,1465344,313200,63858,320692
21155,2847744,2012160,189312,17547,60098
21165,4032512,2443264,360064,148342,404257
21175,4347904,2935808,319928,68518,255389
21185,4347904,3375104,220400,17648,149095
21195,4687872,3900416,178408,46109,102929
21205,4687872,4270080,94656,11874,65305
21215,3210240,4589568,-312504,-121088,-453722
21225,3210240,4532224,-299512,-33323,-229829
21235,2499584,4227072,-391384,-67185,-258852
21245,2035712,3746816,-387672,-45026,-181429
21255,1545216,3263488,-389296,-68229,-213679
21265,1497088,2665472,-264712,-21576,-11728
21275,1513472,2057216,-123192,-3205,189697
21285,1513472,1586176,-16472,-849,246264
21295,1513472,1299456,48488,-254,226523
21305,1452032,1181696,61248,-3751,125368
21315,1452032,1041408,93032,-986,151440
21325,1452032,955392,112520,-287,165733
21335,1452032,965632,110200,-92,117310
21345,1116160,932864,41528,-38266,14894
21355,1138688,874496,59856,-8030,86596
21365,1173504,748544,96280,-138,183326
21375,1173504,684032,110896,-55,194388
21385,1258496,677888,131544,6536,178440
21395,1270784,675840,134792,2514,180167
21405,1324032,679936,145928,6314,182203
21416,1350656,721920,142448,3665,176429
21426,1406976,820224,132936,9841,141918
21436,1452032,886784,128064,7327,125129
21446,1452032,917504,121104,2001,162778
21456,1610752,940032,151960,9384,180307
21466,1610752,1063936,123888,2401,108810
21476,2911232,1085440,413656,101135,545506
21486,3007488,1377280,369344,31112,340895
21496,3778560,1789952,450544,85137,421159
21506,4395008,2290688,476760,71035,378722
21516,4301824,2866176,325264,5429,127516
21526,4301824,3263488,235248,1477,102243
21536,4301824,3667968,143608,366,50582
21546,2527232,3838976,-297192,-136973,-438473
21556,2527232,3690496,-263552,-37693,-187421
21566,1084416,3172352,-473048,-152414,-382751
21576,1084416,2518016,-324800,-41938,-27533
21586,584704,1766400,-267728,-60822,52665
21596,451584,1051648,-135952,-24747,235998
21606,98304,510976,-93496,-55622,150829
21616,67584,111616,-9976,-17432,186752
21626,-13312,-177152,37120,-20243,182081
21636,-10240,-290816,63568,-4810,121965
21646,-10240,-457728,101384,-1258,166604
21656,-10240,-587776,130848,-367,201055
21666,-10240,-689152,153816,-113,218263
21676,-10240,-792576,177248,-46,256686
21686,-59392,-835584,175856,-5262,232778
21696,-59392,-869376,183512,-1374,245581
21706,-59392,-846848,178408,-394,219642
21716,-154624,-884736,165416,-6589,228036
21726,-154624,-900096,168896,-1832,238881
21736,-270336,-874496,136880,-11344,181525
21746,-338944,-888832,118552,-15207,149888
21756,-385024,-903168,117392,-10169,183176
21766,-385024,-882688,112752,-2643,151520
21776,-575488,-962560,87696,-17884,151647
21786,-575488,-959488,87000,-4630,129867
21796,-1095680,-1074176,-4872,-50080,38347
21806,-1393664,-1167360,-51272,-31904,15562
21816,-1393664,-1415168,4872,-8243,172047
21826,-2342912,-1605632,-167040,-91306,-91796
21836,-2420736,-1885184,-121336,-28519,16673
21846,-2555904,-2179072,-85376,-23780,62060
21856,-2528256,-2614272,19488,-4123,226357
21866,-2342912,-2966528,141288,29989,380945
21876,-2268160,-3187712,208336,17306,392294
21886,-2268160,-3271680,227360,4446,327682
21896,-1408000,-3236864,414352,155010,594774
21906,-1408000,-3148800,394400,39953,433856
21916,-1139712,-2879488,394168,32400,353247
21926,-1117184,-2574336,330136,10333,225301
21936,-1117184,-2324480,273528,2648,197255
21946,-1117184,-2123776,228056,665,205458
21956,-1128448,-1949696,186064,-504,165538
21966,-1128448,-1879040,170056,-147,214731
21976,-1128448,-1807360,153816,-55,212279
21986,-1004544,-1810432,182584,14154,289230
21996,-921600,-1777664,193952,13076,308454
22006,-921600,-1728512,182816,3576,278807
22016,-497664,-1689600,270048,36785,417055
22026,-497664,-1550336,233856,9469,302651
22036,-299008,-1432576,256824,18960,356511
22046,-191488,-1223680,233856,15655,300390
22056,-191488,-1041408,192560,4290,247325
22066,-191488,-867328,153120,1089,219702
22076,-151552,-697344,123656,6146,194517
22086,-151552,-623616,106952,1675,219419
22096,-151552,-504832,80040,411,182756
22106,-349184,-465920,26448,-29026,129465
22116,-433152,-390144,-9744,-16962,94971
22126,-433152,-450560,3944,-4389,175421
22136,-1117184,-479232,-144536,-50733,-33990
22146,-1117184,-650240,-105792,-13093,86248
22156,-1810432,-816128,-225272,-53611,-57402
22166,-2394112,-1160192,-279560,-84009,-115439
22176,-2447360,-1509376,-212512,-27006,-1414
22186,-2447360,-1895424,-125048,-7441,100110
22196,-2447360,-2357248,-20416,-1932,228678
22206,-2447360,-2646016,45008,-516,214062
22216,-2698240,-2932736,53128,-18335,192322
22226,-2555904,-3097600,122728,2722,232065
22236,-2015232,-3246080,278864,58419,455317
22246,-1271808,-3213312,439872,156842,621024
22256,-856064,-3089408,505992,97851,576624
22266,-696320,-2723840,459360,42883,374697
22276,-346112,-2234368,427808,47070,273015
22286,-346112,-1841152,338720,12118,163314
22296,-346112,-1420288,243368,3317,104307
22306,-292864,-1127424,189080,1690,104372
22316,-292864,-984064,156600,451,165288
22326,-306176,-815104,115304,-1148,143271
22336,-306176,-768000,104632,-327,178841
22346,-260096,-711680,102312,6265,190248
22356,-244736,-742400,112752,3039,244824
22366,-244736,-677888,98136,820,203074
22376,-16384,-656384,145000,29766,288171
22386,3072,-591872,134792,9484,247777
22396,6144,-513024,117624,2801,213915
22406,39936,-400384,99760,5084,190005
22416,61440,-279552,77256,3396,150720
22426,61440,-199680,59160,857,146919
22436,150528,-165888,71688,11758,198512
22446,150528,-105472,58000,3015,181617
22456,122880,-70656,43848,-2414,173037
22466,79872,13312,15080,-6254,120029
22476,46080,4096,9512,-4599,157537
22486,15360,80896,-14848,-3367,103463
22496,3072,69632,-15080,-2472,124490
22506,3072,59392,-12760,-654,131821
22516,3072,65536,-14152,-196,118047
22526,3072,19456,-3712,-71,145798
22536,-4096,1024,-1160,-709,142860
22546,-4096,33792,-8584,-202,99361
22556,-4096,-6144,464,-74,127191
22566,-4096,-31744,6264,-46,139601
22576,-22528,39936,-14152,-1206,68361
22586,-22528,2048,-5568,-348,111614
22596,-133120,-23552,-24824,-9830,94533
22606,-148480,16384,-37352,-3473,55163
22616,-219136,-46080,-39208,-9549,84670
22626,-232448,-63488,-38280,-3580,84548
22636,-241664,-93184,-33640,-2546,99079
22646,-238592,-186368,-11832,-303,142990
22656,-238592,-225280,-3016,-95,136959
22666,-185344,-203776,4176,3134,103983
22677,-157696,-235520,17632,3936,122215
22687,-157696,-248832,20648,1065,122111
22697,-102400,-199680,22040,8950,99220
22707,-87040,-194560,24360,4034,106407
22717,-4096,-209920,46632,7931,165702
22727,64512,-114688,40600,10620,125938
22737,314368,-11264,73776,29382,156824
22747,314368,32768,63800,8065,124232
22757,1378304,103424,288840,169274,515408
22767,1809408,296960,342664,95614,439207
22777,1809408,607232,272368,24636,252802
22787,5105664,1042432,912224,492001,1288431
22797,5105664,1664000,779752,135311,726503
22807,6175744,2749440,776272,117562,493231
22817,6438912,3836928,589512,47045,196874
22827,6506496,4955136,351480,19323,-32066
22837,6372352,5867520,114376,-5756,-236533
22847,5984256,6312960,-74472,-23218,-218368
22857,4075520,6439936,-535688,-209668,-708061
22867,4075520,6175744,-475832,-57685,-341813
22877,3464192,5538816,-470032,-52564,-199681
22887,3464192,4882432,-321320,-14472,16692
22897,3353600,4174848,-186064,-12299,149962
22907,3246080,3685376,-99528,-8832,140764
22917,2911232,3367936,-103472,-38175,16772
22927,2638848,3127296,-110664,-29593,-41483
22937,1577984,2937856,-308096,-164460,-403700
22947,1392640,2652160,-285360,-62204,-232404
22957,471040,2235392,-399736,-112259,-315925
22967,365568,1764352,-316912,-46436,-116260
22977,365568,1220608,-193720,-11994,55292
22987,172032,722944,-124816,-18271,100427
22997,82944,297984,-48720,-9400,115538
23007,-7168,23552,-6960,-11460,51644
23017,-7168,-210944,46168,-3168,76164
23027,-136192,-424960,65424,-13654,89556
23037,-188416,-516096,74240,-8433,77998
23047,-188416,-531456,77720,-2338,40626
23057,-188416,-590848,91176,-620,65095
23067,-985088,-670720,-71224,-79880,-146268
23077,-985088,-739328,-55680,-20618,-60609
23087,-1664000,-823296,-190472,-99469,-275429
23097,-1664000,-950272,-161704,-25672,-177299
23107,-2420736,-1243136,-266800,-141953,-334985
23117,-2583552,-1550336,-234088,-61554,-187490
23127,-2583552,-1965056,-140128,-15885,20306
23137,-2880512,-2349056,-120408,-29654,50292
23147,-2880512,-2676736,-46168,-7663,107816
23157,-2880512,-2938880,13224,-1993,113417
23167,-2880512,-3188736,69832,-568,160998
23177,-2125824,-3385344,285360,97564,478150
23187,-2125824,-3361792,280024,26815,333209
23197,-966656,-3189760,503672,214175,666282
23207,-966656,-2927616,444280,58889,371556
23217,-452608,-2456576,454024,63375,333946
23227,-200704,-1935360,393008,61373,231425
23237,-151552,-1427456,289072,23229,76406
23247,-151552,-1040384,201376,5972,35904
23257,9216,-698368,160312,28472,65272
23267,9216,-516096,119016,7815,86995
23277,98304,-307200,91872,9832,74518
23287,193536,-211968,91872,8584,123053
23297,527360,-137216,150568,42874,231246
23307,527360,-26624,125512,11035,161974
23317,1716224,62464,374680,215603,624877
23327,1716224,292864,322480,55581,351205
23337,1716224,576512,258216,15274,217690
23347,1716224,994304,163560,3924,61612
23357,6998016,1299456,1291080,642224,1865732
23367,7218176,2094080,1160928,195989,1060192
23377,7368704,3532800,869072,59509,339353
23387,7599104,5044224,578840,44323,-48569
23397,7599104,6311936,291624,11413,-219833
23407,7292928,7084032,47328,-37610,-272393
23417,7292928,7347200,-12296,-10358,-53613
23427,5737472,7410688,-379088,-130893,-440776
23437,5160960,7126016,-445208,-66031,-323585
23447,2611200,6572032,-897376,-308384,-959164
23457,1771520,5687296,-887168,-148749,-622461
23467,1012736,4490240,-787872,-160178,-348938
23477,579584,3301376,-616656,-90619,-129231
23487,579584,2177024,-361920,-24943,189864
23497,337920,1256448,-208104,-25364,209004
23507,337920,740352,-91176,-6562,150048
23517,337920,424960,-19720,-1819,101169
23527,135168,214016,-17864,-11832,14415
23537,0,31744,-7192,-17490,32
23547,0,-153600,34800,-4828,75225
23557,-80896,-286720,46632,-5793,69982
23567,-80896,-389120,69832,-1511,66515
23577,-343040,-525312,41296,-20688,27419
23587,-497664,-699392,45704,-23472,65612
23597,-497664,-863232,82824,-6070,143913
23607,-802816,-965632,36888,-25269,61797
23617,-802816,-1050624,56144,-6534,74781
23627,-1514496,-1178624,-76096,-77747,-120375
23637,-1810432,-1385472,-96280,-41501,-54526
23647,-5985280,-1716224,-967208,-407999,-1207657
23657,-6999040,-2516992,-1015464,-213645,-826025
23667,-12989440,-3877888,-2064336,-784873,-2203892
23677,-12989440,-6018048,-1579456,-215906,-738161
23687,-14018560,-8487936,-1253032,-158637,-213476
23697,-14018560,-10757120,-725000,-40925,342053
23707,-11234304,-12524544,292320,373315,1562921
23717,-9402368,-13154304,850048,279504,1560871
23727,-7219200,-12623872,1220784,462435,1538972
23737,-7219200,-11316224,928232,127182,461885
23747,-2447360,-9737216,1651608,480285,1357795
23757,-1233920,-7994368,1531664,309875,943445
23767,-550912,-5946368,1222408,168331,400251
23777,-399360,-4117504,842392,57604,-3971
23787,-399360,-2731008,528264,15835,-165094
23797,12288,-1751040,399504,57369,-15324
23807,12288,-1256448,287448,15765,72334
23817,12288,-893952,205320,4046,110352
23827,12288,-613376,141752,1025,109715
23837,122880,-407552,120176,10635,141688
23847,199680,-212992,93496,7614,136276
23857,401408,7168,89320,26434,145856
23867,479232,137216,77488,14556,165049
23877,579584,355328,50808,10125,112397
23887,1324032,566272,171680,99172,293811
23897,1324032,697344,141984,25558,236026
23907,3210240,1033216,493232,180010,667293
23917,3861504,1487872,537776,128561,597103
23927,6575104,2255872,978576,271716,1039203
23937,7368704,3342336,912224,117416,669371
23947,7368704,4698112,605056,32278,154917
23957,9122816,6076416,690200,152890,352386
23968,9122816,7252992,423632,39413,51533
23978,8162304,8119296,9744,-105787,-368517
23988,7218176,8708096,-337560,-105115,-555761
23998,4944896,8626176,-834040,-384394,-1067388
24008,4209664,8124416,-886936,-189429,-767015
24018,3141632,7059456,-887632,-136896,-504881
24028,1127424,5733376,-1043536,-354224,-694813
24038,1127424,4444160,-751448,-91361,-177147
24048,1127424,3007488,-425952,-23578,261743
24058,308224,2050048,-394632,-55405,87510
24068,308224,1295360,-223648,-14301,117626
24078,308224,722944,-93960,-3949,187630
24088,0,302080,-68440,-17865,78920
24098,0,15360,-3480,-4624,103797
24108,0,-191488,43384,-1288,124227
24118,0,-322560,73080,-348,108938
24128,0,-349184,79112,-107,40696
24138,0,-445440,100920,-46,69271
24148,0,-552960,125280,-46,124145
24158,-4096,-600064,129688,-446,113450
24168,-4096,-556032,125048,-138,84542
24178,-37888,-594944,126208,-4722,116003
24188,-37888,-585728,124120,-1319,125137
24198,-7168,-486400,108576,1867,64056
24208,0,-459776,104168,836,76439
24218,0,-439296,99528,213,93380
24228,193536,-374784,128760,14059,122440
24238,405504,-316416,163560,32885,172496
24248,509952,-295936,182584,19479,203897
24258,1297408,-175104,333616,155203,459493
24268,1297408,-32768,301368,42675,297514
24278,1297408,166912,256128,10986,212612
24288,6713344,564224,1390840,370645,1604633
24298,6713344,1637376,1150024,101934,780719
24308,6713344,3287040,776272,26269,73673
24318,6713344,4720640,451472,7208,-233400
24328,6713344,5783552,210656,1843,-262123
24338,8674304,6318080,533832,184359,496404
24348,3819520,6550528,-618744,-529551,-1214376
24358,2787328,6387712,-815712,-270237,-989623
24368,2787328,5617664,-641248,-74347,-334604
24378,896000,4501504,-816872,-190677,-464495
24388,432128,3151872,-616192,-116538,-35279
24398,342016,1987584,-372824,-38520,196765
24408,308224,1016832,-160544,-12101,322902
24418,49152,404480,-80504,-34592,224125
24428,12288,112640,-22736,-12989,156525
24438,-7168,-20480,3016,-6626,56239
24448,-7168,-153600,33176,-1731,47557
24458,-7168,-315392,69832,-495,100843
24468,-71680,-457728,87464,-4255,122245
24478,-71680,-531456,104168,-1191,120765
24488,-71680,-574464,113912,-324,109997
24498,-601088,-659456,13224,-31702,-8235
24508,-1467392,-715776,-170288,-113910,-285948
24518,-1467392,-868352,-135720,-29389,-140974
24528,-3354624,-1161216,-496944,-324473,-725652
24538,-3354624,-1584128,-401128,-83686,-301620
24548,-3354624,-2178048,-266568,-21598,13899
24558,-8763392,-2946048,-1317992,-328818,-1260276
24568,-9216000,-4404224,-1090168,-136323,-564359
24578,-9216000,-6259712,-669784,-37513,183473
24588,-8588288,-7794688,-179800,88961,663610
24598,-8416256,-8777728,81896,45336,610082
24608,-8416256,-9027584,138504,11672,298857
24618,-5216256,-8909824,836824,346810,1171353
24628,-5216256,-8243200,685792,95376,491660
24638,-2268160,-7418880,1166960,267572,1044861
24648,-1150976,-6042624,1108264,159066,645075
24658,-546816,-4597760,917792,112496,313083
24668,-424960,-3188736,626168,38406,-24137
24678,-102400,-2134016,460288,45574,-47555
24688,-47104,-1429504,313200,18026,-6126
24698,-47104,-937984,201840,4626,7305
24708,0,-711680,161240,4302,107334
24718,0,-551936,125048,1089,152624
24728,0,-428032,96976,262,163410
24738,0,-364544,82592,54,186655
24748,0,-252928,57304,0,145742
24758,0,-182272,41296,0,133433
24768,0,-163840,37120,0,162191
24778,0,-91136,20648,0,127301
24788,0,-48128,10904,0,103643
24798,6144,-63488,15776,900,136707
24808,6144,-36864,9744,228,119243
24818,46080,4096,9512,2932,102384
24828,187392,-23552,50344,20254,204366
24838,193536,-26624,49880,6213,202572
24848,398336,52224,78416,40649,238395
24858,451584,157696,66584,19009,173666
24868,451584,237568,48488,4885,146887
24878,1790976,322560,332688,104827,540103
24888,3007488,701440,522464,90838,587921
24898,6506496,1300480,1179488,373425,1410027
24908,6506496,2387968,933104,102697,1036954
24918,7998464,3774464,957000,145620,580112
24928,8330240,5272576,692752,68646,196259
24938,8674304,6603776,469104,43786,-22846
24948,8674304,7610368,241048,11273,-95777
24958,7218176,8308736,-247080,-133667,-565213
24968,6575104,8449024,-424560,-80460,-472721
24978,4347904,8048640,-838448,-309180,-882788
24988,3657728,7316480,-828936,-154096,-601202
24998,1949696,6260736,-976720,-345173,-785399
25008,1422336,4937728,-796456,-157319,-280589
25018,1422336,3796992,-538008,-43293,43070
25028,536576,2623488,-472816,-113019,-9945
25038,536576,1641472,-250328,-29160,213737
25048,311296,1026048,-161936,-29163,140901
25058,181248,559104,-85608,-15815,100731
25068,0,199680,-45240,-27836,63340
25078,0,-110592,25056,-7193,119554
25088,-53248,-353280,67976,-5262,137015
25098,-47104,-520192,107184,-672,155247
25108,-47104,-594944,124120,-193,118342
25119,-62464,-696320,143608,-2646,146541
25129,-62464,-762880,158688,-748,182205
25139,-105472,-783360,153584,-3992,175852
25149,-126976,-726016,135720,-2335,110728
25159,-206848,-712704,114608,-10355,108768
25169,-206848,-721920,116696,-2692,147867
25179,-206848,-683008,107880,-754,130076
25189,-206848,-641024,98368,-214,98483
25199,-1546240,-661504,-200448,-117835,-322596
25209,-2880512,-898048,-449152,-157459,-505521
25219,-2880512,-1373184,-341504,-40622,-151172
25229,-2880512,-2012160,-196736,-11191,139421
25239,-2880512,-2560000,-72616,-2906,248123
25249,-7369728,-2919424,-1008272,-479777,-1253992
25259,-7369728,-3670016,-838216,-123734,-560288
25269,-7293952,-4787200,-567936,-29813,42363
25279,-7293952,-5883904,-319464,-7706,333969
25289,-6048768,-6674432,141752,94082,782442
25299,-6048768,-6910976,195344,24246,470608
25309,-4540416,-6662144,480704,167175,621697
25319,-4638720,-6197248,353104,38366,170752
25329,-5678080,-5712896,7888,-143259,-417037
25339,-5678080,-5342208,-76096,-39423,-359456
25349,-5678080,-5334016,-77952,-10184,-167372
25359,-6784000,-5648384,-257288,-60666,-211622
25369,-6784000,-6135808,-146856,-16703,83611
25379,-6439936,-6624256,41760,20599,340965
25389,-4589568,-6926336,529424,260885,1008241
25399,-3542016,-6895616,759800,176528,1003280
25409,-1379328,-6239232,1101072,458001,1298365
25419,-1024000,-5406720,992960,178311,729043
25429,-1024000,-4137984,705512,45962,72517
25439,-10240,-3120128,704584,90872,169184
25449,-10240,-2221056,500888,24981,-41307
25459,46080,-1561600,364240,12057,-25809
25469,55296,-1112064,264480,5056,2762
25479,116736,-867328,222952,9774,126545
25489,116736,-668672,177944,2505,141066
25499,334848,-512000,191864,22286,209390
25509,334848,-377856,161472,5728,194746
25519,549888,-233472,177480,21627,241895
25529,1545216,-35840,358208,195773,573600
25539,2419712,180224,507384,163711,680927
25549,2974720,586752,541024,97064,558813
25559,4687872,1220608,785552,331347,932084
25569,5327872,1931264,769544,168304,669732
25579,6854656,2789376,921040,189459,758463
25589,6854656,3951616,657720,48837,200266
25599,6854656,4951040,431288,13418,-52164
25609,6854656,5797888,239424,3442,-126619
25619,10695680,6524928,944936,245431,891101
25629,10802176,7334912,785552,81280,539953
25639,10802176,8386560,547288,20941,191496
25649,9308160,9362432,-28072,-89744,-456521
25659,9308160,9885696,-130848,-24704,-233086
25669,9308160,9973760,-150800,-6388,-24020
25679,9308160,9900032,-134096,-1664,88285
25689,9308160,9798656,-111128,-474,152251
25699,2195456,9590784,-1675504,-586399,-2073054
25709,514048,8763392,-1868992,-443177,-1907408
25719,409600,6777856,-1442808,-126978,-637166
25729,409600,4705280,-973240,-34940,39596
25739,15360,2562048,-576984,-38862,403554
25749,-4096,1171456,-266336,-12253,443757
25759,-4096,446464,-102080,-3388,295341
25769,0,124928,-28304,-644,119628
25779,0,11264,-2552,-184,26646
25789,0,-118784,26912,-71,12461
25799,0,-246784,55912,-46,51017
25809,0,-388096,87928,-46,104898
25819,0,-507904,115072,-46,116126
25829,0,-637952,144536,-46,143899
25839,21504,-728064,169824,2410,166190
25849,21504,-821248,190936,598,214785
25859,259072,-821248,244760,21017,278627
25869,259072,-701440,217616,5401,170230
25879,259072,-595968,193720,1467,137676
25889,625664,-500736,255200,27508,255092
25899,1012736,-331776,304616,48379,311483
25909,1012736,-125952,257984,12457,217515
25919,2756608,36864,616192,260345,832922
25929,3107840,385024,616888,104592,588354
25939,3246080,860160,540560,39434,387544
25949,3427328,1580032,418528,36856,171878
25959,3353600,2156544,271208,2255,28313
25969,2847744,2667520,40832,-38526,-185189
25979,2554880,2930688,-85144,-25315,-191607
25989,2554880,2863104,-69832,-6974,1331
25999,1138688,2664448,-345680,-104410,-296549
26009,1138688,2312192,-263088,-26944,-89598
26019,311296,1806336,-338720,-95716,-178318
26029,55296,1256448,-272136,-73533,-69848
26039,0,740352,-167736,-28391,71124
26049,-4096,243712,-56144,-7743,174170
26059,-7168,-185344,40368,-2601,249158
26069,-7168,-448512,99992,-733,261216
26079,-16384,-516096,113216,-1130,167059
26089,-50176,-635904,132704,-2778,206897
26099,-191488,-641024,101848,-20252,97210
26109,-222208,-688128,105560,-8121,135847
26119,-260096,-693248,98136,-8884,120880
26129,-260096,-770048,115536,-2457,181446
26139,-257024,-813056,125976,-364,188864
26149,-253952,-885760,143144,91,229009
26159,-250880,-858112,137576,408,164726
26169,-250880,-914432,150336,88,195606
26179,-250880,-864256,138968,6,138731
26189,-250880,-905216,148248,0,186768
26199,-250880,-915456,150568,0,215492
26209,-260096,-855040,134792,-980,176410
26219,-260096,-873472,138968,-272,214921
26229,-289792,-819200,119944,-2701,177576
26239,-328704,-873472,123424,-7718,217725
26249,-328704,-851968,118552,-2009,202850
26259,-328704,-793600,105328,-535,146028
26269,-452608,-825344,84448,-10929,145865
26279,-452608,-793600,77256,-2836,126457
26289,-649216,-860160,47792,-18082,121619
26299,-957440,-891904,-14848,-56351,24979
26309,-957440,-973824,3712,-14551,105748
26319,-1529856,-1095680,-98368,-54346,-15389
26329,-1810432,-1275904,-121104,-30774,1557
26339,-1810432,-1524736,-64728,-8484,117366
26349,-2975744,-1760256,-275384,-98258,-221098
26359,-4841472,-2154496,-608768,-180140,-583719
26369,-4841472,-2903040,-439176,-49570,-144942
26379,-4841472,-3852288,-224112,-12800,223958
26389,-8081408,-4600832,-788568,-265580,-643258
26399,-8247296,-5677056,-582320,-87385,-163110
26410,-8247296,-6749184,-339416,-24051,174876
26420,-7678976,-7689216,2320,66928,538573
26430,-7678976,-8239104,126904,17242,436545
26440,-5678080,-8457216,629648,169650,987856
26450,-4841472,-8047616,726392,90548,716006
26460,-2555904,-7172096,1045856,285021,949881
26470,-2342912,-6109184,853296,91036,426954
26480,-1233920,-4901888,831024,186853,431201
26490,-1233920,-3948544,615032,51373,156213
26500,-671744,-3095552,549144,56671,206894
26510,-550912,-2411520,421544,21356,160059
26520,-260096,-1864704,363544,36889,193094
26530,-142336,-1442816,294640,18591,188019
26540,0,-1135616,257288,27465,227967
26550,0,-815104,184672,7067,138914
26560,3072,-634880,144536,2029,154663
26570,6144,-447488,102776,714,119332
26580,6144,-345088,79576,170,143786
26590,76800,-244736,72848,5493,155569
26600,76800,-207872,64496,1400,185291
26610,266240,-111616,85608,19296,217104
26620,358400,-70656,97208,12408,234886
26630,920576,25600,202768,80834,400796
26640,1105920,142336,218312,39370,327465
26650,1868800,360448,341736,66079,494104
26660,1868800,820224,237568,17025,230301
26670,3040256,1217536,412960,121853,507542
26680,3040256,1701888,303224,31402,302785
26690,3040256,2284544,171216,8081,108870
26700,3040256,2755584,64496,2203,3909
26710,5921792,3144704,629184,233605,841789
26720,5921792,3801088,480472,64239,404890
26730,6111232,4603904,341504,35494,179001
26740,6047744,5331968,162168,4824,-9931
26750,4687872,5962752,-288840,-186527,-574835
26760,3945472,6238208,-519448,-117737,-642849
26770,2911232,5872640,-670944,-174662,-624941
26780,2668544,5088256,-548216,-79480,-202346
26790,2554880,4247552,-383496,-31174,32164
26800,2367488,3493888,-255200,-44330,100670
26810,2291712,2798592,-114840,-21256,217477
26820,2291712,2392064,-22736,-5500,206996
26830,1716224,2206720,-111128,-66507,-66529
26840,1716224,1970176,-57536,-17167,26427
26850,1220608,1824768,-136880,-51221,-128387
26860,759808,1564672,-182352,-95624,-173405
26870,428032,1300480,-195576,-64957,-127212
26880,334848,1046528,-161240,-26621,-67271
26890,144384,685056,-122496,-38807,-16736
26900,144384,374784,-52200,-10688,58175
26910,144384,29696,25984,-2775,155098
26920,-77824,-223232,32944,-19993,125096
26930,-77824,-378880,68208,-5515,142063
26940,-148480,-507904,81432,-7651,130375
26950,-247808,-539648,66120,-8454,63709
26960,-247808,-653312,91872,-2195,125978
26970,-649216,-675840,6032,-33671,-14099
26980,-649216,-768000,26912,-9278,67240
26990,-649216,-832512,41528,-2411,90376
27000,-649216,-928768,63336,-684,131537
27010,-1681408,-975872,-159848,-61805,-186440
27020,-1681408,-1155072,-119248,-15955,-63248
27030,-1681408,-1380352,-68208,-4407,21620
27040,-2500608,-1656832,-191168,-50052,-121273
27050,-4256768,-2024448,-505760,-226990,-545716
27060,-4688896,-2479104,-500656,-94169,-366420
27070,-7999488,-3192832,-1089008,-544596,-1313802
27080,-8081408,-4107264,-900392,-159131,-619292
27090,-8081408,-5360640,-616424,-41053,-91709
27100,-4589568,-6601728,455880,537469,1589358
27110,-4589568,-7390208,634520,138574,1238212
27120,-4589568,-6975488,540560,35711,508438
27130,-626688,-6000640,1217536,283184,1049607
27140,-80896,-4422656,983680,131240,358955
27150,0,-2891776,655168,42752,-106036
27160,6144,-1615872,367488,11972,-261995
27170,9216,-927744,204856,3396,-154427
27180,9216,-596992,137344,915,280
27190,362496,-522240,200448,52273,272838
27200,419840,-429056,192328,20886,256557
27210,665600,-377856,236408,24359,340289
27220,939008,-141312,244760,20608,283793
27230,1466368,113664,306472,61923,360570
27240,1848320,479232,310184,45465,312617
27250,1848320,867328,222256,12487,168279
27260,2974720,1256448,389296,123391,464914
27270,2974720,1752064,277008,31799,210276
27280,4944896,2217984,617816,194403,700156
27290,4944896,2904064,462376,50115,329102
27300,4944896,3664896,290000,13766,60464
27310,9031680,4445184,1039128,268261,1055512
27320,9031680,5701632,754464,69161,401600
27330,12025856,7000064,1138656,235916,889231
27340,13754368,8588288,1170440,299575,886459
27350,13754368,10134528,820120,77233,284494
27360,13754368,11625472,482328,21231,-38976
27370,7292928,12797952,-1247232,-887058,-2571934
27380,6305792,13100032,-1539320,-342756,-2091566
27390,3316736,11899904,-1944624,-658521,-2133671
27400,3316736,9817088,-1472736,-169828,-692536
27410,3316736,7287808,-899696,-46732,266626
27420,3316736,5135360,-412032,-12067,644599
27430,3316736,3888128,-129456,-3336,574147
27440,384000,3348480,-671640,-275913,-633680
27450,278528,2902016,-594384,-78327,-466548
27460,36864,2312192,-515504,-54941,-341486
27470,0,1457152,-330136,-17640,-28972
27480,-4096,832512,-189544,-5652,35425
27490,0,117760,-26680,-947,199958
27500,0,-365568,82824,-260,249239
27511,0,-547840,124120,-89,170491
27521,0,-675840,153120,-46,141955
27531,0,-748544,169592,-46,130847
27541,0,-773120,175160,-46,124308
27551,0,-779264,176552,-46,133465
27561,0,-769024,174232,-46,150632
27571,-10240,-783360,175160,-1038,192075
27581,-10240,-727040,162400,-306,162372
27591,-157696,-705536,124120,-13059,124911
27601,-241664,-624640,86768,-8729,80198
27611,-241664,-649216,92336,-2417,121249
27621,-556032,-592896,8352,-28284,-23382
27631,-905216,-679936,-51040,-70234,-76264
27641,-1053696,-703488,-79344,-36155,-103241
27651,-1053696,-845824,-47096,-9958,-14928
27661,-4210688,-1102848,-704120,-335288,-937770
27671,-4210688,-1717248,-564920,-86475,-377225
27681,-4210688,-2560000,-373984,-23804,4552
27691,-12143616,-3659776,-1922120,-511255,-1880478
27701,-11681792,-5514240,-1397336,-79288,-617427
27711,-10181632,-7985152,-497640,110073,806546
27721,-10181632,-9857024,-73544,28366,953108
27731,-6999040,-10605568,817104,369525,1659507
27741,-6999040,-10429440,777200,101623,922801
27751,-2268160,-9181184,1566232,421664,1492655
27761,-2268160,-7348224,1150952,115972,394828
27771,-747520,-5342208,1040984,155227,226680
27781,-402432,-3650560,735904,69787,-75972
27791,-402432,-2419712,457040,19180,-149372
27801,-47104,-1645568,362152,34216,27349
27811,-10240,-1302528,292784,11593,152543
27821,3072,-1071104,243368,4486,219371
27831,3072,-873472,198592,1141,210369
27841,33792,-743424,176088,5126,231655
27851,55296,-575488,142912,3604,196686
27861,55296,-452608,115072,976,192743
27871,95232,-312320,92336,6515,178883
27881,95232,-209920,69136,1660,168900
27891,95232,-92160,42456,442,134611
27901,3072,-45056,10904,-5060,135182
27911,0,-7168,1624,-1758,141217
27921,0,31744,-7192,-474,133053
27931,39936,-1024,6496,4580,173889
27941,39936,51200,-2552,1242,142773
27951,39936,33792,1392,302,159880
27961,787456,81920,159848,70809,361164
27971,787456,111616,153120,18240,313937
27981,2611200,366592,508544,136807,695393
27991,2611200,859136,396952,37612,347740
28001,5160960,1497088,830096,264743,950969
28011,5327872,2413568,660272,85699,460986
28021,6782976,3510272,741472,236474,604485
28031,6925312,4553728,537312,75204,234548
28041,6925312,5412864,342664,20669,68409
28051,5617664,6172672,-125744,-145313,-464493
28061,5617664,6558720,-213208,-39988,-313014
28071,2817024,6409216,-813856,-544513,-1168916
28081,2219008,6060032,-870232,-223032,-844207
28091,2219008,5212160,-678136,-61365,-344400
28101,2219008,3961856,-394864,-15839,178379
28111,2219008,3047424,-179568,-4105,293551
28121,369664,2300928,-437552,-186139,-252574
28131,237568,1784832,-350552,-56992,-131828
28141,39936,1343488,-295336,-42991,-126069
28151,9216,906240,-203232,-13990,-30671
28161,-4096,397312,-90944,-4529,104322
28171,-4096,23552,-6264,-1261,154240
28181,-4096,-291840,65192,-345,192537
28191,-4096,-520192,116928,-107,221944
28201,-34816,-591872,126208,-4029,168471
28211,-34816,-616448,131776,-1059,139443
28221,-250880,-646144,89552,-19867,85208
28231,-250880,-635904,87232,-5140,94666
28241,-541696,-620544,17864,-28702,-10196
28251,-541696,-650240,24592,-7416,41406
28261,-985088,-739328,-55680,-55762,-48782
28271,-1053696,-804864,-56376,-21790,-17626
28281,-1869824,-907264,-218080,-151569,-322116
28291,-2220032,-1083392,-257520,-87061,-283591
28301,-2220032,-1401856,-185368,-22464,-83496
28311,-7522304,-1903616,-1272984,-412717,-1434484
28321,-7522304,-3021824,-1019640,-113541,-579752
28331,-12499968,-4670464,-1773872,-466926,-1450071
28341,-12865536,-6904832,-1350472,-142240,-377511
28351,-10385408,-9004032,-312968,261953,1081153
28361,-10385408,-10641408,58000,67529,960292
28371,-7145472,-11295744,940296,224850,1592676
28381,-2612224,-10775552,1849504,608319,2344670
28391,-2036736,-9186304,1619824,204281,1148541
28401,-463872,-7013376,1483872,254476,683828
28411,-238592,-4858880,1046784,91241,68653
28421,-160768,-3104768,667000,31924,-222111
28431,-7168,-1858560,419456,33966,-187771
28441,-7168,-1213440,273296,8743,-35954
28451,-7168,-885760,199056,2386,83975
28461,0,-672768,152424,1025,137450
28471,0,-593920,134560,244,204568
28481,21504,-502784,118784,1824,219974
28491,234496,-335872,129224,33929,229573
28501,234496,-197632,97904,9313,182376
28511,234496,-104448,76792,2383,169659
28521,455680,56320,90480,16903,184978
28531,455680,238592,49184,4629,100900
28541,631808,333824,67512,14785,166235
28551,878592,408576,104168,17608,239417
28561,1680384,588800,247312,90377,430424
28571,1680384,817152,195576,23294,277352
28581,3107840,1055744,464928,216711,735976
28591,3107840,1518592,360064,55865,369735
28601,7368704,2033664,1208720,323059,1445050
28611,9590784,3279872,1429816,213192,1220874
28621,15838208,5192704,2411872,679907,2346609
28631,15838208,7659520,1852984,175308,979368
28641,15985664,10254336,1298504,69924,208311
28651,15545344,12689408,647048,-26032,-420928
28661,11680768,14338048,-602040,-743839,-2029506
28671,9308160,15112192,-1314976,-532343,-2207437
28681,7144448,14614528,-1692440,-353730,-1933154
28691,3778560,12800000,-2043920,-431910,-1660286
28701,3778560,10365952,-1492456,-118818,-394412
28711,3778560,7623680,-871160,-30658,422215
28721,1270784,5445632,-945864,-190125,57020
28731,1270784,3842048,-582552,-49048,230955
28741,531456,2731008,-498336,-87464,4216
28751,531456,1852416,-299280,-22571,71275
28761,531456,1205248,-152656,-5839,105695
28771,531456,741376,-47560,-1624,108044
28781,531456,399360,29928,-437,117239
28791,0,167936,-38048,-68955,-90214
28801,-7168,-31744,5568,-19657,-25856
28811,-13312,-246784,52896,-6183,38693
28821,-13312,-435200,95584,-1719,90132
28831,-13312,-650240,144304,-458,169535
28841,-111616,-803840,156832,-11503,180414
28852,-111616,-866304,170984,-3180,184211
28862,-111616,-844800,166112,-834,132119
28872,-111616,-838656,164720,-245,123459
28882,-1024000,-874496,-33872,-110846,-150415
28892,-1024000,-908288,-26216,-28602,-37820
28902,-6241280,-1072128,-1171136,-340073,-1416774
28912,-6241280,-2087936,-940992,-87711,-581485
28922,-17213440,-3728384,-3055208,-927015,-3179169
28932,-17213440,-5891072,-2565224,-255002,-1702182
28942,-17213440,-9138176,-1829552,-65775,-388540
28952,-17213440,-12319744,-1108728,-16980,403975
28962,-14422016,-14617600,44312,463262,1713417
28972,-10081280,-16017408,1344904,613488,2752130
28982,-5216256,-15960064,2426488,559182,3108233
28992,-5216256,-14389248,2078256,153790,1612034
29002,-1408000,-11868160,2369880,473080,1702140
29012,-666624,-9145344,1920960,191213,716718
29022,-666624,-6409216,1301056,49288,-35522
29032,-666624,-4282368,819192,12692,-268527
29042,-666624,-2860032,496944,3475,-263406
29052,-59392,-2018304,443816,34863,88492
29062,-59392,-1480704,322016,8972,151319
29072,-59392,-1155072,248240,2447,211740
29082,-59392,-856064,180496,613,179847
29092,18432,-594944,138968,8447,177385
29102,46080,-397312,100456,4443,175974
29112,175104,-178176,80040,10519,171413
29122,175104,4096,38744,2877,137244
29132,259072,137216,27608,7211,164572
29142,269312,240640,6496,2380,168292
29152,432128,392192,9048,18014,160379
29162,631808,485376,33176,19094,191358
29172,2817024,567296,509704,327203,983042
29182,4539392,866304,832184,256646,1125873
29192,4539392,1524736,683008,70571,586727
29202,11124736,2551808,1942304,988449,2672889
29212,11124736,3999744,1614256,254873,1368311
29222,14285824,5952512,1888016,299090,1385264
29232,14695424,8387584,1429120,98599,537441
29242,14973952,10772480,951896,56820,-38983
29252,14973952,12740608,505992,14636,-271844
29262,13367296,14002176,-143840,-218171,-794489
29272,13367296,14602240,-279792,-60029,-474876
29282,7916544,14479360,-1486888,-631308,-1972868
29292,6854656,13467648,-1498256,-300321,-1351530
29302,6854656,11704320,-1098752,-82621,-318369
29312,2911232,9663488,-1529808,-395670,-911188
29322,1545216,7524352,-1354648,-297535,-512415
29332,1032192,5525504,-1018016,-124851,-92974
29342,1032192,3768320,-619904,-34360,283907
29352,291840,2489344,-497872,-111146,37752
29362,224256,1513472,-292088,-35013,136828
29372,9216,889856,-199520,-32932,79489
29382,9216,372736,-82360,-8512,132534
29392,9216,-14336,5336,-2216,141765
29402,-4096,-333824,74704,-1532,170855
29412,-7168,-615424,137808,-815,221381
29422,-16384,-783360,171912,-1035,219067
29432,-292864,-842752,124584,-49741,91076
29442,-292864,-822272,119944,-12839,63592
29452,-847872,-886784,8816,-52128,-67995
29462,-1529856,-961536,-128760,-57779,-204517
29472,-1529856,-1209344,-72616,-14917,-33260
29482,-7445504,-1527808,-1340728,-524222,-1749283
29492,-14696448,-2570240,-2747344,-1195081,-3483122
29502,-17213440,-4544512,-2870304,-613761,-2540502
29512,-17213440,-7735296,-2147392,-168833,-797518
29522,-17213440,-11116544,-1381328,-43552,227185
29532,-17213440,-13927424,-744488,-11994,703708
29542,-10385408,-15932416,1256744,597207,2978615
29552,-10385408,-16436224,1370888,153982,2000632
29562,-10385408,-15522816,1163944,42340,938871
29572,-10385408,-13924352,801792,10897,137991
29582,-1095680,-12273664,2532512,1560287,3305773
29592,-714752,-10690560,2260144,445684,1877068
29602,-456704,-8522752,1827464,136181,912417
29612,-309248,-6227968,1340960,46237,252880
29622,-309248,-4013056,839144,11904,-181684
29632,-7168,-2434048,549840,28155,-199758
29642,6144,-1414144,321784,8035,-90426
29652,6144,-813056,185600,2194,6161
29662,6144,-467968,107416,552,103898
29672,9216,-284672,66584,299,174387
29682,9216,-119808,29232,67,169481
29692,76800,69632,1624,5575,131042
29702,76800,157696,-18328,1419,144522
29712,150528,216064,-14848,8764,191812
29722,159744,350208,-43152,2960,132592
29732,190464,452608,-59392,5630,105096
29742,193536,467968,-62176,1763,137561
29752,193536,572416,-85840,439,76513
29762,246784,623616,-85376,5987,69852
29772,246784,620544,-84680,1525,81210
29782,462848,614400,-34336,17095,170281
29792,739328,666624,16472,19866,182004
29802,2367488,736256,369576,178833,663843
29812,2367488,944128,322480,46099,420053
29822,5441536,1405952,914312,465591,1301201
29832,5441536,2097152,757712,120043,650340
29842,5859328,3073024,631272,110626,385657
29852,5859328,4141056,389296,30413,-42735
29862,4687872,4917248,-51968,-109357,-491538
29872,4032512,5323776,-292552,-77573,-531244
29882,2911232,5153792,-508080,-174906,-561376
29892,2697216,4573184,-425024,-65186,-105006
29902,2554880,3980288,-322944,-28257,107948
29912,2148352,3388416,-280952,-63456,77460
29922,2148352,2911232,-172840,-16379,137324
29932,1270784,2577408,-296032,-161164,-201960
29942,1208320,2287616,-244528,-52433,-114838
29952,1003520,2013184,-228752,-32746,-90490
29962,746496,1653760,-205552,-28336,-24225
29972,746496,1343488,-135256,-7810,68517
29983,462848,1006592,-123192,-26969,57206
29993,398336,690176,-66120,-11814,135754
30003,324608,391168,-15080,-12015,157728
30013,314368,224256,20416,-4020,125313
30023,314368,57344,58232,-1124,145585
30033,362496,-39936,91176,5535,157443