R
Px,Ix,Dx,Py,Iy,Dy,Pz,Iz,FFrx,FFry,FFdrx,FFdry,satI,satPID,KFQAng,KFQbias,KFRmeas,CPx,CIx,CPy,CIy,CsatI,CsatPID,CFFdrx,CFFdry,CFalpha,iRelaxX,IRelaxY,DmaxR,DmaxE,DMx,DMy
58,70,47,58,80,47,250,0,0,0,80,0,500000,15000000,10,1,1000,0,0,0,0,0,0,0,0,0.995,967,4096,0,0,0,0
sysTickMs,PIDRefXi,PIDSensXi,PIDPoutXi,PIDFFoutXi,PIDUXi
162420,3040256,2557952,109272,18071,53437
162430,3040256,2557952,109272,18071,53437
162440,3040256,2557952,109272,18071,53437
162450,3040256,2557952,109272,18071,53437
162460,3040256,2557952,109272,18071,53437
162470,3040256,2557952,109272,18071,53437
162480,3040256,2557952,109272,18071,53437
162490,3040256,2557952,109272,18071,53437
162500,3040256,2557952,109272,18071,53437
162510,3040256,2557952,109272,18071,53437
162520,3040256,2557952,109272,18071,53437
162530,3040256,2557952,109272,18071,53437
162540,3040256,2557952,109272,18071,53437
162550,3040256,2557952,109272,18071,53437
162560,3040256,2557952,109272,18071,53437
162570,3040256,2557952,109272,18071,53437
162580,3040256,2557952,109272,18071,53437
162590,3040256,2557952,109272,18071,53437
162600,3040256,2557952,109272,18071,53437
162610,3040256,2557952,109272,18071,53437
162620,3040256,2557952,109272,18071,53437
162630,3040256,2557952,109272,18071,53437
162640,3040256,2557952,109272,18071,53437
162650,3040256,2557952,109272,18071,53437
162660,3040256,2557952,109272,18071,53437
162670,3040256,2557952,109272,18071,53437
162680,3040256,2557952,109272,18071,53437
162690,3040256,2557952,109272,18071,53437
162700,3040256,2557952,109272,18071,53437
162710,3040256,2557952,109272,18071,53437
162720,3040256,2557952,109272,18071,53437
162730,3040256,2557952,109272,18071,53437
162740,3040256,2557952,109272,18071,53437
162750,3040256,2557952,109272,18071,53437
162761,3040256,2557952,109272,18071,53437
162771,3040256,2557952,109272,18071,53437
162781,3040256,2557952,109272,18071,53437
162791,3040256,2557952,109272,18071,53437
162801,3040256,2557952,109272,18071,53437
162811,3040256,2557952,109272,18071,53437
162821,3040256,2557952,109272,18071,53437
162831,3040256,2557952,109272,18071,53437
162841,3040256,2557952,109272,18071,53437
162851,3040256,2557952,109272,18071,53437
162861,3040256,2557952,109272,18071,53437
162871,3040256,2557952,109272,18071,53437
162881,3040256,2557952,109272,18071,53437
162891,3040256,2557952,109272,18071,53437
162901,3040256,2557952,109272,18071,53437
162911,3040256,2557952,109272,18071,53437
162921,3040256,2557952,109272,18071,53437
162931,3040256,2557952,109272,18071,53437
162941,3040256,2557952,109272,18071,53437
162951,0,-3072,696,-446966,-444066
162961,0,-3072,696,-115271,-112668
162971,0,-3072,696,-31719,-28611
162981,0,6144,-1392,-8191,-13561
162991,0,0,0,-2269,-2677
163001,0,-2048,464,-599,1957
163011,0,-1024,232,-171,1391
163021,0,-2048,464,-64,2545
163031,0,5120,-1160,-37,-3640
163041,0,1024,-232,-37,334
163051,0,5120,-1160,-37,-2828
163061,0,2048,-464,-37,-159
163071,0,4096,-1160,-37,-2863
163081,0,-1024,232,-37,2786
163091,0,0,0,-37,-4502
163101,0,-3072,696,-37,3036
163111,0,-3072,696,-37,-2373
163121,0,1024,-232,-37,-1469
163131,0,-10240,2320,-37,2451
163141,0,14336,-3248,-37,-13411
163151,0,-6144,1392,-37,6114
163161,0,22528,-5104,-37,-17563
163171,0,-9216,2088,-37,11756
163181,0,14336,-3248,-37,-11182
163191,0,-21504,4872,-37,20246
163201,0,-9216,2088,-37,9151
163211,0,-37888,8584,-37,21220
163221,0,-23552,5336,-37,17549
163231,0,-16384,3712,-37,9996
163241,0,-22528,5104,-37,13266
163251,0,-28672,6496,-37,20783
163261,0,-15360,3480,-37,7869
163271,0,-10240,2320,-37,-287
163281,0,-24576,5568,-37,16776
163291,0,-1024,232,-37,-525
163301,0,4096,-928,-37,-7386
163311,0,0,0,-37,-2635
163321,0,3072,-696,-37,-1087
163331,0,8192,-1856,-37,-6673
163341,0,10240,-2320,-37,-8232
163351,0,0,0,-37,16792
163361,0,-8192,1856,-37,8037
163371,0,11264,-2552,-37,-13596
163381,0,-10240,2320,-37,4980
163391,0,-18432,4176,-37,10698
163401,3072,-25600,6496,329,18291
163411,3072,-8192,2552,78,1964
163421,3072,-5120,1856,7,-1679
163431,3072,-27648,6960,0,19694
163441,3072,-36864,9048,0,28782
163451,3072,-35840,8816,0,18528
163461,3072,-29696,7424,0,14683
163471,3072,-37888,9280,0,14611
163481,3072,-23552,6032,0,-4937
163491,6144,-54272,13688,117,20335
163501,9216,-100352,24824,280,56094
163511,9216,-115712,28304,58,56287
163521,15360,-52224,15312,473,-961
163531,15360,-107520,27840,117,51569
163541,15360,-99328,25984,19,36995
163551,18432,-95232,25752,334,28717
163561,18432,-66560,19256,80,4229
163571,18432,-122880,32016,7,63185
163581,18432,-18432,8352,0,-28514
163591,18432,-106496,28304,0,63368
163601,27648,-87040,25984,524,31342
163611,33792,-159744,43848,803,90500
163621,33792,-152576,42224,192,69381
163631,58368,-146432,46400,2336,62434
163641,61440,-221184,64032,925,131472
163651,61440,-125952,42456,241,35400
163661,101376,-171008,61712,6142,88372
163671,101376,-190464,66120,1569,108582
163681,101376,-179200,63568,417,95117
163691,125952,-159744,64728,1733,80390
163701,125952,-186368,70760,434,100543
163711,125952,-166912,66352,107,81525
163721,125952,-200704,74008,17,113029
163731,125952,-218112,77952,0,125272
163741,125952,-221184,78648,0,132556
163751,187392,-221184,92568,3684,162379
163761,187392,-210944,90248,996,153739
163771,193536,-227328,95352,703,168801
163781,205824,-186368,88856,849,144286
163791,218112,-223232,99992,1477,187306
163801,221184,-181248,91176,583,157554
163811,234496,-100352,75864,2050,116724
163821,237568,-46080,64264,810,110619
163831,237568,68608,38280,195,45160
163841,259072,121856,31088,1135,45668
163851,259072,180224,17864,278,29441
163861,259072,201728,12992,63,27615
163871,291840,162816,29232,4394,82554
163881,301056,78848,50344,2014,149713
163891,301056,86016,48720,541,136119
163901,305152,88064,49184,319,131680
163911,305152,113664,43384,73,100878
163921,305152,135168,38512,4,76451
163931,305152,120832,48024,0,120087
163941,369664,145408,50808,6259,115032
163951,369664,191488,40368,1604,96091
163961,401408,223232,40368,4687,89967
163971,416768,212992,46168,2595,119539
163981,416768,214016,45936,656,140165
163991,447488,245760,45704,1638,125376
164001,447488,243712,46168,410,122619
164011,483328,211968,61480,2463,156239
164021,496640,258048,54056,1257,103360
164031,496640,259072,51272,310,106830
164041,496640,239616,58232,73,158799
164051,625664,336896,65424,16228,141333
164061,636928,339968,67280,5476,156690
164071,636928,369664,60552,1396,135775
164081,670720,431104,54288,2233,101818
164091,670720,433152,53824,600,122764
164102,670720,519168,34336,144,79258
164112,670720,547840,27840,29,99321
164122,670720,574464,21808,0,112451
164132,670720,647168,5336,0,79697
164142,670720,644096,6032,0,114821
164152,670720,628736,9512,0,146950
164162,707584,696320,2552,2268,95803
164172,794624,636928,35728,8959,165431
164182,801792,615424,45008,2910,174041
164192,863232,660480,45936,4582,126052
164202,904192,658432,55680,2885,142087
164212,993280,652288,77256,8386,182755
164222,1032192,748544,64264,4555,117998
164232,1127424,726016,90944,5156,200734
164242,1245184,842752,91176,11459,176501
164252,1245184,966656,63104,2941,128487
164262,1310720,1077248,52896,8520,122847
164272,1310720,1235968,16936,2185,42296
164282,1310720,1305600,1160,585,91512
164292,1378304,1307648,16008,2976,108351
164302,1378304,1386496,-1856,754,71903
164312,1378304,1378304,0,192,106922
164322,1378304,1349632,6496,36,143276
164332,1610752,1368064,54984,18598,193118
164342,1610752,1361920,56376,5100,178159
164352,1610752,1361920,56376,1303,174261
164362,1610752,1445888,37352,341,82299
164372,1577984,1481728,21808,-4927,99608
164382,1577984,1495040,18792,-1282,125242
164392,1545216,1564672,-4408,-2991,84772
164402,1545216,1559552,-3248,-787,116207
164412,1545216,1548288,-696,-230,170069
164422,1545216,1527808,3944,-74,134000
164432,1545216,1544192,232,-37,103127
164442,1497088,1496064,232,-5350,122541
164452,1497088,1447936,11136,-1392,159785
164462,1337344,1471488,-30392,-23228,68003
164472,1310720,1423360,-25520,-9161,108945
164482,1310720,1357824,-10672,-2376,161504
164492,1310720,1405952,-21576,-623,97214
164502,1310720,1352704,-9512,-184,153457
164512,1310720,1277952,7424,-64,160855
164522,1324032,1262592,13920,1750,144562
164532,1324032,1264640,13456,471,113307
164542,1232896,1188864,9976,-6299,143896
164552,1197056,1170432,6032,-3350,132318
164562,1197056,1202176,-1160,-936,97290
164572,1197056,1173504,5336,-257,127404
164582,1197056,1121280,17168,-86,172110
164592,1197056,1143808,12064,-37,142490
164602,1197056,1145856,11600,-37,136206
164612,311296,1093632,-177248,-42327,-88923
164622,165888,984064,-185368,-24170,-69537
164632,147456,846848,-158456,-7876,-42912
164642,116736,603136,-110200,-3511,29296
164652,116736,284672,-38048,-916,157092
164662,39936,53248,-3016,-4993,175742
164672,12288,-44032,12760,-2627,119100
164682,12288,-175104,42456,-691,133043
164692,12288,-271360,64264,-206,148247
164702,-4096,-283648,63336,-1998,99095
164712,-4096,-295936,66120,-528,85634
164722,-4096,-350208,78416,-162,116629
164732,-4096,-363520,81432,-59,108188
164742,-4096,-393216,88160,-37,120620
164752,-4096,-483328,108576,-37,190783
164762,-4096,-432128,96976,-37,124795
164772,-4096,-465920,104632,-37,157827
164782,-4096,-478208,107416,-37,174179
164792,-7168,-413696,92104,-396,125608
164802,-7168,-459776,102544,-118,176233
164812,-77824,-411648,75632,-9080,112299
164822,-77824,-411648,75632,-2510,127529
164832,-160768,-443392,64032,-7300,132327
164842,-176128,-423936,56144,-2784,106197
164852,-270336,-467968,44776,-11189,109699
164862,-270336,-461824,43384,-2896,99349
164872,-270336,-477184,46864,-757,103554
164882,-270336,-560128,65656,-220,163535
164892,-420864,-522240,22968,-11365,63291
164902,-424960,-578560,34800,-3379,109176
164912,-429056,-620544,43384,-1338,127931
164922,-424960,-652288,51504,-54,138764
164932,-424960,-762880,76560,-37,216267
164942,-424960,-722944,67512,-37,160774
164952,-424960,-744448,72384,-37,182000
164962,-424960,-726016,68208,-37,166566
164972,-424960,-678912,57536,-37,127747
164982,-424960,-684032,58696,-37,138699
164992,-433152,-641024,47096,-1209,97471
165002,-440320,-658432,49416,-1092,125435
165012,-440320,-713728,61944,-296,155650
165022,-484352,-680960,44544,-4595,102677
165032,-484352,-781312,67280,-1277,196327
165042,-565248,-738304,39208,-6033,121734
165052,-601088,-782336,41064,-3621,156811
165062,-654336,-818176,37120,-6463,164450
165072,-654336,-829440,39672,-1683,163517
165082,-781312,-903168,27608,-8831,171197
165092,-781312,-889856,24592,-2293,131702
165102,-781312,-978944,44776,-604,185199
165112,-1043456,-989184,-12296,-18387,82187
165122,-1043456,-1038336,-1160,-4756,109000
165132,-1198080,-1131520,-15080,-11434,102825
165142,-1325056,-1168384,-35496,-20188,50514
165152,-1379328,-1296384,-18792,-10162,106197
165162,-1393664,-1392640,-232,-3816,112209
165172,-1437696,-1431552,-1392,-4339,101076
165182,-1423360,-1568768,32944,170,180104
165192,-1408000,-1576960,38280,1047,139739
165202,-1423360,-1688576,60088,-481,197113
165212,-1423360,-1754112,74936,-147,222143
165222,-1437696,-1767424,74704,-997,206779
165232,-1453056,-1824768,84216,-2200,234366
165242,-1498112,-1762304,59856,-4725,158829
165252,-1546240,-1822720,62640,-4410,202187
165262,-1579008,-1793024,48488,-2791,146410
165272,-1579008,-1848320,61016,-733,182058
165282,-1546240,-1906688,81664,1823,213266
165292,-1546240,-1891328,78184,490,172024
165302,-1546240,-1956864,93032,114,224844
165312,-1562624,-1885184,73080,-997,166195
165322,-1579008,-1923072,77952,-2347,213972
165332,-1579008,-1871872,66352,-621,180344
165342,-1579008,-1841152,59392,-184,163400
165352,-1792000,-1885184,21112,-13714,136786
165362,-1909760,-1859584,-11368,-13602,76661
165372,-1972224,-1993728,4872,-7615,174625
165382,-1993728,-2046976,12064,-2879,172434
165392,-2015232,-2190336,39672,-2479,250585
165402,-2015232,-2316288,68208,-696,285135
165412,-2015232,-2351104,76096,-193,249872
165423,-2015232,-2420736,91872,-69,264282
165433,-2015232,-2415616,90712,-37,228093
165443,-2036736,-2454528,94656,-928,255062
165453,-2036736,-2459648,95816,-271,255128
165463,-2036736,-2459648,95816,-86,259612
165473,-2036736,-2486272,101848,-37,281766
165483,-2058240,-2403328,78184,-1753,201268
165493,-2036736,-2429952,89088,703,242394
165503,-2036736,-2406400,83752,180,223355
165513,-1889280,-2442240,125280,11833,316256
165523,-1849344,-2384896,121336,8752,279799
165533,-1810432,-2336768,119248,6694,268678
165543,-1810432,-2288640,108344,1716,252313
165553,-1810432,-2198528,87928,429,207342
165563,-1529856,-2211840,154512,29174,353852
165573,-1562624,-2079744,117160,5051,245602
165583,-1408000,-2059264,147552,24968,340459
165593,-1310720,-1913856,136648,16503,260077
165603,-1310720,-1874944,127832,4243,286261
165613,-753664,-1731584,221560,48679,398265
165623,-753664,-1606656,193256,12539,351211
165633,-556032,-1374208,185368,18264,297524
165643,-501760,-1193984,156832,7460,283548
165653,-501760,-944128,100224,2038,166889
165663,-501760,-776192,62176,512,192688
165673,-501760,-545792,9976,117,110255
165683,-299008,-483328,41760,21022,214878
165693,-295936,-392192,21808,5627,175693
165703,-279552,-406528,28768,3635,240474
165713,-260096,-340992,18328,2878,221769
165723,-260096,-313344,12064,732,243911
165733,-197632,-221184,-1392,4484,189002
165743,-197632,-169984,-6264,1220,209424
165753,-123904,-76800,-10672,5163,175826
165763,-123904,-38912,-19256,1411,167167
165773,-90112,-20480,-15776,3632,180897
165783,-90112,11264,-22968,925,172651
165793,-87040,43008,-29464,388,157239
165803,-87040,69632,-35496,87,156769
165813,-87040,113664,-45472,9,127657
165823,-10240,84992,-21576,4616,191569
165833,0,120832,-27376,2109,166726
165843,0,113664,-22040,529,204877
165853,0,157696,-35728,134,153545
165863,0,165888,-37584,24,161202
165873,0,227328,-51504,0,113049
165883,0,199680,-45240,0,146278
165893,0,246784,-55912,0,98323
165903,0,217088,-49184,0,121782
165913,0,251904,-57072,0,77234
165923,6144,182272,-39904,512,129831
165933,6144,189440,-41528,126,96551
165943,6144,156672,-34104,21,112061
165953,86016,199680,-25752,6384,80728
165963,86016,159744,-16704,1743,110607
165973,116736,172032,-12528,1721,100393
165983,159744,178176,-4176,4130,118422
165993,172032,232448,-13688,1762,76953
166003,184320,211968,-6264,954,116901
166013,184320,275456,-20648,251,69401
166023,243712,257024,-3016,3496,126401
166033,294912,324608,-6728,6984,66780
166043,308224,303104,1160,2854,120952
166053,308224,387072,-17864,720,54688
166063,365568,336896,6496,6518,138754
166073,365568,427008,-13920,1665,69164
166083,394240,438272,-9976,2246,92246
166093,394240,528384,-30392,605,26088
166103,401408,481280,-18096,681,94234
166113,423936,546816,-27840,2834,50283
166123,432128,450560,-4176,1564,149531
166133,447488,507904,-13688,1542,102328
166143,466944,492544,-5800,3383,127091
166153,475136,532480,-12992,1706,95655
166163,475136,496640,-4872,456,134825
166173,536576,557056,-4640,8894,115033
166183,536576,522240,3248,2280,119973
166193,564224,620544,-12760,2687,78903
166203,579584,631808,-11832,1933,81046
166213,600064,688128,-19952,2636,44018
166223,605184,644096,-8816,1052,86895
166233,653312,647168,1392,6711,105656
166243,701440,631808,15776,6818,128988
166253,701440,658432,9744,1748,111852
166263,846848,665600,41064,17272,147289
166273,846848,691200,35264,4438,151762
166283,929792,756736,39208,6962,140258
166293,993280,830464,36888,10983,135530
166303,993280,942080,11600,2817,64988
166313,1127424,998400,29232,10195,103295
166323,1208320,1085440,27840,13466,89200
166333,1245184,1133568,25288,6816,99238
166343,1245184,1230848,3248,1862,46285
166353,1270784,1263616,1624,2749,77839
166363,1270784,1330176,-13456,742,53503
166373,1310720,1316864,-1392,2814,118661
166383,1324032,1384448,-13688,1350,82730
166393,1378304,1383424,-1160,5629,127123
166403,1436672,1453056,-3712,5285,84653
166413,1466368,1474560,-1856,2678,77107
166423,1577984,1531904,10440,10883,77995
166433,1577984,1526784,11600,2792,105012
166443,1848320,1591296,58232,16699,147714
166453,1848320,1629184,49648,4294,150710
166463,1848320,1750016,16936,1093,69029
166473,2057216,1821696,53360,11938,150582
166483,2102272,1972224,29464,6911,79571
166494,2148352,2036736,25288,4926,96624
166504,2242560,2197504,10208,9289,38481
166514,2317312,2232320,19256,8764,89717
166524,2527232,2331648,44312,15378,100945
166534,2638848,2317312,72848,17104,200513
166544,2668544,2481152,42456,6931,114450
166554,2668544,2530304,31320,1894,144176
166564,2756608,2746368,2320,4172,37643
166574,2756608,2783232,-6032,1062,73167
166584,2787328,2905088,-26680,2177,13191
166594,2787328,2859008,-16240,549,93525
166604,2847744,2907136,-13456,5292,88160
166614,2847744,2877440,-6728,1352,126660
166624,2911232,2881536,6728,7844,147351
166634,2911232,2942976,-7192,2009,93599
166644,2911232,2959360,-18096,-4336,67957
166654,2879488,3014656,-30624,-1207,26723
166664,2847744,2962432,-25984,-2867,76569
166674,2847744,3016704,-38280,-801,27805
166684,2817024,2941952,-28304,-3614,88646
166694,2817024,2964480,-33408,-948,58099
166704,2817024,2891776,-16936,-276,116912
166714,2697216,2870272,-39208,-13326,62644
166724,2697216,2871296,-39440,-3680,47700
166734,2472960,2811904,-76792,-19095,5293
166744,2472960,2828288,-80504,-4939,-39419
166754,2472960,2679808,-46864,-1375,49974
166764,2472960,2556928,-19024,-367,89237
166774,2393088,2428928,-8120,-8384,111585
166784,2148352,2301952,-34800,-20684,90866
166794,1545216,2282496,-167040,-91626,-173852
166804,1545216,2136064,-133864,-23643,-55852
166814,1545216,2008064,-104864,-6519,-29610
166824,746496,1822720,-243832,-42378,-215143
166834,746496,1453056,-160080,-11670,-8352
166844,492544,1025024,-120640,-22078,87785
166854,401408,771072,-83752,-17928,50048
166864,387072,510976,-28072,-6431,72564
166874,387072,186368,45472,-1675,174153
166884,301056,45056,58000,-11983,121072
166894,301056,-82944,87000,-3311,159693
166904,132096,-164864,67280,-12752,124256
166914,132096,-160768,66352,-3521,95213
166924,9216,-268288,62872,-12857,124643
166934,9216,-263168,61712,-3331,93083
166944,0,-313344,70992,-1397,108988
166954,0,-394240,89320,-376,144560
166964,-4096,-367616,82360,-403,79714
166974,-4096,-432128,96976,-118,117383
166984,-4096,-452608,101616,-44,113410
166994,-4096,-457728,102776,-37,107878
167004,-4096,-499712,112288,-37,137165
167014,-4096,-479232,107648,-37,126993
167024,-4096,-473088,106256,-37,137055
167034,-4096,-411648,92336,-37,102716
167044,-4096,-448512,100688,-37,157213
167054,-4096,-377856,84680,-37,104580
167064,-4096,-437248,98136,-37,173648
167074,-4096,-356352,79808,-37,103094
167084,-4096,-394240,88392,-37,155089
167094,-4096,-363520,81432,-37,136233
167104,-7168,-365568,81200,-311,145585
167114,-7168,-406528,90480,-96,156167
167124,-13312,-381952,83520,-315,141154
167134,-13312,-409600,89784,-96,160875
167144,-34816,-348160,80040,-1368,138393
167154,-47104,-409600,82128,-938,162873
167164,-47104,-338944,66120,-257,105063
167174,-62464,-377856,71456,-1031,147571
167184,-71680,-312320,54520,-1365,90807
167194,-83968,-373760,65656,-1353,152903
167204,-87040,-318464,52432,-579,102469
167214,-105472,-368640,59624,-2337,148611
167224,-123904,-320512,44544,-2095,91922
167234,-163840,-380928,49184,-2903,129910
167244,-191488,-377856,42224,-2557,104745
167254,-191488,-419840,51736,-718,156357
167264,-241664,-422912,41064,-3399,105192
167274,-241664,-461824,49880,-889,134603
167284,-260096,-471040,47792,-1731,87499
167294,-273408,-474112,45472,-1231,131637
167304,-289792,-433152,32480,-2029,91455
167314,-292864,-472064,40600,-818,131904
167324,-319488,-480256,36424,-4290,120738
167334,-319488,-528384,47328,-1124,164153
167344,-319488,-492544,39208,-325,115092
167354,-420864,-516096,21576,-14603,98879
167364,-420864,-506880,19488,-3777,63679
167374,-420864,-510976,20416,-1055,108216
167384,-565248,-510976,-12296,-8492,59672
167394,-565248,-537600,-6264,-2349,79643
167404,-643072,-615424,-6264,-6458,109458
167414,-654336,-608256,-10440,-2403,102287
167424,-760832,-724992,-8120,-11670,123221
167434,-788480,-713728,-16936,-4966,74573
167444,-879616,-804864,-16936,-14417,95473
167454,-921600,-819200,-23200,-7808,64388
167464,-921600,-931840,2320,-2027,138227
167474,-1053696,-939008,-25984,-19468,54081
167484,-1053696,-1028096,-5800,-5035,110491
167494,-1150976,-1103872,-10672,-8240,105080
167504,-1198080,-1171456,-6032,-4537,109881
167514,-1198080,-1302528,23664,-1180,160677
167524,-1198080,-1330176,29928,-335,146001
167534,-1498112,-1457152,-9280,-40337,104637
167544,-1498112,-1438720,-13456,-11106,70992
167554,-1498112,-1555456,12992,-2874,146652
167564,-1754112,-1597440,-35496,-21360,54943
167574,-1754112,-1732608,-4872,-5889,145932
167584,-1930240,-1777664,-34568,-13147,69700
167594,-1972224,-1903616,-15544,-5770,117780
167604,-1972224,-2082816,25056,-1502,199409
167614,-1972224,-2172928,45472,-403,190627
167624,-2149376,-2366464,49184,-23882,231072
167634,-2220032,-2367488,33408,-12603,151046
167645,-2243584,-2483200,54288,-4722,213027
167655,-2368512,-2545664,40136,-13184,172397
167665,-2420736,-2626560,46632,-8167,203995
167675,-2420736,-2737152,71688,-2122,252477
167685,-2669568,-2728960,13456,-23177,119194
167695,-2669568,-2842624,39208,-5992,196138
167705,-2848768,-2855936,1624,-12635,108624
167715,-2848768,-2962432,25752,-3484,168950
167725,-2944000,-3055616,25288,-9041,168782
167735,-2975744,-3098624,27840,-4188,162105
167745,-3008512,-3227648,49648,-5027,189453
167755,-3008512,-3276800,60784,-1309,172197
167765,-3008512,-3424256,94192,-376,264047
167775,-2912256,-3405824,111824,8750,230713
167785,-2880512,-3464192,132240,4785,275905
167795,-2880512,-3445760,128064,1303,255196
167805,-2639872,-3398656,171912,12453,299111
167815,-2639872,-3318784,151728,3195,243557
167825,-2473984,-3189760,162168,12998,235416
167835,-2473984,-3108864,143840,3337,216401
167845,-2420736,-2979840,126672,4841,189923
167855,-2420736,-2941952,118088,1320,223060
167865,-2172928,-2796544,141288,26000,237762
167875,-1950720,-2737152,178176,24921,295888
167885,-1950720,-2608128,148944,6413,221188
167895,-948224,-2518016,355656,105495,550969
167905,-948224,-2235392,291624,27189,321586
167915,-420864,-1994752,356584,36115,395902
167925,-232448,-1526784,293248,28820,240078
167935,-209920,-1185792,221096,9604,170328
167945,-194560,-821248,141984,2678,92676
167955,-194560,-588800,89320,673,107570
167965,-194560,-412672,49416,170,112350
167975,-169984,-316416,33176,3071,146410
167985,-169984,-301056,29696,781,202922
167995,-87040,-273408,42224,6037,212075
168005,-68608,-236544,38048,2482,242223
168015,-68608,-149504,18328,625,196665
168025,0,-91136,20648,4670,219586
168035,0,68608,-15544,1188,122759
168045,0,105472,-23896,317,140585
168055,0,222208,-50344,68,78762
168065,36864,204800,-38048,3205,134641
168075,36864,270336,-52896,812,95775
168085,36864,202752,-37584,195,169113
168095,36864,283648,-55912,39,100015
168105,387072,253952,30160,29892,250917
168115,387072,367616,4408,7690,137423
168125,636928,378880,58464,14863,222314
168135,636928,525312,25288,3818,130700
168145,929792,630784,97904,38256,240358
168155,1062912,717824,78184,10507,222929
168165,1062912,898048,37352,2700,143218
168175,1062912,970752,20880,732,184565
168185,1809408,1147904,149872,82668,362054
168195,1992704,1225728,173768,35976,371341
168205,1992704,1474560,117392,9885,228675
168215,2472960,1735680,167040,33361,274976
168225,2472960,1999872,107184,8591,203479
168235,2697216,2370560,74008,18059,118131
168245,2697216,2554880,32248,4643,132498
168255,2817024,2840576,-5336,10854,59975
168265,3007488,2948096,13456,16352,148697
168275,3107840,3108864,-232,14599,134451
168285,3427328,3196928,52200,29572,188183
168295,3945472,3342336,136648,81735,356219
168305,4075520,3542016,120872,34533,253146
168315,4255744,3704832,124816,21564,265745
168325,4637696,4005888,143144,60551,262246
168335,4637696,4212736,96280,15600,205012
168345,4637696,4495360,32248,4277,115396
168355,5105664,4734976,83984,68032,240702
168365,5105664,4908032,46864,17529,208719
168375,5105664,5127168,-4872,4807,117291
168385,5797888,5264384,120872,41508,324767
168395,5797888,5570560,51504,10688,153672
168405,5737472,5735424,464,-1321,135660
168415,5737472,5994496,-58232,-357,54430
168425,5617664,6095872,-108344,-11746,44463
168435,4840448,6223872,-313432,-57715,-229043
168445,4840448,6077440,-280256,-14900,-62800
168455,3427328,5908480,-562136,-141358,-474154
168465,3427328,5603328,-493000,-36468,-331129
168475,2817024,4944896,-482096,-48379,-235885
168485,2787328,4160512,-311112,-16023,85978
168495,2638848,3489792,-192792,-13938,171455
168505,2419712,2982912,-127600,-21209,136569
168515,2419712,2588672,-38280,-5484,139991
168525,1908736,2216960,-69832,-33016,65944
168535,1481728,1990656,-115304,-40906,-25159
168545,1062912,1777664,-161936,-48697,-112827
168555,993280,1478656,-109968,-17999,-3439
168565,993280,1128448,-30624,-4654,114046
168575,318464,851968,-120872,-58814,-71894
168585,318464,561152,-54984,-16192,25175
168595,9216,223232,-48488,-18033,50252
168605,-28672,-71680,9744,-8423,116991
168615,-28672,-337920,70064,-2188,162253
168625,-28672,-580608,125048,-579,248140
168635,-80896,-751616,151960,-4632,244229
168645,-105472,-777216,152192,-2730,194686
168655,-267264,-841728,130152,-21111,163070
168665,-302080,-797696,112288,-8431,115443
168675,-459776,-833536,84680,-11329,120325
168685,-459776,-842752,86768,-3128,119635
168695,-740352,-899072,35960,-24771,64873
168705,-856064,-1021952,37584,-13978,119374
168715,-1024000,-1120256,21808,-23416,96882
168725,-1074176,-1281024,46864,-10069,155053
168735,-1074176,-1373184,67744,-2784,158738
168745,-1298432,-1566720,60784,-17022,183821
168755,-1338368,-1610752,61712,-8104,145693
168765,-1467392,-1745920,63104,-9581,167116
168775,-1562624,-1819648,58232,-6482,141433
168785,-2015232,-1936384,-17864,-38018,51769
168795,-2080768,-2065408,-3480,-13616,97560
168805,-3008512,-2150400,-194416,-113113,-196653
168815,-3247104,-2406400,-190472,-48274,-105521
168825,-4076544,-2691072,-313896,-139026,-302860
168836,-4076544,-3063808,-229448,-38252,-85917
168846,-4589568,-3564544,-232232,-50933,-42641
168856,-4688896,-3997696,-156600,-19776,17797
168866,-4688896,-4415488,-61944,-5113,120067
168876,-4688896,-4899840,47792,-1334,266839
168886,-6507520,-5108736,-316912,-277879,-468210
168896,-6644736,-5382144,-286056,-85882,-250086
168906,-6644736,-5820416,-186760,-22156,-9123
168916,-7071744,-6241280,-188152,-43594,-22711
168926,-7071744,-6768640,-68672,-11258,154999
168936,-6926336,-7286784,81664,7800,337684
168946,-6507520,-7534592,232696,61909,449418
168956,-6306816,-7681024,311344,36743,450739
168966,-6306816,-7557120,283272,10092,271776
168976,-3820544,-7428096,817336,358256,1142416
168986,-3820544,-7017472,724304,92365,652994
168996,-2669568,-6443008,854920,111745,697423
169006,-2583552,-5545984,671176,33181,329588
169016,-2447360,-4636672,496016,23222,108255
169026,-2420736,-3840000,321552,7846,-26934
169036,-2342912,-3356672,229680,6372,11605
169046,-1529856,-3075072,350088,80593,357050
169056,-1529856,-2812928,290696,20769,276768
169066,-585728,-2608128,458200,61711,518792
169076,-585728,-2187264,362848,15895,293084
169086,-53248,-1826816,401824,41811,371241
169096,0,-1369088,310184,13479,256602
169106,0,-883712,200216,3464,100627
169116,3072,-539648,122960,1157,93350
169126,58368,-248832,69600,7702,76961
169136,101376,-150528,57072,6279,151303
169146,184320,-36864,50112,7438,181216
169156,401408,-21504,95816,29196,281452
169166,401408,118784,64032,8020,216782
169176,471040,230400,54520,6643,191833
169186,620544,386048,53128,9428,158739
169196,863232,493568,83752,24514,214129
169206,1052672,625664,96744,18796,231456
169216,1052672,852992,45240,4833,116207
169226,1270784,948224,73080,21179,216358
169236,1270784,1162240,24592,5449,132926
169246,1594368,1256448,76560,16938,249830
169256,1594368,1494016,22736,4353,140579
169266,2219008,1676288,122960,39724,265657
169276,2219008,1836032,86768,10913,210581
169286,2756608,2105344,147552,48686,254408
169296,2756608,2277376,108576,13376,193367
169306,3107840,2605056,113912,44836,203831
169316,3107840,2899968,47096,11550,84391
169326,3107840,3057664,11368,3164,100553
169336,4075520,3317760,171680,62841,306598
169346,4075520,3589120,110200,16193,172561
169356,4443136,3805184,144536,27165,256542
169366,5105664,4186112,208336,85085,329331
169376,5384192,4516864,196504,47165,265361
169386,5558272,4856832,158920,22238,214809
169396,5859328,5207040,146624,38986,232329
169406,6175744,5587968,133168,37717,189436
169416,6506496,5875712,142912,60183,258898
169426,6438912,6133760,69136,8576,171285
169436,6438912,6467584,-6496,2197,67679
169446,6438912,6689792,-56840,549,50932
169456,6438912,6804480,-82824,136,93397
169466,6438912,6964224,-119016,24,50573
169476,6372352,7010304,-144536,-3626,35902
169486,5677056,7010304,-302064,-77845,-193462
169496,4944896,7003136,-466320,-75018,-421016
169506,4944896,6623232,-380248,-19358,-110920
169516,3210240,6165504,-669552,-197024,-602317
169526,3210240,5612544,-544272,-50821,-315826
169536,1378304,4713472,-755624,-180232,-480607
169546,1378304,3934208,-579072,-46487,-235943
169556,1378304,2746368,-309952,-12002,220209
169566,1378304,2012160,-143608,-3316,260920
169576,153600,1455104,-294872,-127747,-161667
169586,101376,1005568,-204856,-36631,-44564
169596,0,699392,-158456,-24590,-61436
169606,-4096,220160,-50808,-6753,125956
169616,0,-139264,31552,-1565,199770
169626,0,-327680,74240,-416,139811
169636,0,-624640,141520,-123,236802
169646,0,-737280,167040,-49,234167
169656,0,-703488,159384,-37,141419
169666,0,-733184,166112,-37,165754
169676,-4096,-709632,159848,-315,154903
169687,-4096,-723968,163096,-96,179486
169697,-4096,-703488,158456,-37,179919
169707,-4096,-631808,142216,-37,134487
169717,-4096,-602112,135488,-37,124068
169727,-4096,-685056,154280,-37,217977
169737,-4096,-661504,148944,-37,208444
169747,-4096,-573440,128992,-37,138635
169757,-4096,-598016,134560,-37,175749
169767,-4096,-557056,125280,-37,163876
169777,-4096,-485376,109040,-37,116827
169787,-4096,-536576,120640,-37,186425
169797,-4096,-557056,123192,-37,216429
169807,-4096,-440320,98832,-37,127527
169817,-4096,-388096,87000,-37,91634
169827,-4096,-468992,105328,-37,177306
169837,-4096,-517120,116232,-37,237269
169847,-4096,-430080,96512,-37,171385
169857,-7168,-329728,73080,-218,91367
169867,-10240,-329728,72384,-208,109449
169877,-10240,-406528,89784,-71,193156
169887,-71680,-388096,71688,-3834,165546
169897,-102400,-376832,63104,-2293,161172
169907,-166912,-428032,59160,-6150,185678
169917,-166912,-423936,58232,-1600,167980
169927,-343040,-373760,6960,-21216,42240
169937,-388096,-484352,21808,-9332,123911
169947,-433152,-569344,30856,-5030,155217
169957,-632832,-643072,2320,-24932,122612
169967,-632832,-679936,10672,-6441,137985
169977,-1085440,-775168,-70296,-70738,15532
169987,-1085440,-819200,-60320,-19471,45346
169997,-1085440,-899072,-42224,-5035,53553
170007,-1514496,-1097728,-140360,-55560,-50491
170017,-1717248,-1309696,-92336,-15298,73874
170027,-1717248,-1519616,-44776,-3958,118869
170037,-2292736,-1752064,-122496,-32303,-8892
170047,-2583552,-2051072,-120640,-41038,9507
170057,-2757632,-2361344,-89784,-23658,50550
170067,-2757632,-2700288,-13224,-6116,155637
170077,-2912256,-2944000,7192,-17718,129457
170087,-2912256,-3175424,59624,-4581,164327
170097,-2975744,-3343360,83288,-4725,161744
170107,-2975744,-3491840,116928,-1233,184442
170117,-3008512,-3600384,147088,-2637,251601
170127,-3008512,-3697664,156136,-740,224111
170137,-3008512,-3753984,168896,-206,236709
170147,-3008512,-3766272,171680,-71,220956
170157,-3008512,-3789824,177016,-37,230885
170167,-2975744,-3799040,186528,3364,241746
170177,-2975744,-3785728,183512,854,226150
170187,-2757632,-3743744,223416,12072,250719
170197,-2757632,-3714048,216688,3100,246754
170207,-2243584,-3567616,299976,36940,306531
170217,-2149376,-3435520,291392,15266,276976
170227,-2149376,-3240960,247312,3923,215590
170237,-1185792,-3094528,432448,73356,513478
170247,-1185792,-2754560,355424,18901,311636
170257,-282624,-2509824,504600,92578,574331
170267,-145408,-2081792,438712,35102,391458
170277,-145408,-1558528,320160,9040,173447
170287,-59392,-1218560,262624,10673,182833
170297,-83968,-839680,171216,1193,110425
170307,-108544,-600064,111360,-3001,111806
170317,-105472,-418816,70992,-542,118359
170327,-105472,-377856,61712,-154,193034
170337,-90112,-281600,43384,1750,164524
170347,-90112,-286720,44544,439,194067
170357,-19456,-256000,53592,4760,205365
170367,-19456,-290816,61480,1296,244587
170377,3072,-221184,50808,2373,205016
170387,6144,-188416,44080,856,197063
170397,6144,-140288,33176,207,193407
170407,122880,-58368,41064,10668,178610
170417,187392,-66560,57536,7177,226712
170427,376832,-2048,85840,25651,251388
170437,412672,-7168,95120,10522,283041
170447,412672,153600,58696,2702,173001
170457,1258496,195584,240816,77846,466906
170467,1258496,405504,193256,21401,340504
170477,2195456,705536,337560,67290,426526
170487,2611200,1064960,350320,35949,374612
170497,2611200,1533952,244064,9877,210867
170507,5384192,2086912,747040,173955,835279
170517,5384192,2810880,562600,44838,396572
170527,5384192,3740672,372360,12324,153918
170537,5384192,4571136,184208,3164,7747
170547,5384192,5199872,41760,856,-58362
170557,7444480,5580800,422240,176076,605701
170567,7444480,5926912,343824,45390,430222
170577,6240256,6381568,-32016,-55962,-62706
170587,6240256,6828032,-133168,-14446,-122936
170597,3389440,6905856,-796688,-168956,-856060
170607,1734656,6482944,-1075784,-241534,-1056066
170617,1127424,5371904,-961640,-110892,-573746
170627,1127424,3847168,-616192,-30513,112650
170637,428032,2427904,-453096,-37234,230481
170647,110592,1312768,-272368,-35018,318969
170657,6144,620544,-139200,-15699,232961
170667,-136192,280576,-94424,-19793,76247
170677,-169984,28672,-45008,-8162,60259
170687,-370688,-75776,-66816,-32747,-88975
170697,-420864,-299008,-27608,-14937,-6436
170707,-420864,-479232,13224,-3865,30484
170717,-626688,-736256,24824,-14710,70916
170727,-671744,-930816,58696,-9043,112325
170737,-921600,-1121280,45240,-22339,92259
170747,-921600,-1250304,74472,-5774,114613
170757,-921600,-1368064,101152,-1605,143932
170767,-921600,-1444864,118552,-428,140130
170777,-2268160,-1528832,-167504,-78172,-209335
170787,-2268160,-1739776,-119712,-20174,-73062
170797,-4444160,-1974272,-559584,-168467,-651420
170807,-6855680,-2590720,-966280,-414319,-1129438
170817,-6855680,-3557376,-747272,-106854,-387805
170827,-7917568,-4599808,-751680,-102256,-351313
170837,-8675328,-5916672,-625008,-77032,-81765
170847,-8675328,-7014400,-376304,-19878,113946
170857,-9032704,-7991296,-235944,-32293,179716
170867,-8942592,-8672256,-61248,4548,264190
170877,-8942592,-8968192,5800,1159,114096
170887,-6855680,-9263104,545432,156875,806484
170897,-4302848,-9012224,1066968,228383,1207213
170907,-2036736,-8216576,1400120,297565,1322016
170917,-2036736,-6727680,1062792,76721,448180
170927,-299008,-5013504,1068128,252817,478041
170937,-179200,-3658752,788336,81162,119758
170947,-179200,-2492416,524088,20915,-62729
170957,6144,-1685504,383264,14499,-4936
170967,9216,-1202176,274456,4272,67571
170977,24576,-826368,192792,2099,80019
170987,193536,-710656,204856,23225,249915
170997,193536,-527360,163328,5971,218793
171007,193536,-373760,128528,1528,181914
171017,193536,-290816,109736,405,204504
171027,193536,-96256,65656,92,119899
171037,1232896,-54272,291624,73115,478724
171047,2079744,237568,417368,125312,577520
171057,2611200,614400,452400,80688,496999
171068,3007488,1084416,435696,48310,407309
171078,6925312,1770496,1167888,337109,1349438
171088,6925312,2879488,916632,92712,625710
171098,9031680,4298752,1072304,162785,689648
171108,9031680,5792768,733816,41965,216747
171118,9031680,7219200,410640,10810,-116023
171128,9031680,8254464,176088,2963,-178393
171138,15690752,8816640,1557416,785659,2213787
171148,15545344,9345024,1404760,202851,1520108
171158,15545344,10826752,1069056,52294,708355
171168,10591232,12683264,-473976,-608504,-1753755
171178,10591232,14067712,-787640,-156927,-1504311
171188,6047744,14047232,-1812384,-321351,-2222877
171198,6047744,12673024,-1501040,-88404,-1016107
171208,2035712,10103808,-1827928,-365284,-1002424
171218,2035712,7603200,-1261384,-100489,-29489
171228,365568,5045248,-1060240,-127044,98100
171238,311296,3214336,-657720,-37117,273831
171248,311296,1717248,-318536,-10220,426554
171258,12288,1100800,-246616,-15198,91395
171268,-4096,733184,-167040,-5596,-23152
171278,0,459776,-104168,-1221,-62660
171288,0,179200,-40600,-330,-21585
171298,0,-52224,11832,-105,7355
171308,0,-305152,69136,-40,65078
171318,0,-602112,136416,-37,189447
171328,0,-717824,162632,-37,157028
171338,0,-883712,200216,-37,221969
171348,0,-825344,186992,-37,124939
171358,0,-861184,195112,-37,160731
171368,-40960,-796672,153816,-13973,89989
171378,-117760,-809984,156832,-3855,144183
171388,-392192,-753664,81896,-21597,49261
171398,-570368,-764928,44080,-24419,44362
171408,-913408,-774144,-31552,-44219,-33573
171418,-913408,-829440,-19024,-12178,29721
171428,-5922816,-950272,-1126592,-568016,-1611204
171438,-5922816,-1552384,-990176,-146485,-841062
171448,-17213440,-2865152,-3250784,-943853,-3532963
171458,-17213440,-5057536,-2754072,-243401,-1883662
171468,-17213440,-8466432,-1981744,-62779,-407707
171478,-17213440,-11805696,-1225192,-17281,504245
171488,-17213440,-14488576,-617352,-4471,807798
171498,-17213440,-15908864,-295568,-1243,548343
171508,-17055744,-16726016,-74704,11499,361828
171518,-9591808,-16641024,1597088,574121,2208482
171528,-9591808,-15718400,1388056,148032,1146957
171538,-2788352,-13812736,2497712,516687,2140416
171548,-2788352,-11304960,1929544,142106,754799
171558,-611328,-8541184,1796608,248071,636483
171568,-611328,-6053888,1233080,63955,14568
171578,-53248,-4099072,916632,46005,-106446
171588,0,-2762752,625936,17023,-61097
171598,0,-1892352,428736,4375,28207
171608,27648,-1452032,335240,4645,185288
171618,27648,-1042432,242440,1184,167611
171628,27648,-857088,200448,312,230642
171638,362496,-576512,212744,20214,261030
171648,362496,-358400,163328,5195,220464
171658,1310720,-153600,331760,68110,485451
171668,5859328,231424,1275072,589438,1882944
171678,5859328,822272,1141208,162119,1195392
171688,5859328,2170880,835664,41789,483772
171698,5859328,3838976,457736,10764,-116349
171708,5859328,5026816,188616,2949,-255962
171718,15985664,5777408,2312808,668476,2790477
171728,16135168,7067648,2054360,203906,1823242
171738,15985664,9413632,1488976,38952,699168
171748,15985664,12071936,886704,10034,-139203
171758,16135168,14027776,477456,21540,-310826
171768,16135168,15407104,164952,5539,-284961
171778,16135168,15954944,40832,1413,-1132
171788,11455488,16159744,-1065808,-587994,-1493765
171798,11455488,15963136,-1021264,-151639,-899602
171808,4944896,15082496,-2296800,-471031,-2377541
171818,3697664,12939264,-2093800,-177317,-1269358
171828,773120,9859072,-2058536,-295384,-837602
171838,773120,6835200,-1373440,-81263,198997
171848,773120,4034560,-738920,-20967,976280
171858,773120,2626560,-419920,-5784,748166
171868,773120,1838080,-241280,-1504,411725
171878,12288,1855488,-417600,-32337,-311876
171888,12288,1818624,-409248,-8907,-433721
171898,64512,1503232,-325960,715,-270466
171908,79872,999424,-208336,871,-33974
171918,76800,508928,-97904,-54,79983
171928,46080,95232,-11136,-4725,98316
171938,46080,-141312,42456,-1314,55111
171948,9216,-274432,64264,-3301,2924
171958,9216,-280576,65656,-923,-60271
171968,0,-345088,78184,-638,-34377
171978,0,-445440,100920,-181,41357
171988,0,-459776,104168,-66,25267
171998,-4096,-470016,105560,-484,4414
172008,-4096,-581632,130848,-147,105200
172018,-4096,-546816,122960,-54,60943
172028,-4096,-560128,125976,-37,88018
172038,-4096,-464896,104400,-37,22756
172048,-4096,-519168,116696,-37,108266
172058,-4096,-474112,106488,-37,91277
172068,-4096,-463872,104168,-37,105856
172078,-37888,-355328,71920,-3772,10085
172088,-37888,-416768,85840,-1055,100443
172098,-338944,-359424,4640,-22872,-30191
172108,-480256,-389120,-20648,-14490,-15869
172118,-930816,-346112,-132472,-50428,-202920
172128,-1033216,-505856,-119480,-20701,-90953
172138,-1546240,-698368,-192096,-83987,-166223
172148,-1909760,-879616,-233392,-59327,-188218
172158,-2447360,-1215488,-279096,-56668,-153052
172168,-2818048,-1550336,-287216,-34766,-125169
172178,-3738624,-1970176,-400664,-104349,-297646
172188,-3738624,-2568192,-265176,-28716,36512
172198,-3247104,-3051520,-44312,62895,340054
172208,-3075072,-3422208,78648,35109,376440
172218,-3075072,-3662848,133168,9040,286834
172229,-2196480,-3718144,344752,65722,484919
172239,-2172928,-3599360,323176,20505,325928
172249,-2220032,-3425280,273064,1958,239194
172259,-2268160,-3115008,191864,-1959,62694
172269,-2500608,-2863104,82128,-23125,-58170
172279,-2500608,-2741248,54520,-5975,-22314
172289,-2500608,-2728960,51736,-1656,46117
172299,-2500608,-2777088,62640,-442,119054
172309,-2500608,-2856960,80736,-130,177357
172319,-2342912,-2911232,128760,7983,240709
172329,-1909760,-2911232,226896,44116,347289
172339,-1698816,-2795520,248472,25270,267150
172349,-616448,-2686976,469104,152094,590865
172359,-616448,-2498560,426416,39204,421546
172369,-616448,-2208768,360760,10769,317338
172379,-13312,-1690624,380016,31564,263468
172389,30720,-1290240,299280,12131,178226
172399,30720,-900096,210888,3327,103546
172409,73728,-559104,143376,6250,73045
172419,95232,-277504,82592,3437,40386
172429,95232,-125952,50112,930,67444
172439,252928,-79872,75400,12346,184695
172449,252928,-5120,58464,3381,167390
172459,252928,59392,43848,856,142080
172469,379904,123904,58000,5891,144491
172479,439296,136192,68672,7014,171512
172489,451584,108544,77720,2556,223331
172499,451584,154624,67280,690,209411
172509,648192,299008,79112,16948,174093
172519,648192,381952,60320,4355,132937
172529,1337344,411648,209728,82414,390141
172539,1337344,457728,199288,21240,348502
172549,3040256,666624,537776,104155,660174
172559,3040256,1138688,430824,28637,393973
172569,3040256,1636352,318072,7368,244521
172579,3040256,2241536,180960,2014,44055
172589,5051392,2736128,524552,88952,517246
172599,5051392,3297280,397416,22924,254423
172609,5105664,3946496,262624,9438,149915
172619,5215232,4467712,169360,7019,102353
172629,5160960,4966400,44080,-2715,-25824
172639,5105664,5235712,-29464,-3919,6898
172649,5105664,5372928,-60552,-1026,75593
172659,3107840,5488640,-539400,-160176,-576013
172669,1888256,5287936,-770240,-227408,-812441
172679,1888256,4748288,-647976,-62564,-447048
172689,423936,3864576,-779520,-133331,-506760
172699,358400,2745344,-540792,-37957,-19427
172709,358400,1736704,-312272,-10455,252793
172719,-7168,913408,-208568,-30140,218948
172729,-99328,289792,-88160,-20975,245085
172739,-133120,-184320,11600,-9520,270021
172749,-194560,-484352,65656,-7076,243795
172759,-264192,-674816,93032,-5740,220616
172769,-429056,-786432,80968,-18575,135853
172779,-429056,-843776,93960,-4805,104656
172789,-429056,-980992,125048,-1250,159659
172799,-429056,-1095680,151032,-357,197035
172809,-921600,-1233920,70760,-34749,119251
172819,-1379328,-1286144,-21112,-75049,-20321
172829,-1698816,-1305600,-89088,-50396,-111310
172839,-1972224,-1474560,-112752,-34388,-87110
172849,-4348928,-1747968,-589280,-348875,-825095
172859,-4348928,-2202624,-486272,-89979,-354695
172869,-4348928,-2811904,-348232,-24759,-66406
172879,-9688064,-3586048,-1382488,-722432,-1741978
172889,-10181632,-4564992,-1272520,-234244,-1013284
172899,-10181632,-6077440,-929856,-64446,-237039
172909,-13755392,-7799808,-1349312,-242562,-743824
172919,-14835712,-9693184,-1165104,-171656,-374853
172929,-14974976,-11560960,-773488,-54075,99940
172939,-14835712,-13040640,-406696,-7308,311658
172949,-14559232,-14080000,-108576,24829,431875
172959,-14559232,-14609408,11368,6386,251239
172969,-5618688,-14827520,2086376,1200764,3297148
172979,-3354624,-14612480,2550608,515771,2975010
172989,-2583552,-13262848,2419528,183835,1963966
172999,-671744,-11177984,2380320,182260,1525623
173009,-595968,-8339456,1754384,53886,472970
173019,-595968,-5781504,1174848,14809,-144721
173029,-157696,-3803136,825920,58906,-140767
173039,-157696,-2396160,507152,15178,-174832
173049,-4096,-1465344,331064,14287,-93445
173059,0,-960512,217616,4187,70536
173069,0,-693248,157064,1135,172041
173079,0,-532480,120640,278,217211
173089,113664,-350208,105096,12553,204060
173099,113664,-253952,83288,3442,182886
173109,113664,-117760,52432,871,144731
173119,113664,53248,13688,224,98230
173129,471040,242688,51736,30549,187052
173139,471040,478208,-1624,7861,119000
173149,1406976,744448,150104,119824,362175
173159,1406976,1075200,75168,30888,130019
173169,2756608,1310720,327584,91916,447857
173179,2756608,1684480,242904,23688,266696
173189,4944896,2212864,618976,181213,755872
173199,5558272,2906112,600880,87746,555945
173209,5921792,3867648,465392,51857,286180
173219,5921792,4824064,248704,13359,-6139
173229,5921792,5523456,90248,3662,-65966
173239,5921792,6109184,-42456,5212,-106728
173249,5921792,6426624,-114376,1418,-86031
173259,6506496,6642688,-30856,59433,106077
173269,6575104,6648832,-16704,24421,220132
173279,6575104,6747136,-38976,6281,123813
173289,6575104,6753280,-40368,1608,163242
173299,5499904,6919168,-321552,-110987,-305836
173309,4301824,6872064,-582320,-126419,-548606
173319,4301824,6650880,-532208,-32613,-374990
173329,1790976,6145024,-986464,-268538,-972334
173339,1452032,5121024,-831256,-99307,-443472
173349,600064,3971072,-763744,-147498,-307298
173359,600064,2826240,-504368,-40586,72208
173369,379904,1875968,-338952,-26995,124692
173379,345088,1202176,-194184,-12049,145058
173389,345088,830464,-109968,-3121,53377
173399,314368,373760,-13456,-3125,169571
173409,314368,245760,15544,-875,76418
173419,308224,65536,54984,-879,87987
173429,308224,-108544,94424,-242,120685
173439,275456,-225280,113448,-1863,131937
173449,275456,-379904,148480,-496,209832
173459,252928,-324608,130848,-1844,111355
173469,263168,-384000,146624,34,158285
173480,321536,-377856,158456,5664,173016
173490,331776,-334848,151032,2265,149275
173500,372736,-309248,154512,6064,181471
173510,384000,-122880,114840,2819,71520
173520,384000,-140288,118784,715,120278
173530,384000,-156672,122496,170,169920
173540,384000,-21504,91872,34,58146
173550,398336,-91136,110896,1000,142246
173560,428032,-149504,130848,4243,212161
173570,443392,-17408,104400,2573,93140
173580,443392,-44032,110432,649,136326
173590,458752,-112640,129456,952,224257
173600,458752,64512,89320,234,89528
173610,471040,97280,84680,856,104550
173620,479232,79872,90480,617,150320
173630,574464,155648,94888,8818,140388
173640,594944,240640,80272,3525,175371
173650,739328,227328,116000,19108,180117
173660,739328,299008,99760,4914,129092
173670,739328,297984,99992,1340,165343
173680,739328,340992,90248,329,152162
173690,1350656,429056,208800,52258,285786
173700,1350656,457728,202304,14357,259342
173710,1971200,581632,314824,48759,410205
173720,1971200,891904,244528,13393,229966
173730,2446336,1277952,264712,32812,200756
173740,2499584,1585152,207176,11552,120646
173750,2756608,1863680,202304,24904,162033
173760,2726912,2088960,144536,4572,132290
173770,2697216,2247680,101848,-2493,133159
173780,2668544,2366464,68440,-3111,143786
173790,2668544,2446336,53128,-818,160664
173800,2446336,2521088,-16936,-10188,58466
173810,2446336,2489344,-9744,-2642,107169
173820,2446336,2369536,17400,-740,210120
173830,2446336,2360320,19488,-206,183464
173840,1197056,2323456,-255200,-100042,-221132
173850,1197056,2182144,-223184,-27532,-104997
173860,801792,1887232,-245920,-26299,-82450
173870,801792,1514496,-161472,-7247,58751
173880,625664,1175552,-124584,-12088,43466
173890,610304,690176,-18096,-3775,218448
173900,455680,451584,928,-13426,152252
173910,409600,262144,33408,-6148,120318
173920,342016,13312,74472,-9065,186655
173930,314368,-56320,83984,-4720,150662
173940,202752,-117760,72616,-18262,92503
173950,184320,-288768,96976,-6631,152563
173960,187392,-308224,112288,-1590,178936
173970,190464,-368640,126672,14,197963
173980,190464,-322560,116232,0,111778
173990,190464,-449536,145000,0,205727
174000,178176,-508928,155672,-1875,244756
174010,178176,-380928,126672,-496,116170
174020,178176,-411648,133632,-145,155064
174030,138240,-523264,149872,-2222,255903
174040,138240,-400384,122032,-586,153733
174050,46080,-327680,84680,-7088,131094
174060,39936,-442368,109272,-2176,180845
174070,21504,-453632,107648,-2486,179184
174080,24576,-419840,100688,-467,144139
174090,24576,-487424,116000,-137,201699
174100,24576,-521216,123656,-52,217732
174110,24576,-492544,117160,-37,186448
174120,15360,-418816,98368,-1272,114925
174130,12288,-463872,107880,-643,173597
174140,12288,-402432,93960,-191,144769
174150,0,-365568,82824,-689,141443
174160,0,-347136,78648,-206,160669
174170,0,-295936,67048,-69,140653
174180,0,-316416,71688,-37,182883
174190,0,-289792,65656,-37,173846
174200,0,-262144,59392,-37,164269
174210,0,-282624,64032,-37,191255
174220,0,-222208,50344,-37,140009
174230,0,-274432,62176,-37,190212
174240,0,-237568,53824,-37,157860
174250,0,-220160,49880,-37,152387
174260,0,-257024,58232,-37,194843
174270,0,-162816,36888,-37,113884
174280,0,-177152,40136,-37,144018
174290,0,-161792,41992,-37,166983
174300,0,-98304,22272,-37,100543
174310,0,-108544,24592,-37,133506
174320,0,-137216,31088,-37,174914
174330,0,-89088,20184,-37,129559
174340,0,-141312,32016,-37,176066
174350,0,-125952,28536,-37,147423
174360,0,-169984,38512,-37,181627
174370,0,-140288,31784,-37,136006
174380,0,-145408,32944,-37,137430
174390,3072,-149504,34568,329,133474
174400,3072,-189440,43616,73,171418
174410,39936,-204800,55448,5629,193634
174420,39936,-210944,56840,1437,201987
174430,39936,-167936,47096,383,164293
174440,156672,-163840,72616,17900,216886
174450,175104,-92160,60552,6948,154725
174460,175104,-55296,52200,1777,147492
174470,172032,50176,27608,7,118939
174480,172032,119808,11832,0,81935
174490,178176,75776,23200,446,155157
174500,202752,43008,36192,2353,207298
174510,202752,143360,13456,590,108309
174520,202752,121856,18328,146,123046
174530,202752,44032,35960,26,190625
174540,202752,39936,36888,0,187989
174550,384000,39936,77952,13588,234398
174560,384000,64512,72384,3491,212830
174570,342016,153600,42688,-3401,150832
174580,342016,287744,12296,-892,76930
174590,205824,279552,-16704,-11080,83425
174600,205824,228352,-5104,-2869,163371
174610,205824,248832,-9744,-752,138177
174620,205824,196608,2088,-220,160284
174630,205824,171008,7888,-71,158359
174640,98304,201728,-23432,-8099,69582
174650,76800,119808,-9744,-5176,133535
174660,76800,69632,1624,-1348,181035
174670,76800,111616,-7888,-381,139335
174680,76800,176128,-22504,-110,66288
174690,76800,66560,2320,-44,155055
174700,76800,7168,15776,-37,190501
174710,76800,46080,6960,-37,130286
174720,79872,34816,10208,251,127311
174730,79872,12288,15312,58,141298
174740,79872,24576,12528,0,127458
174750,70656,-29696,22736,-848,172824
174760,70656,-24576,21576,-247,179216
174770,82944,59392,5336,512,103436
174781,82944,25600,12992,126,145249
174791,82944,82944,0,21,102101
174801,104448,114688,-2320,954,88205
174811,98304,48128,11368,-311,158931
174821,98304,78848,4408,-96,135785
174831,70656,46080,5568,-3296,146924
174841,64512,54272,2320,-1478,156715
174851,64512,59392,1160,-396,148763
174861,86016,82944,696,2099,143633
174871,86016,115712,-6728,529,127415
174881,196608,197632,-232,6958,111890
174891,196608,279552,-18792,1899,62752
174901,196608,277504,-18328,478,96046
174911,488448,276480,48024,17026,154440
174921,773120,408576,82592,38222,188594
174931,870400,435200,98600,17626,218780
174941,870400,525312,78184,4833,181396
174951,1697792,715776,222488,55778,317402
174961,1888256,837632,238032,31589,326927
174971,1888256,1089536,180960,8132,217701
174981,2974720,1359872,365864,122143,522417
174991,2974720,1691648,290696,33581,295123
175001,3988480,2097152,428504,163334,552641
175011,3945472,2534400,319696,37353,284068
175021,3945472,2944000,226896,10261,183983
175031,3353600,3375104,-4872,-31673,-79722
175041,2668544,3675136,-228056,-79151,-295393
175051,2499584,3725312,-277704,-35308,-224459
175061,2499584,3608576,-251256,-9119,-132945
175071,1073152,3282944,-493232,-150140,-440994
175081,1073152,2813952,-394400,-41309,-194019
175091,447488,2329600,-426416,-100169,-276023
175101,398336,1780736,-313200,-32996,-60686
175111,398336,1236992,-190008,-8523,79224
175121,141312,730112,-133400,-21246,104466
175131,141312,315392,-39440,-5860,187223
175141,0,95232,-21576,-12127,81317
175151,-16384,-112640,21808,-4241,87103
175161,-108544,-348160,54288,-10657,135304
175171,-163840,-399360,53360,-6653,68692
175181,-299008,-459776,36424,-21180,16020
175191,-325632,-605184,63336,-8062,107351
175201,-325632,-603136,62872,-2095,59194
175211,-370688,-683008,70760,-2886,81302
175221,-370688,-752640,86536,-757,109178
175231,-359424,-786432,96744,573,95647
175241,-359424,-868352,115304,136,166689
175251,-363520,-815104,102312,-376,94759
175261,-363520,-868352,114376,-118,139550
175271,-556032,-887808,75168,-25862,82611
175281,-556032,-857088,68208,-6685,76536
175291,-556032,-915456,81432,-1849,138384
175301,-1004544,-890880,-25752,-21907,-24384
175311,-1351680,-1053696,-67512,-37271,-8898
175321,-1351680,-1150976,-45472,-10267,27448
175331,-1351680,-1280000,-16240,-2659,50152
175341,-2103296,-1488896,-139200,-69180,-115665
175351,-2103296,-1715200,-87928,-17855,4146
175361,-2880512,-1949696,-210888,-39415,-142804
175371,-2880512,-2301952,-131080,-10853,13006
175381,-3862528,-2737152,-254968,-63516,-114144
175391,-4120576,-3113984,-228056,-40669,-71968
175401,-4210688,-3596288,-139200,-19405,53227
175411,-4256768,-4103168,-34800,-7867,206328
175421,-4444160,-4499456,12528,-14463,236166
175431,-4444160,-4764672,72616,-3741,230574
175441,-4638720,-5061632,95816,-13006,244126
175451,-4893696,-5246976,80040,-15005,193245
175461,-4893696,-5406720,116232,-3882,221935
175471,-5442560,-5601280,35960,-35013,111220
175481,-5500928,-5703680,45936,-11656,116896
175491,-5500928,-5956608,103240,-3023,237015
175501,-5500928,-6112256,138504,-848,261334
175511,-5385216,-6227968,190936,13405,304843
175521,-5385216,-6377472,225272,3442,339312
175531,-5385216,-6405120,231072,930,293679
175541,-4638720,-6483968,418064,31557,526973
175551,-4396032,-6298624,431056,29384,434244
175561,-3946496,-6154240,500192,33615,511282
175571,-2583552,-5851136,740312,169880,829623
175581,-2318336,-5486592,717808,65017,665152
175591,-1063936,-4890624,866984,208159,885797
175601,-948224,-4237312,745184,70034,586515
175611,-948224,-3450880,567008,18044,295948
175621,-561152,-2905088,532904,32077,373925
175631,-519168,-2302976,404144,8808,261951
175641,-519168,-1747968,278400,2258,147813
175651,-62464,-1475584,320160,70292,383724
175661,0,-1120256,253808,25012,287288
175671,0,-909312,206016,6437,273314
175681,0,-660480,149640,1757,211516
175691,0,-480256,108808,444,205860
175701,55296,-296960,79808,4533,183827
175711,89088,-243712,75400,2990,247868
175721,199680,-108544,67048,12219,225679
175731,199680,-71680,61480,3349,263142
175741,291840,76800,48720,7038,209755
175751,337920,141312,44544,6694,225862
175761,337920,231424,24128,1716,194366
175771,432128,348160,19024,8596,173586
175781,432128,360448,16240,2199,207792
175791,514048,459776,12296,6311,180454
175801,625664,453632,38976,7788,254372
175811,1105920,485376,140592,51745,413307
175821,1284096,626688,148944,25861,341799
175831,2582528,719872,422008,192844,785164
175841,2756608,1070080,382104,66621,499566
175851,2756608,1419264,302992,18310,342134
175861,5984256,2029568,895984,272768,1064633
175871,5984256,2758656,730800,75014,604415
175881,6925312,3829760,701336,85517,447141
175891,7521280,4869120,600880,52395,290731
175901,8246272,5848064,543344,84809,257384
175911,8330240,6637568,383496,27761,160148
175921,8330240,7327744,227128,7143,88768
175931,7368704,7869440,-113448,-91434,-283750
175941,7368704,8111104,-168200,-23592,-123525
175951,3945472,8028160,-924984,-286485,-1002985
175961,3945472,7443456,-792512,-73890,-456658
175971,3945472,6443008,-565848,-20337,27314
175981,1992704,5327872,-755624,-98509,-161628
175991,701440,4161536,-783928,-142989,-190595
176001,462848,3204096,-621064,-56126,-7653
176011,156672,2251776,-474672,-44837,76692
176021,76800,1548288,-333384,-18851,123569
176031,76800,994304,-207872,-5201,148882
176041,-4096,563200,-128528,-5218,115628
176051,-4096,219136,-50576,-1451,144825
176061,-4096,-50176,10440,-389,152836
176071,-4096,-191488,42456,-115,105356
176081,-10240,-374784,82592,-608,148324
176091,-10240,-524288,116464,-174,183477
176101,-10240,-578560,128760,-64,155050
176111,-10240,-696320,155440,-37,211849
176121,-456704,-693248,53592,-27630,36654
176131,-616448,-755712,31552,-14761,30956
176141,-1271808,-942080,-74704,-59764,-50310
176151,-1271808,-1058816,-48256,-16448,3778
176161,-2500608,-1258496,-281416,-149090,-353014
176171,-2500608,-1561600,-201376,-38460,-84174
176181,-2500608,-2014208,-110200,-10591,94376
176192,-5559296,-2446336,-705280,-164759,-640364
176202,-6855680,-3257344,-815248,-155994,-584463
176212,-7522304,-4325376,-724304,-81448,-321986
176222,-7678976,-5515264,-490216,-27591,36635
176232,-7678976,-6681600,-225968,-7605,292529
176242,-8331264,-7444480,-200912,-39778,112149
176252,-7219200,-7962624,168432,120122,521477
176262,-6241280,-8292352,464696,114440,742537
176272,-4739072,-8062976,753072,124328,818795
176282,-2318336,-7387136,1148400,196213,1034660
176292,-2318336,-6261760,874408,50578,387512
176302,-1024000,-4833280,863040,93913,303460
176312,-747520,-3597312,645656,35808,89703
176322,-590848,-2571264,448688,23208,-39369
176332,-590848,-1926144,302528,5969,19916
176342,-590848,-1447936,189776,1528,14302
176352,-590848,-1270784,154048,405,144106
176362,73728,-1060864,257056,101499,370841
176372,73728,-969728,236408,27905,320241
176382,199680,-740352,212976,17260,232353
176392,246784,-558080,179568,6997,199323
176402,496640,-334848,188384,29521,234807
176412,496640,-116736,138968,7600,185401
176422,1561600,63488,339416,164580,571632
176432,2367488,340992,459128,131481,630257
176442,2367488,752640,365864,33886,356682
176452,4738048,1293312,780448,146691,804807
176462,4738048,2212864,572112,37812,316868
176472,4738048,3072000,377464,10390,96050
176482,9308160,4045824,1192248,250969,1140470
176492,10591232,5405696,1174848,197624,913332
176502,10695680,6937600,851440,62182,325060
176512,10591232,8393728,497872,10344,-22356
176522,10281984,9563136,162864,-31343,-288854
176532,10281984,10266624,3480,-8094,-179274
176542,7998464,10507264,-568400,-180672,-715001
176552,7998464,10231808,-505992,-49708,-305312
176562,6372352,9542656,-718272,-134830,-438440
176572,2787328,8772608,-1356040,-549942,-1467159
176582,2499584,7700480,-1178328,-171636,-783826
176592,1594368,6217728,-1047480,-107942,-329987
176602,636928,4772864,-937048,-166666,-376422
176612,579584,3174400,-587888,-48560,118690
176622,579584,2204672,-368184,-13370,136465
176632,376832,1332224,-216456,-13790,150739
176642,275456,876544,-136184,-14314,48486
176652,259072,550912,-66120,-4859,38661
176662,141312,306176,-37352,-17061,4967
176672,89088,162816,-16704,-9778,-23579
176682,89088,20480,15544,-2535,-18369
176692,0,-201728,45704,-4927,71321
176702,0,-394240,89320,-1368,107138
176712,-44032,-479232,98600,-3267,81736
176722,-10240,-587776,130848,810,129725
176732,52224,-702464,170984,6262,210096
176742,135168,-691200,187224,7072,205474
176752,135168,-696320,188384,1928,214190
176762,135168,-582656,162632,478,136614
176772,2668544,-513024,720824,178305,878204
176782,2668544,-51200,616192,45964,477633
176792,2668544,579584,466320,11840,200912
176802,5499904,1352704,939600,189941,785054
176812,6506496,2337792,944472,97036,573251
176822,6643712,3411968,732192,39172,254429
176832,6643712,4539392,476760,10087,679
176842,3903488,5452800,-351016,-341937,-1089947
176852,3903488,5820416,-434304,-94065,-732762
176862,3903488,5560320,-375376,-24271,-353381
176872,1052672,4741120,-835664,-167584,-665142
176882,492544,3558400,-694608,-91041,-234505
176892,369664,2454528,-472352,-32652,56552
176902,98304,1285120,-268888,-36534,258571
176912,98304,619520,-118088,-10062,250737
176922,0,183296,-41528,-8685,164751
176932,-53248,-81920,6496,-5962,116014
176942,-96256,-189440,21112,-5323,39270
176952,-96256,-365568,61016,-1387,95656
176962,-260096,-532480,61712,-7728,115329
176972,-260096,-595968,76096,-2007,92471
176982,-565248,-765952,45472,-22093,80177
176992,-565248,-921600,80736,-6089,151823
177002,-565248,-994304,97208,-1583,140214
177012,-1095680,-1148928,12064,-81363,3784
177022,-1209344,-1206272,-696,-34952,4677
177032,-1285120,-1312768,6264,-15091,41230
177042,-1285120,-1494016,47328,-3904,138849
177052,-1285120,-1565696,63568,-1092,115952
177062,-2420736,-1701888,-162864,-85494,-193180
177072,-5272576,-1948672,-753072,-430018,-1062159
177082,-6926336,-2301952,-1047712,-289620,-1140025
177092,-6926336,-3323904,-816176,-74700,-418734
177102,-9309184,-4655104,-1054440,-384153,-792864
177112,-9309184,-6104064,-726160,-99073,-87934
177122,-9309184,-7354368,-442888,-25562,178547
177132,-9309184,-8350720,-217152,-7044,293476
177143,-9309184,-9033728,-62408,-1832,256568
177153,-9309184,-9387008,17632,-516,169067
177163,-6644736,-9602048,670016,135571,944260
177173,-2125824,-9138176,1588736,473835,1902812
177183,-1529856,-8155136,1501040,175031,1194663
177193,-580608,-6384640,1314976,172424,671320
177203,-191488,-4610048,1001080,87722,183018
177213,-191488,-3025920,642176,22604,-121230
177223,-77824,-2027520,432680,21059,-40427
177233,-77824,-1316864,280720,5778,-18851
177243,-114688,-1075200,217616,-1119,143161
177253,-114688,-889856,175624,-323,169184
177263,-102400,-881664,176552,1098,282355
177273,-99328,-758784,149408,507,232267
177283,-93184,-710656,139896,432,266149
177293,-93184,-603136,107416,100,199083
177303,-87040,-492544,91872,446,205216
177313,-87040,-354304,60552,102,143945
177323,-87040,-262144,39672,17,120125
177333,-87040,-251904,37352,0,163887
177343,-83968,-185344,22968,383,143755
177353,-87040,-226304,31552,-206,207873
177363,-87040,-147456,13688,-69,146184
177373,-209920,-192512,-3944,-5899,165251
177383,-209920,-162816,-10672,-1639,140333
177393,-546816,-202752,-77952,-22657,64047
177403,-649216,-259072,-88624,-10440,64911
177413,-1209344,-260096,-215064,-53887,-162059
177423,-1393664,-446464,-214600,-25306,-95424
177433,-2788352,-710656,-470728,-155657,-450080
177443,-3428352,-1006592,-548680,-98426,-507841
177453,-3428352,-1556480,-424096,-27088,-193520
177463,-3354624,-2315264,-235480,2270,98088
177473,-3354624,-3022848,-75168,573,276801
177483,-3354624,-3512320,35728,146,334181
177493,-3354624,-3698688,77952,26,218553
177503,-3354624,-3833856,112520,0,210702
177513,-3354624,-3885056,120176,0,177751
177523,-1611776,-3832832,503208,205427,709912
177533,-1611776,-3746816,483720,56486,513625
177543,-1611776,-3289088,380016,14553,213442
177553,-1611776,-2871296,285360,3989,69674
177563,-671744,-2432000,398808,81259,302066
177573,-510976,-2040832,346608,30256,222368
177583,-123904,-1676288,351712,53935,257907
177593,-56320,-1363968,296264,19665,199745
177603,-56320,-1073152,230376,5397,153478
177613,202752,-793600,225736,20876,193284
177623,202752,-518144,163328,5371,131962
177633,492544,-307200,181192,19375,183312
177643,620544,-62464,154744,10356,134995
177653,620544,119808,113448,2653,110720
177663,2756608,372736,604360,160009,737128
177673,3040256,822272,502512,43996,433408
177683,6111232,1524736,1039128,241733,1081439
177693,7444480,2601984,1097128,219526,912064
177703,7916544,3987456,890184,108759,427923
177713,8162304,5319680,644032,46472,132550
177723,8162304,6498304,377000,12770,-96601
177733,8162304,7361536,181424,3281,-103150
177743,6854656,7945216,-247080,-103753,-528990
177753,6575104,7975936,-317376,-41956,-291737
177763,6575104,7695360,-253808,-11553,-41748
177773,6175744,7393280,-275848,-32957,-63271
177783,5737472,7015424,-289536,-71209,-136698
177793,5327872,6606848,-289768,-62034,-129430
177803,5327872,6237184,-206016,-16009,-24485
177813,2942976,5874688,-664216,-156746,-608727
177823,2942976,5286912,-531048,-43128,-290947
177833,1184768,4583424,-770008,-134800,-592398
177843,824320,3620864,-633592,-56673,-246775
177853,394240,2737152,-530816,-59183,-191472
177863,324608,1733632,-319232,-20174,108656
177873,119808,1112064,-224808,-34859,61118
177883,98304,667648,-128992,-11092,39614
177893,98304,294912,-44544,-3062,94345
177903,43008,60416,-3944,-3365,76518
177913,43008,-54272,9976,-879,-13189
177923,43008,-90112,30160,-257,-23064
177933,73728,-220160,66584,1484,35800
177943,73728,-326656,90712,390,77829
177953,419840,-355328,175624,24431,168094
177963,419840,-402432,186296,6284,186795
177973,3141632,-379904,797848,249428,1064215
177983,3141632,38912,702960,68591,610846
177993,7292928,782336,1475056,539609,1684668
178003,7521280,1772544,1302448,170590,996698
178013,7521280,3355648,943776,43979,289509
178023,8415232,4986880,776736,51347,67499
178033,7916544,6286336,369344,-31297,-319329
178043,7444480,7184384,58928,-39209,-416480
178053,6111232,7391232,-290000,-167276,-553383
178063,5384192,7313408,-437088,-112225,-493749
178073,5384192,6902784,-344056,-28953,-209820
178083,2879488,6142976,-739384,-302713,-699318
178093,2879488,5429248,-577680,-83277,-258488
178103,1662976,4545536,-653080,-96690,-288417
178113,1364992,3580928,-502048,-39949,-18936
178123,514048,2747392,-505992,-82952,-169363
178133,379904,1814528,-325032,-29183,61760
178143,110592,1102848,-224808,-39783,71007
178153,18432,563200,-123424,-18138,69965
178163,3072,92160,-20184,-5948,192035
178173,0,-320512,72616,-1363,240568
178183,0,-472064,106952,-367,180969
178193,0,-598016,135488,-115,183611
178203,0,-716800,162400,-44,219368
178213,0,-727040,164720,-37,186934
178223,0,-760832,172376,-37,207958
178233,0,-733184,166112,-37,173406
178243,-93184,-678912,132704,-7486,109520
178253,-322560,-672768,79344,-36941,44511
178263,-459776,-618496,35960,-24700,-4386
178273,-459776,-708608,56376,-6810,93380
178283,-1043456,-732160,-70528,-47869,-88465
178293,-1043456,-931840,-25288,-13184,59648
178303,-1043456,-1140736,22040,-3414,139283
178313,-1074176,-1434624,81664,-2566,254750
178323,-1074176,-1544192,106488,-723,215785
178333,-1095680,-1709056,138968,-1814,255406
178343,-1095680,-1683456,133168,-484,160110
178353,-1095680,-1745920,147320,-147,184788
178363,-1063936,-1704960,145232,2331,140378
178373,-1063936,-1765376,158920,625,209267
178383,-727040,-1709056,222488,35048,261612
178393,-727040,-1716224,224112,9023,266876
178403,-727040,-1594368,196504,2470,193300
178413,-727040,-1550336,186528,622,214788
178423,-395264,-1436672,235944,25051,279742
178433,-395264,-1311744,207640,6445,213634
178444,-244736,-1253376,228520,16269,288260
178454,-182272,-1086464,204856,8854,220769
178464,-53248,-978944,209728,19570,257500
178474,-7168,-795648,186528,9509,218194
178484,0,-739328,167504,3105,212637
178494,0,-610304,138272,788,178740
178504,0,-526336,119248,205,171740
178514,0,-450560,102080,39,169130
178524,3072,-363520,83056,146,141558
178534,49152,-365568,93960,4504,198236
178544,49152,-256000,69136,1145,121648
178554,144384,-260096,91640,12253,199349
178564,144384,-188416,75400,3359,152707
178574,144384,-201728,78416,852,190725
178584,202752,-140288,77720,2819,179918
178594,211968,-138240,79344,1604,203323
178604,208896,-116736,73776,209,206300
178614,175104,-91136,60320,-4205,182403
178624,172032,-68608,54520,-1380,181143
178634,153600,-65536,49648,-1607,183180
178644,156672,-51200,47096,-293,187219
178654,162816,-10240,39208,437,161725
178664,165888,-35840,45704,310,199663
178674,165888,-16384,41296,68,191455
178684,162816,-4096,41760,-257,211475
178694,141312,3072,31320,-1414,189587
178704,0,-34816,7888,-17032,184031
178714,-4096,-22528,4176,-5049,171760
178724,-4096,-15360,2552,-1319,157282
178734,-4096,-76800,16472,-357,191216
178744,-4096,-53248,11136,-110,146215
178754,-4096,-122880,26912,-42,187885
178764,-957440,-120832,-189544,-112405,-164478
178774,-1351680,-256000,-248240,-62652,-128267
178784,-2612224,-365568,-509008,-208514,-570703
178794,-3862528,-747520,-705744,-204744,-708514
178804,-8588288,-1403904,-1627712,-430994,-1731911
178814,-11456512,-2952192,-1926760,-277381,-1445356
178824,-14696448,-5322752,-2123728,-434334,-1381839
178834,-14559232,-8392704,-1397104,-101031,31621
178844,-13241344,-11129856,-478384,175029,1153933
178854,-12499968,-12779520,63336,130053,1192471
178864,-12499968,-13585408,245920,33520,785586
178874,-8588288,-13279232,1062792,269431,1316584
178884,-8588288,-12298240,840536,69460,487685
178894,-4444160,-10987520,1482480,328811,1204610
178904,-3658752,-9481216,1319152,133100,699237
178914,-1246208,-7784448,1481320,284240,948238
178924,-1246208,-6095872,1098752,73283,337428
178934,-1246208,-4758528,795760,20144,121498
178944,-1246208,-3582976,529424,5180,11724
178954,141312,-2794496,665144,105512,422159
178964,178176,-2197504,538240,29196,350364
178974,337920,-1616896,442888,23032,303492
178984,384000,-1087488,333384,9782,212513
178994,642048,-617472,285360,27819,228265
179004,920576,-283648,272832,34211,305667
179014,920576,78848,190704,9394,194789
179024,2668544,332800,529192,91442,675838
179034,2668544,897024,401360,25136,365498
179044,2668544,1484800,268192,6467,191219
179054,2668544,2052096,139664,1652,81982
179064,2668544,2539520,29232,444,-6117
179074,2668544,2790400,-27608,102,58146
179084,13114368,3037184,2283112,1400910,3770602
179094,13114368,3406848,2199360,361235,2552418
179104,12025856,5052416,1579920,21362,1082772
179114,10080256,7257088,639624,-198340,-407283
179124,10080256,9347072,166112,-51158,-686771
179134,7218176,10375168,-715256,-215394,-1358513
179144,3903488,10263552,-1440952,-500091,-1863120
179154,3007488,8991744,-1355808,-210557,-1018662
179164,3007488,7108608,-929160,-57933,-65261
179174,1062912,5036032,-900160,-259439,-159219
179184,746496,3502080,-624312,-102105,104540
179194,746496,2300928,-352176,-26341,241563
179204,92160,1617920,-345680,-47872,-56955
179214,92160,1063936,-220168,-12361,18370
179224,-53248,542720,-135024,-13001,39648
179234,-44032,117760,-36656,-2955,121790
179244,-10240,-235520,47328,2109,165126
179254,-10240,-438272,96976,566,152201
179264,-16384,-612352,135024,-589,152443
179274,-28672,-784384,171216,-1148,206457
179284,-93184,-787456,157296,-4317,141743
179294,-182272,-793600,138504,-6731,117050
179304,-182272,-874496,156832,-1868,199450
179314,-182272,-815104,143376,-496,140407
179324,-654336,-836608,41296,-55794,3194
179334,-985088,-900096,-19256,-42637,-2912
179344,-985088,-909312,-17168,-11011,8158
179354,-3211264,-1042432,-491376,-265445,-688411
179364,-4210688,-1420288,-632200,-148443,-576781
179374,-7522304,-2167808,-1213128,-543606,-1373133
179384,-7522304,-3175424,-984840,-149537,-596920
179394,-5985280,-4681728,-295336,84426,550282
179404,-5985280,-5769216,-48952,23208,597282
179414,-2555904,-6287360,845408,149904,1349686
179424,-359424,-5598208,1181112,203432,1159270
179434,-359424,-4254720,882528,55939,328299
179444,196608,-2642944,643336,75856,-39878
179454,196608,-1416192,365400,19548,-237040
179464,439296,-753664,270280,42395,-120445
179474,439296,-435200,198128,10917,-8477
179484,439296,-461824,204160,2802,215017
179494,439296,-435200,198128,759,260545
179504,1545216,-365568,432912,114750,602333
179514,2638848,-173056,637072,106499,733595
179524,5160960,388096,1081352,390073,1282341
179534,6575104,1371136,1179024,237922,961971
179545,6575104,2611200,898072,61340,321559
179555,8080384,3931136,940064,93532,270911
179565,8080384,5230592,645656,24104,-9191
179575,8080384,6221824,421080,6201,-94832
179585,12142592,6996992,1165800,208605,969568
179595,15690752,7985152,1745800,398383,1684697
179605,15838208,9588736,1415896,112438,762487
179615,15985664,11405312,1037736,37954,117747
179625,15985664,13205504,629880,9775,-284624
179635,15985664,14298112,382336,2504,-234455
179645,16135168,14834688,294640,7814,100963
179655,13367296,15101952,-393008,-250020,-641185
179665,13367296,14963712,-361688,-68782,-198207
179675,13367296,14521344,-261464,-17752,146115
179685,13367296,14116864,-169824,-4590,261456
179695,13367296,13685760,-72152,-1277,369247
179705,13367296,13537280,-38512,-345,256285
179715,13367296,13490176,-27840,-110,183829
179725,13367296,13607936,-54520,-42,50243
179735,13367296,13629440,-59392,-37,49632
179745,13367296,13598720,-52432,-37,93194
179755,184320,13509632,-3019016,-814976,-3776022
179765,187392,12333056,-2751752,-224043,-2349891
179775,218112,9704448,-2149248,-55167,-824210
179785,208896,6415360,-1406152,-14808,399689
179795,153600,3820544,-830792,-10604,840321
179805,110592,2121728,-455648,-6421,558713
179815,110592,1496064,-313896,-1780,98530
179825,-10240,1286144,-293712,-7308,-251531
179835,-10240,1055744,-241512,-1897,-263672
179845,-10240,732160,-168200,-535,-160913
179855,-90112,363520,-102776,-3504,-120257
179865,-260096,-181248,-17864,-15486,47732
179875,-328704,-711680,86768,-7984,145817
179885,-753664,-1176576,95816,-49031,121185
179895,-753664,-1423360,151728,-13497,142824
179905,-3989504,-1752064,-506920,-301885,-794332
179915,-7071744,-2311168,-1078568,-446355,-1386148
179925,-7071744,-3290112,-856776,-115113,-629828
179935,-7071744,-4788224,-517360,-29700,29169
179945,-17213440,-6126592,-2511864,-1128877,-3046271
179955,-17055744,-7805952,-2095656,-278499,-1630132
179965,-13115392,-10414080,-612016,529421,1052692
179975,-11456512,-12922880,332224,328920,1830041
179985,-11456512,-14407680,668624,84804,1479921
179995,-6926336,-14330880,1677592,267993,2064838
180005,-6926336,-13024256,1381560,73703,945649
180015,-1993728,-10890240,2015616,389057,1468042
180025,-1611776,-8571904,1576904,127749,545238
180035,-702464,-6199296,1245376,127131,207754
180045,-632832,-4298752,830560,37993,-93461
180055,-273408,-3112960,643336,61853,55219
180065,-273408,-2473984,498568,15932,202367
180075,-83968,-2195456,478384,18583,405523
180085,-13312,-1965056,442192,12338,439125
180095,-13312,-1794048,403448,3164,451314
180105,-13312,-1534976,344752,856,389451
180115,-7168,-1328128,299280,520,406893
180125,0,-972800,220400,871,265623
180135,0,-813056,184208,209,303484
180145,0,-690176,156368,39,301912
180155,0,-697344,157992,0,376096
180165,0,-629760,142680,0,342015
180175,0,-592896,134328,0,356694
180185,0,-558080,126440,0,369414
180195,0,-381952,86536,0,260345
180205,0,-441344,99992,0,343739
180215,0,-324608,73544,0,276696
180225,0,-375808,85144,0,336553
180235,0,-310272,70296,0,283222
180245,0,-339968,77024,0,335606
180255,0,-262144,59392,0,295529
180265,0,-169984,38512,0,252844
180275,0,-88064,19952,0,224094
180285,0,-40960,9280,0,210279
180295,0,34816,-7888,0,183576
180305,0,66560,-15080,0,204034
180315,0,56320,-12760,0,249919
180325,0,30720,-6960,0,284583
180335,0,78848,-17864,0,238355
180345,0,12246016,-2774488,0,-9307951
180355,0,27695104,-6274672,0,-13849099
180365,0,32029696,-7256728,0,-11036825
180375,0,32463872,-7355096,0,-10363116
180385,0,32463872,-7355096,0,-10363116
180395,0,32463872,-7355096,0,-10363116
180405,0,32463872,-7355096,0,-10363116
180415,0,32463872,-7355096,0,-10363116
180425,0,32463872,-7355096,0,-10363116
180435,0,32463872,-7355096,0,-10363116
180445,0,32463872,-7355096,0,-10363116
180455,0,32463872,-7355096,0,-10363116
180465,0,32463872,-7355096,0,-10363116
180475,0,32463872,-7355096,0,-10363116
180485,0,32463872,-7355096,0,-10363116
180495,0,32463872,-7355096,0,-10363116
180505,0,32463872,-7355096,0,-10363116
180515,0,32463872,-7355096,0,-10363116
180525,0,32463872,-7355096,0,-10363116
180535,0,32463872,-7355096,0,-10363116
180545,0,32463872,-7355096,0,-10363116
180555,0,32463872,-7355096,0,-10363116
180565,0,32463872,-7355096,0,-10363116
180575,0,32463872,-7355096,0,-10363116
180585,0,32463872,-7355096,0,-10363116
180595,0,32463872,-7355096,0,-10363116
180605,0,32463872,-7355096,0,-10363116
180615,0,32463872,-7355096,0,-10363116
180625,0,32463872,-7355096,0,-10363116
180635,0,32463872,-7355096,0,-10363116
180645,0,32463872,-7355096,0,-10363116
180655,0,32463872,-7355096,0,-10363116
180665,0,32463872,-7355096,0,-10363116
180675,0,32463872,-7355096,0,-10363116
180685,0,32463872,-7355096,0,-10363116
180695,0,32463872,-7355096,0,-10363116
180705,0,32463872,-7355096,0,-10363116
180715,0,32463872,-7355096,0,-10363116
180725,0,32463872,-7355096,0,-10363116
180735,0,32463872,-7355096,0,-10363116
180745,0,32463872,-7355096,0,-10363116
180755,0,32463872,-7355096,0,-10363116
180765,0,32463872,-7355096,0,-10363116
180775,0,32463872,-7355096,0,-10363116