R
Px,Ix,Dx,Py,Iy,Dy,Pz,Iz,FFrx,FFry,FFdrx,FFdry,satI,satPID,KFQAng,KFQbias,KFRmeas,CPx,CIx,CPy,CIy,CsatI,CsatPID,CFFdrx,CFFdry,CFalpha,iRelaxX,IRelaxY,DmaxR,DmaxE,DMx,DMy
58,80,47,58,80,47,250,0,0,0,80,0,500000,15000000,10,1,1000,0,0,0,0,0,0,0,0,0.995,1024,1024,0,0,0,0
sysTickMs,PIDRefXi,PIDSensXi,PIDPoutXi,PIDFFoutXi,PIDUXi
30475,0,0,0,0,0
30485,0,0,0,0,0
30495,0,0,0,0,0
30505,0,0,0,0,0
30515,0,0,0,0,0
30525,0,0,0,0,0
30535,0,0,0,0,0
30545,0,0,0,0,0
30555,0,0,0,0,0
30565,0,0,0,0,0
30575,0,0,0,0,0
30585,0,0,0,0,0
30595,0,0,0,0,0
30605,0,0,0,0,0
30615,0,0,0,0,0
30625,0,0,0,0,0
30635,0,0,0,0,0
30645,0,0,0,0,0
30655,0,0,0,0,0
30665,0,0,0,0,0
30675,0,0,0,0,0
30685,0,0,0,0,0
30695,0,0,0,0,0
30705,0,0,0,0,0
30715,0,0,0,0,0
30725,0,0,0,0,0
30735,0,0,0,0,0
30745,0,0,0,0,0
30755,0,0,0,0,0
30765,0,0,0,0,0
30775,0,0,0,0,0
30785,0,0,0,0,0
30796,0,0,0,0,0
30806,0,0,0,0,0
30816,0,0,0,0,0
30826,0,0,0,0,0
30836,0,0,0,0,0
30846,0,0,0,0,0
30856,0,0,0,0,0
30866,0,0,0,0,0
30876,0,0,0,0,0
30886,0,0,0,0,0
30896,0,0,0,0,0
30906,0,0,0,0,0
30916,0,0,0,0,0
30926,0,0,0,0,0
30936,0,0,0,0,0
30946,0,0,0,0,0
30956,0,0,0,0,0
30966,0,0,0,0,0
30976,0,0,0,0,0
30986,0,0,0,0,0
30996,0,0,0,0,0
31006,0,0,0,0,0
31016,0,0,0,0,0
31026,0,0,0,0,0
31036,0,0,0,0,0
31046,0,0,0,0,0
31056,0,0,0,0,0
31066,0,0,0,0,0
31076,0,0,0,0,0
31086,0,0,0,0,0
31096,3072,1024,464,468,198
31106,3072,3072,0,117,-2005
31116,3072,1024,464,19,1001
31126,3072,1024,464,0,1545
31136,3072,2048,232,0,604
31146,3072,6144,-696,0,-2988
31156,3072,3072,0,0,-306
31166,3072,1024,464,0,357
31176,6144,3072,696,207,-454
31186,6144,-1024,1624,43,2971
31196,9216,2048,1624,314,800
31206,9216,2048,2784,68,5337
31216,15360,0,3480,319,3496
31226,15360,-2048,3944,68,5791
31236,24576,0,5568,695,6662
31246,24576,0,5568,168,7716
31256,33792,-4096,8584,925,6510
31266,33792,3072,6960,241,7793
31276,33792,-5120,8816,48,13808
31286,33792,2048,7192,0,5705
31296,33792,6144,6264,0,4135
31306,49152,7168,9512,2197,8839
31316,49152,-2048,11600,549,18587
31326,49152,6144,9744,126,8333
31336,67584,10240,12992,900,15417
31346,67584,-11264,17864,234,31092
31356,67584,-8192,17168,48,28281
31366,64512,4096,13688,-147,17845
31376,67584,8192,13456,227,14511
31386,64512,-10240,16936,-169,31802
31396,61440,-13312,16936,-206,32913
31406,39936,-25600,14848,-2027,33095
31416,39936,13312,6032,-572,2098
31426,33792,-6144,9048,-936,22011
31436,33792,0,7656,-271,11511
31446,33792,-12288,10440,-86,30719
31456,33792,20480,3016,-37,-1971
31466,30720,6144,5568,-311,11083
31476,21504,8192,3016,-662,4441
31486,18432,-6144,5568,-550,19552
31496,18432,4096,3248,-164,11750
31506,18432,-1024,4408,-59,16803
31516,18432,5120,3016,-37,8200
31526,18432,-8192,6032,-37,23109
31536,9216,6144,696,-599,6215
31546,3072,9216,-1392,-904,2218
31556,3072,-2048,1160,-247,10596
31566,3072,2048,232,-76,10966
31576,0,4096,-928,-164,1300
31586,0,-12288,2784,-62,17510
31596,0,-5120,1160,-37,12279
31606,0,-12288,2784,-37,20683
31616,0,-14336,3248,-37,25026
31626,0,-7168,3016,-37,20141
31636,0,-1024,232,-37,5476
31646,0,-20480,4640,-37,21929
31656,0,-19456,4872,-37,23546
31666,0,-10240,2320,-37,13160
31676,0,12288,-2784,-37,-7624
31686,0,7168,-1624,-37,-1514
31696,0,-5120,1160,-37,8605
31706,0,-16384,3712,-37,17988
31716,0,-30720,6960,-37,28426
31726,0,-46080,10440,-37,30577
31736,0,-25600,5800,-37,11052
31746,0,-27648,6264,-37,16097
31756,0,-19456,4408,-37,16363
31766,0,-22528,5104,-37,15067
31776,0,-40960,9280,-37,31701
31786,0,-19456,4408,-37,10261
31796,0,-57344,12992,-37,40793
31806,0,-70656,16008,-37,35576
31816,0,-49152,11136,-37,14520
31826,0,-73728,16704,-37,30466
31836,0,-81920,18560,-37,45542
31846,0,-88064,19952,-37,40421
31856,0,-125952,28536,-37,72258
31866,0,-115712,26216,-37,56706
31876,0,-120832,27376,-37,45490
31886,0,-166912,37816,-37,76465
31896,0,-149504,33872,-37,54036
31906,0,-191488,43384,-37,72383
31916,0,-207872,47096,-37,71080
31926,0,-247808,56144,-37,89959
31936,0,-281600,63800,-37,82554
31946,0,-286720,64960,-37,93837
31956,0,-273408,61944,-37,74237
31966,0,-293888,66584,-37,90907
31976,0,-286720,64960,-37,84734
31986,0,-325632,73776,-37,111997
31996,0,-380928,86304,-37,142424
32006,0,-405504,97440,-37,159819
32016,0,-445440,100920,-37,164614
32026,0,-450560,102080,-37,175150
32036,0,-397312,90016,-37,155540
32046,0,-265216,60088,-37,71783
32056,0,-215040,48720,-37,73538
32066,0,-231424,52432,-37,119999
32076,0,-273408,61944,-37,156943
32086,0,-242688,54984,-37,114084
32096,0,-215040,48720,-37,96386
32106,0,-203776,46168,-37,109709
32116,0,-164864,37352,-37,95317
32126,0,-137216,31088,-37,84741
32136,6144,-192512,45008,268,139080
32146,6144,-184320,43152,58,119836
32156,24576,-154624,40600,1218,112110
32166,55296,-161792,49184,2170,122311
32176,55296,-124928,40832,546,106899
32186,64512,-5120,15776,708,39358
32196,64512,48128,3712,168,46488
32206,64512,57344,1624,34,79292
32216,64512,101376,-8352,0,56019
32226,95232,90112,1160,1276,79129
32236,95232,25600,15776,339,132641
32247,113664,54272,13456,1210,94013
32257,113664,69632,9976,319,63942
32267,144384,17408,28768,2690,118881
32277,144384,0,32712,729,110834
32287,208896,122880,19488,7780,67450
32297,208896,182272,6032,1989,48810
32307,208896,199680,2088,534,66712
32317,208896,210944,-464,126,78587
32327,285696,256000,6728,6164,72556
32337,285696,230400,12528,1684,102785
32347,288768,227328,13920,759,112485
32357,288768,272384,3712,183,78331
32367,278528,307200,-6496,-1526,49822
32377,281600,300032,-4176,-66,68211
32387,281600,245760,8120,-37,123502
32397,305152,283648,4872,754,90133
32407,305152,328704,-5336,180,46811
32417,327680,296960,6960,1835,80056
32427,331776,254976,17400,686,118010
32437,331776,295936,8120,166,69197
32447,324608,357376,-7424,-508,48572
32457,327680,367616,-9048,24,62078
32467,327680,380928,-12064,0,71430
32477,327680,458752,-29696,0,17230
32487,334848,482304,-33408,1025,17037
32497,345088,483328,-31320,1328,25565
32507,345088,425984,-18328,329,69198
32517,345088,354304,-2088,78,113268
32527,345088,316416,6496,7,117722
32537,345088,352256,-1624,0,62383
32547,345088,363520,-4176,0,41412
32557,348160,345088,696,292,58385
32567,348160,325632,5104,63,82414
32577,345088,323584,4872,-154,82129
32587,345088,374784,-6728,-57,37539
32597,345088,384000,-8816,-37,34545
32607,345088,368640,-5336,-37,52444
32617,334848,330752,928,-1026,80006
32627,334848,332800,464,-296,70501
32637,334848,381952,-10672,-91,20858
32647,331776,346112,-3248,-337,52858
32657,331776,265216,15080,-101,119750
32667,331776,262144,15776,-40,93553
32677,331776,323584,1856,-37,44866
32687,331776,273408,13224,-37,87376
32697,331776,232448,22504,-37,108871
32707,331776,249856,18560,-37,64784
32717,334848,172032,36888,190,116862
32727,334848,163840,38744,36,107718
32737,334848,166912,38048,0,94327
32747,334848,122880,48024,0,127146
32757,331776,136192,44312,-389,105166
32767,327680,148480,40600,-516,106609
32777,327680,164864,36888,-147,114559
32787,321536,240640,16936,-330,74928
32797,321536,343040,-4872,-105,24263
32807,321536,299008,5104,-40,87602
32817,321536,288768,7424,-37,97101
32827,321536,322560,-232,-37,55140
32837,321536,336896,-3480,-37,37419
32847,321536,289792,7192,-37,86807
32857,321536,238592,18792,-37,134177
32867,321536,259072,14152,-37,112960
32877,321536,316416,1160,-37,49525
32887,321536,283648,8584,-37,68520
32897,331776,191488,31784,605,132918
32907,331776,121856,47560,144,161555
32917,331776,134144,44776,26,124706
32927,412672,122880,65656,4995,146522
32937,447488,81920,82824,5378,192868
32947,451584,136192,71456,1816,151079
32957,451584,224256,51504,451,100177
32967,455680,228352,51504,275,135548
32977,455680,253952,45704,63,141921
32987,455680,379904,17168,0,56159
32997,455680,399360,12760,0,85690
33007,455680,401408,12296,0,90985
33017,455680,429056,6032,0,77429
33027,455680,473088,-3944,0,52905
33037,455680,405504,11368,0,120192
33047,455680,375808,18096,0,134912
33057,458752,419840,8816,312,79977
33067,458752,395264,14384,73,96534
33077,455680,322560,30160,-435,161203
33087,458752,322560,30856,207,164275
33097,458752,410624,10904,39,84928
33107,455680,408576,10672,219,93057
33117,455680,387072,15544,48,121032
33127,458752,453632,1160,231,71134
33137,458752,476160,-3944,51,69293
33147,475136,431104,9976,1694,124748
33157,479232,454656,5568,710,94922
33167,479232,458752,4640,183,73097
33177,479232,363520,26216,34,145063
33187,488448,311296,40136,646,155275
33197,483328,344064,31552,-567,136735
33207,483328,287744,44312,-162,187133
33217,483328,386048,22040,-62,102036
33227,488448,444416,9976,651,73999
33237,488448,464896,5336,156,81389
33247,488448,489472,-232,31,68803
33257,488448,388096,22736,0,163173
33267,488448,347136,32016,0,178369
33277,483328,328704,35032,-372,172316
33287,483328,322560,41296,-110,184429
33297,475136,399360,17168,-843,91135
33307,475136,399360,17168,-230,105246
33317,475136,395264,18096,-76,114245
33327,416768,415744,232,-5347,78192
33337,416768,334848,18560,-1392,154899
33347,398336,319488,17864,-1277,150556
33357,398336,314368,19024,-345,150281
33367,401408,290816,25056,95,164658
33377,409600,325632,19024,722,117561
33387,412672,286720,28536,446,145252
33397,412672,265216,33408,109,156094
33407,432128,254976,40136,2463,170283
33417,432128,218112,48488,664,206314
33428,462848,296960,37584,2185,152183
33438,462848,291840,38744,549,178394
33448,462848,395264,15312,136,110925
33458,564224,406528,35728,6284,166770
33468,615424,514048,22968,7644,115775
33478,615424,522240,21112,2089,135973
33488,726016,599040,28768,7360,121579
33498,801792,609280,43616,5402,156160
33508,993280,698368,66816,17724,160864
33518,1105920,729088,85376,11086,197893
33528,1208320,865280,77720,15104,150549
33538,1208320,930816,62872,3881,152678
33548,1220608,1089536,29696,1811,78587
33558,1220608,1158144,14152,446,92461
33568,1220608,1257472,-8352,102,68628
33578,1220608,1301504,-18328,17,70195
33588,993280,1309696,-71688,-15794,12463
33598,993280,1270784,-62872,-4358,51089
33608,993280,1204224,-47792,-1136,88227
33618,993280,1128448,-30624,-325,93560
33628,993280,1102848,-24824,-101,94039
33638,993280,1069056,-17168,-37,84448
33648,993280,1013760,-4640,-37,101918
33658,993280,970752,5104,-37,109612
33668,993280,951296,9512,-37,111622
33678,993280,953344,9048,-37,99727
33688,358400,926720,-128760,-50838,-75935
33698,311296,908288,-135256,-20218,-75795
33708,291840,743424,-102312,-7378,15659
33718,291840,574464,-64032,-2044,71272
33728,150528,387072,-53592,-12513,73094
33738,150528,189440,-8816,-3238,131183
33748,101376,48128,12064,-4837,136558
33758,86016,-79872,37584,-2095,157572
33768,52224,-172032,50808,-4053,161471
33778,39936,-232448,61712,-2049,158774
33788,18432,-280576,67744,-2256,157916
33798,9216,-317440,74008,-1551,151929
33808,6144,-369664,85144,-672,180910
33818,-4096,-367616,82360,-1648,153746
33828,-4096,-397312,89088,-467,169350
33838,-10240,-407552,90016,-599,158658
33848,-13312,-461824,101616,-325,197786
33858,-62464,-414720,79808,-4871,131383
33868,-62464,-435200,84448,-1355,165841
33878,-185344,-364544,40600,-8670,78860
33888,-185344,-425984,54520,-2251,152132
33898,-238592,-409600,38744,-4380,110636
33908,-264192,-460800,44544,-2366,138076
33918,-328704,-477184,33640,-6927,106396
33928,-328704,-495616,37816,-1800,102453
33938,-440320,-552960,25520,-14515,90884
33948,-440320,-571392,29696,-4007,94761
33958,-440320,-668672,51736,-1048,165551
33968,-575488,-697344,27608,-6761,121678
33978,-621568,-801792,40832,-5948,174455
33988,-621568,-860160,54056,-1648,165973
33998,-696320,-915456,49648,-6802,182509
34008,-720896,-956416,53360,-4007,183019
34018,-720896,-954368,52896,-1116,166297
34028,-832512,-1006592,39440,-5633,156928
34038,-905216,-983040,17632,-8182,90660
34048,-913408,-1073152,36192,-2664,150249
34058,-905216,-1054720,33872,329,109516
34068,-905216,-1139712,53128,78,163877
34078,-897024,-1163264,60320,512,157704
34088,-897024,-1228800,75168,126,191163
34098,-905216,-1264640,81432,-728,197348
34108,-905216,-1248256,80040,-203,193762
34118,-975872,-1250304,62176,-8953,171971
34128,-975872,-1191936,48952,-2325,149773
34138,-975872,-1162240,42224,-655,141184
34148,-1024000,-1122304,22272,-2339,100106
34158,-1063936,-1209344,32944,-4295,166698
34168,-1063936,-1209344,32944,-1124,147059
34178,-1085440,-1308672,50576,-1351,216881
34188,-1085440,-1347584,59392,-362,220364
34198,-1174528,-1378304,46168,-5616,198130
34208,-1259520,-1424384,37352,-11331,201424
34218,-1298432,-1388544,20416,-6255,133462
34228,-1298432,-1471488,39208,-1624,194907
34238,-1393664,-1488896,21576,-5770,152231
34248,-1393664,-1564672,38744,-1502,198892
34258,-1393664,-1594368,45472,-403,187056
34268,-1467392,-1684480,49184,-8816,218703
34278,-1467392,-1707008,54288,-2288,215725
34288,-1467392,-1688576,50112,-643,183883
34298,-1514496,-1720320,46632,-4332,184969
34308,-1546240,-1727488,41064,-3672,136065
34318,-1546240,-1740800,44080,-1026,185816
34328,-1546240,-1765376,49648,-279,196251
34338,-1562624,-1789952,51504,-1402,205640
34348,-1562624,-1818624,58000,-376,221634
34358,-1611776,-1783808,38976,-5911,160712
34368,-1646592,-1861632,48720,-4327,215396
34378,-1717248,-1869824,34568,-4969,192565
34388,-1950720,-1901568,-11136,-27181,136978
34398,-1972224,-1954816,-3944,-8746,173502
34408,-2103296,-1961984,-32016,-22417,127618
34418,-2196480,-2062336,-30392,-16094,145617
34428,-2196480,-2116608,-18096,-4163,148006
34438,-2394112,-2301952,-20880,-12615,196549
34448,-2500608,-2439168,-13920,-14300,200135
34458,-2500608,-2556928,12760,-3702,229797
34468,-2500608,-2665472,37352,-1031,248090
34478,-2500608,-2704384,46168,-279,211352
34488,-2500608,-2787328,64960,-91,242919
34498,-2473984,-2795520,72848,3771,225207
34508,-2342912,-2822144,110664,14538,289548
34518,-2220032,-2824192,136880,13208,304697
34528,-1909760,-2768896,194648,47778,370568
34538,-1829888,-2755584,209728,21401,383364
34548,-1829888,-2571264,167968,5502,258704
34558,-1754112,-2449408,157528,5266,258884
34568,-1735680,-2280448,123424,3134,214824
34578,-1664000,-2180096,116928,5891,244313
34588,-1453056,-2018304,128064,14143,245349
34598,-1453056,-1957888,114376,3632,262233
34608,-1233920,-1859584,141752,16403,302880
34619,-1139712,-1727488,133168,8715,276917
34629,-1004544,-1620992,139664,15512,297934
34639,-1004544,-1448960,100688,3986,223584
34649,-690176,-1355776,150800,19938,327209
34659,-677888,-1189888,116000,6591,257731
34669,-677888,-1076224,90248,1684,244492
34679,-649216,-885760,53592,1704,179295
34689,-580608,-812032,52432,6701,228990
34699,-580608,-654336,16704,1716,160382
34709,-380928,-611328,52200,23964,265963
34719,-380928,-533504,34568,6577,232029
34729,-206848,-433152,51272,12446,243199
34739,-206848,-361472,35032,3408,227176
34749,-80896,-204800,28072,11616,194563
34759,-80896,-133120,11832,2983,212889
34769,-28672,-9216,-4408,6965,174725
34779,-28672,108544,-31088,1784,131061
34789,-28672,165888,-44080,478,133677
34799,0,235520,-53360,1391,117779
34809,0,252928,-57304,341,130788
34819,0,225280,-51040,80,167891
34829,0,306176,-69368,7,92450
34839,0,295936,-67048,0,96334
34849,0,205824,-46632,0,164200
34859,0,229376,-51968,0,106764
34869,3072,199680,-44544,256,137411
34879,6144,123904,-26680,229,190423
34889,6144,178176,-38976,48,123296
34899,46080,217088,-38744,3193,87407
34909,70656,173056,-23200,2231,145483
34919,70656,174080,-23432,600,102554
34929,138240,166912,-6496,5549,121401
34939,138240,123904,3248,1508,157338
34949,162816,149504,3016,1828,140195
34959,162816,155648,1624,458,144242
34969,199680,142336,12992,3413,178229
34979,199680,234496,-7888,866,98792
34989,249856,260096,-2320,4240,105035
34999,249856,256000,-1392,1083,121990
35009,263168,338944,-17168,1647,62462
35019,263168,353280,-20416,444,69576
35029,285696,311296,-5800,3325,134662
35039,285696,356352,-16008,900,101889
35049,291840,342016,-11368,681,127241
35059,291840,332800,-9280,161,138343
35069,288768,425984,-31088,-289,56421
35079,285696,420864,-30624,-318,69132
35089,297984,434176,-30856,1662,66805
35099,321536,468992,-33408,2885,45942
35109,321536,429056,-24360,732,90132
35119,384000,419840,-8120,4577,112955
35129,384000,439296,-12528,1166,89780
35139,384000,433152,-11136,288,106906
35149,432128,485376,-12064,2517,64755
35159,471040,503808,-7424,4416,67328
35169,500736,485376,3480,3215,93538
35179,620544,514048,24128,16938,111716
35189,683008,486400,44544,10419,160693
35199,801792,529408,61712,11206,168295
35209,801792,626688,39672,2880,114906
35219,974848,652288,73080,16486,202287
35229,974848,825344,33872,4523,91526
35239,1258496,926720,75168,39196,170314
35249,1284096,1011712,54752,12424,113515
35259,1310720,1176576,30392,5156,61023
35269,1350656,1239040,25288,3225,90776
35279,1422336,1377280,10208,7346,56008
35289,1452032,1396736,12528,3967,104538
35299,1497088,1503232,-1392,6674,70068
35309,1513472,1570816,-12992,3315,62047
35319,1513472,1589248,-17168,842,85203
35329,1561600,1690624,-29232,2355,40864
35339,1734656,1697792,8352,16391,121297
35349,1790976,1740800,11368,7690,114918
35359,1888256,1830912,12992,14333,98209
35369,1888256,1842176,10440,3679,119898
35379,1908736,1944576,-13688,2199,47611
35389,2014208,2012160,464,7055,89854
35399,2035712,2062336,-6032,3642,93237
35409,2079744,2187264,-24360,3706,31624
35419,2148352,2212864,-14616,9028,72404
35429,2171904,2257920,-19488,4323,59312
35439,2171904,2322432,-34104,1176,18223
35449,2446336,2335744,25056,32636,123075
35459,2446336,2394112,11832,8962,69651
35469,2446336,2447360,-232,2299,46581
35479,2726912,2488320,54056,12355,121849
35489,2726912,2632704,21344,3386,34850
35499,2847744,2708480,31552,7861,73301
35509,2756608,2764800,-1856,-8594,45407
35519,2756608,2914304,-35728,-2230,-25777
35529,2756608,2936832,-47560,-5118,1907
35539,2726912,2964480,-53824,-1421,6736
35549,2697216,3063808,-83056,-2754,-75186
35559,2726912,3039232,-70760,952,-34345
35569,2817024,2959360,-32248,10192,56461
35579,2817024,2989056,-38976,2614,-14517
35589,2847744,2950144,-23200,2487,22118
35599,2817024,2857984,-9280,-2771,78897
35609,2817024,2880512,-14384,-774,45318
35619,2787328,2923520,-30856,-4747,-8905
35629,2787328,2912256,-20184,-1238,34101
35639,2787328,2840576,-12064,-357,58705
35649,2756608,2905088,-33640,-1775,-16356
35659,2756608,2875392,-26912,-501,10995
35669,2756608,2813952,-12992,-145,60548
35679,2756608,2801664,-10208,-57,57894
35689,2756608,2843648,-19720,-37,4007
35699,2726912,2806784,-18096,-2408,42214
35709,2697216,2754560,-12992,-2249,36199
35719,2472960,2828288,-80504,-23826,-121852
35729,2446336,2766848,-72616,-8697,-74765
35739,1809408,2630656,-186064,-93372,-217206
35749,1809408,2547712,-167272,-25696,-133702
35759,1809408,2461696,-147784,-6641,-130197
35769,1184768,2231296,-237104,-35665,-178795
35779,870400,1871872,-226896,-42391,-141117
35789,870400,1469440,-135720,-10948,51971
35799,458752,1186816,-164952,-31729,-25055
35809,458752,956416,-112752,-8199,-24282
35819,458752,669696,-47792,-2127,48438
35829,234496,367616,-30160,-12781,51404
35839,215040,131072,19024,-5323,110913
35849,221184,45056,39904,-1019,72680
35859,221184,-56320,62872,-276,81821
35869,221184,-186368,92336,-86,140391
35879,224256,-240640,105328,192,154055
35889,202752,-218112,95352,-2850,112675
35899,202752,-228352,97672,-799,127481
35909,202752,-201728,91640,-220,105645
35919,147456,-181248,74472,-3145,83898
35929,147456,-190464,76560,-879,106473
35939,119808,-128000,56144,-2186,48970
35949,122880,-143360,60320,-455,73364
35959,132096,-149504,63800,764,82851
35969,132096,-128000,58928,183,60702
35979,144384,-166912,70528,917,112395
35989,147456,-146432,66584,522,81301
35999,147456,-245760,89088,122,157104
36009,159744,-231424,88624,605,120326
36019,159744,-217088,85376,144,109432
36030,162816,-184320,78648,241,92427
36040,162816,-139264,68440,48,66342
36050,162816,-189440,79808,0,123969
36060,162816,-109568,61712,0,61448
36070,162816,-146432,70064,0,114332
36080,162816,-112640,62408,0,90101
36090,162816,-159744,73080,0,140259
36100,162816,-164864,74240,0,139392
36110,162816,-153600,71688,0,131671
36120,162816,-126976,65656,0,105771
36130,162816,-122880,64728,0,105660
36140,162816,-158720,72848,0,142131
36150,162816,-112640,62408,0,105375
36160,162816,-156672,72384,0,142277
36170,162816,-117760,63568,0,118289
36180,162816,-168960,75168,0,165933
36190,162816,-140288,68672,0,143200
36200,162816,-172032,75864,0,186684
36210,162816,-131072,66584,0,157689
36220,162816,-122880,64728,0,167889
36230,162816,-110592,61944,0,161024
36240,119808,-125952,55680,-2671,165379
36250,107520,-142336,56608,-2151,173332
36260,101376,-121856,50576,-1060,161158
36270,101376,-91136,43616,-306,134344
36280,67584,-64512,29928,-1722,107831
36290,67584,-102400,38512,-484,143019
36300,52224,-74752,28768,-1031,102915
36310,33792,-130048,37120,-2471,138349
36320,12288,-107520,27144,-2371,98716
36330,3072,-201728,46400,-1126,174453
36340,3072,-217088,49880,-325,166239
36350,-4096,-280576,62640,-672,208194
36360,-4096,-290816,64960,-196,199223
36370,-4096,-277504,61944,-66,178631
36380,-4096,-291840,65192,-37,182122
36390,-4096,-247808,53128,-37,131873
36400,-4096,-270336,60320,-37,175510
36410,-4096,-211968,47096,-37,138947
36420,-10240,-163840,34800,-975,119537
36430,-10240,-141312,29696,-262,125665
36440,-71680,-137216,11368,-4405,105473
36450,-188416,-139264,-11136,-17925,87821
36460,-235520,-221184,-3248,-9517,150414
36470,-235520,-253952,4176,-2632,158556
36480,-299008,-323584,5568,-3926,161372
36490,-343040,-445440,23200,-5306,200065
36500,-363520,-500736,31088,-3006,189285
36510,-413696,-513024,22504,-7518,136525
36520,-413696,-615424,45704,-1954,211400
36530,-413696,-588800,39672,-550,175476
36540,-580608,-495616,-19256,-11890,53688
36550,-621568,-476160,-27608,-6812,81139
36560,-621568,-496640,-28304,-1890,96432
36570,-740352,-461824,-63104,-16431,17629
36580,-740352,-576512,-37120,-4534,111991
36590,-817152,-687104,-29464,-6248,137409
36600,-940032,-784384,-35264,-17071,116537
36610,-940032,-943104,696,-4708,188598
36620,-1043456,-1067008,5336,-8050,173817
36630,-1074176,-1182720,24592,-3694,184006
36640,-1074176,-1311744,53824,-967,216083
36650,-1162240,-1315840,34800,-6072,132347
36660,-1162240,-1405952,55216,-1685,185684
36670,-1393664,-1427456,7656,-21521,98997
36680,-1393664,-1525760,29928,-5933,178278
36690,-1498112,-1624064,28536,-14678,181201
36700,-1498112,-1669120,38744,-3799,200584
36710,-1498112,-1778688,63568,-1058,235011
36720,-1562624,-1776640,48488,-4502,178382
36730,-1562624,-1836032,61944,-1250,211756
36740,-1629184,-1805312,39904,-4449,142193
36750,-1664000,-1881088,49184,-2718,188691
36760,-1664000,-1879040,48720,-760,161260
36770,-1664000,-1938432,62176,-208,189088
36780,-1889280,-1986560,22040,-26622,122512
36790,-1930240,-2015232,19256,-10835,138498
36800,-1972224,-2062336,20416,-5406,153526
36810,-2015232,-2108416,21112,-6568,165035
36820,-2015232,-2184192,38280,-1709,207387
36830,-2015232,-2217984,45936,-455,204674
36840,-2058240,-2306048,56144,-5208,231136
36850,-2103296,-2305024,45704,-4961,179669
36860,-2103296,-2386944,64264,-1380,196317
36870,-2268160,-2386944,26912,-10945,133372
36880,-2268160,-2504704,53592,-2835,214792
36890,-2447360,-2530304,18792,-11177,146152
36900,-2555904,-2634752,17864,-7452,180499
36910,-2612224,-2752512,31784,-6871,201046
36920,-2639872,-2859008,49648,-3387,251402
36930,-2757632,-2955264,44776,-13902,231606
36940,-2757632,-2980864,50576,-3838,212296
36950,-2757632,-3073024,71456,1904,254417
36960,-2788352,-3095552,69600,-2886,219426
36970,-2818048,-3183616,82824,-3135,251350
36980,-2818048,-3198976,89320,-821,248437
36990,-2818048,-3271680,102776,-242,286124
37000,-2818048,-3261440,100456,-76,269880
37010,-2818048,-3296256,108344,-37,291248
37020,-2818048,-3266560,101616,-37,252812
37030,-2818048,-3310592,111592,-37,279717
37040,-2788352,-3237888,101848,4494,241096
37051,-2788352,-3239936,102312,1142,257698
37061,-2788352,-3198976,93032,297,243153
37071,-2612224,-3181568,128992,9631,298912
37081,-2368512,-3116032,169360,27717,342255
37091,-2268160,-3058688,179104,15139,336513
37101,-1993728,-2930688,212280,43146,379412
37111,-1829888,-2779136,215064,28828,336322
37121,-1829888,-2550784,163328,7421,246726
37131,-1310720,-2329600,230840,41455,340597
37141,-957440,-2104320,259840,47988,368878
37151,-957440,-1856512,203696,12358,265199
37161,-510976,-1600512,247544,63051,373855
37171,-510976,-1321984,183744,17331,244452
37181,-126976,-1099776,220400,31464,337340
37191,-40960,-808960,174000,13022,249487
37201,0,-572416,129688,7324,225634
37211,0,-308224,69832,2001,159443
37221,0,-159744,36192,507,172911
37231,9216,15360,-1392,1013,142948
37241,49152,77824,-6496,3076,197513
37251,141312,219136,-17632,13142,170776
37261,159744,260096,-22736,5053,182257
37271,218112,360448,-32248,5485,142413
37281,269312,393216,-28072,3845,173534
37291,269312,491520,-50344,1042,128994
37301,369664,520192,-34104,6875,181494
37311,398336,638976,-54520,5366,130592
37321,398336,646144,-56144,1462,160941
37331,398336,736256,-76560,366,101697
37341,447488,745472,-67512,2282,126339
37351,447488,801792,-80272,617,73736
37361,527360,778240,-56840,5412,119797
37371,610304,768000,-35728,11904,147644
37381,636928,770048,-30160,5483,149670
37391,636928,801792,-37352,1398,118467
37401,773120,806912,-7656,6875,164162
37411,773120,811008,-8584,1760,168833
37421,1032192,846848,41992,16452,234584
37431,1220608,876544,77952,28203,288566
37441,1220608,972800,56144,7263,224493
37451,1220608,1070080,34104,1984,183269
37461,1481728,1199104,64032,12187,205074
37471,1971200,1352704,140128,44909,288931
37481,2148352,1524736,141288,23291,247865
37491,2611200,1793024,185368,51530,269886
37501,2697216,2040832,148712,20156,198976
37511,2697216,2378752,72152,5529,79155
37521,2879488,2609152,61248,21555,144083
37531,2879488,2877440,464,5910,60093
37541,2879488,3016704,-31088,1508,88700
37551,2879488,3197952,-72152,402,37650
37561,2879488,3253248,-84680,92,70754
37571,3389440,3353600,8120,43129,195310
37581,3389440,3372032,3944,11848,188334
37591,3617792,3476480,32016,21318,191098
37601,3697664,3569664,29000,15917,190848
37611,3778560,3700736,17632,8894,140362
37621,3737600,3833856,-21808,-999,87674
37631,3778560,3912704,-30392,2087,106733
37641,3778560,4071424,-66352,524,33622
37651,3778560,4099072,-72616,134,61788
37661,3778560,4142080,-82360,24,44516
37671,3778560,4158464,-76792,0,68072
37681,3778560,4060160,-63800,0,95670
37691,3778560,4065280,-64960,0,51648
37701,3778560,3998720,-45936,0,91565
37711,3903488,3912704,-2088,9365,150723
37721,3861504,3866624,-1160,-3604,130323
37731,3903488,3801088,23200,3635,176789
37741,3903488,3824640,17864,925,133247
37751,3903488,3827712,17168,224,133529
37761,3903488,3861504,9512,48,114469
37771,3107840,3915776,-183048,-59693,-170031
37781,3074048,3822592,-169592,-18267,-81404
37791,2847744,3630080,-177248,-28169,-66163
37801,2697216,3405824,-160544,-17864,-45554
37811,2554880,3082240,-119480,-25289,29010
37821,2446336,2759680,-70992,-17078,95673
37831,1868800,2555904,-155672,-45040,-86866
37841,1868800,2248704,-86072,-12400,34021
37851,1084416,1933312,-192328,-79395,-130208
37861,993280,1653760,-149640,-26497,-41464
37871,993280,1307648,-71224,-7305,96180
37881,536576,997376,-104400,-46253,11322
37891,536576,729088,-43616,-12737,82142
37901,443392,450560,-1624,-7752,115659
37911,384000,270336,25752,-7420,85268
37921,348160,30720,71920,-4576,159220
37931,162816,-95232,58464,-24500,91666
37941,119808,-190464,70296,-10926,108013
37951,119808,-262144,86536,-2833,120297
37961,-4096,-351232,78648,-6978,124731
37971,-4096,-388096,87000,-1934,123086
37981,-4096,-492544,110664,-516,182500
37991,-4096,-504832,113448,-147,148003
38001,-4096,-594944,133864,-57,207623
38011,-4096,-531456,119480,-37,123597
38021,-4096,-582656,131080,-37,130988
38031,-7168,-579584,129688,-293,162234
38041,-7168,-551936,123424,-91,140333
38051,-13312,-615424,136416,-525,187194
38061,-13312,-575488,127368,-159,180072
38071,-13312,-523264,115536,-57,143046
38081,-71680,-562176,105792,-2479,152159
38091,-166912,-489472,73080,-8824,92087
38101,-166912,-467968,68208,-2291,89839
38111,-363520,-518144,35032,-23816,72197
38121,-363520,-585728,50344,-6153,147853
38131,-363520,-613376,56608,-1602,151684
38141,-363520,-695296,75168,-455,197581
38151,-363520,-793600,97440,-132,251239
38161,-561152,-769024,47096,-11795,119702
38171,-561152,-851968,65888,-3260,165263
38181,-611328,-945152,75632,-4620,198715
38191,-643072,-985088,77488,-5745,183993
38201,-684032,-1041408,80968,-6119,190843
38211,-684032,-1136640,102544,-1592,246203
38221,-856064,-1155072,67744,-12112,184028
38231,-913408,-1200128,64960,-9080,176790
38241,-921600,-1287168,79344,-2967,204888
38251,-940032,-1308672,83520,-3465,196852
38261,-940032,-1333248,89088,-909,186866
38271,-940032,-1363968,96048,-247,206539
38281,-975872,-1341440,82824,-2845,175295
38291,-975872,-1318912,77720,-748,169354
38301,-1004544,-1320960,71688,-2225,185547
38311,-1033216,-1255424,50344,-2933,144267
38321,-1053696,-1205248,34336,-2759,120400
38331,-1053696,-1219584,37584,-772,160547
38341,-1085440,-1169408,19024,-2769,122343
38351,-1085440,-1174528,20184,-728,140683
38361,-1085440,-1183744,22272,-215,151400
38371,-1271808,-1166336,-23896,-15337,71966
38381,-1271808,-1230848,-9280,-3965,133765
38391,-1379328,-1219584,-36192,-8665,69085
38401,-1408000,-1303552,-23664,-3616,104745
38411,-1408000,-1358848,-11136,-1009,109034
38421,-1482752,-1489920,1624,-5203,145344
38431,-1514496,-1590272,17168,-5350,172014
38441,-1514496,-1626112,25288,-1485,150963
38451,-1514496,-1772544,58464,-401,233444
38461,-1595392,-1787904,43616,-7723,174135
38471,-1595392,-1878016,64032,-2137,227670
38481,-1717248,-1895424,40368,-8094,177907
38491,-1717248,-1918976,45704,-2098,179690
38502,-1849344,-2007040,35728,-12618,198972
38512,-1849344,-1997824,33640,-3265,168550
38522,-1869824,-2072576,45936,-235,212494
38532,-1869824,-2088960,49648,-76,199719
38542,-1869824,-2156544,64960,-37,232654
38552,-2058240,-2199552,32016,-10879,200227
38562,-2268160,-2217984,-11368,-20923,130131
38572,-2500608,-2291712,-47328,-18882,106662
38582,-3075072,-2377728,-157992,-72920,-64140
38592,-3247104,-2588672,-149176,-32584,21002
38602,-3247104,-2839552,-92336,-41695,15218
38612,-3465216,-3092480,-84448,-11480,111561
38622,-3465216,-3408896,-12760,-2974,204512
38632,-3465216,-3637248,38976,-833,228873
38642,-3354624,-3890176,121336,9470,326485
38652,-3281920,-3987456,159848,8796,304248
38662,-2583552,-4019200,325264,76838,506670
38672,-2583552,-3883008,294408,19799,342914
38682,-1869824,-3712000,417368,62548,491381
38692,-1792000,-3334144,349392,20625,281912
38702,-1792000,-3009536,275848,5664,192204
38712,-1423360,-2655232,279096,30947,223893
38722,-1423360,-2407424,267728,40622,269761
38732,-1209344,-2121728,206712,11162,182722
38742,-660480,-1911808,283504,44047,327657
38752,-585728,-1681408,248240,16433,262695
38762,-4096,-1442816,325960,68493,411537
38772,12288,-1101824,252416,18879,249216
38782,165888,-830464,225736,28615,253503
38792,178176,-513024,156600,8642,164462
38802,178176,-281600,104168,2365,145145
38812,211968,-47104,58696,3249,114029
38822,266240,103424,36888,6445,132771
38832,266240,181248,19256,1760,152379
38842,266240,276480,-2320,444,132713
38852,419840,269312,34104,15017,231793
38862,419840,360448,13456,4118,166152
38872,683008,403456,63336,38696,250979
38882,683008,445440,53824,9963,213418
38892,855040,562176,66352,14829,195119
38902,855040,621568,52896,3811,201244
38912,855040,799744,12528,969,117014
38922,855040,877568,-5104,256,136936
38932,2291712,998400,293016,192727,619022
38942,2291712,1156096,257288,49687,417716
38952,3502080,1460224,462608,98784,613375
38962,3502080,2028544,333848,25456,314210
38972,6713344,2750464,897840,298942,1056538
38982,6854656,3550208,748664,91533,629823
38992,6854656,4685824,491376,23588,201718
39002,7998464,5765120,505992,110617,293400
39012,8162304,6688768,333848,39316,129772
39022,8415232,7411712,227360,28330,108684
39032,8415232,8039424,85144,7775,32562
39042,8415232,8429568,-3248,1989,55556
39052,8330240,8690688,-81664,-3306,50926
39062,7070720,8824832,-397416,-115606,-339331
39072,6575104,8765440,-496248,-60462,-351334
39082,3945472,8396800,-1008504,-325562,-1041928
39092,3945472,7623680,-833344,-89563,-540318
39102,3945472,6464512,-570720,-23108,-35142
39112,1868800,5270528,-770704,-99339,-253670
39122,1868800,3895296,-459128,-25630,180720
39132,409600,2893824,-562832,-97269,-117112
39142,107520,2009088,-430824,-60701,-98250
39152,21504,1208320,-268888,-22552,28581
39162,3072,581632,-131080,-7354,116326
39172,-16384,62464,-17864,-2962,176123
39182,-16384,-308224,66120,-774,207197
39192,-16384,-535552,117624,-228,215366
39202,-74752,-646144,129456,-2525,162900
39212,-343040,-664576,72848,-23609,20239
39222,-649216,-765952,26448,-52823,-27244
39232,-975872,-872448,-23432,-49732,-27793
39242,-975872,-983040,1624,-13692,29677
39252,-1467392,-1083392,-87000,-32029,-102783
39262,-1467392,-1281024,-42224,-8826,-21032
39272,-2342912,-1590272,-170520,-72359,-159514
39282,-2500608,-1931264,-128992,-27239,-20625
39292,-3041280,-2255872,-177944,-67254,-122902
39302,-3247104,-2589696,-148944,-32798,-82466
39312,-4076544,-2963456,-252184,-81329,-232002
39322,-4076544,-3430400,-146392,-20984,-27888
39332,-5272576,-3875840,-316448,-101500,-225483
39342,-5272576,-4408320,-195808,-26187,-27390
39352,-8416256,-4974592,-779752,-332444,-885485
39362,-9123840,-5655552,-785784,-148079,-630885
39372,-10385408,-6824960,-806664,-218667,-529729
39382,-10385408,-7995392,-541488,-60159,-51645
39392,-10081280,-9216000,-196040,7287,314879
39402,-9402368,-10127360,164256,81450,617810
39412,-7999488,-10455040,556336,167724,890467
39422,-7145472,-10321920,719664,107307,829590
39432,-4302848,-9573376,1194104,388173,1290121
39442,-2944000,-8574976,1275768,247529,1016973
39452,-2944000,-7247872,975096,63818,410941
39462,-832512,-5765120,1117544,167177,606104
39472,-832512,-4364288,800168,45969,165075
39482,-322560,-3092480,627560,47705,73877
39492,-322560,-2188288,422704,13107,41
39502,-322560,-1498112,266336,3366,3143
39512,-322560,-1062912,167736,856,56384
39522,0,-735232,166576,15610,144494
39532,0,-584704,132472,4279,185518
39542,3072,-356352,81432,1291,119428
39552,61440,-224256,64728,8168,133109
39562,113664,-136192,56608,6848,163198
39572,113664,11264,23664,1752,118470
39582,432128,78848,80040,19831,227241
39592,432128,258048,39440,5097,130629
39602,432128,392192,9048,1301,107462
39612,2847744,553984,519680,177336,784460
39622,3040256,1004544,461216,63244,509125
39632,3040256,1699840,303688,17382,176494
39642,5859328,2458624,770472,187211,781263
39653,5859328,3483648,538240,48264,302681
39663,5859328,4474880,313664,13261,16301
39673,8674304,5389312,744256,129426,616433
39683,10487808,6445056,915936,188164,796355
39693,10487808,7657472,641248,51740,316877
39703,11016192,8870912,486040,43666,154894
39713,11016192,9871360,259376,11999,-5075
39723,11016192,10744832,61480,3078,-112874
39733,9031680,11108352,-470496,-82508,-546320
39743,9031680,10924032,-428736,-22706,-224803
39753,5617664,10360832,-1074624,-203729,-980779
39763,5617664,9169920,-804808,-56050,-289194
39773,5617664,7742464,-481400,-14466,199220
39783,492544,6404096,-1339336,-330711,-985641
39793,492544,4891648,-996672,-90980,-310583
39803,308224,3237888,-663752,-38223,89285
39813,150528,1816576,-377464,-19666,344228
39823,135168,894976,-172144,-6785,280009
39833,138240,371712,-52896,-1517,213251
39843,138240,152576,-3248,-428,112678
39853,138240,41984,21808,-125,34655
39863,138240,-65536,46168,-47,27035
39873,135168,-166912,68440,-206,43612
39883,135168,-337920,107184,-69,131647
39893,116736,-501760,140128,-1507,206260
39903,76800,-552960,142680,-3174,171409
39913,76800,-582656,149408,-833,161042
39923,21504,-649216,151960,-4393,180168
39933,12288,-642048,148248,-1648,168726
39943,6144,-540672,123888,-1146,84679
39953,6144,-486400,111592,-311,64343
39963,6144,-505856,116000,-101,114876
39973,6144,-509952,116928,-37,143870
39983,6144,-450560,103472,-37,106706
39993,15360,-482304,112752,478,153821
40003,46080,-515072,127136,3293,202371
40013,58368,-418816,108112,1699,123660
40023,58368,-373760,97904,449,99271
40033,101376,-354304,103240,4279,112968
40043,101376,-371712,107184,1162,146273
40053,113664,-282624,89784,913,84707
40063,113664,-299008,93496,222,128304
40073,82944,-325632,92568,-2115,166994
40083,18432,-269312,65192,-9214,113381
40093,9216,-212992,50344,-3287,101509
40103,9216,-253952,59624,-916,146222
40113,-4096,-239616,53360,-887,131009
40123,0,-173056,39208,139,69684
40133,0,-169984,38512,24,70492
40143,0,-224256,50808,0,119567
40153,0,-239616,54288,0,130021
40163,0,-201728,45704,0,96656
40173,0,-270336,61248,0,166391
40183,0,-291840,66120,0,181556
40193,-4096,-248832,55448,-279,142364
40203,-4096,-269312,60088,-91,170351
40213,-4096,-228352,50808,-37,135437
40223,-4096,-287744,64264,-37,191537
40233,-4096,-249856,55680,-37,141870
40243,0,-244736,55448,341,141430
40253,0,-227328,51504,80,123286
40263,0,-266240,60320,7,158392
40273,0,-236544,53592,0,118709
40283,0,-282624,64032,0,162887
40293,0,-248832,56376,0,145025
40303,0,-316416,71688,0,199530
40313,0,-292864,66352,0,181612
40323,0,-284672,64496,0,181259
40333,0,-295936,67048,0,208126
40343,0,-219136,49648,0,147482
40353,3072,-253952,58232,383,188736
40363,3072,-241664,55448,87,184793
40373,3072,-194560,44776,12,143429
40383,129024,-231424,81664,5627,224901
40393,129024,-144384,61944,1535,146160
40403,269312,-121856,88624,9055,196146
40413,362496,-65536,96976,13305,205834
40423,362496,16384,78416,3645,158792
40433,362496,86016,62640,927,153362
40443,455680,220160,53360,5256,122273
40453,455680,312320,32480,1433,97354
40463,455680,369664,19488,356,111571
40473,605184,412672,43616,11054,154225
40483,670720,413696,58232,7756,199849
40493,733184,519168,48488,5737,146296
40503,1062912,527360,121336,37902,287722
40513,1245184,669696,130384,25002,234663
40523,1452032,732160,163096,37998,309726
40533,1466368,915456,124816,11269,215968
40543,1466368,1161216,69136,3088,98844
40553,1466368,1318912,33408,-1941,88737
40563,1466368,1506304,-9048,-550,30787
40573,1208320,1553408,-78184,-19517,-4553
40583,1138688,1600512,-104632,-8829,-16685
40593,670720,1499136,-187688,-50923,-88090
40603,670720,1411072,-167736,-13145,-47479
40613,379904,1176576,-180496,-48003,-44018
40623,324608,958464,-143608,-18121,13484
40633,324608,652288,-74240,-4686,129169
40643,92160,382976,-65888,-17747,121152
40653,92160,190464,-22272,-4590,125267
40663,0,-70656,16008,-7679,182070
40673,0,-193536,43848,-2127,169515
40683,-13312,-348160,75864,-1856,205041
40693,-16384,-416768,90712,-755,191366
40703,-160768,-465920,69136,-19571,137154
40713,-160768,-525312,82592,-5396,150258
40723,-270336,-531456,59160,-9114,133651
40733,-270336,-605184,75864,-2366,176728
40743,-409600,-626688,49184,-14188,121566
40753,-440320,-745472,69136,-5831,187901
40763,-537600,-772096,53128,-14561,133639
40774,-537600,-874496,76328,-4019,200001
40784,-621568,-897024,62408,-6587,151025
40794,-621568,-963584,77488,-1712,184081
40804,-788480,-1012736,50808,-16695,140074
40814,-788480,-1071104,64032,-4319,173679
40824,-897024,-1166336,61016,-14771,179240
40834,-897024,-1192960,67048,-4078,175188
40844,-897024,-1310720,93728,-1065,231683
40854,-1033216,-1319936,64960,-8328,150332
40864,-1117184,-1444864,74240,-9810,198359
40874,-1198080,-1425408,51504,-7544,129335
40884,-1198080,-1494016,67048,-2088,171816
40894,-1869824,-1481728,-87928,-57889,-87848
40904,-1869824,-1630208,-54288,-14939,40252
40914,-2318336,-1750016,-128760,-31939,-78502
40924,-2342912,-1972224,-83984,-10896,29510
40934,-2368512,-2291712,-17400,-4310,145709
40944,-2420736,-2531328,25056,-3538,165833
40954,-2420736,-2818048,90016,-928,251700
40964,-2342912,-2933760,133864,4255,227272
40974,-1930240,-3064832,257056,49802,386176
40984,-1735680,-3057664,299512,28395,374546
40994,-1106944,-2980864,424560,103247,561960
41004,-1106944,-2738176,369576,28386,354561
41014,-1004544,-2520064,343360,15500,322193
41024,-1004544,-2217984,274920,4250,209083
41034,-1004544,-1988608,222952,1086,190038
41044,-1004544,-1755136,170056,268,149880
41054,-975872,-1655808,154048,4438,198252
41064,-975872,-1542144,128296,1132,188204
41074,-975872,-1554432,131080,297,253607
41084,-671744,-1465344,179800,16586,285631
41094,-424960,-1439744,229912,29829,370925
41104,-377856,-1305600,210192,11962,294971
41114,-377856,-1179648,181656,3073,261066
41124,-179200,-1010688,185832,21359,267547
41134,-179200,-891904,161472,5859,262472
41144,-154624,-703488,124352,2832,197994
41154,-154624,-629760,107648,764,220772
41164,-151552,-505856,80272,415,186820
41174,-151552,-453632,68440,95,218558
41184,-157696,-396288,54056,-623,217638
41194,-157696,-281600,28072,-174,162769
41204,-222208,-293888,16240,-6839,188583
41214,-222208,-225280,696,-1778,147673
41224,-222208,-253952,7192,-472,185767
41234,-222208,-290816,10672,-137,198385
41244,-621568,-226304,-89552,-38838,27533
41254,-621568,-280576,-77256,-10027,93685
41264,-2015232,-326656,-382568,-109473,-358009
41274,-2015232,-567296,-328048,-30123,-177113
41284,-5985280,-1098752,-1107104,-269566,-1120353
41294,-8763392,-2193408,-1488512,-292662,-1218855
41304,-12380160,-4139008,-1867136,-404798,-1326470
41314,-12865536,-6625280,-1413808,-136407,-316068
41324,-11017216,-8964096,-465160,50729,797363
41334,-7999488,-10767360,627096,287839,1883713
41344,-7999488,-11037696,688344,79160,1099155
41354,-7999488,-10249216,509704,20397,287533
41364,-3142656,-9106432,1351168,447470,1325055
41374,-3142656,-7786496,1052120,123068,524267
41384,-1033216,-6302720,1193872,296938,781105
41394,-1033216,-4974592,892968,81665,285502
41404,-1033216,-3746816,614800,21044,41670
41414,3072,-2792448,633360,60190,269321
41424,12288,-1993728,454488,17380,150528
41434,12288,-1290240,295104,4467,58551
41444,49152,-823296,197664,4606,72225
41454,49152,-410624,104168,1174,35501
41464,318464,-215040,120872,18066,169937
41474,625664,-29696,148480,36591,253715
41484,939008,80896,194416,36171,352147
41494,939008,299008,145000,9936,242911
41504,2756608,536576,502976,150314,734395
41514,2756608,1036288,389760,38750,392179
41524,6047744,1641472,998296,214096,1101327
41534,6047744,2766848,743328,55192,497986
41544,7836672,4085760,849816,167871,587493
41554,8674304,5421056,737064,91818,396175
41564,8674304,6691840,438480,17629,35374
41574,8674304,7790592,200216,4833,-130471
41584,8762368,8437760,73544,6335,-25914
41594,8762368,8861696,-22504,1728,3284
41604,8762368,9028608,-60320,434,106751
41614,7070720,9185280,-479080,-258025,-546237
41624,6506496,9164800,-602272,-133338,-528763
41634,6506496,8786944,-516664,-34400,-240681
41644,4490240,8123392,-823136,-126329,-582588
41654,2974720,7148544,-945632,-200062,-664976
41664,2726912,5974016,-726392,-70193,-222185
41674,1032192,4591616,-806432,-277918,-404848
41684,816128,3542016,-617584,-95557,-165118
41694,816128,2511872,-384192,-26297,110786
41704,178176,1637376,-330600,-54537,47754
41714,178176,942080,-173072,-14078,142232
41724,61440,489472,-96976,-13228,80733
41734,52224,128000,-17168,-3926,70577
41744,55296,-173056,51736,-757,147400
41754,55296,-413696,106256,-208,155586
41764,70656,-499712,129224,2128,132314
41774,70656,-526336,135256,573,137319
41784,70656,-621568,156832,136,177663
41794,70656,-593920,150568,24,149255
41804,70656,-528384,135720,0,103802
41814,110592,-516096,141984,2797,136217
41824,110592,-415744,119248,759,79357
41834,110592,-362496,107184,183,71196
41844,993280,-310272,295336,62116,326098
41854,2267136,-152576,548216,199301,672906
41864,2267136,122880,485808,51379,416165
41874,2267136,656384,364936,14118,160635
41884,6854656,1318912,1254192,378171,1326684
41894,7070720,2335744,1072768,118491,731791
41904,7070720,3712000,760960,32580,173564
41914,7444480,5103616,530352,33725,-42147
41924,7444480,6135808,296496,8684,-128171
41934,6575104,6766592,-43384,-58777,-361937
41944,6575104,6862848,-65192,-15171,-73238
41954,6575104,6671360,-21808,-4188,184409
41964,6575104,6472704,23200,-1097,239810
41974,1848320,6158336,-976488,-281114,-1086296
41984,1848320,5364736,-796688,-77339,-487829
41994,707584,4130816,-775576,-95176,-310954
42004,707584,2685952,-448224,-24554,196398
42014,308224,1599488,-292552,-43128,225667
42024,249856,874496,-141520,-14983,195346
42034,12288,468992,-103472,-22425,49166
42044,12288,144384,-29928,-5796,64445
42054,-4096,-75776,21344,-2522,84282
42064,-4096,-228352,50808,-706,60071
42074,-4096,-409600,91872,-196,111898
42084,0,-562176,127368,205,165506
42094,-4096,-613376,138040,-477,146919
42104,-7168,-668672,149872,-401,168918
42114,-7168,-708608,158920,-125,190307
42124,-7168,-619520,138736,-47,106186
42135,-157696,-638976,109040,-13733,96722
42145,-273408,-567296,66584,-10709,31632
42155,-774144,-555008,-49648,-61800,-121769
42165,-1259520,-640000,-140360,-58445,-164946
42175,-1259520,-792576,-105792,-15088,-43278
42185,-3317760,-1076224,-507848,-141597,-504486
42195,-3317760,-1657856,-376072,-36526,-144353
42205,-7219200,-2471936,-1075552,-235540,-909399
42215,-7600128,-3665920,-891344,-81851,-374221
42225,-8763392,-5224448,-801792,-114214,-194413
42235,-8763392,-6659072,-476760,-31434,203664
42245,-8588288,-7825408,-172840,5834,390493
42255,-8588288,-8418304,-38512,1489,245770
42265,-6176768,-8636416,557264,131394,834227
42275,-6176768,-8331264,488128,36127,438716
42285,-1849344,-7670784,1318920,355612,1410173
42295,-1611776,-6519808,1111976,111569,677821
42305,-528384,-4966400,1005488,148474,415450
42315,-528384,-3459072,663984,38269,-45119
42325,-117760,-2374656,511328,42160,-9344
42335,-117760,-1522688,318304,10859,-56036
42345,-22528,-1073152,238032,10595,35508
42355,0,-742400,168200,4645,84131
42365,0,-621568,140824,1184,176519
42375,0,-452608,102544,312,150517
42385,0,-331776,75168,68,143735
42395,0,-241664,54752,2,143030
42405,0,-114688,25984,0,93152
42415,0,-81920,18560,0,127907
42425,0,11264,-2552,0,88732
42435,0,26624,-6032,0,119164
42445,0,45056,-10208,0,132433
42455,9216,95232,-19488,891,106980
42465,12288,79872,-15312,446,132003
42475,55296,79872,-5568,3312,147063
42485,58368,121856,-14384,1120,123250
42495,55296,78848,-5336,78,142393
42505,52224,116736,-14616,-140,101804
42515,55296,131072,-17168,246,89667
42525,104448,79872,5568,3291,149442
42535,104448,124928,-4640,893,104420
42545,104448,135168,-6960,219,106642
42555,104448,138240,-7656,43,116402
42565,8080384,312320,1759952,637761,2428451
42575,11567104,1462272,2289376,481921,2325731
42585,12741632,3577856,2076168,215156,1308377
42595,12741632,6422528,1431672,55471,193579
42605,12379136,9156608,730104,-18714,-556916
42615,11680768,10979328,158920,-51209,-814843
42625,6854656,11794432,-1119168,-620000,-2129618
42635,6506496,11601920,-1154432,-202249,-1345450
42645,4164608,10242048,-1376920,-206595,-980896
42655,2756608,8032256,-1158144,-144761,-7010
42665,1513472,5849088,-982288,-153021,187118
42675,1208320,4082688,-651224,-58335,426237
42685,455680,3145728,-609464,-110689,21827
42695,365568,2613248,-509240,-36761,-137534
42705,365568,2209792,-417832,-10125,-200116
42715,132096,1794048,-376536,-17305,-240652
42725,132096,1272832,-258448,-4473,-83306
42735,132096,750592,-140128,-1243,73154
42745,33792,216064,-41296,-5411,187036
42755,33792,-130048,37120,-1502,204275
42765,3072,-359424,82128,-2300,146059
42775,0,-550912,124816,-748,151073
42785,0,-698368,158224,-220,180962
42795,-4096,-770048,173536,-325,182424
42805,0,-759808,172144,410,149956
42815,0,-794624,180032,95,181033
42825,0,-754688,170984,14,159612
42835,0,-707584,160312,0,132506
42845,0,-726016,164488,0,168055
42855,0,-666624,151032,0,127907
42865,0,-618496,140128,0,107876
42875,0,-638976,144768,0,162266
42885,0,-558080,126440,0,118058
42895,0,-561152,127136,0,154922
42905,0,-541696,122728,0,164868
42915,0,-487424,110432,0,143083
42925,0,-490496,111128,0,170348
42935,0,-428032,96976,0,127071
42945,0,-391168,94192,0,134219
42955,-4096,-412672,92568,-484,143577
42965,-4096,-353280,79112,-140,99953
42975,-4096,-364544,81664,-54,122176
42985,-4096,-380928,85376,-37,143803
42995,-4096,-351232,78648,-37,133549
43005,0,-401408,90944,209,196681
43015,0,-313344,70992,39,130154
43025,0,-326656,74008,0,165153
43035,0,-275456,62408,0,133163
43045,0,-224256,50808,0,101672
43055,0,-262144,59392,0,141739
43065,0,-272384,61712,0,150168
43075,0,-238592,54056,0,126616
43085,0,-265216,60088,0,165803
43095,0,-219136,49648,0,128331
43105,0,-241664,54752,0,165291
43115,0,-260096,58928,0,173034
43125,-13312,-225280,48024,-1905,136839
43135,-53248,-249856,44544,-4383,163281
43145,-53248,-194560,32016,-1221,105653
43155,-399360,-219136,-40832,-17957,38649
43165,-1393664,-272384,-254040,-107957,-255482
43175,-2196480,-414720,-403680,-84317,-397120
43185,-2880512,-896000,-449616,-54419,-293085
43195,-8675328,-1564672,-1611008,-577789,-1857369
43205,-8675328,-2853888,-1318920,-149007,-833080
43215,-8942592,-4714496,-957928,-24122,-69883
43225,-8942592,-6749184,-496944,-6236,498394
43235,-8942592,-8055808,-200912,-1622,516954
43245,-6112256,-8792064,607144,379123,1389435
43255,-6112256,-8794112,607608,97749,803753
43265,-2912256,-8083456,1171600,251948,1135180
43275,-1366016,-6810624,1233544,234475,862145
43285,-1074176,-5248000,945632,87023,268098
43295,-760832,-3859456,702032,44587,19327
43305,-148480,-2719744,582552,88474,119914
43315,-148480,-2002944,420152,24321,96920
43325,-148480,-1495040,305080,6259,126254
43335,0,-1113088,252184,8247,163896
43345,0,-891904,202072,2258,190527
43355,0,-666624,151032,566,163578
43365,-10240,-549888,122264,-347,189470
43375,-10240,-380928,83984,-105,146707
43385,-10240,-270336,58928,-40,150055
43395,-7168,-220160,48256,124,154792
43406,-7168,-153600,33176,21,140902
43416,0,-166912,37816,463,187256
43426,0,-138240,31320,107,182141
43436,0,-59392,13456,17,154806
43446,0,-72704,16472,0,167901
43456,0,-27648,6264,0,141804
43466,0,-19456,4408,0,152607
43476,0,-59392,13456,0,199074
43486,0,-17408,3944,0,164302
43496,0,-33792,7656,0,179968
43506,0,-21504,4872,0,164068
43516,0,29696,-6728,0,119889
43526,0,-6144,1392,0,149554
43536,0,-2048,464,0,146703
43546,0,-4096,928,0,155594
43556,0,-28672,6496,0,186853
43566,0,7168,-1624,0,159879
43576,0,60416,-13688,0,119544
43586,0,28672,-6496,0,153425
43596,0,7168,-1624,0,171500
43606,168960,61440,24360,7077,167811
43616,435200,39936,89552,23115,280316
43626,579584,83968,112288,14714,287307
43636,824320,208896,139432,30830,301016
43646,824320,361472,104864,7937,213833
43656,824320,539648,64496,2167,138287
43666,824320,654336,38512,546,137875
43676,824320,777216,10672,136,113373
43686,379904,856064,-107880,-24124,-16512
43696,190464,837632,-146624,-25860,-27824
43706,165888,643072,-108112,-8970,99969
43716,150528,478208,-74240,-4522,131614
43726,150528,293888,-32480,-1258,175735
43736,150528,210944,-13688,-335,145581
43746,144384,155648,-2552,-413,136584
43756,144384,137216,1624,-130,138947
43766,125952,202752,-17400,-1429,76927
43776,125952,218112,-20880,-403,69579
43786,125952,155648,-6728,-118,120515
43796,64512,97280,-7424,-4363,132268
43806,64512,89088,-5568,-1214,113287
43816,36864,70656,-7656,-3013,91743
43826,33792,10240,5336,-1072,121416
43836,6144,-57344,14384,-1983,148591
43846,6144,-142336,33640,-528,199445
43856,6144,-145408,34336,-162,178731
43866,-4096,-99328,21576,-579,115649
43876,-4096,-108544,23664,-174,117901
43886,-4096,-166912,36888,-62,163865
43896,0,-133120,30160,168,125291
43906,-4096,-130048,28536,-367,120951
43916,-4096,-185344,41064,-110,173448
43926,-4096,-125952,27608,-42,118924
43936,-4096,-144384,31784,-37,140070
43946,-4096,-171008,37816,-37,162029
43956,-4096,-120832,26448,-37,114685
43966,-4096,-95232,20648,-37,93345
43976,0,-133120,30160,241,133070
43986,3072,-82944,19488,197,86664
43996,21504,-103424,28304,1716,124592
44006,70656,-88064,35960,3466,108637
44016,162816,-78848,54752,12524,179071
44026,178176,-44032,50344,4614,154598
44036,178176,6144,38976,1257,125071
44046,184320,18432,37584,334,144751
44056,184320,102400,18560,80,81674
44066,181248,111616,15776,-196,114858
44076,181248,164864,3712,-66,84970
44086,172032,188416,-3712,-872,74672
44096,172032,175104,-696,-242,101051
44106,141312,186368,-10208,-3946,87194
44116,141312,260096,-26912,-1031,31564
44126,141312,241664,-22736,-279,67628
44136,135168,244736,-24824,-862,79729
44146,132096,274432,-32248,-496,61747
44156,132096,303104,-38744,-145,58641
44166,132096,241664,-24824,-57,94426
44176,132096,251904,-27144,-37,77321
44186,132096,321536,-42920,-37,13259
44196,132096,254976,-27840,-37,77355
44206,135168,256000,-27376,219,57436
44216,135168,159744,-5568,48,118438
44226,135168,141312,-1392,0,94891
44236,162816,123904,8816,2351,95562
44246,162816,69632,21112,588,132524
44256,172032,149504,5104,1157,61975
44266,172032,169984,464,307,54644
44276,150528,148480,464,-1180,80245
44286,150528,188416,-8584,-315,53603
44296,208896,190464,4176,4570,76918
44306,218112,174080,9976,1665,90527
44316,218112,145408,16472,446,113058
44326,218112,220160,-464,102,45231
44336,218112,230400,-2784,14,56377
44346,294912,160768,30392,8481,164817
44356,294912,218112,17400,2172,115203
44366,458752,291840,37816,13762,101431
44376,458752,305152,34800,3535,92107
44386,458752,270336,42688,898,140051
44396,2879488,406528,560280,131762,723805
44406,2879488,838656,462376,33964,402190
44416,6998016,1534976,1237720,318320,1318344
44426,7368704,2739200,1048872,102209,685312
44436,8246272,4330496,887168,117255,367949
44446,8246272,5828608,547752,32238,-82550
44456,8162304,7022592,258216,-3714,-248410
44466,8162304,7710720,102312,-1031,-167086
44476,8162304,8041472,27376,-279,-21987
44486,5558272,8145920,-586264,-168160,-727515
44496,5558272,7786496,-504832,-46268,-381959
44506,5558272,7113728,-352408,-11944,-84307
44516,1971200,6390784,-1001312,-516431,-1171519
44526,1350656,5617664,-966744,-193453,-768569
44536,1116160,4531200,-773720,-70818,-278662
44546,610304,3307520,-611088,-44043,-61825
44556,610304,2141184,-346840,-11370,199369
44566,610304,1235968,-141752,-3143,318367
44576,98304,757760,-149408,-26907,66903
44586,0,453632,-102776,-16502,-7724
44596,-4096,194560,-45008,-4837,19166
44607,0,-67584,15312,-709,77207
44617,0,-321536,72848,-208,155590
44627,0,-503808,114144,-69,171914
44637,0,-620544,140592,-37,162954
44647,0,-772096,174928,-37,251308
44657,0,-808960,183280,-37,222331
44667,-4096,-772096,174000,-550,178365
44677,-10240,-733184,163792,-723,158501
44687,-10240,-617472,137576,-203,94269
44697,-80896,-599040,117392,-3228,109339
44707,-80896,-576512,112288,-904,123371
44717,-395264,-573440,40368,-19678,53802
44727,-897024,-587776,-69136,-57715,-81627
44737,-1408000,-617472,-179104,-62413,-219461
44747,-1408000,-838656,-128992,-16109,-52287
44757,-2944000,-1130496,-405304,-98089,-349397
44767,-2944000,-1604608,-303456,-26993,-113113
44777,-2944000,-2185216,-171912,-6973,76411
44787,-3390464,-2749440,-145232,-8069,106807
44797,-3390464,-3332096,-13224,-2095,265551
44807,-2788352,-3688448,203928,34340,458136
44817,-2788352,-3716096,210192,9436,293886
44827,-2125824,-3654656,346376,55444,402418
44837,-2015232,-3378176,303688,20693,209215
44847,-1611776,-3122176,342200,50263,283878
44857,-1611776,-2810880,271672,12949,156711
44867,-1467392,-2608128,258448,11914,196008
44877,-1453056,-2354176,204160,3662,135798
44887,-1453056,-2185216,165880,930,134211
44897,-1453056,-2089984,144304,241,155758
44907,-1285120,-1963008,153584,18605,178731
44917,-1162240,-1952768,179104,14934,262736
44927,-753664,-1880064,255200,66186,394624
44937,-671744,-1741824,242440,25541,311591
44947,-671744,-1592320,208568,7011,237407
44957,-222208,-1394688,265640,35393,302125
44967,-222208,-1178624,216688,9721,218439
44977,-120832,-951296,188152,10100,199172
44987,-120832,-674816,125512,2592,113604
44997,-222208,-492544,61248,-9805,65398
45007,-264192,-354304,20416,-5694,59790
45017,-332800,-232448,-22736,-9886,12397
45027,-356352,-276480,-18096,-5176,96873
45037,-363520,-323584,-9048,-1851,143732
45047,-448512,-320512,-29000,-11885,91400
45057,-532480,-370688,-36656,-11983,92899
45067,-532480,-456704,-17168,-3106,149272
45077,-985088,-499712,-109968,-51434,-9522
45087,-985088,-528384,-103472,-14161,-2043
45097,-1423360,-705536,-162632,-34493,-43526
45107,-1423360,-927744,-112288,-9500,66012
45117,-1792000,-1115136,-153352,-38270,-37996
45127,-1792000,-1352704,-99528,-9886,32879
45137,-1754112,-1589248,-37352,732,95912
45147,-1754112,-1896448,32248,178,208212
45157,-1754112,-2072576,72152,34,218119
45167,-1754112,-2119680,82824,0,155313
45177,-1754112,-2174976,95352,0,141954
45187,-1754112,-2227200,107184,0,160143
45197,-1909760,-2207744,67512,-9041,85291
45207,-1909760,-2154496,55448,-2344,39569
45217,-2058240,-2171904,25752,-10447,7080
45227,-2058240,-2254848,44544,-2710,79983
45237,-1611776,-2352128,167736,39892,291622
45247,-1285120,-2345984,240352,31811,322650
45257,-1285120,-2195456,206248,8190,193199
45267,-399360,-2082816,381408,82888,452260
45277,-399360,-1824768,322944,21359,288676
45287,3072,-1453056,329904,56457,262528
45297,3072,-1133568,257520,14543,180431
45307,3072,-782336,177944,3735,98314
45317,33792,-462848,112520,4130,36744
45327,33792,-252928,64960,1054,33830
45337,301056,-150528,102312,15747,156606
45347,405504,-39936,100920,8994,165801
45357,405504,90112,71456,2307,121674
45367,1127424,168960,217152,45249,331013
45377,1971200,307200,377000,111108,555064
45387,2668544,573440,461216,84443,528574
45397,2787328,1103872,381408,30556,309937
45407,2787328,1641472,259608,7866,145214
45417,2787328,2225152,127368,2153,-21445
45427,2787328,2681856,23896,541,-74800
45437,5558272,3010560,577216,116420,663459
45447,5499904,3659776,416904,27336,296082
45457,5499904,4347904,261000,7036,102893
45467,3427328,5017600,-360296,-242376,-779393
45477,3427328,5407744,-448688,-62515,-611863
45487,1888256,5099520,-727552,-99756,-710448
45497,1888256,4290560,-544272,-27457,-227747
45507,488448,3074048,-585800,-119117,-67665
45517,237568,2137088,-430360,-63890,135873
45527,193536,1422336,-278400,-21353,176068
45537,193536,993280,-181192,-5523,114770
45547,-4096,762880,-173768,-13372,-44611
45557,-4096,576512,-131544,-3462,-76076
45567,0,420864,-95352,-599,-83253
45577,0,241664,-54752,-181,-46012
45587,-4096,54272,-13224,-484,-2753
45597,-4096,-138240,30392,-147,53949
45607,-62464,-300032,53824,-7039,68707
45617,-62464,-406528,77952,-1951,85103
45627,-62464,-450560,87928,-516,65407
45637,-1285120,-533504,-170288,-175049,-348375
45647,-1482752,-581632,-204160,-68636,-284548
45657,-1482752,-768000,-161936,-17713,-141151
45667,-2500608,-1105920,-315984,-71910,-255535
45677,-2500608,-1556480,-213904,-18560,-24855
45687,-5328896,-2057216,-741240,-203729,-690837
45697,-6439936,-2828288,-818264,-116419,-522958
45707,-12865536,-3908608,-2029304,-654100,-2084688
45717,-12865536,-5608448,-1644184,-168685,-869657
45727,-12865536,-7829504,-1140976,35559,219769
45738,-12865536,-9930752,-664912,9155,625130
45748,-12865536,-11247616,-366560,2504,553302
45758,-5328896,-11869184,1481784,1011372,2949126
45768,-4491264,-11672576,1627016,342141,2032816
45778,-4491264,-10323968,1321472,94096,856950
45788,-1013760,-8272896,1644648,217194,913924
45798,-1013760,-5956608,1119864,55996,72365
45808,-219136,-4118528,883456,71276,-4113
45818,9216,-2700288,613872,47080,-41059
45828,9216,-1810432,412264,12126,-6059
45838,9216,-1223680,279328,3325,20726
45848,86016,-843776,210656,4511,107559
45858,311296,-541696,193256,21738,178471
45868,369664,-274432,145928,9440,169860
45878,1138688,-21504,262856,75151,376588
45888,1350656,276480,243368,39958,305345
45898,1350656,670720,154048,10290,132908
45908,3861504,1042432,638696,162321,756947
45918,5797888,1665024,936352,218156,1042091
45928,6506496,2812928,836824,100048,604594
45938,6506496,4105216,544040,27502,112688
45948,7144448,5298176,418296,61535,85214
45958,7144448,6287360,194184,16916,-112109
45968,6240256,6916096,-153120,-55591,-346550
45978,4789248,7129088,-530120,-138209,-625636
45988,3737600,6875136,-710848,-103038,-604433
45998,2499584,6205440,-839608,-172510,-681772
46008,2219008,5275648,-692520,-71412,-296713
46018,2219008,4238336,-457504,-18428,28370
46028,816128,3236864,-548448,-80044,-140284
46038,816128,2395136,-357744,-22032,47495
46048,331776,1612800,-290232,-33768,35040
46058,331776,1043456,-161240,-8721,75633
46068,-7168,621568,-142448,-31348,-14744
46078,-99328,295936,-89552,-22156,-26230
46088,-99328,50176,-33872,-6109,2128
46098,-99328,-164864,14848,-1590,34039
46108,-65536,-361472,67048,1535,96659
46118,-10240,-483328,107184,6518,139894
46128,0,-495616,112288,2485,92476
46138,0,-474112,107416,625,56183
46148,0,-497664,112752,158,88538
46158,0,-495616,112288,29,114400
46168,0,-447488,101384,0,95439
46178,15360,-331776,78648,1691,38884
46188,15360,-355328,83984,417,98035
46198,196608,-288768,109968,27758,132842
46208,196608,-207872,91640,7141,65781
46218,196608,-157696,80272,1953,47312
46228,394240,-110592,114376,11225,105841
46238,401408,25600,85144,3625,26437
46248,401408,69632,75168,988,44370
46258,443392,140288,68672,5883,55548
46268,496640,239616,58232,7121,37465
46278,600064,277504,73080,9584,86068
46288,1868800,415744,329208,183950,467803
46298,2341888,490496,419456,99594,491744
46308,3861504,890880,673032,132553,659993
46318,6643712,1615872,1139120,262651,1067791
46328,6643712,2933760,840536,67714,309875
46338,8246272,4380672,875800,130163,331411
46348,8246272,5697536,577448,35788,-23733
46358,8501248,6827008,379320,33979,-98941
46368,8501248,7565312,212048,8750,-125090
46378,8501248,7979008,118320,2395,-30264
46388,8501248,8273920,51504,605,12251
46398,8501248,8502272,-232,153,-6534
46408,8501248,8543232,-9512,29,89796
46418,4789248,8721408,-890880,-360525,-1221144
46428,4789248,8384512,-814552,-92984,-764585
46438,4255744,7380992,-708064,-78206,-345045
46448,4255744,6336512,-471424,-21526,14247
46458,4255744,5317632,-240584,-5564,213109
46468,3107840,4606976,-339648,-83438,-49912
46478,3107840,4218880,-251720,-21531,-84320
46488,2317312,3707904,-315056,-57691,-170107
46498,1992704,3343360,-306008,-31385,-197424
46508,974848,2835456,-421544,-100784,-349698
46518,642048,2287616,-373056,-47950,-236482
46528,379904,1672192,-292784,-46163,-124097
46538,345088,963584,-140128,-15088,87470
46548,246784,499712,-57304,-10645,83812
46558,27648,8192,4408,-30313,108642
46568,27648,-252928,63568,-8350,114856
46578,27648,-421888,101848,-2168,85836
46588,-7168,-705536,158224,-2129,200186
46598,-4096,-778240,175392,-320,175318
46608,-4096,-844800,190472,-96,173602
46618,-16384,-1005568,224112,-1104,281341
46628,-16384,-1057792,235944,-296,301180
46638,-250880,-975872,164256,-14585,156571
46648,-541696,-906240,82592,-35367,28018
46658,-616448,-836608,49880,-15518,-4507
46668,-616448,-920576,68904,-4019,114777
46678,-684032,-1060864,85376,-4144,189669
46688,-684032,-1114112,97440,-1080,175282
46698,-684032,-1198080,116464,-313,177841
46708,-595968,-1213440,139896,10288,169267
46718,-575488,-1295360,163096,4279,227609
46728,-550912,-1285120,166344,2678,232650
46738,-515072,-1241088,164488,2814,237791
46748,-493568,-1094656,136184,2597,152491
46758,-497664,-1060864,127600,417,167058
46768,-497664,-997376,113216,95,133806
46778,-497664,-1077248,131312,14,222394
46788,-550912,-1048576,112752,-8125,173619
46798,-556032,-1051648,112288,-2852,174325
46808,-575488,-1079296,114144,-2305,191636
46818,-585728,-1082368,112520,-1167,187402
46828,-580608,-1108992,119712,231,214624
46838,-575488,-1088512,116232,454,201282
46849,-550912,-1070080,117624,3618,208067
46859,-550912,-1060864,115536,983,219322
46869,-510976,-991232,108808,3234,195467
46879,-472064,-979968,115072,2934,230705
46889,-472064,-942080,106488,793,220721
46899,-353280,-933888,131544,9106,269131
46909,-353280,-906240,125280,2490,246053
46919,-349184,-918528,128992,1052,268159
46929,-349184,-835584,110200,275,222408
46939,-349184,-715776,83056,58,138800
46949,-349184,-745472,89784,0,225709
46959,-349184,-576512,51504,0,123799
46969,-349184,-576512,51504,0,173341
46979,-349184,-546816,49184,0,197533
46989,-349184,-593920,55448,0,224659
46999,-349184,-570368,50112,0,186195
47009,-349184,-632832,64264,0,228580
47019,-349184,-560128,47792,0,167765
47029,-349184,-447488,22272,-267,98421
47039,-332800,-494592,36656,1506,198965
47049,-309248,-402432,21112,2031,145440
47059,-212992,-468992,58000,11865,252274
47069,-182272,-437248,57768,6030,224504
47079,-169984,-386048,48952,2348,206668
47089,-151552,-279552,29000,3103,143265
47099,-151552,-269312,26680,788,176531
47109,-151552,-174080,5104,190,119595
47119,-154624,-178176,5336,-108,149213
47129,-154624,-194560,9048,-40,178626
47139,-154624,-179200,5568,-37,171403
47149,-154624,-217088,14152,-37,190418
47159,-154624,-290816,30856,-37,235958
47169,-154624,-311296,35496,-37,219568
47179,-154624,-300032,32944,-37,182868
47189,-154624,-325632,38744,-37,215869
47199,-154624,-172032,3944,-37,114954
47209,-154624,-169984,-1624,-37,145565
47219,-154624,-103424,-11600,-37,139409
47229,-154624,-132096,-5104,-37,168293
47239,-148480,-122880,-5800,737,146232
47249,-145408,-206848,13920,454,206172
47259,-145408,-144384,-232,109,134074
47269,-96256,-176128,18096,3210,186192
47279,-93184,-129024,8120,1076,172294
47289,-87040,-92160,1160,690,157252
47299,-80896,-136192,12528,444,218036
47309,-62464,-26624,-8120,1672,135262
47319,-50176,-51200,232,1206,175385
47329,-28672,-32768,928,2832,181387
47339,-22528,-51200,6496,1208,185435
47349,-22528,-41984,4408,319,173429
47359,-10240,-23552,3016,817,157936
47369,-7168,-15360,1856,476,169934
47379,-7168,98304,-23896,109,77372
47389,-7168,72704,-18096,17,132064
47399,-7168,151552,-35960,0,78335
47409,0,96256,-21808,405,130878
47419,0,60416,-13688,100,143331
47429,0,30720,-6960,14,145642
47439,0,12288,-2784,0,139341
47449,0,-5120,1160,0,153033
47459,0,60416,-13688,0,96995
47469,0,41984,-9512,0,127903
47479,0,95232,-21576,0,80099
47489,0,66560,-15080,0,134087
47499,0,91136,-20648,0,90944
47509,0,91136,-20648,0,100482
47519,0,52224,-11832,0,138701
47529,0,90112,-20416,0,104978
47539,0,39936,-9048,0,149875
47549,-10240,53248,-14384,-826,123097
47559,-13312,69632,-18792,-396,103892
47569,-173056,36864,-47560,-16666,69969
47579,-173056,38912,-48024,-4598,55775
47589,-994304,-31744,-218080,-73892,-175191
47599,-994304,-218112,-175856,-19070,-29278
47609,-3738624,-421888,-751448,-211148,-825889
47619,-11681792,-1057792,-2407000,-1049441,-3131842
47629,-17213440,-2443264,-3346368,-861731,-3505147
47639,-17213440,-5217280,-2717880,-222225,-1578124
47649,-17213440,-8877056,-1888712,-57317,-152836
47659,-17213440,-12266496,-1120792,-15782,646109
47669,-17213440,-14899200,-524320,-4085,838317
47679,-17213440,-16393216,-185832,-1065,608084
47689,-17213440,-17007616,-46632,-306,283676
47699,-17213440,-17192960,-4640,-96,37042
47709,-14286848,-17164288,651920,139716,736377
47719,-7600128,-16854016,2096584,687844,2659719
47729,-5798912,-15798272,2265480,296130,2037829
47739,-2848768,-13888512,2501192,477082,2016487
47749,-1698816,-11485184,2217224,227717,1253290
47759,-1698816,-8856576,1621680,58706,409070
47769,-1698816,-6553600,1099912,16135,-71761
47779,-1698816,-4773888,696696,4147,-186724
47789,-1698816,-3640320,439872,1127,-126697
47799,0,-3039232,688576,213867,686217
47809,0,-2472960,550304,55136,454858
47819,0,-1855488,420384,15153,319321
47829,0,-1145856,259608,3894,123105
47839,113664,-643072,171448,11403,108898
47849,234496,-267264,113680,10893,144512
47859,670720,110592,126904,48598,214973
47869,1032192,327680,159616,43374,308199
47879,2171904,646144,345680,82370,518584
47889,6854656,1040384,1317296,573186,1958702
47899,6854656,1950720,1111048,157648,1064940
47910,6854656,3473408,766064,40642,311586
47920,14973952,5344256,2181728,351235,1814674
47930,14973952,7724032,1642560,96599,758004
47940,14834688,10430464,997832,16828,-53714
47950,14834688,12642304,496712,4326,-354065
47960,11016192,13966336,-668392,-324776,-1502014
47970,6372352,14282752,-1792200,-792356,-2631541
47980,5677056,13485056,-1769000,-299913,-1771848
47990,5677056,11438080,-1305232,-77349,-479424
48000,2582528,8886272,-1428192,-258362,-466081
48010,1116160,6354944,-1186912,-190345,-56986
48020,726016,4197376,-786480,-80315,245968
48030,726016,2604032,-425488,-22103,416262
48040,187392,1699840,-342664,-38426,95281
48050,138240,1140736,-227128,-13611,44196
48060,3072,637952,-143840,-11590,25459
48070,3072,268288,-60088,-3003,58398
48080,0,-19456,4408,-1084,68463
48090,0,-362496,82128,-293,145361
48100,0,-665600,150800,-96,226161
48110,0,-802816,181888,-37,187044
48120,0,-965632,218776,-37,235106
48130,0,-970752,219936,-37,203455
48140,0,-970752,219936,-37,223082
48150,0,-825344,186992,-37,125617
48160,0,-747520,169360,-37,123175
48170,0,-622592,141056,-37,84761
48180,12288,-588800,136184,1838,125360
48190,12288,-492544,114376,458,85927
48200,70656,-497664,128760,4211,148894
48210,153600,-438272,134096,9741,145265
48220,181248,-450560,143144,5361,185344
48230,181248,-363520,123424,1462,134297
48240,181248,-355328,121568,366,170292
48250,181248,-254976,98832,80,147757
48260,432128,-176128,137808,18828,186678
48270,447488,-148480,135024,5627,204027
48280,458752,-7168,105560,2702,120689
48290,466944,58368,92568,1262,121794
48300,483328,156672,74008,1166,89239
48310,1232896,208896,232000,73090,332342
48320,3657728,318464,756552,189382,964519
48330,12988416,906240,2737368,1303420,3835770
48340,12988416,2170880,2450848,336096,2175426
48350,12988416,4549632,1911912,92431,763206
48360,15838208,7488512,1891728,156713,421030
48370,15838208,10271744,1261152,40395,-323448
48380,15985664,12147712,869536,21469,-360832
48390,13495296,13113344,86536,-290440,-900137
48400,10908672,13308928,-543808,-331121,-1050519
48410,9031680,12688384,-828472,-209168,-744340
48420,6111232,11383808,-1194568,-421136,-918643
48430,4637696,9700352,-1147008,-258963,-394044
48440,3280896,8044544,-1079264,-156258,-156142
48450,1545216,6363136,-1091560,-258531,-285302
48460,1545216,5122048,-810376,-71124,12482
48470,1545216,4017152,-560048,-18353,163428
48480,398336,3232768,-642176,-59832,-164588
48490,398336,2362368,-444976,-15442,30040
48500,73728,1767424,-383728,-24063,-48103
48510,0,1108992,-251256,-15901,58838
48520,0,526336,-119248,-4117,150981
48530,0,100352,-22736,-1146,171263
48540,0,-219136,49648,-311,146300
48550,-4096,-484352,108808,-447,171858
48560,-7168,-709632,159152,-330,225356
48570,-90112,-793600,159384,-9878,171131
48580,-203776,-859136,148480,-13079,147367
48590,-203776,-867328,150336,-3387,140670
48600,-611328,-885760,62176,-23670,17123
48610,-611328,-1024000,93496,-6116,127398
48620,-1325056,-1107968,-49184,-45713,-53232
48630,-1772544,-1303552,-106256,-32623,-42653
48640,-2912256,-1591296,-299280,-105713,-265359
48650,-2912256,-1999872,-206712,-27276,-50027
48660,-6576128,-2663424,-886472,-191231,-756723
48670,-6576128,-3819520,-624544,-49332,-150278
48680,-7145472,-5164032,-448920,-99612,70518
48690,-7071744,-6251520,-185832,-18724,349758
48700,-6926336,-6904832,-4872,6796,335084
48710,-6644736,-7206912,137112,17038,327579
48720,-5216256,-7276544,466784,162524,667707
48730,-4638720,-7183360,576520,88115,660507
48740,-2669568,-6626304,896448,324697,1021195
48750,-1772544,-5871616,928696,182844,761843
48760,-1482752,-4961280,788104,68879,386943
48770,-975872,-3866624,654936,48308,187718
48780,-696320,-2914304,502512,41406,98962
48790,-601088,-2154496,351944,17810,34012
48800,-570368,-1688576,253344,7055,76154
48810,-570368,-1335296,173304,1806,93212
48820,-565248,-1180672,139432,866,167835
48830,-472064,-1033216,127136,12722,213939
48840,-380928,-914432,117392,12707,199557
48850,-380928,-906240,119016,3483,254633
48860,-99328,-766976,151264,41169,278854
48870,-71680,-642048,129224,14174,200730
48880,-71680,-527360,103240,3642,170865
48890,0,-371712,84216,4580,179175
48900,0,-224256,50808,1245,104364
48910,0,-138240,31320,307,126622
48920,0,-27648,6264,73,113638
48930,0,24576,-5568,4,126768
48940,0,35840,-8120,0,152648
48950,0,52224,-11832,0,149131
48960,0,39936,-9048,0,153158
48970,0,50176,-11368,0,133263
48980,0,34816,-7888,0,132769
48990,0,-29696,6728,0,181521
49000,0,-23552,5336,0,166591
49010,0,-12288,2784,0,149003
49020,0,-25600,5800,0,166953
49030,0,31744,-7192,0,122104
49040,0,68608,-15544,0,97783
49050,0,2048,-464,0,152056
49060,0,46080,-10440,0,119502
49070,0,51200,-11600,0,117747
49080,0,-11264,2552,0,181230
49090,0,19456,-4408,0,154326
49100,0,31744,-7192,0,141592
49110,0,-13312,3016,0,184862
49120,0,78848,-17864,0,94552
49130,-7168,82944,-20416,-904,86511
49140,-13312,50176,-14384,-806,130220
49150,-13312,65536,-17864,-220,116010
49160,-142336,41984,-41760,-16297,91453
49170,-142336,27648,-38512,-4217,114181
49180,-212992,38912,-57072,-5467,66214
49190,-212992,-11264,-45704,-1514,96196
49200,-359424,-44032,-71456,-12903,35539
49210,-480256,-130048,-79344,-10345,40411
49220,-643072,-164864,-108344,-22049,-36281
49230,-940032,-323584,-139664,-29466,-42474
49240,-940032,-431104,-115304,-8118,-18134
49250,-1366016,-600064,-173536,-19983,-97530
49260,-1366016,-891904,-107416,-5167,37612
49270,-1366016,-1134592,-52432,-1431,107287
49281,-2420736,-1360896,-240120,-44646,-148348
49291,-2420736,-1666048,-170984,-11526,-11370
49301,-2583552,-2058240,-119016,21491,94621
49311,-2583552,-2421760,-36656,5527,162711
49321,-1259520,-2685952,323176,107465,612653
49331,-1259520,-2627584,309952,27697,353127
49341,-356352,-2392064,461216,100693,476666
49351,-154624,-1945600,405768,43830,257502
49361,9216,-1427456,325496,36289,132439
49371,9216,-937984,214600,9343,2302
49381,3072,-556032,126672,2092,-55454
49391,0,-315392,71456,361,-27082
49401,-4096,-210944,46864,-367,32550
49411,-4096,-82944,17864,-110,14112
49421,-4096,-92160,19952,-42,77379
49431,0,-112640,25520,390,113399
49441,0,-105472,23896,87,98525
49451,0,-65536,14848,12,49929
49461,175104,-77824,57304,18132,120485
49471,358400,-113664,106952,17553,203157
49481,984064,-90112,243368,94321,416510
49491,984064,81920,204392,24309,237394
49501,984064,231424,170520,6254,183037
49511,984064,457728,119248,1708,99448
49521,6782976,690176,1380400,563632,1903990
49531,8415232,1305600,1610776,252956,1626749
49541,8415232,2831360,1265096,69562,717847
49551,13495296,4819968,1965504,511311,1645428
49561,13495296,6983680,1475288,131835,643085
49571,11794432,9097216,611088,-214227,-578797
49581,11794432,10929152,196040,-55254,-661433
49591,11794432,11872256,-17632,-15210,-462455
49601,11794432,12045312,-56840,-3934,-70992
49611,11794432,11909120,-25984,-1028,163489
49621,1628160,11682816,-2278008,-670657,-2879770
49631,1628160,10511360,-2012600,-172959,-1677612
49641,1628160,8286208,-1508464,-44612,-558983
49651,1628160,5741568,-931944,-12286,323455
49661,0,3687424,-835432,-82044,143121
49671,-13312,2036736,-464464,-22308,316481
49681,-10240,1096704,-250792,-5960,215874
49691,-10240,530432,-122496,-1546,82826
49701,-68608,219136,-65192,-5394,-26511
49711,-68608,5120,-16704,-1500,-50816
49721,-643072,-234496,-92568,-38658,-179589
49731,-643072,-512000,-29696,-10647,-69426
49741,-1829888,-845824,-222952,-76126,-305572
49751,-2818048,-1350656,-332456,-61121,-317468
49761,-5442560,-1954816,-790192,-240857,-899228
49771,-5442560,-2920448,-571416,-62125,-363851
49781,-8763392,-4099072,-1056760,-408531,-1048563
49791,-8942592,-5303296,-824528,-119703,-494700
49801,-8942592,-6612992,-527800,-32940,-305885
49811,-10181632,-8048640,-483256,-97974,-81797
49821,-12380160,-9177088,-725696,-201221,-540073
49831,-12989440,-10180608,-636376,-90674,-416265
49841,-12989440,-11416576,-356352,-23396,-17773
49851,-10909696,-12413952,340808,171079,840657
49861,-7293952,-12967936,1285512,595817,2033531
49871,-6306816,-12739584,1457424,262709,1663530
49881,-6306816,-11514880,1179952,72248,716169
49891,-1024000,-9665536,1957848,388645,1450408
49901,-879616,-7404544,1478304,115163,455119
49911,-879616,-5271552,995048,31662,-102051
49921,-332800,-3485696,714328,37863,-153160
49931,-148480,-2362368,488592,28845,-74481
49941,-148480,-1631232,335936,7919,24589
49951,-71680,-1213440,258680,13012,152341
49961,-71680,-931840,194880,3564,182751
49971,-111616,-652288,122496,-2093,130531
49981,-74752,-467968,89088,4724,140187
49991,-53248,-328704,62408,3515,163073
50001,-53248,-113664,13688,893,81533
50011,184320,38912,37584,26113,149372
50021,184320,86016,22272,7175,157405
50031,184320,206848,-5104,1833,117364
50041,642048,335872,69368,23808,199711
50051,1848320,430080,321320,123281,570702
50061,1848320,689152,262624,31777,340354
50071,4119552,1052672,694840,313322,1018411
50081,4892672,1642496,736368,155866,786425
50091,4892672,2376704,570024,42856,438482
50101,7677952,3453952,957000,203417,862777
50111,8941568,4