R
Px,Ix,Dx,Py,Iy,Dy,Pz,Iz,FFrx,FFry,FFdrx,FFdry,satI,satPID,KFQAng,KFQbias,KFRmeas,CPx,CIx,CPy,CIy,CsatI,CsatPID,CFFdrx,CFFdry,CFalpha,iRelaxX,IRelaxY,DmaxR,DmaxE,DMx,DMy
58,80,47,58,80,47,250,0,0,0,90,0,500000,15000000,10,1,1000,0,0,0,0,0,0,0,0,0.995,1024,1024,0,0,0,0
sysTickMs,PIDRefXi,PIDSensXi,PIDPoutXi,PIDFFoutXi,PIDUXi
64221,0,-658432,149176,0,460988
64231,0,-658432,149176,0,460988
64241,0,-658432,149176,0,460988
64251,0,-658432,149176,0,460988
64261,0,-658432,149176,0,460988
64271,0,-658432,149176,0,460988
64281,0,-658432,149176,0,460988
64291,0,-658432,149176,0,460988
64301,0,-658432,149176,0,460988
64311,0,-658432,149176,0,460988
64321,0,-658432,149176,0,460988
64331,0,-658432,149176,0,460988
64341,0,-658432,149176,0,460988
64351,0,-658432,149176,0,460988
64361,0,-658432,149176,0,460988
64371,0,-658432,149176,0,460988
64381,0,-658432,149176,0,460988
64391,0,-658432,149176,0,460988
64401,0,-658432,149176,0,460988
64411,0,-658432,149176,0,460988
64421,0,-658432,149176,0,460988
64431,0,-658432,149176,0,460988
64441,0,-658432,149176,0,460988
64451,0,-658432,149176,0,460988
64461,0,-658432,149176,0,460988
64471,0,-658432,149176,0,460988
64481,0,-658432,149176,0,460988
64491,0,-658432,149176,0,460988
64501,0,-658432,149176,0,460988
64511,0,-658432,149176,0,460988
64521,0,-658432,149176,0,460988
64531,0,-658432,149176,0,460988
64541,0,-658432,149176,0,460988
64551,0,-658432,149176,0,460988
64561,0,-658432,149176,0,460988
64571,0,-658432,149176,0,460988
64581,0,-658432,149176,0,460988
64591,0,-658432,149176,0,460988
64601,0,-658432,149176,0,460988
64611,0,-658432,149176,0,460988
64621,0,-658432,149176,0,460988
64631,0,-658432,149176,0,460988
64641,0,-658432,149176,0,460988
64651,0,-658432,149176,0,460988
64661,0,-658432,149176,0,460988
64671,0,-658432,149176,0,460988
64681,0,-658432,149176,0,460988
64691,0,-658432,149176,0,460988
64701,0,-658432,149176,0,460988
64711,0,-658432,149176,0,460988
64721,0,-658432,149176,0,460988
64731,0,-658432,149176,0,460988
64741,0,-658432,149176,0,460988
64751,0,-658432,149176,0,460988
64761,0,-658432,149176,0,460988
64771,0,-658432,149176,0,460988
64781,0,-658432,149176,0,460988
64791,0,-658432,149176,0,460988
64801,0,-658432,149176,0,460988
64811,0,-658432,149176,0,460988
64821,0,-658432,149176,0,460988
64831,0,-658432,149176,0,460988
64841,0,-658432,149176,0,460988
64851,0,-658432,149176,0,460988
64861,0,-658432,149176,0,460988
64871,0,4096,-928,0,-2813
64881,0,0,0,0,1124
64891,0,-6144,1392,0,1430
64901,0,-1024,232,0,1843
64911,0,0,0,0,996
64921,0,-6144,1392,0,6183
64931,0,-2048,464,0,1619
64941,0,4096,-928,0,-3768
64951,0,4096,-928,0,-3148
64961,0,6144,-1392,0,-4969
64971,0,5120,-1160,0,-1238
64981,0,-3072,696,0,4460
64991,0,9216,-2088,0,-8369
65001,0,2048,-464,0,2918
65011,0,0,0,0,286
65021,0,8192,-1856,0,-6494
65031,0,0,0,0,9691
65041,0,-18432,4176,0,14743
65051,0,34816,-7888,0,-23564
65061,0,-20480,4640,0,22487
65071,0,9216,-2088,0,-6583
65081,0,-1024,232,0,7246
65091,0,-14336,3248,0,12358
65101,0,18432,-4176,0,4932
65111,0,29696,-6728,0,-20924
65121,0,-3072,696,0,8131
65131,0,-11264,2552,0,13811
65141,0,-27648,6264,0,21935
65151,0,-17408,3944,0,6959
65161,0,5120,-1160,0,-14703
65171,0,9216,-2088,0,-5255
65181,0,-5120,1160,0,-2418
65191,0,-7168,1624,0,2817
65201,0,-5120,1160,0,-1050
65211,0,-6144,1392,0,-3471
65221,0,-7168,1624,0,-1904
65231,0,-30720,6960,0,20094
65241,0,-34816,7888,0,13884
65251,0,-17408,3944,0,2731
65261,0,19456,-4408,0,-30289
65271,0,-23552,5336,0,12474
65281,0,-74752,16936,0,49200
65292,0,5120,-1160,0,-30249
65302,0,-3072,696,0,-11252
65312,0,-69632,15776,0,46950
65322,0,-13312,3016,0,-5085
65332,0,-82944,18792,0,46122
65342,0,-51200,11600,0,2673
65352,0,-71680,16240,0,21781
65362,0,-77824,17632,0,15849
65372,0,-103424,23432,0,35412
65382,0,-110592,25056,0,43826
65392,0,-105472,23896,0,38801
65402,0,-129024,29232,0,40480
65412,0,-188416,42688,0,70100
65422,0,-198656,45008,0,48366
65432,0,-234496,53128,0,64341
65442,0,-275456,62408,0,100316
65452,0,-313344,70992,0,132166
65462,0,-323584,73312,0,130622
65472,0,-271360,61480,0,78574
65482,0,-227328,51504,0,40959
65492,0,-229376,51968,0,56827
65502,0,-286720,64960,0,122141
65512,0,-281600,63800,0,112728
65522,6144,-221184,51504,384,56453
65532,9216,-221184,52200,466,67800
65542,9216,-250880,58928,107,105715
65552,12288,-235520,56144,214,95364
65562,12288,-209920,50344,41,76460
65572,30720,-241664,61712,1658,113330
65582,39936,-246784,64960,975,113448
65592,61440,-208896,61248,2927,81517
65602,61440,-264192,73776,741,134121
65612,76800,-297984,84912,1730,148018
65622,79872,-362496,100224,845,195636
65632,79872,-316416,89784,203,145060
65642,89088,-363520,102544,609,193373
65652,89088,-253952,77720,142,106963
65662,116736,-238592,80504,2351,128666
65672,122880,-194560,71920,1005,117651
65682,156672,-123904,63568,4183,92141
65692,156672,-131072,65192,1137,126241
65702,181248,-44032,51040,4232,90701
65712,184320,-37888,50344,1408,120117
65722,184320,110592,16704,370,35547
65732,190464,188416,464,1071,48122
65742,190464,208896,-4176,263,72791
65752,215040,228352,-3016,2002,73440
65762,231424,179200,11832,1441,121704
65772,231424,206848,5568,384,93726
65782,269312,251904,3944,3084,69667
65792,269312,205824,14384,777,112860
65802,269312,183296,19488,200,125741
65812,269312,243712,5800,38,61517
65822,311296,285696,5800,3419,81047
65832,311296,287744,5336,925,62158
65842,324608,347136,-5104,1205,37169
65852,324608,396288,-16240,313,1595
65862,369664,373760,-928,4680,67153
65872,387072,286720,22736,2480,149668
65882,387072,271360,26216,664,149543
65892,387072,352256,7888,153,71402
65902,419840,363520,12760,2458,85938
65912,455680,407552,10904,2543,87684
65922,466944,495616,-6496,1793,45786
65932,466944,516096,-11136,475,49968
65942,549888,431104,26912,4284,151981
65952,549888,438272,25288,1090,117822
65962,648192,379904,60784,7572,175602
65972,701440,325632,85144,4617,212602
65982,773120,407552,82824,8596,161364
65992,773120,413696,81432,2202,176898
66002,886784,518144,83520,15625,155147
66012,904192,576512,74240,5951,140563
66022,904192,600064,68904,1521,159501
66032,904192,697344,46864,406,106901
66042,904192,690176,48488,90,150847
66052,912384,780288,29928,538,100850
66062,904192,846848,12992,-954,75578
66072,920576,875520,10208,1310,100732
66082,939008,974848,-8120,1524,55414
66092,939008,958464,-4408,409,102015
66102,965632,999424,-7656,2482,87541
66112,965632,1026048,-10440,623,88029
66122,965632,991232,-5800,153,118104
66132,965632,1033216,-15312,27,87160
66142,965632,1018880,-12064,0,102109
66152,965632,1027072,-13920,0,90148
66162,965632,951296,3248,0,138156
66172,920576,990208,-15776,-4911,80136
66182,920576,935936,-3480,-1280,124660
66192,904192,948224,-9976,-1846,96278
66202,904192,964608,-13688,-495,74600
66212,904192,876544,6264,-146,127284
66222,886784,911360,-5568,-1624,79595
66232,886784,846848,9048,-437,127420
66242,780288,831488,-11600,-13376,87374
66252,780288,842752,-14152,-3467,74554
66262,695296,778240,-18792,-6103,88260
66272,695296,774144,-17864,-1692,70576
66282,695296,693248,464,-454,113636
66292,636928,650240,-3016,-3706,101529
66302,631808,654336,-5104,-1566,69215
66312,625664,572416,12064,-907,110143
66322,631808,601088,6960,727,56721
66332,631808,525312,24128,173,106387
66342,631808,499712,29928,35,104658
66352,636928,504832,29928,823,87585
66362,636928,506880,29464,200,80846
66372,625664,534528,20648,-907,53207
66382,625664,533504,20880,-248,62211
66392,600064,556032,9976,-3066,37001
66402,594944,500736,21344,-1212,88155
66412,594944,538624,12760,-330,46669
66422,594944,487424,24360,-108,91076
66432,594944,507904,19720,-42,60857
66442,594944,522240,16472,-42,67005
66452,605184,532480,16472,1082,62189
66462,605184,550912,12296,263,66884
66472,615424,569344,10440,1606,66570
66482,615424,552960,14152,398,90508
66492,615424,490496,28304,96,141789
66502,615424,503808,25288,10,116444
66512,615424,465920,33872,0,134324
66522,615424,484352,29696,0,121042
66532,620544,442368,40368,722,154315
66542,620544,481280,31552,186,114215
66552,620544,460800,36192,35,132212
66563,620544,496640,28072,0,102010
66573,620544,518144,23200,0,100352
66583,620544,539648,18328,0,92125
66593,648192,591872,12760,1376,64799
66603,648192,611328,8352,359,62375
66613,653312,621568,7192,436,82622
66623,653312,664576,-2552,107,75510
66633,653312,693248,-9048,13,76990
66643,653312,724992,-16240,0,63433
66653,648192,722944,-16936,-728,67809
66663,648192,751616,-23432,-206,37290
66673,648192,726016,-17632,-75,29112
66683,648192,710656,-14152,-42,45208
66693,636928,687104,-11368,-1116,50020
66703,636928,672768,-8120,-325,52132
66713,636928,616448,4640,-102,91089
66723,569344,587776,-4176,-6535,93945
66733,569344,547840,4872,-1701,107176
66743,569344,540672,6496,-454,98561
66753,569344,517120,11832,-141,109808
66763,483328,549888,-15080,-5658,40158
66773,483328,527360,-9976,-1569,27879
66783,483328,451584,7192,-423,85504
66793,479232,283648,44312,-393,198214
66803,458752,269312,42920,-2843,162983
66813,443392,265216,40368,-2132,128800
66823,409600,194560,48720,-6364,152070
66833,391168,218112,39208,-4057,106726
66843,384000,192512,43384,-1706,126861
66853,345088,225280,27144,-7133,86678
66863,345088,206848,31320,-1975,109012
66873,269312,199680,15776,-6922,81897
66883,249856,153600,21808,-3189,108582
66893,208896,55296,34800,-5933,158694
66903,172032,51200,27376,-4656,132227
66913,98304,-23552,27608,-9537,159517
66923,98304,9216,20184,-2472,111602
66933,98304,-59392,35728,-698,157916
66943,-4096,-69632,14848,-6452,105224
66953,-4096,-128000,28072,-1681,131572
66963,-4096,-168960,37352,-478,138930
66973,-4096,-160768,35496,-141,112847
66983,-4096,-229376,51040,-55,165168
66993,-4096,-186368,41296,-42,113201
67003,-13312,-260096,55912,-558,152161
67013,-13312,-218112,46400,-171,125588
67023,-40960,-259072,49416,-2244,152554
67033,-77824,-254976,40136,-6565,133354
67043,-80896,-251904,38744,-2041,145624
67053,-80896,-192512,25288,-544,99831
67063,-93184,-218112,28304,-2143,129347
67073,-93184,-205824,25520,-572,121347
67083,-111616,-193536,18560,-1530,114177
67093,-123904,-200704,17400,-1140,123981
67103,-123904,-197632,16704,-311,126706
67113,-123904,-261120,31088,-102,172252
67123,-229376,-289792,13688,-5708,140258
67133,-267264,-413696,33176,-5367,203443
67143,-267264,-398336,29696,-1489,154658
67153,-315392,-464896,33872,-7210,169019
67163,-315392,-417792,23200,-2000,114578
67173,-363520,-468992,23896,-4096,142559
67183,-385024,-476160,20648,-2228,124122
67193,-433152,-472064,8816,-5562,88206
67203,-497664,-491520,-1392,-6235,80891
67213,-575488,-513024,-14152,-12635,59803
67223,-585728,-601088,3480,-4538,128213
67233,-585728,-606208,4640,-1190,105833
67243,-643072,-693248,11368,-4321,144679
67253,-643072,-742400,22504,-1127,161324
67263,-714752,-771072,12760,-5290,146579
67273,-788480,-823296,7888,-11899,148058
67283,-809984,-819200,2088,-5148,118812
67293,-809984,-914432,23664,-1346,182330
67303,-897024,-877568,-4408,-6875,90691
67313,-913408,-942080,6496,-3365,127110
67323,-913408,-988160,16936,-943,148625
67333,-948224,-1032192,19024,-4876,153291
67343,-975872,-1098752,27840,-3763,172694
67353,-1004544,-1136640,29928,-3046,169560
67363,-1024000,-1240064,48952,-1717,224500
67373,-1024000,-1216512,43616,-481,169604
67383,-1271808,-1270784,-232,-16299,125724
67393,-1467392,-1265664,-45704,-28535,32202
67403,-1482752,-1318912,-37120,-9342,62282
67413,-1514496,-1448960,-14848,-2860,129746
67423,-1514496,-1488896,-5800,-750,105927
67433,-1579008,-1611776,7424,-6027,147405
67443,-1562624,-1683456,27376,1246,168213
67453,-1562624,-1738752,39904,329,182802
67463,-1579008,-1787904,47328,-1404,189898
67473,-1579008,-1747968,38280,-377,151582
67483,-1579008,-1785856,46864,-119,156511
67493,-1562624,-1750016,42456,1337,122211
67503,-1562624,-1805312,54984,357,168352
67513,-1562624,-1788928,51272,76,147972
67523,-1579008,-1810432,52432,-1379,163535
67533,-1629184,-1869824,54520,-8449,173334
67543,-1646592,-1797120,34104,-4368,133822
67553,-1646592,-1798144,34336,-1140,146838
67563,-1646592,-1793024,33176,-330,149582
67573,-1646592,-1754112,24360,-102,115477
67583,-1664000,-1823744,36192,-1514,172719
67593,-1664000,-1829888,37584,-402,166038
67603,-1664000,-1881088,49184,-119,210783
67613,-1681408,-1884160,45936,-1519,196006
67623,-1698816,-1850368,34336,-1404,150691
67633,-1681408,-1891328,47560,1524,184152
67643,-1681408,-1917952,53592,409,200834
67653,-1681408,-1944576,59624,1719,222328
67663,-1681408,-2004992,73312,455,264737
67673,-1681408,-1966080,64496,104,208318
67683,-1629184,-2012160,86768,8421,257743
67693,-1611776,-1994752,86768,4056,228631
67703,-1611776,-2017280,91408,1029,238991
67713,-1579008,-2051072,106952,2145,277492
67723,-1453056,-1981440,119712,14298,265655
67733,-1453056,-2003968,124816,3672,280940
67743,-1453056,-1936384,109504,997,231237
67753,-1453056,-1972224,117624,241,284809
67763,-1453056,-1882112,97208,49,224949
67773,-1453056,-1878016,96280,0,255273
67783,-1423360,-1806336,86768,3037,228630
67793,-1423360,-1835008,93264,823,274054
67804,-1325056,-1829888,114376,5476,305723
67814,-1325056,-1803264,108344,1488,292577
67824,-1325056,-1786880,104632,370,293792
67834,-1325056,-1702912,85608,82,250568
67844,-1013760,-1698816,155208,31898,382975
67854,-1013760,-1579008,128064,8212,289204
67864,-940032,-1505280,128064,6484,300937
67874,-913408,-1350656,99064,4496,233200
67884,-905216,-1289216,87000,1716,258648
67894,-871424,-1180672,70064,5234,235736
67904,-856064,-1156096,67976,2809,274087
67914,-856064,-1073152,49184,708,236843
67924,-734208,-1025024,65888,8088,268760
67934,-734208,-951296,49184,2065,244544
67944,-734208,-859136,28304,516,214567
67954,-497664,-830464,75400,31497,315982
67964,-456704,-736256,63336,12043,262411
67974,-456704,-698368,54752,3295,271469
67984,-302080,-548864,55912,9011,229526
67994,-302080,-478208,39904,2307,231044
68004,-260096,-388096,29000,3540,232842
68014,-260096,-224256,-8120,898,157355
68024,-260096,-206848,-12064,216,201541
68034,-260096,-143360,-26448,43,179681
68044,-253952,-89088,-37352,288,157080
68054,-241664,-120832,-27376,1098,204042
68064,-169984,-106496,-14384,9868,213442
68074,-136192,-54272,-18560,6731,173192
68084,-120832,-59392,-13920,3216,198643
68094,-74752,9216,-19024,4987,175920
68104,-74752,64512,-31552,1271,152971
68114,-53248,89088,-32248,2271,159629
68124,-53248,138240,-43384,574,132655
68134,-10240,165888,-39904,5487,140543
68144,-10240,156672,-37816,1395,158722
68154,0,221184,-50112,1994,108354
68164,0,226304,-51272,535,106543
68174,0,171008,-38744,123,156381
68184,0,177152,-40136,19,137570
68194,3072,174080,-38744,351,132458
68204,6144,131072,-28304,318,159872
68214,9216,164864,-35264,530,108083
68224,9216,143360,-30392,131,106521
68234,9216,71680,-14152,21,153217
68244,12288,65536,-12064,164,140887
68254,12288,25600,-3016,30,172997
68264,58368,57344,232,3633,154801
68274,107520,124928,-3944,4949,113125
68284,107520,107520,0,1263,132276
68294,107520,138240,-11832,310,90552
68304,165888,179200,-3016,3411,103565
68314,181248,161792,4408,2436,141738
68324,181248,214016,-7424,656,112231
68334,221184,187392,7656,4688,171900
68344,221184,211968,2088,1194,153667
68354,281600,240640,9280,4792,148267
68364,305152,197632,24360,2480,188876
68374,305152,267264,8584,664,124843
68384,305152,292864,2784,153,119406
68394,305152,300032,1160,27,133089
68404,305152,382976,-17632,0,73952
68414,305152,374784,-15776,0,98991
68424,458752,372736,19488,7723,151677
68434,492544,414720,17632,5570,130361
68444,509952,409600,22736,2633,169324
68454,584704,478208,24128,11282,169608
68464,600064,604160,-928,4369,104732
68474,600064,649216,-11136,1112,115333
68484,683008,760832,-17632,6056,81094
68494,683008,825344,-32248,1546,56109
68504,683008,820224,-31088,411,85177
68514,683008,847872,-37352,90,68770
68524,855040,884736,-6728,16528,96805
68534,855040,846848,1856,4529,126334
68544,904192,856064,10904,4957,135244
68554,904192,900096,928,1266,109227
68564,912384,875520,8352,903,154788
68574,920576,907264,3016,609,146487
68584,974848,1004544,-6728,5026,97611
68594,1003520,1037312,-7656,3240,96586
68604,1161216,1049600,25288,20429,159894
68614,1161216,1144832,3712,5251,76202
68624,1378304,1186816,43384,38693,148533
68634,1378304,1207296,38744,9959,145357
68644,1422336,1314816,24360,6685,99536
68654,1466368,1399808,15080,5984,85489
68664,1466368,1414144,11832,1524,117557
68674,1466368,1472512,-1392,409,100136
68684,1545216,1527808,3944,12779,119603
68694,1545216,1511424,7656,3501,158904
68704,1697792,1603584,21344,13765,145735
68714,1790976,1681408,24824,16690,140633
68724,1848320,1761280,19720,11260,116520
68734,1848320,1851392,-696,2889,72422
68744,1929216,1974272,-10208,9195,40943
68754,1929216,2010112,-18328,2513,56783
68764,1929216,2051072,-27608,631,64280
68774,1929216,2110464,-46864,151,18707
68784,1888256,2129920,-54752,-4450,34268
68794,1888256,2085888,-44776,-1160,80389
68804,2014208,2114560,-22736,9110,89548
68814,2014208,2102272,-19952,2337,93399
68824,2057216,2070528,-3016,3779,126898
68834,2057216,2125824,-15544,958,67496
68844,1992704,2165760,-39208,-6798,18042
68854,2035712,2137088,-22968,1422,74743
68865,2057216,2146304,-20184,3622,80499
68875,2079744,2209792,-29464,3224,30675
68885,2079744,2174976,-21576,818,59735
68895,2079744,2117632,-8584,2186,98598
68905,2079744,2085888,-1392,549,98970
68915,2242560,2092032,36192,11453,122902
68925,2317312,2079744,53824,13710,132127
68935,2341888,2058240,64264,5880,151847
68945,2341888,2150400,43384,1606,82803
68955,2317312,2230272,19720,-841,44879
68965,2317312,2283520,7656,-234,47806
68975,2317312,2344960,-6264,-80,32827
68985,2291712,2423808,-29928,-1327,-10529
68995,2291712,2425856,-30392,-377,8394
69005,2291712,2358272,-15080,-113,71748
69015,2291712,2366464,-16936,-42,45364
69025,2317312,2344960,-6264,2427,57336
69035,2317312,2246656,16008,615,125331
69045,2317312,2223104,21344,153,122422
69055,2317312,2258944,13224,27,75763
69065,2341888,2247680,21344,1590,97780
69075,2341888,2234368,24360,422,118373
69085,2341888,2312192,6728,96,50169
69095,2341888,2287616,12296,13,78482
69105,2317312,2245632,16240,-3261,96359
69115,2317312,2285568,7192,-855,46887
69125,2317312,2249728,15312,-248,68153
69135,2317312,2268160,11136,-80,48686
69145,2171904,2285568,-25752,-13126,-18030
69155,2148352,2231296,-18792,-5161,35617
69165,2124800,2184192,-13456,-4277,45945
69175,2124800,2095104,6728,-1190,85518
69185,2079744,1945600,30392,-8059,142520
69195,2079744,1881088,45008,-2236,147911
69205,2079744,1807360,61712,-594,166832
69215,1734656,1785856,-11600,-59409,14443
69225,1734656,1770496,-8120,-16356,54505
69235,1452032,1703936,-57072,-28087,16036
69245,1452032,1685504,-52896,-7260,13023
69255,1052672,1598464,-123656,-51661,-91867
69265,984064,1430528,-101152,-19128,-6176
69275,984064,1240064,-58000,-4947,37850
69285,780288,1080320,-67976,-25126,-2799
69295,780288,838656,-13224,-6491,88537
69305,713728,606208,24360,-5870,146309
69315,648192,491520,35496,-9169,95904
69325,605184,364544,54520,-5785,101596
69335,500736,229376,61480,-7993,122846
69345,416768,130048,64960,-11250,120042
69355,355328,111616,55216,-7779,61759
69365,294912,58368,53592,-7315,56620
69375,231424,-14336,55680,-8839,85225
69385,231424,-21504,57304,-2448,77682
69395,181248,-39936,50112,-8221,54380
69405,181248,-145408,74008,-2135,129261
69415,181248,-158720,76328,-566,105741
69425,181248,-168960,79344,-171,96694
69435,15360,-235520,56840,-17054,87394
69445,6144,-209920,48952,-5436,59980
69455,6144,-313344,72384,-1415,143215
69465,0,-327680,74240,-1006,124502
69475,0,-400384,90712,-292,170243
69485,0,-374784,84912,-91,130550
69495,-4096,-423936,95120,-432,164445
69505,-4096,-400384,89784,-132,134710
69515,-4096,-427008,95816,-50,146353
69525,-4096,-480256,107880,-42,185380
69535,-4096,-470016,105560,-42,162983
69545,-4096,-509952,114608,-42,197439
69555,-4096,-497664,111824,-42,198608
69565,-4096,-422912,94888,-42,138361
69575,-19456,-413696,89320,-800,150058
69585,-19456,-340992,72848,-220,104576
69595,-19456,-405504,87464,-75,175628
69605,-19456,-442368,95816,-42,217961
69615,-173056,-377856,46400,-14783,103783
69625,-173056,-390144,49184,-3829,123772
69635,-229376,-389120,36192,-4241,110969
69645,-264192,-475136,47792,-4244,161711
69655,-299008,-556032,58232,-5126,193086
69665,-299008,-547840,56376,-1426,153610
69675,-299008,-618496,72384,-382,176300
69685,-395264,-732160,76328,-9166,220611
69695,-413696,-732160,72152,-4829,194941
69705,-413696,-753664,77024,-1264,197401
69715,-489472,-797696,69832,-13374,170608
69725,-501760,-761856,58928,-4994,161461
69735,-501760,-822272,72616,-1308,200013
69745,-501760,-906240,91640,-377,248070
69755,-611328,-980992,83752,-12885,240266
69765,-611328,-956416,78184,-3557,204780
69775,-637952,-994304,80736,-3126,183557
69785,-637952,-1062912,96280,-819,233948
69795,-654336,-1111040,103472,-1624,274265
69805,-654336,-1104896,102080,-437,267665
69815,-666624,-1042432,85144,-1665,215800
69825,-690176,-1056768,83056,-2431,201059
69835,-690176,-1096704,92104,-643,234822
69845,-788480,-1128448,77024,-11652,229921
69855,-788480,-1124352,76096,-3019,232746
69865,-871424,-1175552,68904,-5543,250562
69875,-871424,-1161216,65656,-1539,230278
69885,-913408,-1164288,56840,-3736,206713
69895,-921600,-1153024,52432,-1451,182754
69905,-913408,-1199104,64728,480,220564
69915,-913408,-1260544,78648,109,270243
69925,-913408,-1289216,85144,16,286483
69935,-913408,-1254400,77256,0,245493
69945,-948224,-1215488,60552,-2593,202136
69955,-948224,-1207296,58696,-728,200917
69965,-948224,-1262592,71224,-206,251903
69975,-940032,-1298432,81200,576,284202
69985,-940032,-1276928,76328,131,268761
69995,-940032,-1234944,66816,21,234680
70006,-940032,-1244160,68904,0,247862
70016,-966656,-1282048,71456,-1442,276468
70026,-1004544,-1293312,65424,-4271,265949
70036,-1053696,-1299456,55680,-4832,252152
70046,-1162240,-1308672,33176,-16615,216401
70056,-1162240,-1332224,38512,-4302,242558
70066,-1259520,-1364992,23896,-8419,226440
70076,-1310720,-1413120,23200,-7095,229081
70086,-1310720,-1485824,39672,-1973,255543
70096,-1310720,-1604608,66584,-525,317228
70106,-1366016,-1656832,60552,-4115,291665
70116,-1366016,-1642496,62640,-1151,294741
70126,-1393664,-1587200,43848,-2239,233858
70136,-1437696,-1606656,38280,-5551,238566
70146,-1437696,-1665024,51504,-1448,284513
70156,-1437696,-1681408,55216,-388,282292
70166,-1423360,-1659904,53592,563,251571
70176,-1467392,-1655808,42688,-4090,224363
70186,-1467392,-1694720,51504,-1072,260248
70196,-1482752,-1718272,53360,-1085,278974
70206,-1562624,-1695744,30160,-7485,230039
70216,-1562624,-1717248,35032,-1945,250695
70226,-1611776,-1767424,35264,-7065,274340
70236,-1611776,-1800192,42688,-1838,298308
70246,-1698816,-1807360,24592,-7735,268684
70256,-1698816,-1835008,30856,-2140,283643
70266,-1698816,-1873920,39672,-569,300258
70276,-1698816,-1913856,48720,-174,322093
70286,-1698816,-1895424,44544,-64,285073
70296,-1681408,-1917952,53592,1439,304301
70306,-1681408,-1958912,62872,381,339903
70316,-1698816,-1918976,49880,-1945,282950
70326,-1698816,-1942528,55216,-511,300583
70336,-1681408,-1975296,66584,909,334601
70346,-1681408,-1882112,45472,216,260183
70356,-1681408,-1846272,37352,43,253060
70366,-1681408,-1865728,41760,0,287258
70376,-1681408,-1839104,35728,0,276095
70386,-1681408,-1820672,31552,0,257534
70396,-1681408,-1879040,44776,0,308619
70406,-1698816,-1854464,35264,-1909,282630
70416,-1698816,-1814528,26216,-542,247265
70426,-1698816,-1815552,26448,-157,265467
70436,-1698816,-1747968,11136,-61,253338
70446,-1698816,-1679360,-4408,-42,191971
70456,-1698816,-1700864,464,-42,234910
70466,-1698816,-1691648,-1624,-42,239084
70476,-1698816,-1682432,-3712,-42,227179
70486,-1681408,-1756160,16936,2425,284963
70496,-1698816,-1777664,17864,-1247,275020
70506,-1698816,-1722368,5336,-333,219534
70516,-1681408,-1745920,14616,2518,253193
70526,-1681408,-1751040,15776,634,267376
70536,-1681408,-1693696,2784,151,224714
70546,-1681408,-1714176,7424,30,248976
70556,-1698816,-1715200,3712,-1791,253041
70566,-1698816,-1639424,-13456,-509,216280
70576,-1681408,-1636352,-10208,2315,206857
70586,-1681408,-1690624,2088,576,262515
70596,-1664000,-1642496,-4872,1433,224909
70606,-1664000,-1589248,-16936,357,184762
70616,-1664000,-1629184,-7888,82,236069
70626,-1664000,-1622016,-9512,5,237584
70636,-1004544,-1530880,119248,45241,364303
70646,-1004544,-1469440,105328,12428,319002
70656,-666624,-1339392,152424,26688,379135
70666,-515072,-1084416,132472,19890,305699
70676,-515072,-833536,72152,5454,183237
70686,-420864,-673792,57304,7940,217276
70696,-409600,-497664,19952,2738,193496
70706,-409600,-293888,-26216,694,122467
70716,-409600,-174080,-53360,164,102714
70726,-273408,-184320,-20184,6885,207892
70736,-191488,-165888,-5800,9629,248250
70746,-154624,-80896,-16704,5193,198125
70756,-90112,-58368,-7192,8305,229804
70766,-80896,81920,-36888,2955,186904
70776,-65536,163840,-51968,1867,126858
70786,-62464,196608,-58696,615,146559
70796,-62464,210944,-61944,153,171108
70806,-53248,278528,-75168,623,136087
70816,-44032,261120,-69136,1376,163878
70826,-31744,294912,-74008,1441,132118
70836,-10240,316416,-72616,2815,108143
70846,-4096,276480,-63568,758,130827
70856,-4096,263168,-60552,178,132695
70866,-4096,278528,-64032,35,103021
70876,0,208896,-47328,189,149229
70886,0,158720,-35960,35,166560
70896,3072,183296,-43384,184,104543
70906,27648,167936,-31784,3089,113370
70916,27648,102400,-16936,780,153473
70926,184320,92160,20880,27095,206548
70936,184320,91136,21112,6973,177551
70946,184320,94208,20416,1782,176022
70956,409600,203776,46632,22502,162527
70966,439296,281600,35728,9247,118247
70976,439296,293888,32944,2529,145444
70986,540672,363520,40136,16951,176812
70996,584704,477184,24360,9486,127695
71006,659456,576512,18792,8904,121537
71016,701440,671744,6728,4685,110980
71026,974848,820224,35032,33137,121560
71036,974848,872448,23200,8528,114313
71046,1378304,893952,109736,45615,291526
71056,1481728,1034240,101384,24581,234575
71066,1481728,1234944,55912,6328,124526
71076,2102272,1333248,174232,101593,370041
71086,2171904,1543168,142448,33788,241495
71096,2171904,1794048,85608,8695,136987
71106,2638848,2030592,137808,29138,177906
71116,2942976,2248704,157296,40731,229090
71126,3040256,2470912,128992,18888,201811
71136,3040256,2742272,67512,4855,131565
71146,3819520,3023872,180264,86382,309469
71156,3819520,3255296,127832,23746,197148
71167,4255744,3535872,163096,29544,222687
71177,4789248,3844096,214136,66406,298376
71187,5327872,4221952,250560,59729,302302
71197,5617664,4668416,215064,41283,208231
71207,5617664,5097472,117856,11340,62078
71217,5677056,5495808,41064,7314,33994
71227,5677056,5833728,-35496,1870,-2768
71237,5617664,6087680,-106488,-5582,-62983
71247,5617664,6114304,-112520,-1456,38105
71257,5677056,6154240,-108112,8544,73712
71267,5617664,6178816,-127136,-3895,21748
71277,5737472,6077440,-77024,7314,126800
71287,5797888,6114304,-71688,5245,66335
71297,5921792,6048768,-28768,14029,132204
71307,5921792,6022144,-22736,3842,128935
71317,5921792,6050816,-29232,977,91916
71327,5677056,6031360,-80272,-23267,27608
71337,5677056,6059008,-86536,-6414,5964
71347,4119552,5912576,-406232,-80113,-370952
71357,2419712,5590016,-718272,-196172,-701574
71367,2419712,4814848,-542648,-50604,-247111
71377,1127424,3807232,-607144,-78149,-194269
71387,1127424,2765824,-371200,-21512,150046
71397,1127424,1909760,-177248,-5565,239141
71407,153600,1221632,-241976,-66449,24658
71417,153600,686080,-120640,-17150,119417
71427,9216,382976,-84680,-13852,29223
71437,-4096,50176,-12296,-5087,90999
71447,-4096,-228352,50808,-1327,136277
71457,-4096,-338944,75864,-377,85699
71467,-4096,-489472,109968,-113,122969
71477,-4096,-550912,123888,-44,169148
71487,-163840,-696320,120640,-11138,174820
71497,-282624,-698368,94192,-17656,121902
71507,-282624,-712704,97440,-4873,129508
71517,-282624,-727040,100688,-1272,134781
71527,-406528,-718848,70760,-9888,43310
71537,-493568,-688128,44080,-10402,25614
71547,-565248,-724992,36192,-7375,35005
71557,-671744,-786432,25984,-16161,31423
71567,-802816,-856064,12064,-15983,20645
71577,-1117184,-984064,-30160,-58102,-21478
71587,-1162240,-1107968,-12296,-21597,53486
71597,-1246208,-1214464,-7192,-13146,66180
71607,-1325056,-1359872,7888,-8224,100245
71617,-1498112,-1471488,-6032,-23791,64488
71627,-1562624,-1623040,13688,-11591,104559
71637,-2103296,-1724416,-85840,-96018,-99674
71647,-2103296,-1885184,-49416,-24775,19037
71657,-2103296,-1997824,-23896,-6408,24730
71667,-2103296,-2242560,31552,-1778,130417
71677,-2103296,-2386944,64264,-478,127739
71687,-3108864,-2546688,-127368,-79706,-138883
71697,-4120576,-2680832,-326192,-184755,-444472
71707,-4120576,-2981888,-257984,-47656,-165408
71717,-4120576,-3473408,-146624,-12305,83587
71727,-6048768,-3945472,-476528,-158462,-377811
71737,-6048768,-4606976,-326656,-40875,-56411
71747,-6784000,-5287936,-335472,-68731,-89516
71757,-7293952,-6000640,-293016,-82541,-55743
71767,-7293952,-6746112,-124120,-21300,189377
71777,-7293952,-7337984,9976,-5873,308343
71787,-8247296,-7710720,-121568,-56160,-8104
71797,-8247296,-8118272,-29232,-14497,101277
71807,-9216000,-8483840,-165880,-80651,-119286
71817,-9309184,-8943616,-82824,-34874,37398
71827,-9309184,-9460736,34336,-9009,216692
71837,-9309184,-9871360,127368,-2494,301649
71847,-9402368,-10253312,192792,-5667,368950
71857,-9402368,-10380288,221560,-1574,323593
71867,-7999488,-10478592,561672,103647,745851
71877,-6241280,-10149888,885544,275402,1074637
71887,-6241280,-9504768,739384,75739,522215
71897,-6241280,-8718336,561208,19514,215759
71907,-2196480,-7764992,1261616,233745,1042226
71917,-2196480,-6556672,987856,64278,489968
71927,-871424,-5093376,956536,108712,422078
71937,-373760,-3855360,788800,94010,334315
71947,-373760,-2790400,547520,25837,115952
71957,-90112,-1964032,424560,26372,147160
71967,-90112,-1273856,268192,6786,65897
71977,0,-829440,187920,10505,101281
71987,0,-496640,112520,2694,121196
71997,0,-200704,45472,681,82499
72007,0,-47104,10672,173,96090
72017,0,75776,-17168,32,89541
72027,0,99328,-22504,0,132485
72037,394240,158720,53360,35483,227724
72047,394240,171008,50576,9135,214907
72057,846848,214016,137808,55090,332945
72067,1032192,319488,161472,31824,342294
72077,1378304,613376,173304,29347,263858
72087,2527232,875520,374216,141454,583587
72097,2527232,1299456,278168,38891,329481
72107,3007488,1808384,271672,42640,278764
72117,3007488,2296832,161008,11711,144575
72127,3945472,2828288,253112,82174,294924
72137,3945472,3198976,169128,21176,189224
72147,5327872,3664896,376768,166926,552605
72157,5737472,4123648,365632,77599,449539
72167,5737472,4670464,241744,21332,248040
72177,6643712,5359616,290928,111104,324727
72187,6643712,5908480,166576,28635,169289
72197,7144448,6502400,145464,45826,155642
72207,7144448,6921216,50576,11802,105379
72217,7444480,7344128,22736,26765,121362
72227,7444480,7593984,-33872,7347,116014
72237,7444480,7885824,-99992,1881,29188
72247,7444480,7987200,-122960,469,72132
72257,7292928,8111104,-185368,-22750,-26482
72267,7292928,8172544,-199288,-5881,-39440
72277,6240256,8118272,-425488,-79618,-333256
72287,5797888,7853056,-465624,-45684,-276082
72297,4637696,7450624,-637304,-130642,-526889
72307,4301824,6848512,-576984,-57063,-376650
72317,3316736,6009856,-610160,-95040,-329656
72327,3316736,5037056,-389760,-24525,35551
72337,3316736,4242432,-209728,-6760,181204
72347,2079744,3579904,-339880,-92602,-132501
72357,2079744,3034112,-216224,-23896,-16746
72367,808960,2571264,-399272,-100855,-335359
72377,808960,1989632,-267496,-26022,-91138
72387,808960,1486848,-153584,-6721,75584
72398,808960,910336,-22968,-1863,190378
72408,808960,561152,56144,-498,192158
72418,70656,354304,-64264,-71055,-93044
72428,82944,100352,-3944,-17485,23782
72438,98304,-96256,44080,-2489,77434
72448,98304,-230400,74472,-701,85182
72458,98304,-400384,112984,-196,139188
72468,92160,-561152,148016,-355,206450
72478,73728,-544768,140128,-1885,132881
72488,73728,-607232,154280,-503,175777
72498,73728,-622592,157760,-157,189836
72508,73728,-512000,132704,-58,98830
72518,285696,-539648,186992,36345,236628
72528,334848,-429056,173072,16092,150842
72538,334848,-396288,165648,4133,162839
72548,831488,-264192,248240,47139,257887
72558,1310720,-145408,329904,72526,374044
72568,1888256,54272,415512,67434,437171
72578,3353600,441344,659808,227123,754739
72588,3353600,989184,535688,58551,378851
72598,4490240,1642496,645192,111016,506434
72608,5984256,2421760,807128,286984,766333
72618,5984256,3252224,618976,73990,364398
72628,5984256,4085760,430128,19066,132967
72638,6925312,4886528,461912,62748,226630
72648,6782976,5628928,261464,-421,-6260
72658,6713344,6160384,125280,-5636,-23479
72668,4998144,6564864,-354960,-277598,-728220
72678,4998144,6692864,-383960,-71598,-434936
72688,3427328,6260736,-641944,-142773,-567003
72698,3107840,5460992,-533136,-57594,-171368
72708,3107840,4470784,-308792,-14870,178140
72718,1245184,3533824,-518520,-151494,-161239
72728,555008,2675712,-480472,-105939,-111939
72738,342016,1936384,-361224,-53979,-4389
72748,342016,1204224,-195344,-13934,135245
72758,36864,624640,-133168,-49645,56455
72768,0,92160,-20880,-16595,169645
72778,0,-258048,58464,-4582,211028
72788,-4096,-504832,113448,-1415,216557
72798,0,-621568,140824,46,193295
72808,0,-748544,169592,0,230598
72818,0,-741376,167968,0,187738
72828,0,-742400,168200,0,172632
72838,0,-697344,157992,0,139144
72848,0,-706560,160080,0,164279
72858,0,-648192,146856,0,133218
72868,0,-665600,150800,0,172506
72878,0,-617472,139896,0,155408
72888,0,-677888,153584,0,222370
72898,0,-592896,134328,0,167646
72908,0,-612352,138736,0,214852
72918,0,-501760,113680,0,137319
72928,0,-534528,121104,0,194004
72938,0,-480256,108808,0,156416
72948,0,-478208,108344,0,172113
72958,0,-446464,101152,0,155049
72968,0,-381952,86536,0,112546
72978,0,-403456,91408,0,154117
72988,0,-358400,81200,0,123403
72998,0,-431104,97672,0,193983
73008,0,-451584,102312,0,193187
73018,0,-455680,103240,0,184934
73028,0,-488448,110664,0,213745
73038,0,-395264,89552,0,148088
73048,0,-367616,83288,0,164736
73058,0,-314368,71224,0,148025
73068,0,-312320,70760,0,174888
73078,0,-289792,65656,0,159713
73088,0,-297984,67512,0,175829
73098,0,-294912,66816,0,176652
73108,0,-251904,57072,0,143188
73118,0,-288768,65424,0,172065
73128,0,-306176,69368,0,179242
73138,0,-355328,80504,0,213812
73148,0,-331776,75168,0,186843
73158,0,-363520,82360,0,216497
73168,0,-330752,74936,0,188696
73178,0,-326656,74008,0,193316
73188,0,-310272,70296,0,183809
73198,0,-319488,72384,0,197101
73208,0,-297984,67512,0,190722
73218,0,-271360,61480,0,188020
73228,0,-202752,45936,0,160581
73238,0,-194560,44080,0,184495
73248,0,-128000,29000,0,157881
73258,0,-182272,41296,0,222441
73268,0,-199680,45240,0,232464
73278,-4096,-224256,49880,-314,231592
73288,-7168,-241664,53128,-533,223231
73298,-13312,-258048,55448,-833,218272
73308,-13312,-228352,48720,-231,189783
73318,-87040,-237568,29696,-5752,171515
73328,-87040,-178176,20648,-1599,163355
73338,-157696,-205824,10904,-5672,190226
73348,-179200,-164864,-3248,-2728,156330
73358,-232448,-225280,-1624,-6175,184113
73368,-241664,-228352,-3016,-2247,158703
73378,-279552,-294912,6960,-4862,190259
73388,-279552,-348160,15544,-1349,197317
73398,-279552,-393216,25752,-366,217971
73408,-436224,-444416,1856,-22278,184083
73418,-510976,-447488,-14384,-12937,162694
73428,-510976,-508928,-464,-3351,202645
73438,-747520,-550912,-44544,-19504,133764
73448,-747520,-684032,-14384,-5043,208209
73458,-1128448,-762880,-82824,-26151,93740
73468,-1128448,-933888,-44080,-7208,175725
73478,-1562624,-1069056,-111824,-40963,42900
73488,-2015232,-1297408,-162632,-88273,-31419
73498,-2080768,-1494016,-132936,-32446,34741
73508,-2473984,-1809408,-150568,-43781,39886
73518,-2639872,-2127872,-116000,-22871,-56906
73528,-3008512,-2530304,-108344,-23322,113082
73539,-5328896,-3007488,-525944,-201874,-463447
73549,-8852480,-3627008,-1183896,-660405,-1497337
73559,-10385408,-4612096,-1308016,-360879,-1174306
73569,-10385408,-6419456,-898536,-93071,-121078
73579,-17213440,-8272896,-2025592,-442975,-1474333
73589,-17213440,-11112448,-1382256,-114245,-135741
73599,-17213440,-13902848,-750056,-29477,636894
73609,-17213440,-16023552,-269584,-8117,869528
73619,-17213440,-17157120,-12760,-2104,629407
73629,-13241344,-17595392,986464,334662,1672133
73639,-6576128,-16985088,2358280,711996,2902947
73649,-6576128,-15187968,1951120,195823,1305125
73659,-2036736,-12548096,2381480,433616,1558851
73669,-666624,-9861120,2083128,284861,1011029
73679,-440320,-7275520,1548600,104716,300474
73689,-440320,-5135360,1063720,26985,12748
73699,-31744,-3778560,823368,68590,173899
73709,-7168,-2841600,642176,21714,278815
73719,-7168,-2017280,455416,5583,178945
73729,-7168,-1294336,291624,1521,76098
73739,73728,-590848,150568,9220,-11918
73749,129024,-139264,60784,6737,29899
73759,443392,153600,65656,49270,168909
73769,443392,303104,31784,12691,185921
73779,2291712,443392,418760,149729,720894
73789,3427328,867328,580000,103666,693295
73799,7368704,1728512,1277856,430444,1520128
73809,8080384,3058688,1137728,174693,871253
73819,9122816,5125120,905728,202310,345179
73829,9214976,6889472,526872,61592,-147773
73839,9122816,8345600,176088,10090,-352112
73849,7444480,9151488,-386744,-157915,-785133
73859,6925312,9183232,-511560,-96633,-544574
73869,5737472,8451072,-614800,-113050,-325378
73879,4789248,7383040,-587656,-82052,-86378
73889,4789248,6311936,-344984,-21174,200300
73899,3578880,5204992,-368416,-89652,161172
73909,3578880,4533248,-216224,-24676,252346
73919,3697664,4091904,-89320,5789,237611
73929,3697664,3780608,-18792,1579,218922
73939,3578880,3739648,-36424,-5590,49422
73949,3578880,3628032,-14152,-1459,33862
73959,2974720,3587072,-138736,-45234,-178030
73969,2974720,3310592,-76096,-11676,11182
73979,1324032,3098624,-402056,-172313,-474168
73989,1324032,2543616,-276312,-44454,-62847
73999,391168,1961984,-355888,-69997,-119285
74009,391168,1351680,-217616,-19268,77881
74019,168960,696320,-119480,-20435,199206
74029,168960,243712,-16936,-5290,235334
74039,0,47104,-10672,-17697,97009
74049,-4096,-69632,14848,-4848,32034
74059,0,-131072,29696,-805,-3890
74069,0,-261120,59160,-220,52571
74079,0,-355328,80504,-75,94639
74089,0,-400384,90712,-42,105326
74099,0,-454656,103008,-42,130867
74109,0,-429056,97208,-42,91440
74119,0,-419840,95120,-42,76319
74129,0,-458752,103936,-42,113421
74139,49152,-428032,112056,6665,106993
74149,70656,-435200,114608,1812,135252
74159,184320,-362496,123888,10046,125077
74169,184320,-358400,122960,2573,132683
74179,249856,-332800,132008,8841,137362
74189,249856,-330752,131544,2265,137009
74199,345088,-388096,166112,8467,234664
74209,345088,-238592,132240,2315,126525
74219,496640,-97280,134560,13370,110230
74229,670720,16384,148248,14301,135264
74239,1610752,134144,334544,113230,444542
74249,1610752,343040,287216,31129,294894
74259,4443136,619520,866288,463834,1262388
74269,5617664,1133568,1015928,247925,1074375
74279,5617664,2108416,795064,68181,458279
74289,6175744,3457024,615960,49548,94938
74299,6175744,4594688,358208,12763,-123288
74309,6175744,5380096,180264,3493,-156243
74319,5051392,5750784,-158456,-63545,-350456
74329,5051392,5650432,-137344,-16400,-66762
74339,5051392,5353472,-68440,-4527,140060
74349,2419712,5006336,-586032,-398238,-735803
74359,2419712,4640768,-503208,-109553,-395189
74369,2419712,3970048,-351248,-28266,-39274
74379,1232896,3266560,-460752,-87677,-215468
74389,1232896,2405376,-265640,-24132,133681
74399,766976,1795072,-232928,-40806,25034
74409,766976,1171456,-91640,-11242,190696
74419,379904,751616,-84216,-42564,80881
74429,379904,508928,-29232,-10990,55906
74439,153600,189440,-8120,-37178,71405
74449,116736,-2048,26912,-13376,85734
74459,116736,-179200,67048,-3697,133946
74469,0,-276480,62640,-17477,84570
74479,0,-413696,93728,-4524,141224
74489,3072,-576512,131312,-1030,226646
74499,58368,-563200,140824,6981,167310
74509,125952,-579584,159848,8278,169445
74519,162816,-645120,183048,4993,222167
74529,412672,-579584,224808,34403,268464
74539,412672,-521216,211584,9448,228453
74549,412672,-481280,202536,2425,243368
74559,1297408,-322560,367024,65967,420239
74569,1297408,-122880,321784,16995,289842
74579,4539392,109568,983680,229833,1098580
74589,7368704,1004544,1441880,252520,1355409
74599,9122816,2677760,1460208,233552,973682
74609,9882624,4603904,1195960,117067,382160
74619,10180608,6473728,839840,45181,5012
74629,10281984,7947264,528960,21368,-122508
74639,9495552,8731648,173072,-48826,-228775
74649,6575104,8975360,-543808,-329747,-933582
74659,6111232,8512512,-544040,-126810,-445968
74669,4301824,7595008,-746112,-160730,-474702
74679,1528832,6142976,-1045392,-253639,-594832
74689,1138688,4547584,-772328,-100545,-73935
74699,1138688,3001344,-422008,-27670,356739
74709,215040,1913856,-384888,-62131,133046
74719,215040,1149952,-211816,-17101,185912
74729,12288,668672,-148712,-17642,72178
74739,-25600,304128,-74704,-9276,45853
74749,-71680,27648,-22504,-6719,38391
74759,-114688,-278528,37120,-4376,96568
74769,-225280,-486400,59160,-14964,93787
74779,-343040,-751616,92568,-14478,162355
74789,-459776,-919552,104168,-22536,159834
74799,-484352,-1075200,133864,-9270,206908
74809,-484352,-1160192,153120,-2407,219619
74819,-930816,-1149952,49648,-55520,-2143
74829,-930816,-1170432,54288,-15285,37644
74839,-1772544,-1191936,-131544,-75004,-214756
74849,-1772544,-1357824,-93960,-19356,-58956
74859,-6576128,-1618944,-1123112,-565184,-1571905
74869,-11017216,-2402304,-1951816,-497168,-2056394
74879,-11017216,-4400128,-1499184,-128216,-685673
74889,-17213440,-6916096,-2332992,-757428,-1842738
74900,-17213440,-9731072,-1695224,-195329,-504507
74910,-17213440,-12630016,-1038432,-53740,367798
74920,-17213440,-14923776,-518752,-13876,628917
74930,-17213440,-16250880,-218080,-3593,487949
74940,-17213440,-16778240,-98600,-1006,216214
74950,-11234304,-16952320,1295488,653016,2074810
74960,-11234304,-16534528,1200832,179601,1170438
74970,-7219200,-15194112,1806816,276380,1435105
74980,-2555904,-13075456,2383336,548931,1899092
74990,-2555904,-10589184,1820040,150974,677557
75000,-684032,-7954432,1647200,139476,435558
75010,-684032,-5776384,1153736,35952,59981
75020,-47104,-4262912,955144,57123,216477
75030,-7168,-3060736,691824,16861,167599
75040,0,-2284544,517592,5405,197724
75050,0,-1681408,380944,1376,218551
75060,0,-1175552,266336,335,191985
75070,0,-812032,183976,76,170311
75080,0,-549888,124584,2,172892
75090,0,-326656,74008,0,152691
75100,0,-148480,33640,0,146718
75110,6144,-55296,13920,411,193204
75120,12288,84992,-16472,401,145859
75130,36864,106496,-15776,2455,182913
75140,76800,149504,-16472,3397,188513
75150,76800,222208,-32944,917,137362
75160,275456,210944,14616,19297,234548
75170,275456,263168,2784,5289,191044
75180,1378304,231424,259840,147590,633703
75190,2171904,382976,405304,114252,698945
75200,2171904,897024,288840,31407,327110
75210,8415232,1769472,1505680,405085,1679954
75220,8762368,3359744,1224032,144744,778427
75230,8762368,5479424,743792,37306,-25679
75240,10908672,7320576,812928,110945,213943
75250,11567104,8745984,639160,93729,217345
75260,11455488,9869312,359368,16880,76637
75270,10080256,10587136,-114840,-177732,-389525
75280,9401344,10974208,-356352,-106969,-406937
75290,6575104,10756096,-947256,-512757,-1169988
75300,6575104,10192896,-819656,-141054,-569429
75310,6575104,9154560,-584408,-36390,-102849
75320,6575104,7966720,-315288,-9399,253981
75330,1828864,7081984,-1190160,-592641,-1292843
75340,1364992,6061056,-1063952,-194599,-711010
75350,787456,4768768,-902016,-152680,-393548
75360,689152,3217408,-572808,-51609,89450
75370,689152,1825792,-257520,-14211,450678
75380,689152,1091584,-91176,-3675,291446
75390,689152,600064,20184,-959,236544
75400,104448,434176,-74704,-52919,-51322
75410,76800,326656,-56608,-15348,-76662
75420,76800,134144,-12992,-3978,-23519
75430,76800,-229376,69368,-1113,168822
75440,64512,-441344,114608,173,183612
75450,64512,-608256,152424,32,168231
75460,64512,-786432,192792,0,266689
75470,64512,-850944,207408,0,281241
75480,116736,-784384,204160,6080,218859
75490,116736,-703488,185832,1554,153094
75500,110592,-714752,186992,-577,191510
75510,89088,-631808,163328,-2670,150339
75520,64512,-579584,145928,-2645,139349
75530,64512,-549888,139200,-742,142783
75540,64512,-615424,154048,-206,223645
75550,9216,-601088,138272,-4738,202509
75560,9216,-540672,124584,-1236,149727
75570,9216,-523264,120640,-333,134681
75580,9216,-605184,139200,-108,212979
75590,-472064,-584704,25520,-53586,29441
75600,-472064,-596992,28304,-13832,81029
75610,-985088,-726016,-58696,-44413,14383
75620,-2975744,-842752,-483256,-311806,-673132
75630,-4302848,-1091584,-727552,-230782,-824814
75640,-4945920,-1889280,-692520,-107233,-445808
75650,-7600128,-3280896,-978576,-222985,-534720
75660,-7600128,-4706304,-655632,-61345,44864
75670,-7757824,-6126592,-369576,-27535,270497
75680,-7678976,-7222272,-103472,4312,455770
75690,-6576128,-7808000,279096,114062,724781
75700,-6306816,-7835648,346376,49375,500075
75710,-3579904,-7374848,859792,293994,980512
75720,-2848768,-6609920,852136,150691,635519
75730,-2848768,-5623808,628720,41434,149397
75740,-3108864,-4602880,338488,-26120,-183484
75750,-3658752,-3936256,62872,-59560,-335597
75760,-3779584,-3731456,-10904,-23778,-140576
75770,-3281920,-3820544,122032,60106,230440
75780,-2818048,-4116480,294176,60026,529795
75790,-2818048,-4134912,298352,16493,425558
75800,-1106944,-3837952,618744,143640,711268
75810,-448512,-3296256,645192,100255,572168
75820,-169984,-2556928,540792,46928,335692
75830,-83968,-1674240,360296,16147,82149
75840,9216,-977920,223648,12535,18200
75850,9216,-496640,114608,3433,-7334
75860,18432,-244736,59624,2013,57828
75870,18432,-100352,26912,538,91733
75880,181248,-16384,44776,10736,149503
75890,181248,-71680,57304,2754,241089
75900,181248,47104,30392,741,159683
75910,631808,48128,132240,77519,380086
75920,808960,143360,150800,44799,344992
75930,808960,281600,119480,11538,245826
75940,2242560,485376,398112,172987,661155
75950,2726912,841728,427112,107778,550622
75960,4840448,1382400,783464,218062,922964
75970,7444480,2325504,1159768,342018,1215722
75980,7444480,3599360,871160,94062,498559
75990,10908672,5240832,1284120,316625,972376
76000,12025856,6854656,1171600,278854,776585
76010,12619776,8597504,911296,141111,374947
76020,12619776,10101760,570488,36372,71621
76030,11794432,11327488,105792,-131688,-430227
76040,11124736,12070912,-214368,-112028,-498103
76050,11124736,12224512,-249168,-28903,-192625
76060,11124736,12026880,-204392,-7963,41541
76070,6506496,11654144,-1166264,-540308,-1407043
76080,5617664,10999808,-1219392,-223652,-1106111
76090,3427328,9612288,-1401280,-410181,-1193678
76100,3427328,7692288,-966280,-105793,-192220
76110,3427328,5919744,-564688,-29117,327002
76120,3427328,4636672,-273992,-7526,350972
76130,3427328,3766272,-76792,-1953,336378
76140,3427328,3460096,-7424,-547,183000
76150,1258496,3444736,-495320,-327377,-831135
76160,1258496,3187712,-437088,-84436,-473584
76170,1258496,2646016,-314360,-23242,-167663
76180,435200,1816576,-312968,-55814,-79336
76190,435200,1088512,-148016,-15368,107575
76200,215040,259072,-9976,-20311,278478
76210,215040,-174080,88160,-5255,259040
76220,70656,-455680,119248,-17235,172989
76231,70656,-494592,128064,-4455,93184
76241,67584,-669696,167040,-1036,187237
76251,58368,-660480,162864,-1239,141000
76261,58368,-740352,180960,-333,210114
76271,-7168,-729088,163560,-4252,181286
76281,-7168,-744448,167040,-1113,194393
76291,-7168,-690176,154744,-305,159062
76301,-139264,-665600,119248,-7199,119678
76311,-666624,-643072,-5336,-52518,-42228
76321,-948224,-622592,-73776,-33141,-112644
76331,-4348928,-806912,-802488,-490142,-1230291
76341,-6112256,-1174528,-1118704,-295744,-1245283
76351,-11910144,-2510848,-2129528,-484580,-1985085
76361,-15691776,-5106688,-2398184,-315437,-1417455
76371,-17213440,-8679424,-1933488,-227486,-348416
76381,-17213440,-11998208,-1181576,-62581,545607
76391,-17213440,-14690304,-571648,-16150,850223
76401,-17213440,-16224256,-224112,-4178,627453
76411,-14559232,-16726016,490912,183424,1052128
76421,-14559232,-16329728,401128,47285,364240
76431,-14559232,-15602688,236408,12994,-64594
76441,-4210688,-14868480,2414656,678048,2734402
76451,-1408000,-13312000,2697000,523254,2489698
76461,-1408000,-10659840,2096120,143909,931826
76471,-216064,-7629824,1679680,142934,313996
76481,-216064,-4938752,1069984,36842,-260678
76491,-216064,-3142656,663056,10118,-313866
76501,-216064,-2139136,435696,2595,-71011
76511,0,-1690624,383032,25837,243358
76521,0,-1434624,325032,7091,325384
76531,215040,-1201152,320856,26304,400541
76541,215040,-896000,251720,7220,302067
76551,564224,-490496,238960,31322,258671
76561,1042432,-160768,261696,37290,278453
76571,3427328,245760,720824,288196,1007862
76581,4395008,848896,803416,155978,879745
76591,9784320,1893376,1787792,968027,2469213
76601,10802176,3291136,1701720,368236,1573238
76611,10802176,5267456,1253960,101271,574078
76621,14150656,7612416,1481320,257242,804396
76631,14150656,10005504,939136,66318,39113
76641,14150656,11857920,519448,18226,-237153
76651,14150656,13096960,238728,4685,-169722
76661,13367296,13741056,-84680,-84397,-259962
76671,11455488,13855744,-543808,-173054,-553984
76681,8501248,13537280,-1140976,-452228,-1266331
76691,7070720,12652544,-1264632,-272937,-1101172
76701,7070720,11133952,-920576,-70398,-194147
76711,4944896,9418752,-1013608,-141194,-311556
76721,4944896,7565312,-593688,-36426,259151
76731,2393088,6235136,-870464,-211957,-365010
76741,1992704,5030912,-688344,-76180,-190073
76751,689152,3835904,-712936,-153183,-313047
76761,569344,2834432,-513184,-51037,-71079
76771,269312,1813504,-349856,-55616,47725
76781,178176,967680,-178872,-25272,190722
76791,178176,356352,-40368,-6529,185746
76801,61440,-148480,47560,-7298,189617
76811,61440,-422912,109736,-2022,156292
76821,95232,-618496,161704,1969,164646
76831,92160,-790528,199984,335,213029
76841,89088,-823296,206712,-239,195848
76851,89088,-848896,212512,-77,211532
76861,86016,-823296,206016,-473,207517
76871,86016,-751616,189776,-141,169543
76881,86016,-710656,180496,-53,187079
76891,86016,-616448,159152,-42,155748
76901,86016,-590848,153352,-42,185822
76911,86016,-518144,136880,-42,151743
76921,86016,-571392,148944,-42,224340
76931,15360,-507904,118552,-6818,152352
76941,15360,-522240,121800,-1893,187301
76951,0,-498688,112984,-1231,174184
76961,-4096,-523264,117624,-748,199540
76971,-4096,-498688,112056,-206,184998
76981,-59392,-476160,94424,-6944,150468
76991,-96256,-501760,91872,-5466,184165
77001,-96256,-457728,81896,-1426,149685
77011,-96256,-464896,83520,-382,175007
77021,-182272,-435200,57304,-7867,126916
77031,-182272,-443392,59160,-2041,148271
77041,-182272,-448512,61480,-544,158808
77051,-532480,-428032,-23664,-31693,24056
77061,-649216,-484352,-37352,-15324,48168
77071,-1106944,-562176,-123424,-61137,-75321
77081,-1106944,-660480,-101152,-15785,-19614
77091,-1579008,-896000,-154744,-80058,-76333
77101,-1579008,-1106944,-106952,-22036,43087
77111,-1579008,-1296384,-64032,-5700,79328
77121,-2528256,-1498112,-233392,-72085,-166077
77131,-2528256,-1787904,-167736,-18606,-25277
77141,-3041280,-2070528,-219936,-48118,-114990
77151,-3108864,-2417664,-156600,-17384,-5443
77161,-3108864,-2823168,-64728,-4497,136262
77171,-3108864,-3148800,9048,-1250,213951
77181,-5442560,-3400704,-462608,-375900,-659261
77191,-5678080,-3632128,-463536,-132688,-417292
77201,-5798912,-4098048,-385352,-44432,-164739
77211,-5798912,-4724736,-243368,-11473,86586
77221,-5798912,-5294080,-114376,-3170,215767
77231,-5860352,-5768192,-20880,-6016,245100
77241,-6048768,-6084608,8120,-31990,156359
77251,-6048768,-6284288,53360,-8268,148991
77261,-6048768,-6403072,80272,-2146,144460
77271,-5985280,-6503424,117392,9610,196484
77281,-5922816,-6607872,155208,9286,255012
77291,-5922816,-6646784,163328,2381,230677
77301,-5618688,-6653952,234552,49581,312287
77311,-5618688,-6674432,239192,12771,271081
77321,-4841472,-6645760,408784,60932,477881
77331,-2818048,-6523904,839608,322028,1139300
77341,-2818048,-6099968,743560,83026,655835
77351,-1595392,-5471232,878120,119564,714242
77361,-1325056,-4598784,741704,45340,430854
77371,-595968,-3741696,705280,86358,419237
77381,-546816,-2941952,542648,27383,252310
77391,-395264,-2232320,416208,28479,198562
77401,-395264,-1662976,287216,7819,117422
77411,-395264,-1120256,164256,1999,20597
77421,-392192,-818176,98832,656,74818
77431,-332800,-649216,71688,6251,136048
77441,-289792,-528384,54056,4784,175912
77451,-289792,-335872,10440,1304,90881
77461,-289792,-254976,-7888,324,93133
77471,0,-236544,53592,20225,227781
77481,9216,-189440,45008,6311,220732
77492,61440,-76800,31320,6624,181336
77502,147456,67584,18096,8187,124567
77512,428032,120832,69600,37864,231240
77522,564224,161792,91176,22829,275087
77532,564224,249856,71224,6262,218918
77542,2726912,508928,502512,152292,732582
77552,3861504,884736,674424,148211,843474
77562,4209664,1668096,575824,64964,470818
77572,6782976,2658304,934496,138240,774098
77582,6782976,3887104,656096,38009,295344
77592,8080384,5236736,644264,100014,303127
77602,8246272,6404096,417368,46398,88409
77612,8246272,7309312,212280,12749,-29474
77622,8246272,8112128,30392,3273,-139322
77632,6240256,8443904,-499264,-114415,-614876
77642,6240256,8291328,-464696,-31485,-293425
77652,6240256,7821312,-358208,-8136,-27103
77662,1662976,7291904,-1275304,-609217,-1554238
77672,1258496,6406144,-1166264,-193530,-885973
77682,1258496,5054464,-900392,-95450,-278852
77692,984064,3574784,-586960,-27414,101877
77702,984064,2181120,-271208,-7087,389766
77712,855040,1375232,-117856,-14739,311116
77722,855040,939008,-19024,-3816,186121
77732,659456,741376,-18560,-18675,21710
77742,625664,621568,928,-7034,-22294
77752,401408,442368,-9280,-27966,-29792
77762,401408,263168,31320,-7707,61885
77772,208896,119808,20184,-25082,22754
77782,208896,-41984,56840,-6916,77075
77792,82944,-267264,79344,-12429,129553
77802,70656,-465920,121568,-3975,199800
77812,30720,-535552,128296,-6076,159480
77822,21504,-609280,142912,-2357,162318
77832,12288,-702464,161936,-2102,200288
77842,12288,-724992,167040,-594,196800
77852,12288,-675840,155904,-171,159148
77862,184320,-678912,195576,10456,238104
77872,993280,-564224,352872,96962,440090
77882,993280,-443392,325496,24988,326835
77892,7368704,-234496,1722600,1032871,2699554
77902,8415232,236544,1852984,380676,2047414
77912,8415232,1601536,1543728,98146,1048413
77922,11343872,3581952,1758560,206265,1077316
77932,11455488,5890048,1260920,65365,276807
77942,11455488,7883776,809216,17962,-152456
77952,9495552,9419776,17168,-291089,-995176
77962,8674304,10196992,-344984,-164812,-869165
77972,7836672,10068992,-505760,-111624,-575259
77982,4443136,9322496,-1105480,-373168,-1152573
77992,4443136,8115200,-831952,-96243,-355436
78002,4443136,6674432,-505528,-26486,190808
78012,2079744,5350400,-741008,-133814,-194759
78022,713728,4208640,-791816,-186073,-357079
78032,589824,3083264,-564920,-57193,-74055
78042,345088,2051072,-386512,-49384,40496
78052,345088,1195008,-192560,-12750,160525
78062,67584,560128,-111592,-24105,124205
78072,18432,69632,-11600,-8704,141947
78082,18432,-244736,66352,-2261,145070
78092,-4096,-517120,116232,-2203,151836
78102,-83968,-735232,147552,-11171,185522
78112,-83968,-820224,166808,-3090,188804
78122,-83968,-822272,167272,-813,157681
78132,-570368,-878592,72848,-28700,72051
78142,-760832,-941056,40832,-26200,62872
78152,-921600,-964608,9744,-17958,23739
78162,-975872,-1074176,22272,-7688,66120
78172,-975872,-1247232,61480,-2000,142278
78182,-1366016,-1340416,-7656,-25967,6389
78192,-1717248,-1468416,-56376,-53735,-65690
78202,-1849344,-1658880,-43152,-25766,15453
78212,-2058240,-1804288,-57536,-21630,9739
78222,-2172928,-1958912,-48488,-11009,24174
78232,-2292736,-2207744,-19256,-14549,92458
78242,-2292736,-2509824,49184,-3769,223541
78252,-2342912,-2698240,80504,-5255,217272
78262,-2342912,-2835456,111592,-1462,203919
78272,-2149376,-2971648,186296,12227,276660
78282,-2149376,-2987008,189776,3139,222604
78292,-1611776,-2958336,305080,49248,359074
78302,-1351680,-2891776,348928,29643,386699
78312,-768000,-2626560,421080,80702,425999
78322,-684032,-2372608,382568,28352,329719
78332,-684032,-1988608,295568,7294,174516
78342,-684032,-1667072,222720,1994,111063
78352,-126976,-1401856,288840,47515,271845
78362,0,-1135616,257288,28380,236575
78372,0,-962560,218080,7789,220699
78382,0,-739328,167504,1994,162337
78392,0,-622592,141056,535,188438
78402,0,-494592,112056,123,174974
78412,0,-382976,86768,19,157751
78422,0,-355328,80504,0,193167
78432,0,-247808,56144,0,141454
78442,0,-244736,55448,0,174527
78452,0,-250880,56840,0,192900
78462,0,-222208,50344,0,162341
78472,0,-252928,57304,0,186735
78482,0,-292864,66352,0,222771
78492,0,-187392,45472,0,151534
78502,0,-197632,44776,0,170590
78512,0,-172032,38976,0,165312
78522,0,-152576,34568,0,162842
78532,0,-233472,52896,0,248749
78542,-16384,-144384,29000,-1195,158775
78552,-25600,-148480,27840,-1352,163864
78562,-25600,-160768,30624,-366,180250
78572,-59392,-132096,16472,-4892,150235
78582,-56320,-147456,20648,-1022,178443
78592,-56320,-118784,14152,-278,162205
78602,-53248,-168960,26216,82,218400
78612,-53248,-103424,11368,5,156008
78622,-53248,-112640,13456,0,199387
78632,-53248,-95232,9512,0,150128
78642,-53248,-112640,13456,0,167198
78653,-53248,-135168,18560,0,184229
78663,-56320,-77824,4872,-437,133417
78673,-56320,-111616,12528,-130,168710
78683,-56320,-78848,5104,-53,133323
78693,-68608,-110592,9512,-651,158136
78703,-80896,-132096,11600,-1451,170706
78713,-83968,-149504,14848,-618,177162
78723,-123904,-144384,4640,-5834,161838
78733,-123904,-146432,5104,-1525,171695
78743,-123904,-98304,-5800,-412,139472
78753,-212992,-155648,-12992,-4911,166261
78763,-244736,-174080,-16008,-4332,162058
78773,-244736,-237568,-1624,-1132,192856
78783,-244736,-290816,10440,-330,213254
78793,-241664,-290816,11136,192,183259
78803,-241664,-321536,18096,35,213054
78813,-241664,-257024,3480,0,139704
78823,-241664,-327680,19488,0,213254
78833,-238592,-292864,12296,203,175096
78843,-238592,-366592,29000,38,229568
78853,-238592,-389120,34104,0,225701
78863,-238592,-450560,48024,0,246332
78873,-244736,-491520,55912,-770,253856
78883,-253952,-519168,60088,-1113,249200
78893,-253952,-556032,68440,-305,267985
78903,-459776,-533504,16704,-27395,180024
78913,-459776,-579584,27144,-7081,216602
78923,-1338368,-572416,-173536,-152667,-141855
78933,-1529856,-633856,-203000,-67402,-87779
78943,-1529856,-802816,-164720,-17397,30893
78953,-2528256,-1061888,-332224,-69896,-179623
78963,-2727936,-1449984,-289536,-27466,-98788
78973,-2757632,-2017280,-167736,-9770,96061
78983,-2639872,-2503680,-30856,4976,234604
78993,-2368512,-2960384,134096,35002,424652
79003,-2220032,-3156992,212280,22980,401292
79013,-1993728,-3131392,257752,44761,353584
79023,-2015232,-2969600,216224,9022,188584
79033,-2036736,-2891776,193720,532,185983
79043,-2243584,-2741248,112752,-28774,64991
79053,-2342912,-2640896,67512,-19012,28463
79063,-2342912,-2737152,89320,-5246,151677
79073,-2342912,-2722816,86072,1186,119755
79083,-2196480,-2814976,140128,17380,213106
79093,-2196480,-2888704,156832,4468,235225
79103,-1482752,-2831360,305544,42033,369110
79113,-1482752,-2735104,283736,11546,298418
79123,-1482752,-2512896,233392,2963,215560
79133,-322560,-2192384,423632,75764,444458
79143,-87040,-1882112,406696,48271,351389
79153,-4096,-1489920,336632,18995,238035
79163,0,-1127424,255432,5443,172318
79173,0,-730112,165416,1392,83538
79183,0,-463872,105096,346,67032
79193,9216,-353280,82128,1472,132943
79203,9216,-231424,54520,359,130161
79213,9216,-205824,48720,82,162114
79223,266240,-183296,101848,38784,277845
79233,291840,-99328,88624,12606,211007
79243,365568,-51200,94424,9286,216842
79253,365568,63488,68440,2381,166733
79263,365568,216064,33872,596,105434
79273,2079744,325632,397416,127306,597035
79283,2079744,641024,325960,32813,364852
79293,2079744,1116160,218312,9011,176678
79303,2079744,1644544,98600,2307,25624
79313,6713344,1994752,1069056,655974,1686839
79323,6713344,2503680,953752,180409,1046308
79333,6713344,3605504,704120,46505,442501
79343,7444480,4970496,560512,52058,138644
79353,7444480,6163456,290232,13408,-88038
79363,7444480,7051264,89088,3441,-142223
79373,7444480,7490560,-10440,933,-59365
79383,5984256,7603200,-366792,-140002,-388136
79393,5737472,7464960,-391384,-53279,-226243
79403,4164608,7023616,-647744,-237140,-561505
79413,4164608,6359040,-497176,-61167,-175469
79423,4164608,5672960,-341736,-16843,22816
79433,3464192,4909056,-327352,-55547,-12032
79443,3464192,4094976,-142912,-14338,246129
79453,3464192,3556352,-20880,-3961,305222
79463,3464192,3311616,34568,-1039,179640
79473,1032192,3063808,-453328,-219233,-551018
79483,1032192,2750464,-389296,-60315,-324237
79493,405504,2072576,-377696,-45157,-153217
79503,405504,1304576,-203696,-12437,136798
79513,405504,598016,-43616,-3222,278739
79523,-7168,92160,-22504,-21940,181304
79533,-16384,-201728,41992,-6502,168920
79543,-40960,-488448,101384,-4604,221163
79553,-108544,-530432,95584,-10245,122171
79563,-108544,-671744,127600,-2659,198623
79573,-108544,-636928,119712,-745,135435
79583,-575488,-741376,37584,-58256,50840
79593,-637952,-716800,17864,-20660,22178
79603,-1139712,-812032,-74240,-91832,-108678
79613,-1139712,-919552,-49880,-23695,-14409
79623,-1546240,-1086464,-104168,-43133,-52602
79633,-1930240,-1361920,-128760,-36173,-38008
79643,-2342912,-1574912,-174000,-57440,-132386
79653,-2473984,-1909760,-127832,-27615,-18876
79663,-2975744,-2224128,-170288,-93269,-128992
79673,-2975744,-2533376,-100224,-25667,7128
79683,-2975744,-2937856,-8584,-6633,173673
79693,-2975744,-3161088,41992,-1731,167552
79703,-5160960,-3402752,-398344,-272154,-535504
79713,-6241280,-3674112,-581624,-161376,-599552
79723,-7600128,-4367360,-732424,-233067,-653694
79733,-7999488,-5366784,-596472,-106664,-254906
79743,-7999488,-6537216,-331296,-27519,176589
79753,-8416256,-7445504,-219936,-33061,209249
79763,-8416256,-8129536,-64960,-8537,239740
79773,-7522304,-8579072,239424,68518,542101
79783,-7293952,-8694784,317376,32788,432069
79793,-4076544,-8505344,1003400,359980,1316990
79803,-2669568,-7892992,1183432,217754,1127122
79814,-2669568,-6678528,908280,56134,422823
79824,-817152,-5254144,1005256,216859,525695
79834,-817152,-4023296,726392,59633,185742
79844,-817152,-2873344,465856,15361,-49163
79854,-817152,-2153472,302760,4207,-56180
79864,3072,-1763328,400200,65972,311412
79874,6144,-1474560,335472,18624,290647
79884,6144,-1201152,273528,4784,250171
79894,6144,-970752,221328,1222,233748
79904,243712,-753664,225968,36166,301850
79914,294912,-507904,181888,14905,239095
79924,294912,-314368,138040,4081,215471
79934,569344,-43008,138736,25194,205544
79944,886784,147456,167504,38998,261841
79954,1220608,327680,202304,37125,313951
79964,1220608,609280,138504,9558,181064
79974,2582528,798720,404144,151421,617647
79984,2582528,1159168,322480,39031,383680
79994,3389440,1703936,381872,53399,383760
80004,3389440,2326528,240816,14672,139949
80014,6175744,2910208,739848,210459,849054
80024,6925312,3809280,705976,92005,573578
80034,6925312,4850688,470032,25293,202144
80044,8246272,5977088,514112,104499,315998
80054,8246272,6900736,304848,28731,96979
80064,8246272,7681024,128064,7393,1971
80074,8246272,8264704,-6960,1892,-56971
80084,8762368,8558592,46168,73501,195650
80094,8851456,8685568,37584,27493,268575
80104,8851456,8908800,-12992,7069,161517
80114,8762368,9037824,-62408,-10671,125068
80124,8762368,9183232,-95352,-2764,102800
80134,6998016,9322496,-526640,-123479,-517111
80144,6047744,8993792,-667464,-79720,-501563
80154,3578880,8300544,-1057456,-257660,-967524
80164,2974720,7163904,-949112,-112902,-538871
80174,2974720,5486592,-569096,-29128,194523
80184,2974720,4273152,-294176,-8029,405884
80194,2974720,3304448,-74704,-2082,495418
80204,483328,2911232,-550072,-118189,-369936
80214,423936,2516992,-474208,-38230,-278388
80224,423936,1959936,-348000,-9877,-99478
80234,428032,1453056,-232232,-2055,9606
80244,428032,920576,-111592,-580,127583
80254,428032,395264,7424,-165,239112
80264,428032,150528,62872,-64,183595
80274,428032,32768,89552,-42,93186
80284,125952,-164864,65888,-18499,75592
80294,-50176,-195584,32944,-26997,-15154
80304,-99328,-313344,48488,-11402,35538
80314,-120832,-430080,70064,-4552,82079
80324,-244736,-556032,70528,-16590,80573
80334,-244736,-724992,108808,-4293,170566
80344,-580608,-789504,47328,-58854,24009
80354,-580608,-945152,82592,-15192,148226
80364,-1013760,-1000448,-3016,-40493,20759
80374,-1128448,-1057792,-16008,-18166,13712
80384,-2036736,-1235968,-181424,-110561,-200785
80394,-2368512,-1373184,-225504,-58429,-212730
80404,-2368512,-1701888,-151032,-15082,-24312
80414,-3041280,-2129920,-206480,-82313,-83498
80424,-3041280,-2507776,-120872,-22657,91316
80434,-4210688,-2775040,-325264,-117543,-287417
80444,-4210688,-3171328,-235480,-32342,-79809
80454,-4945920,-3582976,-308792,-70412,-190055
80464,-5922816,-4155392,-400432,-140263,-260766
80474,-6176768,-4613120,-354264,-63933,-171582
80484,-6176768,-5125120,-238264,-17601,-58075
80494,-7145472,-5816320,-301136,-66962,-108311
80504,-6999040,-6362112,-141984,-2283,60840
80514,-6999040,-6992896,-1392,-646,226114
80524,-6926336,-7391232,105328,3727,242225
80534,-5860352,-7740416,425952,117485,689211
80544,-5860352,-7687168,413888,30281,478695
80554,-3698688,-7344128,825920,334451,997706
80564,-3247104,-6798336,804576,135568,680386
80574,-3247104,-5975040,618048,34944,278653
80584,-1482752,-5132288,826848,169145,597554
80594,-1482752,-4221952,620600,43599,265667
80604,-897024,-3454976,579536,54676,318301
80614,-720896,-2768896,464000,24485,226999
80624,-570368,-2128896,353104,21717,148264
80634,-519168,-1689600,265176,9755,117754
80644,-519168,-1375232,193952,2502,128849
80654,-62464,-1127424,241280,44491,274901
80664,-62464,-948224,200680,12219,236506
80674,73728,-793600,196504,9992,272513
80684,73728,-581632,148480,2562,209351
80694,73728,-347136,95352,692,129821
80704,294912,-230400,119016,29495,230302
80714,334848,-113664,101616,12189,220419
80724,401408,70656,74936,7756,154428
80734,846848,190464,148712,61051,292922
80744,1032192,269312,172840,34576,327420
80754,1888256,515072,311112,64714,447788
80764,2267136,931840,302528,36867,320282
80774,2267136,1422336,191400,9489,150599
80784,2267136,1822720,100688,499188,1226731
80794,5160960,2320384,643568,137290,777017
80804,6854656,3182592,831952,187868,866505
80814,6854656,4246528,590904,51663,356116
80824,8246272,5446656,634288,186306,475255
80834,8674304,6434816,502744,86558,315025
80844,8674304,7360512,297656,23790,87239
80854,8674304,8115200,126672,6119,-17272
80864,8674304,8558592,26216,1667,37225
80874,9495552,8978432,117160,43824,243238
80884,8851456,9293824,-105792,-68786,-67775
80894,8851456,9522176,-151960,-18941,-17681
80904,6175744,9627648,-782072,-243499,-886928
80914,6175744,9208832,-687184,-66990,-477920
80924,3427328,8225792,-1087152,-264730,-887143
80934,2267136,7006208,-1065112,-139197,-566211
80944,2267136,5229568,-671176,-38299,174764
80954,549888,3772416,-730104,-154831,-101848
80964,101376,2613248,-569096,-119595,-78922
80974,3072,1574912,-356120,-42312,95809
80984,3072,780288,-176088,-11654,222150
80994,-87040,352256,-99528,-10904,76142
81004,-87040,-62464,-5568,-2827,124649
81014,-154624,-240640,19488,-6496,46373
81024,-206848,-489472,64032,-4884,108889
81035,-353280,-603136,56608,-18342,41975
81045,-472064,-740352,60784,-15085,44582
81055,-887808,-875520,-2784,-70813,-75887
81065,-1095680,-992256,-24360,-40990,-86689
81075,-1095680,-1193984,22272,-11292,44425
81085,-1950720,-1354752,-135024,-131935,-232233
81095,-1950720,-1529856,-89320,-34039,-65700
81105,-2342912,-1761280,-131776,-40411,-122801
81115,-2788352,-2079744,-160544,-41611,-122528
81125,-3247104,-2535424,-161240,-57739,-63025
81135,-3542016,-2862080,-154048,-39235,-63479
81145,-3542016,-3298304,-55216,-10133,82965
81155,-4210688,-3637248,-129920,-75861,-56702
81165,-4210688,-4089856,-27376,-19578,106586
81175,-5678080,-4348928,-301136,-212622,-436807
81185,-6112256,-4734976,-312040,-105939,-310068
81195,-6439936,-5262336,-266800,-51642,-152196
81205,-6507520,-5933056,-130152,-17853,103197
81215,-7071744,-6539264,-120640,-62417,33581
81225,-6999040,-7171072,38976,-10718,262451
81235,-6999040,-7561216,127368,-2967,289662
81245,-6714368,-7810048,248240,28383,369850
81255,-6714368,-7885824,265408,7792,288834
81265,-4638720,-7896064,737992,209976,950471
81275,-4638720,-7578624,666072,54132,569330
81285,-2196480,-6878208,1060704,196045,985926
81295,-1579008,-5791744,954448,81639,569733
81305,-921600,-4646912,844016,89780,407981
81315,-585728,-3472384,654008,46494,179576
81325,-585728,-2609152,458432,11975,85125
81335,-585728,-2048000,331296,3276,112253
81345,-585728,-1696768,251720,829,183698
81355,3072,-1471488,334080,29869,362960
81365,6144,-1332224,303224,7984,375007
81375,9216,-1168384,266800,2408,349670
81385,76800,-924672,226896,9569,323152
81395,98304,-669696,174000,4518,238304
81405,98304,-519168,139896,1224,227821
81415,175104,-392192,128528,5177,256572
81425,175104,-223232,90248,1408,192741
81435,285696,-173056,103936,8036,262773
81445,327680,-94208,95584,4040,266203
81455,327680,22528,69136,1098,214605
81465,327680,67584,58928,269,239555
81475,759808,129024,142912,57359,411788
81485,752640,181248,129456,14087,346353
81495,733184,287744,100920,280,292486
81505,719872,442368,62872,-1703,222821
81515,642048,538624,23432,-7457,200129
81525,589824,605184,-5800,-7103,205547
81535,579584,695296,-26216,-1973,167806
81545,733184,664576,15544,13304,263681
81555,808960,704512,23664,8585,248354
81565,808960,743424,14848,2200,218230
81575,2756608,786432,446368,164940,837476
81585,2756608,1128448,368880,45351,490864
81595,4588544,1726464,648440,239419,823236
81605,4588544,2360320,504832,65838,453152
81615,6998016,3182592,864432,430576,1132655
81625,6998016,3996672,679992,118416,557873
81635,6998016,4974592,458432,30517,282458
81645,6998016,5972992,232232,7855,24506
81655,7599104,6668288,210888,76871,182429
81665,7599104,7204864,89320,19805,121887
81675,7218176,7612416,-89320,-19405,-47117
81685,5984256,7797760,-410872,-148824,-421328
81695,5984256,7730176,-395560,-38395,-205231
81705,3074048,7449600,-991336,-510148,-1215522
81715,3074048,6834176,-851904,-131565,-647602
81725,1971200,5694464,-843552,-121207,-403184
81735,1971200,4527104,-579072,-33355,9898
81745,387072,3266560,-652384,-193239,-234630
81755,334848,2353152,-457272,-57577,-40040
81765,3072,1442816,-326192,-68256,27500
81775,3072,713728,-161008,-17617,182275
81785,3072,302080,-67744,-4862,145072
81795,-108544,-1024,-24360,-7666,60421
81805,-194560,-288768,21344,-11393,88952
81815,-194560,-474112,63336,-3151,84609
81825,-328704,-590848,59392,-8512,37628
81835,-328704,-732160,91408,-2357,92830
81845,-328704,-826368,112752,-618,111229
81855,-660480,-901120,54520,-21531,27882
81865,-660480,-1030144,83752,-5568,119843
81875,-1013760,-1072128,13224,-27661,4097
81885,-1482752,-1126400,-80736,-78382,-145063
81895,-1629184,-1267712,-81896,-36225,-64549
81905,-1849344,-1438720,-93032,-27398,-718
81915,-2848768,-1683456,-264016,-102355,-246815
81925,-3503104,-2004992,-339416,-93434,-283175
81935,-3698688,-2419712,-289768,-38620,-145829
81945,-4589568,-2945024,-372592,-58500,-201706
81955,-4589568,-3525632,-241048,-15104,-8243
81965,-4589568,-4082688,-114840,-4170,125808
81975,-7369728,-4598784,-627792,-150450,-562334
81985,-8675328,-5312512,-757480,-164191,-638644
81995,-9309184,-6295552,-682776,-92201,-359083
82005,-9309184,-7306240,-453792,-23794,-50935
82015,-16285696,-8284160,-1812848,-721190,-2133690
82025,-17213440,-9753600,-1690120,-250508,-1312796
82035,-17213440,-11805696,-1225192,-64611,-411181
82045,-17213440,-13964288,-736136,-17790,239109
82055,-17213440,-15805440,-319000,-4604,487918
82065,-17213440,-17043456,-38512,-1201,463619
82075,-7917568,-17692672,2214672,892353,3469561
82085,-7917568,-17615872,2197272,230094,2488377
82095,-1629184,-16234496,3309016,897143,3647433
82105,-1629184,-14073856,2819496,231330,2023274
82115,-1629184,-11381760,2209568,63610,931486
82125,-444416,-8485888,1821896,76055,519873
82135,-444416,-6055936,1271360,19599,127273
82145,-444416,-4204544,851904,5375,-23425
82155,-444416,-2751488,522696,1370,-74774
82165,-444416,-1840128,316216,359,-5873
82175,-444416,-1210368,173536,76,67183
82185,342016,-732160,243368,41006,280765
82195,451584,-301056,170520,21785,215553
82205,594944,115712,108576,14952,182477
82215,956416,543744,93496,52031,211835
82225,1208320,936960,61480,36081,194730
82235,2393088,1255424,257752,212665,622394
82245,2668544,1627136,235944,92727,468867
82255,3210240,2107392,249864,72663,411106
82265,3778560,2609152,264944,57027,379771
82275,5859328,3232768,595080,273367,874459
82285,5859328,3898368,444280,70477,496362
82295,7916544,4686848,731728,372516,1038980
82305,8501248,5601280,657024,168733,715530
82315,8501248,6638592,422008,43494,295547
82325,9980928,7619584,534992,145519,512926
82336,9980928,8627200,306704,37507,197258
82346,9980928,9512960,106024,10299,19514
82356,10695680,10295296,90712,46332,116542
82366,10695680,10951680,-58000,11933,-4548
82376,10695680,11381760,-155440,3268,-20009
82386,10695680,11771904,-243832,826,-92059
82396,10695680,11987968,-292784,214,-113841
82406,4944896,11985920,-1595232,-485344,-1918916
82416,3697664,11272192,-1716104,-264029,-1635459
82426,2974720,9618432,-1505216,-156894,-874389
82436,2726912,7316480,-1039824,-60082,22172
82446,2472960,5482496,-681848,-48626,257904
82456,2267136,3887104,-367024,-36541,373104
82466,2267136,3028992,-172608,-9435,246459
82476,1284096,2626560,-304152,-81014,-215521
82486,1052672,2311168,-285128,-46193,-294953
82496,1052672,1956864,-204856,-12717,-206055
82506,435200,1479680,-236640,-38678,-218453
82516,202752,982016,-176552,-37747,-116374
82526,162816,439296,-62640,-12907,62435
82536,162816,-31744,44080,-3343,176397
82546,162816,-368640,120408,-934,211007
82556,138240,-595968,166344,-2203,193803
82566,178176,-768000,214368,2246,237677
82576,178176,-840704,230840,565,237350
82586,218112,-785408,227360,3089,194918
82596,218112,-766976,223184,832,217536
82606,218112,-675840,202536,200,182834
82616,218112,-523264,167968,41,115812
82626,218112,-440320,149176,0,120239
82636,218112,-304128,118320,0,64973
82646,3988480,-232448,956304,279681,1191804
82656,6047744,497664,1257440,182732,1093440
82666,8941568,1907712,1593608,343528,1263596
82676,9980928,3694592,1424248,171576,690513
82686,14695424,5805056,2014224,711070,1699655
82696,15115264,7759872,1666456,238579,845743
82706,15115264,9932800,1174152,61509,161057
82716,15400960,11737088,830096,32250,-71011
82726,13240320,13201408,8816,-213020,-903205
82736,12864512,13908992,-236640,-81080,-638934
82746,8501248,13812736,-1203384,-639476,-1799847
82756,8501248,12991488,-1017320,-164919,-801030
82766,8501248,11594752,-700872,-45377,-81561
82776,3540992,9646080,-1383184,-318338,-742742
82786,2446336,7746560,-1200832,-187227,-408795
82796,2446336,5753856,-749360,-51513,222932
82806,713728,4150272,-778592,-131048,-66489
82816,549888,2765824,-502048,-49543,121366
82826,391168,1771520,-312736,-24681,138827
82836,64512,1018880,-216224,-49697,26198
82846,0,507904,-115072,-19880,46223
82856,0,45056,-10208,-5142,91008
82866,-80896,-311296,52200,-6345,126748
82876,-80896,-556032,107648,-1764,159618
82886,-80896,-733184,147784,-470,154745
82896,-206848,-955392,169592,-8452,191876
82906,-325632,-1047552,163560,-13039,163286
82916,-433152,-1002496,128992,-15189,63879
82926,-433152,-1085440,147784,-4195,150030
82936,-660480,-1147904,110432,-21561,120573
82946,-660480,-1270784,138272,-5573,210345
82956,-985088,-1341440,80736,-41902,115168
82966,-985088,-1346560,81896,-10822,89288
82976,-1085440,-1439744,80272,-9534,111867
82986,-1298432,-1505280,46864,-28955,68054
82996,-1298432,-1547264,56376,-7482,95095
83006,-1562624,-1691648,29232,-19301,99996
83016,-1562624,-1883136,72616,-4991,190876
83026,-1829888,-2056192,51272,-25456,162241
83036,-2149376,-2128896,-4640,-61422,16365
83046,-2243584,-2277376,7656,-26835,71003
83056,-2243584,-2432000,42688,-7400,136922
83066,-2975744,-2633728,-77488,-68445,-14363
83076,-2975744,-2781184,-44080,-17664,51841
83086,-3465216,-2997248,-106024,-46184,-22425
83096,-3503104,-3228672,-62176,-14093,34267
83106,-3658752,-3602432,-12760,-20658,127597
83116,-3542016,-3963904,95584,4161,284485
83126,-3108864,-4259840,260768,66406,497556
83136,-2757632,-441