R
Px,Ix,Dx,Py,Iy,Dy,Pz,Iz,FFrx,FFry,FFdrx,FFdry,satI,satPID,KFQAng,KFQbias,KFRmeas,CPx,CIx,CPy,CIy,CsatI,CsatPID,CFFdrx,CFFdry,CFalpha,IRelaxR,IRelaxE,DmaxR,DmaxE,DMx,DMy
58,80,47,58,80,47,250,0,0,0,10,0,500000,3000000,256,4,16384,0,0,0,0,0,0,0,0,0.995,0,0,0,0,0,0
sysTickMs,GPT1X,aPT1R,aKFPT11R,PIDRefXi,PIDSensXi,PIDPoutXi,PIDIoutXi,PIDDoutXi,PIDFFoutXi,PIDUXi
13459,0,-895,0,0,0,0,0,0,0
13464,0,-895,0,0,0,0,0,0,0
13469,0,-895,0,0,0,0,0,0,0
13474,0,-895,0,0,0,0,0,0,0
13479,0,-895,0,0,0,0,0,0,0
13484,0,-895,0,0,0,0,0,0,0
13489,0,-895,0,0,0,0,0,0,0
13494,0,-895,0,0,0,0,0,0,0
13499,0,-895,0,0,0,0,0,0,0
13504,0,-895,0,0,0,0,0,0,0
13509,0,-895,0,0,0,0,0,0,0
13514,0,-895,0,0,0,0,0,0,0
13519,0,-895,0,0,0,0,0,0,0
13524,0,-895,0,0,0,0,0,0,0
13529,0,-895,0,0,0,0,0,0,0
13534,0,-895,0,0,0,0,0,0,0
13539,0,-895,0,0,0,0,0,0,0
13544,0,-895,0,0,0,0,0,0,0
13549,0,-895,0,0,0,0,0,0,0
13554,0,-895,0,0,0,0,0,0,0
13559,0,-895,0,0,0,0,0,0,0
13564,0,-895,0,0,0,0,0,0,0
13569,0,-895,0,0,0,0,0,0,0
13574,0,-895,0,0,0,0,0,0,0
13579,0,-895,0,0,0,0,0,0,0
13584,0,-895,0,0,0,0,0,0,0
13589,0,-895,0,0,0,0,0,0,0
13594,0,-895,0,0,0,0,0,0,0
13599,0,-895,0,0,0,0,0,0,0
13604,0,-895,0,0,0,0,0,0,0
13609,0,-895,0,0,0,0,0,0,0
13614,0,-895,0,0,0,0,0,0,0
13619,0,-895,0,0,0,0,0,0,0
13624,0,-895,0,0,0,0,0,0,0
13629,0,-895,0,0,0,0,0,0,0
13634,0,-895,0,0,0,0,0,0,0
13639,0,-895,0,0,0,0,0,0,0
13644,0,-895,0,0,0,0,0,0,0
13649,0,-895,0,0,0,0,0,0,0
13654,0,-895,0,0,0,0,0,0,0
13659,0,-895,0,0,0,0,0,0,0
13664,0,-895,0,0,0,0,0,0,0
13669,0,-895,0,0,0,0,0,0,0
13674,0,-895,0,0,0,0,0,0,0
13680,0,-895,0,0,0,0,0,0,0
13685,0,-895,0,0,0,0,0,0,0
13690,0,-895,0,0,0,0,0,0,0
13695,0,-895,0,0,0,0,0,0,0
13700,0,-895,0,0,0,0,0,0,0
13705,0,-895,0,0,0,0,0,0,0
13710,0,-895,0,0,0,0,0,0,0
13715,0,-895,0,0,0,0,0,0,0
13720,0,-895,0,0,0,0,0,0,0
13725,0,-895,0,0,0,0,0,0,0
13730,0,-895,0,0,0,0,0,0,0
13735,0,-895,0,0,0,0,0,0,0
13740,0,-895,0,0,0,0,0,0,0
13745,0,-895,0,0,0,0,0,0,0
13750,0,-895,0,0,0,0,0,0,0
13755,0,-895,0,0,0,0,0,0,0
13760,0,-895,0,0,0,0,0,0,0
13765,0,-895,0,0,0,0,0,0,0
13770,0,-895,0,0,0,0,0,0,0
13775,0,-895,0,0,0,0,0,0,0
13780,0,-895,0,0,0,0,0,0,0
13785,0,-895,0,0,0,0,0,0,0
13790,0,-895,0,0,0,0,0,0,0
13795,0,-895,0,0,0,0,0,0,0
13800,0,-895,0,0,0,0,0,0,0
13805,0,-895,0,0,0,0,0,0,0
13810,0,-895,0,0,0,0,0,0,0
13815,0,-895,0,0,0,0,0,0,0
13820,0,-895,0,0,0,0,0,0,0
13825,0,-895,0,0,0,0,0,0,0
13830,0,-895,0,0,0,0,0,0,0
13835,0,-895,0,0,0,0,0,0,0
13840,0,-895,0,0,0,0,0,0,0
13845,0,-895,0,0,0,0,0,0,0
13850,0,-895,0,0,0,0,0,0,0
13855,0,-895,0,0,0,0,0,0,0
13860,0,-895,0,0,0,0,0,0,0
13865,0,-895,0,0,0,0,0,0,0
13870,0,-895,0,0,0,0,0,0,0
13875,0,-895,0,0,0,0,0,0,0
13880,0,-895,0,0,0,0,0,0,0
13885,0,-895,0,0,0,0,0,0,0
13890,0,-895,0,0,0,0,0,0,0
13895,0,-895,0,0,0,0,0,0,0
13900,0,-895,0,0,0,0,0,0,0
13905,0,-895,0,0,0,0,0,0,0
13910,0,-895,0,0,0,0,0,0,0
13915,0,-895,0,0,0,0,0,0,0
13920,0,-895,0,0,0,0,0,0,0
13925,0,-895,0,0,0,0,0,0,0
13930,0,-895,0,4096,-928,-21,4520,0,-6165
13935,0,-895,0,3072,-696,-45,-379,0,-362
13940,0,-895,0,11264,-2552,-73,4406,0,-7031
13945,0,-895,0,7168,-1624,-109,-23,0,-1710
13950,0,-895,0,8192,-1856,-153,-391,0,-1618
13955,0,-895,0,6144,-1392,-184,-1687,0,111
13960,0,-895,0,8192,-1856,-211,309,0,-1390
13965,0,-895,0,5120,-1160,-243,-1894,0,491
13970,0,-895,0,6144,-1392,-276,-1550,0,-118
13975,0,-895,0,7168,-1624,-305,-437,0,-4419
13980,0,-895,0,0,0,-328,-4969,0,4641
13985,0,-895,0,4096,-928,-348,-1309,0,33
13990,0,-895,0,4096,-928,-373,-1355,0,54
13995,0,-895,0,9216,-2088,-393,2708,0,-5189
14000,0,-895,0,5120,-1160,-417,-861,0,-716
14005,0,-895,0,8192,-1856,-446,1135,0,-3437
14010,0,-895,0,2048,-464,-470,-3317,0,2383
14015,0,-895,0,3072,-696,-481,-1848,0,671
14020,0,-895,0,5120,-1160,-504,-459,0,-1207
14025,0,-895,0,6144,-1392,-529,229,0,-2150
14030,0,-895,0,12288,-2784,-561,4073,0,-7418
14035,0,-895,0,2048,-928,-589,-1940,0,423
14040,0,-895,0,8192,-1856,-617,929,0,-3402
14045,0,-895,0,9216,-2088,-637,2363,0,-5088
14050,0,-895,0,6144,-1392,-659,286,0,-2337
14055,0,-895,0,6144,-1392,-687,-494,0,-1585
14060,0,-895,0,8192,-1856,-719,654,0,-3229
14065,0,-895,0,6144,-1392,-747,-563,0,-1576
14070,0,-895,0,8192,-1856,-769,1308,0,-3933
14075,0,-895,0,7168,-1624,-791,722,0,-3137
14080,0,-895,0,6144,-1392,-814,172,0,-2378
14085,0,-895,0,6144,-1392,-833,436,0,-2661
14090,0,-895,0,4096,-928,-856,-1240,0,-544
14095,0,-895,0,5120,-1160,-881,-540,0,-1501
14100,0,-895,0,7168,-1624,-910,413,0,-2947
14105,0,-895,0,4096,-928,-934,-1768,0,-94
14110,0,-895,0,7168,-1624,-960,642,0,-3226
14115,0,-895,0,6144,-1392,-991,-769,0,-1614
14120,0,-895,0,7168,-1624,-1025,-586,0,-2063
14125,0,-895,0,12288,-2784,-1064,2857,0,-6705
14130,0,-895,0,9216,-2088,-1105,-81,0,-3112
14135,0,-895,0,7168,-1624,-1143,-1768,0,-999
14140,0,-895,0,6144,-1392,-1178,-2158,0,-412
14145,0,-895,0,4096,-928,-1209,-3271,0,1134
14150,0,-895,0,8192,-1856,-1238,298,0,-3392
14155,0,-895,0,4096,-928,-1261,-1836,0,-353
14160,0,-895,-13312,2048,-3480,-1273,-2204,-2032,-2549
14165,0,-895,-13312,7168,-4640,-1362,573,-1009,-6575
14170,0,-895,-13312,8192,-4872,-1452,263,-540,-6587
14175,0,-895,-151552,8192,-36192,-1593,-609,-21387,-37176
14180,0,-895,-151552,18432,-38512,-2260,6414,-10525,-47186
14185,0,-895,-151552,6144,-35728,-2872,-2146,-5530,-36454
14190,0,-895,-151552,5120,-35496,-3479,-1710,-2911,-37265
14195,0,-895,-151552,3072,-35032,-4143,-1882,-1443,-37293
14200,0,-895,-295936,3072,-67744,-5092,-850,-15726,-71986
14205,0,-895,-392192,7168,-90480,-6297,952,-22027,-97729
14210,0,-895,-392192,4096,-89784,-7928,-1343,-10840,-96369
14215,0,-895,-413696,6144,-95120,-9497,91,-7923,-104708
14220,0,-895,-413696,6144,-95120,-11114,-345,-4163,-105889
14225,0,-895,-413696,6144,-95120,-12914,-999,-2059,-107035
14230,0,-895,-489472,7168,-112520,-14729,-1091,-8938,-126158
14235,0,-895,-528384,10240,-122032,-16667,665,-10267,-139364
14240,0,-895,-528384,8192,-121568,-18717,-379,-5054,-140113
14245,0,-895,-528384,9216,-121800,-20996,780,-2659,-143576
14250,0,-895,-528384,11264,-122264,-23088,1904,-1404,-147256
14255,0,-895,-528384,11264,-122264,-25190,1170,-701,-148834
14260,0,-895,-561152,6144,-128528,-27579,-2295,-3563,-153812
14265,0,-895,-561152,7168,-128760,-29783,-597,-1873,-157946
14270,0,-895,-561152,9216,-129224,-32000,917,-992,-162141
14275,0,-895,-637952,9216,-146624,-34623,1067,-7955,-182314
14280,0,-895,-637952,8192,-146392,-37108,-58,-4183,-183442
14285,0,-895,-637952,7168,-146160,-39614,-941,-2200,-184833
14290,0,-895,-637952,9216,-146624,-42384,413,-1094,-189421
14295,0,-895,-1139712,8192,-260072,-45195,-563,-67874,-304704
14300,0,-895,-1139712,9216,-260304,-49007,539,-35604,-309850
14305,0,-895,-1139712,5120,-261696,-53571,4865,-17510,-320132
14310,0,-895,-1595392,8192,-363312,-58031,-1194,-70303,-420149
14315,0,-895,-1595392,9216,-363544,-63331,-735,-36878,-426140
14320,0,-895,-1629184,5120,-370272,-69118,-2651,-21219,-442330
14326,0,-895,-1629184,8192,-370968,-75815,298,-11138,-447081
14331,0,-895,-1629184,10240,-371432,-82061,1996,-5850,-455489
14336,0,-895,-1629184,7168,-370736,-88376,195,-3079,-457018
14341,0,-895,-1611776,5120,-366328,-95352,-873,812,-460807
14346,0,-895,-1611776,4096,-366096,-101673,-1653,417,-466116
14351,0,-895,-1611776,6144,-366560,-108005,-655,195,-472644
14356,0,-895,-1629184,8192,-370968,-114972,1422,-2095,-487362
14361,0,-895,-1629184,6144,-370504,-121336,401,-1106,-492241
14366,0,-895,-1646592,10240,-375376,-127745,-4028,-2139,-497646
14371,0,-895,-1646592,6144,-374448,-134821,103,-1131,-509372
14376,0,-895,-1646592,8192,-374912,-141278,1044,-604,-517234
14381,0,-895,-1379328,4096,-313432,-146465,-1573,25632,-464718
14386,0,-895,-1379328,9216,-314592,-152103,1858,12592,-468553
14391,0,-895,-1379328,9216,-314592,-157381,1216,6594,-473189
14396,0,-895,-1379328,6144,-313896,-162731,-1377,3447,-475250
14401,0,-895,-606208,6144,-138736,-167131,-1148,98889,-304719
14406,0,-895,-606208,5120,-138504,-169004,-2009,51855,-305499
14411,0,-895,-606208,6144,-138736,-171127,-964,27187,-309177
14416,0,-895,-270336,3072,-61944,-173042,-2640,55588,-232346
14421,0,-895,-270336,7168,-62872,-173990,677,29145,-237539
14426,0,-895,-203776,7168,-47792,-174767,344,20002,-223923
14431,0,-895,-203776,7168,-47792,-175631,240,10483,-223663
14436,0,-895,-203776,8192,-48024,-176444,229,5490,-224697
14441,0,-895,12288,7168,1160,-176460,-609,22543,-178589
14446,0,-895,221184,8192,48256,-174742,332,35698,-126818
14451,0,-895,221184,-1024,50344,-171376,-5967,18713,-115065
14456,0,-895,221184,8192,48256,-168007,1319,9807,-120645
14461,0,-895,379904,12288,83288,-163093,3809,23520,-83614
14466,0,-895,379904,13312,83056,-157255,4658,12326,-78857
14471,0,-895,384000,4096,86072,-151392,768,6381,-66662
14476,0,-895,384000,7168,85376,-144936,-1045,3334,-58515
14481,0,-895,384000,6144,85608,-139040,-1320,1743,-52112
14486,0,-895,416768,10240,92104,-132621,-196,3469,-38984
14491,0,-895,443392,5120,99296,-125351,-1458,4946,-24597
14496,0,-895,443392,8192,98600,-118516,1044,2585,-20960
14501,0,-895,435200,5120,96280,-111143,2524,605,-17387
14506,0,-895,435200,4096,97672,-104436,-2043,307,-4721
14511,0,-895,435200,8192,96744,-97748,699,153,-1703
14516,0,-895,432128,6144,96512,-91077,-379,-191,4521
14521,0,-895,432128,8192,96048,-83766,803,-105,11479
14526,0,-895,432128,5120,96744,-77109,-1400,-66,21035
14531,0,-895,398336,10240,87928,-70378,2168,-2747,15382
14536,0,-895,379904,8192,84216,-64442,413,-3484,19361
14541,0,-895,379904,11264,83520,-58604,3063,-1836,21853
14546,0,-895,379904,3072,86304,-52111,-4533,-909,38726
14551,0,-895,113664,7168,24128,-48756,1354,-29905,-25982
14556,0,-895,113664,5120,24592,-47064,-310,-15694,-22162
14561,0,-895,113664,8192,23896,-45210,1790,-7728,-23104
14566,0,-895,113664,6144,24360,-43544,-322,-4063,-18862
14571,0,-895,-13312,5120,-4176,-42075,-1825,-21514,-44426
14576,0,-895,-13312,10240,-5336,-42157,745,-10586,-47774
14581,0,-895,-13312,13312,-6032,-42236,4486,-5560,-52754
14586,0,-895,-13312,10240,-5336,-42321,1629,-2923,-49286
14591,0,-895,-13312,8192,-4872,-42412,-666,-1543,-48594
14596,0,-895,-273408,10240,-64264,-43144,378,-27715,-107786
14601,0,-895,-273408,8192,-63800,-44184,-1114,-14546,-106870
14606,0,-895,-273408,7168,-63568,-45250,-1435,-7637,-107383
14611,0,-895,-467968,9216,-108112,-46873,-92,-23919,-154893
14616,0,-895,-467968,13312,-109040,-48650,2053,-12554,-159743
14621,0,-895,-467968,11264,-108576,-50457,1755,-6592,-160788
14626,0,-895,-702464,4096,-160080,-52929,-3259,-27542,-209750
14631,0,-895,-788480,11264,-181192,-55585,1572,-26761,-238349
14636,0,-895,-788480,9216,-180728,-58516,413,-14041,-239657
14641,0,-895,-897024,9216,-205552,-62022,1514,-18160,-269088
14646,0,-895,-1198080,10240,-273760,-65521,1239,-52601,-340520
14651,0,-895,-1198080,5120,-272600,-69684,-2123,-27596,-340161
14656,0,-895,-1198080,3072,-272136,-74109,2145,-13582,-350467
14661,0,-895,-1198080,9216,-273528,-79140,1067,-7134,-353735
14666,0,-895,-1198080,9216,-273528,-83789,596,-3748,-357913
14671,0,-895,-887808,5120,-202304,-87676,-1802,28286,-288178
14676,0,-895,-621568,9216,-142912,-90694,1881,52912,-235487
14681,0,-895,-621568,7168,-142448,-92861,424,27741,-235733
14686,0,-895,-590848,14336,-137112,-95297,5014,16613,-237423
14691,0,-895,-244736,9216,-57536,-97115,745,55122,-155396
14696,0,-895,-244736,10240,-57768,-97983,1491,28901,-157242
14701,0,-895,-133120,3072,-30856,-98641,-2582,25041,-126915
14706,0,-895,-133120,3072,-30856,-99150,-1986,13122,-128020
14711,0,-895,-133120,10240,-32480,-99675,3603,6875,-135758
14716,0,-895,208896,10240,45008,-97325,2604,36594,-54921
14721,0,-895,321536,6144,71456,-93645,-815,34289,-21374
14726,0,-895,321536,5120,71688,-88741,-1905,16853,-17672
14731,0,-895,321536,8192,70992,-83319,826,8825,-13153
14736,0,-895,625664,9216,139664,-76994,1067,45407,61603
14741,0,-895,625664,11264,139200,-67344,2145,22316,73714
14746,0,-895,695296,7168,155904,-55731,-861,18034,101034
14751,0,-895,695296,9216,155440,-45003,229,9448,110208
14756,0,-895,695296,10240,155208,-34229,1812,4943,125193
14761,0,-895,695296,13312,154512,-22421,3511,2419,128580
14766,0,-895,787456,9216,176320,-11103,286,12849,164931
14771,0,-895,787456,8192,176552,1358,-941,6306,178851
14776,0,-895,787456,2048,177944,4366,-5141,3298,187451
14781,0,-895,625664,7168,140128,7093,-356,-18624,147577
14786,0,-895,625664,11264,139200,9637,344,-9168,148957
14791,0,-895,518144,2048,116928,11524,-4028,-13995,132480
14796,0,-895,435200,6144,97208,13317,-253,-17779,110778
14801,0,-895,435200,7168,96976,14924,1445,-8753,110153
14806,0,-895,358400,15360,77720,16380,4589,-11153,89511
14811,0,-895,324608,14336,70296,17645,2914,-10108,85027
14816,0,-895,324608,12288,70760,18843,-1194,-4981,91614
14821,0,-895,324608,9216,71456,20184,-758,-2620,92398
14826,0,-895,318464,10240,69832,21393,-81,-2107,91306
14831,0,-895,318464,10240,69832,22721,-953,-1048,93970
14836,0,-895,318464,8192,70296,23936,-230,-557,94462
14841,0,-895,318464,6144,70760,25154,-1228,-301,97142
14846,0,-895,318464,11264,69600,26369,2535,-167,93434
14851,0,-895,334848,7168,74240,27769,-92,1308,102101
14856,0,-895,321536,8192,70992,29016,275,-894,99733
14861,0,-895,321536,8192,70992,30246,654,-481,100584
14866,0,-895,321536,9216,70760,31598,1491,-245,100867
14871,0,-895,266240,7168,58696,32711,229,-6658,91178
14876,0,-895,266240,10240,54984,33803,-2204,-6255,90991
14881,0,-895,246784,9216,53824,34726,1388,-3289,87162
14886,0,-895,221184,11264,47560,35600,2765,-4749,80395
14891,0,-895,221184,8192,48256,36420,-196,-2498,79096
14897,0,-895,199680,11264,42688,37234,2157,-2959,77765
14902,0,-895,193536,8192,41992,37963,-173,-2237,80128
14907,0,-895,193536,10240,41528,38686,1480,-1180,64805
14912,0,-895,122880,8192,25984,39175,803,-6246,64356
14917,0,-895,67584,2048,14848,39493,-3581,-9397,57922
14922,0,-895,67584,4096,13224,39753,2145,-4632,50832
14927,0,-895,67584,7168,13688,39981,-207,-2439,53876
14932,0,-895,0,0,0,40004,-5715,-8755,45719
14937,0,-895,9216,10240,232,39848,-482,-2996,40562
14942,0,-895,9216,9216,0,39838,149,-1580,39689
14947,0,-895,0,6144,-1392,39777,-1366,-1856,39751
14952,0,-895,0,10240,-2320,39655,1721,-923,35713
14957,0,-895,0,7168,-1624,39527,-402,-491,38305
14962,0,-895,0,10240,-2320,39403,1870,-267,35213
14967,0,-895,0,9216,-2088,39243,1985,-140,34706
14972,0,-895,0,7168,-1624,39094,-1458,-81,38928
14977,0,-895,0,8192,-1856,38980,-46,-54,37170
14982,0,-895,0,1024,-232,38881,-4820,-37,41233
14987,0,-895,0,8192,-1856,38756,619,-37,36281
14992,0,-895,0,7168,-1624,38657,149,-37,36884
14997,0,-895,0,11264,-2552,38505,1721,-37,34464
15002,0,-895,0,9216,-2088,38373,780,-37,35505
15007,0,-895,0,10240,-2320,38277,2157,-37,33800
15012,0,-895,0,10240,-2088,38147,1170,-37,34889
15017,0,-895,0,5120,-1160,38008,-2422,-37,39270
15022,0,-895,0,9216,-2088,37905,1296,-37,34521
15027,0,-895,0,5120,-2320,37776,1962,-37,33494
15032,0,-895,0,9216,-2088,37638,745,-37,34805
15037,0,-895,0,9216,-2088,37494,298,-37,35108
15042,0,-895,0,8192,-1856,37357,-907,-37,36640
15047,0,-895,0,9216,-2088,37236,745,-37,34403
15052,0,-895,0,6144,-1392,37117,-1343,-37,37068
15057,0,-895,0,5120,-1160,37005,-1848,-37,35634
15062,0,-895,0,8192,-1856,36910,1239,-37,33815
15067,0,-895,0,7168,-1624,36827,803,-37,34400
15072,0,-895,0,6144,-1392,36742,252,-37,37048
15077,0,-895,0,4096,-928,36681,-414,-37,36167
15082,0,-895,0,3072,-696,36612,-1125,-37,37041
15087,0,-895,0,8192,-1856,36489,1801,-37,32832
15092,0,-895,0,4096,-928,36395,-1446,-37,36913
15097,0,-895,0,7168,-1624,36296,665,-37,34007
15102,0,-895,0,6144,-1392,36195,516,-37,34044
15107,0,-895,0,4096,-928,36070,-2146,-37,37288
15112,0,-895,0,11264,-2552,35945,2994,-37,30399
15117,0,-895,0,6144,-1392,35860,-264,-37,30839
15122,0,-895,0,9216,-2088,35727,1537,-37,32102
15127,0,-895,0,10240,-2320,35615,2306,-37,30989
15132,0,-895,0,6144,-1392,35493,803,-37,32834
15137,0,-895,0,6144,-1392,35392,-528,-37,34528
15142,0,-895,0,6144,-1392,35282,-632,-37,34522
15147,0,-895,0,5120,-1160,35146,-2100,-37,28208
15152,0,-895,0,7168,-1624,34977,-1033,-37,34386
15157,0,-895,0,6144,-1392,34859,-1469,-37,34936
15162,0,-895,0,3072,-696,34724,-3741,-37,37769
15167,0,-895,0,5120,-1160,34633,-1400,-37,34873
15172,0,-895,0,5120,-1160,34554,-758,-37,34152
15177,0,-895,0,8192,-1856,34429,1055,-37,31518
15182,0,-895,0,8192,-1856,34303,550,-37,31897
15187,0,-895,0,7168,-1624,34183,-402,-37,32961
15192,0,-895,0,7168,-1624,34035,-735,-37,33146
15197,0,-895,0,10240,-2320,33894,1239,-37,30335
15202,0,-895,0,9216,-2088,33748,149,-37,31511
15207,0,-895,0,9216,-2088,33601,309,-37,31204
15212,0,-895,0,7168,-1624,33487,-689,-37,32552
15217,0,-895,0,12288,-2784,33335,2616,-37,27935
15222,0,-895,0,4096,-928,33228,-2663,-37,34963
15227,0,-895,0,9216,-2088,33145,1904,-37,29153
15232,0,-895,0,8192,-1856,33034,963,-37,30215
15237,0,-895,0,6144,-1392,32914,-655,-37,32177
15242,0,-895,0,3072,-696,32834,-2330,-37,34468
15247,0,-895,0,5120,-1160,32757,-333,-37,31930
15252,0,-895,0,7168,-1856,32610,734,-37,30020
15257,0,-895,0,9216,-2088,32506,1675,-37,28743
15262,0,-895,0,8192,-1856,32390,688,-37,29846
15267,0,-895,0,5120,-1160,32267,-1871,-37,30919
15272,0,-895,0,3072,-696,32161,-2915,-37,34380
15277,0,-895,0,9216,-2088,32076,2214,-37,27774
15282,0,-895,0,7168,-1624,31982,-2869,-37,34387
15287,0,-895,0,5120,-1160,31908,-196,-37,30944
15292,0,-895,0,7168,-1624,31789,458,-37,29707
15297,0,-895,0,8192,-1856,31668,780,-37,28108
15302,0,-895,0,6144,-1392,31517,-1377,-37,31502
15307,0,-895,0,9216,-2088,31386,780,-37,28518
15312,0,-895,0,4096,-928,31267,-2869,-37,33208
15317,0,-895,0,6144,-1392,31145,-907,-37,30660
15322,0,-895,0,6144,-1392,31035,-827,-37,30470
15327,0,-895,0,9216,-2088,30899,1170,-37,27641
15332,0,-895,0,11264,-2552,30750,2042,-37,26156
15337,0,-895,0,13312,-3016,30597,3086,-37,24495
15342,0,-895,0,8192,-1856,30458,-402,-37,29004
15347,0,-895,0,4096,-928,30343,-3041,-37,32456
15352,0,-895,0,6144,-1392,30247,-815,-37,26710
15357,0,-895,0,8192,-1856,30094,126,-37,28112
15362,0,-895,0,8192,-1856,29960,-81,-37,28185
15367,0,-895,0,13312,-3016,29787,2696,-37,27130
15372,0,-895,0,8192,-1856,29599,-1641,-37,29384
15377,0,-895,0,7168,-1624,29466,-1699,-37,29541
15382,0,-895,0,4096,-928,29375,-2777,-37,31224
15387,0,-895,0,5120,-1160,29244,-1974,-37,30058
15392,0,-895,0,3072,-696,29149,-2938,-37,31391
15397,0,-895,0,5120,-1160,29051,-1171,-37,26081
15402,0,-895,0,9216,-2088,28906,1181,-37,25637
15407,0,-895,0,7168,-1624,28790,-264,-37,27430
15412,0,-895,0,7168,-1624,28678,34,-37,27020
15417,0,-895,0,6144,-1392,28569,-723,-37,27900
15422,0,-895,0,10240,-2320,28449,2099,-37,24030
15427,0,-895,0,9216,-2088,28337,1388,-37,24861
15432,0,-895,0,6144,-1392,28246,-23,-37,26877
15437,0,-895,0,8192,-1856,28142,1285,-37,25001
15442,0,-895,0,8192,-1856,28052,-884,-37,27768
15447,0,-895,0,10240,-2320,27919,2340,-37,23259
15452,0,-895,0,7168,-1624,27764,-1045,-37,27185
15457,0,-895,0,8192,-2320,27620,1285,-37,24015
15462,0,-895,0,10240,-2320,27476,906,-37,24250
15467,0,-895,0,9216,-2088,27309,-551,-37,25772
15472,0,-895,0,10240,-2320,27147,390,-37,24437
15477,0,-895,0,8192,-1856,27025,-528,-37,25697
15482,0,-895,0,8192,-1856,26915,45,-37,25014
15487,0,-895,0,10240,-2320,26745,883,-37,23542
15492,0,-895,0,4096,-928,26638,-2938,-37,28648
15497,0,-895,0,8192,-1856,26564,-850,-37,26254
15502,0,-895,0,7168,-1624,26465,619,-37,24222
15507,0,-895,0,5120,-1160,26399,-219,-37,25458
15512,0,-895,0,11264,-2552,26276,3671,-37,20053
15517,0,-895,0,9216,-2088,26160,1709,-37,22363
15522,0,-895,0,7168,-1624,26040,-161,-37,24577
15527,0,-895,0,5120,-1624,25907,-310,-37,24593
15532,0,-895,0,4096,-928,25806,-2238,-37,27116
15537,0,-895,0,13312,-3016,25659,3843,-37,18800
15542,0,-895,0,11264,-1392,25486,-2284,-37,26378
15547,0,-895,0,7168,-1624,25337,-1699,-37,25412
15552,0,-895,0,2048,-464,25223,-4854,-37,29613
15557,0,-895,0,8192,-1856,25109,-586,-37,24060
15562,0,-895,0,4096,-928,24991,-2559,-37,26622
15567,0,-895,0,7168,-1624,24885,11,-37,23250
15572,0,-895,0,6144,-1392,24765,-987,-37,23325
15577,0,-895,0,14336,-3248,24596,4314,-37,17034
15582,0,-895,0,10240,-2320,24447,803,-37,21324
15587,0,-895,0,4096,-928,24324,-3363,-37,20738
15592,0,-895,0,6144,-1392,24188,-1584,-37,24380
15597,0,-895,0,6144,-1392,24052,-1722,-37,24382
15602,0,-895,0,12288,-2784,23924,2903,-37,18237
15608,0,-895,0,14336,-3248,23754,3798,-37,16708
15613,0,-895,0,1024,-232,23629,-5841,-37,29238
15618,0,-895,0,4096,-928,23526,-2754,-37,23239
15623,0,-895,0,7168,-1624,23432,401,-37,21407
15628,0,-895,0,1024,-232,23398,-2548,-37,25714
15633,0,-895,0,5120,-1856,23320,2719,-37,18745
15638,0,-895,0,5120,-1160,23237,91,-37,21986
15643,0,-895,0,6144,-1392,23140,527,-37,21221
15648,0,-895,0,6144,-1392,23059,573,-37,20162
15653,0,-895,0,6144,-1392,22913,-735,-37,22256
15658,0,-895,0,8192,-1856,22762,-150,-37,21056
15663,0,-895,0,12288,-2784,22577,-276,-37,20765
15668,0,-895,0,10240,-2320,22453,1090,-37,19043
15673,0,-895,0,12288,-2784,22306,2375,-37,17147
15678,0,-895,0,8192,-1856,22187,-264,-37,28315
15683,0,-895,0,4096,-928,22078,-2605,-37,23755
15688,0,-895,0,12288,-2784,21929,2834,-37,16311
15693,0,-895,0,11264,-2552,21726,837,-37,18337
15698,0,-895,0,8192,-1856,21593,-896,-37,20633
15703,0,-895,0,11264,-2552,21433,1158,-37,17723
15708,0,-895,0,15360,-3480,21242,3671,-37,14091
15713,0,-895,0,14336,-3248,21026,1652,-37,16126
15718,0,-895,0,20480,-4640,20753,4302,-37,11811
15723,0,-895,0,29696,-6728,20335,5863,-37,8208
15728,0,-895,0,33792,-7656,19848,6437,-37,5755
15733,0,-895,0,31744,-7192,19315,1675,-37,10448
15738,0,-895,0,31744,-7192,18791,286,-37,9350
15743,0,-1074,0,31744,-7192,18235,-104,-37,11147
15748,0,-1163,0,23552,-5336,17796,-4877,-37,17337
15753,0,-1163,0,27648,-6264,17387,-494,-37,11617
15758,0,-1163,0,27648,-6264,16934,172,-37,10498
15763,0,-1163,0,26624,-6032,16490,-1033,-37,11491
15768,0,-1611,0,29696,-6728,16004,172,-37,9104
15773,0,-1611,0,31744,-7192,15503,1721,-37,6590
15778,0,-895,0,22528,-5104,15120,-3466,-37,13482
15783,0,-268,0,17408,-3944,14796,-4969,-37,15821
15788,0,0,0,22528,-5104,14460,424,-37,8932
15793,0,0,0,23552,-5336,14080,240,-37,8504
15798,0,179,0,25600,-5800,13684,1032,-37,6852
15803,0,268,0,36864,-8352,13135,6311,-37,-1528
15808,0,268,0,50176,-11368,12459,10854,-37,-9763
15813,0,268,0,66560,-15080,11520,14297,-37,-17857
15818,0,179,0,100352,-22736,10038,24590,-37,-37288
15823,0,0,0,125952,-28536,8261,27148,-37,-47423
15828,0,0,0,158720,-35960,6058,33241,-37,-63143
15833,0,-89,0,188416,-42688,3113,33471,-37,-73046
15838,0,-447,0,216064,-48952,-19,33838,-37,-82809
15843,0,-984,0,240640,-54520,-908,31910,-37,-87338
15848,0,-1611,0,262144,-59392,-1990,29570,-37,-91648
15853,0,-1879,0,288768,-65424,-3080,28101,-37,-96605
15858,0,-1969,0,318464,-72152,-4278,30453,-37,-106883
15863,0,-2237,0,351232,-79576,-5591,34136,-37,-120207
15868,0,-2237,0,389120,-88160,-7188,37200,-37,-132548
15873,0,-2237,0,416768,-94424,-8764,34940,-37,-138128
15878,0,-2237,0,448512,-101616,-10456,36259,-37,-142368
15883,0,-2237,0,470016,-106488,-12427,29937,-37,-148852
15888,0,-2595,0,481280,-109040,-14291,21732,-37,-145063
15893,0,-3759,0,486400,-110200,-16193,13390,-37,-139783
15898,0,-5370,0,493568,-111824,-18307,10063,-37,-140194
15903,0,-7070,0,479232,-108576,-20206,-2594,-37,-126188
15908,0,-8363,0,459776,-104168,-22040,-11991,-37,-111275
15913,0,-9361,0,419840,-95120,-23930,-27712,-37,-91338
15918,0,-10470,0,385024,-87232,-25511,-34860,-37,-77883
15923,0,-11641,0,342016,-77488,-26933,-42514,-37,-61907
15928,0,-12744,0,290816,-65888,-28292,-48813,-37,-45367
15933,0,-13690,0,248832,-56376,-29342,-48733,-37,-36985
15938,0,-13999,0,200704,-45472,-30306,-50133,-37,-25645
15943,0,-14095,0,163840,-37120,-31022,-47345,-37,-20797
15948,0,-14118,0,125952,-28536,-31580,-45474,-37,-14642
15953,0,-14118,0,87040,-19720,-32033,-44591,-37,-7162
15958,0,-14118,0,55296,-12528,-32301,-40448,-37,-4381
15963,0,-14118,0,24576,-5568,-32451,-37993,-37,-26
15968,0,-14118,0,-3072,696,-32449,-31647,-37,-106
15973,0,-14118,0,-34816,7888,-32092,-33242,-37,9038
15978,0,-14118,0,-69632,15776,-31311,-37981,-37,22446
15983,0,-14118,0,-93184,21112,-29881,-38498,-37,32049
15988,0,-14190,0,-130048,29464,-28065,-35354,-37,36753
15993,0,-14285,0,-163840,37120,-25704,-36168,-37,47584
15998,0,-14380,0,-206848,46864,-22738,-43179,-37,73644
16003,0,-14404,0,-252928,57304,-18718,-45188,-37,83774
16008,0,-14404,0,-288768,65424,-14431,-42766,-37,93759
16013,0,-14380,0,-324608,73544,-9108,-39714,-37,104150
16018,0,-14285,0,-351232,79576,-3788,-35055,-37,110843
16023,0,-13690,0,-368640,83520,564,-28056,-37,112140
16028,0,-12546,0,-365568,82824,2159,-18417,-37,105720
16033,0,-11330,0,-368640,83520,3610,-6116,-37,93246
16038,0,-10211,0,-349184,79112,5012,7550,-37,76574
16043,0,-9694,0,-322560,73080,6324,18841,-37,65739
16048,0,-9546,0,-287744,65192,7644,28686,-37,44150
16053,0,-9435,0,-244736,55448,8677,38474,-37,25651
16058,0,-8622,0,-191488,43384,9605,47080,-37,5909
16063,0,-8252,0,-137216,31088,10235,54125,-37,-12802
16068,0,-7070,0,-75776,17168,10637,61664,-37,-33859
16073,0,-5370,0,-13312,3016,10809,66506,-37,-53841
16078,0,-3938,0,58368,-13224,10365,71245,-37,-74104
16083,0,-2953,0,122880,-27840,8928,73196,-37,-92108
16088,0,-2595,0,182272,-41296,6544,71922,-37,-104398
16093,0,-2237,0,248832,-56376,2849,72014,-37,-125541
16098,0,-2237,0,295936,-67048,-410,63385,-37,-130843
16103,0,-2237,0,352256,-79808,-1700,62984,-37,-144492
16108,0,-2237,0,404480,-91640,-3335,58968,-37,-153943
16113,0,-2237,0,440320,-99760,-4986,51119,-37,-155865
16118,0,-2237,0,479232,-108576,-6784,48824,-37,-164184
16123,0,-2327,0,512000,-116000,-8917,41687,-37,-166604
16128,0,-2327,0,540672,-122496,-10979,37728,-37,-171203
16133,0,-2506,0,559104,-126672,-13148,28365,-37,-168185
16138,0,-2774,0,587776,-132936,-15631,27470,-37,-176037
16143,0,-3490,0,595968,-135024,-17946,19346,-37,-172316
16148,0,-4117,0,612352,-138736,-20314,18829,-37,-177879
16153,0,-5459,0,625664,-142680,-22988,18657,-37,-184325
16158,0,-7339,0,633856,-143608,-25454,12599,-37,-181661
16163,0,-8363,0,630784,-142912,-27931,4532,-37,-175375
16168,0,-9287,0,622592,-141056,-30382,-2215,-37,-170571
16173,0,-10507,0,601088,-136184,-33015,-12978,-37,-156221
16178,0,-11528,0,577536,-130848,-35322,-20253,-37,-145917
16183,0,-12687,0,547840,-124120,-37520,-27035,-37,-128772
16188,0,-14951,0,499712,-113216,-39764,-38945,-37,-114035
16193,0,-16170,0,450560,-102080,-41615,-47425,-37,-96270
16198,0,-18057,0,396288,-89784,-43262,-54597,-37,-78449
16203,0,-19240,0,330752,-74936,-44798,-60311,-37,-59423
16208,0,-20453,0,262144,-59392,-45951,-69996,-37,-35347
16213,0,-21791,0,208896,-47328,-46868,-66243,-37,-25398
16218,0,-22904,0,140288,-31784,-47603,-68871,-37,-10516
16223,0,-24054,0,78848,-17864,-48018,-69456,-37,3574
16228,0,-24207,0,24576,-5568,-48193,-64511,-37,20247
16233,0,-24355,0,-43008,9744,-47907,-66599,-37,28436
16238,0,-24450,0,-96256,21808,-46779,-64063,-37,39092
16243,0,-24450,0,-150528,34104,-44806,-63226,-37,52524
16248,0,-24477,0,-210944,47792,-41650,-63168,-37,69310
16253,0,-24490,0,-263168,59624,-37877,-61114,-37,82861
16258,0,-24490,0,-316416,71688,-33285,-60759,-37,99162
16263,0,-24490,0,-376832,85376,-27282,-62181,-37,120275
16268,0,-24490,0,-423936,96048,-20984,-58464,-37,133528
16273,0,-24396,0,-466944,105792,-14000,-54631,-37,146423
16278,0,-23246,0,-505856,113680,-5577,-43960,-37,152063
16283,0,-21972,0,-537600,121800,740,-41871,-37,164411
16288,0,-20854,0,-559104,126672,2897,-33013,-37,162582
16293,0,-19742,0,-585728,132008,5375,-27287,-37,164670
16298,0,-18510,0,-596992,135256,7694,-21401,-37,164351
16303,0,-17435,0,-613376,138968,10063,-20414,-37,169445
16308,0,-16358,0,-613376,138968,12465,-11177,-37,163315
16313,0,-15069,0,-619520,140360,15128,-7493,-37,162981
16318,0,-13928,0,-609280,138040,17549,3350,-37,152239
16323,0,-12801,0,-595968,135024,19924,10717,-37,144175
16329,0,-11386,0,-560128,126904,22414,24968,-37,124350
16334,0,-9435,0,-510976,115768,24505,40413,-37,99860
16339,0,-8252,0,-441344,99992,26542,56856,-37,69678
16344,0,-6981,0,-367616,83288,28113,70385,-37,41016
16349,0,-5280,0,-286720,64960,29377,80930,-37,13407
16354,0,-3848,0,-203776,44544,30396,87264,-37,-12324
16359,0,-3490,0,-110592,25056,30978,92416,-37,-36382
16364,0,-3401,0,-24576,5568,31235,96226,-37,-59423
16369,0,-3311,0,50176,-11368,30922,95399,-37,-79194
16374,0,-3311,0,138240,-31320,29192,90511,-37,-92639
16379,0,-2774,0,209920,-47560,26403,86369,-37,-107526
16384,0,-1879,0,277504,-62872,22511,83041,-37,-125939
16389,0,-1700,0,343040,-77720,17110,74642,-37,-135252
16394,0,-1700,0,401408,-90944,11219,70511,-37,-150236
16399,0,-1700,0,454656,-103008,3797,62582,-37,-161793
16404,0,-1790,0,498688,-112984,-1372,57235,-37,-171591
16409,0,-1790,0,530432,-120176,-3389,47424,-37,-170989
16414,0,-2237,0,557056,-126208,-5534,38221,-37,-172616
16419,0,-3401,0,577536,-130848,-7996,28009,-37,-166853
16424,0,-4654,0,595968,-135024,-10303,24027,-37,-169354
16429,0,-6265,0,600064,-135952,-12885,14825,-37,-164126
16434,0,-7919,0,602112,-136416,-15247,7102,-37,-158765
16439,0,-8806,0,589824,-133632,-17578,-3328,-37,-147882
16444,0,-9805,0,576512,-130616,-19868,-10041,-37,-146123
16449,0,-11018,0,559104,-126672,-22314,-14654,-37,-134332
16454,0,-11980,0,532480,-120640,-24440,-21974,-37,-123106
16459,0,-13084,0,500736,-113448,-26461,-29467,-37,-112474
16464,0,-14261,0,465920,-105560,-28529,-32497,-37,-101592
16469,0,-15397,0,417792,-94656,-30244,-43042,-37,-81858
16474,0,-16505,0,367616,-83288,-31775,-50454,-37,-63063
16479,0,-17812,0,315392,-71456,-33234,-52497,-37,-52193
16484,0,-18947,0,262144,-59392,-34342,-55618,-37,-38116
16489,0,-20226,0,201728,-45704,-35312,-59611,-37,-20941
16494,0,-21304,0,144384,-32712,-35977,-61688,-37,-7001
16499,0,-22543,0,89088,-20184,-36421,-62422,-37,5817
16504,0,-23671,0,28672,-6496,-36666,-63053,-37,19891
16509,0,-24436,0,-25600,5800,-36549,-61917,-37,31168
16514,0,-24867,0,-86016,19488,-35641,-65830,-37,49677
16519,0,-24988,0,-145408,32944,-33643,-64683,-37,63984
16524,0,-25363,0,-201728,45704,-30905,-65257,-37,80056
16529,0,-25363,0,-249856,56608,-27314,-59921,-37,89215
16534,0,-25363,0,-309248,70064,-22445,-60908,-37,108527
16539,0,-25363,0,-352256,79808,-17254,-55824,-37,118378
16544,0,-25363,0,-396288,89784,-11370,-53495,-37,131909
16549,0,-25363,0,-446464,101152,-4059,-52508,-37,149601
16554,0,-25324,0,-482304,109272,1026,-45979,-37,156277
16559,0,-24288,0,-523264,118552,3001,-46519,-37,168072
16564,0,-23161,0,-547840,124120,5100,-37832,-37,170704
16569,0,-21866,0,-574464,130152,7532,-31682,-37,169366
16574,0,-19897,0,-584704,132472,9807,-21699,-37,163978
16579,0,-17737,0,-583680,132240,12104,-9777,-37,159542
16584,0,-15501,0,-582656,132008,14617,-4108,-37,150733
16589,0,-14356,0,-565248,128064,16862,7722,-37,137204
16594,0,-13282,0,-546816,123888,19260,14113,-37,129035
16599,0,-11867,0,-513024,116232,21320,25312,-37,112240
16604,0,-10692,0,-477184,108112,23241,31956,-37,99397
16609,0,-9546,0,-435200,98600,25007,38772,-37,77770
16614,0,-8474,0,-374784,84912,26736,51027,-37,60621
16619,0,-7518,0,-316416,71688,28092,60000,-37,39780
16624,0,-6175,0,-263168,59624,29224,61228,-37,27620
16629,0,-5996,0,-186368,42224,30182,71280,-37,1126
16634,0,-5907,0,-118784,26912,30764,74022,-37,-16346
16639,0,-5728,0,-45056,10208,31051,77224,-37,-40784
16644,0,-5638,0,44032,-9976,30828,83787,-37,-62935
16649,0,-5459,0,128000,-29000,29397,89352,-37,-88955
16654,0,-5459,0,207872,-47096,26696,90121,-37,-110521
16659,0,-4296,0,291840,-66120,22324,88572,-37,-132368
16664,0,-3222,0,371712,-84216,17109,90936,-37,-158043
16669,0,-3222,0,439296,-101384,10048,85818,-37,-177154
16674,0,-3222,0,510976,-115768,2478,79209,-37,-192499
16679,0,-3222,0,574464,-130152,-2130,76225,-37,-208507
16684,0,-3222,0,633856,-143608,-4503,72485,-37,-225013
16689,0,-3311,0,692224,-156832,-7379,65565,-37,-229776
16694,0,-3311,0,740352,-167736,-10201,59633,-37,-237570
16699,0,-3311,0,788480,-178640,-13210,59725,-37,-251043
16704,0,-4027,0,825344,-186992,-16698,53093,-37,-256783
16709,0,-5370,0,839680,-190240,-19964,38979,-37,-249183
16714,0,-6981,0,854016,-193488,-23294,30120,-37,-246902
16719,0,-8289,0,860160,-194880,-26989,21078,-37,-242947
16724,0,-9176,0,855040,-193720,-30337,10005,-37,-234062
16729,0,-10248,0,837632,-189776,-33643,-4281,-37,-219138
16734,0,-11528,0,812032,-183976,-37195,-17580,-37,-203591
16739,0,-13643,0,785408,-177944,-40317,-26427,-37,-191834
16744,0,-15093,0,747520,-169360,-43301,-37522,-37,-175139
16749,0,-17153,0,703488,-159384,-46119,-49261,-37,-155726
16754,0,-19431,0,657408,-148944,-49035,-53208,-37,-144771
16759,0,-20951,0,598016,-135488,-51478,-66014,-37,-120952
16764,0,-22423,0,542720,-122960,-53707,-72164,-37,-103424
16769,0,-23657,0,479232,-108576,-55885,-75194,-37,-89267
16774,0,-25042,0,416768,-94424,-57618,-79990,-37,-72052
16779,0,-26500,0,347136,-78648,-59109,-88148,-37,-49609
16784,0,-27752,0,278528,-63104,-60448,-87529,-37,-36023
16789,0,-29185,0,214016,-48488,-61394,-88091,-37,-21791
16794,0,-30375,0,144384,-32712,-62079,-91533,-37,-3315
16799,0,-31706,0,64512,-14616,-62503,-99898,-37,22779
16804,0,-32922,0,-5120,1160,-62577,-99485,-37,38068
16809,0,-34134,0,-74752,16936,-61842,-105739,-37,64922
16814,0,-35438,0,-158720,35960,-59704,-102411,-37,78667
16819,0,-35563,0,-227328,51504,-56631,-101172,-37,96045
16824,0,-35563,0,-294912,66816,-52136,-95446,-37,110126
16829,0,-35563,0,-362496,82128,-46954,-96445,-37,131619
16834,0,-35438,0,-417792,94656,-40847,-90237,-37,144046
16839,0,-34853,0,-476160,107880,-33880,-88998,-37,151412
16844,0,-33485,0,-520192,117856,-25328,-75320,-37,167848
16849,0,-32227,0,-552960,125280,-16904,-63375,-37,171751
16854,0,-30820,0,-579584,131312,-7993,-52577,-37,175458
16859,0,-29321,0,-604160,136880,796,-43042,-37,180718
16864,0,-27988,0,-609280,138040,3176,-28113,-37,169329
16869,0,-26709,0,-624640,141520,5594,-25371,-37,172730
16874,0,-25452,0,-627712,142216,8287,-17247,-37,167750
16879,0,-24261,0,-627712,142216,10744,-10156,-37,163116
16884,0,-22991,0,-621568,140824,13436,-2123,-37,156383
16889,0,-21791,0,-618496,140128,15866,895,-37,155099
16894,0,-20614,0,-603136,136648,18247,9064,-37,145831
16899,0,-19310,0,-573440,129920,20790,23063,-37,127647
16904,0,-18189,0,-557056,126208,23008,23981,-37,125235
16909,0,-17111,0,-520192,117856,25107,39254,-37,102053
16914,0,-15877,0,-473088,107184,27238,46426,-37,87996
16919,0,-14832,0,-424960,96280,28990,55525,-37,69745
16924,0,-13833,0,-374784,84912,30563,56902,-37,59417
16929,0,-12744,0,-327680,74240,32073,61469,-37,44844
16934,0,-11782,0,-275456,62408,33243,66024,-37,29627
16939,0,-10934,0,-222208,50344,34213,69765,-37,14792
16944,0,-9842,0,-166912,37816,35039,73621,-37,-766
16949,0,-8880,0,-108544,24592,35553,77499,-37,-17354
16954,0,-8030,0,-50176,11368,35835,79450,-37,-40793
16960,0,-6533,0,31744,-7192,35758,90821,-37,-62255
16965,0,-5012,0,108544,-24592,34663,100311,-37,-90240
16970,0,-4296,0,187392,-42456,32377,107448,-37,-114000
16975,0,-3669,0,268288,-60784,28432,106243,-37,-138595
16980,0,-3669,0,345088,-78184,23573,107505,-37,-162116
16985,0,-3669,0,421888,-95584,17530,108664,-37,-190265
16990,0,-3669,0,500736,-113448,9540,104877,-37,-208785
16995,0,-3669,0,564224,-127832,1165,98807,-37,-225474
17000,0,-3938,0,616448,-139664,-2507,79461,-37,-218838
17005,0,-4922,0,672768,-152424,-5287,69364,-37,-227075
17010,0,-6354,0,712704,-161472,-8003,58291,-37,-227766
17015,0,-7808,0,750592,-169128,-11158,45554,-37,-225840
17020,0,-8732,0,778240,-176320,-14145,41400,-37,-231865
17025,0,-9657,0,793600,-179800,-17214,30694,-37,-227708
17030,0,-10692,0,795648,-180264,-20320,15054,-37,-215252
17035,0,-11754,0,787456,-178408,-23732,3912,-37,-206052
17040,0,-12772,0,774144,-175392,-26799,-6656,-37,-195535
17045,0,-13833,0,754688,-170984,-29805,-15985,-37,-190933
17050,0,-15069,0,737280,-167040,-33016,-17293,-37,-182763
17055,0,-16212,0,705536,-159848,-35826,-25979,-37,-169695
17060,0,-17417,0,656384,-148712,-38742,-38498,-37,-148956
17065,0,-18826,0,605184,-137112,-41208,-48951,-37,-129369
17070,0,-20341,0,545792,-123656,-43455,-58705,-37,-108406
17075,0,-22483,0,488448,-110664,-45660,-68894,-37,-84878
17080,0,-24719,0,411648,-93264,-47394,-72623,-37,-68035
17085,0,-26966,0,348160,-78880,-48869,-72933,-37,-54816
17090,0,-29556,0,284672,-64496,-50082,-71820,-37,-37689
17095,0,-31116,0,202752,-45936,-51102,-77730,-37,-19308
17100,0,-32366,0,129024,-29232,-51735,-80908,-37,-59
17105,0,-33746,0,56320,-12760,-52085,-83019,-37,20011
17110,0,-34962,0,-25600,5800,-52055,-83306,-37,37051
17115,0,-35227,0,-96256,21808,-51003,-81321,-37,52126
17120,0,-35465,0,-167936,38048,-48840,-83972,-37,78846
17125,0,-35581,0,-245760,55680,-45181,-81803,-37,92302
17130,0,-35670,0,-316416,71688,-40715,-81287,-37,112260
17135,0,-35670,0,-379904,86072,-35221,-78372,-37,131686
17140,0,-35617,0,-447488,101384,-28068,-74367,-37,147683
17145,0,-35401,0,-501760,113680,-20598,-68584,-37,161666
17150,0,-34416,0,-545792,123656,-11508,-59198,-37,172274
17155,0,-33051,0,-594944,134792,-2521,-55802,-37,188073
17160,0,-31839,0,-625664,141752,1987,-45669,-37,189408
17165,0,-30640,0,-660480,149640,4514,-42698,-37,196852
17170,0,-29310,0,-683008,154744,7416,-32244,-37,194404
17175,0,-28094,0,-706560,160080,10158,-28159,-37,198397
17180,0,-26893,0,-723968,164024,12968,-23500,-37,200492
17185,0,-25452,0,-741376,167968,16124,-20747,-37,204839
17190,0,-24180,0,-740352,167736,19033,-9249,-37,196018
17195,0,-22934,0,-742400,168200,21952,-4189,-37,194341
17200,0,-21560,0,-742400,168200,25155,-1504,-37,194859
17205,0,-20373,0,-721920,163560,28022,11072,-37,180510
17210,0,-19206,0,-701440,158920,30812,17774,-37,171958
17215,0,-17812,0,-660480,149640,33744,31337,-37,152047
17220,0,-16609,0,-617472,139896,36235,39725,-37,136406
17225,0,-15543,0,-563200,127600,38525,49799,-37,116326
17230,0,-14404,0,-500736,113448,40807,58107,-37,96148
17235,0,-13282,0,-436224,98832,42636,66483,-37,74985
17240,0,-12178,0,-368640,83520,44207,72611,-37,55116
17245,0,-11075,0,-284672,64496,45610,81400,-37,28706
17250,0,-9990,0,-195584,44312,46549,92978,-37,-2117
17255,0,-8991,0,-113664,25752,47150,94424,-37,-21522
17260,0,-7919,0,-25600,5800,47409,101619,-37,-50492
17265,0,-6354,0,81920,-18560,46835,107276,-37,-79001
17270,0,-4922,0,169984,-38512,44819,104832,-37,-98525
17275,0,-3759,0,264192,-62176,40910,106759,-37,-128025
17280,0,-3043,0,372736,-84448,35794,110087,-37,-158741
17285,0,-3043,0,464896,-105328,29203,108676,-37,-184801
17290,0,-3043,0,557056,-126208,21144,106530,-37,-214335
17295,0,-3132,0,654336,-148248,10619,103753,-37,-241382
17300,0,-3132,0,743424,-168432,-415,102307,-37,-271154
17305,0,-4475,0,786432,-178176,-3434,74906,-37,-257056
17310,0,-4654,0,818176,-185368,-6873,57556,-37,-249797
17315,0,-7845,0,828416,-187688,-10111,34400,-37,-232199
17320,0,-8622,0,840704,-190472,-13367,25519,-37,-230992
17325,0,-10248,0,838656,-190008,-16995,10132,-37,-217135
17330,0,-11415,0,823296,-186528,-20238,-2789,-37,-203977
17335,0,-12999,0,795648,-180264,-23413,-17809,-37,-186325
17340,0,-14546,0,765952,-173536,-26777,-25566,-37,-174747
17345,0,-16567,0,732160,-165880,-29714,-33151,-37,-162443
17350,0,-18321,0,687104,-155672,-32767,-41757,-37,-146682
17355,0,-20758,0,644096,-145928,-35360,-45256,-37,-136032
17360,0,-22649,0,581632,-131776,-37744,-57706,-37,-111814
17365,0,-24880,0,520192,-117856,-40099,-61378,-37,-96345
17370,0,-26782,0,450560,-102080,-41982,-69686,-37,-74376
17375,0,-28652,0,378880,-85840,-43592,-75790,-37,-53642
17380,0,-30168,0,295936,-67048,-44896,-85142,-37,-27397
17385,0,-31542,0,211968,-48024,-45963,-85532,-37,-8455
17390,0,-32922,0,134144,-30392,-46621,-87104,-37,10091
17395,0,-34125,0,57344,-12992,-46989,-88447,-37,28466
17400,0,-35136,0,-15360,3480,-47043,-82491,-37,38928
17405,0,-35191,0,-81920,18560,-46204,-78934,-37,51290
17410,0,-35191,0,-142336,32248,-44385,-71625,-37,60411
17415,0,-35191,0,-204800,46400,-41327,-69020,-37,74093
17420,0,-35191,0,-259072,58696,-37609,-64775,-37,85862
17425,0,-35017,0,-311296,70296,-32608,-57695,-37,95383
17430,0,-34816,0,-359424,81432,-27309,-56765,-37,110888
17435,0,-34519,0,-401408,90944,-21384,-54046,-37,123606
17440,0,-33736,0,-444416,100688,-14061,-49123,-37,135750
17445,0,-32743,0,-479232,108576,-6779,-45807,-37,147604
17450,0,-32095,0,-525312,119016,510,-49077,-37,168603
17455,0,-31021,0,-557056,126208,2856,-44488,-37,174944
17460,0,-30069,0,-590848,133864,5124,-37878,-37,176866
17465,0,-29026,0,-621568,140824,7511,-35824,-37,184159
17470,0,-28235,0,-645120,146160,9995,-31487,-37,194633
17475,0,-27445,0,-673792,152656,12842,-30477,-37,195975
17480,0,-26312,0,-692224,156832,15511,-26794,-37,199137
17485,0,-25015,0,-702464,159152,18505,-19301,-37,196958
17490,0,-23771,0,-703488,159384,21268,-10247,-37,190899
17495,0,-22543,0,-698368,158224,24018,-1745,-37,183987
17500,0,-21207,0,-680960,154280,26986,8605,-37,172661
17505,0,-20053,0,-653312,148016,29604,20883,-37,156737
17510,0,-18912,0,-627712,142216,32110,25393,-37,148933
17515,0,-16923,0,-584704,132472,34708,35043,-37,132137
17520,0,-15585,0,-541696,122728,36897,41274,-37,118351
17525,0,-14427,0,-479232,108576,38873,54837,-37,92612
17530,0,-13381,0,-417792,93960,40782,60999,-37,73743
17535,0,-12207,0,-348160,78880,42259,70144,-37,50995
17540,0,-11245,0,-273408,61944,43456,77155,-37,28245
17545,0,-10211,0,-201728,44312,44453,79450,-37,9315
17550,0,-9139,0,-128000,29000,45070,78153,-37,-4083
17555,0,-8289,0,-53248,12064,45399,80918,-37,-23455
17560,0,-7339,0,20480,-4640,45395,82031,-37,-43923
17565,0,-6712,0,103424,-23432,44278,84579,-37,-63733
17570,0,-6623,0,175104,-39672,42033,83190,-37,-80829
17575,0,-6623,0,251904,-57072,38598,84762,-37,-106073
17580,0,-6623,0,332800,-75400,33487,84223,-37,-126136
17585,0,-6623,0,405504,-91872,27673,87172,-37,-151371
17590,0,-6712,0,477184,-108112,20740,85520,-37,-174099
17595,0,-6802,0,548864,-124352,11908,81194,-37,-193638
17600,0,-6891,0,601088,-136184,2868,70958,-37,-204274
17605,0,-6981,0,653312,-148016,-2469,65520,-37,-216005
17610,0,-7160,0,716800,-162400,-5430,65841,-37,-233671
17615,0,-7339,0,756736,-171448,-8321,55984,-37,-235753
17620,0,-7771,0,803840,-182120,-11400,53483,-37,-254601
17625,0,-8511,0,852992,-193256,-14975,52381,-37,-260612
17630,0,-10433,0,773120,-175160,-18172,-17075,-37,-176257
17635,0,-9916,0,732160,-165880,-21355,-26025,-37,-161210
17640,0,-13595,0,648192,-146856,-24056,-61000,-37,-109912
17645,0,-15397,0,587776,-133168,-26435,-62526,-37,-97077
17650,0,-17473,0,524288,-118784,-28635,-68642,-37,-78285
17655,0,-19171,0,439296,-99528,-30700,-80713,-37,-49515
17661,0,-21095,0,371712,-84216,-32295,-81229,-37,-35282
17666,0,-23742,0,283648,-64264,-33665,-89261,-37,-7276
17671,0,-25953,0,215040,-48720,-34619,-81206,-37,-2133
17676,0,-27940,0,135168,-30624,-35287,-88952,-37,23041
17681,0,-29434,0,65536,-14848,-35662,-84282,-37,33772
17686,0,-30693,0,-22528,5104,-35664,-87265,-37,56705
17691,0,-32126,0,-102400,23200,-34635,-89778,-37,78343
17696,0,-32475,0,-171008,38744,-32484,-85406,-37,94342
17701,0,-32525,0,-242688,54984,-28844,-79485,-37,105625
17706,0,-32525,0,-311296,70528,-24410,-78143,-37,124261
17711,0,-31839,0,-371712,84216,-19021,-74046,-37,135199
17716,0,-30482,0,-427008,96744,-12151,-66806,-37,151399
17721,0,-29276,0,-463872,105096,-5171,-55584,-37,155509
17726,0,-28082,0,-493568,111824,665,-43856,-37,156345
17731,0,-26758,0,-540672,122496,2917,-45233,-37,170646
17736,0,-25606,0,-572416,129688,5106,-40609,-37,175403
17741,0,-24450,0,-596992,135256,7398,-34803,-37,177457
17746,0,-23218,0,-629760,142680,10058,-33254,-37,185992
17751,0,-22227,0,-663552,150336,12600,-35365,-37,198301
17756,0,-22077,0,-691200,156600,15254,-33747,-37,205601
17761,0,-22047,0,-723968,164024,18303,-34287,-37,216614
17766,0,-22047,0,-756736,171448,21201,-36386,-37,229035
17771,0,-21576,0,-785408,177944,24218,-35124,-37,237286
17776,0,-21079,0,-820224,185832,27674,-36329,-37,249835
17781,0,-19932,0,-848896,192328,30948,-34264,-37,257540
17786,0,-19085,0,-885760,200680,34348,-38234,-37,273262
17791,0,-17982,0,-911360,206480,38213,-32979,-37,277672
17796,0,-16776,0,-929792,210656,41820,-27161,-37,279637
17801,0,-15689,0,-944128,213904,45496,-21389,-37,280789
17806,0,-14404,0,-953344,215992,49586,-14963,-37,280541
17811,0,-12801,0,-948224,214832,53308,-4625,-37,272765
17816,0,-10803,0,-939008,212744,57006,3189,-37,266561
17821,0,-8585,0,-909312,206016,60991,18508,-37,248499
17826,0,-5907,0,-881664,199752,64501,25886,-37,238367
17831,0,-3043,0,-843776,191168,67876,34974,-37,224070
17836,0,-1432,0,-788480,178640,71380,46609,-37,203411
17841,0,0,0,-479232,108576,73719,185429,-37,-3134
17846,0,0,0,-215040,48720,75070,244546,-37,-120756
17851,0,537,0,29696,-6728,75296,245935,-37,-177367
17856,0,-358,0,28672,-6496,74728,125819,-37,-57587
17861,0,-89,0,90112,-20416,73883,102124,-37,-48657
17866,0,-1790,0,60416,-13688,72630,38990,-37,28110
17871,0,-1432,0,70656,-16008,71656,27940,-37,27708
17876,0,-1700,0,84992,-19256,70450,22983,-37,28211
17881,0,-626,0,153600,-34800,68590,50970,-37,-18102
17886,0,-89,0,209920,-47560,65413,54848,-37,-36995
17891,0,0,0,264192,-59856,61660,58291,-37,-56487
17896,0,0,0,331776,-75168,56437,63569,-37,-82300
17901,0,0,0,385024,-87232,50783,62249,-37,-98698
17906,0,0,0,432128,-97904,44334,57981,-37,-111551
17911,0,0,0,478208,-108344,36457,52599,-37,-124486
17916,0,-179,0,515072,-116696,28660,49593,-37,-137629
17921,0,-358,0,544768,-123424,20335,41905,-37,-144994
17926,0,-716,0,573440,-129920,10678,35399,-37,-154641
17931,0,-1253,0,600064,-135952,1446,32358,-37,-166864
17936,0,-1611,0,616448,-139664,-2356,25450,-37,-167470
17941,0,-2416,0,629760,-142680,-4802,17372,-37,-164636
17946,0,-3669,0,631808,-143144,-7525,10051,-37,-160720
17951,0,-5012,0,638976,-144768,-10004,9914,-37,-164686
17956,0,-6802,0,622592,-141288,-12715,-3225,-37,-150778
17961,0,-8067,0,613376,-138968,-15130,-7126,-37,-146972
17966,0,-9065,0,586752,-132936,-17479,-19083,-37,-131332
17971,0,-10027,0,572416,-129688,-19740,-17385,-37,-132043
17976,0,-11132,0,528384,-119712,-22097,-31923,-37,-109886
17981,0,-11811,0,503808,-114144,-24127,-31636,-37,-106635
17986,0,-12405,0,475136,-107648,-26032,-31900,-37,-97184
17991,0,-13225,0,435200,-98600,-27974,-36352,-37,-90222
17996,0,-13833,0,403456,-91408,-29606,-36191,-37,-84823
18001,0,-14356,0,367616,-83288,-31111,-38831,-37,-79100
18006,0,-15815,0,320512,-72616,-32602,-47104,-37,-58114
18011,0,-17492,0,240640,-54520,-33679,-67896,-37,-20303
18016,0,-18472,0,179200,-40600,-34495,-70019,-37,-5076
18021,0,-20389,0,84992,-19256,-35054,-85142,-37,30832
18026,0,-21111,0,16384,-3712,-35247,-82996,-37,44037
18031,0,-23034,0,-67584,15312,-34771,-89307,-37,69848
18036,0,-24315,0,-152576,34568,-32816,-89078,-37,90830
18041,0,-25271,0,-227328,51504,-29788,-87586,-37,109302
18046,0,-25427,0,-304128,68904,-25509,-86450,-37,129845
18051,0,-25427,0,-381952,86536,-20063,-82090,-37,149161
18056,0,-25298,0,-450560,102080,-12900,-83364,-37,172544
18061,0,-24167,0,-510976,115768,-5336,-76903,-37,187335
18066,0,-23062,0,-557056,126208,1142,-64488,-37,191838
18071,0,-21746,0,-608256,137808,3665,-58395,-37,199868
18076,0,-20582,0,-646144,146392,6130,-50982,-37,203504
18081,0,-19431,0,-684032,154976,8745,-46874,-37,213738
18086,0,-18547,0,-727040,164720,11792,-45658,-37,222170
18091,0,-18453,0,-760832,172376,14706,-42629,-37,229711
18096,0,-17850,0,-801792,181656,17772,-44602,-37,244468
18101,0,-16609,0,-835584,189312,21303,-41332,-37,251947
18106,0,-15522,0,-859136,194648,24629,-33862,-37,253139
18111,0,-14332,0,-870400,197200,28020,-23397,-37,248617
18116,0,-12037,0,-877568,198824,31786,-15032,-37,245642
18121,0,-9879,0,-866304,196272,35198,-1400,-37,232870
18126,0,-7882,0,-834560,189080,38523,17016,-37,210587
18131,0,0,0,-541696,122728,41545,172394,-37,-8121
18136,0,-179,0,-265216,60088,43160,249067,-37,-145819
18141,0,716,0,-7168,1624,43733,279647,-37,-234290
18146,0,0,0,37888,-8584,43033,162687,-37,-128238
18151,0,0,0,59392,-13456,42578,104097,-37,-74975
18156,0,-1253,0,36864,-8352,41551,35938,-37,-2739
18161,0,-1163,0,-4096,928,41438,-322,-37,42688
18166,0,-3848,0,-25600,5800,41499,-11980,-37,59279
18171,0,-3401,0,2048,-464,41534,8663,-37,32407
18176,0,-1969,0,49152,-11136,41036,28755,-37,1145
18181,0,-1163,0,90112,-20416,39911,37177,-37,-17682
18186,0,-716,0,161792,-36656,37826,57281,-37,-56111
18191,0,-626,0,221184,-50112,34417,60379,-37,-76770
18196,0,-537,0,275456,-62408,30474,59759,-37,-91693
18201,0,-626,0,318464,-72152,25775,54274,-37,-100651
18206,0,-805,0,363520,-82360,20406,53115,-37,-115069
18211,0,-805,0,403456,-91408,13767,47022,-37,-124663
18216,0,-805,0,429056,-97208,7249,38967,-37,-128926
18221,0,-805,0,449536,-101848,-365,32197,-37,-135338
18226,0,-805,0,471040,-106720,-2172,26724,-37,-135616
18231,0,-805,0,491520,-111360,-4058,25267,-37,-140685
18236,0,-805,0,504832,-114376,-5997,21618,-37,-138900
18241,0,-805,0,518144,-117392,-8191,18474,-37,-144057
18246,0,-895,0,533504,-120872,-10249,18256,-37,-149377
18251,0,-984,0,547840,-124120,-12356,18198,-37,-154674
18256,0,-1432,0,558080,-126440,-14735,14492,-37,-155667
18261,0,-1969,0,565248,-128064,-16946,10258,-37,-155268
18266,0,-3043,0,576512,-130616,-19426,9053,-37,-159095
18271,0,-4564,0,590848,-133864,-21713,12645,-37,-168222
18276,0,-5549,0,591872,-134096,-24016,7986,-37,-166098
18281,0,-7249,0,592896,-134328,-26558,5106,-37,-165992
18286,0,-8067,0,594944,-134792,-28869,4899,-37,-168560
18291,0,-11641,0,486400,-110200,-30987,-58475,-37,-82712
18296,0,-11839,0,399360,-90480,-32794,-71682,-37,-50432
18301,0,-16818,0,283648,-64264,-34130,-100667,-37,2273
18306,0,-17699,0,184320,-41760,-34990,-103719,-37,26969
18311,0,-20501,0,80896,-18328,-35554,-107013,-37,53131
18316,0,-21384,0,-17408,3944,-35587,-107575,-37,75932
18321,0,-23558,0,-120832,27376,-34414,-112784,-37,114377
18326,0,-24436,0,-230400,52200,-31269,-112899,-37,133830
18331,0,-24800,0,-306176,69368,-27059,-101574,-37,143883
18337,0,-24409,0,-378880,87232,-21035,-91442,-37,157639
18342,0,-24355,0,-451584,102312,-14462,-87988,-37,175838
18347,0,-23572,0,-513024,116232,-6862,-79611,-37,188981
18352,0,-22393,0,-563200,127600,940,-69078,-37,202225
18357,0,-21063,0,-608256,137808,3482,-56697,-37,197987
18362,0,-19897,0,-659456,149408,5982,-56823,-37,212213
18367,0,-18755,0,-701440,158920,8655,-52485,-37,222865
18372,0,-17454,0,-743424,168432,11785,-46932,-37,227149
18377,0,-16316,0,-780288,176784,14782,-43891,-37,235457
18382,0,-15236,0,-817152,185136,17912,-40621,-37,243989
18387,0,-13976,0,-845824,191632,21492,-38131,-37,251255
18392,0,-11782,0,-878592,199056,24863,-38704,-37,262623
18397,0,-9731,0,-885760,200680,28312,-24464,-37,253456
18402,0,-8363,0,-882688,199984,32138,-8377,-37,240499
18407,0,0,0,-443392,100456,34626,233909,-37,-98827
18412,0,179,0,-260096,53824,35897,211408,-37,-121687
18417,0,4206,0,0,0,36212,231523,-37,-195311
18422,0,0,0,-22528,5104,36347,116754,-37,-75303
18427,0,-358,0,-31744,7192,36530,58268,-37,-14546
18432,0,-1253,0,-30720,6960,36663,32346,-37,11277
18437,0,-626,0,1024,-232,36721,35020,-37,1469
18442,0,-626,0,35840,-8120,36263,33517,-37,-5374
18447,0,-1074,0,39936,-9048,35710,20757,-37,5905
18452,0,-1163,0,43008,-9744,34997,11222,-37,14031
18457,0,-1342,0,36864,-8352,34298,1790,-37,24156
18462,0,-1253,0,43008,-9744,33609,2971,-37,20894
18467,0,-1521,0,51200,-11600,32794,5863,-37,15331
18472,0,-984,0,87040,-19720,31644,21664,-37,-9740
18477,0,-447,0,135168,-30624,29900,38405,-37,-39129
18482,0,-89,0,192512,-43616,27026,51176,-37,-68462
18487,0,0,0,250880,-56840,23495,58887,-37,-92232
18492,0,0,0,303104,-68672,19132,59587,-37,-109127
18497,0,0,0,350208,-80504,13364,55651,-37,-122791
18502,0,0,0,395264,-89552,7432,50247,-37,-132367
18507,0,0,0,431104,-97672,901,44934,-37,-141705
18512,0,0,0,479232,-108576,-2112,46793,-37,-157481
18517,0,0,0,510976,-115768,-4052,42077,-37,-161897
18522,0,-268,0,542720,-122960,-6117,39541,-37,-168618
18527,0,-626,0,575488,-131312,-8538,38979,-37,-178829
18532,0,-1253,0,606208,-137344,-10848,36225,-37,-184417
18537,0,-2148,0,631808,-143144,-13266,33597,-37,-190007
18542,0,-3222,0,661504,-149872,-15794,34550,-37,-192505
18547,0,-3759,0,670720,-151960,-18664,21468,-37,-192092
18552,0,-5012,0,689152,-156136,-21343,19885,-37,-197364
18557,0,-8326,0,626688,-141984,-23974,-29812,-37,-130516
18562,0,-8141,0,549888,-124584,-26458,-52439,-37,-98603
18567,0,-11301,0,480256,-108808,-28498,-68894,-37,-68412
18572,0,-13168,0,392192,-88856,-30156,-81424,-37,-33156
18577,0,-15585,0,304128,-68904,-31659,-88803,-37,-11760
18582,0,-17069,0,215040,-48720,-32646,-94219,-37,12853
18587,0,-19483,0,122880,-27840,-33295,-100300,-37,44453
18592,0,-21127,0,23552,-5336,-33578,-100908,-37,61994
18597,0,-22408,0,-61440,13920,-33192,-99428,-37,80156
18602,0,-22694,0,-145408,34104,-31260,-95309,-37,98153
18607,0,-22694,0,-223232,50576,-28266,-89434,-37,111744
18612,0,-22694,0,-289792,65656,-24201,-83283,-37,124738
18617,0,-22438,0,-353280,80040,-18617,-74654,-37,136077
18622,0,-22348,0,-404480,91640,-12628,-66588,-37,145600
18627,0,-21592,0,-452608,102544,-5886,-61240,-37,157898
18632,0,-21191,0,-500736,114840,618,-59508,-37,174966
18637,0,-20018,0,-546816,123888,2689,-52818,-37,179395
18642,0,-18860,0,-592896,134328,4931,-52497,-37,191756
18647,0,-17567,0,-641024,145232,7593,-51567,-37,204392
18652,0,-16442,0,-677888,153584,10183,-46932,-37,210699
18657,0,-15355,0,-715776,162168,12913,-45681,-37,220762
18662,0,-14047,0,-744448,168664,16056,-38073,-37,222793
18667,0,-12659,0,-768000,174000,19020,-32761,-37,225781
18672,0,-10544,0,-779264,176552,22050,-23202,-37,221804
18677,0,-8732,0,-784384,177712,25113,-15629,-37,211018
18682,0,-6086,0,-743424,168432,28428,17647,-37,179213
18687,0,-626,0,-437248,99064,30567,166978,-37,-37347
18692,0,537,0,-163840,37120,31664,214896,-37,-146112
18697,0,1521,0,23552,-5336,31694,205315,-37,-178957
18702,0,-89,0,-15360,3480,31616,86518,-37,-51422
18707,0,-268,0,2048,-464,31469,39839,-37,-6746
18712,0,-805,0,-18432,4176,31568,18439,-37,17305
18717,0,-805,0,5120,-1160,31625,26494,-37,3971
18722,0,-268,0,36864,-8352,31258,31027,-37,-8121
18727,0,-358,0,77824,-17632,30338,40252,-37,-27546
18732,0,-447,0,119808,-27144,28775,44280,-37,-42649
18737,0,-179,0,175104,-39672,26451,53930,-37,-75667
18742,0,0,0,247808,-56144,22746,64980,-37,-98378
18747,0,0,0,304128,-68904,18429,65726,-37,-116201
18752,0,0,0,371712,-84216,13096,70740,-37,-143610
18757,0,0,0,438272,-99296,6075,70442,-37,-163663
18762,0,0,0,494592,-112056,-724,66874,-37,-179654
18767,0,0,0,539648,-122264,-2759,59254,-37,-184277
18772,0,-179,0,587776,-133168,-5206,53448,-37,-191822
18777,0,-537,0,618496,-140128,-7582,43775,-37,-191485
18782,0,-716,0,651264,-147552,-10068,41320,-37,-198940
18787,0,-1342,0,667648,-151264,-12892,30488,-37,-194644
18792,0,-1790,0,670720,-151960,-15506,17969,-37,-185435
18797,0,-2595,0,668672,-151496,-18139,6999,-37,-176634
18802,0,-3759,0,661504,-149872,-21009,-1217,-37,-169664
18807,0,-5191,0,649216,-147088,-23566,-6966,-37,-163688
18812,0,-6444,0,629760,-142680,-26066,-14665,-37,-156201
18817,0,-8067,0,607232,-137576,-28722,-19025,-37,-147273
18822,0,-9028,0,579584,-131312,-31027,-24178,-37,-138161
18827,0,-10100,0,534528,-121104,-33201,-37786,-37,-116519
18832,0,-11330,0,489472,-110896,-35415,-44189,-37,-102122
18837,0,-12376,0,447488,-101384,-37239,-46140,-37,-92483
18842,0,-13524,0,400384,-90712,-38889,-49915,-37,-79686
18847,0,-15418,0,340992,-77256,-40471,-56020,-37,-61707
18852,0,-16567,0,279552,-63336,-41657,-61493,-37,-43500
18857,0,-17775,0,208896,-47328,-42590,-70168,-37,-19750
18862,0,-19154,0,123904,-28072,-43300,-80506,-37,9134
18867,0,-20437,0,53248,-12064,-43638,-81310,-37,25608
18872,0,-21881,0,-29696,6728,-43586,-87839,-37,50981
18877,0,-23147,0,-122880,27840,-42209,-92887,-37,78518
18882,0,-24328,0,-202752,45936,-39611,-92601,-37,98926
18887,0,-25427,0,-289792,65656,-35657,-95355,-37,125354
18892,0,-25517,0,-374784,84912,-29853,-91694,-37,146753
18897,0,-25517,0,-447488,101384,-23364,-87850,-37,165870
18902,0,-24396,0,-513024,116232,-15824,-82446,-37,182854
18907,0,-23190,0,-569344,128992,-6459,-70248,-37,192781
18912,0,-21851,0,-622592,141056,726,-66243,-37,208025
18917,0,-20678,0,-666624,151032,3237,-60437,-37,214706
18922,0,-19310,0,-697344,157992,6178,-45933,-37,210103
18927,0,-17925,0,-726016,164488,8973,-39244,-37,212705
18932,0,-15710,0,-744448,168664,11853,-30752,-37,211269
18938,0,-13225,0,-744448,168664,15066,-14195,-37,197925
18943,0,-11047,0,-746496,169128,18000,-7126,-37,194254
18948,0,-8843,0,-729088,165184,20897,7010,-37,181737
18953,0,-5996,0,-698368,158224,23987,21836,-37,160375
18958,0,-3669,0,-661504,149872,26656,32978,-37,143550
18963,0,-2416,0,-619520,140360,29397,42364,-37,126001
18968,0,-1342,0,-558080,126440,31682,52852,-37,105270
18973,0,-716,0,-498688,112984,33749,61171,-37,85562
18978,0,-358,0,-442368,97672,35748,66908,-37,66512
18983,0,0,0,-281600,63800,37196,124040,-37,-23044
18988,0,-805,0,-163840,37120,38083,132910,-37,-57707
18993,0,-716,0,-44032,6032,38443,136410,-37,-91935
18998,0,-895,0,14336,-3248,38389,92118,-37,-56977
19003,0,-1074,0,47104,-10672,37868,65760,-37,-38564
19008,0,-2416,0,26624,-6032,37343,26368,-37,4943
19013,0,-2506,0,23552,-5336,36873,10338,-37,21199
19018,0,-2416,0,13312,-3016,36612,172,-37,33424
19023,0,-1790,0,33792,-7656,36184,10327,-37,18201
19028,0,-1163,0,75776,-17168,35303,29363,-37,-11228
19033,0,-537,0,119808,-27144,33768,39943,-37,-33319
19038,0,-179,0,181248,-41064,31363,56179,-37,-67799
19043,0,0,0,256000,-58000,27548,66518,-37,-96970
19048,0,0,0,322560,-73080,23000,71865,-37,-121945
19053,0,0,0,386048,-87464,16804,70844,-37,-142432
19058,0,0,0,459776,-104168,10131,75927,-37,-169964
19063,0,0,0,520192,-117856,2434,73139,-37,-188561
19068,0,0,0,583680,-132240,-1800,70454,-37,-204494
19073,0,0,0,643072,-145696,-4213,69088,-37,-218997
19078,0,0,0,705536,-159848,-6858,70798,-37,-237504
19083,0,0,0,764928,-173304,-10028,66724,-37,-250056
19088,0,-89,0,816128,-184904,-13135,62318,-37,-260357
19093,0,-89,0,870400,-197200,-16446,62180,-37,-275826
19098,0,-447,0,898048,-203464,-20258,45072,-37,-268794
19103,0,-626,0,918528,-208104,-23798,36294,-37,-268196
19108,0,-1700,0,923648,-209264,-27400,22031,-37,-258695
19113,0,-2774,0,914432,-207176,-31343,6678,-37,-245197
19118,0,-4833,0,903168,-204624,-34906,-3523,-37,-236007
19123,0,-6444,0,884736,-200448,-38402,-12152,-37,-226698
19128,0,-9028,0,848896,-192328,-42132,-25727,-37,-208733
19133,0,-11103,0,808960,-183280,-45382,-36811,-37,-191851
19138,0,-12376,0,776192,-175856,-48479,-37293,-37,-187042
19143,0,-13714,0,719872,-163096,-51679,-47597,-37,-167178
19148,0,-15418,0,668672,-151496,-54378,-52325,-37,-153549
19153,0,-16546,0,613376,-138968,-56872,-57477,-37,-138363
19158,0,-17850,0,560128,-126904,-59380,-55916,-37,-130368
19163,0,-18929,0,506880,-114840,-61445,-57488,-37,-118797
19168,0,-20001,0,453632,-102776,-63317,-59680,-37,-106413
19173,0,-21239,0,405504,-91872,-65145,-53839,-37,-103178
19178,0,-21624,0,353280,-80040,-66611,-56111,-37,-90540
19183,0,-22498,0,306176,-69368,-67883,-54298,-37,-82953
19188,0,-23700,0,245760,-55680,-69054,-58475,-37,-66259
19193,0,-24840,0,202752,-45936,-69925,-54321,-37,-61540
19198,0,-26030,0,152576,-34568,-70616,-56536,-37,-48648
19203,0,-26819,0,93184,-21112,-71144,-60300,-37,-31956
19208,0,-27976,0,39936,-9048,-71395,-60873,-37,-19570
19213,0,-29128,0,-11264,2552,-71419,-60116,-37,-8751
19218,0,-29457,0,-78848,17864,-70562,-64889,-37,12191
19223,0,-30556,0,-138240,31320,-68825,-66634,-37,29129
19228,0,-30767,0,-203776,46168,-66116,-71155,-37,51207
19233,0,-31105,0,-278528,63104,-61942,-75412,-37,76574
19238,0,-31179,0,-348160,78880,-56982,-77569,-37,99467
19243,0,-31179,0,-411648,93264,-50966,-74723,-37,125579
19248,0,-31179,0,-495616,112288,-43091,-81482,-37,150679
19253,0,-31211,0,-558080,126440,-34824,-77305,-37,168921
19258,0,-31211,0,-627712,142216,-25483,-78395,-37,195128
19263,0,-31296,0,-702464,159152,-13922,-76995,-37,222225
19268,0,-31296,0,-774144,175392,-2262,-78395,-37,251525
19273,0,-30397,0,-837632,189776,2758,-75274,-37,267808
19278,0,-29196,0,-905216,205088,6532,-71900,-37,283520
19283,0,-27693,0,-954368,216224,10192,-63386,-37,289802
19288,0,-25337,0,-995328,225504,14016,-55434,-37,294954
19293,0,-22991,0,-1016832,230376,18356,-43707,-37,293599
19298,0,-20357,0,-1025024,232232,22365,-24063,-37,278660
19303,0,-18001,0,-1028096,232928,26388,-13701,-37,273017
19308,0,-15752,0,-1018880,230840,30394,-1848,-37,262399
19313,0,-13055,0,-992256,224808,34723,13987,-37,245544
19318,0,-10359,0,-964608,218544,38559,23580,-37,233523
19323,0,-8326,0,-928768,210424,42622,33241,-37,218877
19328,0,-5549,0,-880640,199520,46149,41767,-37,203902
19333,0,-4027,0,-834560,189080,49491,46747,-37,182509
19338,0,-2595,0,-764928,173304,52927,60643,-37,165588
19343,0,-2148,0,-700416,158688,55787,67585,-37,146890
19348,0,-1700,0,-627712,142216,58399,77843,-37,122772
19353,0,-1342,0,-372736,84448,60341,159887,-37,-15098
19358,0,0,0,-159744,36192,61310,197122,-37,-99620
19363,0,626,0,12288,-2784,61393,186118,-37,-123636
19368,0,-89,0,32768,-7424,60898,100655,-37,-47181
19373,0,-537,0,46080,-10440,60068,55399,-37,-5771
19378,0,-1700,0,-16384,3712,59884,-4143,-37,71360
19383,0,-2685,0,-14336,3248,59971,711,-37,62508
19388,0,-3401,0,-6144,1392,60028,6701,-37,54719
19393,0,-1521,0,27648,-6264,59785,20849,-37,32672
19398,0,-1432,0,49152,-11136,59035,20092,-37,27807
19403,0,-1253,0,119808,-27144,57595,47527,-37,-17076
19408,0,-1074,0,167936,-38048,55294,51016,-37,-34714
19413,0,-626,0,236544,-53592,51723,60551,-37,-62420
19418,0,-537,0,293888,-66584,47533,63133,-37,-82184
19423,0,-358,0,367616,-83288,42275,72726,-37,-116535
19428,0,-358,0,434176,-98368,35305,70649,-37,-133712
19433,0,-268,0,499712,-113216,27926,72301,-37,-157591
19438,0,-268,0,548864,-124352,19660,66724,-37,-172938
19443,0,-268,0,612352,-138736,9624,66667,-37,-195779
19448,0,-268,0,655360,-148480,-313,58577,-37,-207370
19453,0,-268,0,697344,-157992,-2970,53265,-37,-211161
19458,0,-268,0,733184,-166112,-6058,44831,-37,-217001
19463,0,-537,0,748544,-169592,-8970,30912,-37,-209474
19468,0,-626,0,757760,-171680,-12211,18669,-37,-202096
19473,0,-1342,0,749568,-169824,-15158,6058,-37,-191040
19478,0,-2237,0,734208,-166344,-18055,-5049,-37,-179350
19483,0,-3401,0,709632,-160776,-20882,-16845,-37,-164813
19488,0,-5012,0,666624,-151032,-23845,-32141,-37,-142736
19493,0,-7518,0,624640,-141520,-26373,-40735,-37,-127158
19498,0,-8769,0,574464,-130152,-28714,-49284,-37,-109582
19503,0,-10359,0,517120,-117160,-31058,-55205,-37,-93013
19508,0,-11697,0,458752,-103936,-32955,-60885,-37,-76006
19513,0,-13357,0,395264,-89552,-34611,-66473,-37,-57690
19518,0,-15355,0,329728,-74704,-36168,-68435,-37,-42437
19523,0,-17228,0,266240,-60320,-37319,-70305,-37,-27334
19528,0,-18453,0,203776,-46168,-38223,-70696,-37,-13695
19533,0,-19552,0,142336,-32248,-38885,-71855,-37,2525
19538,0,-20742,0,72704,-16472,-39338,-72061,-37,16251
19543,0,-20742,0,26624,-6032,-39527,-63145,-37,17586
19548,0,-20726,0,-22528,5104,-39449,-59864,-37,25519
19553,0,-20565,0,-58368,13224,-38742,-48836,-37,23318
19558,0,-20437,0,-81920,18560,-37618,-38222,-37,19164
19563,0,-19327,0,-107520,24360,-36123,-34218,-37,22455
19568,0,-18340,0,-133120,30160,-34021,-30282,-37,26421
19573,0,-17624,0,-147456,33408,-31838,-24269,-37,25839
19578,0,-17511,0,-161792,36656,-29386,-20047,-37,35031
19584,0,-17492,0,-181248,41064,-26401,-20001,-37,34664
19589,0,-17454,0,-199680,45240,-23424,-20976,-37,42792
19594,0,-17454,0,-215040,48720,-19848,-17717,-37,46357
19599,0,-17454,0,-236544,53592,-16299,-21596,-37,58889
19604,0,-17454,0,-258048,58464,-12425,-23386,-37,69425
19609,0,-17454,0,-281600,63800,-7756,-27677,-37,84881
19614,0,-17454,0,-317440,71920,-3031,-31843,-37,100732
19619,0,-17718,0,-348160,78880,563,-34287,-37,113730
19624,0,-17831,0,-380928,86304,1985,-36708,-37,123830
19629,0,-17963,0,-421888,95584,3716,-40185,-37,139485
19634,0,-18020,0,-457728,103704,5450,-39909,-37,149063
19639,0,-18020,0,-501760,113680,7332,-45371,-37,166383
19644,0,-18020,0,-539648,122264,9579,-42480,-37,174323
19649,0,-18020,0,-572416,129688,11761,-40173,-37,181622
19654,0,-17090,0,-598016,135488,14056,-34941,-37,184485
19659,0,-15877,0,-618496,140128,16700,-26059,-37,182887
19664,0,-14808,0,-637952,144536,19166,-24005,-37,187707
19669,0,-13643,0,-637952,144536,21912,-11601,-37,178049
19674,0,-12518,0,-628736,142448,24396,-287,-37,167131
19679,0,-11443,0,-626688,141984,26866,2145,-37,166705
19684,0,-10211,0,-616448,139664,29541,6770,-37,162435
19689,0,-9139,0,-602112,136416,31923,11405,-37,156934
19694,0,-8178,0,-575488,130384,34445,22249,-37,141652
19699,0,-6623,0,-529408,119944,36591,34584,-37,121951
19704,0,-4922,0,-475136,107648,38546,47872,-37,98322
19709,0,-3311,0,-409600,92800,40264,60815,-37,64617
19714,0,-179,0,-233472,52896,41541,116708,-37,-22271
19719,0,89,0,-77824,17632,42112,145176,-37,-85432
19724,0,447,0,13312,-3016,42139,122916,-37,-83793
19729,0,0,0,98304,-22272,41230,108044,-37,-89086
19734,0,-179,0,155648,-35264,39138,86610,-37,-82736
19739,0,-179,0,183296,-41528,36550,62330,-37,-65629
19744,0,-447,0,210944,-47792,33146,45485,-37,-60131
19749,0,-716,0,248832,-56376,29547,45118,-37,-71947
19754,0,-895,0,284672,-64496,24930,41216,-37,-80782
19759,0,-1074,0,317440,-71920,20197,39507,-37,-91230
19764,0,-1342,0,349184,-79112,14942,37590,-37,-101760
19769,0,-1342,0,390144,-88392,8536,40034,-37,-119890
19774,0,-1342,0,420864,-95352,2174,37854,-37,-131032
19779,0,-1342,0,453632,-102776,-1539,38256,-37,-142571
19784,0,-1342,0,483328,-109504,-3557,34791,-37,-147852
19789,0,-1342,0,503808,-114144,-5489,29466,-37,-149099
19794,0,-1342,0,522240,-118320,-7522,23431,-37,-149273
19799,0,-1342,0,556032,-125976,-9865,27252,-37,-162861
19804,0,-1342,0,576512,-130616,-12080,26253,-37,-168949
19809,0,-1342,0,589824,-133632,-14368,20539,-37,-168539
19814,0,-1432,0,617472,-139896,-16732,26196,-37,-179490
19819,0,-1432,0,634880,-143840,-19421,22731,-37,-185992
19824,0,-1432,0,653312,-148016,-21935,22765,-37,-192716
19829,0,-2058,0,669696,-151728,-24516,21687,-37,-193927
19834,0,-2953,0,686080,-155440,-27436,19265,-37,-202141
19839,0,-4206,0,703488,-159384,-30154,19896,-37,-209434
19844,0,-5996,0,711680,-161240,-32920,15215,-37,-208700
19849,0,-6891,0,723968,-164024,-36022,12874,-37,-212920
19854,0,-7734,0,737280,-167040,-38888,13505,-37,-219433
19859,0,-8511,0,743424,-168432,-41775,11222,-37,-221429
19864,0,-9509,0,743424,-168432,-44980,4796,-37,-218208
19869,0,-10729,0,748544,-169592,-47903,5037,-37,-222532
19874,0,-11584,0,740352,-167736,-50818,-1469,-37,-217607
19879,0,-12744,0,743424,-168432,-54013,286,-37,-222731
19884,0,-13762,0,746496,-169128,-56922,2306,-37,-228356
19889,0,-14808,0,734208,-166344,-59808,-4946,-37,-222759
19894,0,-16045,0,730112,-165416,-62965,-5497,-37,-222884
19899,0,-19984,0,553984,-125512,-65485,-102457,-37,-88540
19904,0,-18585,0,434176,-98368,-67315,-111866,-37,-53241
19909,0,-24054,0,310272,-70296,-68950,-125670,-37,-13576
19914,0,-26451,0,167936,-38048,-69814,-139383,-37,31521
19919,0,-28435,0,89088,-20184,-70333,-119153,-37,36622
19924,0,-30936,0,-54272,12296,-70223,-134747,-37,76820
19929,0,-31992,0,-144384,32712,-68758,-123662,-37,87616
19934,0,-33813,0,-239616,54288,-65640,-120140,-37,111338
19939,0,-34482,0,-320512,72616,-60726,-101505,-37,113395
19944,0,-34491,0,-392192,88856,-55028,-96823,-37,130651
19949,0,-33765,0,-454656,103008,-47491,-99049,-37,158510
19954,0,-32435,0,-530432,120176,-39621,-97569,-37,178124
19959,0,-30778,0,-578560,131080,-30932,-86771,-37,186919
19964,0,-29501,0,-627712,142216,-20565,-81378,-37,203029
19969,0,-28011,0,-662528,150104,-10500,-69651,-37,209255
19974,0,-26746,0,-698368,158224,155,-58705,-37,217357
19979,0,-25257,0,-723968,164024,3213,-50018,-37,217255
19984,0,-23941,0,-739328,167504,6075,-38693,-37,212272
19989,0,-22498,0,-752640,170520,9286,-29180,-37,208986
19994,0,-21015,0,-749568,169824,12233,-14872,-37,196929
19999,0,-18860,0,-747520,169360,15164,-7413,-37,191937
20004,0,-17304,0,-736256,166808,18351,1698,-37,183461
20009,0,-15919,0,-709632,160776,21167,16397,-37,165546
20014,0,-14784,0,-681984,154512,23877,25427,-37,152962
20019,0,-13476,0,-645120,143144,26693,42834,-37,127003
20024,0,-12263,0,-596992,135256,29102,46759,-37,117599
20029,0,-11273,0,-560128,126904,31370,50212,-37,108062
20034,0,-10655,0,-521216,118088,33699,50775,-37,101012
20039,0,-10581,0,-490496,111128,35673,48090,-37,98711
20044,0,-10507,0,-465920,105560,37530,44051,-37,99039
20049,0,-10507,0,-436224,98832,39454,42731,-37,94859
20054,0,-10507,0,-414720,93960,41114,36213,-37,98861
20059,0,-9509,0,-389120,88160,42681,36133,-37,94708
20064,0,-8622,0,-361472,81896,44298,35812,-37,90382
20069,0,-7734,0,-336896,76328,45666,35743,-37,86251
20074,0,-6086,0,-307200,69600,46917,37762,-37,78755
20079,0,-4564,0,-268288,60784,48145,44877,-37,64052
20084,0,-3132,0,-230400,52200,49104,48503,-37,52801
20089,0,-2148,0,-187392,42456,49899,53265,-37,39090
20094,0,-1342,0,-143360,32480,50574,62571,-37,18163
20099,0,-805,0,-86016,19488,51000,65164,-37,5324
20104,0,-626,0,-35840,8120,51237,68721,-37,-9364
20109,0,-626,0,16384,-3712,51253,72485,-37,-25276
20114,0,-626,0,71680,-16240,50448,71613,-37,-37405
20119,0,-626,0,129024,-29232,48825,75686,-37,-56093
20125,0,-626,0,187392,-42456,46333,79323,-37,-75611
20130,0,-626,0,254976,-57768,42536,83213,-37,-98445
20135,0,-626,0,303104,-68672,38231,78692,-37,-109133
20140,0,-626,-10240,359424,-83752,32402,75089,-1321,-126671
20145,0,-626,-10240,419840,-97440,26109,78256,-701,-149587
20150,0,-626,-13312,465920,-108576,18949,72726,-657,-162353
20155,0,-626,-13312,515072,-119712,11024,70832,-333,-180346
20160,0,-716,-13312,564224,-130848,1419,69593,-184,-199022
20165,0,-895,-13312,607232,-140592,-2339,65313,-105,-208244
20170,0,-1163,-31744,654336,-157528,-5181,67573,-2234,-230282
20175,0,-1879,-31744,694272,-164488,-7957,58176,-1180,-230621
20180,0,-2595,-31744,732160,-173072,-10879,56386,-625,-244836
20185,0,-3759,-31744,771072,-181888,-14255,55651,-315,-251794
20190,0,-5012,-31744,805888,-189776,-17466,53597,-174,-260839
20195,0,-6712,-31744,830464,-195344,-20796,46082,-101,-262222
20200,0,-8030,-31744,828416,-194880,-24538,21939,-62,-241357
20205,0,-8252,-31744,824320,-193952,-27899,10269,-37,-232120
20210,0,-9916,-31744,813056,-191400,-31236,-1114,-37,-221522
20215,0,-11188,-83968,785408,-196968,-34852,-14447,-6189,-217373
20220,0,-12687,-83968,751616,-189312,-38141,-28044,-3257,-199409
20225,0,-13833,-96256,704512,-181424,-41321,-43352,-2767,-179393
20230,0,-15117,-111616,650240,-172608,-44648,-57523,-3067,-159733
20235,0,-16714,-111616,584704,-157760,-47452,-71774,-1614,-133438
20240,0,-18189,-108544,525312,-143608,-50009,-76203,-591,-117414
20245,0,-19932,-108544,441344,-124584,-52524,-89640,-298,-87468
20250,0,-22242,-108544,362496,-106720,-54502,-99405,-164,-61817
20255,0,-24517,-108544,280576,-88160,-56180,-108195,-96,-36145
20260,0,-26758,-105472,192512,-67512,-57646,-100426,283,-24732
20265,0,-28129,-96256,107520,-46168,-58635,-107414,1545,2611
20270,0,-29501,-96256,11264,-24360,-59296,-105108,751,21452
20275,0,-30714,-13312,-60416,10672,-59147,-94138,9555,45663
20280,0,-31031,-13312,-137216,28072,-57709,-90352,5004,60715
20285,0,-31031,-13312,-216064,45936,-54807,-85590,2451,76719
20290,0,-30904,-13312,-289792,62640,-50988,-84901,1276,96553
20295,0,-30904,0,-356352,80736,-46032,-80059,2690,114763
20300,0,-30904,0,-424960,96280,-39239,-75412,1315,132453
20305,0,-30004,0,-484352,109736,-32068,-71751,683,149419
20310,0,-28936,0,-540672,122496,-24039,-69204,349,167661
20315,0,-27575,0,-589824,133632,-14327,-61206,163,180511
20320,0,-26389,0,-641024,145232,-4706,-61206,75,201732
20325,0,-25204,0,-676864,153352,1674,-52107,31,207133
20330,0,-23884,0,-717824,162632,4684,-47069,4,214385
20335,0,-23346,0,-759808,172144,7571,-48745,0,228460
20340,0,-22212,0,-786432,178176,10592,-40862,0,229630
20345,0,-20838,0,-809984,183512,14036,-32221,0,229769
20350,0,-19604,0,-828416,187688,17251,-26415,0,231354
20355,0,-18020,0,-828416,187688,20499,-13208,0,222837
20360,0,-15564,0,-820224,185832,24041,-2536,0,212409
20365,0,-13405,0,-795648,180264,27196,12048,0,195412
20370,0,-11641,0,-763904,171448,30529,26586,0,175391
20375,0,-9768,0,-709632,160776,33395,40310,0,153861
20380,0,-8474,82944,-659456,168200,36253,48950,8051,155503
20385,0,-7428,82944,-593920,153352,38968,59782,3947,132102
20390,0,-5459,82944,-528384,138504,41703,64888,2058,115319
20395,0,-3938,82944,-457728,122496,43931,72404,1069,94023
20400,0,-2774,447488,-378880,187224,46342,77947,49401,155619
20405,0,-2685,447488,-300032,169360,49075,87425,25903,131010
20410,0,-2685,447488,-235520,154744,51702,81045,13576,125401
20415,0,-2595,653312,-154624,183048,54543,86989,32543,148514
20420,0,-2595,653312,-70656,164024,57293,86530,17058,134787
20425,0,-2595,886784,5120,199752,60301,85669,31613,174384
20430,0,-1969,886784,86016,181424,63632,89387,15534,153581
20435,0,-1700,886784,165888,163328,66477,85600,8139,144205
20440,0,-1700,1138688,242688,203000,69587,87585,28723,185002
20445,0,-1700,1138688,311296,185600,73040,87172,14111,171468
20450,0,-1700,1138688,392192,169128,75997,85692,7392,159433
20455,0,-1700,1350656,458752,202072,79217,82261,23168,199028
20460,0,-1700,1350656,519168,188384,82411,76765,12141,188517
20465,0,-1700,1350656,588800,172608,85730,74114,5964,184224
20470,0,-1700,1350656,644096,160080,88553,68790,3120,179843
20475,0,-1700,746496,698368,10904,90457,65290,-79395,28570
20480,0,-1700,746496,755712,-2088,90499,62353,-39043,26058
20485,0,-1790,670720,799744,-29232,88908,56581,-27386,3095
20490,0,-1790,670720,840704,-38512,86575,52806,-14371,-4743
20495,0,-1790,670720,875520,-46400,83367,45347,-7076,-8380
20500,0,-2327,89088,904192,-184672,71760,40149,-56680,-153061
20505,0,-3401,89088,925696,-189544,58825,32771,-29737,-163490
20510,0,-4922,89088,948224,-194648,44210,27883,-14629,-178321
20515,0,-6265,89088,969728,-199520,30608,26793,-7681,-195705
20520,0,-8067,-13312,978944,-224808,16098,18829,-16912,-227539
20525,0,-9139,-13312,989184,-227128,-1051,15180,-8328,-243359
20530,0,-10655,9216,988160,-221792,-4849,7424,-2454,-234065
20535,0,-11811,-13312,985088,-226200,-8685,1009,-4131,-235894
20540,0,-14737,-13312,823296,-189544,-12587,-86771,-2042,-115360
20545,0,-12829,0,736256,-166808,-15568,-88619,58,-93757
20550,0,-17090,0,603136,-136648,-18191,-121574,24,-33265
20555,0,-19275,0,476160,-107880,-20430,-122125,0,-6185
20560,0,-22754,0,378880,-85840,-22126,-121000,0,13034
20565,0,-24800,0,274432,-62176,-23378,-119956,0,34402
20570,0,-26807,0,186368,-40368,-24344,-111121,0,46409
20575,0,-29577,0,88064,-19952,-24841,-110593,0,65800
20580,0,-31084,0,21504,-4872,-25035,-93794,0,63887
20585,0,-32564,0,-55296,12528,-24676,-91774,0,81815
20590,0,-33974,0,-129024,29232,-23047,-84190,0,90375
20595,0,-35401,0,-201728,45704,-20395,-83650,0,108959
20600,0,-36284,0,-292864,66352,-16125,-90948,0,141175
20605,0,-37210,0,-370688,83984,-10950,-91843,0,164877
20610,0,-37474,0,-451584,102312,-4481,-92991,0,190822
20615,0,-37542,0,-536576,121568,1032,-91545,0,214609
20620,0,-37542,0,-626688,141984,3331,-99084,0,244399
20625,0,-36598,0,-701440,158920,5938,-93197,0,258055
20630,0,-35310,0,-768000,174000,8835,-84408,0,271944
20635,0,-33099,0,-835584,189312,12311,-76307,0,277930
20640,0,-30651,0,-888832,201376,15691,-69433,0,286500
20645,0,-28188,0,-925696,209728,19241,-57110,0,280938
20650,0,-25491,0,-955392,216456,23282,-44843,0,284581
20655,0,-23048,0,-967680,219240,27044,-30385,0,276669
20660,0,-20630,0,-966656,219008,30833,-14837,0,261238
20665,0,-18001,0,-958464,217152,34978,-2605,0,254735
20670,0,-15752,0,-939008,212744,38693,9787,0,241650
20675,0,-13595,0,-913408,206944,42666,23029,0,224957
20680,0,-11330,0,-864256,195808,46123,35089,0,206842
20685,0,-10174,0,-817152,185136,49397,43580,0,190953
20690,0,-9028,0,-768000,174000,52480,48973,0,175070
20695,0,-7919,0,-701440,158920,55628,59266,0,155282
20700,0,-6265,0,-642048,145464,58249,63936,0,139777
20705,0,-4654,110592,-579584,156368,60667,68044,15820,148086
20710,0,-3222,110592,-515072,141752,63387,68136,8291,137003
20715,0,-2148,110592,-436224,123888,65632,81997,4343,107523
20720,0,-1969,409600,-360448,174464,67674,85267,47893,156871
20725,0,-1969,409600,-276480,155440,70469,86656,23537,139253
20730,0,-1879,560128,-185344,168896,73084,94263,27932,147717
20735,0,-1879,560128,-78848,144768,75854,102043,13723,118579
20740,0,-1879,560128,21504,122032,78067,108079,7185,92020
20745,0,-1879,560128,119808,99760,79927,109880,3762,69807
20750,0,-1879,1245184,217088,231536,81991,108435,93710,205092
20755,0,-1879,1245184,314368,210888,84999,106863,49138,189024
20760,0,-1879,1245184,391168,193488,88101,102204,25764,179385
20765,0,-1879,1245184,471040,175392,91089,97281,13503,168805
20771,0,-1879,1245184,538624,160080,94165,83122,6628,171123
20776,0,-1879,1610752,603136,228288,97327,78371,41337,247244
20781,0,-1969,1610752,658432,215760,100798,71165,20314,240526
20786,0,-1969,1610752,713728,203232,104578,64051,10646,243759
20791,0,-2058,1258496,761856,112520,106672,59128,-28638,160064
20796,0,-2058,1105920,803840,68440,108267,52932,-34551,121396
20801,0,-2148,1105920,859136,55912,109350,57958,-18128,107304
20806,0,-2237,746496,892928,-33176,107831,48468,-44422,26187
20811,0,-2953,615424,926720,-70528,104761,42146,-42056,-7913
20816,0,-4206,615424,956416,-77256,99078,35353,-20689,-13531
20821,0,-5996,500736,992256,-111360,91974,37625,-22000,-57011
20826,0,-7771,224256,1008640,-177712,82898,29788,-48624,-124602
20831,0,-8659,224256,1016832,-179568,69305,18428,-23917,-128691
20836,0,-9916,64512,1030144,-218776,54756,16202,-28067,-180222
20841,0,-11386,64512,1034240,-219704,39580,9902,-14730,-190026
20846,0,-12801,64512,1030144,-218776,22927,2662,-7249,-198511
20851,0,-14404,64512,1021952,-216920,7890,-3087,-3809,-205943
20856,0,-16045,0,1011712,-229216,-2576,-6989,-10657,-224803
20861,0,-17699,0,994304,-223648,-6776,-16708,-5254,-213716
20866,0,-24068,0,722944,-163792,-10151,-163227,-2764,-10716
20871,0,-24111,0,455680,-103240,-12334,-226119,-1458,110545
20876,0,-21791,0,406528,-92104,-13948,-131534,-728,25323
20881,0,-32296,0,169984,-38512,-15331,-210674,-391,156831
20886,0,-32445,0,10240,-2320,-15537,-194771,-215,176914
20891,0,-36241,0,-104448,23664,-15066,-166818,-115,175416
20896,0,-37862,0,-261120,59160,-12009,-171328,-71,218479
20901,0,-38302,0,-331776,75168,-7465,-132004,-47,199707
20906,0,-40054,0,-453632,102776,-557,-128424,-37,230643
20911,0,-40187,0,-509952,115536,1879,-98544,-37,215959
20916,0,-40390,0,-594944,134792,4063,-97466,-37,236321
20921,0,-39135,0,-658432,149176,6542,-87885,-37,246650
20926,0,-37978,0,-751616,170288,9611,-89434,-37,269333
20931,0,-36598,0,-824320,186760,12709,-89502,-37,288971
20936,0,-35857,0,-891904,202072,16082,-82032,-37,301696
20941,0,-34322,0,-943104,213672,20043,-67850,-37,301565
20946,0,-32435,0,-994304,225272,23853,-62617,-37,311742
20951,0,-28936,0,-1020928,231304,27798,-47528,-37,304070
20956,0,-25284,0,-1035264,234552,32225,-30970,-37,297747
20961,0,-22152,0,-1020928,231304,36255,-7298,-37,274857
20966,0,-19655,0,-1003520,227360,40610,5760,-37,262210
20971,0,-17006,0,-978944,221792,44487,16729,-37,249550
20976,0,-14737,0,-943104,213672,48251,30006,-37,231917
20981,0,-12574,0,-899072,203696,51858,40884,-37,214670
20986,0,-10322,0,-847872,192096,55616,48067,-37,199645
20991,0,-9065,0,-798720,180960,58820,51211,-37,188569
20996,0,-8104,0,-738304,167272,61802,58864,-37,170210
21001,0,-6444,0,-660480,149640,64801,70695,-37,143746
21006,0,-4833,0,-589824,133632,67241,76306,-37,124567
21011,0,-3490,0,-510976,115768,69383,83477,-37,99361
21016,0,-2237,0,-410624,93032,71345,94080,-37,70297
21021,0,-1432,0,-311296,70528,72737,103500,-37,39765
21026,0,-805,0,-198656,45008,73715,119921,-37,-1198
21031,0,-537,12288,-66560,17864,74316,129422,954,-37242
21036,0,-358,73728,57344,3712,74467,134585,7731,-56406
21041,0,-358,73728,187392,-25752,73603,141665,4047,-47105
21046,0,-358,291840,319488,-6264,73679,139967,19433,-72552
21051,0,-358,334848,431104,-21808,72666,133644,14934,-82786
21056,0,-358,409600,546816,-31088,70005,126278,18740,-87361
21061,0,-358,409600,640000,-52200,67062,117086,9816,-102224
21066,0,-358,409600,724992,-71456,62723,107723,5141,-116456
21071,0,-358,993280,809984,41528,57169,101469,91579,-2772
21076,0,-358,993280,877568,26216,57620,90006,48022,-6170
21081,0,-626,993280,941056,11832,57901,81722,25175,-7819
21086,0,-1253,2219008,998400,276544,58362,70167,187709,264739
21091,0,-2058,2219008,1045504,265872,61073,61549,98437,265396
21096,0,-3132,2219008,1086464,255664,64957,53586,48393,267035
21101,0,-4564,2219008,1123328,248240,68835,46231,25373,270844
21106,0,-6086,2219008,1143808,243600,72836,35066,13298,281370
21111,0,-7808,2756608,1158144,362152,77789,24842,62219,415099
21116,0,-9065,2756608,1165312,360528,83158,16167,32622,427519
21121,0,-10692,2756608,1168384,359832,88923,9810,17102,438945
21126,0,-12489,2756608,1157120,362616,95534,-1871,8398,460021
21131,0,-14237,2726912,1146880,357976,101689,-6415,148,466080
21136,0,-16275,2726912,1125376,362848,107917,-14940,68,485705
21141,0,-20565,2668544,977920,383032,114122,-117764,-5645,623469
21146,0,-21592,2668544,670720,452632,122078,-206222,-2967,780932
21151,0,-19050,2668544,589824,470960,130073,-147541,-1568,748574
21156,0,-25311,1173504,382976,179104,133457,-191948,-145980,504509
21161,0,-28732,1173504,192512,222256,135916,-193646,-76570,551818
21166,0,-32257,1173504,76800,248472,139604,-163697,-37659,551773
21171,0,-36071,1173504,-111616,291160,143922,-187496,-19761,622578
21176,0,-37074,1173504,-182272,307168,148856,-138866,-10374,594890
21181,0,-39804,1173504,-336896,342200,154927,-149423,-5110,646550
21186,0,-40445,1173504,-405504,357744,160935,-114334,-2688,633013
21191,0,-41126,12288,-496640,115304,165606,-110111,-157149,391021
21196,0,-40156,12288,-575488,133168,167200,-93369,-77281,393737
21201,0,-38252,0,-654336,148248,169196,-92601,-41658,410045
21206,0,-36363,0,-730112,165416,171681,-88871,-21858,425968
21211,0,-34594,0,-801792,181656,174820,-83157,-10755,439633
21216,0,-32902,0,-862208,195344,178017,-76054,-5647,449415
21221,0,-31264,0,-909312,206016,181448,-65739,-2969,453203
21226,0,-28845,0,-953344,215992,185451,-54677,-1470,456120
21231,0,-26337,0,-988160,223880,189239,-50213,-777,463332
21236,0,-23898,0,-1006592,228056,193130,-37155,-418,458341
21241,0,-21159,0,-1014784,229912,197480,-22433,-215,449825
21246,0,-18791,0,-1017856,230608,201464,-12841,-123,444913
21251,0,-16484,0,-1011712,229216,205426,-3959,-74,438601
21256,0,-14261,0,-995328,225504,209745,7160,-47,428089
21261,0,-12546,0,-980992,222256,213610,11635,-37,424231
21266,0,-11415,0,-963584,218312,217402,14939,-37,420775
21271,0,-10137,0,-939008,212744,221484,19862,-37,414366
21276,0,-9028,0,-913408,206944,225103,25117,-37,406930
21281,0,-8030,0,-887808,201144,228628,27745,-37,402027
21286,0,-6444,0,-867328,196504,232066,25634,-37,403043
21291,0,-4564,0,-836608,189544,235732,29902,-37,395374
21296,0,-3222,0,-792576,179568,238923,40838,-37,377653
21301,0,-2237,0,-731136,164256,242192,57361,-37,349087
21306,0,-1253,12288,-644096,148712,244902,75009,1020,318605
21311,0,-716,12288,-542720,125744,247242,94080,524,278906
21316,0,-268,12288,-394240,92104,249300,126909,251,214495
21321,0,0,175104,-161792,76328,250909,196617,14025,130620
21326,0,268,249856,72704,40136,251779,226635,16157,65280
21331,0,0,249856,197632,11832,252171,185498,7934,74658
21336,0,89,249856,360448,-25056,251369,175228,4152,51085
21341,0,447,249856,504832,-57768,248336,169284,2167,21284
21346,0,0,249856,586752,-76328,243659,133793,31215,86461
21351,0,89,447488,701440,-57536,240167,125853,16359,56778
21356,0,0,479232,793600,-71224,235589,114918,12312,49447
21361,0,0,479232,849920,-83984,230164,87792,20573,78599
21366,0,0,574464,931840,-80968,224672,91211,10781,52493
21371,0,-447,594944,973824,-85840,218821,69352,8059,63629
21376,0,-984,594944,1009664,-93960,212558,55387,3952,65059
21381,0,-1342,594944,1046528,-102312,205047,46047,2060,56688
21386,0,-3222,594944,1060864,-105560,197784,30304,1069,61920
21391,0,-4654,594944,1077248,-109272,190352,24888,549,56192
21396,0,-7518,594944,1092608,-112752,181944,21216,258,47976
21401,0,-9361,594944,1080320,-109968,174231,3534,126,60729
21406,0,-10618,594944,1074176,-108576,166678,-1733,58,59835
21411,0,-12320,531456,1061888,-120176,157440,-7688,-5062,44952
21416,0,-14665,531456,1026048,-112056,149447,-23741,-2664,61132
21421,0,-16755,531456,1003520,-106952,141950,-23627,-1407,58625
21426,0,-18860,531456,963584,-96744,134202,-36605,-701,74063
21432,0,-25581,531456,657408,-28536,129370,-199796,-379,300630
21437,0,-26537,531456,285696,55680,129522,-304973,-208,490175
21442,0,-23601,531456,179200,79808,130799,-199991,-110,411665
21447,0,-28459,92160,77824,3248,130870,-174874,-48611,308992
21452,0,-36125,92160,-278528,83984,131688,-278547,-25503,494219
21457,0,-37346,92160,-382976,107648,133295,-200944,-12552,450781
21462,0,-43831,92160,-534528,141984,135610,-180990,-6592,458584
21467,0,-45261,-4096,-684032,154048,138314,-174656,-18155,467018
21472,0,-44395,-4096,-773120,174232,141041,-141379,-8936,457777
21477,0,-42893,12288,-909312,208800,144658,-141643,-2999,495101
21482,0,-39835,-7168,-1009664,227128,148440,-129480,-4549,505048
21487,0,-37338,-7168,-1094656,246384,152521,-112968,-2242,505239
21492,0,-34825,0,-1178624,267032,157393,-104465,-442,528890
21497,0,-32187,0,-1265664,286752,162202,-101103,-242,550057
21502,0,-29851,0,-1343488,304384,167322,-95469,-130,561734
21507,0,-27420,0,-1421312,322016,173269,-89663,-76,584948
21512,0,-25298,0,-1499136,339648,179000,-89170,-52,607818
21517,0,-23516,0,-1581056,358208,185050,-90558,-37,633816
21522,0,-21480,0,-1679360,380480,192076,-97363,-37,669919
21527,0,-20157,0,-1762304,399272,198858,-92910,-37,691040
21532,0,3043,0,-915456,207408,203964,416115,-37,-55714
21537,0,5101,0,-39936,9048,205731,673066,-37,-458287
21542,0,2327,0,444416,-100688,201086,591412,-37,-491014
21547,0,-6354,0,-100352,22736,198291,5897,-37,215130
21552,0,-3132,0,-330752,74936,199485,-101264,-37,375685
21557,0,1879,0,-226304,51272,200737,19610,-37,232399
21562,0,-537,0,-197632,44776,201335,6471,-37,239640
21567,0,8067,0,-22528,5104,201874,104545,-37,102433
21572,0,4564,0,23552,-5336,201800,80196,-37,116268
21577,0,1074,0,48128,-10904,201129,53265,-37,136960
21582,0,0,0,-25600,5800,200824,-14917,-37,221541
21587,0,0,0,-40960,9280,200994,-13219,-37,223493
21592,0,0,0,-23552,5336,201121,2983,-37,203474
21597,0,0,0,7168,-1624,201144,18726,-37,180794
21602,0,0,0,35840,-8120,200745,24578,-37,168047
21607,0,-268,0,22528,-5104,200306,5806,-37,189396
21612,0,-626,0,-2048,464,200158,-9857,-37,210479
21617,0,-626,0,-6144,1392,200171,-7207,-37,208770
21622,0,-626,0,-7168,1624,200201,-4154,-37,205979
21627,0,-626,0,7168,-1392,200159,4601,-37,194166
21632,0,-1074,0,10240,-2320,199970,3327,-37,194323
21637,0,-1611,0,0,0,199881,-4200,-37,204081
21642,0,-1969,0,-16384,3712,199919,-10959,-37,214590
21647,0,-1700,0,-19456,4408,200005,-6369,-37,210782
21652,0,-1253,0,6144,-1392,200025,11222,-37,187411
21657,0,-1342,0,20480,-4640,199821,13987,-37,182045
21662,0,-1969,0,18432,-4176,199464,5289,-37,189999
21667,0,-2685,0,-3072,696,199356,-9042,-37,209094
21672,0,-2416,0,-8192,1856,199381,-7103,-37,208340
21677,0,-2416,0,1024,-232,199395,1675,-37,197488
21682,0,-2416,0,11264,-2552,199365,8456,-37,188357
21687,0,-2416,0,15360,-2320,199206,4165,-37,192721
21692,0,-2416,0,21504,-4872,198913,7561,-37,186480
21697,0,-2416,0,9216,-2088,198697,-2513,-37,199122
21702,0,-2416,0,5120,-1160,198620,975,-37,195309
21707,0,-2416,0,4096,-928,198514,-2559,-37,200145
21712,0,-2416,0,2048,-464,198448,-2949,-37,200933
21717,0,-2416,0,8192,-1856,198349,1503,-37,199920
21722,0,-2416,0,9216,-2088,198218,1526,-37,194604
21727,0,-2416,0,7168,-1624,198046,-1412,-37,197834
21732,0,-2416,0,3072,-696,197972,-2915,-37,198078
21737,0,-2416,0,8192,-1856,197904,1996,-37,194052
21742,0,-2416,0,10240,-2320,197793,2868,-37,192605
21747,0,-2416,0,9216,-2088,197650,1090,-37,192592
21752,0,-2416,0,8192,-1856,197452,-1114,-37,196710
21757,0,-2416,0,8192,-1856,197338,-264,-37,195746
21762,0,-2416,0,5120,-1160,197224,-2158,-37,198222
21767,0,-2416,0,9216,-2088,197078,699,-37,194291
21772,0,-2416,0,9216,-2088,196947,619,-37,194240
21777,0,-2416,0,9216,-2088,196806,321,-37,194397
21782,0,-2416,0,12288,-2784,196635,2134,-37,191717
21787,0,-2416,0,9216,-2088,196470,-574,-37,194956
21792,0,-2416,0,4096,-928,196335,-4005,-37,199165
21797,0,-2416,0,8192,-1856,196178,-941,-37,195263
21802,0,-2416,0,12288,-2784,196043,2432,-37,190827
21807,0,-2416,0,5120,-2320,195899,1090,-37,192489
21812,0,-2416,0,10240,-2320,195769,1227,-37,192222
21817,0,-2416,0,6144,-1392,195653,-1458,-37,195719
21822,0,-2416,0,9216,-2088,195531,975,-37,191555
21827,0,-2416,0,7168,-1624,195399,-494,-37,194269
21832,0,-2416,0,10240,-2320,195287,1973,-37,190994
21837,0,-2416,0,7168,-1624,195149,-792,-37,191356
21842,0,-2416,0,8192,-1856,195002,-46,-37,193192
21847,0,-2416,0,9216,-2088,194874,734,-37,192052
21852,0,-2416,0,10240,-2320,194765,1904,-37,190541
21857,0,-2416,0,7168,-1624,194634,-459,-37,193469
21862,0,-2416,0,9216,-2088,194491,562,-37,191841
21867,0,-2416,0,10240,-2320,194350,1032,-37,190998
21872,0,-2416,0,9216,-2088,194204,344,-37,191772
21877,0,-2416,0,2048,-464,194129,-3684,-37,197349
21882,0,-2416,0,6144,-1392,194086,791,-37,191903
21887,0,-2416,0,6144,-1392,194005,2076,-37,190061
21892,0,-2416,0,5120,-1160,193903,-253,-37,192996
21897,0,-2416,0,7168,-1624,193792,596,-37,191572
21902,0,-2416,0,9216,-2088,193653,1411,-37,190154
21907,0,-2416,0,4096,-928,193544,-2387,-37,195003
21912,0,-2416,0,7168,-1624,193417,-402,-37,192195
21917,0,-2416,0,7168,-1624,193268,-792,-37,192436
21922,0,-2416,0,17408,-3944,193110,6161,-37,183005
21927,0,-2416,0,11264,-2552,192951,1181,-37,189218
21932,0,-2416,0,5120,-1160,192820,-2651,-37,194311
21937,0,-2416,0,8192,-1856,192703,137,-37,190710
21942,0,-2416,0,3072,-696,192615,-2904,-37,194823
21947,0,-2416,0,9216,-2088,192490,1468,-37,188934
21952,0,-2416,0,9216,-2088,192358,940,-37,189330
21957,0,-2416,0,4096,-928,192261,-2330,-37,193663
21962,0,-2416,0,9216,-2088,192160,1950,-37,188122
21967,0,-2416,0,4096,-928,192051,-2032,-37,193155
21972,0,-2416,0,6144,-1392,191963,-138,-37,190709
21977,0,-2416,0,8192,-2088,191833,1606,-37,188139
21982,0,-2416,0,10240,-2320,191687,1537,-37,187830
21987,0,-2416,0,9216,-2088,191545,493,-37,188964
21992,0,-2416,0,8192,-1856,191392,-471,-37,190007
21997,0,-2416,0,10240,-2320,191263,1204,-37,187739
22002,0,-2416,0,4096,-928,191128,-3466,-37,193666
22007,0,-2416,0,7168,-1624,190997,-3053,-37,193122
22012,0,-2416,0,10240,-2320,190852,1113,-37,187419
22017,0,-2416,0,10240,-2320,190678,183,-37,188175
22022,0,-2416,0,4096,-928,190532,-4212,-37,188717
22027,0,-2416,0,5120,-1160,190439,-1791,-37,191070
22032,0,-2416,0,6144,-1392,190322,-1045,-37,189975
22037,0,-2416,0,8192,-1856,190223,872,-37,188508
22042,0,-2416,0,5120,-1160,190091,-1641,-37,190572
22047,0,-2416,0,5120,-1160,190011,-896,-37,189747
22052,0,-2416,0,9216,-2088,189909,2134,-37,185687
22057,0,-2416,0,1024,-232,189808,-3913,-37,193489
22062,0,-2416,0,9216,-2088,189672,1296,-37,186288
22067,0,-2416,0,6144,-1392,189523,1572,-37,185631
22072,0,-2416,0,9216,-2088,189366,80,-37,187198
22077,0,-2416,0,7168,-1624,189231,-1355,-37,188962
22082,0,-2416,0,8192,-1856,189132,596,-37,186680
22087,0,-2416,0,2048,-464,189060,-3076,-37,191672
22092,0,-2416,0,8192,-1856,188971,1709,-37,185406
22097,0,-2416,0,6144,-1392,188854,-173,-37,187635
22102,0,-2416,0,5120,-1160,188744,-1297,-37,188881
22107,0,-2416,0,14336,-3248,188606,4888,-37,180470
22112,0,-2416,0,14336,-3248,188433,4004,-37,181181
22117,0,-2416,0,12288,-2784,188270,1847,-37,183639
22122,0,-2416,0,10240,-2320,188132,699,-37,185113
22127,0,-2416,0,9216,-1160,188001,-2582,-37,189423
22132,0,-2416,0,7168,-1624,187879,-769,-37,187024
22137,0,-2416,0,8192,-1856,187746,-115,-37,186005
22142,0,-2416,0,8192,-1856,187629,3476,-37,181369
22147,0,-2416,0,11264,-2552,187470,1732,-37,183186
22152,0,-2416,0,8192,-1856,187315,-976,-37,186435
22157,0,-2416,0,3072,-696,187182,-4464,-37,190950
22162,0,-2416,0,8192,-1856,187039,-310,-37,185493
22167,0,-2416,0,7168,-1624,186898,-1263,-37,186537
22172,0,-2416,0,5120,-2320,186812,2409,-37,182083
22177,0,-2416,0,9216,-2088,186674,917,-37,183669
22182,0,-2416,0,9216,-2088,186530,447,-37,183995
22187,0,-2416,0,10240,-2320,186355,550,-37,183485
22193,0,-2416,0,3072,-696,186248,-3982,-37,189534
22198,0,-2416,0,8192,-1856,186158,826,-37,183476
22203,0,-2416,0,4096,-928,186044,-2169,-37,187285
22208,0,-2416,0,8192,-1856,185929,814,-37,183259
22213,0,-2416,0,10240,-2320,185817,2283,-37,181214
22218,0,-2416,0,8192,-2088,185666,883,-37,182695
22223,0,-2416,0,12288,-2784,185520,2742,-37,179994
22228,0,-2416,0,8192,-1856,185387,-356,-37,183887
22233,0,-2416,0,7168,-1624,185229,-1343,-37,184948
22238,0,-2416,0,10240,-2320,185077,654,-37,182103
22243,0,-2416,0,6144,-1392,184960,-1813,-37,185381
22248,0,-2416,0,9216,-2088,184820,562,-37,182170
22253,0,-2416,0,3072,-696,184716,-3466,-37,187486
22258,0,-2416,0,6144,-1392,184639,-196,-37,183443
22263,0,-2416,0,8192,-1856,184529,1262,-37,181411
22268,0,-2416,0,6144,-1392,184402,-918,-37,183928
22273,0,-2416,0,7168,-1624,184259,-781,-37,183416
22278,0,-2416,0,6144,-1392,184151,-1182,-37,180958
22283,0,-2416,0,7168,-1624,184024,-322,-37,182722
22288,0,-2416,0,6144,-1392,183888,-1469,-37,183965
22293,0,-2416,0,5120,-1160,183763,355,-37,181552
22298,0,-2416,0,8192,-1856,183620,-138,-37,181902
22303,0,-2416,0,9216,-2088,183476,275,-37,181113
22308,0,-2416,0,8192,-1856,183341,-494,-37,181979
22313,0,-2416,0,9216,-2088,183176,0,-37,181088
22318,0,-2416,0,7168,-1624,183026,-1710,-37,183112
22323,0,-2416,0,8192,-1856,182928,218,-37,180854
22328,0,-2416,0,8192,-1856,182834,1090,-37,179888
22333,0,-2416,0,10240,-2320,182717,2317,-37,178080
22338,0,-2416,0,7168,-1624,182590,608,-37,180126
22343,0,-2416,0,5120,-1160,182444,-2433,-37,183717
22348,0,-2416,0,6144,-1392,182358,-632,-37,181598
22353,0,-2416,0,8192,-1856,182247,1778,-37,178367
22358,0,-2416,0,6144,-1392,182133,-482,-37,181223
22363,0,-2416,0,8192,-1856,182016,745,-37,179415
22368,0,-2416,0,10240,-2320,181869,1537,-37,181003
22373,0,-2416,0,5120,-1160,181734,-2204,-37,182778
22378,0,-2416,0,5120,-1160,181592,-2663,-37,183095
22383,0,-2416,0,10240,-2320,181459,1285,-37,174046
22388,0,-2416,0,9216,-2088,181283,-150,-37,179345
22393,0,-2416,0,3072,-696,181146,-4556,-37,185006
22398,0,-2416,0,9216,-2088,181007,206,-37,178713
22403,0,-2416,0,12288,-2784,180821,1732,-37,176305
22408,0,-2416,0,12288,-2784,180671,1847,-37,176040
22413,0,-2416,0,6144,-1392,180541,-2238,-37,181387
22418,0,-2416,0,10240,-2320,180390,998,-37,177072
22423,0,-2416,0,10240,-2320,180248,814,-37,177114
22428,0,-2416,0,7168,-1624,180148,-586,-37,178096
22433,0,-2416,0,2048,-464,180061,-3225,-37,182822
22438,0,-2416,0,4096,-928,179989,-1045,-37,180106
22443,0,-2416,0,4096,-928,179909,-964,-37,179939
22448,0,-2416,0,5120,-1160,179810,-414,-37,179064
22453,0,-2416,0,14336,-3248,179674,5370,-37,171056
22458,0,-2416,0,10240,-2320,179529,1457,-37,175752
22463,0,-2416,0,10240,-2320,179374,1147,-37,175907
22468,0,-2416,0,8192,-1856,179265,218,-37,177191
22473,0,-2416,0,8192,-1856,179140,137,-37,179082
22478,0,-2416,0,1024,-232,179031,-4567,-37,183366
22483,0,-2416,0,10240,-2320,178937,2730,-37,173887
22488,0,-2416,0,6144,-1392,178844,-1641,-37,179550
22493,0,-2416,0,8192,-1856,178741,1445,-37,175440
22498,0,-2416,0,11264,-2552,178653,3924,-37,172177
22503,0,-2416,0,9216,-1160,178533,-1136,-37,178509
22508,0,-2416,0,11264,-2552,178395,2765,-37,173078
22513,0,-2416,0,5120,-1160,178309,-1171,-37,178320
22518,0,-2416,0,4096,-928,178230,-1320,-37,178536
22523,0,-2416,0,8192,-1856,178129,1663,-37,174610
22528,0,-2416,0,11264,-2552,178027,3740,-37,171735
22533,0,-2416,0,14336,-3248,177898,447,-37,175583
22538,0,-2416,0,9216,-2088,177761,1101,-37,174572
22543,0,-2416,0,7168,-1624,177653,-173,-37,176202
22548,0,-2416,0,8192,-1856,177549,768,-37,176906
22553,0,-2416,0,7168,-1624,177418,-322,-37,176116
22558,0,-2416,0,12288,-2784,177318,3924,-37,170610
22563,0,-2416,0,8192,-1856,177184,206,-37,174164
22568,0,-2416,0,2048,-464,177075,-3810,-37,180421
22573,0,-2416,0,5120,-1160,176964,-1446,-37,177250
22578,0,-2416,0,7168,-1624,176843,2375,-37,172148
22583,0,-2416,0,9216,-2088,176718,1181,-37,173449
22588,0,-2416,0,11264,-2552,176573,2076,-37,171945
22593,0,-2416,0,5120,-1160,176445,-2238,-37,177523
22598,0,-2416,0,6144,-1392,176338,-1045,-37,175991
22603,0,-2416,0,11264,-2552,176210,2501,-37,171157
22608,0,-2416,0,8192,-1856,176125,1296,-37,172973
22613,0,-2416,0,-2048,464,176052,-5784,-37,182300
22618,0,-2416,0,10240,-2320,175953,3247,-37,176385
22623,0,-2416,0,6144,-1392,175862,355,-37,174115
22628,0,-2416,0,8192,-1856,175737,975,-37,172906
22633,0,-2416,0,3072,-696,175700,-2777,-37,177781
22638,0,-2416,0,3072,-696,175700,-2777,-37,177781
22643,0,-2416,0,3072,-696,175700,-2777,-37,177781
22648,0,-2416,0,3072,-696,175700,-2777,-37,177781
22653,0,-2416,0,3072,-696,175700,-2777,-37,177781
22658,0,-2416,0,3072,-696,175700,-2777,-37,177781
22663,0,-2416,0,3072,-696,175700,-2777,-37,177781
22668,0,-2416,0,3072,-696,175700,-2777,-37,177781
22673,0,-2416,0,3072,-696,175700,-2777,-37,177781
22678,0,-2416,0,3072,-696,175700,-2777,-37,177781
22683,0,-2416,0,3072,-696,175700,-2777,-37,177781
22688,0,-2416,0,3072,-696,175700,-2777,-37,177781
22693,0,-2416,0,3072,-696,175700,-2777,-37,177781
22698,0,-2416,0,3072,-696,175700,-2777,-37,177781
22703,0,-2416,0,3072,-696,175700,-2777,-37,177781
22708,0,-2416,0,3072,-696,175700,-2777,-37,177781
22713,0,-2416,0,3072,-696,175700,-2777,-37,177781
22718,0,-2416,0,3072,-696,175700,-2777,-37,177781
22723,0,-2416,0,3072,-696,175700,-2777,-37,177781
22728,0,-2416,0,3072,-696,175700,-2777,-37,177781
22733,0,-2416,0,3072,-696,175700,-2777,-37,177781
22738,0,-2416,0,3072,-696,175700,-2777,-37,177781
22743,0,-2416,0,3072,-696,175700,-2777,-37,177781
22748,0,-2416,0,3072,-696,175700,-2777,-37,177781
22753,0,-2416,0,3072,-696,175700,-2777,-37,177781
22758,0,-2416,0,3072,-696,175700,-2777,-37,177781
22764,0,-2416,0,3072,-696,175700,-2777,-37,177781
22769,0,-2416,0,3072,-696,175700,-2777,-37,177781
22774,0,-2416,0,3072,-696,175700,-2777,-37,177781
22779,0,-2416,0,3072,-696,175700,-2777,-37,177781
22784,0,-2416,0,3072,-696,175700,-2777,-37,177781
22789,0,-2416,0,3072,-696,175700,-2777,-37,177781
22794,0,-2416,0,3072,-696,175700,-2777,-37,177781
22799,0,-2416,0,3072,-696,175700,-2777,-37,177781
22804,0,-2416,0,3072,-696,175700,-2777,-37,177781
22809,0,-2416,0,3072,-696,175700,-2777,-37,177781
22814,0,-2416,0,3072,-696,175700,-2777,-37,177781
22819,0,-2416,0,3072,-696,175700,-2777,-37,177781
22824,0,-2416,0,3072,-696,175700,-2777,-37,177781
22829,0,-2416,0,3072,-696,175700,-2777,-37,177781
22834,0,-2416,0,3072,-696,175700,-2777,-37,177781
22839,0,-2416,0,3072,-696,175700,-2777,-37,177781
22844,0,-2416,0,3072,-696,175700,-2777,-37,177781
22849,0,-2416,0,3072,-696,175700,-2777,-37,177781
22854,0,-2416,0,3072,-696,175700,-2777,-37,177781
22859,0,-2416,0,3072,-696,175700,-2777,-37,177781
22864,0,-2416,0,3072,-696,175700,-2777,-37,177781
22869,0,-2416,0,3072,-696,175700,-2777,-37,177781
22874,0,-2416,0,3072,-696,175700,-2777,-37,177781
22879,0,-2416,0,3072,-696,175700,-2777,-37,177781
22884,0,-2416,0,3072,-696,175700,-2777,-37,177781
22889,0,-2416,0,3072,-696,175700,-2777,-37,177781
22894,0,-2416,0,3072,-696,175700,-2777,-37,177781
22899,0,-2416,0,3072,-696,175700,-2777,-37,177781
22904,0,-2416,0,3072,-696,175700,-2777,-37,177781
22909,0,-2416,0,3072,-696,175700,-2777,-37,177781
22914,0,-2416,0,3072,-696,175700,-2777,-37,177781
22919,0,-2416,0,3072,-696,175700,-2777,-37,177781
22924,0,-2416,0,3072,-696,175700,-2777,-37,177781
22929,0,-2416,0,3072,-696,175700,-2777,-37,177781
22934,0,-2416,0,3072,-696,175700,-2777,-37,177781
22939,0,-2416,0,3072,-696,175700,-2777,-37,177781
22944,0,-2416,0,3072,-696,175700,-2777,-37,177781
22949,0,-2416,0,3072,-696,175700,-2777,-37,177781
22954,0,-2416,0,3072,-696,175700,-2777,-37,177781
22959,0,-2416,0,3072,-696,175700,-2777,-37,177781
22964,0,-24