R
StartTickMs,measCycleMs,Px,Ix,Dx,Py,Iy,Dy,Pz,Iz,FFrx,FFry,FFdrx,FFdry,satI,satPID,KFQAng,KFQbias,KFRmeas,CPx,CIx,CPy,CIy,CsatI,CsatPID,CFFdrx,CFFdry,IRelaxX,IRelaxY,DmaxR,DmaxE,DMx,DMy
235974,10,58,70,47,58,70,47,250,0,0,0,100,100,500000,15000000,500,1,50000,1,0,1,0,100000,10000000,0,0,4096,1024,0,0,0,0
GPT1X,aPT1R,aKFPT11R
-4,0,1173
-4,0,-351
6,0,356
-3,0,-272
0,0,128
2,0,-35
-5,0,-230
6,0,323
0,0,-363
-3,0,435
2,0,-364
-2,0,407
-5,0,-328
9,0,276
-8,0,-200
3,0,-25
0,0,121
6,0,-353
-8,0,440
3,0,-375
-8,0,422
2,0,-348
7,0,342
-6,0,-253
5,0,108
1,0,-35
-3,0,-318
2,0,411
-3,0,-363
3,0,435
0,0,-365
2,0,410
-2,0,-327
1,0,273
-5,0,-183
3,0,-44
2,0,118
-2,0,-338
3,0,427
-5,0,-360
-2,0,410
6,0,-348
1,0,324
-8,0,-241
5,0,112
1,0,-17
-1,0,-235
-2,0,329
1,0,-370
-2,0,432
-1,0,-363
4,0,391
0,0,-325
-1,0,244
1,0,-153
-1,0,-44
1,0,136
1,0,-353
-6,0,417
3,0,-351
0,0,425
-2,0,-366
0,0,359
6,0,-275
-1,0,129
-4,0,-38
8,0,-231
-4,0,323
0,0,-365
-3,0,425
0,0,-355
1,0,383
-3,0,-320
1,0,291
6,0,-203
-7,0,-26
0,0,118
1,0,-348
0,0,434
0,0,-373
-1,0,425
-1,0,-353
0,0,341
1,0,-254
4,0,173
0,0,-99
-1,0,-215
8,0,307
-6,0,-362
1,0,438
-8,0,-371
7,0,385
-11,-179,-389
9,-179,301
0,358,-186
4,0,56
-19,0,50
27,0,-414
-7,0,405
-4,179,-257
2,-179,443
25,-626,-897
-34,89,794
5,448,-226
-17,0,102
7,89,47
21,0,-128
-4,0,70
4,0,-293
-13,0,458
3,0,-342
-1,0,431
16,0,-353
0,0,285
9,447,-207
-12,895,69
-6,-89,296
-9,-1074,-283
-3,-626,147
35,268,-645
-10,179,583
-48,-4743,-1230
59,4743,-221
28,5191,4792
-52,-14182,-2128
91,17834,1029
-49,-15466,-960
104,16908,1610
-69,-16371,-5283
42,7160,3850
35,0,-1764
2,-2595,342
-16,-1522,-254
56,10777,1452
-35,-14804,-5209
-10,4385,3774
35,4296,-73
-24,-3490,-24
23,4385,431
-12,-5280,-2309
-39,2774,2283
31,4027,-1603
-55,-7338,21
13,9844,1450
-47,-7159,-1120
-63,-895,771
51,9847,-1878
-57,-8594,-591
-19,-90,2667
-3,8499,-491
-91,-9841,-3205
-57,1700,3469
-4,7339,-1469
-74,-9487,-1151
6,2237,2989
23,7339,105
-50,-14588,-2063
32,7697,3124
33,8306,-334
-51,-13497,-2937
-2,4654,2691
-13,8289,2003
-73,-3098,-3122
-82,-5638,608
23,894,1123
-21,5549,912
-76,-3580,-1784
-22,-4116,-810
8,-2685,490
65,4385,85
24,447,-685
10,-358,-178
-27,-178,128
-47,178,519
-25,0,298
18,-89,-164
64,-89,-109
68,178,160
-2,2148,388
-74,-1074,-20
-49,-1163,2
27,0,237
40,268,584
5,3222,286
-53,90,788
-31,-2148,-456
36,-1074,-468
53,1700,202
26,3670,-90
-80,-1074,1051
-16,-3401,-1679
29,984,243
-13,179,88
-34,537,368
38,-447,-572
84,2237,538
-26,-1700,-39
-25,-1343,283
60,1164,-22
44,4117,213
-55,-1074,1083
29,-3849,-1026
27,3043,1663
-40,-716,-224
30,-984,477
30,4407,1059
-21,370,798
14,0,-804
48,591,371
-52,-1162,386
19,-1790,-591
29,1991,1268
-57,-1275,-62
-9,627,68
14,1683,299
-78,-4100,-152
73,1074,-656
-16,-895,832
-40,-268,203
61,3117,487
-59,259,-138
-4,-2034,-1337
20,985,463
-80,-1432,138
15,895,428
7,3139,-35
-17,-444,493
52,1553,56
38,-1109,875
-5,-1738,16
65,481,346
21,2440,504
-64,-961,-65
16,-1553,-18
12,850,9
-55,-296,917
18,592,-29
73,2497,551
-19,821,119
-19,-1950,-389
62,366,-158
42,1159,697
-50,-1046,702
-31,56,-334
45,821,-157
-48,1259,44
-54,-3650,279
14,-2661,-103
62,4062,1015
16,7510,809
-73,-302,-950
-101,-10421,-1693
-51,1701,3290
27,8814,575
-3,-5294,-3210
-14,-11082,642
43,11704,2630
47,1521,-3122
-40,-11435,71
71,14643,3439
29,-4943,-4268
-50,-6120,5524
71,14453,171
-29,-10523,-5919
11,2570,5625
91,7151,-285
-20,-16246,-3269
39,11149,5581
93,5322,-823
4,-12941,-3542
31,3844,2482
56,9289,855
-19,-17916,1146
27,12820,1849
60,5857,-2785
-30,-16619,-319
43,13343,3460
11,-5172,-3304
-24,-2394,2065
54,11860,1684
-31,-17547,-6137
-16,10651,3387
54,5788,674
-42,-13915,659
24,10145,688
-9,-4707,-4089
-34,-2134,3680
56,12271,-759
-41,-17204,-912
49,13878,3712
4,-5598,-2362
-16,2683,2533
61,4310,-1556
-98,-11611,579
67,17726,1022
-39,-13869,-3287
-6,9374,6236
52,-1755,-3276
-74,-10799,-1248
78,18845,3578
-43,-15118,-4670
-9,9532,6292
0,-1903,-3630
-30,-4543,516
29,4422,-672
-74,-9396,4212
79,17945,-1256
-64,-16723,-3545
30,14686,3673
-26,-12957,-4090
30,11325,5176
29,-3235,-3974
-26,-3910,999
80,7218,-175
-22,-16902,-884
29,7357,2149
60,5570,-4059
-4,-9950,234
75,13459,2904
1,-4141,-3479
-57,-6666,880
34,13908,2297
-56,-8514,-3344
-54,-9064,946
52,12687,1404
49,-9037,-1495
-1,-930,166
45,14541,322
-41,-8068,-944
-25,-3701,2020
31,9806,612
-2,-6442,-2936
-16,-8008,3100
121,12372,70
41,320,-1747
-13,-8293,678
20,10086,934
-32,-463,57
-54,-12055,105
39,8905,1974
95,2205,-2450
-12,-10589,-215
57,9884,2740
52,3554,-1464
-48,-8303,-563
-9,481,2561
54,6249,683
53,-429,-864
23,-6205,-1043
26,4884,2638
-1,3595,-369
37,-4426,-3263
58,-5742,1611
51,7201,2008
-29,4217,-1371
7,-7629,-2352
35,-2769,1218
-31,9844,2405
-15,-1691,-1961
25,-6467,-1590
33,-1258,2150
-17,4199,504
23,3920,-1393
62,-7750,-677
2,-797,612
-3,2971,1839
44,3498,-1937
67,-4663,-1108
18,-704,1944
39,5053,397
31,2222,89
56,-7949,-1733
-18,1664,2454
-34,9877,1887
26,-4157,-1620
41,-6421,-2381
-15,2175,3873
26,6322,5
39,98,-1464
40,-8134,-1445
13,2140,1568
-7,6617,258
43,-5564,-2276
43,-4264,1551
7,7982,1598
-22,238,-1580
27,-11124,-3299
54,4697,3944
2,6920,373
-6,-5828,-2169
7,-7204,-2328
51,5465,1928
-14,5708,561
-44,-2509,-2468
39,-5610,-397
46,173,1216
-36,3282,676
-9,57,-2510
23,-4100,-15
4,-1579,-657
-24,2703,2025
36,2281,-1285
-45,421,-257
-96,-4142,-1486
3,-1055,263
-76,-38,-81
-93,245,-1191
-112,4253,366
-246,-1913,-1446
-124,-1492,-69
-193,-4504,-1748
-78,547,673
-74,2351,-419
-108,-711,-934
-21,-523,-1400
-114,-2963,-643
-6,-2037,-963
-12,-37,-974
-43,-1664,-197
1,1442,-669
-84,-370,-130
-49,-406,-1337
-75,-185,-374
-72,-1923,-1236
38,-1380,-885
-46,537,-597
7,-3043,-1487
60,90,-1493
-53,-2059,-1295
-14,-1432,-717
70,-179,-662
-36,-179,136
-6,-89,-557
100,0,213
-9,0,-383
-3,0,251
73,-358,-401
-5,-89,25
-35,-1432,-419
73,984,-88
-29,627,-162
8,-537,-671
47,626,-358
-74,-1611,-989
32,-1074,-464
39,-1253,-1637
-57,-537,784
29,1432,-1098
18,269,-351
-62,-1701,-696
-18,-1342,-1875
-28,447,512
-35,-2333,-878
38,185,-46
15,3491,306
5,-1880,-188
16,-1722,-1053
55,-148,-548
-2,-887,-346
-53,-1849,-223
47,-977,-269
51,2530,-897
-22,-37,904
14,-2946,-880
54,142,-346
6,509,-599
-31,-2124,-305
-7,-2199,-732
49,1153,454
-33,1614,-62
-87,-2453,-325
16,-251,-153
24,3044,-337
-65,-718,357
-36,-1355,-582
25,142,32
-5,1421,18
-79,255,622
-8,-915,59
64,802,375
49,2511,53
-35,-1521,628
14,-1292,-706
52,-619,-305
38,1458,-334
-34,29,-138
-43,-1510,88
-3,-666,-1649
26,499,180
-66,285,-39
-39,-1934,258
2,-731,-537
47,2095,80
8,-1615,-672
-72,-1181,556
-41,-2132,-806
48,1472,-299
41,2489,-411
-32,-2489,-842
-54,-2658,587
-18,-787,-716
14,770,-274
46,-48,-1575
-31,257,667
-63,1882,167
-39,-1786,-1087
5,-3040,-567
63,71,626
84,2632,-720
50,1166,-772
-1,398,1196
-33,503,288
-43,-1178,-590
-74,-4343,-476
-44,1826,533
20,-2019,-2449
41,-1461,-213
30,1488,-576
47,1510,346
-28,-1914,-521
-6,3896,127
-61,-1395,-517
-76,-982,-658
-38,-170,-477
-50,-4058,-1815
-20,-3790,258
16,1002,-302
39,394,-559
-5,-2159,-498
23,3350,317
-2,1535,-788
-27,-560,-905
-51,2251,714
-57,-2072,-1186
-73,-427,562
-49,-636,-433
-4,-2181,-658
-24,647,649
3,1746,158
-38,-3315,-1017
-34,-523,-931
-37,-231,-209
-38,-3907,-782
-38,-1106,-1043
-48,221,-888
-46,-1669,-383
-22,433,983
-15,2916,-215
-20,493,-682
-75,-1445,285
-34,781,-375
-30,-2454,50
-33,25,-113
2,1939,802
12,-926,-808
-18,-255,235
-3,2545,313
-3,-612,-1289
-70,-404,359
-36,1899,70
-33,-2703,-229
-53,-470,-3
9,2909,889
-8,-2709,-909
11,-191,974
22,1247,-261
-6,-961,-96
-11,-371,-321
-18,1421,318
-60,-401,208
-13,446,588
9,2574,1849
-33,2559,482
-7,313,341
-7,-715,648
-13,2600,1121
-3,589,553
-9,260,440
-4,810,1035
-17,2199,482
14,-404,-92
-43,-1023,251
-27,1880,385
9,1741,720
-27,-792,-576
-56,-1537,458
17,715,656
-22,766,770
-27,-170,-162
62,-43,1470
47,3198,-250
28,-2198,563
29,-830,825
23,2327,786
44,-273,148
29,-465,526
52,1370,740
36,2701,671
58,1157,923
44,1342,940
80,2485,1178
111,1272,503
60,-735,894
98,-537,982
74,-793,1510
54,566,554
131,-3266,349
162,2244,1242
188,71,-263
76,1064,-532
49,1302,1522
8,905,628
12,-2348,-418
105,-685,558
75,3957,1458
43,4281,276
-32,-3948,-564
2,-2276,1168
109,1241,-115
66,2835,714
33,-268,-226
-43,-1125,1935
32,-444,-490
81,3180,828
-5,3401,426
-51,-895,240
-27,-2864,231
52,2058,864
33,3670,119
-50,-537,-83
6,-1343,621
37,90,-1252
29,1521,1638
-47,627,94
-23,-716,728
16,-448,-583
41,1343,563
-68,-179,419
-71,-716,466
42,-90,-110
22,1074,33
-41,537,597
-54,-537,-523
20,0,461
14,626,-253
-86,-626,592
11,447,123
64,2327,370
2,179,220
14,-1700,-165
52,537,-207
21,2148,629
-42,-716,325
37,-1432,-794
-36,-537,960
-50,-448,-245
58,2148,1266
-39,358,-426
-48,-2237,924
32,1790,172
-32,-90,858
18,1343,-703
34,-179,1433
-78,-2238,239
32,1880,1003
28,4931,488
-54,148,-73
5,-3289,-296
41,1969,-134
-55,1098,1813
-8,-592,-614
46,998,295
-16,1368,-535
-95,-2292,677
-11,-1654,-1299
47,2061,1383
-26,-1077,144
-30,-4206,260
48,2058,-332
38,6964,270
-51,1019,36
-53,-4462,-1329
-27,-7548,72
2,1163,580
23,11430,1496
-8,-2705,-3147
-74,-8277,1232
3,11838,2912
-17,2149,-3430
-83,-12555,542
-46,-2775,1607
20,9676,1058
-3,-3858,-3847
21,-6713,1741
58,9173,1986
18,7115,-271
-63,-3306,-1797
-55,-6448,1682
-37,2380,1855
-2,3213,-460
8,-1301,-1205
-14,-2023,522
-61,-74,1728
21,2012,1149
41,4167,132
34,1693,-1402
-17,-2383,1420
2,-3618,521
57,1075,1028
71,5841,445
-55,547,462
-29,-3345,-772
86,-1023,791
103,1631,-35
-4,1776,1244
-2,-2152,-324
51,1526,-385
-3,1756,856
-51,-1489,-384
46,-1522,599
57,1297,-229
-33,1262,1291
-32,-94,-949
23,848,-76
-44,-1150,-447
-22,-3404,457
99,1764,-307
62,3171,770
-28,-739,-211
34,-716,-735
0,395,1009
-79,-2048,-779
21,-439,988
-21,1734,-142
-23,18,1037
35,1760,-533
-40,1559,575
-36,-2095,-798
86,1227,-224
-55,-1791,281
4,-1158,-564
-4,1497,965
-55,-113,249
8,1687,570
-16,2599,704
-44,-1484,-53
74,1183,285
-37,-830,442
-24,-898,-74
42,144,716
-28,482,310
-16,-385,430
64,2239,-165
-28,-662,321
8,-271,486
47,2920,95
-51,596,376
-6,-3486,-1614
54,-935,506
-35,-1027,-67
-3,3035,1223
38,3655,303
-46,74,-678
-43,-5497,-1307
59,-2334,1625
20,3255,841
-18,4085,589
12,1484,-1043
20,-4850,-2153
-46,-2811,2550
-38,5570,1504
28,2820,-503
5,-1869,-1396
-46,-4549,1203
26,2272,1546
80,4497,-397
64,2820,-12
10,-7048,-356
-20,-1390,1267
20,2981,433
67,5047,-589
-6,-5658,-2218
-60,-3476,2335
41,2416,610
101,5733,-395
45,-704,-1662
-9,-4935,1165
-13,-54,1727
90,4738,-251
43,4171,388
-33,-6204,-1213
-13,-3516,541
78,1446,248
113,6525,1007
21,2240,-599
-10,-6886,-189
76,-5497,21
119,7285,2075
28,7123,-1916
-41,-8685,-1067
20,-8618,-1157
114,10271,2498
21,7171,1121
-28,-6728,-2657
54,-9487,-281
126,7238,2168
63,7390,1143
-24,-6542,-3746
25,-9668,113
99,5351,1259
76,10197,1548
-21,-2514,-2050
-38,-10696,-154
84,5390,1382
75,7942,-61
-60,-12495,-2781
-69,-60,2849
62,10699,-712
27,-8591,-4338
6,-142,3443
29,9994,674
-38,-10575,-2650
-34,-7012,-1644
110,12537,3624
-15,-1867,-3382
-82,-9327,222
15,1783,1077
122,8489,-394
3,-6316,-2794
-69,-4144,2791
-43,4240,348
30,3175,-3169
-2,-6435,-523
-28,2506,2076
-13,4996,647
62,-1874,-2892
10,-7930,422
-49,4279,405
-31,4606,1177
19,-296,-2471
-39,-4691,451
-75,-4763,-512
17,6251,-227
41,2261,-84
-56,-3064,-1734
-16,-6399,662
49,547,-1040
7,3759,963
-80,561,-1317
-22,-2717,-632
14,-334,-1337
-58,-1602,1007
-62,-642,-884
-15,2349,44
-109,1725,-468
-126,-3194,-649
-18,-1393,-1163
-76,-849,269
-106,-1188,44
-40,4355,-844
-103,334,-408
-125,-4745,-1684
-13,-1845,517
7,2156,-411
-63,2152,996
-80,-1700,-1433
-10,-1499,-427
-40,764,-424
-90,-2465,-495
10,-1446,-437
43,2593,-53
-74,1375,121
-79,-2743,-1187
9,295,-560
-14,-776,-1782
-67,-1460,714
-54,-4206,-1398
35,716,197
30,5172,-337
-67,-296,475
-69,-4966,-2222
12,-2864,27
73,269,-852
24,984,-203
-30,2148,602
-31,-1700,-280
-2,-179,-1199
51,1163,-578
21,-1074,389
-45,-1521,-1007
-20,-537,560
57,-179,-577
43,537,142
-10,626,-369
-90,-537,122
-39,-447,-391
23,-1969,-365
65,-537,-1040
40,1790,-374
-32,179,136
-33,-3222,-1068
-35,-3580,-732
51,1164,-1129
23,3311,-42
15,627,-369
-13,-1253,-466
-54,-5180,-805
14,-1036,-447
33,-406,-1393
65,2255,-482
-13,2487,-30
-55,-3078,-802
-35,-3174,-347
36,-1377,-840
58,1603,222
2,2874,-418
-10,-333,-56
-41,-3757,-1292
23,-3242,-518
14,1143,-1138
40,2325,408
-45,962,-34
-97,-2907,-755
-18,-3745,-1118
37,-564,69
62,3518,-504
-1,2123,-707
-7,-2123,-46
-13,-3143,-1388
35,-2199,-331
28,2425,-337
5,2373,-224
-50,-2888,-665
-68,-4703,-404
31,-113,-300
32,2012,-425
61,-436,-1091
-7,105,241
-3,-1185,290
-15,1501,354
26,-1813,-556
12,941,-776
-53,2394,1764
-59,1680,827
-43,-2999,-768
53,-1520,-486
59,791,612
16,3362,-73
-48,-1478,5
-25,-5079,-1630
29,504,-514
24,2059,-147
-22,1602,-846
-75,-3095,-25
-19,-2756,-725
51,2446,354
43,81,-952
16,-108,424
-41,-525,-59
-11,-2139,-342
21,-675,-913
50,447,671
-12,1517,27
-25,2536,-157
-52,-4477,-313
0,-2722,-32
51,3545,-174
-4,1941,-782
-32,-1965,264
-57,37,328
49,-942,-142
27,1567,-542
-21,493,734
-43,244,129
-78,-1522,384
-3,-275,-1092
-23,1322,403
-54,1997,669
-64,-364,-581
-16,-2508,-77
-10,-74,-144
-4,1885,166
-44,2101,67
-104,-1915,-793
-58,-4154,-1916
-5,-1497,-44
-3,2924,-431
-58,2580,451
-130,-3315,-575
-101,-3002,26
6,1454,-170
-8,1718,63
-84,-1707,-569
-128,-1373,421
-82,-1072,-629
-41,30,-1306
-49,427,-603
-118,-278,-216
-152,109,-641
-62,-1361,-1228
-82,1093,-86
-134,-218,100
-166,-1659,73
-38,707,-406
-17,-219,-1310
-25,190,39
-47,1566,-154
-117,-1633,-173
-89,-4015,-681
-70,-2323,-1439
-37,2498,-165
-102,1392,-56
-147,274,38
-191,-2593,-462
-127,-1360,199
-50,1638,-67
17,734,-131
-35,-2177,-76
62,3892,1150
41,1326,461
65,897,793
32,492,1045
29,2301,1036
9,-127,227
-10,-378,1056
-7,3033,1854
-24,1336,-19
-47,-1112,571
-68,707,445
-30,2659,1404
8,81,-998
-8,-149,1896
-14,2025,882
48,-261,1076
75,1915,878
82,-4329,626
153,3051,1158
250,-1700,510
284,56,1166
255,5047,491
201,1388,788
174,4209,1953
181,48,1173
166,-4577,-490
239,-19,1110
304,4691,1347
263,3025,1268
220,74,1054
109,-2929,1277
105,-1953,-177
148,2179,1319
101,1301,854
-5,-226,240
120,1406,248
5,-111,1479
-20,1146,697
32,5192,2576
-45,2148,575
6,1879,1639
-93,-89,825
1,268,955
-103,-1432,67
108,-716,341
26,2148,264
33,2327,1129
-73,-1701,678
-3,-537,252
82,1432,304
-53,2238,497
-62,4493,2589
12,-5836,-1326
28,537,1017
66,6260,1807
-17,-1479,1081
-21,-2006,-117
76,3374,663
-71,2143,980
-59,-1810,1368
-6,-850,-514
80,2632,958
-9,2759,793
-23,-1883,640
38,-1401,-249
78,4377,249
-86,683,1062
37,-4168,-654
81,-226,586
29,5000,420
-60,-1503,759
55,-1331,-7
27,499,197
33,2419,169
-1,2505,1567
-116,-3878,-405
-30,-1498,7
72,1760,-305
32,442,-67
-30,2624,1407
-9,-547,-37
1,-2412,487
69,523,-598
93,1569,1077
19,2679,28
40,742,905
4,-1313,-148
45,-1392,868
118,-377,-880
94,-1114,491
144,2382,-144
91,-684,710
88,2177,322
6,288,-54
62,1294,806
-15,-844,-264
63,769,807
3,-481,-248
42,616,818
52,-270,-433
-28,-538,766
83,1570,-143
-31,-1108,652
30,91,-628
36,872,831
-35,-1409,-638
56,191,128
-19,1143,264
-15,-211,-225
77,1366,323
-32,-638,-729
-18,-547,556
71,75,-883
-44,-933,1072
27,-1152,-1181
45,1092,906
-54,15,-563
27,-60,-30
30,632,-1161
-75,-1695,593
13,-2663,-1405
-3,1215,226
-33,-649,-240
27,631,-943
-23,1241,118
-124,-2287,-2113
2,-1992,91
-15,-167,-1181
-49,-1897,987
68,642,-1627
15,1359,665
-56,-1740,-1246
42,-1367,210
27,1367,-449
-39,-713,241
27,-333,-392
74,1855,449
-29,-262,148
19,-594,-614
68,1014,305
-50,-1157,-480
5,-1064,567
37,1326,-703
-60,-1411,745
-17,-283,-775
43,1646,938
-44,-238,-573
39,-1238,183
41,1381,-506
-41,-262,319
33,-1431,-761
41,1740,13
-52,-1853,89
15,679,-678
8,461,613
-71,-1507,-1008
11,56,619
-4,1142,-627
-67,-2273,336
26,0,-1353
-19,622,772
-65,-1580,-1155
27,0,552
-82,731,-982
-99,-2320,-309
-48,1552,-549
-143,-1368,-253
-115,-739,-832
-54,1442,-529
-178,-1368,196
-98,333,-835
-100,37,217
-99,-1941,-1184
-21,627,-58
-98,89,-877
-89,-2864,-747
-28,-626,-1638
-139,-895,265
-117,-985,-1369
-56,1432,80
-136,-1879,-870
-34,-448,-704
16,448,-469
-66,-627,-397
20,-716,-283
66,90,-473
-34,0,390
-48,-447,-505
12,0,320
-22,268,-413
-86,-358,64
13,-895,-1081
-42,-89,-140
-77,-2685,-1249
-10,-1253,-1053
-4,1879,-716
-50,-2685,-1091
-44,-1981,-1377
-22,1892,-1304
-141,-1670,-195
-126,-1553,-1347
-84,-776,-703
-152,295,-338
-142,-2752,-443
-45,849,-308
-101,979,-19
-98,-1602,-910
-7,114,-630
-33,1273,-105
-151,-1641,-579
-129,-2078,-829
-90,1597,-163
-198,-1169,-570
-199,-2321,-983
-99,439,-980
-175,-481,-524
-185,-2603,-1096
-96,294,-856
-138,584,-703
-151,-2136,-1178
-42,-851,-1890
-35,674,-366
-76,-1397,-1143
-27,-1678,-931
32,680,-843
-21,2010,922
-49,-353,-306
-16,-2450,-800
66,-942,-704
59,350,176
-23,889,-111
14,-849,805
-8,-1362,-426
51,-2564,-1175
53,153,118
-22,330,505
-6,141,930
37,-412,-282
48,1639,-234
93,4388,879
-22,2343,1156
-12,329,629
-45,-2913,-19
35,-3139,-560
88,367,359
67,1719,394
12,-283,-15
23,-1503,189
67,2328,311
84,3649,1143
77,1616,46
74,-1599,972
56,-3441,85
103,1040,1506
139,-483,-334
206,2071,-429
212,311,126
164,4349,1949
169,2462,1537
160,1415,1652
103,-4065,-1034
134,-3040,657
133,-879,1212
156,3125,-105
37,1550,776
-56,333,1073
-52,285,129
48,785,368
39,2861,554
2,-842,982
42,-1330,394
177,1698,1072
223,5827,871
157,1969,1777
180,-3938,18
221,90,409
210,4117,1931
124,1969,261
54,-806,1975
139,985,699
71,805,492
24,-179,681
103,179,920
-9,0,-345
37,0,986
74,0,-527
-13,179,856
110,358,-455
85,-358,808
122,89,-208
177,1969,1484
100,-358,-284
142,1880,2118
58,1790,-38
131,-537,1069
41,984,684
84,358,658
51,-447,744
61,1700,168
-37,719,2126
31,443,-454
-21,111,1679
32,-74,-741
-26,1590,1699
-10,0,-946
40,1924,1340
17,0,-591
35,566,1414
9,84,-361
136,2028,615
4,-452,1067
106,1645,195
0,-1407,1110
100,-808,-368
12,380,1549
145,-24,-1031
-4,-570,1247
79,1906,-362
2,1255,1641
-50,2611,131
-6,104,1496
-53,-2820,-639
55,-272,1333
99,2245,-315
19,2593,1372
-21,176,-24
35,306,457
17,-2574,27
85,-1498,-160
129,2964,424
80,834,-1103
-50,966,1969
6,-752,-918
10,-3127,494
62,648,-1367
24,-208,1085
29,2297,-1064
-5,1142,1119
-65,-1880,-1199
-51,-625,949
-17,-1977,-1726
-51,-527,351
58,131,-1067
28,283,465
-37,1658,-257
-35,69,-679
-31,-1274,579
-76,-2267,-1637
11,-1127,691
26,667,-2022
-20,899,818
-44,0,-1487
-69,621,829
-104,-1771,-1368
-95,-1272,726
-108,-2299,-2251
-193,-1988,-244
-150,887,-1709
-253,-1442,-268
-310,592,-1274
-298,1131,-592
-240,339,-359
-364,-2247,-1372
-372,-850,-595
-278,-4262,-1659
-220,-1432,-1186
-175,-1521,-2307
-83,3848,431
-105,179,-351
-109,-3580,-710
33,-1521,-1753
-40,-89,172
-59,894,-720
-90,-179,66
-113,-894,-534
9,-537,-292
-41,-716,-859
-33,1521,-295
-112,0,204
-44,-179,-417
-91,-4027,-564
-110,-3133,-1794
-66,1074,-858
-106,895,-1853
-126,806,195
-190,-537,-593
-255,-3003,-1673
-275,-2329,-1465
-417,-2509,-1495
-305,-1985,-2351
-262,-1097,-1546
-68,1501,-1149
-105,-936,-897
-39,1032,-429
-159,-1910,-1311
-145,-3267,-640
-293,-2398,-1080
-257,458,-1286
-410,-1270,-889
-303,857,-1012
-261,1456,-49
-132,396,-986
-181,-3099,291
13,-3044,-1870
144,1610,477
11,3399,-748
-13,-1079,1935
-36,-2212,-604
135,1581,261
65,3726,1169
-32,-623,1012
86,-3471,-490
95,503,-44
102,4775,1302
-6,-1513,581
280,-1270,742
324,5681,459
192,-3840,1914
525,886,-138
363,5719,2800
230,-4609,-145
490,3009,960
305,2505,1244
563,-1641,540
477,4269,1401
342,-4184,680
481,1669,970
239,2958,1278
317,-4118,-28
334,6074,1008
72,-3620,650
156,962,298
83,4180,396
-7,-2685,1401
0,-2161,-728
123,6904,1766
-76,537,1532
0,-2685,580
46,-179,-1323
118,5102,2509
-34,89,563
-18,-2058,858
110,89,-499
24,1701,1094
21,715,-111
-63,-358,498
24,-178,219
20,0,115
53,-90,162
81,984,-386
-19,448,686
-30,1163,-17
-26,-1342,840
46,895,331
56,-1611,160
175,268,-320
158,1880,1622
89,4743,1099
62,448,936
32,-3043,10
-13,-1701,573
54,-1790,-556
130,3222,537
141,90,-242
141,3740,1221
133,1109,176
61,333,259
123,-222,1432
-2,-1479,-760
62,-3123,749
2,358,-1032
54,716,952
-39,-1432,-1943
53,4812,2651
-38,1553,-785
37,178,824
-33,114,471
15,424,1395
-17,-753,-705
-5,753,1000
-20,-938,-618
20,1617,177
-51,-1217,240
17,-28,-2
-36,198,260
9,-1642,-533
-10,-703,214
46,-295,-1048
-13,-444,825
29,1146,-933
-48,-739,982
1,1405,-1062
-8,-518,916
-41,2158,-448
-55,1697,914
-129,-848,-595
-208,481,1168
-285,-2490,-1220
-304,509,-176
-260,-324,-451
-245,-998,-519
-151,-1220,-76
-118,-666,12
-56,-716,-401
-37,1086,-985
-94,-1623,265
-10,2141,-814
-50,1368,599
-70,-222,-380
-59,591,356
-53,-813,-884
-38,259,211
-108,-925,-579
-19,-1325,305
-86,-1164,-786
-44,1164,117
-84,-1611,-677
-79,-1432,-1065
-15,537,-410
-65,-1969,-892
44,-358,-844
39,1879,-943
-55,-3043,-452
61,-984,-1841
66,-90,45
-36,-358,-583
-19,-357,228
18,-627,-946
-88,448,475
-110,-2238,-1156
-16,627,-461
-50,-179,-2425
-116,-3759,-769
-69,-4326,-1821
-15,1922,-410
-117,882,540
-125,627,-2267
-77,-1213,-988
-130,-3113,-1043
-207,-2402,-756
-87,-1474,-564
-28,3311,69
-96,2606,547
-173,-1814,-1005
-135,-3342,-1740
-97,1418,-284
-219,-1299,-638
-226,-2480,-703
-159,-2202,-1552
-102,781,-537
-154,509,-751
-153,-264,-815
-82,-1942,-975
-45,1226,-577
-149,283,-193
-162,-3274,-491
-95,-1770,-557
2,1770,356
12,1903,-131
-60,398,472
-16,-3614,-803
45,-442,-208
80,3191,52
38,2855,1549
-35,-150,-698
19,-2970,358
43,-658,-429
1,2421,500
-68,-460,-127
-92,-1089,-227
-20,726,-961
-61,467,280
-100,-519,83
-25,-936,31
16,383,-788
40,-865,-622
-34,1107,374
-66,-1652,274
-7,465,438
9,858,-917
-38,1666,1143
-132,-732,99
-28,34,1092
111,2392,-230
162,815,1052
258,-1529,872
392,1550,1528
526,1129,-22
487,5323,2657
415,1220,1399
424,-5378,941
462,-404,108
387,2402,452
242,651,911
126,0,444
99,-991,574
88,679,-26
67,2191,-514
-37,1035,1446
-51,-2477,147
-38,-1003,605
34,2075,-453
87,1902,1703
8,3043,700
18,-4021,691
51,-1072,696
79,2766,1951
7,6175,1427
-81,716,421
-22,-1879,-220
26,-3043,36
28,2058,1535
2,2506,1009
-22,1253,439
20,447,142
55,179,482
-1,-1432,-108
101,-89,1427
129,1969,556
79,8021,2411
-9,-777,220
9,-7602,-672
120,-806,-465
193,2506,1987
136,5717,936
95,1220,1162
51,74,776
56,-295,531
79,-6805,-2474
101,-2596,767
112,3401,1402
119,11304,1909
38,3633,836
5,-5179,264
27,-8147,306
98,2873,2519
159,9169,1102
447,-4964,-2937
598,-2283,2443
843,1180,1040
777,4411,3578
534,2467,-772
324,-3588,2549
161,48,-1088
67,3710,2760
86,1616,-2331
29,1379,1597
47,-3297,-707
-19,1815,3282
38,6424,239
25,-992,156
11,-3243,-1853
29,-3278,3167
-89,-156,-163
-46,10199,-183
-49,-2198,-261
-155,-6573,-1773
-267,4147,3485
-352,3613,-3594
-601,-9119,1195
-738,5802,-2960
-814,-6629,1288
-644,1571,-4544
-591,856,3081
-483,-3163,-4590
-326,3114,2371
-322,97,-2688
-261,-9062,-1461
-95,8469,1010
-155,1331,-992
-208,-11616,-3189
-76,-1109,269
-13,6078,-166
-95,1496,-2023
-98,-4932,-1011
-22,-2864,-1975
-65,-74,550
-62,-370,-885
29,1146,-164
-70,-1621,-1834
14,-895,-843
-87,-2775,-1966
-53,269,-792
-65,-358,-1032
-62,895,-530
-87,-1969,-522
-102,-1074,-676
-69,-627,-469
-111,-984,-134
-40,0,-351
-114,-895,-760
-8,-537,-231
-57,-1700,-1012
-36,-2775,-1498
-13,2148,-246
-79,716,-1503
-12,-1879,-2011
-62,447,493
-70,-4036,-558
64,111,-352
25,-2292,-913
13,-1090,-1591
99,-2051,-1692
61,2022,518
-45,-2022,-1148
21,404,37
-12,2326,164
-33,1520,50
-23,-1662,-460
73,-56,-141
23,-2722,-376
27,-2252,-602
90,-2423,-453
227,3724,512
148,2909,-680
91,2963,214
36,-2341,1455
148,-5668,-1115
230,-98,-278
119,2068,-182
42,2963,1235
48,311,131
23,-2751,134
-12,-3062,-1241
126,653,466
-13,1934,-711
16,-190,538
24,2878,-354
-81,198,963
-22,-198,-677
-66,-1404,179
-72,-1451,-566
-16,1047,-361
-81,-1706,-11
25,-1192,76
-52,-814,247
22,2257,325
31,3037,245
-15,368,-403
-23,1131,1472
-78,-141,578
4,-594,857
-39,-1386,-751
59,-1365,-631
16,2072,-997
16,1780,1706
-34,-422,1111
83,-2930,-313
41,-428,-1267
74,2679,357
-104,452,289
-6,-2252,167
-66,-2022,-321
101,1856,-85
-48,1344,-986
6,1760,778
-99,148,209
2,148,-197
-96,-4018,-555
78,-2451,-1422
-29,-835,130
105,2834,195
6,4507,1175
14,37,231
-12,-2244,334
-59,-3379,-423
84,1792,741
14,1531,-93
60,3335,1009
38,702,1223
46,1641,1582
84,2506,1710
-31,-805,-35
57,358,-430
-42,-2327,-152
-21,-1557,-464
-18,1199,149
-74,-423,785
15,1855,-410
17,1611,882
-61,-3429,-559
38,386,-58
53,1879,818
-67,2059,1258
-82,-3759,-547
20,-179,137
35,3132,-244
-6,2148,1758
-48,0,156
-14,-3669,-502
36,-627,-846
48,3849,591
-1,1790,618
8,-269,442
-1,-2774,90
68,-5075,-919
49,4627,931
29,2954,-1523
21,-4565,-615
15,-7196,582
4,-1241,-1536
34,7990,1329
-3,-1201,-2808
-81,-5980,-3431
9,-785,2954
35,6173,1315
13,7610,379
-2,-984,-2188
-10,-7476,853
-6,-222,1115
18,7966,981
-10,1074,-154
-37,-7783,-2098
-5,-6405,-321
28,-428,1006
56,6426,1
43,3089,-1037
-22,-6436,-1821
-13,-29,1875
9,2563,103
-10,1479,-442
-27,-1627,43
-15,-2698,-841
19,-1174,-644
40,4131,-444
31,813,826
-45,-1220,310
-6,-1673,1298
-38,1562,-1102
2,-1166,-785
44,-2495,-631
-8,4142,1578
-10,702,-475
-44,-4612,-193
7,-684,-809
45,4742,625
-31,1532,-194
-77,-3808,520
-67,-650,-615
40,311,-307
-24,-820,-322
-53,2917,929
-95,-1248,168
-31,-2904,348
-4,2394,-906
-9,3311,-788
-69,-3763,175
-42,-1330,95
54,2179,-768
57,991,-1010
-49,925,1413
-16,998,134
-67,-4895,-806
-2,-2356,-1122
-6,2102,1144
2,3153,-617
-60,332,913
-79,-628,602
-36,-1669,163
33,-2410,-862
71,618,40
90,4385,486
22,998,642
-56,-2218,-307
-38,-666,-182
-32,-735,-419
42,-368,-122
5,-283,107
52,4233,449
-17,-1405,598
38,-2206,-414
49,-169,306
85,650,-1179
43,2280,684
-30,-148,-6
-42,-1538,677
-26,-2453,-1092
49,-1332,625
96,4584,-132
36,961,474
-13,-961,545
-2,776,1055
51,-2254,-1128
91,-622,-248
77,1245,54
51,5554,1572
-20,-2259,-260
-24,-4370,-549
0,56,-155
79,3574,280
9,-961,-687
-18,407,437
-57,-2171,747
25,113,-554
46,-735,-462
42,3532,370
-2,4694,1000
-63,-4620,-677
-46,-1996,612
23,-932,-1102
56,1190,803
-2,-369,-374
-15,2625,1828
-24,343,679
-9,-2894,-152
30,961,-554
30,3991,-225
-14,2148,-213
-40,-2864,855
-16,-2462,316
-15,-258,121
32,-74,609
30,-1331,479
68,6721,380
26,1700,-1756
-46,-537,1302
-87,-4743,-83
-21,-3289,711
6,-37,-807
57,1737,1055
32,6869,233
9,1790,-257
-59,-626,-692
-74,-8698,885
2,370,723
56,1973,546
67,3133,77
26,3401,53
-40,447,-518
-77,-1253,-392
-34,-8958,-792
22,-1119,305
73,8556,2263
54,2863,605
-33,-178,-810
-98,-716,1374
-35,-2775,-268
31,-2058,44
44,2058,-490
25,3580,1071
-48,0,-168
-69,-1969,203
18,1164,600
52,894,-840
-25,-89,460
-69,-716,422
-4,358,720
69,358,-529
56,268,600
-52,985,-14
-13,-1253,389
9,0,-436
78,3132,620
-25,-895,-19
-93,-2237,145
14,358,-54
28,537,98
-35,-90,-157
-68,-716,396
9,-89,265
68,1790,688
43,4296,249
-50,-5191,-255
18,-537,1191
79,3311,-1787
40,1074,449
-37,-984,65
-52,-2864,-446
22,-895,-397
-20,3132,885
-59,-895,-798
-46,-2237,489
34,179,58
47,5280,484
-68,-1969,-238
-50,-1163,-62
15,-1164,-1250
14,-447,1712
8,1790,92
-36,2685,1871
2,-3849,-923
39,-89,-327
76,2237,-658
6,179,1564
-55,2596,532
-19,-537,-681
38,-2506,-1370
44,1969,1073
3,984,-73
-58,-4654,-97
-5,-1521,883
69,3222,132
60,5769,-152
-48,-1831,-729
-78,-1880,475
28,-4564,-2053
31,-627,1500
16,5281,740
-32,1163,358
-27,-5191,-1576
49,4117,118
-18,-805,-729
-78,-2954,135
-4,-1253,155
55,-358,-731
25,1253,243
-57,3580,2011
-57,-2416,-2079
47,-358,-340
0,1432,-271
-62,-3491,680
14,1522,980
73,2058,-1257
0,448,495
-34,-3312,-371
51,90,227
56,8170,420
-61,-6380,-499
-1,-1790,-797
75,4027,441
-27,-537,-47
-45,-3490,-420
28,-895,-383
33,3401,849
-67,-3043,-1259
-24,-537,2195
59,3311,-1184
-47,-2864,-187
-32,-268,445
37,1432,4
-39,-537,-717
-50,-806,781
39,90,15
-33,2774,341
-50,-2953,-1073
44,895,811
-4,2506,-370
-35,-3133,-300
48,1074,104
18,4565,195
-54,-4475,-384
33,-1253,101
22,6802,1217
-88,-6623,-2232
25,895,1235
49,2416,-647
-80,-2327,363
29,-895,-1420
44,1701,1039
-55,3401,902
-27,-5549,-1040
28,716,-663
-11,4654,1397
-58,-4654,-1366
10,-716,204
45,984,-65
-4,5012,1256
-35,-5638,-1363
6,-447,514
94,3132,-302
-18,-2417,982
-35,-537,-1298
34,-178,620
71,357,-452
-1,1611,325
-58,-2147,-358
-25,179,875
96,357,-1014
-9,-268,-365
-70,-268,317
-12,89,-420
64,179,477
-30,268,-525
-69,-894,274
25,0,167
60,1521,99
-43,-806,-497
-28,-178,634
25,89,-496
43,895,453
-24,179,-243
-32,-1074,60
56,0,-386
11,0,524
-45,1163,-67
49,-447,-27
-7,-716,-406
-62,0,142
43,0,-145
19,268,71
-47,-268,-114
9,-89,-11
12,89,0
-53,-984,-192
-18,805,-162
30,179,-91
-30,-89,135
-15,-3133,-941
42,1790,657
-15,-447,-305
-16,-1880,-57
33,-268,-698
16,1521,809
-31,269,-441
44,-1790,-514
-6,-90,-578
-36,-179,883
47,448,-1652
5,-1701,587
-15,1074,137
44,3043,934
41,1253,-890
-77,-1790,140
-16,-2506,-629
41,4117,813
-12,358,-557
6,-2685,890
75,179,-825
22,2417,1417
-45,89,-368
-20,-179,-290
15,-268,-345
-31,-179,228
-9,179,598
19,-179,-399
106,537,-259
19,-179,-186
-20,-2775,826
68,1522,-304
42,1521,602
-60,-2058,-893
34,-985,469
-29,1611,357
-80,358,746
22,-358,-879
-24,90,817
-87,0,-251
21,-358,261
60,1700,-225
-15,0,-9
-19,-1253,-151
-4,-2058,-107
42,2058,-130
-22,1253,566
-72,89,-761
-46,-1163,347
11,-6660,-1920
48,-111,839
65,7487,676
-10,358,-2163
-42,-89,790
-22,-2685,1196
9,-3312,-241
44,1790,-417
40,4028,1317
25,447,-1762
-77,-179,758
-47,-2058,526
15,-2059,136
78,2417,-102
76,1700,935
-24,179,-434
-52,-179,429
-21,-716,-200
59,-626,-380
30,-358,-357
-38,1432,1406
-23,89,-515
23,179,372
32,1521,-1230
-57,-1432,676
-80,-3132,19
26,537,-227
60,2506,589
17,716,11
-80,-716,66
-47,-358,122
55,-626,-848
38,537,-95
-11,-269,670
-42,716,529
10,0,-451
21,0,-352
15,537,-320
-15,-537,-1311
-54,-1969,1620
-13,1074,-1013
-25,895,522
53,89,-388
-15,-2595,-631
37,2059,797
-3,-90,1395
7,537,-494
-36,0,97
-2,0,-497
-6,-179,-432
17,-1342,-1102
36,447,1961
71,2237,395
-12,1611,351
-36,-895,-470
-25,-1879,322
-7,-4833,-1284
35,0,540
25,4386,812
29,2058,-109
-44,-2237,-1533
-21,-3670,1799
-30,4028,123
31,6712,-792
-48,1808,1234
-41,-8699,-1319
-27,-5370,948
39,6085,1436
15,2417,-749
12,-2685,-1962
-5,-8215,551
53,4814,953
67,3759,95
17,626,-1129
-52,-1073,475
24,-1253,-120
31,2416,1431
43,8213,1566
-37,-2396,-1649
-56,-6891,-1029
-2,-3759,1521
8,3938,1090
0,5370,-1294
-67,-9308,-2595
-17,-1342,1090
39,7517,2687
33,448,-2354
-1,-11707,-2729
6,7590,3107
46,9985,1764
-13,-8732,-2741
-55,-716,403
-19,4117,575
-9,4777,66
-79,-9520,-902
-24,895,2356
41,5280,321
-13,-4028,-2350
-24,-9722,-1677
20,6232,3412
47,8502,-156
-11,-6085,-2036
0,-8206,-2020
51,8832,4032
38,6265,253
14,-6623,-1526
-4,-984,994
46,5459,1416
16,7024,-266
-77,-11499,-1178
4,0,1835
-1,8585,-48
-34,-9211,-3115
8,-5549,1285
74,8323,40
12,-1343,-1525
1,-6264,-442
31,8681,1742
-13,6989,950
-99,-10211,-1649
-27,-8437,-1276
44,7095,566
74,6085,158
-28,-2953,-6
-44,-2416,-61
-12,358,1564
25,268,-513
62,1163,-1309
-4,-805,-112
-24,-358,31
-29,-268,1075
48,268,21
48,1163,-71
2,1164,-403
-56,-1701,666
-76,-2326,-711
15,-1432,1222
42,3132,-815
20,6086,542
-67,-2059,-883
-71,-5280,363
19,-1521,192
70,2863,1033
48,5102,-958
-35,-1969,-247
-19,-3669,-654
14,-537,1001
34,1073,-552
29,4923,569
-65,-1074,-293
-40,-3938,-168
-23,-716,396
49,716,-379
23,1521,36
-26,90,197
-40,-1611,-585
-48,0,539
0,0,-68
19,805,-710
19,-716,119
-39,0,-58
4,-89,265
13,-268,-110
17,268,167
60,805,-644
0,806,628
-29,-1611,-586
-27,-268,1103
24,0,-353
38,984,-208
29,0,-608
-45,-448,852
-30,-268,-251
-7,-89,433
-11,89,-950
24,0,274
-29,268,-369
-15,-179,467
-20,-805,-256
32,-1253,282
62,1611,-375
46,1163,383
-2,627,-456
-57,-1164,456
-26,-1789,-501
23,89,360
54,1432,-156
-14,2774,-107
-57,-1700,141
-31,-2058,26
17,-2327,-167
58,2953,183
-16,1432,572
-77,1342,-829
-42,-2684,26
18,-3759,-844
51,3490,1156
-7,3311,1057
-47,2954,-187
-69,-5728,-1272
3,-3490,-210
54,1342,507
80,3043,515
4,6623,288
-43,-3759,-101
-44,-3848,-924
-13,-1701,1364
35,1074,-263
17,984,-44
41,1701,-549
-28,1611,913
-23,-1701,-649
-40,-1342,199
-14,-716,-177
7,179,661
36,179,-757
56,1432,145
15,-269,-668
10,-1342,889
-20,0,-153
27,2058,-95
-53,269,253
-33,-2864,-715
8,-5728,-1098
48,2954,1200
48,4027,-82
-10,4654,-1057
-72,-5370,246
-21,-537,308
-7,-626,655
32,1342,-292
29,-179,-65
42,-537,-1384
26,-358,447
23,448,381
-7,2058,798
-9,1969,-250
-61,-3580,-179
-16,-4922,-1105
8,-1432,566
67,6354,74
10,179,-83
27,-447,-2063
6,-1790,2219
-8,2684,571
-33,2148,-913
-39,-3758,-695
29,-6824,-763
60,6913,1515
15,4564,582
-57,-1074,-2077
-75,-5996,902
-5,-4629,-505
29,6330,-32
40,2147,-335
-15,-536,-262
-37,-4475,-794
-34,3848,1589
26,716,110
27,0,-1634
-31,-2506,-1402
40,-2685,1773
-19,3580,1168
-18,716,-816
-53,-358,6
8,-6555,-3585
5,-2847,13
34,7523,3552
47,5548,38
-60,-1611,-828
-75,-4832,-257
-19,-6258,-1898
17,-1639,240
41,5570,2036
14,6712,79
13,805,-1375
-18,-3400,855
41,0,380
10,1253,2188
46,1610,-781
-21,2506,-913
-56,-4474,-1232
-16,-8352,944
32,4772,-534
17,3311,2115
7,1611,-688
19,-8474,-2408
0,-5383,-2099
68,9740,3279
38,5549,311
-45,0,-156
-37,-6533,-1701
22,1074,2058
10,3938,759
-56,1073,-1767
-59,-10049,-1963
-30,-1072,3896
41,10137,901
10,537,-3962
-23,-13790,-1736
14,1103,4142
53,11971,828
7,1432,-3104
-41,-1253,467
-18,-5459,1235
-5,5459,1533
32,7845,1088
-46,-9008,-3827
-38,-10223,277
16,10223,3852
-16,4385,-2309
-65,-13286,-1800
-17,8095,3735
47,4206,-1311
-6,-6175,-3159
-19,-10751,1576
45,11915,1688
54,2774,-859
-23,-8954,-3860
17,1526,4267
45,10202,236
-15,-2237,-2992
-29,-5638,598
3,5190,3334
10,6265,-491
-29,-8323,-1729
-40,-2864,1536
17,9397,1625
-2,-3848,-2270
-40,-11371,-1105
-5,-816,1066
49,11471,692
28,89,539
-13,0,-356
36,-8711,-1131
41,8085,2082
19,4206,-444
-36,-1521,-1212
-19,-2148,1298
1,-268,863
-22,268,777
-6,2058,771
-35,-1790,-1859
0,-4743,-1169
28,-2506,1009
53,358,17
66,6623,1019
-11,6981,-1102
-9,-5639,-53
-21,-1521,681
19,268,1328
-11,1343,1433
-16,3669,-696
-41,-5101,-2526
-19,-9139,-198
43,8155,2184
83,1342,-366
53,2506,-541
-28,-90,-222
-9,-2774,-768
-38,-2327,1501
48,8323,1910
-43,2293,-938
-55,-8647,-1951
-9,-5191,851
59,3759,633
45,3132,413
37,1701,-1345
-17,-5191,125
7,1611,1034
7,8493,1776
-16,2366,-633
-72,-10322,-524
-18,-3490,487
20,3490,-545
33,4564,-818
-59,-4296,1147
8,-268,-1024
-33,89,1011
19,11241,2549
-73,-5065,-3538
-51,-8234,-80
48,1880,2806
80,1789,-1326
13,7513,-957
-12,-2501,476
-38,-7070,-534
25,3669,2447
-31,1701,-727
-6,-1253,-1528
0,-4206,-992
77,-895,2099
71,7696,623
-6,3155,-405
-87,-1664,-675
-58,-7845,-1377
-19,-1969,344
8,1969,1413
0,2148,-1970
2,-1343,-17
11,627,-263
6,-1432,1197
18,0,181
43,11217,2634
-75,-1523,-948
-85,-5846,-1404
-44,-3848,-1037
13,-1342,2126
40,1342,1245
45,7919,551
32,-3892,-2799
21,-4116,1145
3,89,-407
16,1074,767
23,9831,1511
-24,3784,475
-48,-4662,-1867
-17,-9580,-478
11,1164,657
26,2058,-915
33,4065,677
2,-485,-1293
11,-3222,-925
35,-4027,-834
0,-895,1367
1,7428,2684
-3,6381,155
-104,-12198,-4035
-106,-716,2121
-32,89,-2851
-38,6802,5134
-5,627,-3256
-50,-3312,2237
-31,-2148,-1267
-49,269,-633
-200,-2685,-3112
-635,-27123,-15128
-2447,-14882,-26708
2533,6773,1807
1012,1796,5088
281,647,2391
53,1656,1141
-37,1564,2084
-69,1963,1657
-96,3676,3159
-129,4978,4424
-196,7386,5789
-272,11387,11096
-420,10674,8133
-204,7807,10148
701,5968,6131
791,5194,6512
298,2559,3801
-148,-2142,-756
-208,-6754,-4504
-131,-7393,-8652
-122,-7272,-6217
-128,-7836,-9184
-107,-894,-19