R
StartTickMs,measCycleMs,Px,Ix,Dx,Py,Iy,Dy,Pz,Iz,FFrx,FFry,FFdrx,FFdry,satI,satPID,KFQAng,KFQbias,KFRmeas,CPx,CIx,CPy,CIy,CsatI,CsatPID,CFFdrx,CFFdry,IRelaxX,IRelaxY,DmaxR,DmaxE,DMx,DMy
19908,10,58,70,47,58,70,47,250,0,0,0,100,100,500000,15000000,1,1,1000,1,0,1,0,100000,10000000,0,0,1024,1024,0,0,0,0
GPT1X,aPT1R,aKFPT11R
-7,-179,-97
-1,0,-4
-3,0,-2
3,0,-2
3,0,49
1,0,112
-8,0,23
2,0,-14
4,0,-21
-1,0,-23
-2,0,-18
6,0,-14
-1,0,-12
-4,0,-11
2,0,-9
0,0,-8
0,0,-7
-2,0,-7
2,0,-6
-2,0,-5
3,0,-5
-1,0,-4
-1,0,-5
-1,0,-3
1,0,-4
2,0,-2
-1,0,-3
-1,0,-3
0,0,57
0,0,109
1,0,18
1,0,-16
2,0,-21
-6,0,-20
2,0,-22
-4,0,-14
-1,0,-12
9,0,-10
-4,0,-9
-1,0,-8
-1,0,-9
2,0,-5
-5,0,-6
9,0,-4
-2,0,-5
5,0,-4
-5,0,-4
4,0,-4
-4,0,-4
-4,0,-3
5,0,-3
-5,0,-2
4,0,108
-1,0,70
4,0,3
-7,0,-21
1,0,-21
0,0,-22
-1,0,-17
2,0,-14
-4,0,-10
2,0,-10
-1,0,-9
4,0,-7
-3,0,-7
6,0,-6
1,0,-6
-7,0,-5
1,0,-5
0,0,-4
-1,0,-4
0,0,-3
2,0,-3
0,0,-4
-3,0,-2
4,0,63
0,0,101
2,0,15
-2,0,-16
-2,0,-20
-1,0,-21
2,0,-19
2,0,-14
-2,0,-12
2,0,-10
-3,0,-9
-4,0,-9
5,0,-6
0,0,-6
-2,0,-6
0,0,-5
4,0,-5
1,0,-4
1,0,-4
-4,0,-4
1,0,-4
5,0,-2
-11,0,62
6,90,33
-2,-90,152
3,90,-51
-14,-90,49
12,179,-20
11,0,11
-13,-179,-40
6,179,17
-3,-89,10
-2,-90,-65
-14,-89,-41
10,268,65
14,0,18
-10,-447,-313
-4,447,166
-9,0,109
26,0,-81
-48,-268,-63
54,357,100
-12,90,-17
-4,0,-109
-6,-179,148
-13,-89,11
24,89,-87
-12,-89,166
6,89,64
-18,0,14
23,0,20
-2,0,-57
10,0,-55
-15,0,83
14,0,-87
-2,89,66
-14,-357,-179
-2,-895,-155
-19,1163,194
30,-358,-285
-14,0,221
10,358,-40
7,-89,-101
-13,0,65
0,-179,-64
-6,179,176
9,-179,-57
-2,179,68
10,0,-14
-13,89,161
2,-89,48
13,0,16
2,-90,-26
8,90,-24
-8,-627,-114
-9,-447,-223
18,179,-64
14,984,19
-32,89,183
-16,-89,48
12,0,12
38,-447,-81
5,447,-6
-34,0,40
-11,-537,-28
54,537,-64
-9,537,262
-46,-2416,-321
52,1879,-638
-23,358,1000
14,-716,-529
18,626,328
-18,-1968,5
64,4832,407
-77,-7875,-306
79,12958,286
-78,-19573,-1917
109,19721,2960
-13,-8721,-3132
1,179,3449
50,5101,-2079
-6,-5906,464
11,895,79
-39,-1701,25
68,7965,-526
-45,-9397,-2231
-31,1522,2487
38,1968,-510
-17,-5459,-636
86,6712,1904
29,-1789,-1222
-37,-1880,688
4,2327,-376
-48,-3132,422
36,4295,-88
-27,-4206,-106
38,4475,145
-31,-2237,-424
-51,-2148,577
49,5996,-945
-107,-11252,-448
52,11520,1267
47,-4743,-1111
11,-7406,-286
94,8927,977
84,-268,-1348
15,-1163,1906
79,9082,254
-137,-8098,-424
-72,537,1342
-17,-358,-1521
32,-5012,-551
37,7965,1632
-66,-2148,-1178
-136,-1073,741
4,984,-620
9,-179,119
-95,-805,-31
-30,-179,159
-9,447,406
2,2327,-274
-19,-2327,-360
16,-7882,-1348
32,4034,553
21,3848,501
-58,3490,-626
-80,-2864,-531
-73,-2505,-18
7,-6595,-1545
49,6058,1488
25,3848,1073
-47,2864,-550
-135,-4207,-250
-22,-9080,-1686
92,1831,1021
110,7786,1289
7,6086,-292
-111,-6265,-1440
-120,-6801,699
-7,1790,348
61,4475,93
28,626,-979
-70,-537,-288
-54,-3043,736
28,-5209,-628
33,2077,-247
74,6175,819
8,805,-1988
-38,-805,-427
-81,-5012,1814
-3,1611,527
-25,3401,-303
32,-447,407
-2,-179,-1021
-5,0,-961
8,-90,1468
-12,-6444,106
28,6444,718
18,358,-1470
51,626,188
13,-4832,-1018
-20,268,787
-1,895,1202
-22,6444,-190
-70,-2864,-701
-57,-6265,-702
-11,-6092,-1339
27,4481,953
60,7697,2130
28,3848,-1100
-54,-3222,-852
-44,-984,933
-34,-7709,93
17,4219,255
33,1611,112
14,2148,536
29,-1432,-2768
-33,-4654,-1453
40,-2964,1022
34,7886,3495
20,3848,-1176
-32,806,-749
-39,-3401,-56
-71,-9879,168
-15,-2016,-61
26,9300,-40
32,2327,722
-26,357,-1229
-17,-5280,-1119
-33,1790,1152
10,806,2093
2,3848,-458
-9,-627,-272
-34,-715,730
-9,-3222,-901
-25,-2775,-1263
45,-805,913
46,6265,1953
30,3132,-195
18,1342,-921
-20,-2327,92
-8,-2953,1124
-17,-447,320
65,1879,222
12,984,-408
37,-1968,-795
-45,-4028,-79
36,4028,1445
-18,1968,939
-44,5639,-775
-101,-6981,-644
-72,-8892,-832
46,7908,2095
51,8054,302
-33,-4922,-623
-71,-1879,-244
-35,-806,1190
40,6891,1467
12,-3759,-1756
-25,-3221,-1509
19,-2506,1061
59,3490,359
52,9102,154
-15,-628,50
-36,-6505,263
14,-1969,204
47,1253,1665
25,2327,573
24,-1432,-1996
12,-2953,760
44,447,1187
66,3132,644
12,8216,978
-26,1924,-367
-85,-9692,-1763
-40,-5012,754
19,2058,1887
60,5281,-823
52,6403,-1377
-33,-11773,-1818
-32,-179,566
-31,1432,2830
0,8521,-2925
-28,-7358,-467
21,-3669,146
19,627,756
52,1163,-651
25,3669,1178
-15,5013,438
2,-8414,-1891
25,-4743,754
108,3491,1175
90,8594,1110
25,5483,149
-58,-5557,-901
-42,-8252,-758
43,0,1682
101,1969,-454
105,9502,1016
3,1641,-214
-31,-5863,-1077
-26,-7338,1214
45,1163,2379
96,10680,-2028
-13,-7458,-345
-14,-3491,605
-39,9259,1915
25,3076,399
23,-5184,-1917
-20,-7956,564
49,7697,1776
15,10342,898
-35,-2308,-645
-59,-11077,-1444
14,-4475,1837
70,12905,1665
5,7090,-851
-80,-9852,-1244
-73,-9069,1929
9,7184,2286
95,7169,-1024
-9,-4163,-3239
-42,-3339,2174
20,9840,742
-23,3343,714
15,-7145,-104
-16,-10652,-192
78,7350,1765
50,11778,298
-74,-2181,-835
-97,-14530,8
-21,2123,1562
72,10574,-183
15,-2873,-2087
-35,-4288,1109
-32,8005,2549
29,2674,-506
-17,-8693,-2287
-38,-9491,-761
83,10608,2405
17,8899,-702
-80,-8209,-701
-76,-3143,1213
26,6802,770
55,-2537,-680
-2,-10004,143
50,11835,1776
28,7918,-408
-57,-9289,-347
-41,-7642,402
61,8071,1575
82,6439,-1098
11,-11677,-1244
-17,3868,2035
34,8234,1236
-75,-5526,-2267
-58,-10888,-125
88,8034,2319
108,6406,-1727
-5,-6218,-1338
-22,-1254,2920
56,8681,1791
22,-1224,-1883
1,-12169,457
79,7074,532
82,8695,-241
-25,-5946,-751
-47,-5777,1144
15,11864,1195
47,-5089,-1746
-22,-9190,-1577
70,6473,2050
49,11071,712
-57,-6108,-1708
-81,-11662,-361
29,3854,1098
92,6775,-1862
-5,-4476,-1427
-25,-3726,2326
-4,10799,2893
12,-2161,-2498
17,-6692,-3714
65,-3242,1949
5,10415,346
-27,767,272
-77,-11747,-551
-15,-4079,-108
84,10946,622
10,6572,-581
-91,-10080,-690
-57,-5885,674
50,6103,267
108,4904,-2086
15,-5098,-1651
-41,-2280,2372
-7,5520,1292
0,400,-1852
27,-10510,-3523
4,591,1363
-3,6766,2823
-54,2358,-411
19,-3582,-2661
-4,-7947,-815
50,6545,2891
14,6228,252
-63,-2187,-1239
-24,-12018,-1157
27,1163,902
79,9398,461
-23,5295,-83
-66,-7476,-1209
-28,-9723,-1006
76,4552,1176
95,9808,43
-33,1810,-980
-65,-8321,-582
1,-8386,-231
69,5089,608
78,8439,402
-28,502,-1255
-56,-8498,-558
7,-5890,-200
98,5558,1137
64,7722,332
-45,-1140,-613
-68,-7211,-457
-13,-7166,-304
89,8497,80
15,7584,-189
-84,-3083,-1412
-83,-11119,81
45,627,1063
86,7248,80
6,5679,-959
-89,-5827,-1349
-71,-9338,-881
58,537,-70
72,9441,1294
-27,2633,-336
-80,-4678,-1230
-3,-7754,-1805
50,985,141
-28,4117,2050
-76,1654,-94
-18,-3086,-1477
-23,-1701,-888
-76,-447,-247
-56,-1343,-242
14,269,-456
3,6752,-157
-94,-1293,188
-87,-4833,-1981
-3,-1969,-324
-38,716,-372
-89,-805,450
35,179,-618
4,3580,115
-116,-2238,-482
-36,-1700,-828
46,-447,36
-81,447,-62
-21,-984,-73
68,805,145
-35,-358,-2
-7,-89,-160
89,537,-40
4,89,-9
-32,-179,-225
60,179,54
-33,0,-268
-6,-268,-37
82,268,-282
-53,0,-3
14,-626,-8
72,179,-230
-32,358,-236
12,-806,-227
79,806,-611
-43,0,-832
-27,-1701,249
62,269,-92
-22,179,-133
-52,-2327,-136
36,-3222,-815
-3,4654,-103
-80,-1701,-39
15,-3870,-946
41,37,-956
-27,2580,3
-70,-4022,-484
1,-1862,-232
74,2675,-423
0,3567,4
-57,-1969,462
21,-4075,-530
48,555,-1324
67,4684,-676
-34,1790,323
-72,-4663,-415
-29,-3356,-292
0,-2394,297
60,357,-46
50,3175,-382
16,5896,87
-20,3401,509
-43,-2774,-2
-54,-5266,-652
-13,-5455,-322
31,-119,-544
66,-166,-751
32,2411,-300
-5,5194,734
4,3222,396
-95,-6633,-2184
-38,-5236,-1596
-24,-1219,-969
43,-924,-375
34,2101,-180
3,858,640
-14,6114,688
-32,-2515,-204
-22,-4164,-587
21,-2413,-580
-3,-75,-322
26,1338,39
-26,941,301
-7,-1299,519
-6,5446,456
-28,-4042,-306
-16,-3220,-887
19,1402,-716
24,735,-1313
-47,163,-144
-6,-804,743
-43,2058,827
2,561,-181
-32,-1585,285
0,-2080,-953
14,17,-115
43,2983,-631
-19,1069,-206
16,-1279,59
-15,2183,252
-16,-2559,-151
-59,-4600,397
27,-208,328
-11,2117,-304
33,-3073,-1051
35,346,-688
59,3073,18
26,751,-586
-33,848,63
-40,140,616
-15,-1026,-395
-43,-5562,-701
-8,-2978,-826
23,3204,740
37,497,-368
42,1566,-294
25,2877,159
3,2509,-244
-27,-2792,-515
-60,-553,158
-48,-2265,-167
-18,-4220,-763
-2,-3452,-584
45,1453,30
28,2064,-93
44,3129,-526
10,300,-230
-3,3371,129
-51,-501,-570
-48,-3628,-1360
-55,-2415,-143
-6,-372,-553
20,-4436,-919
40,-3456,-658
49,318,-502
-13,1936,-539
11,1443,-626
-24,-477,-81
-32,2983,113
-34,24,-164
-2,329,-163
-31,-1737,178
-24,-3251,-1179
-16,-2295,-867
33,245,-267
31,2716,-252
-55,1092,77
-42,1040,803
-73,1072,556
-98,-1796,-647
-73,-2561,391
-12,169,643
-16,-387,-163
5,-1026,-351
32,1383,-333
11,3384,88
-28,1387,21
-38,332,509
-68,1095,244
-88,-3063,-20
-101,-4696,-844
-76,-2179,349
-43,1157,-486
-18,1730,-673
-41,183,-16
-59,3918,1021
-88,3604,-32
-104,-1676,-1170
-158,-2929,-466
-120,-1988,-363
-101,-5104,-744
-54,-822,-181
-13,2380,510
-32,4622,308
-46,1924,196
-43,1760,581
-68,1486,765
-30,-320,-139
-63,-3380,32
-70,-794,119
-52,-1366,-140
-17,-2526,-773
-12,-1281,502
24,1394,575
43,702,-15
24,-646,-571
44,694,-628
46,1929,277
-2,772,287
2,1384,724
20,2305,834
28,1892,602
7,-1757,743
40,3130,772
21,723,442
-12,-893,144
21,1374,665
-13,798,368
-4,-1634,130
36,1002,1091
-23,496,-79
-20,-1838,703
-23,128,1055
31,973,-1607
92,-2058,14
142,3267,1171
177,-983,1193
165,2122,1754
162,1911,1335
194,-1111,1672
166,4552,1844
141,-3739,629
148,-139,1148
140,2610,437
85,-1890,127
73,1018,250
35,307,-402
-23,-1683,-217
9,2269,634
24,-1779,-943
-29,-938,843
38,2319,465
9,1502,-77
-5,-2412,175
28,4852,-46
8,2302,371
-38,1146,578
-44,4402,719
-23,-3256,-83
-57,-924,-291
-6,480,-15
-7,-5377,-643
14,1906,1408
75,1103,306
10,-905,1197
14,2830,177
-17,-1405,-1599
-31,-3220,-756
-12,-3482,636
-19,-2760,410
34,4096,444
32,1599,-418
45,4358,-146
28,-2356,-835
-42,-6815,-9
30,2148,1442
34,3164,275
10,5708,754
-7,7941,324
-52,-1432,-1146
-47,-9208,186
-62,-516,1264
-6,9097,3334
-53,2237,-200
-82,-2058,-1208
-56,-14180,-2466
10,-1155,2767
55,3970,163
65,12708,1401
42,3311,-1245
-24,-2685,32
-3,-6175,900
4,-2816,2070
83,10512,1142
-25,-1074,-732
28,-1252,2
7,-9406,-1540
70,5289,1292
11,4117,2653
24,805,387
18,0,-12
52,0,253
81,3132,-613
-71,-2595,702
-55,-1611,370
64,358,328
51,716,125
-17,1253,451
-23,-985,551
74,2327,-566
-11,806,436
-76,-2775,-91
25,-2147,850
84,1610,1089
25,6355,1049
-10,2104,1352
27,-407,-1944
39,1849,406
-116,-7395,-822
-12,-2595,751
88,2237,400
2,6237,896
-54,-3283,397
62,2237,-195
-61,1120,508
-90,-3805,24
61,179,-114
-4,2238,666
-64,-5549,-41
71,984,309
77,8650,1630
-17,1839,-107
5,-5165,-643
78,-3265,-930
50,3154,2468
11,2108,1723
93,1102,62
46,5006,1675
-67,-1620,-1160
11,-4119,550
45,1073,761
-17,-1553,1045
43,887,694
136,7667,421
0,1400,414
-46,-4049,384
55,-5055,177
89,4414,1248
11,4517,1798
-52,2521,302
-5,-3616,-1125
48,317,-479
-48,-826,1089
4,-678,1080
80,358,-287
87,4746,1054
-24,286,487
5,-3592,-79
73,519,4
1,69,618
-19,-277,885
71,3341,327
-48,4212,659
-49,-2983,-151
83,142,-179
-4,-2033,490
43,-1591,540
118,3553,901
-37,3616,649
-24,683,-896
-27,-4781,-1361
-99,-3813,919
25,3175,1386
-22,6556,586
-11,-2744,-588
13,-3160,-467
-59,-2603,727
32,4221,653
35,5149,303
-84,-4990,-1319
-10,-4798,-418
-24,3574,1934
-19,5148,599
16,2787,-968
-105,-8374,-748
-35,-2014,1156
54,9282,1056
-86,-275,-1244
-5,-5826,-2257
31,-1706,1694
-58,2070,816
58,3727,-170
-9,1555,-626
-69,-6346,-714
42,-3072,-213
34,4422,919
-30,2058,-330
32,1247,-1325
-65,-6625,-603
-78,-4309,-67
81,5415,535
4,5383,-171
-85,-5440,-1762
34,-6470,-1143
4,4351,1399
-15,2630,772
40,1926,-1357
-43,-1112,-291
-70,-6740,-393
43,-1096,195
66,6370,173
-91,609,-1114
-15,-5261,-1902
-28,-1263,-389
-63,1150,1058
11,38,-448
72,1796,-606
-57,-328,-851
-55,-4943,-1054
53,452,-358
-77,-1094,-53
39,-523,-798
5,999,307
-39,-1237,51
27,214,-429
-45,904,-392
40,-381,-470
-25,1023,-567
3,-1641,-442
6,-48,-450
14,-1676,-555
59,1104,-92
4,-1471,-222
77,311,-96
-21,-821,-618
57,-437,-537
-19,-517,-157
69,-2108,-1212
15,-528,228
62,-1611,-498
90,1343,422
26,-985,-303
129,1596,-824
-27,-3923,-405
80,1611,-110
-3,2059,26
44,1288,-580
-9,1516,-141
-8,-2329,-1003
5,444,497
-27,-1367,-883
16,886,-459
-52,-185,-427
47,370,-780
-54,-3756,-1051
50,-1432,-1016
-25,-268,1197
-8,-448,-347
62,1701,-308
-72,-448,-130
12,-179,-560
-80,-1790,-417
-78,-1253,-795
-26,358,-158
-76,0,-157
-2,-358,-293
-60,-179,6
-115,-805,-417
14,-447,-125
-57,805,60
-108,-1253,-368
5,895,-32
-76,358,402
-143,-1521,-436
-16,1879,-483
-69,89,-1746
-143,-1789,-760
-124,-8216,408
-11,6426,400
37,3490,-538
-42,-5817,-3324
-47,-4062,-142
-21,3883,2792
71,5996,-491
-20,0,-1113
-34,-10064,-2060
-12,-7635,-129
40,4757,1383
53,11600,-2328
11,-9202,-1095
-6,-10374,-564
37,8711,1660
69,8001,-796
25,-10340,-2825
-52,-7014,-390
20,3653,1851
28,7067,-767
1,6007,-1321
-7,-13224,-2648
-21,-4712,1086
56,10421,1857
60,7605,-1281
5,-8114,-3166
-12,-10545,760
9,6080,1688
35,6815,-617
-37,-1304,-614
-47,-6925,-347
-42,-2487,1218
20,7604,1070
15,11829,-584
-34,-6018,-404
-31,-5930,-391
-13,-5053,1127
64,7037,3018
24,6653,136
-23,-3742,-2669
-36,-6930,-1487
-17,-4142,-836
16,5488,3734
35,4363,-479
-27,-2425,-2967
-34,-3451,-336
-12,-5235,-602
9,-4470,1459
5,6266,399
14,5261,-951
7,-1425,-1575
-61,-1442,-938
6,-7640,-123
24,4027,416
15,6456,552
-22,3152,-660
-31,1999,-346
-93,-6552,-2435
-100,-7106,-492
-30,-2778,1403
-35,8123,1060
-12,1928,-826
-25,307,-651
-59,-6617,-1513
-52,-7238,-526
22,7073,776
-1,1189,643
17,3076,510
-24,705,-1217
0,-6038,-1718
-27,-6232,429
20,635,376
34,682,251
16,4758,796
25,623,-1403
7,1198,-1011
28,-4082,-184
-5,2929,592
7,361,165
-30,2685,222
-46,-2700,-243
-58,-4327,-201
-16,-1728,-240
4,1359,-282
49,831,-504
61,1972,-303
14,780,463
-54,1968,717
-19,-1912,-69
-62,-567,-352
-27,-3317,-729
20,781,-257
66,-241,-301
59,2480,-688
40,2132,36
-5,1029,559
-36,-1300,241
-35,-1238,-217
-62,-4734,-696
-33,-536,-525
19,2729,104
-4,4325,-19
-41,-3008,-135
-78,487,977
-60,-2624,-648
-4,-2521,-1050
66,-390,-513
38,424,367
66,3140,2
-25,1161,-242
-78,-1456,22
-103,-1789,-192
-67,-295,-377
-42,-3535,-585
13,-72,-213
23,3016,479
16,3291,201
7,1270,239
-92,-3428,598
-102,-2339,500
-57,1891,-670
-9,-2086,-509
17,1061,-581
1,2853,264
-15,3520,-428
-56,-1350,120
-32,-364,368
-34,-1843,232
-13,-2147,-368
14,-1677,-512
15,754,46
8,4128,228
-16,1875,261
-123,-2054,257
-164,-718,366
-134,-1834,-101
-126,-224,-798
-68,-11,-636
-119,1688,622
-90,3309,370
-96,312,-460
-102,-2946,231
-63,-455,725
-12,-674,577
14,-575,244
46,-773,526
28,2619,620
62,3482,507
19,-271,12
-10,-15,697
-30,-75,1089
-22,1749,398
-6,-3030,-276
15,-1943,231
72,2354,765
28,-2123,-1842
86,-308,428
59,3421,721
115,4591,797
104,-1834,487
92,4466,1312
96,3719,1196
90,-1766,533
114,832,1411
124,2061,869
179,-1863,668
171,-1529,930
204,3000,917
196,-2453,-48
153,-2921,-104
157,-845,-469
125,1284,1188
126,272,695
122,878,401
67,2484,580
34,2506,447
18,1960,735
-47,1259,695
-43,-3514,155
23,-2324,-183
68,933,223
61,5353,1118
9,5638,2482
-68,-1790,42
-23,-4833,45
53,627,25
51,4654,1150
-5,1879,1424
-65,-358,1117
61,-626,672
17,984,210
-76,0,1149
-5,-89,529
63,1073,262
-64,1611,386
-13,-1253,-197
45,-447,183
-67,895,323
-14,-269,-142
65,3670,846
-67,179,922
-13,-4744,-440
54,1611,944
-49,2775,624
-21,-2506,-78
72,1969,444
-68,1163,1007
3,-2148,781
41,6019,1130
-58,-481,716
47,-1109,-151
-1,1553,868
-71,-1775,605
75,1553,-107
-42,1294,106
-40,-2847,-261
31,1146,1316
-67,-295,214
46,-222,-173
-13,924,-48
-66,-3075,62
43,1966,367
-33,2033,984
10,-147,56
43,2095,298
-61,-792,398
36,-453,143
27,4216,473
-36,-1474,-96
70,357,-339
-71,-723,257
7,-1810,-23
45,3389,451
-66,-357,5
49,547,-109
-16,458,224
-48,-3160,-12
63,1489,-68
-51,1237,290
-30,-2613,-588
71,254,-505
-55,-169,900
1,-1556,210
80,3085,289
-40,1213,404
35,-2855,-494
41,2189,330
-58,-737,508
71,1958,142
11,1790,16
-56,-3106,173
44,-500,-20
-52,-451,474
-40,-1539,680
43,3084,141
-40,4407,802
12,-1066,-223
35,2340,421
-86,-3169,-825
5,-2167,-460
31,711,547
-78,-585,748
33,-21,-239
66,3438,218
-54,553,469
-5,-2569,-410
36,1074,-170
-48,0,374
5,-4396,-346
101,2109,433
-49,2701,579
-21,-245,-353
56,3400,-256
-81,-2489,-214
-50,-4620,318
73,713,282
56,6011,1441
-74,643,-137
16,-1796,-472
5,-3022,-440
-57,0,525
-10,180,991
108,2185,174
57,6719,695
-78,-2730,-589
-9,-3061,-936
64,-80,59
-4,-2204,1086
1,-1051,629
102,3880,-269
59,4579,-182
-51,-2651,-428
45,-7041,-180
97,-442,-71
59,4930,434
36,1107,265
51,-2632,-709
104,3236,-250
-54,120,358
-63,-4430,-160
60,-2640,-408
67,3224,381
-14,3170,1304
26,-786,-44
98,3041,-978
-33,-3282,-742
-91,-4888,932
34,1004,1296
88,5677,502
-38,4367,315
-46,-4909,-848
11,-3639,-522
35,-132,787
-31,3451,1373
59,3345,-847
33,-2092,-1148
-103,-4497,-111
-18,-3411,601
91,8992,569
-31,3702,-267
-94,-8680,-2276
35,-4466,1768
30,5927,601
-56,2539,-560
36,-1632,-1339
-30,-1443,-668
-61,-5081,7
69,1731,-240
51,4921,-437
-54,-1554,-556
38,-1187,-876
-13,-735,275
-19,-2219,-221
79,1485,553
-21,282,887
51,-408,167
69,2574,1006
-38,1249,331
59,385,-616
-47,-4919,-644
70,-1915,-306
60,1414,110
9,3596,21
61,1198,-750
-32,-3193,-826
4,-4739,-352
66,3033,1428
-29,5509,1887
-13,1362,-774
11,-542,-1232
-88,-6120,1055
-62,1855,1161
31,5213,-170
-82,-3922,-918
-143,-7576,-246
-15,7077,241
-81,4953,-1099
-119,-8357,-1836
-6,-5354,-193
104,6676,722
50,5826,328
-31,-4385,-1383
31,-6209,-1202
119,-1058,411
52,5282,895
-14,1338,-362
-70,-1463,366
51,-962,-880
-20,-2458,-170
-66,-1589,201
44,-628,-461
44,4937,-327
-93,2678,-658
-134,-6388,-1521
-63,-6742,-1023
-17,4664,854
-94,6144,770
-138,-2030,-1330
-20,-1301,-2775
-110,-4882,524
-139,960,2410
-42,1183,-656
20,3616,-886
-74,-1132,-1176
-97,-6506,83
-33,-3759,-230
68,5549,-95
16,6828,-457
-90,-1857,-666
-60,-6940,-607
27,-4386,-845
109,2954,-417
64,5411,910
-44,222,249
-2,-6260,-2824
38,-2148,-511
-28,1164,-44
-102,-1880,-564
50,1164,-280
-12,716,-669
-57,-1969,-1
78,89,-175
11,1522,-393
-37,-1522,-285
104,-89,-72
-23,447,-60
-64,-268,205
69,-179,-562
39,0,6
-48,89,215
25,-268,599
75,358,-288
-25,626,-358
-49,-1252,-159
58,179,61
44,626,-418
-63,0,578
-16,89,-234
46,358,-590
-3,-447,-300
-89,0,375
-61,-2506,-472
54,-895,92
69,2506,528
13,1253,29
11,-358,-197
-19,-358,-229
34,0,-333
-41,268,-1495
-74,-1252,142
-52,-358,1271
5,4653,463
-23,-3222,-2481
-38,-8230,-121
17,7425,1728
44,1879,-2400
-18,-9489,-2051
-16,-924,314
72,9250,187
19,-805,-653
-20,-9665,543
66,7785,156
23,2953,-2052
-19,-8631,-1073
-39,-5399,1251
18,13762,713
36,0,-1187
-61,-9731,-2459
-65,-8892,96
31,4647,1351
-8,7085,147
-43,-2507,-3934
-54,-10776,428
-1,6317,1511
57,5864,-193
-12,-2255,-1756
-19,-9892,-1378
-30,-666,1020
33,11482,1205
8,-1072,-1750
-26,-8114,-2021
-18,-5317,450
12,1870,1072
43,9496,801
4,594,-2585
-27,-6435,-2788
-17,-7240,2605
12,5217,933
44,8797,-127
19,-3541,-2320
-52,-7670,-708
32,-876,1289
43,6387,700
29,5729,-458
-1,770,-2085
-34,-4531,-842
-31,-5209,328
-12,3400,2163
31,10088,247
-51,-6400,-4191
-84,-5842,2348
-33,-2658,-400
-19,7358,284
1,3420,-233
-20,-2873,-687
-44,-8582,-1867
-25,-5889,-361
12,4492,1930
4,2908,-561
-22,642,-519
-28,-1416,-1923
-33,-6797,-1952
-29,-3857,395
30,5901,2771
43,4783,-1520
-10,-1569,-612
-9,-1170,-377
-42,-2400,-311
19,-1317,678
44,4221,12
36,4284,200
22,1722,-303
-14,2017,-310
-20,-6450,-1630
-44,-1459,705
3,-1502,97
-19,26,883
15,3191,1458
40,2317,-2987
3,-3239,671
0,-1209,-179
7,-4710,-413
15,-283,427
-2,1816,-171
30,-2433,202
35,4152,13
28,1633,-268
-13,3764,386
-7,2822,-144
-26,-5142,-1263
-34,1726,784
-2,-1455,-299
-44,-2766,378
-25,1759,95
11,-2200,-41
-4,205,381
-25,156,-140
-41,-566,7
-25,359,-386
-74,-1757,-1277
-51,-5138,703
-30,2688,51
-30,2327,631
-45,6196,1441
-44,6082,1046
-63,-2154,-1929
-72,-3238,173
-25,-2269,-367
-26,-1992,458
12,2534,1137
57,5227,30
37,-1506,360
82,528,182
105,-1208,-580
66,-294,897
81,328,-141
48,-2118,199
66,1392,1084
103,-702,-390
90,-1166,528
91,3127,118
117,565,9
81,1743,560
82,669,-278
33,-376,470
11,3174,349
-16,-4198,-929
-33,-465,578
-37,-1074,112
19,-1855,281
16,2345,1358
61,622,201
-1,-3320,-707
54,-912,-567
60,1979,704
78,3432,176
6,-480,198
-30,2851,858
-78,-547,787
-53,-987,-192
33,-2129,-682
41,2450,99
-76,1046,638
-17,-2894,625
-32,732,109
48,606,-482
-10,1699,226
-63,-1490,-506
-94,-4875,377
58,862,92
3,2508,441
-60,-381,226
5,-640,-290
54,-1210,-538
58,3381,310
-41,704,232
-28,-1749,-403
74,1867,-221
-24,1284,492
-42,-1355,209
-9,-1169,-154
55,2524,110
-41,1856,504
-84,-1357,225
38,-2835,-172
12,188,-59
-106,-2827,-198
-55,-910,-221
-16,2117,158
-142,-19,19
-64,56,-583
10,475,-656
-96,168,285
-87,-1849,-370
-23,-256,586
-200,1425,-387
-182,-1282,-193
-120,2108,-155
-221,125,40
-158,-838,-131
-106,2966,-273
-157,-1333,-223
-98,-2538,-504
-119,3181,283
-210,-1981,89
-126,-1389,-399
-114,3299,447
-167,-1158,180
-37,-1519,-1798
-2,3390,-436
-102,-993,305
3,-2491,110
47,2491,445
-5,1421,489
-37,-1307,531
34,-594,-571
44,2210,117
-28,-23,1340
-52,-1641,151
63,-526,-115
32,3424,711
-69,707,-1836
-10,-3963,-911
65,-1129,63
4,2153,524
-42,-2237,732
2,1213,580
58,1618,152
-17,903,778
-61,-2709,1033
52,-377,475
87,3821,567
-14,1386,812
-21,-4601,-544
97,-1317,385
100,4136,-792
14,3357,835
62,-1971,1068
162,509,911
300,1129,1598
266,8284,2084
243,716,1703
289,-985,1824
324,-1611,1157
343,1074,627
330,1432,389
211,895,994
89,0,779
42,-89,562
79,89,455
64,716,167
-35,1253,522
-75,-716,494
50,-448,-205
64,2417,694
-6,2685,1640
17,-5012,428
84,-269,1382
114,5370,1569
23,3587,1994
72,-2781,537
138,2411,795
116,3305,1236
16,-679,1032
101,-736,596
176,2730,329
71,3923,839
55,-2639,210
125,-24,-32
-4,784,690
60,-20,86
14,355,469
31,188,638
67,2443,589
27,-145,573
81,1407,1254
15,-830,1020
122,2029,484
23,-1147,372
119,1211,191
57,-97,389
107,-1253,56
111,2285,474
59,-1754,-50
131,1167,281
39,-637,423
92,545,349
23,528,191
56,-406,1508
11,1274,1160
59,-883,-102
35,1563,-59
3,-525,-305
32,1261,-143
-71,-722,-319
16,1726,-6
-97,-1071,117
-13,794,-190
-116,-1449,-141
-36,1099,150
-124,-2676,-362
-24,497,1342
-99,15,1354
45,1193,-271
-70,-426,-556
52,1464,-531
-60,-350,-292
32,-533,-634
-67,-1258,-654
13,-391,-605
-35,-1847,-356
16,-176,-601
-10,866,-148
-10,-674,-79
32,1530,29
-51,-286,1419
38,286,-302
-79,-471,-526
10,-465,-719
-90,-449,-513
9,-129,-692
-82,-2438,-821
-14,-660,-895
-48,-805,-594
-63,-334,-425
-79,-439,-738
-133,-1477,-890
-178,95,-405
-184,-499,1115
-273,784,-520
-190,523,-978
-264,-642,-1343
-148,357,-1430
-219,-2084,-883
-67,-2074,-1092
-141,-1960,-567
-63,222,-761
-127,-554,-250
-30,-444,-1100
-102,-1392,-650
-27,-179,-880
-72,-805,-757
12,-537,-1380
-28,179,-824
-9,-2775,-1302
-19,-1521,-685
13,-985,-644
4,0,-305
35,-89,-512
-12,-268,-623
24,-358,-137
12,358,-314
27,-358,-269
-54,626,183
19,0,-235
-121,-447,-254
4,-448,-373
-85,-1163,-448
-37,-3670,-722
9,1253,-814
16,358,-423
12,2864,-219
-81,-447,612
-24,358,-428
-33,-6176,-1167
3,-1104,-1325
48,-369,-701
6,5590,440
-15,1164,-115
-126,-6422,-520
16,-1441,-653
-64,-1003,-809
-55,3036,-615
-95,2697,-328
-112,-1521,-160
-130,-1952,-159
-99,-555,-596
-36,-3459,-1203
-90,-619,-797
-43,1581,-156
-77,1905,-875
-78,1036,-254
-176,-2008,-338
-140,-651,-294
-136,-1471,-476
-160,-915,-686
-120,-761,-99
-80,-1055,-1009
7,-1024,-429
-89,-1708,-619
16,-797,-908
53,872,-435
-25,-1339,-583
116,1301,-1827
41,2047,-251
-16,-1821,-210
69,-245,-599
-12,-677,227
-105,-1408,194
17,-962,-318
-81,-832,45
-42,-909,-192
38,42,-551
-47,386,-62
-19,-697,-601
71,4034,-76
-78,-1880,-1420
-101,-2211,-322
28,1055,-58
14,2881,602
-65,1273,1060
-15,-2324,189
66,-1259,-699
54,1877,434
-31,865,907
-68,-432,904
7,-2430,-522
30,1946,-170
-42,380,-1074
-97,-4652,-1039
-15,-350,519
73,1326,320
76,2440,329
33,1115,632
-30,-1964,682
0,336,1087
30,-1530,-117
39,456,-135
-21,1699,307
-89,2058,1674
-46,386,1151
-57,-2107,-2087
42,209,-167
56,1373,516
60,4256,1316
-28,3402,1270
16,-2451,873
23,-3645,173
85,1514,646
112,3309,396
98,3825,1470
118,147,1411
288,-184,1944
299,443,349
351,-3326,-534
328,-367,1004
297,-1478,1185
272,827,596
248,5010,315
109,3349,833
6,-716,1613
9,895,1372
89,-1969,131
126,4117,999
31,1969,933
26,-895,945
35,716,-830
103,268,1342
87,2774,354
-41,-2327,690
-25,-894,201
124,179,360
59,1252,78
-24,90,404
65,-1074,900
92,805,242
-14,2059,1696
66,-985,1081
123,3491,862
3,2956,58
70,-1972,1043
70,2748,720
-19,-591,538
102,628,593
-13,1368,865
24,370,663
77,1952,684
-31,28,602
78,548,235
25,1450,628
33,-1117,179
65,1889,20
-9,-1223,1879
74,451,609
32,960,710
12,-936,103
94,1981,609
-17,-523,394
71,1306,516
30,546,659
79,-829,395
62,2192,907
6,-1136,897
87,1909,270
-24,-566,1914
79,1753,1435
-41,-337,565
50,646,101
24,1893,504
68,-990,137
102,2022,296
38,-242,366
97,2315,109
-34,-1059,165
45,998,-259
-54,49,295
3,-1021,-543
-66,-282,2115
-26,-1563,-16
-1,239,-321
-12,-792,-477
69,1304,-38
-35,579,-12
80,1364,-195
-21,797,-14
58,-49,-360
-19,-49,-341
-33,-2561,-332
29,-256,-263
-51,-1718,1825
62,688,531
-27,1901,-222
70,39,-858
-14,1760,-292
-4,-1735,-726
31,-666,-446
-20,-2514,-377
90,196,130
-17,-120,142
46,1295,-461
-41,2387,383
-30,-1028,-920
-65,-660,1656
-62,-4168,-578
-17,552,-526
-22,610,-486
38,1177,-787
-43,-271,-806
29,-316,-1009
-77,-1377,-805
-14,-2492,-1174
-57,95,-301
-43,-1376,-740
-93,886,173
-198,-1931,479
-285,-519,-358
-275,1188,-1228
-311,335,-1260
-207,-189,-1271
-313,-4170,-1440
-215,-537,-990
-218,-1739,-772
-109,111,-510
-42,-480,-845
-38,-777,-523
30,407,-672
-7,37,20
11,-259,-595
-73,592,-483
-56,333,-555
-73,-1332,-752
-50,-2199,-1091
20,-4027,-1529
8,-1253,-1053
69,3490,-525
-15,1611,-367
-4,-537,-66
-5,-4564,-817
10,-1253,75
92,0,-737
45,895,-580
25,984,-160
-67,-1432,-183
-7,-715,-373
7,-716,-268
82,716,-174
-26,268,-126
2,0,-193
-90,-1969,-153
37,-716,-409
-12,-805,-1078
3,2595,129
-33,90,-681
-57,358,-187
-76,-2685,-302
-53,268,-528
9,-3848,-984
-64,-2168,-1198
25,1720,-446
-60,3043,-315
-54,-805,-928
-72,-2148,-146
-34,-2180,-641
-86,-407,-550
-21,-2946,-1345
-34,142,-576
-94,-1253,-699
-63,1536,-679
-121,-1940,-740
-85,1940,-59
-176,169,-279
-96,-339,-893
-131,-28,-100
-105,-396,-537
-103,1046,-527
-158,-2392,-1128
-88,-761,-1575
-184,-333,-991
-149,-3053,-839
-59,321,-853
-132,56,-10
-149,-2677,-613
-22,-498,-611
-30,2742,87
-65,-816,347
-20,-899,-394
72,-1059,-907
116,-64,-175
46,2178,-1326
15,-52,644
12,617,692
56,-2807,66
95,-2278,-472
93,1214,-29
57,2908,688
96,2170,510
204,1878,1075
279,-2029,569
280,960,1124
300,-606,-756
266,-448,-92
241,-1908,883
215,191,333
142,276,-157
65,-1687,238
56,-385,-203
19,65,-569
39,-3010,-478
44,566,472
44,-184,-62
38,-1566,-355
25,1283,1508
33,1149,-460
-4,-837,-601
-2,2583,42
-16,2239,-561
-64,-3323,-961
-22,-3733,450
-3,-1084,164
-1,1161,1473
18,10261,1748
-14,-940,-1196
-61,-1739,-648
-46,-3372,-948
-68,-7397,822
-5,9449,1790
-8,6039,154
-54,1744,-436
-90,-6124,-2052
-90,-9082,-365
6,10523,3063
16,5391,203
-14,509,-562
-45,-3794,-2791
-65,-8830,-8
0,943,2283
-10,7602,-626
-8,5964,-822
-44,-12728,-1936
-43,-5034,422
7,295,810
42,10310,2044
57,4027,-1065
-7,-5156,-1516
18,-10022,-704
34,-650,1225
51,6358,2214
47,3091,-127
18,3854,-718
-31,-9066,-963
-19,-3477,854
38,7780,1108
32,5619,1817
22,5971,-638
2,-10341,-2605
8,-3431,295
55,578,1662
82,2532,1584
101,8603,763
28,-961,-2525
6,-3165,351
5,-8020,528
1,-247,1657
34,6290,230
-9,836,-683
6,-983,-639
22,-4595,-627
18,-1683,1788
54,3661,539
44,698,-550
15,1878,467
24,6143,-550
18,-2774,162
-44,-1965,606
14,2531,530
7,1099,368
-1,-2679,547
-18,1806,1704
4,8485,1298
11,-4564,-734
-35,-4543,-823
-29,-2420,-914
1,-3186,-762
32,-1433,1524
38,2454,904
69,6339,160
44,7443,374
15,447,-72
-22,-447,785
-47,-1969,284
-3,-5215,-434
-7,-5699,-502
51,2051,1242
75,2767,-414
50,7259,1211
2,806,530
-51,-5779,-25
8,-1590,-734
51,1479,-432
17,5442,1124
-74,-268,568
24,-4731,-875
73,3746,94
-43,1522,693
-54,-2864,266
43,-3550,-1044
17,3371,895
-57,3222,918
-33,-4296,211
35,895,49
4,4206,646
-51,-1700,244
10,-2417,-383
65,5102,170
-83,-2864,-98
-68,-4668,-500
50,2788,31
-68,1253,1580
-95,-1969,-42
26,716,-97
-25,3759,429
-76,-2685,537
-8,-4417,-629
46,3075,-164
-20,4027,1244
-77,627,82
13,-5102,-636
41,-179,-633
5,6623,1489
-30,447,-146
-92,-447,-1102
-45,-8590,349
12,-1849,-577
53,4711,770
24,4565,1293
-47,-537,-32
-45,2058,-276
-49,-179,164
0,-7428,-3242
-14,-4467,-479
-6,5988,2994
-28,8144,1657
-19,2059,-240
-104,-4296,-965
-53,-9842,-374
9,-3100,81
60,12942,774
5,2148,-1688
-13,-10880,-1127
-8,4973,2641
43,3938,963
5,8516,-215
-46,-8158,-1559
-51,-9565,-869
1,8581,2157
98,2505,451
4,-1879,-568
17,-3490,-1183
-3,-10712,-132
49,11338,3093
97,5728,-1099
9,-1701,-2754
-4,-11110,217
41,1923,2398
55,7845,1823
55,7808,-3051
3,-7897,137
-38,-9790,1194
38,9790,1127
62,7428,740
7,987,-1817
-41,-8326,-669
-15,-3043,1511
21,9487,2512
12,4174,-970
-40,-7575,-553
-43,-4117,-849
11,-8139,971
52,13330,1096
35,-627,-515
-19,-4832,-1240
3,-6799,220
36,2950,1112
44,7428,46
28,2864,-2085
-42,-6622,-269
38,1521,3044
49,11132,706
-8,-2954,-3096
-51,-10236,1415
2,5369,1085
57,7159,-737
-51,-10202,-828
-27,-715,397
24,7338,2311
4,6249,-931
-38,-13229,-1163
-38,-2059,1899
31,8771,1835
-2,-4296,-3871
-29,-8323,-343
23,2506,1294
50,4295,-723
43,-537,-1055
-13,-179,555
-16,90,-197
-52,179,526
14,-358,-604
66,716,-550
-10,1879,388
-72,-2506,-352
-34,-1163,-237
81,1074,438
-2,0,195
-86,0,-48
-23,-89,272
62,-716,-297
55,805,-186
7,1253,290
-52,-1253,68
5,0,-362
47,89,-143
21,2417,302
-70,-1790,207
-60,-1074,-49
25,-1432,46
62,1343,162
13,1342,-204
-45,1521,1322
-26,-268,-232
5,-2148,-1009
81,268,-206
-8,1522,385
-43,-806,-41
-33,-984,784
-15,-716,567
53,716,-324
23,4743,-464
-30,3805,914
-80,-2104,104
-45,-6176,-1276
-11,-2147,668
47,1611,955
38,894,-872
44,7330,1169
-39,555,-456
-69,-6721,-328
-56,-3938,184
34,2148,1706
16,1879,-470
33,5460,-1683
-59,-7428,-721
13,89,1038
-27,4117,133
22,7184,2228
-62,-3382,-1138
-50,-8635,-2529
-21,-6981,2420
48,7429,-68
58,9148,-814
-37,-5390,-1646
-23,-8770,698
27,6533,1206
37,11774,835
-24,-12490,-2772
-19,-537,590
8,6444,3192
7,1623,-2506
-65,-9320,-1536
-28,1253,1644
50,9916,363
-19,-9916,-1302
-43,-3490,1645
77,9755,465
-14,-6086,-2669
-42,-3222,1351
50,7428,863
-24,-5280,-2951
-35,-2058,1594
67,10202,1775
-10,-8412,-3027
-43,-2775,872
49,7249,100
-3,-4743,-1371
-27,-3938,832
42,6712,-567
-32,-10629,-1779
4,7587,3360
42,2416,-1882
-26,-9670,-1398
7,8954,3137
13,-1700,-1862
-46,-3580,185
46,8502,-254
-27,-7160,-945
-27,-4721,1149
35,10091,-479
-43,-8413,-721
2,5997,1361
-12,626,-1314
-74,-11283,-1169
20,11730,2789
-19,-3400,-3450
-67,-5126,884
29,8437,504
-24,-10905,-1437
-9,10189,1584
28,358,-1517
-80,-14093,-1228
52,14451,2969
41,-268,-2430
-82,-13161,561
43,13340,1737
-17,-985,-2992
-55,-9692,2376
41,10766,102
-24,-179,-2175
-20,-8960,191
34,10302,1831
38,1074,-1952
-38,-6264,-128
3,2953,2597
82,9030,-1362
-21,-8135,-1575
-42,-9293,1334
74,10188,1338
36,-90,-1122
-8,-10024,-876
30,-185,1406
95,9672,665
65,-984,-1337
-7,-14732,-2580
36,6858,3201
79,11543,131
14,-895,-3107
-41,-6801,640
1,4385,1630
9,8308,863
-57,-6518,-873
-73,-9357,976
-15,1660,199
42,7160,-458
23,-4117,-1215
-24,-12706,-2695
18,5563,3661
70,12334,582
5,6166,-2158
-61,-15653,1855
-15,6176,681
58,11030,-249
-59,-9241,-879
-67,-10073,71
8,8463,2332
35,1968,-338
12,-626,-1270
-45,-14309,-4027
35,4541,2592
69,10215,1758
16,5102,-4555
-54,-5549,1842
-64,-8843,1591
37,1236,524
61,5012,-180
33,2506,-213
5,-90,-1418
-84,-1074,1668
-50,-4117,610
19,-895,-575
95,3849,605
16,2416,73
-65,716,-498
-83,-1969,372
-2,-6851,-1110
43,1481,-203
-5,5907,1841
-50,1253,-217
-42,-537,-317
4,-4922,-2612
5,537,665
-32,3043,2746
-49,1253,-182
24,-358,-608
17,626,-127
-36,-90,-167
-82,-3042,746
6,-6556,-1361
69,3155,-78
42,6443,1376
-40,2238,-1052
-93,-3043,-334
-31,-11632,-2565
60,3874,1834
20,9100,965
-23,2685,-424
-85,-4295,135
-3,-8673,-1364
7,2855,480
-19,3491,1810
-12,3400,-503
-81,-626,132
15,-7456,-2963
1,-481,-348
1,3373,3483
-15,8323,-1034
-16,-1880,-370
-8,-11295,-1049
-6,-3272,73
99,10361,1744
52,7876,180
1,-179,-627
-40,-4833,198
1,-10692,-100
85,1997,2280
103,8695,-639
114,-2058,-1675
4,-9215,-726
93,2319,1224
67,8954,1575
50,9435,424
-35,-3439,-2169
-47,-10202,308
-27,-7463,896
12,12832,1761
-4,-1163,-2189
-24,-13282,-2656
36,3847,2201
69,10419,1704
20,6898,-718
-60,-9135,-779
-55,-5459,1812
35,15001,2425
-2,-7394,-2410
-22,-8814,-1835
20,-1775,898
58,9157,1487
37,11754,-138
-62,-8174,-519
-81,-8681,986
-25,7159,1794
16,3849,-1635
-24,-12709,-2408
15,-2133,832
69,9472,1279
39,6623,77
-31,-5907,-1758
-61,-4385,516
-31,1969,4999
17,5190,-1368
-5,-3490,-2012
-16,-8954,-1518
14,3226,1035
64,8860,712
-4,8254,-117
-73,-10849,-822
-57,-1253,1762
36,2774,1876
25,-89,-2451
45,-1253,-563
2,89,-61
38,-1163,444
-43,-268,761
73,626,-77
57,89,-1181
65,2148,5
-36,627,443
-68,-2775,-671
50,-984,-938
-4,269,901
-79,626,82
-20,-1969,-35
44,806,308
1,1163,-1
-33,-268,143
35,268,-328
39,626,-96
-27,3043,714
-32,-3580,-823
55,-89,-290
7,1790,482
-65,-806,24
8,-1700,-101
61,716,-54
-43,1432,-4
-67,-1432,-133
71,-89,-635
-14,89,452
-84,-179,101
-34,-4206,-770
71,2506,281
-36,1879,461
-42,-537,-38
37,-1879,-104
31,2416,198
-42,268,-276
-39,-1879,-31
66,895,83
-1,895,-28
-90,-1253,-173
19,-895,-358
64,2416,264
-42,1432,-231
-63,-1968,301
12,-448,63
57,537,-431
-21,358,145
-67,1163,209
-63,-1789,-142
-16,-7160,-1732
64,4117,-254
63,2864,894
25,447,1350
2,3669,-2593
-38,-358,1115
-52,-3490,923
-4,-2416,-305
-14,-7838,-1282
60,2551,172
66,6182,1160
34,1700,517
-15,2506,-580
-45,3222,-1018
-40,-5460,-225
-75,-8039,965
29,2670,4
36,-985,199
50,6086,-355
12,0,-1421
14,-716,-842
10,-1969,297
-11,90,1123
-27,2237,1339
32,358,-535
-28,-626,-80
-10,0,-656
-20,-10562,-1253
45,-1499,294
68,11971,1353
39,5370,128
4,-4386,-656
-52,-4116,-1318
-66,-4995,1729
17,17908,3742
-22,-6022,-3193
-60,-9218,-639
-22,-7943,-757
21,2166,293
68,13205,377
-17,2685,-2277
-17,-5907,-101
-29,-3222,2363
44,5728,719
2,7197,-1394
-41,-7645,-1486
-50,-11475,-1335
-32,11207,2603
79,4475,270
-37,-4296,-696
-36,-8326,-979
-10,-9166,-1026
52,9351,3315
67,8141,-799
-3,0,-3028
-23,-13785,-1528
-1,-952,1152
51,12321,4178
21,4922,-1957
-12,-2506,-1537
-37,-12405,-338
5,3857,1135
25,1657,1634
19,9307,-488
1,5102,-803
-30,-7518,-688
-37,-9028,939
-10,-851,473
42,4151,-2825
-4,9666,1846
-42,-3938,-70
-47,-13976,-1899
-12,8338,2388
80,11008,817
-16,-5817,-2354
-10,-12212,-238
69,6305,2677
78,7517,-2187
-5,-6264,-1692
16,-2744,3296
13,7934,-363
-29,0,-1357
-65,-3848,-213
-63,-7429,239
39,-509,259
82,3741,-58
120,3392,-572
22,4117,58
-77,-1432,510
-41,-5892,-1053
52,-1997,-238
30,5651,8
-90,-3765,-141
-47,-1886,-416
37,2519,-8
-37,447,360
-46,-3446,-259
25,-407,-301
-27,1886,706
-92,-2985,-323
30,1506,1350
-40,2255,-930
-90,-1405,-336
20,370,-861
-49,1779,-74
-101,-1668,127
13,-2300,-298
34,2743,15
-27,4447,1625
20,-3707,-737
64,3617,-895
-49,716,897
-76,-5516,411
16,850,-731
-5,6904,-22
-126,-2148,-373
-75,-12169,-775
29,2481,1407
-15,12999,2337
-127,0,-888
-63,-10433,-2995
-53,-5340,2982
71,10403,589
49,7339,101
-87,-1969,-632
-38,-8289,56
10,-5187,-213
55,7032,1969
-14,6623,-118
-84,-2864,-2547
-2,-8814,-1908
4,4071,4004
-39,3938,577
23,3222,100
122,268,356
76,268,621
48,-268,1204
46,-3490,753
164,2148,-179
151,1253,-66
56,89,1406
53,-2506,289
151,2506,799
50,6265,569
-14,-4028,-594
27,-984,-387
-58,-3043,-139
97,269,-235
-21,1432,1217
81,2774,-80
110,716,-375
-62,-2596,-559
5,-805,204
-66,-179,232
-67,-2864,-149
39,3043,93
-55,626,-208
28,-89,-148
45,6175,170
-120,-6891,-536
-24,-2058,-165
8,1700,623
-90,537,2228
49,1253,-637
37,6555,-97
-63,-6824,225
-36,-2863,625
41,2863,1054
17,13467,485
-131,-14093,-1129
26,1074,-1075
-19,-1432,2524
203,10285,560
549,-10285,-3121
1234,-12716,-3078
-45,283,-6135
-1858,-7413,-7313
-931,-5504,-7785
148,456,-2338
168,4585,2303
106,5049,4709
112,8637,7421
295,8502,10050
358,11478,8502
253,5814,6709
50,-2248,2624
-148,-7007,-3983
-177,-8574,-8657
-153,-1342,-4459
-100,537,-395
-48,1074,976
-31,-269,79
-15,0,-163
33,2059,1450
69,2953,1679
43,448,1910
7,0,510
-18,-448,-315
-22,0,-97
-16,0,-41
3,0,-20
11,0,-8
6,0,-6
5,0,-8
-9,0,158
-3,0,25
-2,0,-39
1,0,-41
3,0,-27
1,0,-22
3,0,-21
-9,0,-16
4,0,-11
3,0,-9
1,0,116
-5,0,71
-2,0,-29
3,0,-42
3,0,-31
-2,0,-22
3,0,-21
-6,0,-19
1,0,-11
-1,0,-10
3,0,63
3,0,121
-3,0,-19
0,0,-39
0,0,-37
-8,0,-24