R
StartTickMs,measCycleMs,Px,Ix,Dx,Py,Iy,Dy,Pz,Iz,FFrx,FFry,FFdrx,FFdry,satI,satPID,KFQAng,KFQbias,KFRmeas,CPx,CIx,CPy,CIy,CsatI,CsatPID,CFFdrx,CFFdry,IRelaxX,IRelaxY,DmaxR,DmaxE,DMx,DMy
207756,10,58,70,47,58,70,47,250,0,0,0,100,100,500000,15000000,100,1,1000,1,0,1,0,100000,10000000,0,0,993,1023,0,0,0,0
GPT1X,aPT1R,aKFPT11R
-7,-537,119
-2,0,377
1,0,-226
-2,0,-83
0,0,243
5,0,-306
4,0,388
-5,0,-251
0,0,-8
2,0,153
0,0,-289
-7,0,402
3,0,-268
0,0,62
-2,0,83
9,0,-286
-4,0,396
1,0,-281
-2,0,78
0,0,81
0,0,-282
-3,0,405
-6,0,-292
3,0,136
-1,0,21
7,0,-290
-4,0,424
5,0,-301
-2,0,228
-2,0,-72
9,0,-285
-3,0,429
-2,0,-310
3,0,270
-5,0,-115
3,0,-282
-4,0,409
1,0,-293
4,0,266
-2,0,-115
-2,0,-275
-1,0,411
4,0,-298
0,0,301
-3,0,-152
-2,0,-271
-2,0,411
2,0,-300
-5,0,330
8,0,-183
-1,0,-265
1,0,407
-3,0,-299
-1,0,355
1,0,-229
3,0,-155
-5,0,317
2,0,-299
1,0,377
1,0,-251
3,0,-72
-5,0,233
2,0,-308
-3,0,403
0,0,-269
7,0,-8
-5,0,164
-1,0,-300
1,0,395
1,0,-266
3,0,62
-6,0,95
0,0,-298
4,0,408
-1,0,-281
2,0,124
1,0,31
-3,0,-291
1,90,439
0,0,-228
-12,358,382
22,-448,-199
-11,448,-108
-9,-269,332
23,0,-417
-37,90,403
48,-90,-193
-57,358,36
44,-179,122
-44,-179,-181
44,90,221
29,179,-10
-31,-269,-241
8,269,274
-27,0,-156
-10,-358,214
13,268,-155
2,-358,-406
1,269,405
12,-90,-292
15,358,472
-9,-268,-109
-6,-179,-174
-3,179,271
4,179,-322
8,89,335
-1,-89,-143
-5,-179,-120
-9,0,155
7,0,-251
13,-627,50
14,-1342,-343
8,1074,363
14,-90,68
29,985,-1134
-7,268,1151
4,-4117,-4133
16,7607,2059
-36,-12001,-2131
42,8332,3413
18,1969,556
5,-9129,-4892
-53,3491,3439
29,4564,-17
-87,-984,1396
-2,1342,-1240
-114,-5459,455
-19,5369,434
-116,-9753,-1172
-20,10111,1843
-12,-1253,-636
18,-178,1256
120,8193,1117
-10,-8820,-1373
41,6981,3155
18,268,-2651
-72,-10113,-88
49,8413,1439
-20,-3043,-1852
-50,-2685,888
89,8703,1628
-8,-6555,-2297
-64,-1521,1126
27,6801,2227
-26,537,-2975
-88,-7249,309
8,1879,2791
23,2596,-691
19,-3759,-2620
0,-2595,1808
31,3400,-483
-72,5281,547
-128,-6534,-1614
-16,-268,-272
-36,179,225
38,1074,530
49,1163,-752
8,-1163,247
-33,-537,-296
10,89,414
16,1164,228
-108,-1253,-64
-8,89,264
5,2148,131
-77,985,633
-114,-269,-329
-98,-1521,-596
-172,-1432,197
-84,-358,113
-93,626,355
-59,1701,-155
-13,716,-989
-112,-2506,-174
-57,-537,-147
-20,805,-77
-134,-895,-398
-53,-89,272
-1,0,2
-43,626,289
-48,-447,-656
64,-179,-12
53,1074,465
20,2774,849
76,-2774,-556
109,0,-223
22,447,482
15,90,223
1,1521,60
-75,2148,639
-121,-2506,-306
-65,-1163,-443
-4,268,738
-18,716,-405
-58,1701,2063
23,-1611,-638
36,-358,-176
164,2058,762
151,3349,625
177,444,1005
199,-5046,1046
266,895,1428
199,4595,1400
137,5187,-342
101,-5409,-1737
81,-8221,1992
122,9182,3196
139,5780,-613
25,-13172,-3704
34,-537,4996
93,12615,-438
28,-11362,-5271
-11,-2596,4348
68,13601,2024
39,-3959,-4086
-58,-8836,639
62,13223,3375
34,4898,-2376
-85,-16331,-561
19,10768,3149
32,9637,-229
-80,-12250,-2460
-64,1282,4548
46,10376,568
-92,-11564,-1482
-63,-2682,1717
95,18124,2793
-37,-13717,-3729
-39,-2669,1673
124,16399,1634
-30,-15484,-2865
47,7058,5591
22,3994,-3429
-24,-4484,2270
25,1335,-651
-27,-3786,2016
26,7897,-1773
-32,-2935,2534
30,2063,-1922
2,2753,3326
15,-7877,-5193
-22,5530,6774
8,-1663,-4272
-31,5009,5142
-10,-3346,-3509
-6,6800,3430
-8,-5482,-2664
6,3734,2718
-6,-9240,-4360
11,8468,5227
-38,-9184,-3312
26,13239,846
-18,-12090,-663
45,17088,3365
-43,-18780,-2551
71,16460,1419
-63,-18135,-528
43,14738,1063
-68,-12257,-2603
18,9338,1093
-36,-5224,-60
52,5408,192
-30,-14250,-700
133,23749,2137
-16,-19153,-3469
46,2805,3755
45,9366,-1163
-32,-13911,-2221
41,12377,3071
57,-5170,-3623
-21,-11054,-2419
53,13565,5856
46,6579,-1719
-59,-9724,-1715
-42,-4097,1501
49,7793,293
17,-4343,-2873
7,-4186,890
-26,5029,1256
-10,5008,-165
-40,-10432,-2895
36,5093,4080
62,9839,-71
-86,-7363,-661
-46,-7343,-842
42,7073,1218
31,1574,-1767
-22,-6606,-688
-48,-571,1787
13,9989,413
-7,-5695,-3534
11,-4380,2519
5,8751,1550
-63,-1976,-1174
-45,-11385,-1566
71,7002,2710
45,9628,516
-50,-6681,-2969
-11,-6968,851
82,7547,1274
50,3222,-2043
-99,-6319,28
-35,-5629,-182
79,5734,1893
-12,5931,-901
-65,-5811,-656
53,-2718,-692
39,3049,1768
-31,2030,-275
35,2099,-507
-44,-4700,-148
-28,-3342,-378
63,4320,370
10,4300,923
-74,-3137,-1583
1,-4532,-606
-15,-1064,690
-35,3202,1272
51,5126,-806
-59,-3640,-1514
-44,-6492,501
69,3947,738
6,4330,-719
-72,-1800,-408
-26,-4128,-1540
0,-225,1789
-33,4143,889
14,1288,-1516
1,-269,-161
-90,-5463,-734
24,226,1378
45,2604,-182
-30,2024,-268
-30,-1655,-1065
60,-2766,-913
12,-151,1628
3,1489,418
82,770,-518
57,1782,-226
-34,-2621,-744
54,-813,431
81,1315,312
-11,-900,437
76,-1662,-614
123,1800,-285
23,1211,503
-7,-1193,-934
95,-1743,83
37,-1080,-488
-38,-627,517
24,2046,-111
-52,2341,-530
-139,-2209,-484
-30,-2513,-1311
41,753,1091
-15,-690,1
74,-21,-875
84,2189,650
-34,546,-519
-45,-2024,-88
25,-209,-829
-87,-1795,-664
0,-380,434
43,2405,-520
-23,-481,290
29,-1378,-1216
10,96,-993
-56,-3140,155
33,-566,-779
-24,1301,902
-5,-764,-840
24,2146,-754
-49,-190,210
-59,-1758,-1507
-3,-452,561
-68,-2278,-1159
0,-665,82
-22,665,-499
-46,-1331,-1124
-3,1331,-26
-88,-961,-615
-37,-1398,-439
-42,1509,-592
-115,-3657,-1963
-7,-89,655
-108,-1969,-914
-17,-179,-97
-8,537,-343
-17,-895,-49
35,0,-687
-42,-895,-617
25,-179,-219
-31,268,-544
26,-626,-668
26,-269,156
-21,358,-766
-3,-358,-21
-30,-447,-388
-3,268,-344
-76,-89,210
-18,-90,-826
-37,269,568
-55,-358,-612
-2,-179,234
-63,-805,-355
12,89,-549
-6,-984,336
4,89,-700
18,179,423
-31,-3043,-1050
88,2775,366
19,716,-103
31,-806,-844
43,1790,907
-27,-895,-713
37,269,-326
-48,268,43
-3,-537,-719
29,537,-83
-45,-1432,-341
0,-537,-479
-7,-1700,-86
-52,-1880,-317
40,-179,-294
3,-1654,-240
-49,312,-77
32,-1015,-691
-34,1015,-38
32,-1310,-946
11,0,-713
-60,-518,660
56,-1146,-1425
0,296,492
-14,-296,-615
83,1849,-754
-26,-1553,113
1,-74,-917
45,1072,619
-13,1368,-442
-10,0,-718
31,-776,369
-40,665,-174
26,-1146,225
14,222,-626
-86,-1220,-109
8,-555,-49
31,924,-238
-57,-2034,-7
8,-311,-646
33,-622,-686
-51,-2083,-290
-17,-1064,-314
58,802,147
-10,2826,-307
-25,-2018,-710
40,-2300,-556
29,355,-115
-57,-564,513
7,-1013,-1172
24,1410,76
1,962,-129
-64,-2203,-1154
-16,-2871,67
74,2042,-383
-18,2070,533
-45,-1203,-730
-1,-3583,-1379
33,770,431
31,3265,-94
-58,2031,-35
-29,-4151,-658
-1,-2905,-732
75,717,-800
59,2084,-1038
-6,1923,263
-49,-2131,-597
-17,-3557,-376
-27,-525,88
16,1594,-805
-61,788,48
-53,1407,-159
-74,34,220
-100,-2996,-264
-78,-316,597
-30,-284,212
-51,1427,-825
-56,-3780,-1473
-37,-713,-800
-44,1416,644
-46,148,-384
-90,-479,1206
-47,9813,99
-134,-2129,-723
-147,-11361,-809
-88,-3467,-66
-68,3932,342
-43,4867,-1337
-70,-4226,-2266
-40,-3398,-673
-33,-3214,207
28,3380,612
40,5765,254
-36,530,-973
-11,-556,-335
-12,-5073,-940
-8,-2889,1882
45,1883,-297
34,3737,-723
-2,1983,-505
-25,-2443,-1605
-77,-4070,1747
-28,-2134,-484
-4,4954,561
-11,3668,-82
-28,-1189,-878
-77,-3669,336
-35,-3200,-1514
0,2466,1424
12,2862,382
10,2640,135
-54,1246,-728
-21,-3197,-185
12,-3271,1367
-25,-96,-404
26,-921,1193
20,3644,1019
-4,-147,-1066
-1,450,716
-32,-1130,-930
-3,-3115,-414
14,2216,1777
24,-510,-419
24,2680,508
22,3087,1740
24,-1385,489
11,5573,-183
-3,-2035,-708
-14,-1466,420
44,882,164
33,-1811,851
123,3997,851
78,-2370,-824
78,1716,1136
73,210,-232
66,-1756,1141
70,2761,266
50,-3087,-717
118,1932,1813
140,-166,-212
113,361,769
152,3365,970
137,-885,-185
118,1827,1315
90,1648,326
63,-1610,-158
36,1129,729
71,335,-173
23,-1747,267
3,-2941,162
42,2508,1226
32,-717,-288
59,528,485
66,2159,502
-18,3484,696
-29,-1182,464
-46,-2427,485
40,1499,135
9,2026,225
-83,-2501,107
9,2218,1046
84,-1315,-784
12,-1634,396
69,3316,-72
108,3501,-123
-21,-518,1651
-28,998,81
11,-295,562
-53,998,1461
7,-37,-969
35,-703,512
-61,-1959,397
30,-1108,-304
-43,1182,949
-26,1146,331
4,296,-381
-82,-2765,-40
33,3356,1097
-36,-1442,-215
-73,-1490,1624
44,3339,51
-40,2734,624
-62,-2845,289
37,1503,-199
-1,2953,1514
-60,-2506,-1017
20,-1432,985
4,5818,1457
-48,268,182
32,-716,666
1,1164,336
-39,1163,691
-35,0,-73
19,0,-520
-75,0,823
-96,0,-92
-20,-1879,-197
9,-2059,109
61,6175,964
-18,4386,584
-70,-6712,-1266
-65,89,2173
72,13197,1845
-34,-9617,-515
-57,-3133,-500
87,12693,2573
-35,-10545,-2328
-11,-2595,1687
56,8880,1941
14,-4405,-3702
-7,-6444,1594
64,2148,1752
108,8960,-972
23,-7439,-1685
62,-1611,262
67,7867,2027
37,4901,1257
-33,-3903,-1819
-26,-8417,288
70,268,8
97,7964,1472
5,3409,1225
-61,-1893,-565
1,-4110,-430
61,627,-231
31,1561,1849
-45,1405,1149
2,887,-491
-6,-185,-176
-73,-480,-18
-49,-5247,1063
54,3287,329
44,6730,513
-54,658,892
-57,-1395,-529
26,-4218,33
23,1610,457
-35,0,1757
3,2632,324
70,3332,-244
-8,-2524,49
-51,-1474,82
-5,-1882,1446
61,4295,335
41,6418,-962
-94,-4758,517
-52,-7501,-80
52,1773,1772
74,11960,502
-45,-932,151
-91,-10915,-1400
-5,1301,2251
76,7907,432
39,-2613,-3133
-21,-3816,1004
-33,7594,2857
-21,3292,-773
-18,-9397,-1454
1,-5600,-310
50,6702,3314
26,9561,742
-76,-3623,-1873
-46,-9694,-323
63,5057,2114
106,7263,-359
5,-1310,-1352
-64,-7235,1366
16,2929,2618
25,6478,261
35,-3545,-1763
-38,-3763,-299
-48,501,3274
49,6623,24
48,5111,-2329
21,-9696,275
15,-2314,2006
47,8754,1756
109,176,-1032
44,-1859,216
45,-3660,-255
74,2361,1632
45,3040,148
116,-1618,-2712
35,-2269,1007
7,-2370,1299
69,7984,2021
125,919,-54
85,-137,-2027
33,-3392,2016
65,-4476,-25
94,6540,290
143,3872,179
13,-2703,-1088
-9,-5914,2484
81,4408,531
109,5663,136
-5,-6401,-2736
-24,-3603,1702
41,7043,1410
123,205,-1784
-7,-3868,-315
-36,-3582,1042
59,5033,168
85,7682,601
-30,-8818,-3081
-59,-6305,2865
57,11717,1068
86,-65,-1059
-53,-7828,-1781
-5,5491,3129
56,2844,-1161
-28,-6758,-3876
-43,1006,4059
3,5733,-322
-2,-8675,-1783
18,-2878,471
34,9179,1048
-89,-3087,-2226
-6,-6995,-461
81,11341,1664
-50,-3289,-2738
-107,-10943,-499
39,8749,2754
64,671,-4166
-91,-7568,1079
14,10445,1943
-7,-5946,-4016
-22,-8750,-293
5,12092,2480
-47,802,-1541
-73,-10719,-2301
42,-241,572
22,7368,840
-65,-1557,-3009
-23,-7348,-113
59,1254,-424
-56,4617,1736
-87,-917,-2239
-89,-4661,-2363
-156,-2842,247
-94,-523,-1107
-118,4364,1056
-190,-1982,-1943
-127,418,-35
-207,-3834,-1584
-55,-396,-1058
-58,-28,661
-26,396,-1012
14,824,28
-41,-1135,-1012
11,-736,-1326
-60,-622,223
-58,-2956,-2018
-23,998,878
-87,-2396,-2098
-31,179,393
-78,-3222,-1427
12,-89,-1567
-71,-1522,-190
-42,-537,-1087
4,90,-403
-68,-1164,-531
35,179,-1134
-24,-537,-33
-22,-179,-903
42,-89,292
-42,0,-518
11,-89,-151
20,89,-293
-39,-89,-197
46,-448,49
-24,448,-319
-43,-269,30
63,-716,-390
-20,-716,-159
-7,-1074,-356
41,-895,-723
12,-358,534
-14,-1163,-1155
79,1432,314
-37,-1432,-312
-9,447,-1063
41,-1790,-765
-27,-1111,-993
-13,-1146,-617
15,-407,-865
-37,-222,-634
-23,-1294,122
30,407,-991
-46,-1754,-117
-27,849,-821
56,367,-385
-52,-622,-468
-58,-1697,-1339
38,28,359
-55,-180,-363
-63,-571,-362
20,1034,-401
-93,-392,-371
-73,-1070,-463
0,-642,-1167
-95,-790,595
-62,-919,-945
18,480,521
-92,-669,-435
-78,523,-659
13,1875,-326
-108,-1917,-669
-106,-916,-356
-1,1502,-331
-102,-1690,-371
-107,-717,-226
-18,1487,-163
-120,501,-184
-117,-501,-587
-56,-1242,-37
-126,735,-650
-109,-735,-822
-93,321,40
-129,264,278
-116,343,-392
-35,1317,-293
-113,-355,152
-97,-1475,-583
-31,-226,-63
-91,-1166,-1124
-109,-2095,384
-60,1732,-866
-91,-588,103
-105,-2065,-580
-8,-2391,-828
11,596,49
-31,-959,-500
-37,746,332
28,3555,-177
-72,-385,-140
-113,-177,326
-28,-2313,-424
-10,3445,839
-25,2498,569
-65,494,921
-2,-1134,886
38,-170,-860
-1,-599,373
14,-3100,-700
93,-2362,938
255,3273,185
167,5660,188
151,928,542
66,404,767
150,24,2019
218,-3813,-501
347,-2103,44
414,-86,-426
281,5146,2007
247,3158,1672
248,-198,439
319,-3198,-741
239,-214,-264
162,666,953
131,47,162
93,3095,820
-20,-962,345
-54,-3458,-361
37,-356,391
42,1515,-309
-41,-405,882
68,500,44
109,2911,829
9,537,334
35,1006,124
72,813,757
85,2149,192
-24,-707,1216
38,-850,-283
58,1557,695
-19,358,1478
32,1700,580
91,448,446
84,358,659
-4,-2327,721
100,-2353,-545
109,2353,632
50,1074,1022
41,-2096,-919
134,1469,1860
114,3580,459
28,-268,914
126,-1880,-632
204,3670,-278
140,179,1976
179,626,158
245,358,954
250,0,-1241
143,895,845
121,-358,1158
116,-537,-593
149,0,1292
69,1253,-598
-2,-895,626
74,-90,-205
38,985,-668
-67,-1253,1313
24,358,-1080
45,716,1315
-21,358,-358
10,-537,-349
68,1700,722
-22,179,-641
-26,-1700,902
13,805,-1030
-96,-716,930
-72,-1163,-839
-101,626,-994
-268,-537,1043
-263,269,-1163
-410,-358,777
-275,-895,-581
-255,537,-69
-317,447,-264
-319,716,-1161
-412,-1252,-141
-271,-3043,-890
-225,2953,625
-165,537,-270
-94,0,-716
-138,-984,119
-70,-3043,-1371
-4,1342,461
-56,0,-269
-110,-1879,-850
-41,-537,-863
-74,716,-662
-114,-1432,0
-37,89,-1601
-84,806,-364
-173,-2960,-1347
-155,-666,-1071
-180,-517,-564
-215,-1775,-992
-138,-1508,-588
-167,1188,-663
-197,-594,-748
-139,368,-408
-176,731,-364
-215,-2485,-1232
-111,-1620,-1290
-64,-1159,-734
-109,-1025,-295
-50,-2227,-445
40,1415,-639
-8,1879,-232
-65,-419,-1112
4,-2176,-495
37,923,-745
-71,-169,-297
-63,-735,189
-19,-2626,-1444
57,610,-306
15,2581,-79
-41,-1975,348
7,-1697,-555
54,2302,-474
6,-812,-18
-69,-1169,244
-61,-1837,-343
8,939,-361
-69,1963,512
-93,-761,210
-1,-2226,-850
10,708,108
-32,1310,485
-21,-1626,186
54,1038,307
153,2439,229
81,2620,639
18,-355,882
26,-1989,273
63,1505,184
23,3440,1893
-47,846,-741
14,-2527,574
41,397,810
-33,571,53
-25,-2501,888
66,-395,-511
114,1489,1018
75,397,444
167,-1981,-519
259,2023,535
379,6650,1737
270,3732,2032
255,-2919,459
242,-4625,829
336,1103,806
289,1156,431
266,-74,284
213,37,1157
267,3980,1390
156,5638,1054
79,-89,2152
45,716,825
41,268,483
-30,-1790,970
17,1253,622
45,358,616
-35,-358,-128
75,0,790
-9,-268,-408
65,537,798
12,-269,-321
21,537,780
50,179,-124
-26,89,-39
96,627,954
-17,-90,-580
33,1880,1201
-22,-358,-224
46,1611,272
-31,-90,1212
53,3133,-112
-39,-627,1259
24,2927,729
-54,-1368,-166
41,185,1543
-51,-185,-43
34,-2096,537
21,-2058,-1007
81,716,1293
-11,1790,-116
83,1521,994
15,-268,162
11,2096,360
34,-998,844
17,2255,397
58,-37,794
47,2344,726
40,1024,369
70,880,1272
8,577,386
106,1547,821
44,-1170,338
85,41,374
122,2480,1274
53,-2271,-19
144,586,1468
99,1101,170
105,-2126,716
124,2163,299
47,-94,154
126,188,756
49,1886,65
83,-432,905
72,674,-97
47,-778,283
97,813,300
65,654,-430
114,465,1245
49,-176,-756
103,96,952
89,830,-740
72,-878,170
135,289,121
43,-225,-599
67,-1176,1003
34,759,-858
11,-1572,635
103,138,-482
64,18,-364
144,-894,1050
164,1049,-972
82,-691,1606
127,86,-1669
54,709,804
-26,-1267,-753
48,1647,-1377
-46,-1158,1489
6,156,-2304
-19,-87,1445
-60,-1937,-1884
-95,607,-400
-269,-1088,-93
-262,-1991,-2469
-428,-5349,334
-402,5563,-273
-559,3675,-711
-541,-9645,-3862
-519,-2072,1576
-352,8351,-1169
-368,-6205,-4979
-259,-6979,785
-183,2595,56
-121,3904,-1835
-63,-950,-1722
-151,-5549,-2107
-50,-1432,-415
-5,984,-783
-112,-626,-83
-17,-537,-970
-35,268,-194
-121,-447,-201
-47,0,-550
-69,0,-131
-163,-1074,-486
-67,-716,-567
-117,-626,-674
-128,-3222,-970
-57,1521,-703
-122,90,-625
-177,-2327,-1539
-110,-179,-1471
-214,-1645,-1049
-155,-1849,-1254
-177,-1133,-982
-204,-2221,-961
-88,128,-1034
-201,-1769,-802
-129,119,-1062
-200,-494,-523
-187,-1484,-1256
-117,-1158,-954
-165,-94,-978
-39,-883,-576
-78,-2079,-1193
-41,-112,-309
106,80,-369
21,-417,-607
52,866,-215
175,3412,-231
23,490,289
40,-2516,-210
123,-398,14
130,-2989,-105
104,-1851,-1066
220,363,-187
161,4927,698
36,2050,1518
-42,-1705,-1160
74,-3438,40
80,-481,-86
25,1879,-273
57,2670,512
7,151,-107
-44,-2060,774
-53,-1418,321
87,-2462,-844
116,269,-469
87,3011,454
76,2754,833
43,377,316
-10,-3372,-243
60,-2529,-740
115,3750,302
-38,2725,1027
-38,125,360
-28,-2729,1026
-55,-2660,-902
149,1206,-90
70,3842,755
-41,1219,821
13,1044,744
-36,-2979,39
1,-1620,-610
119,692,674
-19,3907,103
-24,2193,834
-38,-2003,364
-124,-2528,292
82,-754,-865
5,2257,341
25,859,30
-11,3159,1492
-66,-452,838
-7,-1471,-289
-64,-2910,-160
47,1460,292
40,1664,629
40,3411,1114
50,1552,519
-35,-3226,678
116,-1642,130
60,341,323
150,3862,578
11,998,182
29,4583,1634
7,-716,1447
-23,-1074,776
58,-1253,1006
92,-806,-222
252,1522,881
149,4833,1420
195,1163,574
140,-358,1117
165,-2506,408
319,985,534
222,1074,259
209,805,306
88,1074,1014
113,805,288
-6,-716,820
36,-895,-156
-54,269,444
55,89,370
-21,-447,-201
51,3132,1742
-17,2775,138
18,2203,1427
-38,74,787
29,1146,312
-27,-1257,1352
23,-37,800
2,-1324,218
-1,0,527
22,627,483
-4,660,39
48,1294,305
-6,2791,1018
30,538,-19
-48,1270,1365
24,2329,899
-50,-2662,174
-2,-739,450
44,-198,-375
18,-1415,792
135,2994,-403
19,-832,1065
111,3166,262
-5,-63,1194
76,2693,359
-19,-1287,344
61,2525,1400
-7,-2939,-508
15,-283,1302
46,94,-98
19,-908,751
71,1398,159
25,-19,-800
68,935,1644
18,605,-580
86,1999,1151
3,-497,-129
89,1967,439
21,1049,1065
57,142,-178
22,715,1335
53,728,-280
35,-311,960
30,-121,329
68,727,-192
11,-321,1063
33,-433,-374
0,805,955
22,-154,-5
-12,577,-7
31,-102,588
17,-488,-584
1,1379,1410
55,-675,-728
-12,37,1058
57,245,-440
-3,282,462
47,784,565
10,636,7
39,-35,1028
7,434,-684
74,294,1087
24,-1211,-1041
47,928,-44
38,-1128,184
30,1049,-323
8,79,866
8,743,-717
37,-460,470
19,-646,-532
65,-94,-401
7,-589,413
78,910,-1021
-16,-509,1079
56,247,-1094
15,-212,833
21,-648,-435
32,-743,-1051
-34,-295,879
14,601,-991
-68,-2014,689
36,1340,-852
-39,-882,352
26,-377,-146
-26,-390,-1129
13,600,1124
-17,-210,-1375
-12,543,878
-4,-38,-1077
-55,-774,79
-32,-1191,-932
-48,-114,-1044
-9,-814,552
-65,-406,-1192
-18,-737,188
-45,-960,-1081
21,-177,-173
-55,-2982,-816
19,1112,-1582
-64,-1300,545
26,339,-1439
-18,358,688
15,-904,-1510
-37,-333,-547
-82,-878,-422
-151,-1153,-1461
-171,-285,-50
-288,-1298,-1644
-204,917,-19
-277,-1935,-1506
-207,0,-1113
-242,-2920,-578
-177,-961,-1578
-155,-592,190
-136,-2096,-1430
-131,-1163,-1118
-143,-627,-987
-114,-1253,-1668
-116,-1342,-642
-91,-90,-1250
-122,-716,-543
-125,-179,-1009
-110,-268,-675
-86,-268,-317
-30,0,-649
-14,-90,-66
-41,-268,-393
-103,-985,-673
-98,716,-556
-126,-1432,-838
-111,90,-1341
-132,-537,-1641
-72,-2059,-1091
-131,-984,-1085
-52,0,-1067
-175,-2805,-1209
-109,-1109,-1619
-160,-1966,-677
-154,-2944,-1401
-105,-1885,-1150
-120,-1079,-798
17,-660,-1460
-21,-1702,-786
45,450,-574
43,415,-1096
-29,837,-564
8,660,-243
-57,-19,-17
-50,-1582,-1215
11,-864,-181
-88,-3757,-447
57,-596,-1638
6,-525,-506
5,566,-669
47,2471,-396
-38,271,54
-73,-1479,24
-15,-3129,-199
-46,-1775,-928
78,-754,-967
-46,1700,-235
-64,-663,-456
-27,3519,444
-167,-458,592
-53,-2861,13
-11,-1090,-923
-42,536,-76
69,1373,-536
9,3616,662
-60,-212,-212
-60,-2969,579
-59,-3126,-270
-66,-264,-771
14,3569,524
-136,2294,357
-109,-71,893
-28,-1915,-633
-7,-1729,246
26,2178,323
70,3918,74
-53,-1021,1132
-78,-5169,-231
202,2647,67
78,3575,798
-85,578,1312
4,-3843,152
98,880,-840
58,2786,877
-16,1931,336
18,-1175,848
20,-3669,673
89,1775,-534
202,5591,1453
72,-1587,662
127,-2336,474
338,2902,-503
189,2569,1930
52,-2645,1163
183,-2497,-429
534,6972,1609
410,1782,1825
556,-1971,488
435,2197,1607
246,-849,636
248,-2109,415
143,3463,1040
128,4927,1365
-82,1074,1416
20,-179,1173
-70,-3641,524
24,333,950
3,0,547
102,2413,1087
49,4565,1024
69,1163,1225
4,0,772
24,268,697
-2,-179,345
88,-89,-80
23,0,1404
161,447,-460
38,1432,1090
102,6114,1503
6,481,1349
107,1146,1068
12,-3087,907
121,2754,1958
86,-1183,241
127,2736,1728
56,433,234
75,-255,534
39,708,579
6,-1108,-309
106,2239,1748
34,1784,604
113,405,1228
168,873,-452
107,2383,1342
34,-2236,556
137,-1520,-625
103,3021,2164
31,434,46
98,-792,1745
198,1599,-399
146,2624,303
93,-2278,901
168,571,-548
105,648,1827
24,16,-180
95,2019,1357
14,2028,-575
-67,-2585,-592
-28,0,308
-186,-2783,-1114
-203,1353,2462
-317,5134,361
-352,2067,-557
-431,-11222,-2641
-298,5160,2643
-254,6098,-87
-301,-6563,-3585
-220,-3791,2565
-187,9307,571
-104,711,-1207
-166,-8869,-1622
-37,1047,2772
-42,6555,167
-125,-2922,-2803
-53,-4256,748
-73,-801,96
16,5964,936
4,2656,-113
-102,-4830,-1773
-12,-3903,-92
25,-339,-10
-49,3728,890
39,2674,-263
-27,-241,1
-41,-5558,-1062
61,-94,1143
33,5935,773
-48,745,-127
19,-633,-1416
-65,-6255,-1376
-44,-1818,389
69,5132,977
-32,3601,-1342
-47,-2974,-227
8,-3040,-1093
-44,-2510,1889
27,2510,-152
50,4033,-62
-60,-1764,-844
-17,-3415,-661
77,-508,297
30,2051,789
-27,1118,-380
45,1059,-449
-77,-1243,-10
-45,-3422,-1420
60,-126,-62
-5,-1129,625
6,2219,-278
49,2594,-38
-62,-1312,-411
-47,-4078,-284
53,166,-330
-9,1896,1279
3,584,-50
27,735,-716
-19,645,83
-60,-3344,-764
42,-1158,283
29,1179,147
-23,-703,417
54,2532,-79
0,1702,-195
-63,-2361,-495
43,-627,-900
8,-83,1020
-25,-1377,-343
67,1418,-224
-2,1253,424
-33,-1253,-1034
16,983,328
-79,-1735,-647
-4,-1094,32
35,262,-80
-44,-119,-262
55,428,327
36,1317,-515
-37,-1127,67
48,437,-714
-42,-1032,575
-33,-1626,-773
52,1579,96
-59,-1353,376
33,-113,-799
-6,776,741
-23,-1314,-857
46,792,341
-49,-1555,-150
9,1188,302
47,2435,436
-50,-785,-558
-14,-475,-179
12,-547,-606
-54,-2495,342
44,961,307
21,2318,491
18,500,97
43,-951,-1335
-30,142,631
-32,-1697,-467
45,1531,400
-51,-238,-289
-36,-2397,-771
45,-300,602
-43,-924,205
34,3403,655
61,2428,-386
-57,-1235,83
-39,-2636,-1149
49,1780,-333
-45,-592,571
3,-3222,-1327
72,295,1079
3,2135,370
-4,481,-365
67,2139,288
-57,-832,-1493
-67,-3405,210
41,-2181,-272
28,1737,1248
-33,-702,-150
66,2310,-224
6,2527,89
-74,-2244,-549
36,-1706,-512
5,999,-338
-59,-2589,430
31,222,-394
41,2848,292
-51,1590,-131
-62,-1732,-1368
31,-1005,-325
-38,-4338,313
-9,-1163,1547
63,4392,-266
50,5724,421
-91,-2902,-756
-16,-4227,-361
60,370,-404
17,1442,-108
-39,-888,814
24,-961,-650
91,4716,347
-43,396,-1086
-80,-4521,149
7,-5689,248
75,4987,-414
53,3441,925
-55,-56,215
-50,-2017,42
15,-1294,-1963
-7,-2734,-30
-7,1700,1456
-27,7928,2168
-32,-1474,-1927
-7,-5642,-2129
18,-5108,-592
36,985,1297
46,13639,92
-41,113,174
-64,-15721,-2572
7,1521,3658
47,5828,71
41,1146,-2070
-2,-10285,-2046
22,537,3631
54,14922,589
-6,460,-1127
-72,-11265,-987
-43,-1164,2149
52,10700,2033
-64,-2973,-3891
-62,-11396,1742
20,447,-168
64,10535,-104
-4,-2071,-2605
11,-7032,-1783
46,-179,2600
61,14147,1627
-4,-5420,-3478
-62,-9980,-361
-47,6355,3603
98,12479,1334
-53,-7885,-4410
-59,-13991,-673
8,4295,3563
46,9208,-3223
-14,-5449,-1958
-22,-11455,-494
69,7338,2699
37,12090,-167
-20,-11821,-3037
-28,-1432,1225
39,11160,633
3,3933,1695
-52,-12587,-3523
-40,-2595,2222
27,3579,1373
1,4836,-1576
-40,-8594,-2859
18,-4475,1658
62,4743,696
81,11443,419
-21,0,-858
-63,-10011,-1490
-66,-1700,863
41,268,264
64,1879,-1204
53,1880,-280
-55,-716,-343
-71,-2775,-362
-30,-1252,716
62,984,1106
86,358,-2117
21,4654,1070
-31,89,-69
-77,-4475,-1210
8,-984,-51
40,-358,-308
49,805,687
6,3938,644
-87,-1253,-194
-51,-2774,-1215
-15,-1879,-247
48,1253,156
36,626,-255
-24,2685,956
-74,-1969,-653
-56,-1253,-49
6,-2953,-1015
52,1879,403
45,1879,519
-22,4207,169
-101,-3043,-312
-69,-3132,-765
-15,-6182,-1066
52,5108,654
38,3758,347
-43,2417,-465
-106,-3043,-19
-75,-6354,435
-14,-358,453
24,6354,723
34,179,-1078
-14,-179,-468
-38,-2595,-576
-10,2595,1464
-11,3490,1403
-31,-268,-1238
-73,-3490,-332
-22,-8723,-1573
31,1109,1354
79,6898,161
22,1700,-113
20,1163,-587
-7,-1879,-166
22,-89,1236
14,89,827
19,447,-993
20,1880,441
27,-4385,-2306
21,-6416,1248
95,6058,1188
120,3311,565
42,5549,-558
7,-2506,1064
-13,-3491,-889
22,-447,-159
-20,-716,847
14,1342,356
-18,-179,-883
29,-3848,-1469
12,-1342,1320
65,4743,377
34,8622,1505
-23,-703,433
-102,-5861,-1534
-49,-4116,-288
-2,-5676,-204
68,7018,1628
83,12074,486
-48,-2810,-2828
-49,-7832,1794
-51,-716,1776
52,4117,968
-30,7524,179
-58,-11730,-3192
-36,-10418,-425
55,12028,3070
41,6176,-1120
4,-9755,-3087
-54,-1343,2263
33,3401,436
44,10905,2082
-13,2377,-1363
-32,-10239,520
2,-1343,-1162
20,-179,1818
-19,5281,960
-19,-2059,-620
5,-4743,-2451
43,-447,500
52,1342,818
35,2685,-801
-35,3669,1918
1,-1879,244
32,-2506,-2321
14,1074,246
4,1074,-70
-31,-537,85
-84,-4475,-649
4,0,709
65,1611,-234
33,7713,1286
-69,-4044,-1133
-59,-4206,-1251
34,-1074,-262
50,-179,377
-3,537,-650
-38,447,1368
10,-805,-786
2,-89,-165
33,4385,-466
-53,2953,770
-98,-5459,-645
-72,-1790,-22
-23,268,2272
40,7947,1658
-46,-7052,-4300
-53,-13172,-2647
8,14873,4692
39,5721,418
-9,-8585,-2713
-38,-12716,-1451
6,6093,3489
52,13604,-836
-24,-12977,-4447
-39,-5079,4235
40,10896,755
25,1790,-2007
-25,-10380,-2377
-6,369,4019
62,19277,1117
-11,-12667,-4254
-49,-7497,3287
36,17835,2126
-16,-8190,-2883
-71,-8906,-1666
0,8548,5674
13,7993,-2703
-71,-16060,-2744
-9,8067,4897
43,9361,-714
-40,-9361,-2211
-7,-4117,629
71,13552,3014
51,2545,-436
10,-11980,-3852
21,-626,3422
78,626,-817
74,358,-1517
41,5370,-514
-4,2265,1076
-28,-3250,-490
-64,-4564,-1745
-34,-1521,1650
43,1342,-1390
62,447,-98
-41,1164,-51
-56,-1074,605
-32,268,-290
54,-805,-1396
4,-89,966
-11,1073,-341
-63,-984,411
13,-1074,463
43,1074,-425
31,6175,800
-32,-2864,-982
-77,-2953,189
-27,-537,-674
10,-1790,898
39,1969,-570
14,2864,506
-55,-1969,-121
-11,-984,351
44,89,-368
89,0,-904
35,1790,928
-11,1611,195
-82,-3222,-192
-46,-716,-445
21,-89,635
76,626,-794
-4,0,-579
-58,0,903
18,1700,713
-28,-1700,-1062
51,-1521,-1101
-22,984,690
-9,537,-244
-53,-358,-49
-7,-4743,6
34,2774,-569
42,2238,757
31,894,-1088
-16,-268,499
-46,-537,-40
-41,-5459,142
31,626,-99
48,3491,-273
39,3937,549
-43,-2595,-1846
-70,0,1483
-62,-268,663
34,-358,-14
40,-1701,-558
67,2327,278
10,1969,-1022
-31,-537,-824
-69,-3401,1430
-4,-4117,119
36,2775,-878
78,3311,1210
27,537,-1363
-16,447,1186
-22,-984,138
-58,-1521,744
-17,1521,-112
27,0,-191
58,1521,316
-1,-895,-1834
-13,-537,1855
-41,-89,387
55,716,1482
-8,-716,-901
44,89,-427
11,-89,-228
40,537,345
-22,-358,120
-20,1611,2238
-36,6536,905
-9,-5999,-2460
34,-2327,-1
25,358,506
0,1253,152
-4,626,819
102,985,-646
79,1342,248
-28,627,1416
19,-269,8
27,-2148,-2043
-30,3043,1472
-77,627,361
-69,-5818,-2413
14,-268,1683
-42,3669,-440
-64,-4027,-643
64,89,1473
58,4923,18
-37,-4386,-859
51,806,1602
84,3401,-1321
-33,-1701,233
32,-1521,131
67,626,-1207
-16,3759,1044
-108,-2506,-843
-30,-3401,-310
-24,985,42
-51,1700,-199
-44,-2774,18
35,0,-385
41,1611,138
-39,4027,1405
10,-3311,-1449
62,-2148,-607
2,984,-491
-31,-984,211
61,-179,-572
26,0,871
-34,89,-679
0,-89,405
49,0,-571
-4,179,-187
-79,-179,217
-35,-805,-634
26,805,489
-29,89,-472
-53,-178,452
44,-1253,-715
48,895,181
7,0,236
-54,-627,-521
-4,-1074,-192
37,2148,232
-16,447,-398
-74,-447,0
-93,-5817,-84
-54,3848,644
43,3311,-1262
-40,-7965,-1356
-9,1074,1397
69,5728,-1853
-13,-6444,1167
103,10561,834
71,-4296,-2963
-5,-5370,2831
79,7876,-21
35,-2506,-2803
-42,-8548,866
52,8548,2676
58,1521,-1242
-69,-3579,-1369
-16,-1253,2463
9,4743,788
-20,1790,-3185
-76,-3848,703
-43,-2417,1656
78,7339,516
13,895,-600
-24,-7160,-437
-11,-2058,692
38,3043,435
33,1252,-92
8,-1521,-492
-33,-8182,-1835
28,740,773
71,8337,1689
28,3938,-1160
-11,-2954,-246
-41,-2505,1181
27,2416,1558
14,5459,-94
-47,-5996,-1335
-48,-8732,627
33,7837,1555
52,1432,-1135
-4,-8900,-3012
27,5141,2573
81,11030,1116
-7,-6913,-2797
-24,-895,3042
32,9287,1367
-64,-10003,-2021
-41,-895,1702
53,3401,-2196
10,-5549,-2090
2,3670,2834
69,5011,-755
-73,-9934,-1474
8,12783,3436
-29,-3386,-2493
-101,-7159,834
-4,3490,1329
2,-984,-2408
-58,-9352,275
78,10157,781
11,-1521,-1839
0,-5370,1019
40,12887,1766
-28,-6533,-2751
-69,358,1774
44,2685,-1011
-85,-7697,-210
10,8323,1466
-60,-11440,-2533
23,7860,2520
-8,-1342,-754
45,11427,-489
4,-16976,-1980
44,7160,3316
-4,-6623,-1027
41,14443,4315
3,-8267,-3664
38,2595,307
-5,-6623,404
59,12665,1402
-32,-16155,-4571
-1,8054,3128
-32,-2595,-2846
-7,358,4710
27,1611,-3175
-45,-12424,-5
90,16004,1932
-30,-11838,-537
25,8795,1893
29,-4385,-4640
-74,626,4603
56,5907,-1869
-42,-9308,-298
34,13156,1919
-12,-6980,201
6,984,253
60,10038,-974
-37,-10754,1058
85,12621,1653
-29,-11726,-2763
-43,3132,2691
58,7689,134
-80,-14132,-3135
33,6712,4045
31,-3759,-4126
-18,-1790,1601
61,10898,-120
-60,-9287,-1343
-64,11132,3496
-33,-8626,-2941
-116,-2506,1844
39,7607,-19
-69,-10829,-2756
15,7697,3120
-31,-4386,-3990
-16,269,3949
33,3043,-3130
-119,-4027,2264
53,8360,10
-98,-9166,-802
41,11089,1050
-36,-14937,-4746
-22,7070,4418
-3,-1790,-3386
-55,-1074,2675
53,9659,-463
-65,-13776,613
30,9576,1690
-3,-4206,-4267
-35,-2953,2145
72,11913,-535
-5,-10929,-1069
35,10449,3758
79,2070,-2077
-10,-11892,-1958
40,8971,3369
98,5977,-120
-28,-13338,-3546
-36,-7249,1419
64,6355,1450
-6,5280,-383
-1,-5191,-3222
-33,-4117,1977
30,4475,-491
10,7956,544
-48,-2497,-874
-94,-6264,-1190
1,-3580,771
19,4564,-118
10,626,-241
-67,-1789,-1880
-102,-10657,3226
33,14326,865
-9,-2596,-2963
-27,-5638,1199
32,6981,1104
-29,4027,259
-28,2904,2144
-25,961,775
-41,924,3528
-333,-8100,-4319
-2177,-28722,-18775
1286,12051,-2317
986,12912,12950
205,1253,3395
57,358,695
31,0,-13
14,537,140
29,89,615
17,895,573
57,895,1270
156,2954,2101
296,2549,2383
462,-37,758
153,-2423,-578
-806,-6443,-5828
-374,-10798,-12250
