R
StartTickMs,measCycleMs,Px,Ix,Dx,Py,Iy,Dy,Pz,Iz,FFrx,FFry,FFdrx,FFdry,satI,satPID,KFQAng,KFQbias,KFRmeas,CPx,CIx,CPy,CIy,CsatI,CsatPID,CFFdrx,CFFdry,IRelaxX,IRelaxY,DmaxR,DmaxE,DMx,DMy
29468,10,58,70,47,58,70,47,250,0,0,0,100,100,500000,15000000,500,1,50000,1,0,1,0,100000,10000000,0,0,1024,1024,0,0,0,0
GPT1X,aPT1R,aKFPT11R
30,-1253,-996
-5,0,-27
3,0,-25
0,0,-21
-3,0,-20
3,0,-17
1,0,-11
1,0,-10
1,0,-9
-1,0,-7
0,0,-7
2,0,-5
1,0,-5
-6,0,-5
1,0,157
5,0,39
-1,0,-18
-3,0,-30
-2,0,-26
0,0,-21
3,0,-20
-5,0,-20
2,0,-12
0,0,-9
1,0,-9
-7,0,-8
3,0,-6
6,0,-6
6,0,-6
-11,0,-5
5,0,141
1,0,55
2,0,-12
1,0,-33
-7,0,-26
3,0,-22
3,0,-21
-1,0,-19
-3,0,-12
0,0,-10
5,0,-9
-5,0,-8
4,0,-7
-5,0,-6
-1,0,-5
4,0,-5
-6,0,126
3,0,68
1,0,-14
2,0,-29
-7,0,-25
4,0,-23
2,0,-21
0,0,-20
-3,0,-12
0,0,-10
-2,0,-9
2,0,-8
-1,0,-7
1,0,-6
-1,0,-5
6,0,-5
-4,0,126
-3,0,67
10,0,-8
-4,0,-35
-3,0,-25
3,0,-22
-3,0,-20
-2,0,-19
2,0,-15
0,0,-10
1,0,-9
-5,0,-7
4,0,-7
-1,0,-6
4,0,-6
-4,0,-5
4,0,140
-2,0,55
5,0,-13
-3,0,-34
1,0,-25
4,0,-21
-7,90,27
0,89,124
-7,-89,25
7,537,97
0,-90,57
-5,0,42
8,-89,246
-13,89,-163
11,358,293
4,90,10
-6,-269,71
-9,269,25
19,-90,185
5,90,-374
-23,0,159
28,-716,67
-22,537,-147
7,-358,-587
-37,358,494
36,-90,-698
-4,-1342,211
-5,1879,620
14,-447,-419
-10,-1074,-141
1,1163,602
6,358,7
12,-179,20
-18,-89,-68
11,-895,-64
-20,179,56
12,89,34
-13,-89,-156
7,537,176
7,-269,-67
-2,90,-57
5,268,-22
-3,-89,46
-1,-537,-135
6,-358,-205
-9,-537,-427
14,-1074,-507
2,358,906
5,0,-419
3,626,-143
11,1522,125
-7,447,86
-14,0,302
-26,-447,197
-13,-1253,-54
53,626,9
14,627,392
-21,-1074,-165
3,984,-430
18,537,523
5,-3580,-1039
-19,3491,285
-20,-3580,-376
56,3669,-426
-58,-4564,141
73,5190,-798
-60,-7875,1566
83,10739,-828
-24,-5369,1042
4,-537,379
63,7428,-208
-63,-17360,-1795
71,17002,3851
-14,-4654,-3115
37,0,1298
-32,-7339,-1459
58,10292,1247
-48,-6533,-925
32,5996,-121
-26,-6980,-741
32,4832,1082
-29,-5906,-1042
-26,5012,1220
-53,-3312,-975
-37,3043,906
-48,-2864,-1145
-54,2238,1579
21,2147,-1592
-37,-4116,1305
70,7696,250
-37,-8233,-3213
-36,3759,4140
-17,2237,-637
-92,-6533,-1048
-30,6712,1061
10,2327,68
-41,-11993,296
69,7250,1908
46,8816,-305
-65,-8995,-764
26,0,702
66,5369,-871
-29,-6891,-250
-30,2416,2208
28,6265,-896
-48,-8412,-1251
-22,3490,3244
59,6536,-2108
-58,-9310,-2076
-31,1342,1683
-13,2148,-925
-71,-9039,-1242
-41,5996,1838
40,6712,-692
-14,-11187,-1356
-44,269,2121
83,10113,589
38,-5281,-2109
0,-2953,479
11,5638,1037
10,537,-1658
-61,-4206,-523
-33,895,1274
64,7607,1186
-3,-7339,-573
-35,-5906,-554
60,5727,203
32,9605,-1366
-50,-10052,-320
-29,-984,1870
83,10296,951
-49,111,-1547
-112,-9333,-738
-34,-3133,473
-14,4743,1408
23,3043,1001
-23,-1611,-955
-14,-3221,-794
-21,-985,1477
100,1432,394
81,2685,-706
13,2506,517
-58,-2238,-569
-37,-2953,-1051
43,-89,-177
-6,89,-70
-65,0,-206
-33,-1074,-141
69,179,-188
49,895,250
-55,0,38
27,-805,-8
64,805,161
-6,895,251
-41,-806,-191
48,-89,-125
-63,358,35
-52,-269,30
27,448,-83
-15,1074,170
-74,-627,25
16,-984,-274
-21,89,40
-104,1253,175
-32,-984,-390
23,-179,-115
-44,537,438
-23,-448,158
65,358,-130
55,1969,499
-36,1790,0
-70,-4385,-480
13,0,-162
20,3669,380
-49,-1700,180
14,-1969,-464
52,0,-156
-54,626,118
-59,-537,261
-32,-89,-158
34,1521,-146
-2,-1342,0
-51,-90,386
55,-89,-436
51,0,-32
5,1879,-156
-11,-984,-23
23,-895,-77
86,268,111
-7,1701,289
-59,-1969,-69
34,-805,166
39,805,248
5,1700,307
-65,-1611,-122
20,-447,1470
55,1163,-309
-18,6802,2414
-112,-1790,-548
-17,-2774,-1434
61,-716,555
-38,447,433
-15,-2774,734
74,3043,1421
65,7131,440
34,731,791
21,-3477,-134
89,-1074,181
138,3894,530
-5,-1257,550
-19,-5590,411
69,1074,862
83,6402,930
29,594,388
-31,-2443,274
38,-1868,-321
71,4679,403
-46,2279,646
-27,-2760,-282
24,-2367,-417
-20,2056,688
-22,-29,541
70,-548,243
26,2812,262
-20,-1160,415
47,-679,-262
44,2319,357
-52,-1216,259
46,-85,-235
6,1586,387
-65,-666,342
33,-439,263
46,1890,541
-51,-809,502
55,333,-7
41,2546,565
-46,-460,180
9,-376,82
35,2161,352
-68,-2182,300
18,-1546,-272
42,2047,750
-46,-1024,746
34,523,234
14,2815,477
-61,380,296
42,-449,-120
-33,778,304
-46,-2265,13
54,-360,233
-15,1641,595
16,-980,419
70,2638,373
-30,2932,552
-56,-1743,-114
32,-449,-274
-45,-514,218
13,-1827,56
63,3209,1077
-25,1495,440
7,-171,50
17,156,-157
-91,-2461,153
2,-2398,170
50,4505,613
-60,2501,562
4,-1001,-981
-10,565,-411
-64,-3116,72
-7,-4170,883
81,3467,497
16,6197,822
-81,-1891,-575
20,-2640,242
37,-963,110
-48,1632,886
11,3899,518
72,778,-80
21,678,70
-10,-4342,69
90,-2885,352
155,2871,257
90,2924,905
-2,-846,286
38,454,-389
39,1881,-661
-11,-46,917
-4,-4340,-207
98,-229,670
99,3821,418
41,2112,417
24,-2795,-172
94,-281,-109
-28,1384,314
-26,-3144,-185
84,2300,404
-31,2888,946
-23,-254,-174
74,-131,-1290
1,-262,363
-7,-4130,594
94,397,894
128,4222,139
55,3273,1110
-17,-2470,22
68,-3250,-794
115,1619,-48
36,251,550
68,-1835,-195
128,1824,-113
32,3601,138
-58,-1882,-99
20,-5506,-722
36,1621,804
-31,-332,1300
13,5089,145
39,1922,-1138
-48,-3809,1602
-17,-4581,355
95,5088,102
8,5918,-286
-89,-5256,-858
-7,-6456,-955
53,4485,1209
-46,5276,377
-27,-900,-1218
16,-7873,-1591
-21,2489,1649
-10,3153,977
44,613,-2457
-14,-4684,-1426
-20,-224,2690
-16,4459,778
40,41,-1387
-4,-7185,-1092
-52,175,667
-12,7944,12
76,-4065,-1987
-21,-4013,-1187
-61,-2113,1126
35,4887,-53
78,1477,-2400
-44,-5936,-625
-44,-2254,1771
35,8122,-117
29,-1539,62
-90,-6728,-28
-83,4842,318
29,2451,-1559
-133,-5863,-1753
-252,-1125,793
-111,5076,-829
-184,-6142,-2451
-253,-3297,1247
-102,7024,-453
-114,-6147,-2913
-172,-358,2003
-79,6222,232
-90,-7305,-3952
-49,-1155,2496
-58,6906,70
-78,-1804,-1622
-7,-8715,-1153
28,3589,620
-4,9360,306
-52,-4873,-1567
-22,-9873,-1830
101,924,1107
56,7365,1017
-15,4403,-1050
-64,-8828,-1439
-23,-7599,-873
74,8384,1970
14,7164,-61
-82,-5959,-1152
-77,-7518,-1188
28,-1355,-733
91,6287,-58
-12,3819,-384
-122,-2652,-630
-66,-6432,-1270
26,-3707,-700
63,4262,244
46,4625,1026
-45,28,-410
-51,-3655,-1376
-43,-5797,-3103
15,1432,-809
-37,627,1674
-69,2148,269
2,-3401,-751
38,1611,-1049
59,2123,-481
-42,37,-133
-51,-6904,-1446
5,-1252,293
79,89,-477
77,2416,-663
-3,5355,1595
-56,-4997,-1275
-41,-2416,-2101
36,-358,434
22,-179,1380
25,626,-757
5,3133,984
-21,-2148,-680
-7,-1432,-1599
15,-4385,-878
25,-179,764
48,5190,82
9,7848,915
-38,-3820,-1794
-20,-5549,-466
41,-8540,772
113,8540,582
137,6891,-694
13,-6443,-1186
-44,-4296,146
-1,1969,413
2,3221,-642
23,-1610,-562
8,-9827,-2275
33,3108,563
48,7166,2220
41,805,-1438
-57,-715,-134
-8,-4207,-913
-18,-5970,-2004
65,1405,-271
20,5102,1843
-9,4028,-114
-76,-806,-286
-35,-4833,-1285
-7,-7120,-1407
46,170,-471
51,3977,644
2,7717,1170
-73,-1432,-485
-77,-6655,-1752
-9,-1072,-1163
29,2440,-455
15,-1368,-95
-17,333,412
-40,-296,1455
25,-1368,-427
48,-2474,-1076
78,-374,-698
42,5362,67
-29,3682,478
-87,-4976,-578
-51,-3723,-357
37,85,-964
-19,821,-888
12,905,422
-38,507,498
-23,-3186,-638
-7,-3823,-307
42,769,-130
56,3435,-186
-17,1478,5
-31,56,318
-45,2639,163
26,-4411,-677
46,-2863,-718
77,3219,105
57,3870,70
-50,-2624,30
-52,-622,-170
-32,-3237,-709
-6,-2312,-1700
37,132,-973
6,3985,416
-18,-1022,-267
-68,-657,-139
-82,-3128,-306
-10,18,-249
-2,-3192,-748
72,-151,282
88,4166,923
48,2642,-51
49,-1338,7
22,251,560
-4,-669,124
-13,376,-483
-37,-3665,-1112
1,-1928,535
-23,998,-508
33,2268,-520
24,-2172,-386
-21,2621,352
-37,1521,130
-48,-1018,-512
-12,-4623,-892
46,-850,15
66,3408,-720
3,1688,-70
-9,-333,247
-58,861,1032
-49,-1968,-356
-10,-4670,-146
5,-188,-316
53,1755,-162
17,1764,26
-52,1305,672
-59,1314,51
-13,-5276,-765
31,-539,-99
51,3453,123
-17,2673,-435
-52,-899,40
-70,-2143,502
-12,-2869,-1039
15,-1450,-689
71,385,328
49,2593,-203
70,-326,-217
20,1635,429
-4,2434,252
-37,-328,38
-40,-4180,-350
-48,-2328,293
7,692,-414
33,93,-522
63,1217,-119
11,4160,990
6,1728,321
-61,-1797,300
-2,-1782,162
-16,492,-417
23,-1880,-500
32,-141,16
21,4826,446
16,867,265
-43,-2486,242
-55,-1648,311
-9,-872,-572
20,-801,-500
9,3304,350
-27,4046,311
-77,-1108,753
-94,-4364,-706
-35,-1047,-798
9,-45,-716
-40,2448,417
-63,692,452
-102,-989,-5
-86,-4578,-424
-36,1896,-414
-80,5476,-46
-162,-3516,-932
-153,-2470,-34
-130,-1305,-433
-45,-1689,-1266
-69,1406,-199
-133,2226,-23
-145,1170,24
-156,-4362,-349
-100,-2181,-105
-40,353,-509
-75,2123,86
-104,320,50
-137,-1190,-294
-87,-935,-576
-79,-4422,-461
4,1189,-270
-10,693,-544
18,645,-1187
-9,3340,-169
-44,2137,267
-81,-1534,806
-41,3102,1130
-66,-1313,47
-83,-2791,115
-42,12,856
-86,-834,-153
-54,-672,35
-44,401,1074
-29,1967,-277
-15,569,54
1,108,1118
9,2778,-1564
3,-1495,384
-12,836,1243
-18,-723,327
-11,128,392
27,1736,1035
36,-1595,377
38,2609,1533
33,959,472
89,-1553,859
152,4744,987
284,-952,-141
430,-38,949
371,-754,68
282,2894,845
214,5791,920
179,-1231,942
150,-3156,1043
167,1204,1058
90,-1585,46
73,-1295,263
83,376,369
244,3466,223
211,368,74
148,2519,770
68,443,715
8,592,667
-1,-702,1589
-57,-3163,974
16,84,492
92,5546,1132
-33,5818,2344
-22,358,1817
35,89,1032
-55,-537,324
43,-895,118
91,1432,327
-8,89,22
48,2417,738
-71,895,855
21,537,765
-52,-2864,498
49,268,389
-20,-179,789
64,2417,524
7,1521,841
35,3336,1071
-23,1294,502
30,-629,577
-1,-3374,189
23,-985,116
-24,-1432,-528
54,4682,984
-24,776,396
3,2476,486
-83,-1958,484
-13,-148,315
-33,-2248,-382
97,1176,174
-5,259,87
47,3796,783
-16,1854,323
-63,-2505,420
-33,-1888,37
-61,-555,104
16,1442,258
24,74,255
-62,2956,109
-3,-332,-151
-121,-2365,-237
-8,-2958,-617
-25,961,-517
-61,1258,-183
-39,2991,429
-148,-2548,-157
-89,-3705,-453
62,3372,-228
31,2655,206
-14,600,635
-21,-1958,605
51,-1629,253
51,4823,535
16,1526,988
-94,-3645,414
-14,-1854,69
63,5081,596
-9,2511,379
-115,-1738,619
-59,-3689,-444
110,-707,-366
68,5191,791
-48,-1380,557
-33,105,252
60,-2067,-249
-5,595,-206
14,333,-13
21,2184,324
33,928,392
-16,263,258
27,95,507
0,-1725,-317
-58,-983,61
35,105,-242
-67,-1224,-189
85,2018,1061
49,2808,344
76,1121,583
56,1289,296
32,-1369,502
51,-851,424
22,-1133,460
78,770,16
8,-1166,204
59,3166,665
-54,177,-41
26,271,210
-14,857,126
-31,1356,945
39,498,777
-6,1519,838
53,967,701
0,-518,230
37,89,203
-24,-1182,-68
17,-13,190
-54,-1064,366
71,1298,238
-14,590,277
30,727,-70
41,1628,439
-25,-1665,-287
110,758,480
-4,-672,155
88,-417,23
63,993,273
-6,-638,63
55,1323,-293
-76,-832,-102
-18,-1897,-540
8,1443,681
-38,-1979,-123
76,677,-34
-31,731,479
49,-244,34
50,2196,676
-63,-307,111
8,224,-678
-45,796,-209
-86,-4234,-646
24,-297,-639
-77,-909,102
-3,0,422
69,2928,133
-57,872,446
-5,-98,-995
10,1072,-641
-83,-3232,320
26,-3647,494
29,2987,552
7,1174,67
41,3259,-519
-28,757,-762
-77,-6957,-1164
45,-2829,-743
16,3941,591
-61,1369,295
-61,-1227,-1494
5,-2066,-1794
-93,211,669
-79,-4325,1083
51,2887,319
87,3548,-92
6,3702,-218
-56,-3759,-174
21,-2849,-1043
53,-2662,-404
-4,1860,552
-57,-2030,285
5,3025,-784
44,2500,-1116
-69,-3302,48
-45,-3373,1293
37,660,230
83,5647,-212
19,1728,-403
-51,-3636,-84
15,-7181,-44
102,785,-81
149,5321,-116
82,4469,-480
-5,-1373,338
-29,-4267,-386
35,-4816,-541
103,1917,-257
91,3780,790
35,4234,834
-32,-1273,-368
-7,-5033,-1049
71,-3910,-1407
76,1240,36
28,941,288
-30,-1634,212
-10,3249,-920
1,717,-2023
-24,-5521,-698
-50,-1612,1539
-3,1788,559
66,4214,-933
-18,-264,-708
-76,-5342,-521
-31,-792,125
92,2255,-753
19,5602,-599
-62,-2451,-1984
-61,-8806,-433
22,-3549,-1002
84,6609,841
3,6122,-305
-81,-3887,-1514
-53,-10903,742
58,-1342,-174
31,9279,498
-24,3944,-745
-80,-5681,-2177
-28,-8437,-1356
45,626,-135
-46,2506,1156
-34,2417,-195
-62,1969,-3029
-75,-3759,-1322
-129,-3759,-628
-135,0,1314
-53,268,-429
-27,4475,-813
-187,-3669,-570
-149,-3490,-1201
-16,-537,90
12,2953,-469
-95,2864,22
-192,-2417,-1302
-86,-1252,-1084
-54,-1790,-646
-72,-806,1306
-2,2596,-421
-43,447,-1665
32,-2506,-927
-28,90,253
-23,447,1115
20,-3490,-681
82,-1991,-637
61,2170,-170
-29,5101,1195
-24,269,-497
-7,-5818,-1284
-14,-179,-1088
-59,1969,154
-104,-3586,51
-2,-555,-1054
23,0,-565
-97,-1035,-538
-38,185,563
36,-74,-1380
41,2917,-827
-66,-1771,-344
-9,-3878,-793
52,848,-1007
0,3141,115
-78,-1220,-283
-12,-4200,-1503
35,48,-74
-30,2514,-332
-21,-679,-481
-21,-4425,-918
27,-773,-1437
71,397,-365
-27,1919,208
-17,-1292,-495
7,-4991,-1681
94,-578,-1166
35,1107,500
-10,3105,755
-43,-1281,-341
-13,-4793,-926
70,-751,-934
95,2854,-210
32,417,-353
26,1157,-101
-7,-4102,-728
26,-3406,-509
111,417,-786
99,4989,-32
15,-165,-411
-46,308,683
-30,-2908,-619
7,-2334,-265
58,2872,-251
0,3758,196
-78,-2163,-370
-49,-3945,-468
59,103,-635
-2,901,-375
-103,-2885,-31
-83,-3525,-783
13,1541,-734
15,849,-793
-62,147,-445
-49,-4165,-1089
50,-1068,-348
13,1964,72
-62,1714,-87
-32,-665,-300
5,1454,-479
-16,2868,651
-96,-2045,524
-24,-2130,-2
50,2583,176
24,3296,562
-112,188,854
-67,-2888,-520
8,-1621,-505
27,2384,174
-14,2893,339
-92,-3197,-59
-10,-4734,-629
11,222,-55
8,1054,82
-45,74,200
-25,-749,-486
70,2625,-578
8,-834,-228
-45,936,1037
-45,-1788,-297
8,-402,-831
44,3765,-567
-81,-440,-194
-42,-784,559
-38,-1091,14
35,-1080,-147
53,2284,251
-55,-317,-29
-66,-4356,171
-29,-3011,-316
96,1837,353
27,3331,52
36,2763,-35
-59,-1844,341
-29,-2295,414
55,-347,-52
32,3729,141
-3,4016,587
-86,-1195,-55
-76,-2367,-285
-22,-3084,-794
12,782,-246
35,2923,550
-34,2451,201
-34,-2898,-366
-71,-2159,-168
24,-2554,129
44,1578,102
14,2383,172
-21,294,67
-60,-3691,-851
-5,-3011,-693
-9,-616,-897
53,4994,733
-19,4118,780
-34,780,648
-84,-2175,-652
-25,-2374,42
18,317,206
12,2457,-71
-33,106,279
-86,-4258,95
-23,-1008,427
-1,9,-443
59,2800,-57
10,-423,113
-37,2515,1164
-52,-256,-155
-40,11,-415
17,-419,146
38,935,289
-12,2900,866
-32,2294,556
-23,1814,1347
-89,-1002,659
-62,-4410,485
22,-2713,-188
76,940,-221
56,-724,-906
81,1504,1362
39,3479,-675
-3,1428,175
-17,-105,292
-12,-3142,361
16,-1206,98
61,2869,211
29,4442,424
-15,-554,89
-31,588,1200
-93,-2019,765
-60,689,-83
1,-3553,-1081
17,-1474,-740
45,1474,158
29,1991,400
22,1338,340
-18,-1759,120
-22,-3198,-469
69,-773,168
124,3148,135
123,4499,605
141,-570,763
104,3846,2292
99,1816,-933
37,-1649,793
40,-4622,491
45,-2781,286
104,2139,-3
41,3455,155
7,701,297
-55,-3450,708
5,-16,1138
77,-722,-617
50,2234,-565
56,-156,424
-20,3365,1485
-40,1859,373
-20,-3476,-19
26,-3313,-46
33,2333,902
80,4099,364
10,0,558
15,3326,899
-16,1257,1055
12,-2143,173
-13,-2464,1271
69,3313,355
54,-2932,-1017
99,5224,1356
88,1962,575
11,2954,1755
24,-2327,645
29,-5503,569
103,7561,525
47,2148,-412
-35,448,1971
-45,537,1013
-39,-6444,-474
68,6354,-348
-43,-4027,-7
-68,358,2027
42,2237,521
31,-5555,-1123
-19,7524,2165
-45,358,551
-24,-2058,-143
51,1969,22
1,-269,477
-44,1163,1325
-22,10496,1692
-75,-2901,-413
-56,-8847,-1087
-8,-3043,1744
25,5906,1768
23,5012,-819
-44,-8054,-983
-23,-627,2023
59,7249,921
-5,2145,-1910
-18,-7962,525
14,-179,2394
80,10470,1157
37,7154,-274
-28,-7893,552
-26,-2303,383
-22,565,1344
39,8344,709
-51,-3451,-250
-34,-7069,-961
40,-2953,-502
89,5092,1363
33,6923,2157
10,4240,643
-63,-2468,-363
-38,-7919,-1594
51,-2915,661
53,5796,1242
11,8728,844
-85,144,-283
-47,-10976,-725
27,-3513,670
84,9505,1892
-8,7859,293
-92,-5397,-927
-32,-9157,-587
70,4051,1334
51,9972,122
-69,-1574,294
-46,-8200,196
84,683,1088
4,6988,957
-16,642,-338
11,-4383,-1308
-15,-1108,-144
-34,-689,1163
23,1484,1077
89,3104,70
-13,3711,1041
-81,-3417,-1197
8,-2980,-57
-21,1770,505
-70,-1670,414
15,-121,323
79,4571,451
-22,1635,623
-35,-1763,-440
37,-96,-773
-30,80,45
-83,-3966,-110
37,-1025,-428
10,5055,769
-18,1644,686
33,-1172,-231
51,2337,-285
-89,-3563,3
-31,-3144,-374
65,1475,707
-20,1749,535
-7,-816,-80
91,1234,-295
-36,547,954
-25,-1558,-829
68,3648,380
-38,1263,327
-30,-4205,-380
38,-2979,390
-47,1670,917
26,2236,372
57,5138,98
-85,-1317,11
-28,-3354,-727
-3,1378,897
-42,-610,680
81,-1445,-36
57,2491,436
-61,2723,565
14,-111,-269
-54,1192,-378
-84,-6190,101
0,-1578,453
58,6233,1082
-65,2777,-181
-11,-2877,-1126
70,-3487,-788
-4,1520,2122
8,-1248,199
74,4210,-159
-25,1610,-161
-91,-5380,291
18,326,998
52,7221,1097
-64,1665,52
-51,-7744,-2093
1,-2721,-117
-9,2102,1661
18,2909,1601
77,4797,-728
22,-164,-752
-81,-5578,148
15,-3495,318
82,5434,415
-18,4785,726
-91,-2806,-1264
34,-5532,-1483
37,755,992
-33,3653,1418
55,1411,-418
32,2402,-1850
-85,-4335,809
-27,-5842,441
77,5626,819
-26,5266,204
-92,-2906,-676
-3,-7428,-599
38,2884,1510
30,9005,1882
-21,-847,-1154
50,-3677,-2498
4,-5443,803
-38,2010,1989
56,4341,171
55,2816,-505
-67,-5068,-182
-16,-2727,956
58,5174,199
32,6842,-495
-94,-8643,-1267
-56,-7165,537
78,7525,2103
42,6090,-606
-93,-5646,-1636
-41,-6720,674
71,7409,718
25,5742,-706
-104,-7639,-543
-31,-6291,-144
92,7404,1295
48,7341,-321
-94,-6239,-753
-28,-9171,709
103,7185,1989
78,8883,330
-45,-5389,-1782
-51,-8157,879
120,8360,1262
96,4295,-331
-2,-2622,-558
1,-5370,898
92,2819,1239
161,5282,496
70,2372,-1442
-40,-7703,251
13,-2246,1506
87,5743,-1187
49,-464,13
-42,-3950,342
10,-3924,646
129,8168,335
167,1636,-834
101,-707,-1080
48,-4246,699
54,792,1124
107,2650,-187
65,2986,-1839
-11,-4526,94
-27,-6918,2240
74,6889,1463
146,4667,-663
27,-6125,-1248
-20,-2216,1310
43,4062,1159
122,2768,-1950
19,-5813,-2416
-57,-1854,1369
52,9001,1569
41,-4837,-3443
2,-5836,672
2,2488,1454
32,4229,-458
89,-5771,-2288
11,-1582,425
13,7880,1009
29,-3034,-2256
43,-6852,-2148
-25,3855,2757
14,5486,245
37,-5518,-3304
18,-4422,2337
7,8983,1927
-8,-1144,-1353
-37,-7381,-765
-33,2383,1038
-13,6696,-1457
-28,-9310,-1740
17,5491,2448
-11,3537,-1180
-36,-9861,-3008
26,3365,3021
4,5535,-1122
-37,-11809,156
-8,1823,283
-60,7801,-96
-44,-3922,-2329
-29,-5718,-791
-61,32,763
-12,7357,-740
-27,-1769,-2197
-171,-8627,-849
-27,3913,1866
-98,5289,-333
-181,-7446,-1315
-148,-4631,-677
-230,3686,-226
-157,5686,-1393
-241,-6742,-1970
-181,-4412,-564
-88,5520,988
-129,2689,-784
-49,-4965,-2325
-51,-2531,211
-55,-1840,399
79,5841,173
-41,668,-887
-83,-4122,-912
41,-3123,-931
38,1578,-63
-28,1816,335
54,-1412,-758
47,2897,-101
-89,-3182,-996
-9,-2065,-1264
49,-424,-399
-49,-1801,-178
58,-1954,-470
78,2915,-368
-39,-37,-464
56,-924,-777
50,1575,-763
-55,-1575,-535
23,-4102,-1545
2,2327,-303
-80,-3938,-934
35,-895,-896
-17,-90,214
-57,-2148,-397
63,627,-573
-8,805,-301
-32,269,29
62,358,-1020
1,716,-87
-42,-1611,-571
54,537,-655
-13,-537,-129
-21,-1432,-511
65,89,-191
-58,-89,184
22,-269,-162
19,985,-236
-39,-985,-323
39,-89,-279
-49,-89,295
26,89,-104
-6,179,-771
-89,-268,-397
-22,-448,-670
-81,-626,613
2,358,-162
-27,805,-752
-41,-984,-369
63,-358,-69
-3,-1432,82
-43,537,-211
59,716,-477
-30,-806,-365
-70,-5370,-325
51,1790,-156
-24,4296,139
-72,-6678,-1235
43,-1220,-1361
18,2528,-389
-45,-716,-411
49,-3237,-1070
86,1092,-963
16,777,-188
-15,-1146,893
-24,-2278,-61
13,-623,-1313
79,2420,-1242
68,2662,93
-24,-2875,-88
-23,398,152
-20,-3017,-232
40,752,-223
56,-2980,-917
51,-42,-160
55,3644,99
12,4083,444
-37,-555,-799
-81,-5235,-432
-30,-4351,-402
-7,-1015,-222
39,996,-835
26,-581,-749
47,2157,-207
-28,2105,607
12,2962,448
-27,-509,-196
-8,-5079,-1379
-18,-3682,-1094
35,561,-665
32,2518,36
41,1166,-211
-15,188,224
-44,-460,297
-37,-1553,21
-15,-2148,-591
-6,-3639,-989
44,0,-596
44,2869,195
37,3954,283
-35,1395,-516
-31,-1301,306
-68,-2957,-159
-39,-481,-481
-5,-3600,-826
35,-3328,-21
23,3531,-281
54,3509,-468
-15,-1026,-255
-10,738,611
-16,-129,811
46,1755,-573
-1,-4309,-318
18,-1928,-358
28,2084,216
32,4464,-154
6,-329,-607
-46,-899,222
-71,-2470,32
-46,226,-59
-31,-3872,-1060
47,-457,-550
22,804,1762
61,4202,-31
-31,585,103
-86,-2268,-273
-58,-4375,-990
24,23,-236
9,3025,-308
8,458,-169
-67,-768,-137
-65,-3374,-221
5,954,127
2,586,-338
21,2655,-234
-75,-121,313
-63,-1082,634
-47,-1881,-121
21,111,-605
20,601,-807
6,2197,335
-25,-269,116
-56,-2468,-263
-12,-907,258
10,-2128,-1218
53,2211,85
36,2071,-353
11,1181,-217
-26,-1001,28
-51,1283,276
8,-2857,-517
-18,-901,-265
32,-2042,-386
34,1375,-680
30,0,-494
0,1445,28
-42,1312,330
-42,1291,148
0,-2272,-148
-36,-944,326
-10,-2098,317
-4,1436,160
43,-1064,-666
-14,509,-144
32,635,419
13,4162,562
11,1556,242
-38,-2108,224
-3,2378,679
-46,-951,-306
-63,-4773,-359
-21,-2654,-490
-10,1191,169
10,1074,-606
-45,1688,-136
-26,-1381,343
-72,4142,1061
-105,2356,296
-126,-1813,333
-131,-3873,417
-86,532,322
-82,-1356,-552
-30,12,-15
-30,3172,339
-59,2574,814
-71,-239,231
-90,-3954,79
-56,503,-611
-11,-491,-415
-49,632,-52
-29,846,583
-171,3851,655
-188,-742,5
-150,-4820,-569
-86,903,162
-38,3647,382
-78,466,843
-52,-883,1081
1,-964,-988
71,99,-747
31,5926,1065
47,1418,849
-16,2075,1863
24,808,1867
-31,503,521
-25,-4597,-13
-12,-2074,273
-11,1754,154
33,-1253,-706
42,-1352,-978
118,1871,429
130,1931,532
207,-2190,819
195,4551,931
150,1444,533
104,-3032,422
147,1707,734
140,2513,473
153,-679,-84
70,-255,792
46,-1436,-311
33,1691,453
33,622,495
30,-1457,-3
21,-1213,-47
9,761,-694
76,608,-239
29,5010,1017
-4,222,1019
-38,-1220,1502
37,-2965,-115
88,679,-76
39,696,731
45,-1347,284
88,113,690
101,4698,786
-54,2864,1281
50,-447,301
65,1969,1138
-23,-4207,660
101,1074,510
71,985,15
7,-2238,279
65,1164,603
-34,537,474
-24,447,253
73,269,-187
-20,1074,507
47,-448,156
112,3938,837
-23,358,615
58,89,651
63,269,377
-15,89,409
22,-358,201
20,90,131
-46,-179,477
54,0,11
9,179,3
-40,89,502
58,90,43
-41,626,377
-25,-179,589
62,985,646
-80,-179,383
47,-90,325
-18,1522,169
-52,-1074,369
40,1342,363
-32,-179,439
25,627,-126
-5,805,751
-42,-984,861
97,537,119
-24,1342,476
49,806,192
77,1802,698
-28,-639,418
91,1378,410
-44,740,307
20,665,81
55,751,468
22,-307,201
140,2231,1574
36,-199,516
65,538,115
28,584,328
-25,381,509
46,784,338
-52,-784,274
69,856,132
-16,748,776
60,648,12
6,293,811
18,-481,468
85,918,178
19,75,368
151,1018,49
67,188,1002
93,-264,195
104,1570,467
17,-1475,517
89,1026,206
9,518,378
-12,-1262,935
26,1435,632
26,-1106,153
118,726,150
44,977,249
126,-1046,-28
82,2104,442
16,-1759,-171
66,861,236
-45,562,90
54,-337,439
13,1801,1426
36,-1448,-34
65,1282,23
27,-842,-339
107,226,-24
9,-907,-174
98,1117,51
13,-828,-179
56,949,-60
-5,-196,262
59,-406,1587
1,1023,295
50,-1068,-656
6,120,-273
33,271,-503
24,1013,47
1,-1546,-536
9,1029,-37
-17,-1350,-659
24,1395,-119
-36,-1347,1181
46,580,304
-45,-435,-576
43,-369,-1058
4,192,-506
-20,-1117,-869
21,-830,-559
-54,-190,-487
5,17,-438
-63,415,-178
-63,-363,-263
-102,-793,1445
-209,-1206,-822
-300,-751,-1266
-347,-1024,-1652
-358,-2087,-1225
-211,0,-239
-229,1688,-110
-193,817,-889
-289,-314,-646
-201,-1288,-927
-193,-1214,-221
-110,-2714,-662
-39,-628,-721
-54,-666,-467
46,-222,-894
-43,-628,-447
27,-111,-1048
-46,185,-271
-39,-407,-770
-16,333,-287
-93,-2055,-1139
-39,895,-566
-74,-358,-662
-58,-3580,-1309
7,1432,-426
-74,-2685,-746
35,-179,-670
-37,89,-255
-71,-1611,-596
-15,448,-331
-142,-537,-119
-56,0,-691
-86,0,-423
-131,-268,-177
-31,0,-54
-108,268,-118
-67,-1700,-322
-29,268,-17
-134,269,-204
-18,-1790,-747
-105,1253,206
-107,-2864,-2026
-37,-895,-693
-118,-90,-229
-84,-1790,-789
-46,895,-1092
-123,-2030,-872
-95,-111,-939
-75,703,-984
-116,-222,-179
-22,-444,-618
-69,777,-1972
-76,-1331,-1031
15,-1220,-508
-34,295,-288
-125,-2151,47
-35,198,-346
-106,-113,-302
-154,-2358,-365
-29,1254,-242
-67,538,225
-90,-3344,-2535
49,355,-932
-17,251,273
-36,-2020,-61
16,-1391,-112
-5,1259,72
-127,-848,-303
-68,-601,-372
-22,2870,16
-124,-1194,13
-7,-1918,-422
-25,3174,-2226
-56,-648,208
48,-514,493
88,2682,1075
-53,0,1244
21,-714,227
43,523,683
-42,-356,319
37,-3992,-280
154,858,381
104,1534,-1811
235,2123,632
343,2024,1650
372,141,1447
480,-84,750
435,2758,1684
331,777,2618
304,-4243,898
365,1132,-61
314,7143,1269
87,2237,1779
87,-895,867
132,-3669,411
97,-744,708
55,-111,284
164,6225,756
33,1253,1141
-26,358,1429
49,268,536
-39,89,460
-19,-89,583
46,358,345
0,716,298
-35,-985,184
55,1164,80
-5,447,600
21,-1432,118
42,985,434
-73,-537,600
43,984,908
6,985,986
11,1700,1410
112,90,945
29,-90,786
102,1343,680
95,2191,473
15,-37,729
74,1590,653
50,2565,1002
32,1047,469
56,1391,1239
-34,-262,728
67,1790,477
-14,-1219,381
75,1658,163
44,-105,545
49,-648,403
26,1784,981
15,-1512,121
65,1192,631
2,-1066,353
99,815,1268
46,-356,510
125,-271,117
74,-168,96
138,1573,155
61,1768,311
67,-432,8
45,1822,639
-6,-785,-117
14,1571,902
-24,137,1530
23,436,226
-45,-669,-257
27,624,127
-12,-688,-139
26,1410,460
-30,-797,-113
22,1042,241
-63,-156,-90
-3,241,403
-36,-1082,1603
-37,1138,157
-26,-1153,-358
7,927,-144
-28,382,-16
7,383,60
-19,-666,-182
36,1317,142
-47,-963,-467
57,707,-376
-56,-1061,1236
35,1263,-484
-49,-937,-499
25,127,-748
-19,227,-251
-7,-1902,-693
17,542,-198
-14,-1535,-512
63,402,-259
-31,-241,620
95,-658,1119
27,1791,-129
14,-2021,-775
86,776,-422
-44,-810,-405
80,1195,-368
-22,364,-146
3,-685,-799
-10,625,-56
-76,-2070,-591
40,536,1535
-93,-1089,-149
5,-787,-703
-63,-415,-551
-29,-151,-661
45,19,-499
-63,-527,-422
54,-626,-607
-38,-167,-483
-79,-418,-347
-66,439,725
-173,-1331,-831
-74,1227,-947
-151,-1678,-940
-11,883,-955
-94,-1573,-577
22,-475,-903
-46,-48,-283
-72,-2047,-1254
-167,141,-258
-226,-367,348
-265,-773,-880
-172,370,-1251
-215,-2255,-930
-67,-2120,-1030
-110,-2327,-587
9,90,-865
-72,-1432,-410
-9,-806,-1172
-30,-268,612
-34,-627,-709
11,1343,-714
-46,-1343,-759
49,2327,-29
-59,-179,-540
7,1880,-235
-84,-1253,-307
-27,626,46
-84,-2416,-548
-59,-716,-454
-92,1163,260
-39,-1700,85
-40,-537,-129
-68,0,-421
25,-179,-590
-48,-179,-24
30,90,192
-45,89,-242
-22,89,-56
-124,90,-500
-85,358,-347
-111,-90,-164
-109,-268,-74
-64,0,-225
-85,-179,94
-24,-268,-208
-139,-1522,-539
-68,-2327,-803
-163,-3490,-1576
-99,626,-1180
-151,-1899,-1678
-91,221,-1013
-100,-258,-1274
-112,-1627,-1106
-37,2218,-520
-111,-887,-636
-16,-37,-696
-104,-1768,-417
-101,-340,-667
-89,-141,-1985
-141,-1387,-726
-69,-56,-242
-158,-57,-379
-52,-2878,-627
-49,-858,-325
-87,-1360,-619
-16,-2198,-1014
-62,793,-124
-25,519,-24
21,3417,-1927
-70,-627,84
11,314,489
14,-1004,697
-56,-1893,311
22,-2834,-577
64,2610,279
-33,-191,226
2,981,135
66,2996,53
-54,1236,-1578
21,-2591,300
65,-1000,448
-10,-1169,462
-59,-1749,-42
95,-498,57
63,3956,455
34,1609,1011
114,-292,962
201,2043,-705
251,-760,-181
336,-1367,762
363,0,1071
354,1485,1729
329,1763,1283
293,849,847
249,-651,347
180,-1057,242
254,3378,626
179,2599,781
84,1163,1572
7,-179,1315
109,-3435,509
76,555,473
8,1146,738
95,-998,-104
87,4970,837
-7,1253,1885
31,895,916
44,1969,1518
-48,178,428
11,-89,638
61,179,335
0,-179,246
-29,0,510
70,0,-26
-43,0,316
40,0,344
25,268,407
-41,-179,993
95,716,382
-24,2148,320
-7,448,349
58,4333,650
-21,444,902
35,74,205
14,1885,1432
-12,74,914
61,-74,248
55,825,1025
-27,-270,691
95,-776,312
41,2432,733
-20,-2432,8
85,-74,290
-9,776,547
26,-1368,-32
71,1553,558
-12,979,1463
64,-481,377
55,1839,363
-8,113,434
79,-481,-206
69,1798,415
17,-333,345
131,500,368
130,1747,779
103,-1462,85
224,-642,1470
214,1393,544
140,-1155,152
174,499,27
98,1889,280
3,-313,402
98,987,228
-2,905,614
-6,-716,101
70,974,1378
-53,1020,1396
33,-225,73
-22,1409,-62
-15,-1011,-197
58,1725,-23
-57,-810,-92
54,1457,-139
-14,1079,405
0,-763,-233
76,848,1385
-74,-623,700
10,-1886,-784
-19,773,-537
-40,-1662,-724
12,375,-183
-81,-876,-171
37,876,-316
-80,-582,37
0,454,-186
32,738,2049
-45,-1434,-223
67,1514,-981
-42,97,-539
-15,-835,-1103
-13,0,-752
-87,-413,-342
16,0,-382
-90,-882,-284
-42,-1695,731
3,999,714
-77,-1545,-357
44,791,-638
-82,-771,-428
-28,-334,-540
-106,-167,-214
-132,-126,-595
-141,188,-705
-222,-1263,-1164
-133,1493,804
-243,-1338,-520
-186,126,-748
-250,-1184,-1055
-144,-71,-981
-257,-1706,-811
-130,254,-421
-212,-1669,-665
-61,-607,-737
-118,-1072,18
-3,222,-579
-62,-888,-692
-62,-443,-744
-35,887,-387
-96,-3201,-1318
-6,2129,-329
-89,-3382,-873
-27,358,-915
-61,2543,366
-23,-1559,-1177
-87,985,-593
-123,-716,-1006
-109,-90,-636
-132,-1611,-422
-41,-89,-626
-149,-1611,-265
-148,-448,-756
-307,-1611,-622
-229,-447,-957
-270,89,-1112
-210,-626,-299
-220,0,41
-187,-179,-4
-112,179,-85
-163,-805,-336
-13,-1432,-543
-131,-90,-207
-139,-1074,-760
-201,-89,-1839
-275,-2775,-2048
-221,-626,-884
-343,-2248,-1285
-283,222,-871
-346,-1923,-779
-245,-65,-580
-264,-1811,-433
-95,113,-808
-142,-1610,-1334
-41,-1560,-3715
-38,704,-460
-83,-1289,391
63,669,473
-22,1285,381
-12,-1223,242
119,2198,251
29,2099,926
-1,-2408,144
224,-309,-2857
440,4464,716
577,-702,2058
708,1109,2036
719,8102,3322
518,806,2023
391,-895,2780
366,1163,2091
437,-1074,1132
468,-3222,-443
472,3938,775
361,0,1670
276,0,774
210,2416,469
137,-984,116
64,-1163,154
14,-3670,87
32,-1521,789
3,4654,2213
4,1521,-649
41,2506,389
25,-3222,111
38,-179,1753
82,7518,2463
86,9530,2020
23,-1359,256
-4,-5515,-272
50,-6147,-392
95,2238,1360
143,6394,1671
50,2672,1248
103,-3718,800
158,792,783
226,2450,584
151,3617,1184
81,-1821,1298
190,-125,-2
186,3389,855
84,-1650,1955
168,-2513,54
217,2136,117
111,886,405
177,-2562,-28
315,2449,1112
240,960,723
219,484,275
314,1455,63
139,1314,3021
53,-1875,1441
118,2701,-127
-127,-581,-295
-70,467,-285
-146,256,-73
-48,-199,141
-72,1426,190
-77,396,88
-106,1538,498
-112,1706,2494
-109,-91,-148
-154,-2217,-585
-168,-1251,-286
-229,-983,-174
-283,3057,510
-247,5142,-495
-370,-5191,-2403
-299,-6401,-1247
-273,6860,3183
-190,6237,257
-265,-6623,-1671
-186,-5832,-162
-175,1383,489
-86,7336,32
-181,-701,-1938
-86,-4446,-638
-94,-3092,291
42,5070,773
-72,1128,-359
-23,-968,-1029
-82,-3695,-374
-61,-2320,-406
9,1866,287
-39,2681,203
30,-589,-718
-21,1102,-175
-55,-2712,-918
36,652,-85
-108,-3112,-539
-36,-2621,-831
-29,880,-363
-82,1404,638
4,2414,-471
-16,4283,-430
-106,-6232,-1180
-22,-7009,-806
64,3374,1324
7,7537,965
-52,-377,-265
-20,-1868,-1365
-23,-2575,-297
-87,-4457,1102
19,1815,562
57,6667,-243
-57,-13,-1614
-86,-6729,-672
22,-3207,59
72,4592,960
-26,3365,678
10,30,-731
31,-2962,-1988
-66,-2701,5
-43,-2419,1156
95,4546,742
20,6239,-1070
-84,-3575,-281
1,-3606,-575
-14,-170,391
-57,-1747,484
60,251,-271
38,3337,341
-78,1678,240
-14,-1954,-1297
7,-1094,-1117
-81,-4238,528
71,1046,146
45,4943,315
-89,-657,-371
-35,-3270,-759
16,1743,-358
-37,-2711,-164
27,-3565,-443
122,3755,522
46,4514,-264
-47,-3339,-125
81,-3544,-755
43,1869,71
0,1257,577
28,-3607,-233
95,-763,-889
69,5662,825
-18,2362,657
-23,-5576,-1066
66,-3071,441
158,4701,422
65,2319,418
37,-2832,284
28,-2858,-587
111,3998,-297
-9,2352,90
-70,-4372,-577
-7,-4852,-303
85,2732,588
25,7718,802
-56,-916,-297
-27,-4468,-1129
21,-1174,-368
-67,-2065,308
-7,-1753,94
86,5349,718
-10,2201,-830
-58,-1337,337
19,-1149,-505
1,808,193
-52,-3270,7
80,-707,-587
60,3430,785
-74,867,-192
25,-1437,-824
-28,1959,-394
-111,-3433,343
-29,-4834,-205
85,2884,199
-26,4066,700
-40,-595,-132
24,-713,-1472
9,71,-747
-74,-2294,640
-38,-1755,1049
84,1727,-830
70,6766,963
-55,-245,-349
-59,-4908,-478
17,-4191,-996
55,2578,614
1,-1394,437
-18,1394,315
66,85,-993
10,2285,383
-95,-1436,-269
10,-2920,-368
10,629,-149
-50,1810,489
-9,-2735,-570
70,2282,236
-26,2512,536
-20,-2201,-87
69,1500,-228
5,250,197
-56,-929,-213
43,-934,-639
0,1697,294
-51,-2263,-195
49,0,-384
-30,1132,375
-68,-1234,248
49,37,-252
-22,1451,462
-46,-1673,-148
70,683,4
-11,1273,150
-33,-1414,65
70,1556,-191
-25,2567,944
-40,-1830,-120
45,214,-209
-48,332,-28
-67,-2556,-300
64,-2045,-363
-21,1847,485
-36,-405,267
56,-555,-255
2,3429,547
-59,-998,-133
-4,-1641,-857
42,3495,122
-48,-880,-130
-68,-3811,-111
17,-1257,-466
69,2283,-494
-9,1811,241
-58,-4427,734
22,1516,485
59,1892,-1838
54,3846,-230
-51,-7661,-968
-44,-543,765
8,950,1556
-12,3012,-83
-5,1273,-1338
-30,-8994,-3613
16,-2864,332
71,3222,2946
47,10965,-158
16,4199,-348
-53,-7801,-1746
-65,-11301,-967
4,-89,1651
42,10448,1594
55,1791,-2470
-52,-3861,-2127
9,-5425,2358
0,8183,809
46,3880,41
-53,-5455,-1587
-36,-9561,-805
50,0,931
76,3669,23
45,10610,200
-36,523,-388
-86,-12386,-1613
-33,-2238,1477
26,6892,2024
60,4971,-1050
-10,-283,-1919
-26,-6120,-77
-5,-3312,811
33,7716,2784
-13,6907,920
-36,-3503,-3396
-14,-11746,-769
13,-3311,1060
51,2595,990
83,12132,-137
-2,-905,-1084
-47,-3427,-196
-57,-3862,-14
13,-3670,1775
23,1611,1349
19,7548,-532
4,-887,-1948
-6,-5408,-872
22,-2058,277
33,7355,1455
-15,2543,902
-50,2489,723
-21,-143,406
-33,-5850,-2801
-31,-8542,140
58,358,312
100,8295,606
36,5050,-408
-5,-1770,94
-63,85,857
-31,-3291,-444
30,-7027,-2542
-2,-537,1638
38,5997,522
-60,3981,853
-4,-2784,-17
29,-2719,-816
69,2941,233
9,4627,1131
-47,-2298,-407
54,-1368,-1199
1,2054,-2
-86,-2646,161
-84,-6442,-113
23,268,-574
53,5361,326
-77,1701,260
6,-3661,-360
55,-447,-976
80,4071,-428
-4,1681,1292
-64,-5931,-860
24,-4475,-1126
20,3401,-124
-25,4363,419
-55,-3826,-366
0,-4117,-488
68,1611,-163
-2,2327,1278
-40,3561,95
33,-4725,-741
38,4540,-434
-53,481,178
-78,-1978,756
-12,-3669,-1436
52,-2059,-492
-10,1790,174
-67,-1790,122
20,-268,1490
87,4296,-128
57,5157,98
-61,-1812,80
2,-6746,-722
43,716,-281
18,8359,799
-65,-1442,360
-57,-6828,-2032
3,-1342,642
36,895,306
-48,3311,122
-14,-4206,-803
28,-179,179
45,5012,-35
-6,2376,970
-45,-3271,433
11,-3222,-1194
63,3311,738
8,6804,357
-63,-679,589
-66,-8094,-707
-6,-2953,-30
51,1700,507
45,6219,-376
4,2255,1892
-69,-295,328
-15,-7105,-1421
23,6439,-239
14,-1695,-509
-7,-358,566
-28,-2238,962
-18,4735,2520
-9,-481,-66
-1,-887,-1137
16,-1756,-2341
21,1275,827
12,-4765,473
2,6688,2154
5,5029,758
2,1766,-503
-40,-6315,-1280
-39,-10122,-1133
32,-357,687
46,2595,2082
23,13004,-1177
-14,-499,-1458
-55,-9641,-435
-13,-1164,1997
37,12457,1915
7,782,-1973
-51,-8349,-2124
-35,-8917,-1177
31,2595,799
55,6433,1874
59,2811,-642
-37,-4068,-1629
-6,-5713,178
21,1164,429
27,7995,486
-11,2949,471
-13,642,-1347
-36,-8722,-1031
-24,-6265,1472
62,12782,2700
22,2015,-68
-33,-10949,-3457
-15,-4832,678
29,1163,2101
42,9620,1527
27,8230,-1784
-45,-6294,591
-34,-11288,201
39,11062,1400
46,10054,308
-27,-5548,-2048
-60,-5699,622
-50,1560,2743
46,6266,1415
-24,113,-446
-22,-7086,-1734
-12,-9111,-882
21,5728,1230
44,6297,893
-12,262,-1194
-50,-13450,-1682
-1,-269,1658
54,9395,2303
32,5638,-2358
-5,-10110,-726
-17,-5370,376
62,12207,2394
32,4507,-995
-18,-8240,-3298
-39,-6326,1937
64,13646,2953
4,4000,-3250
-33,-10174,1
6,-407,2283
51,13210,636
-10,582,-2050
-69,-19873,-822
12,8537,3592
58,13822,-951
-43,-9864,-3633
-52,-11063,-199
-18,13757,3969
89,8339,-208
-70,-10385,-1883
-56,-12785,-54
27,4429,1502
35,14399,365
-17,-6921,-1758
-23,-10743,-2299
31,-3491,1725
54,4296,610
80,8303,465
-17,1331,-1363
-33,-428,189
-60,-4675,663
24,0,991
42,776,425
45,4565,-355
44,3616,-117
-55,-6514,-837
-47,-5005,503
-22,3301,350
48,968,282
23,4515,-637
-15,-3864,-1551
-60,-820,572
-57,-4368,836
16,5726,1373
53,169,-725
73,3512,-1661
-34,-1307,-770
-36,-3902,731
-53,-5720,932
48,806,-351
65,4490,-480
16,3351,-1357
-33,-238,910
-72,-2180,-145
-16,-6855,-595
38,-1522,-1003
99,1074,-916
33,7445,1017
-31,1348,-232
-69,-4255,-415
-1,-3911,342
56,-2417,-508
18,6143,604
17,-148,433
-12,-110,-477
33,-37,-179
46,4783,558
-65,-1425,302
-39,-7684,-1162
27,-716,1353
44,6742,1399
-49,4105,820
-1,-2984,-422
69,2723,-431
-30,1565,40
-58,-4373,237
-7,-7241,-555
58,4172,388
16,8362,1086
-72,-648,-198
-41,-5274,-1240
30,-6523,-684
-1,5636,1668
-11,6077,1490
-5,-2977,-807
34,1438,-747
-8,1268,313
-72,-6139,-336
30,-5482,-658
106,6406,489
41,6657,333
-102,-3352,-500
-11,-5153,-1360
23,554,-755
-4,-813,1540
-10,1146,1319
1,5288,-588
54,-1260,-804
-57,-1718,52
-71,-5070,689
32,-268,200
50,6215,601
-5,6668,-113
-82,-3387,-1821
-60,-13524,138
66,0,506
102,12130,1525
-8,3719,-479
-60,-5945,-604
-13,-9098,-1398
90,2148,612
3,8154,2869
2,4043,442
-17,-2854,-1464
-9,-4021,-1304
40,-2810,1231
-12,6522,2104
-30,3898,-1026
17,-7142,-3384
-2,-6596,548
14,10030,3951
-19,3784,-1205
-29,-5521,-1092
14,-8561,-1675
20,4399,1286
-17,4972,1558
-59,618,-963
-31,-4850,-2198
8,-4513,-916
41,4254,2137
18,8957,965
-62,-1712,-413
-13,-10067,-1243
4,-4475,-309
67,8591,1262
37,9445,736
-77,-2593,-757
-83,-10789,-2151
1,-5728,1446
70,8371,16
49,9145,-110
-46,-3085,-1612
-62,-8434,227
-21,-1969,232
51,5304,1571
63,4029,-1913
-2,-7096,1128
-21,-1163,-648
-35,0,845
31,10493,411
7,-4957,-2442
24,-7953,-2500
15,-1790,1236
-6,11270,3100
-23,2636,-859
-36,-5099,-2708
3,-7912,-396
36,-1521,345
22,8657,898
-38,74,-283
-57,-2377,-1315
26,-6444,-2473
57,-984,210
44,1521,1688
-8,6583,686
27,2625,-197
-28,-7507,-2473
59,-2596,-734
-32,1343,23
-58,-627,-826
-42,-1342,1687
48,0,30
78,5280,-951
12,3563,-75
-86,-6695,-616
-52,-2148,-742
7,-358,209
54,716,-589
-42,716,-323
-10,179,870
-9,-1253,-906
74,-179,80
46,2953,60
5,3312,155
-65,-4565,-310
-83,-3221,-799
18,-1880,-83
-22,3580,146
-83,0,-336
-36,-1163,63
44,-1432,-195
97,2058,119
40,805,-633
-43,895,-280
-50,-1163,87
-16,-2595,-1292
35,626,-798
-1,1611,2274
-13,626,-20
-63,-626,215
-23,-6891,-691
-5,-1262,-767
44,7706,1058
6,1968,-1275
-33,-805,-865
-69,-716,423
-75,179,779
-34,-2774,-433
-11,-5225,-826
50,-2588,-1058
22,2144,124
3,8443,299
-23,-8073,-3339
-51,-9089,-770
79,10718,1440
76,6623,753
-18,-7882,-2383
-27,-5428,1603
-21,13310,1882
-95,-5370,-3728
-158,-6327,1137
-17,9460,2692
-9,2058,-2135
-15,-11320,-1770
24,-6257,-245
48,9911,1381
-55,7398,90
-118,447,-909
-127,-9583,-953
-25,-6441,1186
36,4411,823
48,57,4
61,5202,-864
1,626,341
-65,5460,1149
-86,-1074,781
-52,-4923,362
22,-6903,-1190
69,1046,986
48,10601,1569
-52,1521,-540
-114,0,40
-136,-805,-151
-50,-9332,-600
15,-555,-540
50,-1430,-605
31,8095,2680
35,4206,-1121
-50,-1790,-485
-15,-2327,688
7,0,641
82,2238,-245
31,-7587,-1773
67,6871,2909
80,-4296,575
99,6175,310
124,-1521,181
99,1969,55
32,178,420
38,806,297
40,-3848,185
71,-985,-633
81,2238,1290
16,4027,1495
9,-2327,-791
64,447,488
94,6265,466
-50,-6354,478
-34,-984,145
102,179,2044
452,3669,-1740
979,-4385,-3764
1471,-24341,-15964
525,-17612,-8389
-2633,-15767,-17742
-1428,-4983,-15049
-204,1157,-3904
86,1756,812
128,2983,2374
171,6397,