R
StartTickMs,measCycleMs,Px,Ix,Dx,Py,Iy,Dy,Pz,Iz,FFrx,FFry,FFdrx,FFdry,satI,satPID,KFQAng,KFQbias,KFRmeas,CPx,CIx,CPy,CIy,CsatI,CsatPID,CFFdrx,CFFdry,IRelaxX,IRelaxY,DmaxR,DmaxE,DMx,DMy
123812,10,58,70,47,58,70,47,250,0,0,0,100,100,500000,15000000,500,1,1000,1,0,1,0,100000,10000000,0,0,4096,1024,0,0,0,0
GPT1X,aPT1R,aKFPT11R
-9,-2685,-2164
3,0,-108
-2,0,-104
1,0,-63
2,0,274
-2,0,-108
-3,0,-102
4,0,-30
-2,0,241
-1,0,-114
3,0,-102
3,0,-25
-5,0,237
2,0,-109
0,0,-102
-5,0,7
3,0,204
-3,0,-116
3,0,-101
-6,0,12
3,0,201
4,0,-114
-1,0,-98
-1,0,43
-1,0,167
4,0,-117
0,0,-94
3,0,45
1,0,167
-6,0,-119
-1,0,-97
3,0,73
3,0,140
-6,0,-122
2,0,-94
-2,0,102
3,0,107
2,0,-115
-4,0,-95
7,0,128
-5,0,83
1,0,-124
2,0,-87
-6,0,126
1,0,74
2,0,-114
1,0,-89
-1,0,146
-5,0,55
5,0,-119
-7,0,-90
6,0,173
-3,0,30
-3,0,-118
4,0,-86
-4,0,188
8,0,14
-5,0,-121
5,0,-85
-1,0,193
4,0,5
-8,0,-119
6,0,-79
-4,0,219
1,0,-22
0,0,-121
1,0,-80
-4,0,221
-1,0,-30
4,0,-118
-2,0,-75
5,0,229
-3,0,-44
0,90,-60
0,-179,127
-20,-90,-314
20,-268,226
3,805,-167
9,269,326
-9,-537,-537
0,-90,552
-3,-447,-1292
-6,-179,578
14,1432,291
-10,-179,239
-1,-179,165
18,179,253
-12,-1164,-187
-1,-179,-67
11,1790,-767
-12,358,-76
-2,-2864,-42
-6,-805,256
7,2416,30
15,-358,-430
2,179,70
8,895,107
-20,-537,649
-9,90,85
-3,-269,-94
1,-626,-345
25,-179,-255
-7,626,218
6,448,370
4,-90,-309
-17,-1074,-420
2,-1342,-953
-8,-1522,531
1,-179,-535
24,-179,-1050
12,4565,-450
7,2058,2099
-10,0,1220
-34,-4385,-545
33,1521,-958
7,2238,914
-28,-6086,-787
33,2327,-1409
20,4474,701
-16,-8304,1128
18,2756,-1483
11,4743,2048
-40,-5549,-353
7,3491,-1014
6,-448,418
17,-4623,-1179
26,7756,995
-52,-12542,-1412
62,14868,1689
-60,-18135,-5260
43,16345,4745
44,-9216,-3325
-46,-1849,4869
171,20238,2208
-42,-19979,-3280
34,6153,2334
11,4206,-694
-2,-179,1064
51,90,-1474
-3,-9531,569
50,10157,259
-53,-7249,-1930
-29,6712,2330
-22,-1432,-1847
-32,-2953,1716
44,5459,-1335
-39,-10176,-930
-28,9102,2454
-51,-3759,-1511
-72,-4012,72
77,10366,908
-3,-3669,-213
-13,269,1798
68,4027,-559
-99,-5012,357
-44,3490,357
-23,2327,-2515
-85,-14238,-1111
0,9674,2599
36,2774,-466
-61,-12116,-2887
-37,7015,3493
15,2864,-666
-87,-10581,-2389
-6,10581,2136
-66,-3490,-2625
-115,-7444,790
0,11023,1108
-42,-9339,-2950
-46,-1825,4968
83,11433,-1289
-2,-9904,-2766
-47,481,3676
73,12287,-2205
-102,-12398,-306
-42,6849,3281
-17,2685,-1925
-85,-10754,225
-21,11470,912
-14,-1521,-775
-98,-11307,-2601
-8,13991,1186
-15,-4564,-341
-94,-10530,-1394
28,12857,2631
-40,-1342,-1641
-72,-12158,123
30,13500,970
-41,-1790,-3661
-18,-9540,906
56,11330,2362
27,-805,-2697
6,-11090,-1846
51,6525,3459
68,7786,228
-23,-2505,-1811
-25,-8828,791
13,8917,2398
52,358,-698
-1,-1879,313
82,-3759,-1309
133,1879,962
104,806,1224
49,2595,390
8,-179,45
9,-895,42
72,90,-327
4,626,785
-19,358,499
-8,-2058,-81
33,-1522,-527
29,2954,526
-51,805,456
-30,-90,-257
-3,-984,70
13,716,-203
-26,358,293
-60,-179,246
16,-1521,-149
89,895,110
51,715,337
16,2327,765
-14,-2148,-537
98,716,-78
-19,-89,668
-42,-269,-196
6,-626,91
50,0,78
-23,2327,145
-102,-627,626
-32,-537,-774
47,269,221
-41,-537,500
-61,-895,534
71,358,-183
52,3132,-373
-48,-447,466
-19,-2775,-462
19,269,422
59,3132,-100
-57,-716,55
-65,-2595,-12
55,358,330
54,4385,494
-52,-1253,87
32,-2864,117
55,1432,487
14,6834,2161
-64,-1553,-1016
3,-4028,-877
83,2059,511
12,358,1816
-15,-2864,-116
51,3490,346
31,2501,-333
-54,-74,1400
-48,-3501,188
28,-1253,-319
93,6159,1136
2,446,-67
-42,-3034,484
91,-2318,-741
59,2836,1005
-15,2573,488
27,-2388,617
109,2144,317
42,1743,381
-70,-1612,1
-20,-1203,-16
13,3098,256
-114,-1188,90
-74,-2428,-148
65,481,211
14,2852,519
-38,-1160,601
37,-311,-110
55,1726,-447
-29,1460,447
-63,-2648,-585
28,-2511,-126
54,1803,-124
-28,-1433,26
-2,-1664,-245
111,2736,438
39,3693,1
-70,-1125,162
-40,-1556,-730
56,-864,9
6,-924,-430
-55,-407,622
-6,1969,-55
70,990,1
-71,396,-258
-75,-3762,-627
34,-1526,702
68,3845,828
-22,3487,800
-65,-1507,-118
38,-339,-1153
25,226,311
-35,-2707,291
-33,-369,1141
12,1181,-277
76,6077,714
-35,0,-806
-61,-5427,-97
-13,-2312,792
90,4179,1259
44,6153,393
-68,-4608,-642
-65,-4345,192
3,792,1208
86,7054,738
3,4693,-781
-52,-9311,-1003
-77,-4311,1891
31,2978,1164
69,8061,-830
3,-609,-1137
-16,-5501,459
-46,965,2331
37,4728,747
33,-3766,-2169
26,-4500,-893
15,3705,1755
-17,9795,1906
-48,-4049,-1639
-39,-9932,-2518
35,-2319,728
68,8151,2436
-8,7079,130
-84,-4340,-1433
-43,-9108,-306
18,2450,1797
108,10316,-219
-18,-1545,-1450
-8,-6477,1087
14,6221,1020
55,4330,1551
28,-9359,-2597
9,-7681,-765
110,11896,2808
86,6973,706
-19,-4981,-1692
-33,-7253,674
-2,1121,3233
72,11470,-147
4,-9250,-3075
-2,-6223,346
113,10645,3439
48,7446,-1569
-7,-11643,-1574
-38,1326,3193
10,6115,-466
26,-6645,-1642
6,-8432,-1067
84,11110,3121
68,4028,-1008
-41,-8021,-1203
4,1299,2311
35,8879,739
-5,-6171,-2215
17,-11548,-311
124,12470,2352
82,9026,-2381
-21,-14807,-67
-25,1336,2038
57,8573,973
1,-6972,-1565
32,-7739,-249
83,9987,1546
100,4029,-2176
-2,-7207,-11
39,5195,2691
16,7050,864
-31,-8050,-3159
-47,-12269,753
45,6501,1997
82,12601,-1115
-13,-5808,-3590
-29,-6868,4212
5,9527,956
-9,-259,-2289
-35,-13930,-2741
59,5847,3574
57,11860,408
-50,-8389,-3270
-108,-4405,1584
9,9808,1832
32,-7192,-2700
-8,-6768,-1567
35,9542,3326
10,9183,323
-78,-9558,-2686
-41,-11862,-732
92,8950,538
32,6596,418
-59,-6211,-1423
-59,-7496,-443
57,8414,805
73,3211,-496
-77,-6427,-1871
-44,-3287,1163
51,4638,1151
39,5564,-1077
-92,-8990,-2493
-63,-5669,-999
23,3474,2778
1,6504,-740
-123,-1594,-1763
-61,-8073,-2021
-13,707,1961
-107,2717,250
-102,3285,-1736
-49,-1748,-2184
-158,-4508,360
-62,-1763,-12
20,4092,53
-83,1803,-1436
-121,-4019,-280
22,-2356,-1012
-7,-222,-149
-71,-37,281
28,-555,-183
9,2293,-269
-102,-888,-622
-23,-887,-585
18,-444,-802
-45,-739,-417
-2,-3299,-1246
72,1969,250
-2,1736,-35
-55,-2183,-624
8,-2864,-1662
24,1879,369
-60,-1253,-1019
-3,-2685,-1390
41,1701,-322
-27,358,266
-32,-3043,-648
65,179,-905
-38,895,36
-72,-1432,-75
-6,895,-568
-11,984,119
-91,-2148,-402
37,-268,87
67,179,-236
-38,179,-15
35,-179,-22
80,358,-117
5,0,-200
-82,-358,-24
18,-895,-141
21,895,224
-60,-358,-225
-30,-179,-142
75,0,-67
-15,-89,-113
-36,-1790,-283
44,179,-474
71,2148,73
0,89,-454
-47,-1611,225
61,-1342,-948
49,1790,487
-48,984,84
-5,-1253,-640
43,-1253,-1666
-7,1432,421
-53,-2774,190
-8,-3222,-959
38,4922,204
-29,985,-249
-72,-6086,-1480
-12,-1341,-625
58,2773,503
-65,716,355
-54,-2454,-377
45,-185,-1816
41,-924,779
-41,739,130
-21,765,12
57,-1837,-1249
74,1294,-5
-36,-555,-570
-40,-3374,-37
20,1082,-310
72,2625,-321
28,3003,368
-68,-3779,-564
-38,-4402,-236
44,1302,-335
38,3248,-282
-40,258,132
-84,-4468,-547
41,-1913,-190
29,2083,-120
12,4040,965
-16,332,143
-37,-4231,-973
36,-424,-501
29,2289,340
-12,222,303
-49,-1153,163
27,509,-752
46,903,-353
-12,295,1221
-48,407,131
8,-1690,-677
53,-2417,-1680
14,1483,850
-21,227,8
-47,-1019,-632
-3,-2669,-876
93,765,-824
4,-428,-282
-65,380,208
-55,-1073,-766
34,717,-134
-21,190,-480
-74,-1513,-125
-24,-1541,318
41,1855,-767
67,961,-642
14,143,559
-36,1141,178
20,-2371,-444
37,-167,-917
7,42,-193
-22,1355,651
-30,-2337,-723
42,-1055,-817
40,848,197
-26,1293,284
-18,-1990,-344
-15,-1496,-847
57,-937,-226
37,3451,307
-52,700,46
-63,-3318,-378
11,-1843,-613
38,2932,233
27,3149,583
-70,-2280,-261
-37,-2888,-88
39,-128,-374
45,2940,-443
-22,-320,-110
-50,-4458,-64
-14,436,189
56,1643,-745
47,1595,-543
-43,-1066,762
-25,-2353,-29
-12,1455,-314
42,-687,-1431
21,-888,-87
-24,1350,296
2,-16,309
-31,-1093,-1464
42,-2429,-259
26,1841,212
-6,2724,678
0,-161,479
-44,-1404,-333
13,-3296,-693
37,269,-233
49,2155,81
-3,2180,-16
-38,-1789,-235
-72,-2694,-120
-55,14,-90
-17,54,346
16,1352,-390
-48,326,-503
-70,-1153,690
-75,-2566,-119
-15,851,-449
5,-13,-102
1,2641,-262
-12,-71,196
-106,141,695
-30,817,-154
-48,-4415,-1365
3,-1397,-1175
-24,2084,169
-28,2143,-457
-94,-3014,-381
-93,-2140,-433
-29,-131,-537
-42,-775,-818
9,1074,-251
-52,1791,369
-42,1291,-113
-82,-3239,-87
-48,-2378,-213
5,943,45
50,758,-264
16,993,-453
-10,1362,472
-35,2590,555
-55,-2296,188
-79,-1883,-81
-60,-1418,-152
-10,-844,-673
42,-1207,207
30,2801,213
-7,2904,462
-39,-147,430
-47,687,292
-78,-467,222
-76,-3495,-241
-33,474,885
-13,-142,-830
9,-1080,-398
8,1408,612
18,2115,34
-13,-1656,-470
6,4153,976
-16,887,401
-5,580,537
-4,2079,460
-28,-2766,490
33,1713,1111
-49,-3186,-966
-28,193,792
4,997,-96
-26,-1561,788
-18,1103,-1087
-11,-334,690
-5,1578,847
-36,-948,-911
-31,175,95
-48,2013,427
-16,271,619
-26,2421,-395
-35,-1850,355
5,91,1310
-5,0,-46
4,930,53
57,658,20
31,-2356,697
22,4799,1174
21,-2860,-638
13,4456,873
-2,-2935,176
-31,2266,1456
-48,314,-1500
-14,773,1157
-17,505,247
33,285,230
31,951,-212
49,-879,929
114,2343,920
29,-1202,-661
45,2956,994
-14,-3075,220
40,3260,1460
8,370,-273
-17,-2337,-203
69,3853,706
24,-1553,280
40,628,-91
99,481,321
82,-1109,764
138,3378,582
168,-2010,176
132,702,621
138,682,-244
56,-719,373
41,3135,534
45,-3357,606
38,3984,1124
70,-1969,-7
45,-1645,1232
71,5941,1547
-18,-3849,-144
-29,-3127,-661
-3,259,100
26,-2857,-405
29,-2521,-790
73,2154,2084
118,4185,-121
124,1012,288
72,5370,1255
80,1611,558
7,-1432,-656
3,-447,1702
-26,984,848
-3,-537,519
-42,716,83
-38,716,368
-33,-5996,221
-5,-3883,-1249
53,3883,1958
33,5996,566
40,1969,333
23,-1701,-482
-1,90,450
1,-269,344
-14,1343,1176
-3,-627,807
-37,627,104
9,-1253,-477
73,-179,996
44,895,-249
22,2864,1463
-36,2595,150
-4,-2953,341
38,2058,-451
-11,2148,374
-82,-3848,758
-14,-2596,823
40,1880,1039
57,7131,1364
-55,407,382
-77,-2773,-33
33,-1722,-605
60,2462,1522
-47,2414,1803
-18,-159,344
32,1884,-7
-50,1241,664
-51,-1948,534
78,425,373
59,2118,1086
-21,428,695
93,676,212
38,1526,279
-21,-565,709
69,1620,431
-34,-414,415
24,-170,-305
-23,471,457
-65,-942,582
33,1149,-50
-93,-697,65
27,848,672
-44,1341,937
23,-69,227
-4,1386,449
-39,-902,123
19,1367,124
-73,-1123,-129
34,1323,5
-52,-1451,580
64,545,-76
-41,-192,71
37,16,-150
-42,417,830
-20,-497,-134
-7,1102,488
-33,-637,675
24,1434,419
-63,-90,98
20,1305,246
-53,452,548
-1,458,121
-19,216,-122
-44,-1083,69
73,692,685
-52,579,526
24,1026,204
-12,2143,305
-66,-2079,-273
28,193,-323
-55,-2951,-323
66,-269,489
8,1237,485
0,162,101
56,2487,515
-60,-233,-353
50,282,-343
-19,-1023,-312
-16,-3113,-241
54,1788,1046
-54,1184,339
8,2547,-548
12,116,-380
-36,-3295,316
81,-1558,-118
19,1741,947
24,2725,335
96,716,21
-47,-975,-534
-17,-4207,-617
51,696,1018
-44,579,900
-6,4235,321
46,2622,-63
-78,-3595,-60
49,-2706,459
37,2047,953
-17,3520,797
56,1758,-358
-42,-1341,-170
-9,-4939,-1047
70,1143,989
-14,1862,466
28,2118,-278
28,1472,-126
-55,-3612,159
74,-847,-177
-5,-102,575
9,2013,503
78,3001,128
-69,-1016,-66
30,-3250,-952
3,-748,292
25,317,969
86,3532,659
-38,876,37
58,-2596,-1073
-9,-984,603
-14,-2048,-344
94,2649,804
-22,1507,415
42,1684,-287
33,-581,-597
-13,-4254,-533
98,510,1838
19,2897,196
-1,2085,-888
27,-2351,-1356
-21,-3993,1308
100,448,292
51,6595,1003
-15,-313,-1424
73,-1734,554
-20,-3210,55
29,634,471
96,4263,676
-61,433,-97
25,-2249,-1341
58,-2349,-782
-8,-1941,2000
86,2820,-284
33,2882,-380
-22,-2882,-2125
58,-3467,726
-12,-1541,252
17,6548,710
25,2664,-1448
-94,-5902,-211
34,-4028,-78
43,6414,1579
-10,1815,246
69,-2430,-1502
1,-5107,-506
14,2534,1103
82,6658,-57
-84,-2628,-1068
8,-7960,-756
45,3445,2140
-37,6280,-10
26,-3581,-2186
-48,-4709,-726
-3,2152,1265
76,5650,1033
-60,-3686,-1779
-14,-5591,-1426
63,1813,2196
-24,4023,284
35,2084,-1666
-49,-4870,-1883
-37,-6152,1676
76,5845,274
-48,4118,-1130
-30,-5707,-2033
64,-3820,1156
-45,5007,1169
11,2835,-1104
-19,-5001,-431
-104,-4687,-423
25,2702,129
12,6335,-154
-57,-4148,-1309
16,-5080,-705
-34,-881,98
-65,2467,142
-32,5028,-490
-170,-5060,-1744
-146,-6018,-1130
-143,6441,2087
-167,3316,-922
-156,-8587,-3113
-170,-2063,782
-93,8576,408
-57,42,-582
-142,-7746,-2015
-16,-2228,58
-11,4644,747
-80,894,-674
7,-140,-1532
-29,-2041,-666
-30,-3857,46
54,1190,-465
40,3275,-212
-60,-1695,-1036
24,-2713,-604
31,515,-569
-50,-1816,-335
60,-995,-339
53,1475,-142
-33,-1131,-712
59,283,-623
-26,-1034,-377
24,694,-571
17,-620,-862
-29,-813,-751
13,185,-248
-37,-1775,-421
29,629,-928
-49,-3052,-732
24,2238,-159
-65,-2864,-861
40,-1969,-1093
-53,-358,-3
38,-1343,-1079
-14,90,-176
29,-895,-689
19,-90,-21
-33,-268,-291
36,626,-581
-52,-268,164
39,-269,-181
-43,269,-431
31,-358,-166
-48,89,80
-1,269,-183
-36,-358,-204
-62,0,-74
-1,0,15
-63,-89,-156
4,89,-248
-59,-626,-438
-44,-895,-126
-40,-358,-613
-72,-537,-503
-16,0,-467
-102,-3580,-817
18,179,-515
-19,-1074,-386
10,895,-491
67,-2219,-890
-9,-333,-671
78,-813,-1523
33,296,-213
-56,-2265,-749
53,1230,-769
-53,1626,87
27,-111,-274
54,370,196
-78,-2775,82
24,483,46
3,-823,-518
-30,198,-412
47,-1669,-988
27,114,18
-55,-1503,-378
75,-404,-827
-16,381,339
-33,-904,-377
52,2486,-128
-28,2494,18
-10,221,369
28,888,-249
-49,-2104,-303
-35,-1357,-313
-21,-1415,-258
-87,-1213,-204
-12,-1283,-654
-55,-960,-261
-48,918,-623
38,-690,-1122
-41,-1246,-657
-22,-2075,-195
68,2151,-1086
-38,-321,-500
-11,509,-307
20,1818,-255
-23,-1083,-7
-18,-2069,-377
40,52,-416
-21,-2365,-319
-15,-2350,-404
63,1267,79
-6,256,508
32,1798,-589
38,1480,-172
-34,1630,611
-39,-1284,-133
18,303,182
-89,-1616,184
-40,-1394,54
-9,-165,-590
-80,-436,65
-22,135,-601
12,-135,-128
-75,-2366,-661
-16,1647,-406
-26,3042,761
-104,-294,-82
-8,1564,-82
-64,-389,496
-74,-1417,-245
11,-1938,-1029
-40,-1050,-130
-103,-1967,-506
0,802,-106
-76,-242,-277
-116,-816,-112
-15,3047,79
-97,181,-107
-98,677,-593
-25,-827,-20
-71,2101,1119
-124,-1011,-625
-36,273,493
-77,240,807
-119,-2416,-129
-6,1369,-662
-98,-60,406
-102,-1167,92
-22,806,-2
-49,971,-417
-70,-1975,321
-6,2649,675
-62,2083,-317
-90,151,663
-50,1786,990
-133,334,526
-131,-2514,-1169
-35,155,501
-63,-155,789
-143,-2145,83
-8,176,-521
-97,949,645
-142,449,590
-21,1606,-666
-36,2378,187
-53,325,1283
37,-2044,150
55,3043,425
100,3458,2192
110,813,1419
216,-3367,-392
301,-2040,-439
312,423,1157
362,3390,1295
326,2630,466
296,-259,950
334,185,1572
337,739,1253
321,222,-91
294,-148,927
205,1413,1672
117,4565,2060
95,-1790,543
84,-358,652
124,1879,628
51,1701,1329
-29,0,657
49,-806,-131
90,1343,554
26,447,616
-26,-179,23
18,0,-111
69,1342,101
-15,1432,1281
-54,-1253,116
62,-447,314
53,3669,1857
-39,627,1171
-5,-358,892
89,447,276
44,4198,1859
0,-703,1035
50,-148,574
88,2467,796
-33,1160,1422
-57,-1358,399
64,2259,521
-20,1854,758
-73,-1379,794
59,523,158
75,1943,842
-46,-690,1446
49,63,465
93,2202,708
-50,1269,1266
-8,467,812
71,1493,181
-41,938,404
-26,-2223,371
77,1365,480
4,289,396
-7,-1274,466
81,2189,1112
35,2517,827
-27,-1464,157
77,1370,-37
69,551,1273
-3,-187,201
89,-929,-157
90,3284,1411
-18,-367,972
54,355,-39
53,2380,606
-57,-1603,701
84,-165,109
40,547,238
50,-959,130
141,2048,1401
39,1047,197
58,-456,35
60,1138,805
-24,-354,386
75,1806,-100
-59,-1298,-421
37,-1445,1008
-47,303,120
-12,845,58
-55,1476,319
-51,1632,730
-45,-47,-814
-15,-1804,-732
9,-1114,1061
15,266,434
15,1662,-49
-67,633,-765
-42,-546,144
-91,-3995,-650
-20,1182,-169
-56,1634,432
22,2757,842
-60,-1462,-734
67,-2008,-1275
10,-1863,962
60,1016,139
-23,2575,137
-30,1742,-611
-96,-2558,-85
-23,-3887,-331
-47,1265,380
-11,4448,458
-10,531,565
-12,-2238,-1196
-17,-3090,-740
56,109,670
63,1441,436
28,1609,-621
5,209,-378
-9,-1289,147
-4,-1948,-349
28,645,294
-44,1426,459
-19,1845,331
-70,-3057,-1525
54,-488,-646
-8,-579,1134
86,2269,458
-48,-215,-403
0,205,-766
-71,-1461,10
32,-120,-734
-18,-2159,-864
39,-24,-59
-21,71,478
12,856,-764
-45,-1033,-1229
3,-294,770
-29,-990,-691
-21,122,-340
0,-539,-627
-14,846,534
-43,-1680,-969
-44,552,-517
3,-282,-590
-70,-1895,539
25,467,-837
-39,-751,-659
20,709,113
-25,-128,-159
7,265,-673
-27,-1214,-738
9,-340,252
-13,-798,-952
18,241,-975
-18,-1443,-627
52,64,234
-12,-1051,-806
34,311,-1186
2,-1357,322
32,-302,-610
-28,-697,-705
11,509,-962
-45,-1395,862
34,735,-1177
-49,-1759,-797
41,711,-801
-27,-606,554
30,83,-808
-32,-1085,-785
14,542,311
-50,-1873,-912
26,-24,-548
-29,-190,-707
2,-1273,372
-28,-2010,-719
22,37,-738
-26,-1479,-366
56,-592,-309
-22,-654,-562
37,-269,-1227
-7,-2953,-247
43,-179,-1349
-3,1163,-1096
29,806,-1141
-33,-90,725
-50,-358,-1089
-63,-358,-891
-92,-1074,-254
-94,-537,-62
-169,-1253,-1264
-95,-537,-276
-173,-268,-300
-103,-448,-281
-121,-805,-509
-83,179,-470
-97,-269,84
-85,-89,-378
-86,0,-370
-90,-447,-37
-28,-716,-130
-61,-2596,-1041
7,537,-383
-16,-1790,-514
-49,-358,-920
36,-447,-1143
-111,-2989,-174
-50,74,-1487
-73,-1405,-1204
-70,0,-1310
-29,1405,-663
-104,-3022,-1452
-71,-255,-836
-137,-452,-506
-129,-255,-575
-153,1471,-370
-225,-537,-1001
-178,-962,-897
-265,-2587,-1184
-176,-776,-1048
-232,-1705,-651
-166,-1048,-1585
-90,1632,-796
-111,-1433,-1123
-4,-2498,-1486
27,449,-785
-31,-257,21
56,113,-234
99,784,-1318
-11,-3431,-783
-4,-5231,-448
82,638,-642
70,389,-575
1,-823,-995
75,-1585,-760
62,2290,-102
-70,-153,-464
-100,59,-124
-79,1073,-362
-141,-245,-712
-144,-1654,-620
-38,113,-23
-57,68,579
-112,-1136,-1166
55,-1864,566
133,71,-155
127,988,29
98,-1162,-196
156,1454,1313
191,2200,670
227,1815,-221
183,-991,1200
160,429,1371
163,172,336
221,-294,-454
192,355,692
181,662,1176
212,700,-34
162,-2365,554
178,-931,-416
77,-103,211
135,5231,1526
50,4108,610
68,807,537
9,-1941,289
30,-4147,302
84,0,209
95,-417,-377
67,1292,286
48,553,-136
-37,758,-50
-48,-300,-242
-20,-628,496
15,1440,-349
13,1615,-352
-38,-744,-384
-83,-3636,197
-34,-1689,-18
57,-596,-567
57,942,949
-14,2299,-310
-34,468,-51
-14,-2229,-946
78,267,542
37,1310,435
-19,4662,1076
-83,87,388
-24,-3268,-531
-19,-2172,-384
-67,188,-135
-29,319,270
55,2102,-490
-62,-602,-171
-104,1693,230
-21,2035,505
-102,-1987,-320
-198,-2391,370
-86,1297,320
-139,452,-251
-204,-2823,-1099
-114,-1361,-671
-116,-167,21
-158,1124,-1
-116,1977,-327
-177,151,437
-203,-1600,-1134
-94,-299,21
-85,3287,778
-110,-756,-1211
-14,-406,154
4,1034,1267
-76,2086,299
3,-2985,-393
68,-3001,82
56,121,365
8,391,-288
13,642,201
35,-535,-258
86,3249,501
5,994,-10
-35,986,471
-22,-2109,-453
16,-317,656
23,2115,196
-38,2358,949
-119,-1580,534
-55,-2431,-1455
-11,-113,282
-19,2729,1107
-77,528,425
-20,-3401,-610
28,-1438,431
90,2096,1164
120,3195,-34
85,113,432
97,-2540,1110
149,1692,607
223,-914,-363
135,1178,583
138,1212,1258
22,3592,1111
-24,962,405
-67,-4094,-124
-27,-862,-52
65,3328,689
122,1798,111
62,367,663
40,-1760,1455
92,2524,845
149,-820,425
147,-1918,477
157,588,571
128,2764,620
132,-296,-246
78,111,-298
83,702,2245
75,6157,1918
92,3670,757
66,-90,-864
46,-447,-45
36,-716,289
37,-6086,620
55,5459,2797
58,2416,-683
22,-179,-974
-1,-268,-527
34,-4743,1549
46,4117,2191
42,2595,742
2,2416,851
-8,-3311,-625
18,-1253,445
53,268,765
98,6534,2167
54,6178,798
5,-4808,-772
29,-7367,374
25,1074,2298
67,1701,872
31,4407,-671
56,-917,611
34,-268,-513
120,-1522,103
122,3668,929
89,1775,2322
66,-74,743
71,-1072,416
63,2611,1371
95,-1354,-503
69,-887,-967
118,111,242
59,2667,1996
46,2191,720
39,451,708
70,-2642,-577
113,-820,162
168,990,-786
99,2021,461
38,806,1930
42,-1734,-201
80,-2140,-753
94,2473,179
50,1189,1318
-56,337,-350
-27,-2215,-1226
34,2759,731
-7,397,-491
-104,-2491,-400
-3,-2760,-689
73,1188,1335
-27,2214,38
-34,-1165,-515
-21,-1586,337
43,2228,317
-82,1390,-449
-150,-2198,-743
-38,1046,1251
-143,-856,-562
-136,-119,-751
-41,1284,-393
-176,-832,686
-39,261,-1067
-109,-1101,-610
-67,-1301,465
-22,735,-285
-87,-2335,-985
10,370,-79
-60,37,364
-57,-1442,-761
-72,2550,21
-210,-997,234
-169,629,-204
-256,-1701,-728
-133,74,-377
-194,-1479,175
-34,813,-565
-127,-924,-522
-10,554,-225
-116,-1893,-403
8,1339,-569
-107,-1787,-607
-15,358,206
-59,-984,-761
8,-179,-932
-29,2296,747
-2,998,-660
-40,0,-156
-8,222,-153
-12,-961,-592
-19,-2734,249
1,268,59
-21,-3132,-1016
-14,-627,-383
-43,-716,-986
-34,537,-1063
-87,-1074,52
-51,1701,-397
-39,1074,-319
-40,537,-259
-30,-269,194
-61,-716,-198
-184,-1790,-732
-274,-89,-434
-265,-179,-389
-429,-358,-230
-387,89,-179
-342,-447,-990
-355,-179,104
-259,179,-66
-366,-179,-351
-328,0,-1040
-450,0,140
-510,0,175
-406,0,-1735
-321,0,137
-257,-626,569
-80,358,532
-69,-1074,-2352
122,895,980
238,-1522,102
405,1880,-1183
517,626,1217
554,-537,1346
729,0,600
687,179,-307
478,-179,1006
586,-537,676
594,1879,332
480,1969,1157
269,-2774,314
314,-537,-232
337,2685,1090
100,1342,350
98,3312,1295
5,-985,-12
14,-2685,1079
84,-268,569
36,0,-143
115,626,1371
72,895,85
157,985,449
65,3676,1267
122,2171,1698
27,-951,361
80,-1035,261
40,813,1138
36,-1738,-60
86,-332,-230
55,111,-10
124,1478,1279
52,185,-122
152,1582,398
29,1301,1443
89,-84,244
-2,1367,254
45,1824,229
-40,-732,1144
12,355,-258
-49,-355,-413
-18,125,568
-35,-480,580
-3,669,-435
12,271,-25
16,-271,976
14,1352,412
31,-1373,-636
96,-981,416
82,286,655
166,-214,-835
84,-381,-213
175,1791,1645
6,-606,-607
83,230,-564
-7,167,-240
33,-501,1267
-22,648,-569
20,972,-551
-12,-554,1297
-7,-209,-381
-5,83,-560
-1,-731,-750
-36,710,1921
-6,-1066,-1055
-42,586,-443
-2,585,825
-53,-376,-507
-102,1349,-1257
-249,-1705,-902
-248,168,853
-335,-1992,-1452
-176,451,-1109
-230,-1378,-519
-86,451,-503
-144,-1101,-779
-51,424,-578
-111,-1329,332
-91,-114,-841
-141,-141,-407
-115,-814,-982
-63,148,-27
-164,-2144,-946
-55,-1746,-1740
-72,805,160
-100,-3938,-644
23,-89,-912
11,3222,-1372
-47,-4386,-11
1,-1521,-768
62,1163,-889
-11,4296,785
-79,-2774,-555
17,-2238,-1665
-50,-1253,-166
-109,179,193
-41,-357,139
52,357,-885
-12,2059,343
-71,-1343,-216
-38,-895,-573
39,1074,-258
-42,-1163,282
-129,-2595,-385
-59,-806,-317
-21,4654,-758
-103,716,-1201
-169,-8413,-1692
-126,-3435,-430
-30,6747,884
-9,3490,-1077
-101,-358,-2808
-141,-11301,2101
-116,5842,332
-128,5459,-1349
-172,-10470,-4417
-171,-11848,1343
-80,9234,313
-66,2503,-4436
-152,-12906,1648
-107,8988,108
-55,4953,-3007
-135,-13012,-5193
-117,3058,4571
-31,5239,-2570
-130,-11525,-4656
-155,-3286,5708
-45,13404,-2804
-133,-10079,-4487
-144,-2264,3658
-44,13179,-1138
-133,-16051,-2595
-76,16979,5019
-90,-4436,-8221
-128,-9612,2575
-10,15463,1662
-88,-15640,-4646
-58,3720,3734
56,13754,1404
-9,-14172,-3582
34,-1612,3034
100,5119,-634
148,1526,-372
208,-6657,-157
255,6986,2318
373,15169,170
279,-24322,-3317
409,11409,9002
324,-6675,-4183
306,13377,3896
291,-1106,-5138
176,-15574,2753
269,11581,1952
182,-6200,-1121
201,21359,7719
88,-13291,-6971
12,-23069,443
177,33317,7447
55,-7387,-4859
-105,-25141,-1715
114,28321,7307
17,716,-9702
-109,-25325,4566
39,31769,5522
26,-1163,-6344
-69,-24086,3062
11,15722,1403
11,1738,-2245
-9,-8534,-1517
50,10864,1755
9,-9547,-2371
-1,-3300,3678
65,14726,-795
24,3133,-611
-15,-21529,-903
40,10900,4490
25,5885,-2138
-25,-10986,-1693
-10,-4830,1347
57,21633,1133
12,-4116,9
-32,-12499,-1273
-7,1480,2189
48,5648,1489
-8,9219,-561
-22,-2953,-1026
-19,-9442,-105
7,2400,2005
64,554,319
27,-924,-1682
87,-927,339
38,2628,310
27,2220,1336
-74,3580,499
-59,-3401,650
-26,-3804,-157
26,1109,78
19,5917,1710
-4,2059,794
-68,-985,333
20,-1969,-738
10,1880,845
-18,1074,898
-65,-1074,494
-31,-537,-28
75,-1611,-1251
4,2595,523
-68,-1074,829
-20,1522,548
50,0,138
51,1253,-306
-20,89,552
-81,-1163,366
-44,-806,-299
17,1522,41
68,805,57
-8,-358,-199
-36,-1163,465
-21,-269,-145
60,716,294
41,895,60
-15,0,-256
-88,-179,722
-31,-89,-101
30,89,-281
38,-268,390
18,268,109
-31,0,59
-70,805,400
3,-805,-384
-6,268,-241
11,90,23
-76,895,373
-31,-1074,97
11,-716,-517
36,269,80
19,984,438
-66,3043,936
-43,-3222,-1164
7,-537,62
21,716,183
-40,1521,221
-68,-895,-240
-17,-1521,-17
27,-179,516
63,1074,-538
-12,3938,650
-14,-806,603
-22,-3848,-1336
24,0,-152
50,1163,612
-26,1522,269
-83,-2685,-970
-25,-537,776
65,537,271
44,3669,-417
-26,-537,427
-41,-2953,-285
-17,-179,140
48,805,-603
-11,2059,960
-81,-716,-207
-66,-2059,-168
25,-89,-482
77,716,375
8,1700,153
-36,-895,33
-36,-447,561
66,-269,-263
52,2059,-651
-2,1969,855
-51,-1432,168
-64,-2506,28
50,-179,-1009
30,-269,1936
-6,1253,-349
-18,4923,1845
-27,-2417,40
42,-2506,-2210
18,-716,-76
-1,3043,552
-59,-537,31
-36,-1342,436
62,-179,-981
65,-90,-381
36,806,1481
-52,-1074,965
4,-448,300
20,3133,-1706
23,2685,351
-68,-1074,-19
-78,-4654,-737
-4,-1074,930
82,1074,-515
43,3490,287
-37,3398,590
-78,-222,1371
-29,-3713,-712
52,-805,-1239
-1,3132,1214
-72,-3311,359
-56,2327,1925
53,1074,-1533
72,2738,-173
-5,-1479,-226
-49,-812,1202
-50,-5191,337
13,1701,-776
72,1163,-1272
-5,-447,1702
-76,2416,431
-45,-2864,-535
9,-2237,-649
79,2685,1074
1,3956,551
-34,-3240,-422
28,-3491,-900
103,-268,186
-21,984,453
17,1611,-262
89,1701,163
18,895,-429
7,-895,-366
59,2058,2232
-27,2789,525
-11,651,-115
-59,-142,-66
-32,-3171,491
12,2108,775
-36,-1886,81
51,-74,-231
-25,-3318,-37
20,1790,-397
19,3229,1036
3,2482,230
6,707,8
-69,-1810,511
9,2467,764
-66,-1279,629
39,-905,-168
-52,-3104,-514
88,2218,675
-27,801,-66
50,3053,585
-31,1664,666
31,439,-360
-80,-4307,-112
0,1325,1007
-10,142,-274
18,-2061,-744
-15,-2239,-564
12,777,179
54,591,245
-31,559,41
45,4335,737
-46,230,-18
20,-955,-243
-62,-1379,576
27,4158,309
7,-1656,-213
-35,-2383,147
50,1141,524
-56,-2048,-433
52,1121,-82
-24,-191,33
8,-1665,-398
28,-170,404
-37,1693,256
49,119,-1003
-50,-2123,462
-38,481,277
43,3690,577
-58,-883,-340
3,-3373,-494
-50,2493,457
-33,689,-118
27,143,-866
-53,-2052,-82
-46,-368,412
64,3937,-311
-26,-1683,-559
-37,-3601,-644
68,668,-200
27,3361,333
-32,-2823,-822
13,-1613,-836
34,1132,869
-63,-1501,-456
4,1161,-933
-26,227,-250
-71,-1943,95
6,-2223,-917
23,1262,1222
-9,2564,856
-20,594,-548
51,0,-1449
-84,-1125,199
-25,-3474,-216
74,-3222,-1174
35,3133,668
-54,1012,900
-26,1516,-607
49,3348,-1275
-12,-3940,-828
-80,-5785,-250
3,-2864,14
64,5012,913
44,5880,-163
-55,-1651,-655
-64,-3244,-452
-3,-4207,104
92,-268,-809
54,4027,328
1,3359,704
-80,-1837,-534
-31,-1432,-963
15,-5012,-1294
37,89,1888
35,3580,436
-17,6539,906
-23,283,-341
-36,-9865,-2489
9,-2595,328
57,1521,1401
71,9580,-574
1,4496,1367
-54,-8348,-1721
-67,-5638,-1009
10,-358,1576
3,2506,1349
45,5567,-1090
-21,-5836,-659
44,-2237,-493
28,537,645
47,10868,2164
2,4503,-487
-31,-5691,-1377
-7,-10038,-206
18,895,1932
31,11717,1056
26,-7869,-3552
-24,-5101,-723
64,0,2344
86,8991,866
3,3810,268
-43,-1584,-1397
-27,-5221,-295
4,-5459,627
-25,7530,3357
-2,2255,-1454
27,-3431,-3127
-18,-7696,-166
57,1879,3325
52,12426,47
-15,-1887,-2515
-61,-8033,686
-43,-1522,1174
34,11466,1787
-17,-2647,-1417
6,-9445,-1887
3,-1432,337
65,3401,1295
28,10313,-984
0,24,137
-52,-9532,-928
-3,4600,4301
-6,6758,-757
-34,-4489,-2102
-48,-11343,-1205
39,1431,1783
70,12718,1412
-27,-3337,-1784
-19,-4369,-699
-26,1559,2721
29,3284,594
-23,1132,-621
0,-3048,-1139
8,-8565,-138
74,7789,1832
0,8011,604
-61,-1767,-1485
-67,-10095,-1459
38,-3312,1126
95,7089,1168
60,8064,260
-64,-3402,-1131
-85,-6112,-94
11,-4475,-443
80,5370,667
29,4990,1177
-56,670,-961
-62,-2850,51
12,-1479,-1564
58,-4106,816
10,2596,616
-37,1325,547
-61,2402,-594
30,-1625,-1243
17,-4787,-994
25,4047,1422
-28,-480,-246
-29,185,507
39,1220,180
30,3109,-886
-9,-1075,276
-85,-10049,-634
3,895,931
50,7970,-849
32,3891,271
-96,-4150,-617
-43,-6906,-511
43,-1790,251
73,3312,993
28,8270,1601
-71,622,-33
-64,-7639,-2575
20,-4565,-964
79,5818,2205
24,4010,1173
-56,-1612,-127
-14,-1553,-309
22,3730,-352
30,708,-932
-64,-7431,61
4,-3133,1258
19,3222,-641
71,5588,-633
-45,1244,-206
-68,-3189,-347
2,-8565,-1160
51,179,23
67,9569,1329
-42,4071,608
-74,-5291,-1164
-2,-7991,-1502
69,716,1659
57,6351,836
-44,3019,691
-60,-320,-911
-15,94,-711
19,-8518,-1671
1,179,1376
5,10177,1819
-21,-679,-7
-21,-3952,-2683
33,-6799,-163
17,5102,1029
0,1401,1574
-18,961,-59
-1,-1736,-376
67,3864,-1268
-3,-29,-363
-51,-8131,330
1,0,1421
42,4475,-224
59,3480,-1300
-66,74,1088
-70,-2773,-159
29,-5435,-1325
45,-89,1321
17,7964,1043
-68,2840,549
-52,-4467,-1742
43,-7322,-909
51,5639,1200
-24,179,939
-6,-3401,-317
70,5867,713
33,3766,-1251
-102,-5134,1077
-24,-3962,-401
69,3777,245
29,1220,165
-78,-1368,561
40,481,-443
40,2462,-440
-71,-1982,89
26,-2084,-674
21,-1432,-575
-61,-2775,761
52,5330,47
-7,-148,-687
-36,-5182,-1056
52,1432,1486
-22,4674,-96
17,-1183,-584
31,296,-670
-64,-1728,330
68,1839,-522
4,-222,-650
-55,-3855,387
48,2506,-450
-39,2162,324
-19,-2072,-272
20,-985,-399
-64,-1790,98
-14,-626,-66
19,4771,753
-84,-4861,-384
10,-805,-262
17,3311,900
-54,2059,205
20,-4833,-1471
69,1163,683
-30,3043,837
43,-1969,-762
76,90,-611
-8,805,914
-31,-805,502
65,2950,-1273
-9,37,-718
-100,-4956,375
-14,358,-136
45,2774,-726
-52,-3490,349
-14,-2327,-259
97,1879,11
34,5836,83
-38,-3777,117
61,-1790,-1639
11,358,82
-78,1790,671
-62,-3222,-1146
46,1432,-326
-65,-1522,388
-61,-984,628
40,268,-544
49,3759,-351
-51,-984,96
-38,-3312,-611
57,358,-56
84,2685,36
-53,-268,182
-73,-2864,-1016
10,-179,491
33,1969,-355
-7,1074,254
-75,-3043,-925
4,-716,901
89,716,-496
53,179,-474
-26,179,289
-59,-358,197
-8,179,-639
40,-179,-1070
16,0,682
2,-89,283
-26,89,-75
-38,-268,-66
-12,268,-298
13,-3848,-2346
18,-5365,297
29,8497,1875
33,8234,447
-44,-6086,-2556
-34,-2327,1541
-10,-4743,477
72,8054,2322
-22,2417,-3927
-27,-13381,-568
0,-443,2062
46,8275,536
6,716,-417
0,-2595,-2088
18,-7690,-2003
46,8316,2157
42,5459,651
-33,-2595,-1594
-23,-1253,-170
-51,-8301,1303
-5,9285,1209
10,4475,-1339
-67,-8412,-2085
-30,-8613,916
13,1971,663
18,12727,-1566
-35,-5369,-1390
-52,-16196,-2450
-15,14316,5392
40,4654,-1812
13,-3222,-568
-11,-10528,-1634
24,-3435,877
73,14679,2621
29,1790,-2216
-54,-15027,-1862
18,12521,3817
64,4654,-747
-40,-9382,-3244
-34,-3842,2366
83,12329,2170
22,2506,-838
-31,-11844,-1438
4,1641,1926
34,7697,358
35,3938,-1158
-32,-8860,-58
-6,626,2073
65,9487,-297
-28,-7339,-898
-57,-7227,362
43,8659,1489
28,6086,-858
-13,-5907,-246
-8,-5012,282
18,5817,3113
62,9819,397
-55,-12772,-3554
-25,-5839,109
34,9240,2913
28,7337,-1607
-57,-7695,-1773
-44,-5638,849
-5,4475,1332
26,2953,55
-33,-806,-1477
-50,-4474,1330
25,-4386,34
14,7697,1237
-17,0,-1552
-19,-9443,-1296
27,-1257,-697
54,5420,949
63,4385,1820
13,1611,-635
-27,0,-83
-57,-1700,17
-9,-7867,-200
50,3302,650
68,4117,219
24,2416,64
-27,-1521,-302
-67,-358,572
19,-1342,233
88,-1343,-456
36,1969,82
-36,716,503
-74,1163,148
-39,-1163,-287
-24,0,-614
-34,0,255
-76,-179,445
-49,-895,-245
26,358,-59
85,179,79
15,537,-308
-35,0,165
14,89,202
-45,-89,-215
11,-2327,-423
40,-1253,-173
-20,1074,-17
59,806,-333
21,1700,412
42,626,134
-12,-179,-650
-34,-1163,801
-91,537,61
-92,179,-279
-29,89,40
22,-2326,77
52,-3491,-501
69,1611,205
59,3670,539
-26,358,-164
-36,0,-1014
-22,89,31
11,-984,907
21,805,405
52,358,-193
-32,1074,-381
-70,1163,-39
-37,-1253,-1267
-20,-1163,359
44,-2148,885
103,2148,348
83,1521,-420
37,3938,-964
-28,-5548,-373
-32,-4744,-97
3,4475,2133
43,6354,-103
-40,-6712,-1595
-110,-4475,1299
-64,6354,462
-122,-7249,-973
-36,11187,3469
-31,-5280,-4880
-3,-5549,1893
52,6623,2088
37,-4027,-2927
40,3132,1832
14,89,-641
-26,2059,798
-12,-985,852
-31,537,658
-120,-2326,-1473
-1030,-43268,-36963
-893,-140,-7537
2476,3214,531
406,-953,-743
27,914,76
-102,1789,1795
-163,1