R
StartTickMs,measCycleMs,Px,Ix,Dx,Py,Iy,Dy,Pz,Iz,FFrx,FFry,FFdrx,FFdry,satI,satPID,KFQAng,KFQbias,KFRmeas,CPx,CIx,CPy,CIy,CsatI,CsatPID,CFFdrx,CFFdry,IRelaxX,IRelaxY,DmaxR,DmaxE,DMx,DMy
8336,10,58,70,47,58,70,47,250,0,0,0,100,100,500000,15000000,500,1,5000,1,0,1,0,100000,10000000,0,0,1024,1024,0,0,0,0
GPT1Y,aPT1P,aKFPT11P
-3,2148,0
-2,0,0
-10,0,0
4,0,0
-1,0,0
4,0,0
-1,0,0
1,0,0
1,0,0
3,0,0
-5,0,0
-5,0,0
1,0,0
4,0,0
-1,0,0
1,0,0
-1,0,0
-1,0,0
1,0,0
0,0,0
-1,0,0
1,0,0
2,0,0
1,0,0
2,0,0
-4,0,0
-1,0,0
6,0,0
-6,0,0
0,0,0
-3,0,0
7,0,0
0,0,0
-6,0,0
7,0,0
1,0,0
0,0,0
0,0,0
-6,0,0
7,0,0
-3,0,0
-3,0,0
3,0,0
-3,0,0
-1,0,0
0,0,0
-2,0,0
4,0,0
-3,0,0
7,0,0
-4,0,0
-7,0,0
5,0,0
0,0,0
0,0,0
8,0,0
-2,0,0
-4,0,0
7,0,0
-6,0,0
-1,0,0
1,0,0
0,0,0
-7,0,0
9,0,0
-6,0,0
2,0,0
1,0,0
3,0,0
-3,0,0
-2,0,0
-3,0,0
11,0,0
-9,0,0
1,0,0
0,0,0
3,0,0
4,0,2147
-1,0,1
-4,0,0
4,0,0
-8,0,0
5,0,0
-8,0,0
10,0,0
-9,0,0
7,0,0
2,0,0
-4,0,0
1,0,0
-2,0,-1
10,179,358
-13,179,1
4,-179,-179
-5,0,-1
14,-269,-268
-9,269,269
0,268,268
12,-984,-985
-5,179,180
-13,626,626
20,-1074,-1074
-13,358,358
18,-716,-716
-10,1343,1343
-12,-895,-895
2,1879,1879
-7,-2148,-2149
2,1790,1791
3,-358,-359
6,-716,-715
-2,0,-1
2,-1253,-1252
7,1701,1701
-16,-358,-358
2,1253,1252
-2,-806,-806
-1,179,180
10,-1163,-1163
-7,1253,1253
9,-1253,-1254
-6,1163,1163
8,-1074,-1074
-4,537,538
-9,0,0
16,0,0
-10,-89,-90
11,-179,-178
1,447,447
-2,269,269
5,179,179
-10,-179,-179
-9,0,0
0,-1253,-1253
14,-627,-627
4,90,89
4,2058,2058
6,2148,2149
1,-984,-984
-1,-3938,-3938
-5,89,88
-5,9975,9975
10,-5500,-5499
21,-4922,-4922
-5,8092,8091
-5,-3170,-3169
9,-4206,-4206
-2,4027,4026
1,-984,-983
29,-1343,-1343
-12,-89,-89
-13,3401,3401
21,-5370,-5370
-45,7339,7338
65,-6802,-6801
-2,716,715
31,537,538
-2,5944,5943
71,-10240,-10239
-127,15674,15673
192,-20417,-20416
-156,22081,22081
81,-11700,-11700
69,-3937,-3937
-46,2416,2416
-46,8268,8268
38,-1775,-1776
162,-8193,-8193
-2,-448,-447
-66,7965,7965
-1,972,972
20,-1956,-1956
-43,5961,5960
87,-5156,-5156
-15,-2953,-2953
-102,4695,4696
40,-6127,-6127
-6,-1164,-1164
-44,7476,7476
59,-1927,-1928
125,-6981,-6980
12,895,895
-75,2506,2506
-34,-3490,-3491
-46,-179,-178
-154,6533,6533
-8,3235,3235
105,-6099,-6099
91,-4027,-4028
-59,-447,-446
-166,1342,1342
-127,7752,7751
36,-3009,-3009
29,-3490,-3489
-39,-1343,-1343
-75,-358,-447
-44,-89,0
-44,1879,1879
-53,3670,3670
30,-2954,-2954
88,3849,3848
-35,-5997,-5997
-101,716,717
-50,3133,3133
40,-895,-895
50,0,0
37,5110,5109
40,-7527,-7527
14,-1073,-1073
-112,984,985
-136,6950,6950
-25,2219,2219
-20,813,812
3,57,57
-2,-5564,-5564
35,-4654,-4653
-17,626,626
-34,9091,9091
80,-1664,-1665
58,-7606,-7606
11,-716,-715
-140,9469,9469
-74,4821,4820
70,-4673,-4673
72,-5321,-5320
-19,-2685,-2686
-50,-895,-894
-52,3043,3043
-24,7548,8113
27,-28,-594
109,-6714,-6714
44,-3670,-3669
-14,4475,4475
-28,2324,2324
63,-1608,-1608
9,-716,-716
35,-1521,-1522
-7,-3670,-3670
-8,-537,-536
-92,10566,10566
78,-2514,-2514
43,37,36
25,-3256,-3256
-5,-3759,-3759
-9,-179,-178
-40,7970,7970
8,-850,-850
34,-765,-765
-44,-806,-806
53,-5459,-5459
29,-1163,-1163
-26,894,894
-63,4744,4744
4,3405,3404
-27,1405,1405
54,-5526,-5526
38,-5101,-5100
-60,1252,1252
-116,7859,7859
2,-332,-332
29,517,517
80,-4106,-4107
82,-5906,-5905
-40,626,626
-133,8092,8092
0,2071,2070
55,-1294,-777
70,-1978,-2495
86,-6801,-6800
-16,268,268
-148,5280,5280
-44,3711,3710
51,-1183,-1182
65,-469,-469
75,-7339,-7339
4,-3132,-3132
-109,3490,3490
-104,9151,9150
74,-1368,-1368
48,-3308,-3308
-1,-3938,-3937
30,-1342,-1342
-41,447,447
-59,8659,8659
51,-4632,-4632
18,-3311,-3311
-26,2327,2326
-36,-448,-448
13,-1253,-2505
-52,7169,8422
61,74,74
107,-8585,-8585
47,-2506,-2506
-78,2506,2506
-78,4206,4205
1,1611,1611
32,-5280,-5279
2,447,447
2,-716,-716
0,1432,1432
-4,2059,2059
74,-3133,-3134
39,-3758,-3757
-85,3132,3132
-87,8954,8953
-4,-1526,-1526
82,-9218,-9217
-50,1790,1790
-79,7160,7160
25,-3133,-3134
88,-4653,-4653
-8,-3491,-3490
-170,6891,6891
-80,5958,5957
97,-3810,-3810
25,-4833,-4832
-30,806,806
-63,1521,1521
63,-2327,-2327
68,-1252,-1252
-21,-627,-627
-59,1790,1790
-17,1253,1253
7,1432,1431
30,-1969,-1969
-13,-627,-626
7,3491,3491
40,-895,-896
83,-3132,-3131
32,-3312,-3312
-59,3312,3312
22,179,179
46,-4565,-4566
12,-268,-267
-61,5101,5101
27,2416,2415
58,-2058,-2058
25,-805,-804
-25,626,626
40,2148,2148
122,-2327,-2328
34,-2685,-2684
0,2685,2685
49,0,0
82,-3580,-3580
27,-3132,-3132
-31,3938,3938
48,-1253,-1253
60,-4779,-4780
-21,961,962
-43,4892,4891
38,-3670,-3670
1,-1703,-1703
-133,8326,8326
-16,-89,-89
102,-9864,-7719
-68,9237,7093
-83,2864,2863
77,-7518,-7517
60,-2956,-2956
-48,8326,8326
-32,-89,-89
87,-8606,-8606
-37,-999,-999
8,6114,6114
77,-7438,-7438
-41,5022,5022
-77,4743,4743
49,-7960,-7961
38,-4905,-4904
-116,11612,11612
-72,1701,1701
93,-7706,-7707
-43,1620,1620
-83,6712,6712
84,-3669,-3669
-14,-1611,-1610
-88,5459,5459
33,-179,-180
102,-9256,-9256
2,1553,1554
-98,7882,7882
75,-2864,-2865
65,-5758,-5757
-55,7280,7280
62,-6614,-6614
60,-5639,-5639
-58,4604,4604
-21,6575,6574
132,-13503,-13503
2,-1648,-1647
-81,7799,7799
21,-2156,-2157
0,-2551,-2551
-103,5003,5003
-17,1590,1591
60,-1664,-1664
42,-3340,-3340
7,0,0
5,4264,4264
32,4326,4325
99,-6638,-6638
-14,-2263,-2263
-43,-184,-183
2,4279,4279
67,1072,1072
68,-887,-888
20,-3403,-3403
-30,-962,962
-35,3477,1554
36,3540,3540
52,-1253,-1253
80,-1251,-1252
-15,-2193,-2193
-56,-1754,-1753
-44,1726,1726
7,1925,1925
2,1294,1293
50,-2921,-2921
20,-6335,-3450
-7,1720,-1164
12,1212,1212
3,1153,1153
-21,3507,3507
-24,3528,3527
95,-4341,-4341
73,-3490,-3490
-13,-2307,-2306
-65,1832,1832
47,642,642
88,2072,2072
30,-906,-906
-56,1639,3265
59,813,-813
76,-1433,-1433
-55,-1330,-1331
-17,-1474,-1474
38,-2461,-2460
-30,-1274,-1274
-104,2549,2549
22,3820,3820
13,170,170
-29,1027,1027
-14,2841,2840
69,-1362,-1361
4,-1590,-1591
-64,-1878,-1877
43,85,85
36,-1689,-1690
-60,381,381
-2,-785,-784
76,-262,-262
-37,-333,-333
-49,1896,1896
58,3842,3842
35,-111,-111
-81,739,738
10,-37,-37
87,-2623,-2623
-20,-4256,-4255
-33,2389,2388
32,-1220,-1220
5,-2423,-2422
-84,878,878
-25,1188,1188
65,2596,-1335
10,-793,3138
-55,2231,2231
30,2403,2402
38,-739,-739
-45,-296,-296
-17,-2071,-2070
56,-1386,-1386
49,-3092,-3092
-65,695,694
-7,452,453
59,1860,1860
-27,1047,1047
-62,2717,2717
25,3695,3694
90,-3362,-3361
7,73,72
-55,-2246,-2246
69,472,472
100,-4280,-1774
-22,-594,-3099
-35,1141,1141
60,95,95
37,-2204,-2204
-59,795,795
-61,4936,4936
51,1738,1738
4,554,554
-86,3330,3329
8,1790,1790
62,-4565,-4565
6,-2403,-2402
-31,0,0
38,-1201,-1202
34,-1075,-1075
4,622,622
-70,-141,-140
24,1758,1758
0,-1108,-1108
-56,4980,4980
-26,1969,1969
63,-1879,-1879
41,626,625
-78,-447,-447
21,1790,1790
71,-5007,-5006
-28,-148,-148
-35,2022,2022
40,-950,-950
56,-1848,-1848
-39,-111,-111
-28,1479,1479
51,221,221
7,2641,2641
-94,3222,3222
-5,2238,2237
49,-627,-627
-4,-1432,-1432
-29,358,358
7,-5191,-5190
73,-1098,-1098
-54,-258,-258
-104,4668,4668
-34,3490,3490
7,537,537
-19,-89,-90
-75,-537,-537
9,-7071,-7070
15,-777,-777
-113,7758,7758
-122,895,895
-41,1611,1611
101,-1790,-1791
39,-6265,-6265
-116,-358,-357
-187,6623,6623
-55,3580,3580
80,-3133,-3134
45,-2505,-2505
-86,-1969,-1969
-145,4027,4028
-17,537,537
46,-269,-269
-17,-179,-179
-65,1701,1700
37,895,895
76,-2685,-2685
11,-4385,-4384
-89,3580,3580
-56,1610,1610
4,5281,5281
101,-4386,-4387
-26,0,0
-14,-1074,-1074
7,0,1
37,-537,-537
-17,-89,-89
-90,1163,1163
-45,7126,7126
52,776,776
79,-850,-851
63,-6962,-6962
-56,-90,-90
-5,1969,1970
10,-358,-358
14,-2148,-2148
-33,1343,1343
-2,6209,6209
35,628,628
7,-776,-776
-52,924,924
50,2319,2318
35,-339,-339
-6,-3089,-3089
-36,-5608,-5608
-8,2596,2597
24,5120,2864
-32,-1923,333
-65,518,518
-5,6117,6117
0,1944,1944
56,-3695,-3695
35,-2259,-2260
-68,2627,2627
13,-453,-453
78,-4134,-4134
28,-4847,-4846
-70,4811,4811
-73,4865,4865
62,-356,-356
53,1069,1069
-41,3085,3085
-59,3227,3226
67,-6074,-6073
92,-4227,-4227
-28,-443,-444
-89,2656,2656
-17,-1917,-1916
38,1323,1323
-42,1330,1330
-29,6441,6440
-41,-1222,-1222
88,-1974,-1974
18,-3528,-3528
8,2132,2133
-102,2785,2785
11,1219,1219
19,519,518
64,363,363
2,601,601
-15,-981,-981
-5,-967,-967
54,-3658,-3657
41,-1617,-1617
-35,523,523
-109,6620,6620
-53,5269,5268
83,-1710,-1710
73,-2176,-2340
14,-452,-287
-2,-1193,-1193
-32,-1072,-1073
-15,727,727
-19,1008,1009
49,-1181,-1181
23,-3796,-3796
-27,272,272
-97,4176,4176
3,1812,1812
36,-2222,-2222
51,2132,2132
-68,3739,3739
-52,2957,2956
16,-2983,-2982
94,-1890,-1890
59,-1131,-1131
-34,1244,1243
-47,2188,2188
34,-5493,-5493
31,770,771
5,328,328
-45,-489,-489
-6,17,17
-99,7484,7484
-48,2106,2106
63,-3462,-3462
30,603,603
18,-436,-437
9,-6183,-6183
-55,661,662
-158,7289,7289
-46,1063,-33
-63,2853,731
-8,-2547,-993
-3,-2936,1748
-64,3042,984
-66,-3421,52
-57,8607,1795
6,-4239,1896
-10,-6611,779
-63,519,412
-146,398,-1
-161,7758,235
-71,1430,-485
-5,-91,87
-18,-5548,-1013
7,-6874,121
-88,7377,105
-63,131,-1128
-1,-448,-46
-33,1329,-602
84,-5941,-459
-34,287,415
-70,3919,-283
-10,-1471,-46
-81,6314,280
-10,3072,-625
113,-7323,-703
-32,2897,155
34,-6240,-745
7,356,613
-43,6187,667
1,492,-412
39,286,-5
-13,3835,-18
45,-5303,-1323
25,-4373,-308
-64,2158,-178
-5,-3687,-695
18,-98,730
-18,2671,51
10,687,-1180
41,-4136,54
0,1636,256
-20,4169,-1331
45,-4659,-1202
33,-2443,-304
-3,1682,318
-86,2872,-96
-26,2038,-426
45,-4309,-1026
-39,-171,-63
-19,-1161,-392
-15,346,-162
44,-1891,-581
25,-2424,-529
25,-2105,-770
-49,242,-353
-13,-871,159
-75,1867,-380
-40,2851,-443
84,1397,-446
37,550,-298
22,-1876,-253
47,-425,175
-3,-99,-85
51,666,-709
49,-2807,-717
46,-1858,-764
-34,-1246,-236
-103,2179,127
-80,225,-511
-56,347,-431
48,-831,-262
37,-588,287
87,-993,-223
17,941,-735
7,-1336,-1104
-26,-3520,-856
-37,1023,764
-123,3326,245
-21,-754,-800
31,-1421,-29
79,-3515,-1136
15,-1698,3214
7,538,1343
-51,3072,382
-66,-571,-393
-31,1798,-407
30,-4243,-690
28,-254,-459
63,-142,-212
76,-311,23
16,-1000,-46
38,-1553,-406
47,-37,-268
43,-2851,-490
-1,1700,-435
-30,1631,-13
-37,2761,189
9,1188,-13
65,3822,-478
81,-878,-459
115,-608,-154
148,211,-332
139,-544,328
103,-95,345
77,1768,-417
64,-377,-351
64,-2747,-150
98,-3207,-524
84,-813,-178
66,-6229,-26
-7,1880,69
-99,2981,185
-61,961,-205
12,-185,46
21,1147,681
-18,-444,-268
67,1660,-694
53,-2547,-288
18,702,50
-13,2920,216
63,1412,-281
43,-238,-1178
58,-3576,-2375
-17,-3451,-895
-11,1935,226
-15,665,-74
50,-3584,-301
65,-5191,-453
-47,-179,-305
-104,4296,715
-36,5768,58
48,-2145,-727
66,-4876,-603
-63,1700,-605
-67,4544,173
2,666,-213
81,-3330,-1022
78,-6444,-924
-35,-179,33
-63,89,-358
11,179,56
51,-268,47
-48,0,72
-57,89,-609
11,-89,156
78,268,775
27,-268,-493
27,1432,-677
7,1700,-607
34,1969,636
66,-2685,4172
86,-1790,1653
76,-626,322
-19,-1432,68
-47,627,-323
-10,805,-406
57,0,-384
12,-358,-89
-70,447,-393
-35,537,-551
36,1253,-421
39,-984,-498
-78,89,-501
-41,-89,-455
29,537,-221
68,-985,-385
3,-536,-257
-7,89,-310
95,-89,-237
115,-1343,-352
-14,358,-449
2,-984,-137
126,-1701,-119
70,-3490,-948
-28,1879,-40
85,-1611,-430
-11,4117,-176
-100,985,143
37,626,-397
-24,-895,-678
-40,269,-226
84,-716,220
-22,2058,-533
-4,179,-417
85,-626,3
-25,-358,-665
23,-806,-93
45,-4564,-801
-93,179,-424
-12,1790,487
43,-3583,213
-48,-1368,-780
-1,1442,692
11,1719,362
-77,1253,215
-21,4206,-34
87,-626,-598
-47,537,-560
-18,-90,-882
71,-1700,-254
-25,-4855,-911
-48,-2182,30
39,-1000,-260
-89,1629,831
-47,1368,302
57,-481,-139
-56,-554,-76
-77,3390,164
25,268,-323
-67,3491,-338
-7,-2148,-933
-47,-3818,-1311
-112,-1257,-573
-37,-481,5247
-142,-2114,1988
-100,565,578
7,-961,-222
-115,848,-327
-29,1847,-462
32,2954,-18
-48,806,-392
5,716,-475
71,-90,-683
-32,-805,-669
18,-3100,-198
53,-1368,-100
-75,-1158,130
10,1564,247
-10,-813,-122
-101,1183,-299
-19,2528,-192
67,1701,-118
-75,3222,-528
12,0,-138
82,-2506,-458
-36,-4945,-411
-27,-37,-65
58,-1925,7
-62,396,80
-72,1973,180
61,3911,843
-20,-89,-96
-21,1700,157
83,-1163,-164
-15,-179,-411
-60,2327,-145
61,-1701,-317
-23,-1074,-426
-48,-2475,100
54,-407,46
23,-1109,348
-48,924,532
48,-74,304
36,-37,210
-52,1120,393
33,3132,471
61,2238,-451
-22,1342,-342
14,179,-405
82,-3401,-972
-11,-2953,-649
3,-1804,286
65,-1775,846
-68,-333,382
-75,2773,874
28,7046,372
27,-1432,-949
-52,-3133,-2310
15,-3331,-224
20,-3468,838
-33,3763,1526
1,3394,2064
-15,-2950,1491
21,-1146,727
10,-1675,363
10,5503,14
13,89,-985
24,1253,-1051
10,-6958,-584
48,1344,76
-22,3914,529
21,3669,-661
20,806,-1089
129,-5012,-1018
31,-7741,226
39,3020,643
5,9643,440
126,-4296,-1130
145,-4040,-1057
52,-2552,-97
2,2183,-3
9,1257,-94
83,-1073,412
93,296,293
38,5630,-675
33,-5482,-2232
13,-4681,-182
-75,2436,1580
-61,8980,1658
12,-179,-1559
116,-12883,-1773
-21,-2617,601
-120,7835,1752
-108,10081,697
93,-1879,-1205
155,-9536,-1305
48,-4490,1382
-90,5084,1073
-108,10821,-18
65,-2595,-2814
73,-8707,-23
28,-1103,2333
-114,11152,1488
10,-268,-2204
58,-8847,-2684
36,-6080,1049
-114,9103,3056
-54,7882,929
68,-1253,-2392
127,-12000,-1098
-3,-5068,-32
-135,10143,3301
-90,8089,-1050
25,-627,-1858
72,-10670,394
-22,2099,3853
-64,6781,3539
11,0,649
19,-8399,-156
-40,731,383
-102,9190,743
3,1163,-585
100,-2148,-491
45,-8723,-245
-51,-213,-298
-78,6967,373
-19,3222,-370
31,-2148,-337
-29,-626,1199
-17,2237,-151
21,-447,-418
94,-7439,-669
-66,-1516,-784
-150,10387,1495
-90,1431,-881
98,-1252,-777
104,-8052,779
1,-887,87
-83,9386,66
16,-358,-504
44,-3401,-1434
-30,-4629,1275
-117,8030,1581
-61,2685,-1362
88,-2685,-193
59,-1700,1525
-47,-1880,145
-16,3491,-63
36,89,156
-21,-358,-468
-97,358,723
-81,2058,158
30,-89,-44
49,-1969,-149
-42,-447,256
-114,626,-119
-25,0,-82
-59,268,238
-34,90,-125
-27,-358,383
-46,447,296
-16,1432,-522
-6,-1879,274
-89,537,158
-50,1432,766
-3,4206,2038
62,-3222,-2123
16,-3132,2777
-58,0,3483
-108,4743,1402
-55,6954,426
75,-3038,-375
74,-7496,-1025
-5,-1163,411
-104,1969,215
-74,11058,-310
44,255,-16
116,-11492,-795
63,-1790,566
-79,4743,910
-113,4174,-559
-30,2271,-368
59,-2714,-441
59,739,1105
43,-2322,305
-17,-3311,-115
-54,895,92
-49,4775,1083
-2,6126,69
58,-1139,-594
108,-6809,-723
18,-6086,-381
-74,2864,986
-113,8680,1648
-60,4399,281
93,-2572,-323
97,-4132,-101
63,-1886,-36
-64,37,514
-69,2852,40
-10,453,645
13,3223,1462
43,-95,362
8,1340,-498
-6,-4440,-2150
-20,-2371,-994
6,739,1190
-4,2924,1760
-40,1261,576
53,-1817,-572
-11,-396,21
-34,3932,655
-55,2286,-634
4,-829,-357
46,-6493,-225
-10,-2162,2096
-135,4143,2851
-168,5907,1986
-89,1152,286
33,-634,230
-25,-864,-87
-20,-4962,-686
-82,-4113,-393
-187,3400,431
-192,6989,113
-74,1147,-518
2,-4000,-285
-108,-799,-164
-143,1854,-283
-108,-1771,-15
-29,188,421
-131,5572,-186
-81,-1141,-782
-74,-2603,-895
35,-1493,209
6,-167,461
-41,-1234,172
-11,-104,135
-38,-1583,-281
-62,4468,612
-49,4413,215
25,1519,213
86,-1318,-745
104,-3329,-388
39,-3857,-388
-50,920,150
-40,2090,36
-1,-2132,-295
42,-2346,557
-35,2242,858
-74,573,-600
-131,1577,-673
-40,570,192
-23,2067,797
13,1199,7
17,-497,-1623
55,-5719,-2177
-6,-209,-350
2,1841,1042
-6,3096,402
91,-1951,-786
97,-6920,-1721
-14,-453,2470
-36,5323,1671
17,-351,320
112,-1960,-106
139,-4002,-329
89,1075,-165
0,3758,-681
94,-5129,-916
46,3989,72
104,2499,-5
152,-2237,-655
125,-1427,-336
59,2472,8
35,4753,-307
173,-3895,-859
186,-3793,210
99,3563,550
49,-1317,-1059
97,-1355,-329
126,1605,1336
91,2789,-1310
123,-5143,-745
72,-1867,253
46,565,560
78,-254,-617
-35,-1760,-620
96,-1960,-21
9,-2080,-541
-97,1790,-640
23,-2059,-541
78,-2416,-1307
-67,358,76
-8,4740,582
-4,2962,-334
-25,-141,-385
79,-1157,574
-81,74,499
23,2526,-491
45,-6140,-638
-40,-3580,-989
19,1432,-176
-49,3132,-1211
-21,-4564,-1798
68,179,-187
-78,3222,732
-15,2942,3249
29,666,2724
-62,-518,441
45,-2732,-346
85,-5639,-806
-33,448,-497
20,-1164,-605
27,179,-767
-85,-179,-816
27,90,-966
10,-90,-752
-51,358,-463
18,-447,-99
69,179,-551
-68,447,-354
-6,1701,-257
65,-627,-726
-29,-1342,-455
-37,984,-165
19,-89,-275
30,-1253,-251
-51,89,-137
-57,627,-304
62,-716,-374
20,-537,-12
-77,358,-236
5,179,-64
39,0,-218
-33,-179,-105
-26,90,-143
66,-90,-57
34,-1253,6
-49,-716,-370
32,1432,54
23,-716,-200
-73,90,-250
-6,1431,180
-13,-89,-187
-52,-179,-427
-29,-89,-163
69,-627,-303
-8,627,114
-51,268,18
39,0,2343
54,-179,2369
-59,0,454
10,-447,-396
61,358,-779
-61,89,-714
-79,179,-957
52,0,-1062
20,-537,-512
-76,358,-443
32,-89,-401
50,-1253,-210
-63,537,-701
-18,358,-291
82,-358,-210
38,-1253,-823
-42,-448,-786
3,537,-387
37,-537,-555
-32,0,-167
-59,627,-560
69,-1969,-456
28,-6147,-471
-73,887,-443
3,665,-111
71,-2679,397
-4,-2128,-343
-47,2382,-137
38,1390,940
-13,-296,11
-95,4762,432
-13,2417,584
40,-2148,-356
41,-3441,-1006
-44,3351,77
47,2327,207
113,-3132,-300
25,179,-425
-1,1969,-121
108,-806,596
54,-1700,-783
-46,1253,346
-24,2595,3530
80,-447,952
77,-4744,-787
-42,1074,-877
54,-2917,-669
108,-1368,-796
23,-1251,-844
-6,-2115,-561
78,24,-426
89,-428,-334
34,-2027,-172
-44,2431,-311
14,5178,215
64,-407,-53
-11,37,-428
-68,1146,-530
53,1160,73
63,-1049,-613
27,-998,-402
37,-1906,-588
91,-367,-1
123,-2461,-255
31,-2178,-264
-65,799,-380
23,1736,673
79,237,221
-4,-2375,-619
-78,2431,478
-3,1895,15
33,-763,-69
-15,2619,-250
-73,259,-332
74,-296,-90
44,-2299,-818
-41,-764,-308
-48,1806,638
23,-3107,-365
51,-1969,-310
-64,662,360
-99,1957,2562
25,85,3895
31,453,1325
-2,0,-64
-82,3213,-460
23,1664,-483
81,-1035,-438
12,-2315,-637
-23,-1612,-718
-32,1725,-160
6,-1669,-32
11,-1610,-49
-80,-167,-211
-99,2428,107
4,2517,107
51,5229,-269
66,-3639,-755
51,-2034,-660
34,-6333,-345
-72,188,183
-105,5517,718
-96,6569,1484
9,2506,206
83,-5549,-1551
97,-4490,-559
57,-3812,240
-35,-532,1288
-65,3467,178
-63,2174,-585
1,2477,71
32,3222,1527
57,3938,1310
41,358,139
72,-2864,-1417
99,-9729,-1687
-19,-1323,-75
-86,3403,1951
-76,5233,639
-15,3938,1142
61,1342,2382
88,-984,3401
84,-716,924
57,179,-284
47,-5281,-469
20,-3083,-746
-1,-2143,-459
-43,3068,120
-88,8692,258
-18,447,-1156
20,-626,-1164
13,-4744,425
-39,-3917,613
-87,4007,-65
-89,5280,47
-16,-3580,-44
-118,-4746,-267
-208,8147,797
26,-4564,-2748
-104,-4285,-54
-205,9028,2916
-92,179,-664
-25,-268,179
-66,89,976
-132,3401,300
-14,-448,-1678
78,-2953,762
-40,-716,769
-93,4922,1074
-19,-2237,-1124
75,-2058,-486
-28,-90,659
-126,626,396
-30,806,-787
28,-2148,339
-9,-984,834
-103,2058,1264
-85,7518,-254
36,3633,4221
97,-6139,1259
29,-2954,158
0,-1074,391
8,6867,597
31,-3376,-750
66,-1790,-684
18,-2685,-157
-43,358,160
-82,537,-89
-59,4206,524
9,4931,666
6,3646,4
19,1937,233
47,-4521,-443
60,-3465,-135
-5,-2080,1153
-9,2339,688
-10,-907,-165
35,-4475,-338
-16,268,192
-54,6593,1504
-71,5976,1172
1,2592,690
69,-189,448
61,-603,625
33,340,513
-1,-321,-222
-6,-5050,-1188
-16,-1301,133
-23,1301,984
-63,2850,1691
0,1782,869
22,1719,536
38,495,1504
-39,3150,575
17,497,768
-10,-963,2357
33,632,889
-36,2037,18
38,-3074,-597
75,-5371,102
2,460,199
-75,2303,-302
-68,-2701,71
-72,5819,1004
-109,5151,235
42,-2089,-280
2,-565,335
-71,2286,-550
-98,-2641,-484
-74,-3214,778
-99,2222,1030
-66,-3144,433
-222,8008,1172
-212,2605,-815
-57,-2546,5
-80,1939,427
-37,-6975,-1184
-145,113,1082
-246,4499,141
-145,-3889,320
-223,7692,1772
-163,-621,-995
-173,1379,34
-173,716,-1055
-72,-8769,-235
-127,2113,914
-199,-1612,-1011
-167,804,1320
-159,4353,365
-35,-3827,-280
-94,1944,905
-131,3899,-678
-100,-1939,-694
-34,970,0
-85,4074,-352
35,-3054,-1243
54,-4940,-533
-10,1273,-349
-15,-831,-1386
50,-4947,-1004
-29,-437,-442
-49,3873,-460
10,64,-1389
105,-4383,-1258
91,-2032,-442
-33,1342,-682
-6,-16,-1463
3,-5168,-1376
-31,-4107,-1532
9,-1546,-1096
51,-148,-1280
127,3671,-240
272,-4041,-496
329,-2544,-1375
210,4891,-242
373,-3382,-293
309,-2314,-1453
121,4273,227
227,-4363,-408
231,-2774,-1943
174,5732,1112
330,-1347,631
282,-4206,-1471
176,1253,-150
154,4263,3343
142,185,2569
73,-2479,757
112,-2506,-165
160,268,-388
81,1164,-350
-40,5894,45
-81,2200,814
-51,-1295,423
19,-3763,-70
-60,-814,86
-63,-164,82
17,2050,181
53,2352,368
-5,2181,576
-64,404,386
27,-595,8
51,-3418,-469
10,-1922,-874
17,110,-355
82,-554,-807
88,1257,-887
-53,-592,-1050
90,1516,-583
-69,-924,143
28,407,-208
-60,-925,30
24,-4569,-868
-34,-1074,-1496
-7,5569,-990
-64,-554,-553
97,-2240,715
2,-2685,-351
33,-2685,-330
-62,-358,3132
8,895,1475
-80,2506,-242
45,1521,-445
-81,1074,-762
65,-1432,-850
-34,-1074,-855
22,-2237,-716
42,-1522,-193
-46,448,-254
44,-448,-550
-18,627,-452
-10,179,-246
-12,-179,-147
43,626,-1059
-18,179,-534
-37,-805,-117
30,-448,-153
42,-268,-443
20,-1432,519
11,1253,-144
-5,268,-885
-15,716,11
32,90,-464
86,-806,-253
84,-89,-64
118,-1879,-446
93,-3849,-1370
107,-537,-442
65,3491,295
114,1432,1262
160,358,25
147,-2506,-861
56,-716,4264
-30,3759,2367
37,447,231
121,-268,-674
76,-985,-819
-56,-626,-1557
14,1163,-802
67,-3580,-312
6,-2237,-671
-89,-1074,-677
-59,2416,75
18,-2765,-564
17,222,-597
-89,1201,-454
-20,2595,266
45,2148,-375
-4,-2953,-725
-9,358,-195
51,2416,-27
-5,-1253,-341
-72,895,-224
27,-89,-262
76,-4028,-329
-38,-358,-461
22,2954,-157
91,-1164,492
6,2417,-158
-44,537,122
82,-1969,225
-17,1611,126
-76,89,-160
29,358,55
16,-1342,3087
-81,1700,2948
57,895,441
72,-1253,-132
-55,179,-243
22,1164,-386
76,-1611,-301
-84,358,-489
-23,1700,-666
57,-89,-400
-42,-269,-54
-36,537,-355
57,-179,-124
-28,-626,-32
-65,716,-388
38,-90,-233
49,-1074,114
-61,716,248
14,269,29
37,-90,95
-74,269,-223
-91,89,212
-2,0,238
-106,-716,-208
-114,358,-358
-31,-1611,-39
-127,895,-81
-121,-1611,253
-76,-2327,-522
-209,1611,157
-182,2775,875
-64,89,908
-166,-89,3509
-95,984,958
-27,268,-18
-158,1253,-521
-36,985,-548
50,-1611,-598
-50,89,-428
-46,2417,-129
63,-448,-67
24,-1879,-357
-59,537,-120
31,-1790,-204
68,-179,-137
-75,179,165
-26,-179,183
44,0,-229
-33,-537,204
-68,448,720
32,89,56
-1,0,194
-116,447,-8
-36,1432,735
-15,4744,965
-118,626,-83
-56,1557,-638
0,-665,-244
-110,444,-166
-38,665,924
28,-2359,-473
-96,-358,129
-14,358,1182
-5,-1611,3036
-123,895,983
-64,-2416,-149
-41,-179,-199
-157,-895,-79
-46,1253,641
-44,-269,350
-119,4509,477
-80,1775,255
21,-851,134
-86,2369,-12
-27,28,203
52,-1214,17
-60,-998,477
-40,629,240
33,-333,343
-123,3699,646
-101,1906,118
-29,355,148
-172,1589,-270
-36,-586,156
-109,-439,461
-145,1328,-98
-75,1373,673
-195,986,326
-91,-398,-650
-94,-1301,-24
-97,-810,40
-32,-780,254
-132,1100,245
-122,1018,1211
6,808,272
-58,-1034,-305
-18,584,-31
73,-1187,-185
-9,-359,-172
-26,-169,63
67,1413,198
47,-772,-184
-42,-901,-312
80,-1296,-356
61,-2740,-407
-39,-452,-146
79,198,-75
81,-2948,-884
-2,-370,-585
78,592,48
137,406,-265
73,481,-351
114,3741,-99
248,1218,328
337,-1456,-143
262,-3305,-374
243,-901,-367
317,-1959,-466
301,-148,-722
234,924,-787
116,4343,-383
170,1545,774
191,-1824,-845
29,85,4026
71,-1527,1085
122,-1365,-277
-32,-258,-665
8,-1073,-797
59,-850,-756
-69,-74,-702
17,1627,-539
102,-2013,-499
-26,-2595,-647
65,984,-251
113,-3401,-756
13,1701,-10
13,447,-366
126,-1163,-350
12,3132,-73
11,358,-503
99,179,-113
144,-4117,-836
18,-89,-741
99,447,-212
135,-716,70
75,-1521,-284
41,805,-644
103,1432,330
137,-2237,-15
39,2058,-833
24,1074,-293
137,537,703
111,-2506,3669
22,-268,1812
12,716,29
86,0,-546
49,-1790,-1012
-45,358,-821
-33,3132,-346
63,-1163,-679
-19,-716,-1019
-46,-627,-901
89,-1432,-552
-49,-626,-459
-25,-179,-385
47,179,-193
-33,-89,-380
-33,89,-803
72,-89,-540
15,-1253,-824
-31,-4744,-710
59,-179,-42
-46,985,372
-49,1790,-2
71,-1164,-369
-13,-2327,-677
-21,-447,-439
68,5459,386
-83,-3043,274
-16,2417,567
36,2237,477
-76,90,5330
45,0,1433
-7,-269,-1
-49,537,-599
44,0,-877
-68,89,-1207
-28,90,-1170
57,-179,-787
-30,-3222,-901
-22,537,66
-27,269,192
-108,1521,236
0,448,-73
-59,-2417,-436
-59,-626,-350
-7,-2148,-115
-143,4654,379
-146,984,5
-67,1253,-324
-111,-1074,39
-57,-90,-112
-32,0,-3
-138,358,49
-48,448,-77
-152,-716,-293
-141,-179,-13
-111,-895,121
-243,448,942
-225,715,3405
-72,3491,1841
-115,-1432,-147
-90,2327,-431
10,-1164,-435
-48,-358,-697
-111,1790,-508
3,1432,213
-11,-89,-194
-114,-3849,90
1,-626,-46
22,-1790,-40
-126,0,-88
-75,984,302
17,3312,1317
-85,1700,353
-50,4252,323
34,296,321
22,-1331,292
-109,1109,-15
-11,-222,774
-71,629,550
-162,-333,-1070
-32,-480,-642
-23,-7052,-128
-127,447,201
-64,1343,1123
-59,3228,1896
-219,2662,2619
-96,2540,1042
-61,1272,-40
-117,666,-18
-60,479,22
-23,-384,-172
-135,1848,5
-50,678,-56
2,-846,2
-65,-878,-14
-48,-2694,-136
62,-226,252
0,-623,43
-51,623,344
32,1262,308
-15,-927,26
-132,-477,-111
-31,-170,18
-58,-1357,-157
-172,820,528
-60,1184,160
-67,-166,6
-103,4908,400
-34,992,181
91,726,-160
18,-640,-272
-26,-1134,-149
59,509,-596
129,-264,1138
91,-585,45
75,189,-48
145,-758,117
235,-941,98
199,-2408,-113
174,-286,-16
150,-279,-137
171,-990,33
228,1364,137
164,-2609,-429
12,3180,-256
52,523,-203
77,-642,-281
-54,-1392,-534
-65,1107,-362
8,214,-278
67,357,-529
-56,713,-260
59,-71,-247
139,-1237,-396
52,-517,-517
24,-1160,-863
67,679,194
125,-566,-93
73,-2013,-993
-8,938,2744
61,1782,1603
124,-1499,-379
34,-340,-607
66,-881,-1178
124,296,-864
158,-4616,-569
62,-2058,-1041
54,1432,-579
105,-2864,-360
74,-895,-404
-48,626,-482
13,806,38
117,-985,-430
8,-89,-463
50,358,-465
153,-1074,-227
46,268,178
-10,1611,-350
71,5484,442
146,-1009,-127
40,-1611,-1607
95,-179,-611
191,-1163,-353
105,-2148,-1157
39,0,-365
101,716,933
110,-806,4568
30,-447,1226
33,1074,-113
179,-2864,-784
124,-626,-925
30,-179,-970
95,-895,-706
138,-448,-585
-1,448,-552
-2,805,-220
101,0,-284
-29,-1611,-750
-47,1880,-31
15,626,-250
-9,895,-676
-34,-716,-1660
63,-805,-1097
75,-6623,-358
-92,-559,954
-152,7003,951
-24,1073,-621
96,-357,77
41,-1074,104
-62,-1880,-1642
-48,0,53
-37,985,1368
-11,3669,4528
83,-1611,737
58,-13310,-1192
-99,3838,110
-176,9472,-436
7,179,-1309
141,-2685,-383
48,-1700,671
-13,1611,-412
34,-1343,-458
60,2327,336
128,1253,-1739
145,-2864,-1654
103,-6583,578
2,9268,1900
2,5907,-160
97,-6175,-2417
-32,-5549,2302
-232,6443,619
-184,-268,-1010
-97,-1611,-144
-191,1790,976
-85,1879,511
-9,-358,-427
22,-5190,-779
-139,268,4281
-267,12170,3824
-92,-8769,-428
-111,-447,308
-215,8773,-436
-57,-9310,-1450
-225,179,133
-275,5906,-934
-103,3040,430
-9,-5456,-1248
-51,-3490,363
-164,2953,550
-136,5549,-1260
38,-7608,133
-77,5370,2155
-98,3865,-127
58,-5118,-2557
-26,-2953,-333
-19,-1253,871
-59,8622,2522
-28,4292,1005
39,-4736,-405
-7,2107,-285
-13,-6437,-2032
-89,-626,2282
-93,9692,2042
-4,-1330,1192
28,-141,2296
-56,-9922,-243
-111,4654,1403
-198,12033,386
-9,-2121,-491
9,-2397,250
-2,-6530,-447
-116,2682,888
-182,8875,216
-67,-433,23
-20,-3167,864
-127,3412,1000
-171,2389,1176
-92,1069,-33
-49,-8705,-480
-171,1978,2107
-202,9136,-486
-114,-11312,-2298
-214,3881,3057
-349,7512,-145
-163,-5513,-862
-123,2722,2010
-193,4318,1285
-123,778,406
-35,-368,-554
-43,-6568,495
-150,-1148,839
-168,10901,-110
-42,-5928,-1454
-4,-4707,-99
-95,2628,1004
-147,4386,-787
70,-2618,-1152
78,-3134,-710
30,-329,-100
10,668,-95
8,-668,-174
65,2902,-407
60,1570,-330
100,-924,-2490
173,-7839,-1733
75,-1821,665
-57,8006,1171
-13,-151,-1395
110,-3149,-1378
76,-1882,-291
35,-21,-291
50,-2565,-1165
123,-1675,-190
62,170,1296
190,3297,435
270,-2986,-579
273,1860,-430
328,-951,-897
295,-2069,-518
297,1528,-261
310,-1047,-610
218,-2937,-689
203,-3933,-619
51,0,25
-6,2491,478
-23,666,59
62,-592,-133
70,-3549,-394
59,-2596,-1356
39,1074,-1202
161,-447,-45
179,3222,326
171,1342,331
-4,-1342,36
98,2148,263
-27,-179,-182
-53,438,5
-3,-185,2418
-53,-3833,2672
36,-358,132
-138,-1343,-862
-55,0,-950
-48,0,-962
-76,-447,-840
66,179,-902
-35,268,-833
62,2238,-374
43,1969,-385
-17,-2059,-712
62,1969,-261
-94,1528,-350
26,-1707,-588
-71,1343,-169
25,-1880,137
13,2244,-432
-33,-111,-50
72,-880,-266
-85,917,414
29,-1275,-684
-17,-1611,67
-41,-179,438
77,1343,-292
-33,-1074,3584
16,-716,819
45,447,-461
-67,-447,-829
58,-1074,-692
13,-358,-1202
-65,358,-895
70,-1701,-601
14,-895,-473
-63,90,-205
47,447,-325
47,-805,-393
-37,-269,-84
34,-89,-212
62,-447,-248
-35,-537,-352
2,447,-134
74,358,-107
19,179,-197
-11,0,-165
100,0,86
109,-89,117
-27,-716,-459
32,-448,739
126,895,3496
-3,-626,649
49,179,-369
119,537,-599
-13,-269,-733
80,-268,-524
87,268,-525
9,-447,-429
124,-1074,-501
18,626,-474
83,-447,-466
97,-1880,-710
34,-89,-206
44,-716,-369
-62,2416,-30
8,179,-162
-83,-268,-231
26,1879,-269
-94,-89,-53
38,-179,-274
-64,626,-396
44,-89,-95
29,-269,-35
10,358,2429
78,-179,2433
-41,-268,7
89,-269,-951
-19,-447,-730
25,984,-965
24,-89,-457
-34,179,-385
81,-90,-603
-80,90,-106
54,-90,-257
1,-805,-434
-29,89,-306
104,-358,-132
-53,0,-969
62,-626,-81
8,-358,26
-58,-5281,-445
10,-401,614
-104,-1072,259
-53,4337,1321
-58,1790,52
-120,2327,323
47,537,-660
4,-984,5094
-86,-4296,1104
11,895,-247
-123,2148,-781
-140,2237,-443
48,0,-705
79,-2774,-192
-67,-5034,-681
-149,7808,216
-51,1611,-383
111,-2774,18
-51,-4117,-160
-227,5638,400
-109,2416,-289
109,-2774,-70
54,-2058,380
-74,1879,627
-58,4475,271
33,-1343,-513
115,-2953,-12
-9,0,1478
-69,1253,510
-77,4922,-809
52,-3043,3787
83,-2864,871
-47,-268,533
-100,1611,-405
14,6308,441
-5,-580,-948
-69,-1074,-975
-38,-5907,-33
-26,-90,662
-177,2864,638
-136,5563,-698
5,-1177,-378
-33,-4654,37
-156,2148,1002
-82,5088,619
52,407,-466
45,-8001,-1673
-98,-1969,-87
-172,7345,3133
-70,4466,98
-38,-1989,-2195
-14,-9285,-667
-101,2237,2936
-115,9122,2826
-4,-2259,2
-88,-2181,-385
-55,-386,188
-113,4713,296
-71,792,-727
-12,-340,-744
-41,-2117,-65
20,-3227,879
-99,1083,771
-111,4771,255
-68,3118,-140
100,-3939,-1244
67,-6107,194
-108,-1521,368
-198,10450,2294
-57,4009,-132
43,-5007,-2207
3,-6070,-1298
-107,37,893
-113,2936,1971
-90,3025,125
-138,2584,487
-17,-4308,893
-31,-3313,402
-163,2861,303
-207,4760,-213
-42,2236,-380
31,-4986,-842
-91,-3725,-321
-149,2224,521
-85,4084,729
-15,-773,-466
-100,-1192,-479
-58,-951,-156
-18,-1225,608
-110,2628,648
-120,3054,-689
-9,741,-884
125,-7526,-1246
7,-3504,-470
-118,5060,1573
-75,5436,1029
88,880,-542
82,-3569,-485
69,-3737,-303
-1,-3441,-272
-21,1848,270
14,2272,-483
-6,2082,-767
109,-2959,-647
165,-3095,-194
196,-851,49
160,259,-792
233,2980,-58
310,2334,-1029
351,-71,-349
361,-679,-131
326,-1584,-1321
357,-2167,-1112
219,-4316,-1481
187,716,-380
189,-3848,-486
202,-1253,133
55,-179,-389
83,268,-255
44,179,1840
-74,537,3016
33,537,405
-44,-89,-891
23,268,-1006
67,1522,-853
30,-627,-832
162,-1342,-666
44,805,-640
107,-805,-549
143,-627,-415
53,0,-492
184,-358,-264
40,90,-307
75,-358,-375
132,0,-129
-8,0,-347
129,89,-439
79,0,-157
42,-89,-919
207,0,137
74,0,-217
105,-89,2508
157,0,3630
34,89,399
108,-447,-851
109,-90,-1170
47,90,-898
190,89,-1003
115,-89,-914
59,-716,-916
168,268,-166
14,269,-448
79,-1343,-565
65,-358,-386
27,627,-337
142,-1074,8
58,-90,-318
98,-1521,-28
228,1969,-334
149,-179,-36
63,1342,-278
177,0,372
58,-447,-234
-26,89,4755
64,537,3913
-38,-1700,116
-32,716,-718
46,-90,-987
-74,-3938,-1005
-33,-89,-596
-109,-2262,-778
-244,444,-318
-246,4145,402
-449,3848,227
-321,0,-541
-369,-1074,97
-340,-1611,-347
-438,2596,186
-269,715,14
-292,1701,-138
-113,-1343,-530
-222,-984,-177
-137,-1163,-23
-189,179,130
-185,716,1732
-115,268,3053
-160,0,633
-38,89,-332
-123,2059,-250
-19,89,-745
-102,1164,-672
-112,626,-482
-162,1164,-6
-159,-2685,-180
-155,179,-39
-229,-1880,297
-120,0,570
-268,-268,342
-209,984,1052
-379,3938,448
-304,4272,571
-356,2051,-609
-238,-1275,-170
-240,-2736,-66
-199,-253,283
-79,-179,567
-103,-1880,1429
40,90,432
-17,1342,199
-30,-358,257
65,1164,459
-37,814,502
-27,480,121
61,111,263
-75,592,278
37,-111,299
144,444,169
52,-111,-218
127,-37,-259
216,480,-30
132,-443,37
153,2743,225
294,1412,99
253,-72,-273
133,-689,-50
222,-396,141
161,-1556,544
23,-1368,802
12,1227,1226
61,-1856,-13
-75,2506,-150
-12,-28,-249
58,-1886,-394
1,1688,-306
76,-1171,-372
234,-2033,-501
201,-4141,-562
131,895,-591
134,2839,239
161,-1944,-21
97,89,-635
32,2003,-354
107,-259,653
133,-1028,-73
7,-805,-383
53,4569,277
44,675,-162
-24,-227,-275
-48,1867,3117
1,-565,584
77,-1302,-611
91,-2371,-372
63,-628,-1052
59,-2466,-1045
100,2392,-565
96,-2929,-151
61,-1611,281
39,-1611,-72
-76,5549,313
-94,1822,-215
-105,3381,-146
2,1511,-573
60,-1426,-566
148,-4205,-1471
142,-5021,-577
140,-1969,-469
57,-895,-338
99,269,-443
108,1342,2840
156,1611,3071
158,716,533
150,3392,217
34,-528,-152
55,306,-553
-9,1331,-1182
23,2463,-1072
1,-910,-857
73,-1331,-537
83,-3828,-1196
87,-4833,-849
13,-447,-701
-35,179,-635
-19,0,-445
44,-358,-220
18,-268,457
-150,268,163
-103,1879,-152
11,2417,-389
-16,-2417,-866
-107,4923,3135
-1,1302,2561
-3,-6135,-445
-140,-3311,-324
-110,1342,-1225
-194,0,-1195
-210,1342,-100
-117,6799,665
-91,-3487,-1664
-69,-4207,-725
-47,-268,-422
-78,-179,-726
-74,-89,200
22,626,1581
-13,3222,845
-49,626,-1550
53,-268,-730
19,3802,1535
-61,-6666,-2289
44,0,-197
-5,3848,1985
-91,-2058,2732
62,-2864,525
-17,626,-1093
-121,-626,-762
58,-268,-255
-45,0,-358
-37,89,-827
74,-89,319
-53,89,490
39,0,-703
54,0,370
-34,89,587
29,358,-703
23,-626,947
-66,626,701
-9,2685,-957
-23,-3132,-98
-98,805,1609
2,9148,713
2,-4225,-1722
-17,1253,3762
21,5367,1249
-73,-1414,-541
68,-2867,-1124
127,-3413,-724
9,-269,-518
6,-1342,-513
96,-2148,230
-19,3490,879
-150,6577,285
-35,2093,-991
96,-10818,-1214
12,-716,1482
-89,5191,1207
-32,1244,-1553
-4,-796,-1035
-51,-985,536
-75,2557,1203
-9,2428,-55
91,-2908,-506
79,-5209,3550
9,-2327,644
-94,6981,-42
-39,2736,-349
6,2453,-550
118,-4523,-720
28,-1919,60
-17,-3401,-188
-23,1969,-662
-59,3462,10
20,961,-925
22,481,636
53,-1886,363
14,-1765,405
6,-1343,-554
-38,5105,161
0,1784,-1041
59,-1119,-639
84,-7649,-461
60,-537,2293
-68,5012,3272
-100,5481,484
-22,2439,-876
114,-7593,-1397
62,-5071,57
-39,-805,0
-134,6357,282
-51,2608,258
44,2828,-514
77,-678,-105
68,-3538,-1006
-28,-6324,-1286
-28,-537,129
-42,626,1380
-24,10546,1195
17,-167,-780
22,-833,-1576
48,-6145,-1732
-50,2168,1874
11,-406,3396
-11,-518,2049
-20,-1333,-262
-22,6263,-302
-71,2160,-1331
64,-2019,-912
109,-7299,-829
59,-5460,30
-71,5191,925
-117,7285,-118
-24,4074,-774
118,-6754,-1922
71,-6753,519
-91,4682,1872
-196,5204,-203
-58,636,-1087
85,-7837,-1184
-1,1253,1769
-102,4873,1119
-110,2876,-2855
96,-4454,3214
-19,-5890,1222
-98,8680,784
-82,3254,-1023
101,-7190,-1075
80,-4834,57
-78,3614,-143
-22,1183,-963
23,-6229,-1346
46,985,-168
-63,3311,519
-63,2340,422
-19,4588,418
12,547,-1837
81,-4803,-318
9,-3567,1982
-49,10369,1708
-3,251,-1973
128,-8310,-1664
80,-3205,3989
-80,1343,981
-21,-1880,-434
1,4223,-256
23,185,-994
44,-8256,-2339
21,-1164,318
-58,6355,208
-29,2991,-339
32,1555,-958
122,877,-685
10,-5065,-461
-28,1080,1772
-43,7494,1619
-6,1777,-1536
96,-7385,-1258
50,-8068,1187
-118,5907,1899
3,6321,-851
134,-5935,133
102,-7993,2257
-95,895,645
-105,10350,-664
14,-923,-1182
111,-887,-1185
-53,-4781,-170
-41,3413,860
-74,6765,1028
-17,1568,-1744
129,-7594,-1538
57,-5853,1096
-56,7258,1972
-16,4312,-1418
116,-9243,-1683
66,-4206,386
-101,4385,650
-71,4198,-56
-29,1814,-103
22,2005,2339
-6,-6406,1175
-43,2513,656
-39,8097,-970
84,-5700,-1941
126,-10996,-1302
38,-537,984
-92,7768,-341
74,-3024,-2663
70,-4744,-320
-21,627,-188
-94,3759,545
-24,3715,336
31,480,-689
25,-5806,-1418
5,1253,1147
-70,9192,2499
30,1545,-1666
124,-12169,-3295
57,-3490,4504
-135,12399,2830
43,-2036,-1732
161,-10184,-1017
-45,268,997
-129,11669,-930
108,-11401,-1813
13,-268,118
-137,12857,1004
-2,-6503,-2285
84,-5907,-161
-138,11816,3396
-23,3044,-1804
130,-13159,-2877
-28,537,2428
-74,8390,967
57,-9106,-4323
66,-2237,3522
-115,8520,1783
-28,702,-1804
142,-10744,2169
-26,1790,967
-117,8548,-1434
117,-9443,-1240
25,269,798
-113,10209,93
28,-1220,-2175
98,-9884,807
-98,6085,245
-43,3873,-1904
73,-8437,123
-81,7607,1159
-15,1717,-1588
62,-7892,-429
-80,7559,1427
-14,-1473,-726
82,-6444,-442
-95,10143,2667
-42,1159,2528
148,-10676,169
-82,6848,653
-93,9359,-898
113,-16117,-1959
-27,895,886
-115,13569,684
58,-6080,-2848
47,-3372,664
-53,5857,345
34,-2669,-858
16,-1295,1112
-81,5328,-9
25,-1307,-1309
89,-6899,258
-110,7731,2327
-30,3417,-1083
109,-11685,-3549
20,-2058,4451
-104,14967,3035
26,-3167,-1009
111,-10368,-1568
25,4485,512
-84,4409,-338
59,-2614,-878
88,-5743,-142
-27,-2596,29
-24,7949,186
70,-2292,-1539
45,-4404,-1464
-43,-3490,934
-142,8633,1571
-50,5151,74
101,-3067,-2110
126,-8480,-1297
36,-2595,215
-75,895,3489
-94,6876,2376
-25,4577,-110
73,-1330,-1107
76,-4843,-898
53,-5638,-766
-53,1700,-115
-72,5830,204
-18,1997,-963
82,-1627,-449
88,-6916,-677
15,-358,985
-125,5818,612
-88,6448,255
79,-1477,-1959
109,-7298,-2003
12,-4654,742
-118,1611,1561
-128,9690,1204
57,821,2048
122,-7558,3
34,-4564,-300
-101,2953,246
-135,8546,-346
41,-198,-492
143,-8348,-2138
66,-2864,-369
-99,1343,757
-70,6376,451
-7,1627,190
84,-1368,-1205
61,-2697,-924
-70,-1880,-538
-46,806,1670
22,3919,1324
-10,444,-663
-49,-814,-2249
1,-3460,4106
-13,-2327,671
-2,5191,695
-63,-2864,-867
-22,6233,-1436
-10,-2107,-1018
75,-4126,-455
27,-2148,946
-45,3222,792
46,4715,-1057
28,-2746,-1588
47,-2685,-575
-20,985,1511
-52,2413,526
38,-1339,-6
6,-1880,-553
-5,4365,690
-29,629,-1812
49,-2108,3500
37,-7361,1560
-33,4475,669
-118,6238,-1006
4,3125,-1459
93,-10437,-1323
93,-2864,397
-44,5012,1191
-73,2552,-574
-17,1442,-449
-10,1849,-929
67,-2219,-97
18,-5861,-99
-31,-3133,-15
-117,2506,82
-106,8565,316
-2,906,-1054
68,-4129,-818
80,-7490,4343
-18,269,1000
-53,5996,-148
-53,4109,-748
50,-851,-864
88,-4063,-548
41,-5549,313
-59,1074,488
-125,9785,-151
-63,2127,-1430
92,-9406,-1280
9,-1253,923
10,268,1795
-89,9226,1012
-20,-877,-1034
62,-905,-1345
-7,-1795,-965
-28,-1405,1273
-80,998,3723
5,407,631
39,-407,-667
20,-258,-523
-40,998,-866
-41,259,13
12,-555,152
26,-1294,-324
-5,2145,-444
-57,-185,-1132
-21,-1220,-1250
54,-4147,-383
52,-3043,1424
-73,9371,1588
-4,2422,-1412
87,-5195,-3490
-1,-5256,-485
-15,358,3892
-88,6377,2986
-3,1183,179
-11,-739,-595
47,-1590,-1006
-11,37,-488
26,-518,210
-7,-3765,104
-10,268,-552
-40,5013,104
6,3035,-1499
59,-1386,-532
88,-6483,-75
-23,-1700,1114
-63,5795,106
-76,3067,-1445
103,-2994,-1271
94,-6495,164
-45,5497,4582
-124,4671,1314
-75,3138,-1013
121,-4962,-1028
97,-10044,-914
-74,-269,671
-138,7688,-149
-60,6020,-342
87,-1232,-1597
125,-5495,-661
26,-5996,-680
-75,716,815
-95,6172,1144
13,2181,705
84,370,-758
58,-2107,-92
-33,-37,-224
-14,1663,1718
11,-739,1721
73,-4729,-310
-7,-2506,-749
-40,1611,-695
5,7991,127
54,1018,-434
82,-1895,-1429
-18,-9620,-1541
33,-179,154
27,895,815
-31,4386,871
-95,-1074,-882
-19,-358,178
19,5791,491
24,1036,-823
-63,-3661,-2359
60,-3882,43
68,-2954,4290
-40,2775,1081
-111,4024,-454
7,1479,-316
78,-1035,-693
6,-592,-499
-78,-111,-935
25,-4660,-1287
41,-3222,240
-52,1163,1092
-131,7200,-52
9,3476,-347
98,-3920,-1924
-41,-4250,-1506
-38,448,18
-50,268,117
32,-1969,236
-41,-1342,2797
-76,2058,1179
-24,5453,-167
25,924,-201
74,-1664,-1421
-28,-3370,-838
22,-358,-271
68,-3312,-271
31,-179,333
-17,179,-929
-17,-805,49
15,447,993
-6,8729,1505
-30,-370,-1684
-55,-665,-1365
45,-1697,-566
23,716,-390
-15,-7071,2594
-35,-447,1402
-46,269,-197
21,1342,-386
-23,-1074,-1670
-14,895,-417
-7,8102,774
83,-2195,-1178
57,-7339,-1126
-47,-268,343
-68,1252,-832
15,806,-92
-43,-448,-1083
24,2327,373
62,-984,-363
36,-2416,-663
-43,-2238,327
-39,2506,4573
-7,3848,1057
25,-2595,-1599
-49,0,-1207
9,1342,-422
57,-2774,-735
23,-2506,-39
-81,2327,-192
-55,3848,-137
88,806,-694
158,-4564,-676
36,-537,-397
-16,715,7
87,-268,-262
126,-3490,-252
-25,1074,400
-57,3490,219
76,-448,2850
78,-447,1007
-84,537,-386
-4,358,-1320
126,-1700,-918
38,-4028,-468
-100,4207,123
24,-269,-128
98,-5280,-801
-80,5996,-21
-89,358,-523
62,-179,266
45,716,-300
-94,89,-1158
58,-4385,-1764
75,2596,1905
1,-2148,-286
-59,-4117,2874
16,-1594,518
9,2757,-556
-57,3222,-268
-55,537,-88
-5,2506,-770
43,358,-1247
-3,-984,137
-59,447,-75
15,-179,-1301
101,-7851,-1829
-10,-3300,-717
-101,5244,1735
-2,895,602
29,-984,43
-6,2416,-97
-91,3759,-589
33,0,2097
107,-2685,465
48,-3490,55
-58,-537,-1008
-27,895,-1008
80,-1701,389
-8,2596,205
-94,3759,-24
-43,1342,-1745
90,-179,-839
77,-6086,-786
2,-3053,-178
-94,2337,1220
-47,3043,1217
-8,537,-31
-58,806,-540
-19,1700,1705
38,179,1709
82,-984,-375
18,-4923,-1096
-61,0,-1031
46,-1364,-885
43,-3748,-562
-55,-820,-715
-70,5216,165
76,-759,-1166
-13,-3439,-801
-28,777,659
35,2033,91
-37,148,-1718
-16,-2255,-640
92,-392,1015
-28,836,280
-49,1368,2618
97,-666,181
17,-1109,142
-96,4980,-459
66,1163,-1449
13,-4664,-628
-89,6007,971
9,2058,-391
38,-2953,-1345
-46,-5815,-888
74,1257,342
14,-147,-382
-38,1035,-144
35,-1257,3
51,-5283,866
-100,832,624
-80,3563,3661
19,7694,1200
-17,-447,-540
16,268,-1048
111,-1879,-620
-15,-1164,-727
-37,-3362,-489
51,-925,-492
-8,-1758,84
-63,1241,305
1,2070,332
27,2287,-973
-19,-806,-972
14,-1962,183
47,-1663,693
-115,2641,878
-76,5817,831
80,-3132,1912
113,-8911,-205
-83,1626,-248
-140,10865,-466
87,-1253,-1530
-19,-3849,954
-65,6444,-727
111,-7845,-1285
16,4802,2500
-45,2059,-1449
117,-10374,-1979
-21,2921,2224
-92,6468,-740
67,-9446,-2744
11,1241,1209
-108,9190,970
41,0,2974
135,-9782,-156
35,-111,285
-34,2514,-1375
82,-5137,-2113
-3,-2712,-183
-111,6814,808
-55,7608,-886
120,-6869,-1494
76,-4368,105
-63,2520,893
-94,7464,-881
81,-984,-980
18,-9378,-249
2,1877,1986
-41,3313,168
27,148,1809
-7,-3263,210
-30,1636,-318
-14,5846,71
63,-448,-1000
47,-5546,-1584
44,-6140,-417
-85,4709,442
-101,7604,1247
62,1969,-841
104,-4475,-1646
28,-4406,-1104
14,-4774,435
-27,4626,1285
-17,9029,1258
143,-2148,-1806
164,-6400,2616
71,-8299,675
-19,2774,-393
-40,5673,-470
70,5715,-323
153,-4126,-1007
133,-5869,-1063
9,-1874,777
-43,5525,-902
28,-37,-1400
54,-5383,-353
-90,7860,2838
-62,7126,-760
144,-13241,-3780
46,-761,2958
-102,12928,1386
87,-10649,478
148,-10587,344
-51,3662,856
-40,11042,-1761
108,-3692,-2408
108,-11296,256
-116,12088,257
29,3380,-2997
38,-16080,-870
-150,12898,3027
-96,1851,-3246
24,-9603,-192
-127,12242,4990
-82,-2232,-4565
121,-11208,-845
-112,9459,4876
15,3534,1120
117,-15010,-356
-110,9694,1274
-53,2126,-2934
39,-14559,-1657
-140,10940,2326
-105,713,-2832
-2,-11877,-885
-171,14931,2707
-75,-1397,-2674
30,-9804,-361
-82,9804,2170
-31,9003,-1610
125,-17525,-2512
-59,4679,3982
-87,13831,-1564
110,-9988,2762
51,-6021,1772
-62,8231,1512
-39,6972,-1563
172,-14447,-1883
57,4162,2648
-131,10017,443
65,-8348,-3309
115,-10550,188
-44,3718,1507
-101,14374,-666
59,-14129,-3459
52,-2501,2026
-149,13945,3121
-38,1074,-3542
130,-10507,2963
-52,5998,3923
-102,9700,-555
108,-11801,-1902
33,-4357,639
-97,6347,154
60,-1283,-2026
60,-7274,574
-37,3311,634
44,3595,-1327
85,-4153,-1054
8,1010,946
-32,5090,-607
127,-7628,-1064
13,-57,1162
-107,8868,1519
27,-2423,2258
82,-5821,1466
-48,3869,1152
-103,12886,-703
67,-537,-2098
107,-16009,-677
-113,9565,2346
-69,6444,-1735
87,-8158,-1344
-38,4310,3132
-48,4206,-638
76,-3222,-728
-26,2775,2844
-50,1073,-1397
66,-3221,-1248
-5,-5071,3549
-123,9187,2454
1,-1342,-975
89,-10962,118
-114,9709,15
-9,1253,-1323
63,-10174,-20
-78,2329,775
-32,6950,-58
26,-7098,-703
-72,3518,522
-60,3938,261
99,-8972,-3061
-32,-1425,1729
-149,10934,1204
46,-1074,-3375
12,-12208,4426
-163,13282,2136
-44,3490,-1258
46,-14071,-1307
-44,8881,1611
-127,2863,-729
33,-1789,-837
7,626,1630
-40,4743,-291
46,-2416,-882
-2,-2327,826
-66,1611,554
-6,-1432,-520
17,-179,336
-79,447,362
-30,-447,152
62,-6175,2490
-74,4833,679
-119,2953,-896
25,-1611,-735
-28,-447,-41
-167,5638,281
-107,-716,-1305
2,-4475,380
-121,984,968
-105,8525,274
35,-887,-564
100,-3431,-877
-10065,-32599,-13864
-4666,27587,3138
5751,-64423,-40721
10165,2494,-4604
3979,8031,1603
629,1783,5226
-824,4172,3752
-1516,5263,3616
-1506,1964,2633
-1008,3301,3096
-420,4870,906
-59,-119,31480
9,1750,0
29,-2731,0
10,1894,0
-2,710,0
11,858,0
0,1557,0
6,2751,0
-7,359,0
5,7657,0
-1,9206,0
2,-111,0
2,8585,0
-1,2327,0
1,447,0
-5,179,0
3,-179,0
-4,10055,0
-211,29694,0
-5092,3154,0
-430,-18330,0
8841,-56079,0
170,-9833,0
-3702,8147,0
-1023,764,0
-250,-448,0
-46,-1768,0
1106,18037,0
1854,1824,0
587,1872,0
139,1959,0
-645,37734,0