R
StartTickMs,measCycleMs,Px,Ix,Dx,Py,Iy,Dy,Pz,Iz,FFrx,FFry,FFdrx,FFdry,satI,satPID,KFQAng,KFQbias,KFRmeas,CPx,CIx,CPy,CIy,CsatI,CsatPID,CFFdrx,CFFdry,IRelaxX,IRelaxY,DmaxR,DmaxE,DMx,DMy
133568,10,58,70,47,58,70,47,250,0,0,0,100,100,500000,15000000,50,1,1000,1,0,1,0,100000,10000000,0,0,4096,4096,0,0,0,0
GPT1X,aPT1R,aKFPT11R
-9,0,454
1,0,-112
6,0,120
0,0,104
-1,0,-144
-7,0,-102
1,0,255
2,0,-52
-4,0,-140
2,0,-87
3,0,309
-3,0,-130
1,0,-124
-2,0,46
3,0,176
-3,0,-143
1,0,-103
5,0,233
-1,0,-30
-1,0,-135
-1,0,-91
3,0,301
-1,0,-114
-3,0,-129
2,0,-33
1,0,254
-4,0,-134
3,0,-115
0,0,192
0,0,26
-5,0,-146
8,0,-95
-7,0,280
1,0,-91
5,0,-131
0,0,-80
1,0,304
-2,0,-133
0,0,-114
-3,0,136
1,0,78
0,0,-144
-1,0,-100
0,0,265
0,0,-66
2,0,-135
-1,0,-85
0,0,303
-3,0,-128
0,0,-123
2,0,114
3,0,115
-5,0,-149
2,0,-108
1,0,252
-3,0,-47
4,0,-136
1,0,-86
-4,0,303
1,0,-132
0,0,-116
-1,0,43
6,0,172
-5,0,-135
-1,0,-111
-1,0,228
6,0,-20
-3,0,-143
5,0,-86
-9,0,288
4,0,-110
-2,0,-127
5,0,9
-4,0,214
5,0,-137
2,0,-121
0,-358,-16
-11,269,157
23,178,-409
-20,-178,208
25,89,15
-18,0,-30
-8,-89,-11
12,-358,-126
-5,-537,102
-14,179,-159
-20,-2596,-1305
-5,2685,978
23,-447,149
22,984,168
5,179,119
4,-89,378
6,-90,-193
-17,-805,-424
6,358,-92
-1,-90,239
32,-626,-195
41,716,-119
0,537,613
-41,-627,-9
12,-89,-1174
45,2326,734
-39,-5548,-906
52,4027,-761
-8,-984,2030
35,1163,-1390
3,-984,1177
-2,268,429
64,7697,-1965
-50,-20731,1740
49,14108,1783
54,984,-2583
-31,-7249,-725
34,8055,2416
54,-985,-2267
-85,-3400,481
-11,-5102,-374
95,7160,773
132,89,527
26,895,-164
-72,0,682
3,-1610,47
48,626,-428
-9,0,75
-77,268,379
-88,-4206,-605
19,2954,-72
8,984,146
-45,0,407
29,0,-287
44,0,-145
24,805,-631
-105,-626,708
-112,-1342,-69
-5,-358,-93
49,537,502
51,984,2
6,2058,91
-128,-984,-522
-96,-1163,-110
-1,-448,-1035
-76,-2595,-1374
-47,2327,1615
-114,268,450
-56,537,-523
-55,-358,-353
4,-1790,-156
-47,-716,-1537
20,-447,-1302
-9,-4423,426
5,7376,1754
10,3043,-1294
-72,-4743,-3098
-72,-6379,2746
-53,7005,938
-4,2327,-2495
-89,-8814,-3630
-67,-5391,2228
42,12773,2192
16,-805,-2077
-69,-13276,-3126
-76,4739,3094
-2,9163,-19
-77,-13688,-2506
-65,2056,1177
21,12080,867
-44,-11005,-1873
-55,-453,2648
29,11726,-219
-25,-2506,-2527
-87,-10210,64
-55,10300,2750
55,2416,-1348
-43,-6981,-1615
-33,-7684,-119
28,-690,208
53,4082,924
41,1764,-1134
73,-481,-1113
80,1442,635
74,333,127
69,3651,935
13,-1701,803
57,-2504,517
51,-1627,-318
84,1959,-604
30,4320,337
-74,895,1166
-12,-4660,-786
55,3765,192
-20,806,250
-35,-1253,594
58,358,-174
7,1790,637
-25,-1880,821
47,-1611,159
45,3670,719
-1,-1164,-613
67,269,936
74,537,721
-21,-1343,132
29,-3580,-425
101,3580,474
-23,-1074,638
1,-984,109
91,4027,588
-49,-447,590
5,-806,-411
61,716,265
-58,895,400
-48,-1342,-627
62,358,122
-31,2237,1123
-40,-268,-316
37,-448,58
37,1074,96
-105,-626,281
-4,-1253,-608
47,1879,331
-28,2058,-42
-67,-1969,-38
-17,-1431,-143
30,1253,-293
-9,89,595
-71,0,92
-11,-2058,-592
63,179,204
17,1790,512
-50,-537,432
-23,715,277
14,0,-370
44,269,-68
-55,984,465
-84,-984,-226
-42,-1163,136
16,-1253,583
74,1969,199
7,7897,481
-14,3578,2043
-77,-7269,-1560
-20,-6175,-378
67,716,1834
107,5101,87
57,9884,870
0,-5502,-1410
-39,-6620,1457
2,-1789,894
62,15551,4491
38,-713,-4255
-4,-14659,-777
36,-1343,1743
82,6086,1438
90,7213,-819
15,-2358,-911
-23,-9509,1036
69,9583,3389
68,13777,-138
-16,-11917,-2615
-49,-9027,1382
57,10837,1085
48,11668,2393
-41,-12092,-1718
-34,-11934,-1047
30,14103,4402
64,1298,-985
-25,-8778,-3271
8,-6802,2806
53,15580,1793
49,4927,-2999
-84,-11936,-1530
4,5331,4686
57,15003,1611
-18,-12970,-2325
-78,-6551,1011
44,7731,2587
10,5713,-302
-38,-13961,-2494
-24,-1257,5071
93,11883,-1411
28,709,-2842
-56,-10707,1484
70,15870,2724
18,5141,-1896
-63,-15533,491
-30,5935,4056
36,5060,-2851
-82,-13714,-841
9,4120,2788
63,4165,-2774
12,-13447,-1325
4,5021,3470
124,12402,-638
30,-2169,-2725
-20,-8373,2580
77,14043,1892
-3,-850,-2572
-43,-7493,2785
34,11788,2273
0,-8789,-4121
-76,-9840,2342
42,12751,2406
22,-6540,-3882
-9,-8882,-1053
83,13855,4719
37,3796,-3305
-20,-10357,355
49,13432,4179
35,5352,-1557
-90,-16971,-113
30,9371,5239
32,922,-1590
-7,-12653,-2219
60,9649,2746
97,1033,-3333
-3,-7708,2932
95,15930,2563
54,1200,-1058
-75,-14839,638
15,1151,1331
147,10968,-494
20,-5619,-3456
2,-2030,3202
48,10191,2055
-29,-5125,-2237
21,-8980,-2629
32,9397,4071
9,7470,488
-70,-10957,-2646
32,-4246,1858
110,9981,915
10,1603,-2402
-74,-11907,-787
47,310,2582
133,10503,-1382
-13,-3975,-1940
-63,-8108,2286
62,8599,984
131,1841,-2558
-9,-9372,-1437
-23,4961,2574
46,3641,-243
35,-10929,-3442
-51,5448,2605
-32,6983,573
15,-7808,-2447
0,-3279,675
2,11736,317
-51,-6356,-332
-19,-8928,-763
62,12362,2408
-30,-129,-2125
-117,-11528,-318
62,8348,1551
45,3954,-2148
-141,-9913,690
-7,5123,1264
91,1832,-1967
-12,-6161,761
-91,-1924,87
-3,8347,-935
-25,-9429,-4060
29,721,4161
-12,11713,182
-60,-9386,-2911
5,-4967,2616
102,10813,316
-38,262,-1972
-104,-12090,-1593
46,4976,2359
91,7441,-376
-95,-7228,-2443
-40,-8335,-426
93,10918,1774
-16,4209,-755
-119,-8566,-1512
-11,-3264,1069
89,7916,924
-27,3542,-1482
-83,-11308,-2652
16,-2995,2470
74,10261,577
-39,769,-1436
-44,-9602,-2633
21,-3211,1070
-68,3742,686
-45,4585,-1024
-53,-2386,-1392
-172,-7230,-1182
-102,3433,1437
-5,6981,-516
-136,-1971,-1498
-107,-10762,-2141
16,1697,174
-15,6388,-513
-80,-509,-20
20,-6985,-2307
-56,-1664,-594
-85,-406,2339
27,3430,-701
30,5202,-1734
-116,-3985,-1782
-87,-9952,484
52,5342,880
25,7445,-66
-94,-2110,-1044
-60,-13093,-3195
42,-448,-603
45,8945,2105
-11,3757,-1054
-22,-5199,-1361
49,-5623,-1907
37,1521,1461
-11,2059,204
-29,-2059,-561
11,985,-2411
34,-2238,80
-75,-268,-363
-29,-1074,-120
41,-716,-12
99,1879,-754
14,1880,231
-77,-2238,-547
-32,-1968,-638
67,-179,226
26,447,-451
-34,-90,-273
-54,-536,437
53,89,-450
40,1342,-301
-56,90,-416
-57,-2058,195
5,-5549,-1339
50,5459,1076
-19,1074,490
-9,-2058,-571
63,-716,-764
20,2685,347
-55,-358,-555
53,-627,-289
42,-179,-882
-39,985,930
-43,-2417,-1357
54,-3848,-2532
-1,4564,826
-60,-1074,597
-26,-5172,-2096
1,-2218,-1224
-36,3005,1225
-98,-1304,-1272
21,-1664,-1552
10,1664,-29
-47,-999,804
-69,-1401,-313
38,-735,-1424
36,792,373
-52,57,134
-46,-1783,-736
60,-2387,-1689
43,784,504
-18,3357,609
-56,-1923,-445
-2,-3075,-1602
89,-481,-200
54,4631,252
-15,56,-171
-20,-5465,-1036
85,-188,342
92,3088,-770
34,3074,-401
-18,-1754,-120
-54,-2814,65
0,-565,-1079
38,-1444,-1631
39,2155,-74
23,2014,273
-41,333,394
-31,-4766,-838
-3,-3755,-825
66,2495,64
16,5027,41
-28,-71,693
-83,-4351,-215
-19,-1996,120
21,-145,-695
75,2288,-286
27,-2175,-400
-19,2646,493
-57,1620,818
-41,-3119,-12
-29,-4850,-1310
20,460,2048
-3,3259,-915
9,3591,-281
-24,262,394
-8,-4351,228
9,2182,570
49,-2294,-1106
49,-160,-510
39,1155,-142
8,4366,136
-59,851,408
-64,-2388,-455
-25,-4016,-780
21,-1620,-1333
13,-780,-1624
23,142,330
-62,1475,-495
-113,-1865,-599
-48,-3429,-1017
-18,-1083,-547
22,4095,-637
-40,-1427,-321
-63,-3200,335
14,-224,-1087
50,-786,-1220
-54,2343,1626
-80,1944,-263
-62,-2074,-902
-4,-4247,-1675
75,2591,937
17,5322,101
-4,229,276
-41,-2364,51
-26,-1998,-65
26,-2034,-985
45,517,-1022
0,4225,1313
-38,525,-164
-45,-1051,329
-51,-3655,-411
29,-825,-302
43,825,-774
41,1799,-386
-38,1672,111
-38,-1248,-478
-114,-2625,-1207
-31,-4152,-1086
20,1389,-368
45,1549,-918
7,1692,233
-39,1318,-757
-4,475,1679
-54,-2461,109
-33,-3152,-229
10,-1204,-816
-14,911,-1218
-120,-37,-388
-99,-1295,973
-138,1654,-437
-91,-4477,-1258
-40,-679,-744
-38,3868,-363
-45,3192,563
-101,-476,731
-74,661,1446
-125,-2552,-1150
-72,-3091,-618
3,-490,-164
30,1766,-127
32,401,-241
16,1452,585
56,1237,-268
33,566,129
25,-248,481
2,3033,779
12,-22,-1016
-24,-944,894
-10,1776,1009
18,-723,697
-36,-1106,-648
-10,593,1449
39,1906,548
-12,-2605,751
23,-1144,-20
-18,2694,914
-17,-3011,453
1,1886,297
23,-108,327
18,-1102,323
32,1505,1155
41,2015,316
5,726,698
43,2122,1417
33,2695,569
38,-736,21
57,1724,959
25,225,89
31,-822,522
36,2473,323
3,-1619,222
19,1308,90
12,-1260,-213
-5,626,605
7,-1979,-831
25,-301,590
11,993,161
16,-1382,88
-4,1738,282
-61,-4383,-193
7,1880,984
12,-1167,227
61,2607,1091
37,135,-777
25,3133,554
45,954,82
35,-868,-131
71,1772,-247
43,-2031,-213
62,2239,442
31,-3052,-587
75,1021,767
65,-761,40
48,-260,1401
84,1563,-435
89,-5399,-3
61,3740,931
77,7726,2077
45,-1535,-2077
16,-8197,-1265
19,45,2643
72,10225,1094
5,-821,-953
-42,-10304,808
-30,-2013,1197
39,12713,2334
16,4710,-1491
-53,-15021,-60
-15,2007,3210
67,20733,2635
-2,-9124,-4797
-56,-9485,1407
44,15208,4431
23,3579,-197
-67,-5996,-2549
-54,-6696,1009
-6,7681,2508
-20,3580,112
-17,-7317,-1682
3,-7156,-1148
44,356,1498
129,6911,1115
95,7385,-591
15,-627,-206
-56,-6018,110
-32,-3522,600
104,113,-439
90,2448,352
-7,3578,1032
-44,-3061,204
75,-1479,71
35,4003,1259
-46,-2080,970
29,2707,586
77,2327,797
-31,2237,-662
-6,-2416,1256
50,1342,671
-66,1164,58
11,-1701,136
48,1611,516
-55,-89,-193
2,-448,127
-11,806,464
-54,-627,-258
55,627,-61
-18,268,598
-46,0,-91
12,89,-193
-32,0,282
41,90,296
21,2327,402
-26,-1432,-49
41,716,206
-58,1163,332
-1,-1163,-244
66,1074,-402
-40,716,1157
-22,-1432,-435
57,1521,49
-45,-268,688
-22,-1611,-157
40,447,342
-69,1074,864
-65,-1700,966
57,984,162
-18,4117,1081
-36,1133,450
37,-2654,-1115
34,3726,420
-73,-3010,-530
-1,-3849,753
79,3133,1357
-9,5538,1957
-82,1138,-351
29,-3763,-1299
-4,-1213,-370
-40,1361,2298
-12,1220,130
61,998,146
80,464,-989
-64,763,1895
-35,-4806,-399
54,-3043,-73
87,6179,362
42,6060,1269
-84,-970,282
-53,-3702,-624
35,-2867,953
-20,2951,102
-32,-282,935
-19,1301,371
68,226,-358
54,3280,230
-96,63,171
-65,-5321,188
42,196,-62
3,1867,-22
-110,2217,863
-43,-1189,-1083
7,404,-623
-65,880,-664
-90,-4671,541
28,-1738,361
96,2994,-308
-43,3629,1297
9,1275,-353
42,-2155,-666
16,2448,-106
-74,-2353,-304
-11,-5542,584
83,1775,942
34,3696,1042
28,5450,839
8,-3194,-1182
53,147,-1479
-59,-4950,-216
-62,-3367,1051
54,2490,204
65,6605,610
-56,1037,-309
-69,-5003,-1031
30,-1734,-729
-22,1217,424
-35,-227,827
50,649,222
79,5345,-107
-54,-1895,140
-54,-4664,-978
30,-3081,-675
22,3533,498
-70,29,1013
15,1494,-117
80,452,-598
0,2566,733
-73,-2138,-536
-34,-5603,-1270
48,1871,-297
13,1556,1090
-47,654,818
-8,-48,-586
77,357,-239
5,2332,-42
-69,-1975,178
-61,-4451,-222
51,1377,184
24,2574,306
-59,3908,996
-55,-2980,-866
19,-2201,-878
57,988,-472
26,-903,467
-32,226,1517
5,4286,530
14,-1351,-1288
35,586,511
-35,-3860,-940
-60,-934,628
13,-679,716
89,4386,122
94,4781,953
-8,1845,507
-89,-7123,224
-64,-9062,-448
62,8515,946
68,9014,820
5,2286,-476
-33,-8751,-494
-43,-5353,1388
40,2305,-692
73,7358,1614
67,1036,-2106
-25,-10643,-1990
13,3438,4007
-10,7010,673
26,3485,-262
-51,-5568,-1221
3,-12141,-528
35,2995,1329
125,10276,163
11,1284,-1702
-13,-4230,96
-14,-2130,2050
15,11525,-1608
5,-4367,1033
-16,-11039,-2917
45,-1356,2203
90,12509,2331
23,-1273,-2440
-60,-5623,-463
-39,-1214,2811
64,8053,1885
82,709,-1495
49,-6397,-3343
55,-4362,4696
96,14301,113
4,3013,-2566
-63,-14082,2848
17,9707,1916
39,7397,-957
-40,-15484,-3294
-2,-1285,3645
73,14981,702
5,-12980,-3723
-34,-5046,3497
87,13608,645
-10,-6652,-3428
-15,-9231,1541
88,17895,2412
-38,-10876,-4167
12,1939,3664
71,6507,-1007
-45,-9218,-118
72,8111,185
-54,-12320,-3951
47,11279,7407
40,-2836,-4825
-74,-6755,860
60,12181,1316
-14,-10817,-1299
26,8658,1972
7,-7351,-4144
-26,2898,5357
28,3565,-2986
-2,-1114,2420
57,3511,-3222
-4,-5304,2294
57,5500,-1783
7,-2459,2047
66,2435,-2459
-28,-7275,1446
43,7029,-182
-28,-6424,1701
49,10413,-1094
-87,-14626,-1219
29,10274,1698
-38,-6770,1023
53,10429,-1465
-25,-10308,-267
43,8566,-1442
-14,-2340,2351
77,5535,-1781
-27,-12089,-60
54,7524,622
-37,-6833,-655
61,8027,-935
-34,-14949,1647
29,12567,191
6,-10501,-4020
3,3360,2804
75,839,-2449
-50,-7877,-279
109,14448,2004
32,-579,-745
-63,-8131,214
6,8748,1732
76,-2244,-2412
14,-6146,-1147
-9,-321,402
-13,981,307
27,4071,-734
-124,-1340,-94
-70,-918,-1147
-181,-2398,-484
-113,660,774
-190,-1511,-776
-107,292,-574
-149,-42,-362
-87,42,383
-90,182,-656
-115,-1206,-632
-23,-1148,-50
-84,-1474,-589
-28,-467,-1019
-29,254,-39
-38,-226,-373
20,606,-539
-23,-380,-915
40,1592,679
-32,-1874,-1008
27,1732,-149
-34,404,334
-33,-309,-269
7,-642,-560
-43,-547,-476
-1,-1855,-410
-38,-1642,-679
7,-1295,-885
-40,-2020,-530
38,1059,-20
-57,-2491,-907
28,895,-364
-55,-2148,-268
68,1611,-900
-50,-2595,-1435
57,1432,42
-1,1611,128
27,-1790,-746
-6,3549,704
12,296,-170
40,-259,-404
-15,-1349,-726
69,1312,-114
-39,-2475,-713
53,1074,-539
-29,-2059,-735
-21,-1163,-333
-40,-448,-718
-64,-805,-20
-6,268,1
-65,716,366
-9,-1253,-590
-22,1164,0
-14,-2864,-371
74,0,-473
-17,-716,-99
80,-1074,191
73,1074,-323
-4,-447,-391
80,1163,-176
-45,89,52
-7,-178,-852
-6,89,-154
-72,-179,621
31,0,-154
-59,-537,-301
8,448,-619
52,-537,332
-47,-4833,-1044
8,-358,-672
5,716,715
-58,-3268,-899
24,941,-969
9,4117,1575
8,-716,-44
89,3222,-961
-19,-716,-937
-9,-1611,-29
35,358,-345
-103,447,-42
8,-5561,-2566
-6,-555,-314
-55,-1442,-1368
-19,-3983,-1612
45,-238,431
-50,-404,-689
70,380,-903
70,2216,163
-11,-114,-847
47,-2125,-939
30,3115,445
-76,1856,359
-27,-1969,-349
10,-3264,-784
-78,-1681,-671
24,-3329,476
68,3141,-475
5,920,-516
-6,-1568,186
87,2874,-345
-45,1210,190
0,-568,-16
32,653,-412
-74,-1723,-227
-23,-2846,-198
46,1529,-448
-43,188,-338
-54,-4547,-1690
57,-2293,-541
-7,1587,76
-54,-465,-297
50,-475,-1525
47,2556,-123
-8,-1873,-309
-14,-923,-178
74,210,-84
5,4242,-209
-68,-1241,226
-51,-3271,-971
14,1048,42
-58,3031,-284
-80,-3643,372
30,-4114,-59
73,2464,-314
4,1560,56
-30,-5185,-235
35,-1297,-228
69,2547,-939
-25,1076,-565
-79,-2485,266
10,-2391,-1092
-21,1182,-1180
-39,565,688
-65,3143,-97
-67,-4824,-1088
-34,-3479,-205
24,3791,-305
-13,2393,-685
-83,1235,-196
-40,-6626,-1112
-19,3236,1200
46,707,-431
-5,1129,-443
-145,-516,458
-62,-1434,-294
-25,892,-1152
-50,-382,-330
-72,735,-60
-62,-3282,-250
16,-4254,-1986
48,2028,-116
-19,3008,-278
-34,-423,346
-95,-2797,-370
-8,-2748,-814
30,2893,-470
-9,3500,-444
-59,989,609
-86,-3569,170
-27,-1860,-118
23,-1583,-910
38,5577,167
0,512,857
-28,-1358,-498
-62,508,1312
-29,-2668,-106
-50,-2000,145
6,-2638,-1011
9,-2171,-342
3,1051,-605
20,-1446,1436
-8,2013,-1244
2,-301,-472
-27,3574,-20
14,-769,-349
19,3997,251
-28,-4783,-1180
-5,1446,2059
25,-517,-1056
-19,-2169,867
21,695,-532
-24,-1075,1660
-17,754,-481
-32,-1088,517
-15,6646,893
-13,1438,1253
-14,5064,1557
0,1016,-2171
-37,-10134,371
-50,-4111,1229
7,16616,3894
-12,3838,-1946
-122,-21031,-3066
-19,4058,4412
73,16709,1145
2,-11339,-4676
-48,-6746,564
17,8252,3043
55,2795,-1732
-16,-2795,-543
-11,843,804
-5,319,-841
6,-3280,492
27,4606,1673
-17,2688,-89
-33,-2342,-961
-73,-4493,374
-48,1455,500
-29,-941,1569
-40,1706,212
-44,1288,581
-42,-1265,176
-55,-165,-87
-14,3981,911
1,-2092,316
51,1001,-871
108,3086,964
78,-121,1932
100,3093,406
150,-3454,-853
183,1278,298
183,-2899,-1051
151,2028,594
137,-181,-54
64,2743,907
67,2365,749
36,-2997,792
33,1979,531
40,-413,-284
24,-1935,869
89,4807,525
73,-1535,-170
26,2646,1323
13,3968,1880
-40,998,899
-7,-1092,763
-48,-3351,-412
13,-1321,421
58,3173,-146
38,962,540
-37,890,411
-67,-2753,159
48,222,-321
69,2568,438
23,517,1311
-64,296,570
-29,-2391,-53
77,792,271
16,4528,1132
-82,-2781,-102
8,-2397,558
15,3728,560
-57,370,350
-10,-813,202
38,3504,341
-74,-3283,356
-118,-2255,1172
-25,2884,218
-114,3639,1378
-54,-716,281
46,1611,689
-34,1074,1104
-32,-1611,76
75,3311,955
-22,448,375
14,89,616
58,447,93
-27,-447,284
103,0,180
77,1700,490
17,-179,434
90,90,-218
-19,1432,606
10,-1432,-330
50,89,892
-35,716,492
56,179,443
28,2685,1020
38,0,912
114,1969,892
26,-1879,525
75,2734,1322
-18,-1839,489
43,2283,620
-41,-666,1087
70,629,-38
-34,-37,455
73,961,998
19,1294,732
36,111,269
67,1055,576
-9,-565,842
80,1046,224
11,311,563
95,595,84
36,1478,913
71,-333,-182
53,2328,742
7,-1317,474
108,2035,420
4,264,168
102,509,839
48,1064,427
30,-744,-118
64,1331,-15
15,-881,1146
114,1501,155
10,-48,432
77,-1211,565
79,1677,311
18,-1452,-116
121,890,1058
-23,-1115,210
56,207,-246
-7,605,173
41,-242,961
48,1764,442
-4,-481,2
58,2305,1154
-40,-617,467
83,2820,239
-52,-1183,150
48,1042,938
-46,-261,-441
29,94,-421
-61,-1077,981
20,-166,-66
-33,139,-31
22,108,881
15,1099,466
3,474,-327
13,1226,-206
-35,306,1010
17,1334,-122
-75,-1714,-698
57,-613,604
-34,-1573,40
53,-956,-986
35,1050,267
15,851,1208
81,2165,-383
-34,-389,-756
28,-1930,191
-41,-1088,-291
-27,-2616,-612
58,2751,626
-62,1158,879
20,2350,-1000
-16,305,-946
-57,-3786,509
51,-2356,-56
-17,2208,425
42,1292,-515
40,3129,342
-102,-2655,-653
1,-5868,-1529
-6,2862,2595
-43,1886,198
70,3100,-1125
-74,-70,546
-52,-5433,-1463
36,-2008,-82
-43,2299,1483
45,2950,-235
40,776,-2261
-96,-5303,-1017
-6,-3188,2367
80,6110,209
-53,3820,-843
-52,-6419,-1389
19,-4227,-477
-16,1288,929
-28,3360,306
29,3924,-1338
-92,-3134,-1187
-160,-7969,-377
-59,6323,685
-42,6206,-598
-239,-12600,-2929
-243,-3070,1333
-58,10636,882
-124,-4794,-3583
-244,-2748,1017
-121,5856,899
-76,-2939,-3686
-123,-7456,-132
-121,9321,1294
-57,-1827,-1378
-5,-4311,-2471
-31,-2417,1223
-34,3107,916
-17,2125,-1225
-3,-3676,-2886
-40,-3283,1282
-111,185,623
-4,2447,-553
48,4180,-1735
-75,-1788,-914
-150,-8663,-983
1,-3580,-321
43,5925,18
-79,111,-474
-37,-222,-502
28,1516,-1682
-102,407,-27
-36,-1701,-1058
-103,-756,-267
-107,-4475,-1125
-58,448,-653
-108,-627,-492
-72,537,-282
-100,-2058,-191
-69,2058,297
-97,-2953,-599
-82,-537,-572
-38,0,-426
-91,-358,-370
0,269,-364
-36,89,-187
4,358,50
-39,358,-296
-28,984,58
-47,-1611,4
1,-1252,-55
7,-985,-753
81,1969,-63
54,179,-39
0,268,107
-14,-268,-178
-69,-895,467
13,-1790,-254
-31,-626,-778
35,447,-426
-66,1522,-86
31,447,-236
-55,895,767
-8,0,94
-222,-895,-526
-189,-1432,-168
-302,179,-180
-172,-1432,77
-160,-2506,-1615
-27,0,295
13,-716,208
74,2327,-362
180,2506,282
105,1432,1339
230,179,586
224,358,-720
200,-89,879
290,-4744,-22
456,3043,129
299,1790,792
165,0,579
125,0,393
117,0,-145
-4,895,288
-8,-895,77
78,0,148
88,1700,342
62,716,570
74,-2058,-117
160,-179,-54
106,3490,937
46,358,419
10,-3401,350
104,-537,649
149,2864,354
32,2417,1999
5,-1790,987
106,-1253,-801
97,3401,1859
41,2709,1066
43,-444,34
125,-923,680
88,4656,1552
38,1160,1077
38,-2120,519
125,1950,287
105,2615,259
34,-1807,627
149,-950,170
226,1473,730
149,3001,905
74,557,399
139,-2167,48
167,-868,-287
101,2620,854
130,-2430,597
242,1076,466
249,4165,445
182,-397,-41
211,-2890,1683
315,1871,-760
243,1641,198
199,275,2573
222,-1416,246
298,-1461,-1490
278,4393,1094
131,-1227,1638
107,-3128,-1328
200,640,-1134
51,2552,3268
-31,-2853,-1061
57,622,-1560
16,358,1965
-88,-1621,559
49,999,-1413
28,3357,-255
-68,-862,2137
13,-957,-2071
-28,-933,-1312
-117,-2982,2414
11,-460,-1224
-47,4151,-213
-155,-623,-271
-152,381,-115
-539,1295,-2882
-734,-8237,-3669
-776,1296,3594
-662,1695,-3059
-609,-6489,-1225
-376,9800,806
-418,-9578,-3768
-234,296,1107
-167,5909,-2187
-106,-2561,-223
-70,-6950,-1913
-104,268,253
-9,-716,-497
29,3015,-1408
-118,-592,-731
-105,-4839,-1442
-70,179,-1620
-163,-1611,-860
-123,-1611,-352
-28,0,-479
-111,895,-281
-48,-895,-241
-15,0,-454
-153,89,-357
-158,-626,-440
-131,269,-596
-277,-1253,-1205
-210,-4475,-2140
-167,-985,-1048
-196,-2565,-252
-124,814,-462
-88,6405,-579
-162,-1342,-1927
-184,-4324,-1558
-144,-1775,-1476
-236,-2014,-590
-191,-5245,-2022
-69,1568,-66
-140,2030,452
-115,883,-2652
-13,-4147,-1343
32,2052,-340
-76,-191,-888
-55,-4737,-1044
5,-2297,-909
18,1623,-569
-127,1210,-974
-216,-3300,-310
-131,-2090,-1457
-138,978,-1293
-206,-652,-25
-175,-2391,508
-22,-920,-1761
54,4077,842
48,3727,1440
73,-785,968
48,-5718,-1394
148,-2477,806
199,2683,-60
310,845,-388
213,5902,1167
197,4013,2403
93,-465,-581
117,-5473,448
118,-2153,611
225,493,-352
148,5984,-64
56,1709,1382
-1,-3219,971
70,-5732,-498
224,5206,38
83,5077,1615
-18,-71,-423
209,-4725,543
485,754,171
367,5493,2060
264,-4785,729
486,146,477
348,5742,1220
127,1836,1791
141,-2628,-216
142,-3675,-743
93,1437,954
117,5310,778
-79,-111,671
1,222,329
-83,-2730,408
2,-142,261
2,538,574
70,2260,1346
38,2041,689
20,4386,922
-3,1521,1677
-60,179,1281
-6,0,647
-19,-2506,36
-20,-1790,868
-9,2327,-211
-58,895,358
-34,1253,513
-72,537,423
-45,0,-204
-47,89,110
-41,269,506
-32,179,-64
-48,179,88
23,1611,543
-97,-1522,95
2,-179,-57
-35,-358,108
57,90,373
-41,-179,294
46,358,262
-4,0,565
-28,0,613
50,716,-555
-51,268,1007
28,985,525
-48,358,187
56,805,1365
-46,895,158
16,1432,157
58,3846,1425
-14,-703,578
56,1109,274
6,-184,421
70,1379,715
-15,-57,562
42,1075,453
-7,226,370
19,-84,907
-6,-283,500
53,-1591,-259
13,884,817
55,-651,-87
71,877,60
43,-255,475
43,2154,590
4,-909,-434
51,2098,511
19,1661,940
20,-376,71
-2,564,290
21,63,357
48,-376,282
15,-690,169
65,-272,33
76,-503,368
98,-642,-403
8,-856,473
128,2106,650
67,-608,-301
113,2475,100
43,1056,1136
103,297,-214
5,-109,243
23,-396,564
48,-735,271
63,-914,-37
121,-418,-361
60,-397,1076
154,2464,-126
108,539,135
143,2620,1197
47,446,657
119,512,671
52,-1006,582
97,-1414,734
69,660,-672
77,-1420,-476
110,363,1535
88,501,-652
109,1654,-131
11,1995,1930
51,1325,-431
2,-1184,-266
22,15,850
-3,-213,324
-28,-1005,-638
9,906,-317
-26,-1027,1169
54,375,-565
16,-345,-799
66,543,1436
-9,213,-588
34,595,-327
-35,-1230,197
21,165,628
-8,-917,-1031
23,-61,-593
-11,121,1296
38,1086,-776
-18,-379,-839
114,1059,1037
21,-1661,-589
132,1279,-936
0,-1459,167
59,-508,-112
-38,-112,-1207
20,-787,-1093
-46,-616,1308
-13,-1158,-1727
-45,-451,-1264
-15,-1794,942
-15,147,-1009
-97,-962,-1467
-130,439,932
-216,-522,-578
-318,-1411,-1233
-335,-1465,-1199
-396,2488,1127
-308,2835,-295
-388,-2322,-1993
-301,-2774,-249
-326,-3860,-718
-177,2106,-53
-224,3206,-1176
-102,-238,-590
-137,-4371,-1539
-40,-2503,-1132
-4,89,-84
-66,0,-727
67,-3132,-1913
41,2148,-278
-74,-627,-950
45,-2595,-2238
16,447,-853
-54,-2595,-742
-1,0,-790
-37,-179,-169
-22,-895,-88
-3,0,-199
-69,-179,-279
-4,-179,-63
-40,-179,-190
-91,-1969,-782
-34,1343,161
-112,-1164,-371
-46,-1432,-1132
-90,1432,-476
-147,-3043,-1135
-72,1969,-1453
-144,-2595,-1472
-109,-269,-663
-151,-1342,-944
-179,-1828,-2005
-131,407,-532
-162,-2104,-1596
-78,440,-756
-203,-298,-261
-79,-1754,-1734
-162,-566,-657
-107,-1284,-642
-73,48,-2045
-227,-4280,-496
-83,-1820,-764
-159,-433,-1780
-120,-3613,-1096
-54,765,-343
-125,-2398,-663
-8,-187,-2501
-164,-859,-752
-159,-829,-1112
-135,2247,-1139
-205,-2364,-666
-99,-505,-443
-164,2101,-606
-208,-638,-751
-166,810,682
-201,-430,676
-105,-679,-1340
-46,275,1430
-66,368,1833
-60,-3974,-2888
63,232,483
107,5215,1095
-81,2848,741
-81,-1527,611
-34,-3566,1057
94,355,35
59,7107,-823
-64,64,2214
-60,-3906,1251
65,-3008,-2718
104,4872,741
-20,-2308,559
62,-2135,-1262
189,5138,793
128,1987,1315
3,-311,682
77,-277,645
256,-3859,923
305,4067,671
220,5169,402
284,-4305,2155
685,4115,2183
654,5180,650
610,-7725,1839
748,2878,1825
547,4441,2141
318,-2468,1122
254,764,460
212,3183,949
159,998,1710
138,5981,2344
-16,-716,1781
108,-1611,1570
92,1880,696
156,2237,868
90,716,872
-10,537,785
13,-895,632
42,-269,-111
25,-89,878
90,2327,664
3,5925,1294
-53,-3151,1419
97,-2058,33
76,1074,-408
-61,5059,2398
-47,-2106,206
153,-1700,-386
191,2882,127
34,3841,2698
-5,-2251,549
73,-1627,-562
81,2255,1354
-30,3648,385
-135,-1261,416
-4,-2904,345
123,1009,80
58,4250,443
-24,-832,496
31,-3135,927
96,1442,-963
44,3086,174
-66,1275,1502
-98,-2930,42
-20,-689,65
25,1094,702
50,2875,489
-9,1131,218
-69,-227,495
-18,1042,1377
55,-1871,-19
-11,-1491,-469
136,3950,2131
51,2115,267
25,421,568
18,2251,1233
-76,-2386,380
-69,30,50
-14,1252,473
2,-1012,972
12,388,252
40,539,90
50,156,1247
-8,-454,-304
7,2438,388
57,1677,1537
-45,1487,90
-37,-295,58
-9,-1070,681
-39,-527,111
-75,-2479,-856
80,1451,-203
53,1555,902
-31,1115,-439
-40,-384,-249
32,1902,1335
-44,-1785,-575
-26,-1829,-799
-11,-1190,645
40,52,-388
23,192,-1137
-42,2092,281
-20,-263,536
30,1723,-465
-75,-1882,-365
-72,-491,787
4,-1827,-1160
-13,-404,-1053
3,-2172,482
3,1042,-826
28,1076,-606
-21,1183,661
-78,128,-18
-24,692,-515
-29,-2498,-451
-14,-1548,715
5,-346,-659
62,-346,-1138
-12,-1312,988
6,2942,-286
24,1132,-618
-33,-834,475
-104,-71,-315
-24,-924,-881
-16,-2036,-562
-49,-1461,181
17,-382,-1072
80,572,-948
-4,795,710
5,-138,-841
-2,1384,-620
-73,-1955,647
2,1169,-416
-36,-2751,-1054
-51,-2643,-435
61,334,-153
7,-1023,-1354
-20,2507,-254
-39,1014,681
-121,-1014,-680
-86,693,-706
-173,-2630,234
-184,-1872,-784
-114,256,-955
-156,-794,-284
-122,-877,25
-52,-85,-702
-36,-763,-75
16,452,-187
-38,-452,-732
28,-723,-1044
14,2392,1148
-6,226,-850
7,-792,-586
-36,594,406
16,726,-519
-80,-1829,-599
28,565,-789
-69,-1018,174
22,-235,-658
-21,-296,-587
15,-1553,-272
39,74,-1220
-83,-3874,-1137
33,895,-339
-91,-1880,-1268
-41,-895,-1236
-90,0,-451
-59,-1074,-609
-64,269,-773
-46,-1432,-853
-28,-179,-42
-80,-806,-543
30,-89,-342
-84,179,100
-32,-179,-284
43,0,-548
-51,0,-176
3,-268,-636
22,89,-1089
-91,-1342,-546
24,-1880,-1366
-6,-984,-914
-68,-806,-1195
-8,-2654,-1028
-22,596,-546
-73,-358,-464
-14,-1569,-1165
-55,2106,-419
-186,-3289,-715
-126,-2215,-891
-100,1697,-787
-233,-2599,-1074
-106,-3426,-1303
-150,774,-438
-349,-2888,-1357
-299,-1227,-1023
-319,985,-727
-256,2011,-821
-145,-1018,-1374
-195,-2028,-1806
-128,-4359,-594
6,1420,-554
18,418,-302
-84,-1811,-1334
-28,-3421,-1196
72,-1499,-1101
22,2566,-897
-6,-122,-83
28,-2141,-798
75,80,-1299
65,-492,-257
6,2712,1007
-28,-975,-573
34,-826,-288
79,1813,236
26,1311,-828
-22,-3203,459
-48,-4199,351
42,1336,543
-31,1769,-847
-96,2199,1202
-80,-2505,4
32,-1893,-1275
82,276,680
7,4217,1486
-10,1554,398
34,837,220
71,2226,802
27,898,765
-101,-1933,169
-46,-4488,1102
51,1856,900
126,822,-1270
38,3337,255
-26,-1158,519
-13,-128,75
64,1737,751
80,2994,1166
-9,2501,-513
28,-3982,1188
108,-5083,893
353,2400,503
328,7925,527
299,238,1452
289,-2178,1343
367,115,25
356,4162,640
211,990,1669
104,-1496,678
153,-4318,503
195,-188,-631
184,4648,935
72,2316,1019
63,-2122,-102
118,1669,488
71,3219,2055
-27,1987,1161
-2,-3207,280
87,3207,814
-13,1164,909
5,-4260,-72
100,1257,352
6,1481,1398
17,-1888,595
125,2157,2104
16,1790,1193
31,1700,280
116,448,170
18,626,1411
10,-1074,-241
126,1253,-44
38,1611,1324
35,-358,130
152,269,-235
90,715,462
59,-537,689
143,-89,-381
149,626,-140
59,-537,1653
136,-89,1050
182,895,-609
41,537,2618
95,626,260
144,2238,-127
50,1521,2345
70,-984,180
104,3012,258
1,887,758
54,-961,1105
76,2256,55
16,-333,271
115,296,1418
102,2924,-480
-1,-481,234
109,85,907
55,1339,-184
-24,-2018,-641
67,-1517,890
18,1658,460
-6,-1990,-1127
51,-333,619
-43,1588,1404
22,-1699,-1177
32,2378,89
-60,-1121,1722
48,1036,-1119
-22,2065,-411
-72,-1386,1089
24,-29,-763
-45,-254,-884
-27,-2652,632
33,148,-49
-76,554,-395
51,-221,358
33,3935,887
-60,-1057,-1276
15,-877,-1632
-7,226,1421
-41,-3632,-1263
60,-296,-1480
27,74,1567
28,-1456,-857
130,1308,-1254
25,1516,221
40,-2108,233
81,518,-1365
3,517,-775
10,-2467,551
45,1802,-1064
-35,-1802,-1063
37,268,666
-48,806,-1041
-55,-3401,-1970
-19,1611,1082
-194,-3312,-1208
-200,806,-1420
-513,-2059,285
-490,-984,-607
-551,-2416,-1053
-431,3490,371
-395,1074,-351
-303,-1522,-1557
-316,-1521,-631
-147,-1432,68
-121,2059,185
-100,-895,-632
-7,-179,-315
-44,626,-671
-137,-2595,-696
-31,89,-1421
-81,1164,-369
-127,-2059,-1492
-42,358,-1625
-191,-1163,-545
-208,-3921,-1407
-171,37,-1306
-297,-2891,-605
-232,-3563,-1306
-252,1308,-753
-326,-1284,-568
-165,523,-938
-225,1070,-180
-219,-689,-2341
-100,-1190,-1016
-134,-1004,-872
-106,-4248,-1431
52,686,-1862
34,-2049,-1019
-54,-2165,-469
-10,-3238,-1403
113,1028,-732
26,2642,60
0,-539,-953
-13,-3508,-952
111,-542,-1050
78,625,570
-7,2292,-447
-28,-1142,178
51,110,-1230
40,1936,-530
-56,-1545,602
-3,-4159,464
19,32,-1417
80,-436,338
-18,1822,265
-164,-136,-609
-159,-3147,-560
-179,256,131
-174,1936,621
-180,-295,-237
-63,-912,494
115,2822,-368
62,4672,14
-3,-184,1622
-64,581,2334
-10,-3427,-1463
-39,-888,801
85,-3597,-897
105,3860,-17
161,4524,1305
103,3791,2316
122,-3355,-569
275,-738,11
307,4387,1160
247,641,881
412,-3090,295
442,3788,958
235,1829,1560
292,-5296,-277
358,1800,37
197,5412,1044
77,-4820,293
160,-3567,-819
185,5384,507
45,2432,2156
42,-2306,-374
116,-2501,-826
126,4189,500
-21,1626,1912
15,-104,1043
-29,-5341,-408
43,-2973,-250
121,1122,-911
65,5955,648
-19,3377,1101
-105,1819,1644
-64,-4792,-385
39,-3490,-313
120,1489,48
28,2144,220
-80,-2123,842
-61,-1284,-349
59,4342,-256
-15,1641,39
-32,1223,1521
-50,-5420,-576
51,503,-230
67,5582,2164
-23,629,144
-76,-2206,-67
-5,-2721,469
27,2806,-116
64,3915,81
-45,-796,1379
-59,-1664,638
-24,-2926,-231
49,933,165
51,2104,733
6,7003,2154
21,2327,766
-39,-5012,-351
56,-4725,-1151
29,1664,202
-4,6283,1803
-66,-1700,736
-23,-4287,-700
118,3034,569
20,1163,989
-25,-1342,369
38,-1074,442
69,2953,318
-48,-805,102
12,-627,-506
74,1790,920
-41,0,132
5,-358,-456
41,1880,1285
-70,-448,-183
25,0,-358
1,1074,855
-65,-179,127
44,179,-365
-23,269,486
-71,89,217
47,0,-343
-39,90,-121
-12,268,701
68,0,-275
-55,447,15
20,-447,520
42,0,-169
-53,268,246
37,-268,727
52,895,-413
-30,716,397
8,-895,-212
27,1790,259
-37,-179,262
42,-269,-753
35,806,628
-24,179,143
66,-90,-689
29,2417,1476
-42,-1969,-364
59,-985,-938
30,2238,941
-52,-1790,158
40,-1701,-1061
28,2954,1311
-80,-1701,-235
-45,-2058,-726
73,1342,1003
-28,179,-297
-51,-1253,-542
62,90,-77
-6,2506,1131
-83,-1253,-104
-20,-1522,-273
-6,1969,737
-105,1074,1132
-128,1522,574
-45,1163,-1208
-67,-2237,-940
-147,-2596,-625
-37,-1342,1305
57,1253,523
23,7627,568
-63,481,-1279
-73,-5871,242
13,-2148,-893
38,-895,-90
-11,1522,1101
-36,-179,1260
-20,1342,-623
39,1253,-1673
4,-3222,-25
-41,1432,-145
-72,179,566
38,-1074,482
75,2954,-524
-5,4411,-59
-47,-4948,405
32,-2596,-1287
89,3312,162
-39,716,1041
-58,-4028,-338
76,-716,-843
-31,1969,1103
-97,-1342,-618
-7,-1343,-135
54,1522,270
-65,2148,81
-4,-2327,-46
74,984,-838
-1,4565,836
-46,-3670,90
1,-1611,-1386
68,4386,710
-50,-1701,70
-90,-2953,-761
-24,-1432,84
69,0,498
-13,2237,-311
-27,-1700,644
12,358,438
83,805,-985
14,3580,688
-54,-2953,-86
65,268,-1058
42,1074,771
-52,358,190
8,-2595,-674
78,984,-529
1,5191,1403
-56,-3490,-244
25,-3312,-1211
60,1701,1403
-18,805,-64
-63,-2864,-173
28,-89,1222
24,2148,-768
-65,-269,-90
-19,-1611,1038
30,90,545
52,7943,-921
-24,-1410,676
-62,-4654,-660
-85,-2595,-610
31,9250,3847
-16,2815,-126
-36,-9738,-4170
-58,-9934,4
44,7607,2212
77,7882,-1397
-44,-10746,-1966
27,1074,5276
85,10005,-674
33,-7857,-4240
-26,-6891,755
54,12798,3168
58,-179,-3184
-57,-10919,2713
-4,6265,259
48,7781,-1346
-19,-9213,-3019
-17,0,3121
62,12687,1477
8,-3696,-4594
-38,-8991,3415
19,5101,860
43,10714,-968
-68,-14473,-1868
-48,-1342,2061
76,18114,2639
-43,-9234,-2517
-65,-12102,-1849
36,14297,4466
14,1697,-5048
-34,-14025,-293
-7,-1790,3156
57,11443,209
-25,-8400,-2927
-62,-11330,89
43,12404,2932
9,-448,-3751
-55,-10320,-658
27,13095,3942
28,-2148,-3586
-52,-11538,-2029
-14,10732,4517
61,2148,-1699
-21,-7607,-1852
-19,1432,1883
72,8502,-1256
-23,-6175,-1847
1,-5280,927
74,9218,616
6,4654,-710
-43,-7339,-401
-10,179,1565
18,10032,1330
-42,-6900,-1314
-54,-7786,-2052
16,448,3027
79,4385,-859
45,6712,-1539
-2,-6802,-378
1,-1073,1708
41,7338,2142
-39,3383,-2757
-74,-10632,309
-50,-9089,731
62,13474,3061
44,1253,-2881
-11,-5369,-2885
-43,-179,2629
38,11531,1807
-37,-28,-607
-84,-11324,-2455
-42,-10543,1652
26,8932,768
34,4832,-1884
-31,-3848,-2312
7,-9063,664
64,11658,2358
26,8173,96
-46,-15690,-1949
-32,6354,1518
76,12697,-112
-16,-3398,126
-23,-9657,-525
-31,-8954,1183
45,18796,2575
-3,-3577,-2777
-46,-18189,-2649
29,7718,5104
69,6891,-977
54,-2148,-3480
-69,-9528,-1094
37,8991,4241
40,14618,2174
-3,-6403,-1200
-95,-9110,-1517
29,895,1758
-9,7160,-2554
-52,-6444,-154
-51,-11297,-1199
25,11565,4404
47,358,-3229
-65,-10888,-3829
32,6772,3974
89,6980,-750
-9,-3132,-2277
-14,-7428,308
21,7249,3238
28,15045,63
-60,-12271,-3003
-67,-12254,1880
32,18501,3328
11,-333,-2093
-83,-11820,-1092
-10,-7013,1606
71,11040,1553
46,-1432,-5239
-29,-14762,-602
25,13062,4133
76,10185,62
7,-8575,-2211
-66,-2595,398
-4,3401,2032
12,14233,-1167
-39,-15307,-1680
-57,-3311,1954
71,9844,2082
-43,-5996,-3537
-58,-8826,-1159
23,8378,825
38,3133,1334
-12,-3580,-1973
-28,-10830,2877
22,11188,171
26,1879,-2114
-17,-7428,-3795
-3,-1790,3233
74,8413,788
28,5012,-1441
-39,-12888,434
12,4833,1193
26,11182,1918
8,-7244,-4568
-68,-5280,1458
-24,4206,3562
72,12486,-87
-42,-8817,-2596
-65,-10471,-1320
30,5907,650
23,10877,1565
-54,-12756,-2358
-55,-10639,3633
39,13860,747
18,627,-3954
-51,-14402,-2737
-6,3146,3873
52,14209,1148
28,-4922,-2336
-48,-11528,-1293
14,-1244,1970
73,12951,1229
10,805,-1359
-39,-12399,-3029
15,2276,2734
36,11287,652
20,-1611,-2531
-39,-5728,-1211
16,2148,3959
46,4117,-179
3,-1521,-2408
-20,-8655,-2093
29,6865,3209
23,5817,703
-1,716,-2577
-35,-4475,1775
15,0,969
44,9059,1669
-21,777,-3100
-37,-10283,398
-45,-3580,960
73,13604,2789
-25,-444,-1441
-33,-9043,-2098
-30,-11297,508
51,4495,505
106,6891,-127
26,7808,-2708
-22,-4049,1207
-76,-4564,1147
0,-3670,346
37,1969,67
59,2595,-87
42,1253,-1994
-58,-716,1609
-79,-3042,38
-9,-5318,-1525
65,6481,1555
1,1611,-46
-83,-179,-687
-69,-1969,644
31,-447,-944
21,1879,599
-38,-268,168
-50,-2685,-522
65,1521,110
5,1790,-68
-83,0,286
-48,-1790,-169
63,-1432,-1791
21,1074,1160
-51,358,598
-27,-3311,-1498
80,2864,931
13,2058,21
-58,179,-410
34,-1074,177
53,895,-818
-51,-447,784
-57,-2148,177
78,447,-619
9,1969,-757
-66,-2685,1203
34,-4691,-1199
37,5228,868
-53,1164,682
1,-2417,-371
26,1253,-1080
-53,-1521,813
-24,-1701,-192
59,3043,216
-4,2059,-111
-23,-3938,-170
40,-985,-381
59,5281,619
-42,179,-491
15,-1880,46
39,0,-671
-41,895,1095
-9,-895,99
66,1790,-534
-15,179,145
-74,-3311,-11
14,-1522,-995
29,4296,483
-72,-179,415
-27,-4206,-1279
71,716,-1646
-74,447,2434
-60,-1700,315
49,-627,-1363
-2,3043,1273
-59,-3848,-9
1,-179,-297
106,5370,1023
22,1521,-373
-54,-1432,570
48,-3132,-144
58,3848,261
4,1342,-338
-97,-1163,319
37,-3938,-803
7,3043,109
-37,1164,870
-44,-2596,240
17,-537,-1976
58,-984,282
-25,2953,2088
-63,716,-245
15,-3132,-494
57,1521,270
13,2238,758
-33,1968,-294
-35,-1700,-1338
-40,-1432,1072
-13,-3490,-1981
31,3401,305
23,1521,248
7,-716,737
-26,269,1158
-4,447,-117
20,3401,-704
-43,-3401,-1106
-42,-10174,-930
5,1885,2057
33,7036,1033
48,1611,-1049
20,-6712,-2363
-28,-7408,-2711
37,3514,3280
58,10248,1436
-19,-2595,-3535
-42,-11500,1977
30,8725,1214
18,5370,-1626
-26,-8326,-2313
-22,3493,3603
34,7339,217
-3,-2506,-1524
-43,-5996,493
2,7696,1450
7,3938,-1557
-59,-8412,-1261
-63,-7733,1269
33,12386,-575
-41,-2058,-15
-62,-15009,-2403
14,6456,4491
68,8732,-808
11,-7697,-3159
-16,-8619,-2114
65,6363,3627
59,9953,1900
5,0,-2154
-63,-1163,-294
-68,-5818,1354
-41,2954,1079
-18,4116,-220
-53,-1521,-2168
-48,-15449,-2263
29,6152,1544
82,6612,1998
66,4117,-1123
-45,-7956,-1186
3,-3147,-1376
8,7613,4109
24,6264,-691
-11,-1432,-255
-41,-1342,-559
-32,-11273,-2438
-5,-7518,985
47,10059,2058
77,8553,250
51,895,-1358
-15,-5996,-2455
-2,-3933,845
11,9124,4162
85,2147,-598
-3,-1700,230
-16,-716,-444
-5,-9410,-1831
16,-4564,-335
44,5526,960
68,6658,2325
50,4027,111
-9,-984,-1353
-30,-895,563
-41,-358,2200
-2,-2774,-265
18,-3580,99
33,5996,408
70,716,131
0,2685,33
-70,179,-362
-85,-4833,435
-16,1164,2941
60,805,-748
82,89,-1179
28,7160,1316
-44,-626,1230
-26,-4117,-905
53,-1074,-819
63,3938,792
-65,-4744,-513
-19,-447,291
97,2506,-81
-5,3222,760
-68,-4475,94
39,-1343,-223
28,2417,-299
-67,-1253,-534
-25,-1253,59
44,1074,-277
6,-716,-27
-83,-358,425
10,-268,-179
51,626,-787
-56,1611,595
-71,-1969,-651
2,-1074,755
32,1074,185
-83,626,-482
-3,-715,-539
45,89,-52
-6,1611,-4
3,2058,1034
-16,-3401,-885
69,-536,-740
3,536,-90
-57,-89,299
-50,-358,-75
13,-3759,-1712
48,2327,1216
-12,1164,426
-59,-1074,-341
34,1074,-252
52,447,109
-5,358,-746
-92,-358,247
-81,-1611,277
-2,-358,-2421
5,-2953,-1553
-35,2595,2861
-48,2238,440
33,0,-278
58,-1343,-42
79,1343,-1122
-11,89,-459
-47,0,1323
-69,-2774,776
11,-5515,-1639
44,3635,65
58,4386,1406
10,3042,-889
-54,-2595,-348
-64,-2416,559
-37,-8196,-1906
28,1848,2535
83,6258,25
45,2327,-37
22,1074,-1998
-36,89,608
-55,-3311,865
-52,0,1289
41,2953,578
-40,1880,-1246
-21,-8413,-2502
-13,-6790,1077
54,8133,1514
54,3222,177
20,1521,119
-8,-179,-2896
-18,-1879,-638
11,-3222,1479
39,6264,1697
44,4565,-58
-48,-4386,-549
-42,-2237,-401
-9,-7055,-101
16,6876,-1201
50,1432,2231
-20,-626,-948
0,-9531,-1146
-24,-3237,-406
43,1244,1125
80,9823,1305
65,6712,-819
11,-3848,-1821
-37,-3311,566
-30,895,2502
-22,-985,-602
29,2327,-96
-15,-716,-1331
5,-2953,-707
5,-7774,-3723
20,57,2174
7,5748,1873
-2,5549,727
-5,89,-784
-68,-268,-446
-61,-5907,-336
-12,-4900,-696
38,-538,-858
45,921,20
73,5501,1970
22,5191,316
8,0,-1344
-68,-805,-923
-63,-8926,88
-35,-3650,-294
40,1655,-33
49,5193,1484
43,6801,-358
-13,1074,-725
-72,-2326,1124
-66,-7120,-162
-35,-4980,-732
38,9862,318
47,1164,545
30,1163,-2713
-43,-11283,-657
4,2928,1461
-1,7371,3331
55,2237,-397
-50,-537,-645
-8,-9071,-2247
-41,-7255,-344
47,3648,1363
54,12231,1458
-4,626,-1040
-59,-1253,-796
-40,-4654,946
-34,4654,708
-4,1521,107
-23,-357,380
-12,-6355,-1200
13,-7698,771
83,2247,-801
96,11716,2890
18,3669,-19
-56,2685,-1827
-94,-12619,-3831
-60,-1919,4726
17,8184,1617
50,8061,-2463
-36,-15838,-1589
15,-1997,850
127,13264,1425
64,3043,-3329
-8,-21305,1167
57,15309,2704
17,-358,-3311
-70,-14855,844
-18,14766,1849
-58,-4207,-1619
-109,2685,1897
-16,1611,-4725
-76,-15459,3249
16,15191,884
-20,-1253,898
63,2147,-6047
-61,-19079,2694
121,27333,4212
-21,-27792,-6361
46,19807,6940
23,-9664,-7747
-35,-2071,7167
57,12003,-949
35,-895,515
15,-11343,-5437
-8,11254,7757
94,4475,-2544
-36,-10382,-277
54,5817,2031
-38,-7971,-118
34,11014,1812
-60,-5459,-1424
17,7607,1302
-30,-8412,-1181
39,6533,1593
62,-4027,-1310
50,2505,1708
-78,-3132,-281
-134,1432,585
-287,-14416,-10673
-3713,-52394,-40378
330,-2447,-21187
3479,21879,16841
1308,5704,10993
262,4310,5230
-119,4492,4253
-303,5739,4478
-373,4937,4592
-422,8493,7303
-502,10034,9711
-467,3490,5042
-357,0,1068
-176,-2506,-1518
138,-5101,-3808
469,4922,556
379,7428,7003
177,7435,7767
182,0,2938
133,-3963,-2954
-16,-7857,-5351
-87,-1432,-4130
-86,0,-11