R
StartTickMs,measCycleMs,Px,Ix,Dx,Py,Iy,Dy,Pz,Iz,FFrx,FFry,FFdrx,FFdry,satI,satPID,KFQAng,KFQbias,KFRmeas,CPx,CIx,CPy,CIy,CsatI,CsatPID,CFFdrx,CFFdry,IRelaxX,IRelaxY,DmaxR,DmaxE,DMx,DMy
48430,10,58,70,47,58,70,47,250,0,0,0,100,100,500000,15000000,500,1,100,1,0,1,0,100000,10000000,0,0,1024,1024,0,0,0,0
GPT1X,aPT1R,aKFPT11R
-10,0,117
0,0,-11
0,0,-9
2,0,-8
0,0,114
4,0,39
-8,0,-31
12,0,-30
-9,0,-25
5,0,-23
2,0,-16
-9,0,-12
0,0,-10
5,0,-7
-3,0,131
3,0,22
3,0,-34
-5,0,-29
2,0,-23
0,0,-22
3,0,-17
-4,0,-12
5,0,-9
-5,0,-8
-6,0,139
9,0,11
-3,0,-33
5,0,-29
-2,0,-23
-2,0,-23
-1,0,-15
-3,0,-11
4,0,-10
0,0,-7
4,0,147
-4,0,2
0,0,-35
-3,0,-31
7,0,-21
-6,0,-21
0,0,-15
-1,0,-10
0,0,-12
-1,0,33
1,0,117
0,0,-9
0,0,-37
2,0,-26
0,0,-23
2,0,-21
3,0,-14
-6,0,-10
5,0,-9
-4,0,71
1,0,82
-1,0,-20
-1,0,-36
-6,0,-27
6,0,-21
2,0,-20
-2,0,-12
2,0,-10
-4,0,-8
6,0,97
-6,0,54
7,0,-25
0,0,-33
-5,0,-25
2,0,-22
2,0,-18
1,0,-12
0,0,-10
-5,0,-8
0,0,121
5,0,31
-8,0,-34
3,0,-28
2,0,-25
-1,0,-21
3,0,-17
-6,0,-11
3,0,-9
-3,-89,-46
8,89,161
0,0,22
-8,-89,-153
8,89,90
3,0,-41
-20,0,-12
11,0,-38
6,0,23
-1,0,-58
-13,0,69
8,0,106
5,0,2
-11,0,-66
16,0,2
8,-716,-365
-24,627,181
9,89,135
-3,0,-1
21,268,34
-21,-268,-30
-8,-358,88
13,358,-30
-6,0,47
3,-89,-190
3,-627,-63
-14,716,107
19,-179,-206
-21,179,236
13,0,-24
1,0,118
-5,0,25
9,0,-52
1,0,-15
3,0,-106
-9,0,74
-11,0,-6
4,0,-26
12,0,-41
-3,0,33
8,89,74
-10,-89,29
-16,0,-63
-5,0,-75
14,626,48
23,-447,311
-31,-268,-67
-8,-269,-364
40,447,114
-25,-89,130
2,0,-5
54,3848,535
-78,-6264,95
58,2953,-1035
-21,895,2430
16,-1700,-3365
-1,2595,4070
91,-1253,-3666
-51,-5101,2687
107,17280,-338
-24,-14416,-267
50,2774,1840
57,537,-1749
-3,-1969,-360
48,0,-910
-39,-5459,511
54,7517,1198
-42,-3311,-1579
21,3759,1780
17,-2596,-1020
-47,627,-58
65,0,-1042
-17,-2685,374
22,3580,-370
-38,-4922,-818
20,6264,1675
-67,-3132,-3033
-82,-805,2200
3,3758,-68
-69,-7517,-347
43,7428,254
-13,-3759,-1587
-17,1074,1471
42,-89,-1041
-11,-3580,1190
113,4206,166
-41,-5638,-1073
1,5369,1066
-78,-8557,-672
-36,8289,590
-69,-6623,-1247
-34,6891,910
-34,-1968,-981
-19,1253,1891
36,536,-992
3,-1700,1423
87,6623,-1509
-29,-8413,356
37,10471,214
-68,-11903,-811
-2,12440,1518
-36,-9755,-2798
-38,2059,2047
47,-1164,-2761
-54,-3669,2382
45,6085,-1030
-50,-10191,-1871
-19,9386,3152
-10,-2774,-691
-50,-985,787
79,6354,-455
-16,-7607,-627
-2,3222,1804
95,4027,-1507
-15,-7338,-792
7,4743,1845
15,984,-2734
-87,-4922,1289
-2,5549,1285
8,-895,-1742
-74,-8055,-154
24,10292,2006
17,1522,-1669
-9,-8055,-1193
-3,-4931,639
41,8332,1237
31,268,-1666
-10,-10116,-475
15,-369,388
27,10396,685
51,0,208
1,-1969,-1764
-16,-3132,1010
-15,5101,1532
-36,1432,-688
-52,-1432,-1349
-22,-3669,958
29,1342,507
-5,1432,31
22,895,329
12,0,-835
43,0,-62
43,-1163,938
-54,-448,383
-35,1522,-258
16,-448,92
91,-268,-440
12,-1790,-482
-14,1163,950
-10,1432,-417
-74,0,-345
20,-89,18
-12,-3401,-1586
11,0,996
-15,-806,921
18,627,-167
74,3401,370
-6,268,-481
-62,-89,-61
-69,-3133,382
-5,-2595,-551
43,5549,913
-31,715,-728
-116,-447,96
-93,-4564,-374
1,-2864,-565
15,6086,993
-46,1431,-123
-81,-89,-762
-51,-716,380
20,-4117,-1262
49,1522,301
-32,895,935
-54,537,-1062
-106,-1701,-428
29,-2327,-817
29,2864,-418
32,1343,982
16,716,996
-47,-2775,27
15,-268,-132
2,2058,0
-14,1432,-335
-57,-1790,41
8,-5012,30
36,2238,-130
52,4206,599
-42,895,-154
-83,-984,374
-16,-3849,-364
42,-805,-694
75,3222,801
10,2237,965
-26,179,-367
-55,-537,122
44,-3043,-425
17,-268,-983
0,2506,1498
-64,1342,72
-67,-89,-186
-22,-2238,-362
9,-537,-1483
39,448,635
-37,1700,1055
-42,90,-427
-42,-358,33
45,-1611,-969
24,447,275
-22,1880,2014
-23,179,-492
-103,-448,220
21,-2864,-1074
-16,0,-737
-50,1611,1442
-98,1879,-131
-91,-89,-114
-10,-805,-385
3,-627,-599
2,-1253,1485
-19,2685,827
-59,89,-1893
-5,-89,-49
37,-3043,-657
34,985,1417
-21,1879,1063
-74,1342,-88
-33,-1163,-225
30,-4206,-1368
30,3222,1431
16,984,1103
-34,1700,-821
20,-1432,-129
41,-268,150
66,447,442
38,-447,74
-13,-537,640
29,537,966
42,2774,-628
44,5478,1529
-49,-6820,-1411
19,-1700,203
75,357,1600
189,3491,-201
93,4820,-38
71,-4015,-230
23,-3401,-162
66,358,1083
117,-984,94
103,2685,404
52,6022,857
-42,259,451
11,-4491,25
74,-4028,400
147,1880,864
94,6084,2488
26,4826,901
-10,-1926,-325
13,-7463,-2273
68,-2237,1121
33,4833,1834
-19,8244,1626
-70,1082,-10
-24,-4317,-766
38,-5457,-667
20,2305,1245
-20,3350,1797
-50,1776,484
39,1904,-1154
18,-2355,174
-18,-1976,854
-18,-2071,795
-19,5973,1046
86,3566,-347
-27,-3199,-151
-80,-3251,102
-8,-2054,114
67,6944,1082
12,3973,229
-55,-2786,-241
-41,-6360,-64
57,340,622
61,6980,949
-61,2829,364
-70,-3770,-750
24,-6096,-576
67,4066,2446
2,4637,511
-84,1464,-235
-2,-5997,-750
45,-2190,713
34,7450,1811
-28,3839,794
-58,-5955,-2143
36,-4835,-1128
34,2130,2275
-14,10227,1155
-37,-700,-179
8,-5144,-1129
51,-3122,640
-18,1012,1254
1,7267,562
34,-2584,-1285
30,-6392,-897
44,4979,2539
-8,4451,96
-6,-1334,-234
47,-6370,-820
61,-156,919
20,8215,2394
-34,2954,366
19,-7212,-2380
71,-4285,-413
49,6049,2568
-1,4424,1086
-12,-2089,-996
20,-7554,-501
99,2982,1180
30,9703,1023
-55,-1190,-1003
36,-6060,-1579
70,-3801,474
63,6190,2463
2,5318,-778
-36,-7311,-188
56,-4405,-766
66,6858,1566
-26,4421,372
28,-2982,-1402
46,-5318,-1027
57,-114,2086
10,7288,2071
12,-1317,-1963
65,-3321,574
31,576,1484
-26,5198,518
34,427,-1592
15,-7936,-1567
-7,843,1724
3,8304,1323
71,-4857,-1982
56,-4856,261
25,3291,2183
-29,7748,609
22,-4808,-1311
8,-4475,27
-14,3055,1584
-31,7008,17
17,-6918,-2638
65,-3530,595
-12,8577,2761
9,-1277,-1159
18,-8213,-1166
42,4171,1341
-4,6374,-306
-55,-8764,-2052
-2,-2758,456
108,10129,1955
-3,835,-1681
-61,-10297,-1428
74,1941,2452
76,9757,-305
-88,-8437,-1204
-14,-4041,649
115,10184,149
-18,-4583,-1948
-134,-4484,1797
46,6632,-213
32,-2567,-2982
-72,-2653,4221
-20,6257,-195
53,-8154,-2375
15,-292,645
18,8095,841
-2,-3912,-2396
3,-7909,-686
72,11463,1915
-13,-780,-2032
-92,-11271,850
102,9383,842
45,2278,-1703
-93,-10061,-349
-53,7145,1358
66,-636,-2915
-11,-7311,-601
-38,8777,2846
-51,-2435,-3009
-28,-9529,-372
42,9725,1690
-7,2597,-1030
-125,-11455,-1219
-51,1315,867
55,7531,-1934
-119,-7877,-1326
-189,2330,2731
-77,2964,-2661
-112,-7620,-1243
-130,5722,1608
-96,2275,-1346
-131,-12142,-2067
10,4654,1860
-13,7057,-610
-139,-10081,-2685
-84,-2620,540
28,8481,1388
-3,2662,-866
-73,-8666,-1232
-96,-523,389
-11,5663,-885
16,-5425,-3100
-63,-5027,429
-72,2241,853
-22,4433,-1627
27,-6045,-3856
29,-2633,864
-21,7554,915
-25,-47,-1183
9,-13056,-2619
15,-1253,-282
31,7428,1629
-50,3647,-275
-38,-2306,-2225
23,-5816,-1688
77,-2327,57
36,4833,554
-58,3347,-229
-53,-7643,-2023
12,-2237,387
61,1074,-225
24,3222,899
-79,4117,258
-60,-6713,-2873
21,-626,-5
81,0,-2
-9,0,-333
-17,-447,-150
102,179,-152
72,268,-3
-29,-89,-285
41,-1880,-415
74,448,-320
12,1253,147
-53,-2059,-424
-36,-1432,-1001
40,1074,-1051
-93,90,-348
-87,-3491,-1413
27,-2425,-1107
6,3231,-339
-52,-448,301
-40,-1790,-980
47,-771,-702
58,2024,-336
-59,-1506,-416
-58,-2884,-730
26,-477,-609
60,403,-237
-60,-516,133
-3,-1499,-311
58,1443,-335
-2,2384,-202
-44,-2045,-157
-18,-877,-552
58,538,-409
10,794,-193
-85,-2435,-98
9,-1224,-732
55,571,-460
-39,1304,32
-44,-1970,-495
18,-1177,-803
44,1510,-575
-71,-1490,-301
-71,-2998,-383
10,-721,-859
94,1890,-492
-10,847,20
-76,-2789,-410
20,-2131,-519
21,1768,-121
-64,294,0
-64,-1516,-473
21,-497,-870
76,449,-318
-43,-161,584
-60,401,639
53,-160,-818
51,758,-171
-71,-710,73
-76,-1308,79
51,618,-401
46,-723,-847
10,611,-27
-67,-1736,-245
-37,478,-73
56,-563,-845
3,774,-7
-56,-888,105
-42,-1409,-254
26,1381,-470
61,312,-635
1,-340,346
-53,-1003,482
-22,-988,-578
25,-334,-640
53,462,-115
-34,1679,395
-67,212,90
-29,-680,-249
74,-795,-591
3,-1211,-183
-29,2133,696
-59,-640,473
-4,-1185,-658
68,566,-635
32,1104,-103
-50,-404,-114
-75,-1625,-640
-45,-2468,-970
64,194,-652
35,2043,-43
-26,38,-310
-56,-2309,-519
0,-2111,-216
16,827,-198
57,3126,65
-51,184,-182
-98,-3354,-428
-49,-2141,-614
3,1537,127
53,3762,-174
-49,-1796,-373
-65,-1613,-39
-40,-1050,-336
9,-82,-424
58,1285,-453
-13,-1387,-204
-31,1617,650
-53,-567,70
-28,-1935,-845
24,-1513,-561
48,2541,324
-36,3428,278
-65,-224,337
-114,-2973,-285
-68,-2531,-454
-17,1272,-2
31,2403,90
-26,2076,147
-86,-1781,92
-47,-837,148
1,-591,5
17,443,-364
-8,-1248,18
-15,3052,823
-80,1778,392
-53,-639,384
-86,-2657,-908
-23,-729,101
3,3103,518
-46,2237,512
-70,-462,307
-119,-1810,619
-64,-1354,170
-11,1106,-108
-7,1634,-399
-77,-1056,-830
-100,1609,486
-132,2192,462
-63,-752,444
-80,-2729,223
6,-1856,373
43,1324,-108
60,-1605,-698
35,-120,-453
53,2257,-65
17,662,368
-17,332,580
-18,-197,873
-32,1636,514
-43,-2612,-435
-37,-1190,426
-25,401,24
24,1557,-610
31,-1027,19
-24,1113,999
26,2445,796
20,1325,409
13,525,609
9,120,693
-16,1881,354
-33,-1489,41
-34,-437,-1437
14,867,507
27,1806,846
72,242,332
105,-1952,588
167,546,804
250,1320,223
263,605,508
258,-329,1861
218,3255,147
152,167,484
146,-397,721
170,418,1072
166,1459,514
163,-476,67
135,-1066,669
119,1423,996
84,666,715
34,452,491
3,-3378,-65
-20,-700,27
54,1411,473
0,3110,502
11,2592,845
-43,1220,992
-47,-3218,-174
48,-85,1257
30,3081,694
-42,1072,936
-55,-111,1167
12,845,-161
47,4475,957
-35,179,1327
-71,-4385,532
66,2506,1370
-25,2953,891
-75,358,558
83,-716,161
-20,537,663
-57,-626,335
76,2058,522
-20,179,-47
-5,0,242
13,0,312
-47,0,348
51,805,445
-41,537,21
31,-626,-83
-38,-179,510
74,-269,500
-20,90,599
114,1700,33
7,-895,640
81,1790,651
-5,-358,579
51,2864,749
-9,269,468
37,3041,920
-17,1110,642
31,591,-10
-50,-406,532
60,-37,688
-49,-555,898
70,1433,491
-50,-361,439
39,1153,591
-29,368,309
31,226,414
-52,396,432
35,-226,389
-29,679,567
-2,-170,-66
-3,982,274
-22,-1010,-65
8,2270,528
-52,-1117,127
-1,1093,398
-44,-737,-76
19,1740,506
-47,-931,227
17,931,80
-75,-1621,-32
18,1266,118
-65,-460,329
-28,585,127
-41,1833,293
-115,-1289,-46
26,-293,352
-19,502,584
0,-1526,351
65,2266,317
-47,980,675
-56,170,-309
53,982,-58
-47,-709,466
-36,-2832,156
86,857,267
19,2148,618
-35,-672,233
61,3086,278
-60,144,210
-31,-1866,-380
41,1417,340
-31,-1313,372
38,51,386
32,1551,323
-36,-385,225
58,417,-317
-41,341,318
-48,-1448,-413
63,1659,536
-58,-937,409
76,-48,539
29,2228,632
-1,-897,236
74,1464,37
-19,127,486
-26,-85,-95
92,2017,180
-67,-1707,-67
35,-707,-207
72,1124,1021
-7,-1421,283
102,226,162
37,1761,178
33,-673,118
87,923,-116
-17,974,268
13,-1345,-520
13,1269,597
-84,-1525,-92
43,550,-97
-51,-2521,-157
41,162,208
-4,2461,608
-1,-343,88
51,2431,278
-74,-549,-251
24,-307,404
-5,-86,176
-14,-2229,-259
67,1532,157
-56,-538,217
32,1971,190
-17,807,462
-36,-831,-700
35,195,614
-55,-2584,338
69,-256,-137
21,1390,321
-18,1921,219
36,2235,-104
-77,-1094,-267
33,-2629,-737
17,294,403
-48,-1875,716
63,4221,367
-78,1171,-230
-25,-732,-997
0,-892,-375
-54,-3146,-69
66,-972,413
13,2765,1030
-87,1296,15
62,1025,-229
-86,-3254,-125
-36,-2547,712
72,3792,434
-20,3588,442
-58,-1721,-1862
28,-3471,-1141
6,-513,1209
-14,2812,969
40,2035,95
25,921,-924
-84,-6122,-205
-28,-2172,707
66,6466,397
-12,4346,-30
-81,-5863,-2155
2,-6014,31
90,993,1167
15,6735,896
-7,796,-386
72,-3876,-1664
48,-1694,-848
-33,-1662,183
5,-1021,538
79,5331,168
36,2771,-188
-79,-5486,-480
-5,-5694,-725
75,4949,608
10,5553,222
-94,-3109,-1509
15,-6995,-1128
83,519,579
63,8775,2033
-20,1444,-455
41,-5630,-1583
101,-7807,-791
14,4710,1191
6,3899,596
16,1490,-1593
10,-2427,-1665
2,-4731,2160
-62,2032,583
35,3533,-1191
57,-4951,-1698
-36,-3304,500
12,-230,909
54,8601,-205
62,-26,-2247
-5,-8617,-1199
-34,-313,2943
35,3690,-184
114,3285,-1222
-34,-4478,-1238
-83,-5457,13
21,3252,243
34,7741,-479
-124,-6799,-2689
-70,-8246,1437
45,7618,878
-15,6681,-397
-96,-4237,-1714
-11,-9914,-1285
12,2587,760
-45,9464,982
-111,-1946,-1684
-42,-6443,-2976
-72,-5030,1676
-165,-74,289
-68,9634,-684
-49,-2552,-2260
-106,-7082,89
-102,2982,1246
-3,4320,-1248
26,648,-2733
-70,-10758,-902
-105,-1432,2067
-37,11730,591
13,-2839,-2287
-26,-4466,-1804
-26,-3709,1254
-37,5779,1491
-35,-148,-964
8,-1811,-1482
11,295,-352
63,-4384,-659
13,0,999
45,7680,761
-49,-1854,-713
2,-6452,-3183
-21,-3759,-310
64,447,-593
11,1969,1604
22,8276,456
-38,1458,295
-68,-10181,-2730
-9,-5638,-178
49,2506,572
58,2147,-1028
29,7490,37
-46,591,-78
-35,-9244,-821
-50,-2327,-386
34,5280,530
-40,-1700,-2052
-4,-4117,-2269
5,-6688,-1103
69,555,-220
54,6939,2476
25,3311,-1332
-17,-985,-1683
-63,-7696,-1452
-1,-4684,-502
1,-1566,-401
1,-333,-1042
-1,6271,-974
14,1475,-1875
-37,-6838,1276
8,1981,-1299
-7,-594,-469
32,2386,259
-14,1701,800
-32,-3154,-1871
-30,-4497,-1835
-3,-2900,-1430
18,-3342,-55
22,1942,1158
64,5427,68
0,2550,-514
0,1940,96
-7,962,-681
-23,-7102,-1101
14,63,1149
7,3033,-1127
3,-1351,715
-10,1436,358
-17,-1151,-1136
-20,-5807,-961
-3,-1352,-317
8,-2560,-1000
33,99,-135
43,4695,251
52,3439,-61
-30,-3147,-783
-28,-1433,-297
-52,-1908,-509
0,-2199,-978
10,-379,-1074
59,2683,165
-5,1175,93
-60,-1521,-409
-70,-2498,-80
-10,-1544,-351
54,1302,-519
35,910,-67
-48,850,410
-62,-652,204
-48,-1525,-587
-20,-244,-661
24,782,-517
-66,1200,-142
-34,-662,-135
-67,-2767,-822
10,-1898,-952
14,2730,-356
-44,1154,-516
-64,-1655,-277
-101,-2558,-50
-39,114,-331
0,-102,-1007
-25,1101,-304
-115,721,455
-108,-874,-114
-108,-2823,-1033
-38,1025,-286
-113,1822,-213
-178,887,-19
-163,-2502,49
-124,-2078,-472
-75,-154,157
-107,3271,106
-169,-984,-348
-163,-2185,-167
-92,-2648,-1706
-49,1494,-673
-117,2400,-36
-232,1027,351
-299,-2785,-309
-222,-2749,-249
-141,2491,-84
-60,985,-68
-93,1158,-912
-143,-901,31
-147,1374,966
-105,-1948,625
-88,-320,924
-28,1351,659
1,3605,743
-28,-1297,499
-52,3044,402
-32,1528,-1120
-98,-108,972
-42,1212,1747
-68,291,856
-25,-2135,295
-12,350,909
29,1366,842
21,-1918,-322
42,2487,-1638
44,362,486
53,-1696,894
109,3690,1137
168,-192,370
247,1806,1485
299,-1758,381
406,-3730,1340
657,3168,-1294
541,7774,2009
390,-6154,498
453,-2788,1137
403,6248,1150
293,1706,2378
250,760,1788
157,-1331,-25
159,-759,1353
138,1567,867
84,2901,1166
20,272,889
58,-272,266
79,1788,821
-77,333,924
3,961,965
-53,3697,1917
-63,985,1014
12,537,1088
-29,1611,651
77,358,871
-33,626,970
64,179,240
-33,0,206
48,-89,581
0,-90,621
118,179,119
46,-89,419
109,894,-23
25,1164,124
50,1969,1003
-13,1342,657
-17,-1611,513
17,-1163,1190
-35,-448,750
81,1969,278
0,2238,226
35,2135,923
-1,2732,1128
-20,-292,1301
-34,263,322
-22,-1779,1023
80,-1257,-151
7,-1265,-150
59,3557,284
-53,1848,-24
-54,396,480
-68,-736,242
-58,57,333
2,-1047,767
-65,-555,-37
-1,444,-10
16,535,-214
-59,-757,-60
59,2257,455
19,961,279
-5,665,1016
26,1283,1160
-37,-251,421
30,1526,88
-19,-355,112
-59,-84,-51
-41,-146,63
-100,-1188,-221
-29,226,157
-6,377,455
-24,209,589
46,1242,190
-61,-57,368
6,528,9
-63,-415,389
46,95,-70
-36,433,361
56,358,601
-27,-19,360
61,723,3
-14,138,191
17,312,15
38,1187,501
5,-1551,-239
89,2017,485
11,-945,498
113,945,573
23,-353,330
72,-369,-527
31,-223,-55
48,-812,-440
110,916,254
58,-1158,-542
136,830,1553
26,-173,236
93,276,-71
6,104,-173
28,-242,-362
108,562,39
-21,-1046,-171
159,1158,-78
7,-363,1542
88,845,376
-4,-16,-31
23,513,-320
-12,80,-187
-1,-208,-399
-18,951,52
-20,-679,-252
-11,409,930
34,-778,158
11,-625,-767
18,-337,-861
19,513,-252
-13,-385,-527
-19,-214,-587
-39,-397,-348
3,-294,750
-49,-484,219
18,-544,-475
-104,-942,-829
-18,471,-610
-173,-1643,-896
-90,851,-261
-219,-2377,-897
-130,499,321
-231,-1165,-255
-137,-119,-744
-140,-1218,-1056
-136,-28,-876
-202,-877,-921
-138,820,-585
-180,-1131,-854
-70,509,-482
-121,-2354,-436
-6,-666,-612
-45,111,-450
26,-296,-588
-33,-185,-565
7,-73,-1007
2,-1410,-316
-8,-1432,-911
64,806,-506
-11,-1880,-1062
52,716,-886
-23,179,-370
19,358,-713
-46,-447,28
-1,-1343,-373
-77,-2506,-496
35,-1253,-453
-28,806,-72
21,-1164,-775
35,-89,-524
29,0,-136
77,358,-52
-40,-447,-125
36,89,151
-24,0,-54
12,0,-115
-44,0,-43
-37,0,-151
-33,89,-57
-52,-89,-147
-16,-179,-232
-100,-89,71
0,0,-283
-121,-448,-83
-41,627,-114
-111,-627,-130
-78,0,-401
-114,-268,-93
-151,-269,-278
-88,-89,-798
-173,-448,-356
-47,-268,-434
-138,-537,-244
-102,-2596,-611
-60,1790,12
-186,-2595,-846
-73,268,-443
-205,-537,-1069
-129,-805,-960
-100,179,-48
-107,-1841,-82
38,1125,-404
-77,1253,15
-100,-2859,-533
-30,-222,-584
-30,1590,-926
-117,-185,-510
-10,-2588,-583
31,2218,-162
14,-111,500
28,-184,382
140,-2267,40
172,-962,36
171,-1624,-1900
217,380,117
213,1640,200
157,1649,317
148,1073,-44
58,1288,414
-1,-771,460
-39,-3635,-376
11,-311,-1535
58,57,-160
-54,2041,552
-68,-938,301
-3,-2996,-248
60,818,-76
39,3559,556
-45,0,1098
0,-185,-837
32,-406,-260
65,3573,573
-8,-1170,552
-4,-2736,403
38,-2098,-125
192,849,687
197,2654,720
135,3575,340
141,1879,1201
156,-3975,725
168,-2330,848
244,1295,584
222,4652,1142
120,2954,1368
34,89,-258
44,-716,1102
80,-1253,62
48,2327,82
-38,-447,981
-52,-985,35
83,-268,-145
88,2327,799
25,447,222
-3,-358,346
70,-179,269
116,-179,-171
78,447,155
-1,-178,6
-22,-269,423
78,358,-129
55,2058,425
-39,1432,848
-53,-2327,-46
60,-1163,-460
84,179,495
7,1521,145
13,2506,1431
21,-2416,-1142
54,1163,518
63,2864,1179
4,-3311,-82
-19,-1701,1312
58,-89,295
81,7240,647
55,3459,95
-28,-1610,507
16,-7210,657
97,-1253,-46
114,4296,657
12,5720,830
-65,-592,-26
33,-3785,-1150
36,-985,-576
-16,-1342,1580
-24,-627,1081
-4,7303,684
59,2836,-450
-22,-4509,-801
-17,-4645,856
52,89,25
93,5480,387
41,3300,-395
-43,-2523,1638
33,-4914,-275
143,-627,-760
129,3766,476
96,4369,981
9,-2028,-327
108,-1380,-910
107,1351,1312
58,-226,547
4,-3380,-441
80,-2919,-643
132,2956,-539
83,3994,572
-35,-396,-1
-48,-962,-785
43,-1416,357
-2,628,-30
-77,-3730,-475
-11,-2954,-1035
70,3401,-56
-6,4071,236
-105,-2119,-744
-18,-480,-553
11,-296,1314
-150,-1176,-568
-274,-4922,-864
-233,4833,-755
-390,5122,-866
-426,-9418,-3378
-335,-2595,-67
-320,1431,1569
-217,6799,-1311
-144,-4740,-1448
-163,-3580,-744
-76,-89,-527
1,89,-707
27,626,-537
-81,90,-642
-137,-805,-427
-55,-2864,-644
-3,984,-1131
-92,-895,189
-93,-1074,-470
-90,-1969,-1080
-4,3222,-1419
-86,1701,-559
-168,-3312,-309
-134,-6770,-1249
-92,-1329,-845
-119,3583,-155
-218,1921,-43
-192,-1515,-1674
-114,-2632,-2261
-181,-820,-786
-315,-4969,-635
-235,1770,-508
-150,4359,-532
-218,629,-921
-199,-3965,-302
-106,-3769,-797
46,-358,-399
8,3508,596
2,1607,-1793
-20,-1298,-577
52,-4960,-634
33,-414,-395
-21,2953,425
-84,-548,153
-138,-2734,-684
-38,-1142,-539
-44,1574,-1962
-54,1925,710
-86,339,723
-29,-3982,-206
33,-881,659
74,2582,234
83,2658,344
-12,-19,-1004
-22,-471,-494
24,-1355,799
29,-813,483
33,830,223
54,2644,964
-10,2647,1040
11,-1853,993
1,-84,-1780
52,-1108,322
106,1234,799
62,1906,1226
25,2829,2057
-30,1627,1387
-39,-1590,870
19,-940,262
106,1827,-476
85,7515,2554
136,716,2422
203,-2237,1989
327,447,2138
404,2148,1344
390,-984,555
392,1969,527
445,268,224
379,0,744
297,268,768
209,806,741
151,-1074,-119
94,89,731
103,1164,248
4,4564,1115
-67,1343,1173
-47,-4923,-46
27,0,115
55,-358,510
-24,3222,2128
-15,6200,1679
-31,-1570,-1178
13,296,-215
24,-4120,-24
-54,-358,1840
43,4367,889
54,-74,243
39,3015,-122
40,-1839,-359
-21,1019,1348
-21,-3933,540
26,-2913,681
64,3578,538
45,7338,896
-16,2805,95
-82,-3652,-241
11,-6158,323
65,1701,2084
97,7311,97
8,2129,-825
-56,-4428,-91
-55,-5788,379
31,4234,1558
91,4945,556
15,1889,-1784
-28,-3923,1937
-36,-5333,577
26,7056,1177
36,2023,-1073
20,-545,-1141
113,-4537,-72
93,2523,2070
101,5738,-174
33,-355,1708
23,-3369,-342
40,-5470,-914
100,-2017,-410
126,6476,1894
114,6360,985
27,-1192,-708
-1,-7113,258
97,-4645,942
197,6313,889
144,7808,-135
125,355,-200
142,-5036,523
233,-481,1627
241,-668,-184
228,2112,1905
268,794,-534
187,1560,-474
122,-3001,55
53,45,790
70,3213,380
97,3410,-1937
-3,-6818,2004
-53,-6229,1272
49,11509,-234
73,648,-2441
-12,-7757,-75
-53,4601,2034
28,713,-2845
-17,-6968,-1427
-64,3904,5333
-34,7412,-663
-32,-8480,-2597
-15,-1920,-294
-41,7401,1239
-65,-1593,-1955
-33,-4412,-2567
-3,-2622,446
-81,690,1846
-54,-449,-1758
2,2221,-2193
-141,-3404,-2041
-238,-4286,-2263
-170,-2310,-1491
-364,1131,-151
-439,821,240
-467,-312,-2154
-427,-6064,-2872
-227,-2059,-1319
-188,1074,-657
-152,-895,-1345
-10,3176,-1365
-100,-1833,-361
-77,-2685,-573
-40,358,-747
-156,-1522,-1004
-111,-626,-943
-178,358,-184
-148,0,-322
-107,-448,-185
-112,-1521,-435
113,-537,-205
148,626,-29
27,90,-97
27,179,-100
-31,-537,-260
-85,-2506,-672
96,179,-359
-80,627,-55
-46,805,-1111
-63,0,-503
-103,-1700,-847
-77,-1074,-1149
-190,-806,-1266
-157,-1074,-1177
-205,-2117,-1771
-163,-740,-975
-86,-1294,-816
-101,-1847,-538
33,-1798,-823
135,1035,-767
107,452,-613
-1,-707,331
-14,-1755,-1174
12,-3087,-823
54,3919,-258
-116,527,73
-22,-1858,152
-20,-2324,-872
84,1967,122
-33,1356,-155
-9,-3889,-267
92,2605,40
41,1854,341
-41,-428,474
-94,-3710,-189
62,1000,-506
-63,2544,246
-52,-1666,-470
-54,-1841,-220
77,628,-121
52,3473,622
-71,-808,787
25,-3180,-850
83,599,16
28,3318,-323
-95,-2168,13
39,-2578,-179
-17,2201,5
-39,1475,229
-204,-1537,56
-162,-2403,-364
-178,434,-666
-272,169,-918
-250,2113,-492
-327,653,68
-313,-1217,135
-189,-2450,-428
-260,-1549,-477
-172,1307,-29
-490,-18,-701
-602,-933,-2751
-563,847,-768
-558,17,-230
-452,-484,379
-230,998,136
-253,-56,1169
-19,640,751
-60,-1651,-3390
66,-363,-643
87,2278,1631
-31,1793,1885
28,1459,1632
-54,-2912,1064
241,-622,264
369,5681,809
362,-1314,-1369
759,-333,2037
952,5291,3316
808,-2034,3009
819,4501,1691
447,1074,3193
258,-3726,451
113,813,20
349,7478,1745
421,626,1736
549,-1700,1380
591,1700,1138
245,984,678
139,-805,715
63,-179,558
140,0,921
78,805,612
143,4923,1071
150,2487,1244
154,74,2031
130,-370,1113
225,-148,720
120,37,1693
136,740,680
61,554,95
44,2907,721
38,650,366
57,1293,941
93,1379,603
119,442,878
140,-1797,2036
147,951,710
191,-571,-218
113,-951,44
134,2096,644
30,-527,-360
-14,1510,669
-154,951,2378
-160,754,365
-238,585,-261
-325,-509,-383
-263,1857,64
-251,-34,-233
-134,-1090,133
53,1193,987
90,-951,1264
261,1358,330
301,-1081,131
353,824,7
397,1766,309
357,1111,464
410,2645,1104
231,564,3415
216,319,270
65,-1583,-750
47,-404,-681
-99,-269,-669
-150,552,-504
-135,-1087,-562
-188,-850,1822
-140,1183,464
-237,-234,-914
-281,-198,-1019
-295,2109,-974
-413,-3647,-1527
-444,-3676,-168
-337,6721,1422
-299,1149,178
-292,-4450,-1530
-214,-2458,-358
-216,1972,134
-70,3278,-79
-124,-743,-968
-35,-921,-224
-102,-3535,723
15,1552,-119
-47,494,-627
-1,993,-421
-119,-2814,-982
28,846,-537
-70,-1347,-562
35,-277,25
-19,208,-139
26,-1573,-556
78,1694,-253
40,-921,-292
94,-189,-836
34,-1093,-554
83,-201,-633
121,804,534
-28,-1285,-213
70,-585,-686
12,-1224,-448
26,-1284,-973
23,784,-107
-36,-1210,-1203
76,354,858
-113,-750,-25
8,-424,-859
-106,-821,-866
-29,-953,-1093
-75,-739,-872
-72,-1331,-883
-57,148,-247
-78,111,427
34,1368,-75
-63,-925,-252
-10,-1146,-706
-106,-222,-530
-118,-3670,-2087
-40,1074,-622
-124,-1790,-42
27,269,-831
-72,-985,-989
32,-1700,-1216
55,805,-789
1,-895,-598
47,179,-212
-47,-626,-80
30,179,-137
-42,-448,-184
55,358,-169
-70,-447,-214
8,0,-92
-53,-179,-54
16,-179,-50
-49,0,16
-34,90,-251
-12,89,-242
-60,-537,-247
14,90,-153
-76,268,-207
27,-358,-148
12,537,-341
-51,-1432,-76
35,895,-783
26,-895,-557
-39,-1253,198
9,-2774,-888
2,2774,767
-65,-1611,-362
11,-268,-756
16,2148,-568
-65,-358,-70
-69,-4929,-1024
39,-2145,-1064
48,2293,474
-44,1290,-41
6,-1623,230
2,74,-638
86,833,-1076
16,3043,103
-39,-2685,30
-41,-2004,487
-9,-407,-823
62,-740,-877
23,1886,-265
-65,-1590,-235
-50,-1146,67
-8,-696,123
56,2397,-1022
19,4269,2
-36,-3715,-807
-89,-3461,398
-36,-678,-305
75,-510,-566
40,2764,-224
5,74,-205
-74,-1621,50
-34,-594,-453
46,-113,226
40,1414,-60
-9,618,-181
-69,-2542,37
-17,-2221,-388
42,1633,-297
69,3758,-293
-17,-1699,13
-74,-1046,486
-59,-2274,-187
36,381,-968
51,166,-485
-24,1142,960
-63,868,514
10,-3242,-1591
46,-1422,-175
42,3272,76
-40,1618,-100
-25,-4137,-389
0,-2650,-264
49,3026,-169
25,2239,153
-25,1013,-20
-71,-283,484
-48,933,-62
-35,-4613,-1049
-4,-3508,-357
48,1003,103
62,276,667
20,-605,-594
38,5950,394
5,3001,-533
-39,-1787,55
-57,-2141,148
-17,-2502,-801
-39,-5525,-819
-13,-1796,-136
12,7446,1363
-1,1192,-274
23,-585,-837
-9,-4474,-1040
21,-5586,-739
20,8413,3828
3,6746,-431
-13,-4201,-1328
-42,-8140,-952
16,-4359,1317
82,17077,3047
34,1442,-3955
-6,-12288,-442
25,-1674,705
70,16469,1608
7,-8903,-2082
-51,-7849,2549
35,10757,1414
32,4412,-1026
-17,-14205,-2832
29,5882,3827
72,12233,-135
-4,-13757,-2362
-7,-7080,875
47,13308,3830
31,4933,-2864
-6,-9888,-1682
9,-3838,2357
83,16501,924
52,-269,-1996
-38,-21196,283
36,8641,2341
31,12197,525
-18,-14885,-5376
-23,-1310,4726
91,21118,-16
38,-11948,-1438
1,-13326,71
51,10531,4232
44,13758,-1589
-25,-11642,-3541
-35,-10615,2372
29,11096,3616
29,12056,-1307
-53,-17125,-2708
-25,-3566,2074
43,19080,2368
29,-537,-2109
-25,-10389,-2490
-17,-1307,2507
89,13755,1324
-8,-1969,-717
-34,-8753,-1032
-22,-5577,-71
-20,4841,1352
36,5372,1926
-39,-1528,-3341
12,-7703,480
42,1847,814
38,2493,-376
18,-594,458
25,6469,1798
-58,448,723
-53,-3773,-645
-5,-2210,-124
78,1729,-593
58,-777,-25
-22,4046,1324
-54,-716,457
3,-2812,-588
33,555,-725
-2,1810,1493
-9,3401,443
-65,-3312,-166
7,-3009,-284
43,4620,377
48,4207,949
-78,-3222,164
-49,-3608,391
60,222,-743
66,74,-409
-40,2238,366
-66,-806,642
-5,-2652,-520
39,111,-842
61,2362,690
7,5370,1382
-70,90,358
-39,-6623,-735
6,3401,-235
34,268,-599
-47,358,208
-71,-4302,448
-23,2602,633
34,-3637,-545
50,1847,529
22,6981,204
-30,178,-388
-72,-1431,466
-38,-6429,1529
3,-1960,-847
33,629,59
68,8028,764
-6,1432,-1352
-23,-3043,-1374
2,-268,1282
-14,1700,2903
25,1342,-543
-47,1969,-441
-47,-4564,-1170
-40,-9785,-1099
17,4409,1533
69,7614,1782
-8,2595,-1422
-28,-2327,-44
-44,-5907,-423
-45,-1432,1304
35,11008,277
-52,-3401,-968
-54,-4832,-2048
25,-7360,-963
58,2859,3256
68,9870,543
-2,627,-1579
-67,-1521,423
-27,-2954,1038
-20,-6022,-784
18,591,153
45,8385,679
17,89,-1532
-19,-268,80
30,-537,1083
-7,-985,1139
42,-447,-696
6,2237,-196
43,-1790,22
24,-1253,-1142
50,1253,652
19,1790,635
-60,-1253,55
2,-2148,-295
83,1253,303
67,2148,297
-17,-179,1
-67,-2058,280
54,358,-237
57,1879,77
-54,-358,-225
15,-2237,-910
38,537,864
-51,805,523
-16,0,-84
51,895,-276
-71,-1432,-311
-1,-1700,-733
19,2148,663
-68,-2059,442
33,2685,138
14,269,29
-66,-1611,-325
67,1342,-528
-50,-1790,203
-24,-1611,-116
80,3401,981
-37,269,365
-16,-1253,-233
36,-448,-503
-17,1074,288
-74,-2416,-297
60,1969,38
4,1253,645
-49,-269,251
28,90,-233
26,447,-563
-71,-1074,174
9,-1700,-414
48,2416,611
-51,90,236
-43,-627,158
42,895,-265
-100,-805,-189
-75,-2864,-778
47,1700,-133
-56,895,925
-49,-626,-216
48,895,56
9,447,44
-104,-2595,-154
14,268,-200
21,2238,686
-96,-179,-198
-1,-358,-242
1,-269,-490
-64,627,300
-32,0,180
-4,-3043,-690
51,984,-317
1,2953,763
-92,448,-711
-59,-2506,-45
-9,-3311,-902
74,3401,507
37,984,1230
-19,716,-331
-17,0,-143
75,-2058,-2290
9,-448,1096
69,1880,575
62,0,1302
36,-179,-321
68,447,-149
57,-1521,-379
89,626,-209
55,627,1174
-3,-627,184
-32,-179,42
24,895,-348
61,537,350
20,0,-1549
-27,179,-37
-64,-3401,850
-4,-4586,4
56,5213,61
61,3132,583
-43,179,-741
-77,-448,164
-53,-2505,295
46,-4386,-149
70,4207,91
59,4027,325
-40,1163,-901
-102,-2774,584
-26,-4564,-150
22,-2954,-703
49,5102,1489
38,3221,175
-1,5281,-441
-47,-6444,-887
-58,-3580,777
-3,6175,1640
-10,3938,303
6,-6175,-2154
19,-6802,-211
48,3401,1100
59,6623,615
-16,2327,-470
-93,-5281,-401
-28,-5011,-866
46,716,1186
97,3669,84
23,1700,16
-40,-984,-198
-81,-447,-31
13,-1253,-485
71,0,-36
-2,1342,607
-30,-179,208
-37,-1611,-199
12,985,-214
58,1789,90
-45,448,-441
-59,-1432,327
-26,-4654,153
55,985,-72
69,3580,201
-12,2863,24
-70,-1969,-359
-54,-1879,-124
4,-2595,-917
74,3043,1246
2,626,253
-15,-358,-84
-50,179,-87
57,179,-65
8,1074,-149
-26,-448,106
-58,-1610,289
28,-2327,-186
70,3132,158
27,2774,265
-44,179,217
-81,-2774,-536
22,-2416,-529
40,2148,1167
0,357,-274
-36,-89,74
-5,-179,-311
39,179,-99
1,1611,52
-40,-90,-24
-65,-1610,127
46,-1969,-144
66,1790,220
7,1431,198
-23,-626,-4
-46,-716,-439
67,179,-48
-14,984,353
-52,-447,4
-47,-1790,-332
46,-805,291
86,2147,-163
17,1522,541
-73,-806,-130
-27,-537,-145
16,358,-453
24,-1342,154
-70,179,202
13,0,514
8,537,-467
60,1700,-138
-18,-1521,-425
-85,-179,373
-32,-3222,-318
11,-895,86
54,3759,52
-13,2595,509
-91,2864,-1775
-87,-5369,489
-15,-6892,62
82,5370,389
28,1879,381
-25,5102,766
-69,-3043,-974
-20,-3490,-774
47,-5549,-172
62,6802,648
8,1879,380
-96,-179,-320
-63,-1611,-95
1,-3043,-1035
62,-1611,970
65,3938,58
36,4385,-32
-67,-2685,-311
-67,-984,246
3,-4027,-1086
31,-4114,-1069
82,3487,814
61,5012,936
10,1969,-1093
-81,-1969,-220
-59,-2774,549
-13,-6649,-1329
32,-296,-505
29,7750,234
37,3132,1074
-32,2417,-681
-22,-5907,-469
-37,-3311,1979
9,3938,967
5,1879,-909
21,-2774,-652
30,-3759,-992
44,1790,1038
15,4295,1338
-22,4923,357
-66,-3133,-1681
-49,-4653,-1090
25,-6735,1311
58,7540,962
66,3938,323
-26,-806,-1227
-35,-895,752
-18,-805,700
11,-1611,89
5,179,7
65,2148,-373
-14,-179,-1233
-14,-1074,-745
9,179,1668
-25,895,229
-33,-716,-181
-35,179,-963
24,537,614
37,0,-1631
8,-3311,-673
-9,2148,2513
-20,716,-237
-27,268,-312
-37,-447,-147
26,0,527
10,-3580,-1632
46,-1969,-927
52,3759,2095
29,2684,1118
-33,537,-1164
-58,-268,389
-42,-537,-82
12,-5638,-780
21,-3205,-531
78,5800,1241
55,4475,517
-30,984,-1100
-35,-2327,-67
-22,-4116,685
58,4027,535
21,2595,31
-1,-3400,-1171
-27,-9259,-1855
34,6574,965
39,3848,816
1,-716,-491
-13,-12301,-466
33,4444,1981
59,9557,-589
-25,-3042,-3503
-22,-9856,1313
34,11556,2064
17,2416,-945
-38,-11555,-1694
-4,7886,3004
47,5191,-677
-12,-7070,-2809
-37,-3222,2789
34,7786,689
20,7153,-1448
-41,-8853,-939
-43,-4386,2188
58,7876,1112
-13,-1164,-2605
-58,-6533,1584
33,4475,430
18,3401,-1123
-54,-11616,-1246
8,5262,3046
27,11390,310
-38,-10048,-2644
-45,-7084,336
30,8874,1049
-2,-447,-885
-40,-10202,-35
54,10470,2757
10,3043,-2082
-37,-10740,-273
-8,895,219
51,8234,32
-43,-4833,-1246
-18,-4962,848
37,17280,2376
24,-8470,-2935
-37,-7875,376
28,10292,935
50,-2417,-1622
-54,-8218,548
8,7771,1837
62,7070,-1381
-36,-10650,-380
-14,3759,1455
44,7070,-1356
-65,-15057,-873
-10,7719,2052
49,4832,-1020
-40,-11455,-1626
-4,6712,3184
35,89,-2538
-39,-10966,-406
-9,9087,2342
44,2774,-344
-55,-8412,-2238
-3,5996,4529
44,3580,-1636
-44,-9576,-594
-15,7428,1509
53,3132,-1197
-40,-9128,-545
19,7249,2391
51,-1253,-2408
-42,-3401,1467
35,6891,251
-15,-3490,-2141
-45,-4475,1451
36,6891,-83
-27,-7249,-2126
-37,2059,2830
43,3579,-305
-21,-8412,-917
37,11008,1481
48,-3401,-2118
-17,-3043,1205
51,7786,-31
-25,-9486,-2827
-17,4743,3386
6,0,-988
-76,-6802,-436
30,8502,1012
-7,-5190,-1686
-1,2774,1895
49,716,-1919
-32,-3669,1826
55,7428,84
-23,-8681,-1094
1,5011,1471
1,-984,-1913
-49,-626,2177
50,3579,-691
-52,-7428,-225
5,8681,1683
8,-3311,-1248
-36,-2864,829
64,7249,-369
-30,-7338,-663
34,6264,181
33,-3311,314
3,0,822
63,8474,-109
-49,-9548,-598
34,5907,1036
-1,-4833,-3254
-25,0,3680
32,179,-1322
-100,-7876,-275
50,9666,791
-15,-3938,-1882
-11,2416,2350
30,-268,-2786
-27,-1163,3424
44,2505,-1530
-59,-9403,-222
39,9314,704
-25,-7070,-1837
22,7338,2899
-6,-2058,-1906
5,1163,1708
54,5907,0
-79,-7249,752
63,10083,9
-22,-9546,-1323
20,7919,2320
-1,-4160,78
-16,1969,-622
23,5517,-1042
-88,-11245,95
31,11132,1444
-56,-11311,-2235
14,10427,4568
-22,-8100,-4482
-69,-2148,1021
49,8917,381
-37,-10975,-1479
0,3669,2202
32,-1074,-2634
-30,-8345,763
44,10582,354
-3,-3042,-905
-29,-1880,1547
59,3043,-1758
-71,-10256,-866
35,9898,3020
1,-626,-2420
-21,-1790,1252
50,2774,-1131
-31,-9554,-1201
43,9912,2210
52,2953,-1827
-45,-4206,1091
46,11924,980
-41,-12282,-842
-23,1611,1632
3,7664,-1323
-79,-8828,-444
50,11071,2872
-37,-11249,-3609
-3,178,2235
48,5728,-863
-50,-6801,-475
31,5817,1235
-24,-10382,-3433
-22,5102,4458
27,2237,-3052
-56,-8413,398
77,8055,85
-26,-7428,-1738
29,6175,3036
46,1342,-2597
-34,-10216,-351
61,9769,2049
0,-2506,-1028
5,1074,1592
53,1790,-1545
-88,-9039,-400
32,12440,2776
-9,-5101,-3272
-14,626,2423
42,8411,-827
-53,-9037,486
19,8668,1503
-5,-8311,-4046
-52,-1163,2650
53,12630,-586
-39,-11735,-164
-5,1700,1733
40,7507,-1898
-33,-9654,568
2,9395,2607
23,-5547,-2983
-57,-3222,-89
22,9694,1681
14,-1923,-1553
-58,-10008,144
3,9128,2609
31,2248,-2594
-52,-9407,-636
8,2147,1256
49,8702,-155
-38,-11834,-1455
13,716,404
34,9417,1539
25,-9238,-4292
-30,-8079,1550
42,9600,1173
23,5549,-1230
-35,-11187,-827
-34,-179,1830
25,6802,-721
-56,-5996,-2460
-30,-1074,960
27,9397,1537
-12,-4475,-885
-21,-5280,1190
71,13680,2422
-1,-8400,-5234
-18,-5817,2159
32,7965,1288
28,-2595,-1771
-22,-3401,787
43,6622,980
28,-1074,-2461
-25,-6712,262
70,5012,2089
19,5996,-78
-6,-5996,-721
-19,-716,709
44,895,1543
-25,7888,185
-51,-7620,-1998
-45,-6622,-660
23,447,875
47,5728,250
21,6712,-8
-47,806,-340
-51,-7518,-261
-44,-3043,154
12,90,25
24,3132,-12
37,89,-512
-18,-268,-445
-14,-268,828
-27,626,690
-9,2953,-973
-25,-3311,452
10,-3222,-183
67,895,973
62,2953,-362
-3,6802,1429
-78,-3043,-1068
-88,-5280,-378
33,-537,1414
42,1700,450
30,7614,-672
-4,-7882,-2256
-32,-1432,1568
-7,3938,2778
-10,6300,-242
-9,-7285,-2049
12,-7338,-1037
50,5191,1444
6,7786,729
-96,-269,-1069
-116,-8323,-851
-72,-626,1139
54,5101,-845
-37,-10024,-2366
42,7518,4600
28,5012,-1922
-44,-10203,-1789
-5,4565,1916
-49,3400,307
-173,-3132,-1023
-614,-9429,-6731
680,-6523,-9554
108,4472,4952
51,720,-600
12,924,-286
-3,-407,-164
-7,37,60
-9,0,340
-13,185,614
-25,666,978
-19,2106,1152
-36,4117,2327
-71,984,2115
-50,-2058,-330
67,1879,825
335,3401,3573
320,7960,7596
-33,-1146,1412
-59,-6814,-4285
22,-1342,-3913
101,-448,-1072
41,537,330
-254,0,-31
-120,-626,-16
-79,-3759,-