R
StartTickMs,measCycleMs,Px,Ix,Dx,Py,Iy,Dy,Pz,Iz,FFrx,FFry,FFdrx,FFdry,satI,satPID,KFQAng,KFQbias,KFRmeas,CPx,CIx,CPy,CIy,CsatI,CsatPID,CFFdrx,CFFdry,IRelaxX,IRelaxY,DmaxR,DmaxE,DMx,DMy
246245,10,58,70,47,58,70,47,250,0,0,0,100,100,500000,15000000,500,1,1000000000,1,0,1,0,100000,10000000,0,0,1024,4096,0,0,0,0
GPT1X,aPT1R,aKFPT11R
-7,0,720
1,0,438
2,0,-377
-2,0,437
2,0,-401
3,0,419
-6,0,-362
-2,0,362
5,0,-300
3,0,274
-7,0,-208
1,0,27
-3,0,39
4,0,-253
1,0,303
0,0,-367
-4,0,434
7,0,-399
-3,0,437
-3,0,-384
3,0,405
-2,0,-347
2,0,344
3,0,-281
-5,0,164
-3,0,-119
7,0,-34
-6,0,104
7,0,-257
-4,0,326
-6,0,-390
9,0,439
-2,0,-389
-4,0,422
2,0,-368
4,0,390
-3,0,-350
1,0,333
-1,0,-268
4,0,164
-5,0,-100
0,0,-55
3,0,125
-3,0,-374
-1,0,420
-1,0,-375
3,0,425
-4,0,-390
3,0,430
0,0,-376
0,0,390
3,0,-330
-4,0,311
3,0,-267
2,0,120
-2,0,-57
-5,0,-56
-2,0,122
4,0,-369
1,0,415
5,0,-370
-3,0,436
-6,0,-385
3,0,412
7,0,-375
-7,0,385
2,0,-327
-1,0,311
0,0,-247
-3,0,168
4,0,-122
-5,0,-132
1,0,195
5,0,-354
-7,-89,383
1,89,-344
27,-89,385
-49,89,-270
51,-179,200
-54,179,-132
37,0,107
-43,-268,-206
36,357,298
19,-89,-133
11,0,50
-31,0,-4
25,0,-138
-10,0,182
-6,0,-378
5,358,495
0,-179,-397
1,895,570
3,0,104
12,0,525
-15,-448,-75
-20,-984,-362
17,-895,-186
11,985,133
3,268,-499
-5,0,46
13,0,-46
29,1700,216
-13,-1700,574
-3,-2148,-2258
55,7965,2524
-30,-9844,-1354
24,4206,-386
10,-1700,167
17,2058,292
-8,-3848,-1035
-5,3579,1212
11,-268,-762
-5,-3043,152
35,3938,323
11,-895,-2804
-70,-11726,1384
77,21161,1535
-24,-18389,-5034
-18,-333,1271
78,9287,1907
1,-5459,-2970
-39,-5786,1492
27,9366,977
4,1790,-1258
-11,-7867,-1351
-12,0,2053
20,7956,1032
15,0,-87
-30,-9731,-2551
-41,-222,2003
-24,9148,979
-54,-716,-1826
-49,-1701,510
57,806,1269
16,1611,893
-16,805,-1153
-29,-4385,-975
14,-2596,-751
13,4654,2730
-69,2506,-198
-75,0,-204
-23,-6802,-2502
25,1880,1360
4,3938,1441
-82,805,-1889
-81,0,334
-14,-5191,-1489
31,-3948,-895
35,5559,2091
-31,3401,639
-84,-447,-213
-83,-1611,-70
-20,-3401,-1706
1,447,402
-18,3759,1721
-36,1432,-515
-42,-626,-659
15,-5191,-123
-26,-1954,-1707
-7,1954,2110
-51,5817,836
-78,626,-3419
-61,-2416,283
-12,-8126,664
-26,9916,1302
-39,179,-1084
-75,-10095,-1654
-56,-1895,993
-9,11274,876
-46,-1521,-1804
-35,-12060,-1466
21,2307,1133
26,11095,1669
22,-6981,-2679
-32,-5471,1211
45,3252,425
24,9648,-640
-17,-269,-1112
-9,-6802,-885
-1,627,3057
17,6712,1146
20,447,-1001
11,-5727,-1529
66,-4340,2548
132,9262,775
90,269,-251
73,-2417,-281
40,-6411,-930
102,591,-10
107,518,759
76,5481,1496
46,2864,-1683
-34,-537,1386
-44,-3669,1362
46,-90,-158
91,1343,-933
47,984,1823
12,1253,-47
44,0,348
101,-447,68
53,805,581
27,537,-504
40,-716,497
18,358,-67
-1,716,522
19,447,-167
24,-984,130
-45,-90,11
16,269,-340
59,1342,661
-8,537,83
-6,-1790,68
37,-626,-460
-40,895,537
-26,-358,-631
8,358,745
-46,447,-160
-50,-1521,664
20,89,-41
5,806,382
-36,-716,758
69,984,-101
39,985,256
-29,716,389
38,-90,-50
12,1611,422
-29,-1790,707
28,1701,-256
-6,2237,1293
-52,-1074,-856
2,269,182
-39,1432,48
-102,-4654,-95
19,-358,-557
-20,984,923
-59,-1253,333
46,2417,291
-2,2864,712
-19,-806,74
50,-358,153
34,1701,592
-42,-1969,158
55,3707,304
15,1753,671
-42,-2197,-372
50,-148,115
-26,555,101
-51,-776,448
20,406,-250
-43,1962,853
-62,-1925,-859
41,1479,592
-38,-1553,22
-63,-1921,810
68,1773,73
6,1775,205
-43,-370,350
10,-2218,-1245
6,-1855,653
6,8538,2552
-27,570,-2264
-103,-9824,-930
0,12203,4157
-18,-4257,-3269
-18,-1396,3065
54,5898,-2730
-54,-15133,-72
66,12509,3816
26,-4443,-2196
-35,-5560,1460
56,11986,-739
-30,-11896,-805
35,8962,3838
42,2653,-2173
-20,-8290,-470
49,13954,2045
-1,-11846,-3464
-19,1545,3416
62,13746,-246
-50,-13576,-1991
15,537,2620
38,8646,-2139
-24,-12081,239
33,10312,3217
21,86,-5112
-58,-11064,3054
46,11708,2821
4,-3490,-4164
-18,-2697,2331
39,10055,54
-31,-12578,-1743
5,5860,3310
46,9799,-1658
-55,-13826,-1932
10,-1126,3152
49,13178,-1424
-20,-11077,-752
27,1849,2466
16,5588,-1384
-28,-8768,94
24,12985,2348
3,-7225,-4624
-35,-8830,2992
54,18588,2235
9,-11775,-4728
-20,-6924,1820
44,16632,1499
5,-11739,-2954
-24,-571,2084
36,12274,130
-38,-12345,-3016
9,-1142,4225
64,14442,-2653
-26,-18253,-1097
52,13178,5640
74,4524,-3512
-19,-17037,-2536
24,10451,3631
58,4829,-990
-32,-12775,-740
-8,6144,1636
25,2508,-3435
-14,-9133,854
18,3747,2895
18,4071,-1547
-32,-12804,-1267
51,12061,2658
11,103,-3031
-39,-17802,1902
60,21233,3459
18,-9704,-5855
-28,-11887,1178
72,17987,3835
37,-6128,-5594
21,-8637,1019
51,14817,2936
11,294,-1553
-31,-7832,-1462
-50,424,3198
-1,6313,74
39,2251,-2905
19,-10013,-454
26,1195,1353
-22,4016,1823
-33,3093,-1092
14,-6091,-1586
24,-1556,-275
1,7924,3476
-64,2767,-791
-45,-7650,-2114
-19,-6323,-542
46,8526,2057
-6,6786,1069
-91,-4573,-1448
-38,-9889,-1514
34,3903,2616
86,7161,-1413
-10,-1433,-3779
-26,-7782,2387
-15,4029,2373
5,5958,-816
-12,-8979,-3460
16,-5904,939
54,8259,1666
-7,6736,-458
-66,-4481,-1307
-38,-6690,610
20,2306,725
79,3778,97
-7,1233,-1822
-48,-3453,1094
-65,-5047,-1220
24,1442,665
43,3207,-519
11,3621,-1434
-56,-4272,521
-47,-4220,-600
64,148,785
58,3450,5
-19,3145,646
-68,-1593,-974
-34,-4374,-137
35,-2300,-1380
55,3409,1646
-40,1402,-96
-72,367,-235
-9,-1990,-1461
51,37,291
29,-629,-556
-38,-1035,125
-10,2366,11
7,74,-1740
5,442,30
-26,-2697,-443
-68,-3268,464
29,-447,-1057
23,4343,938
23,2437,-1261
-81,-4006,-771
-27,-6444,-1058
52,0,823
50,4744,57
-33,3121,587
-92,-1600,-1141
-28,-6265,-1873
61,-179,-911
67,2059,383
-16,2237,574
-37,-2506,-848
-15,-984,-845
40,1790,-466
-35,-2238,186
-52,-1342,-794
-14,-179,872
56,179,-1156
-12,1611,277
-90,-716,-515
-59,-895,62
31,0,-664
23,0,468
-8,0,-307
-41,-358,19
30,-895,-460
20,985,265
-22,268,-485
-35,-984,-140
-6,-1611,-350
51,805,-794
31,1253,177
-63,-984,-213
-25,-2954,-238
0,-984,-1625
41,2506,944
-46,1253,-131
-64,-2059,64
9,-3938,-2105
37,1701,-153
6,2774,144
-73,-1611,539
-14,-3493,-938
19,-111,-932
25,3873,-821
5,537,-492
-84,-4705,-212
-41,-2569,-694
30,198,-223
38,2666,-129
7,2441,1061
-61,-537,-416
-11,-3900,-1057
43,-1519,-1626
47,2369,1233
-18,924,-357
-53,-2982,22
-7,-283,-729
6,792,-65
4,-85,-64
-87,821,814
-40,-1980,211
6,1301,-219
78,827,-585
51,1737,-300
-18,629,1533
16,-481,450
-1,-2684,-943
45,-1160,-1229
-6,1441,1220
-26,1812,124
-58,-1073,258
-19,-1444,-1264
-4,-3289,282
26,428,-1444
55,2069,64
24,3087,-382
-16,-924,93
-68,-3400,-1132
-53,-2628,-1155
-14,-2099,-1409
37,-3474,-349
16,2339,-1105
26,2857,-823
-29,-1044,-175
-29,-3819,-1117
-32,-16,427
6,-573,-1421
16,-1502,-336
60,1835,-396
43,3585,129
12,-959,-924
1,564,785
21,-478,634
-19,-1509,-98
-33,-4271,-1006
-11,822,285
39,-113,-770
-25,-992,809
2,1304,-1048
-11,2736,-717
-15,-1699,-247
-44,-1775,-876
-35,-1518,218
10,-917,-1289
30,-1786,-616
32,854,-777
24,466,-288
5,123,-897
14,2926,1148
25,-889,-945
-1,-944,188
-17,-179,280
-5,-103,331
-29,-1718,-369
-3,-1768,-111
3,-1064,103
13,-472,-456
-41,-1176,-824
-3,2330,11
-4,1184,-665
-3,56,-984
2,3116,1654
62,102,-874
16,-1646,574
42,429,-338
13,640,-495
-3,-3071,-548
-10,-1079,511
-23,-180,-245
-32,-2589,-757
-36,-1598,-606
14,962,-674
57,9,-546
31,-516,984
64,4170,157
32,-808,-314
-1,1651,1166
-26,3677,423
9,-115,295
-70,-3913,-77
-37,-803,885
-18,737,-493
-19,-2954,152
-26,1108,507
15,686,294
23,-706,-876
5,442,1491
41,3053,-492
19,1209,23
1,-1797,-121
-17,4392,1646
-41,1164,107
-69,-3514,-633
-87,-3290,-233
-73,2249,-290
-64,-2917,-899
-51,-3449,-984
-29,1380,585
8,1139,-1767
-3,-2208,-203
-33,1829,-185
-29,3837,804
-70,-2802,-1583
-69,560,1131
-66,2254,-339
-45,0,-293
-58,-3839,-201
20,2229,562
1,-993,-576
-11,-1778,-857
19,645,361
-40,-205,-1263
-29,-1119,291
-22,-1183,337
-8,912,-281
0,-2327,-702
23,134,342
30,2550,456
-8,-1203,150
24,-439,-389
17,749,476
-21,-1523,-1405
15,62,1092
27,851,-537
-21,-404,-135
8,-1239,172
-24,2538,403
36,174,-548
9,-1041,477
19,2436,214
20,-288,253
-12,-624,-642
-1,2449,-657
-36,-1230,-545
-19,-645,-191
-2,2664,711
3,-2316,-1094
44,1093,1272
38,180,-904
18,-924,742
10,1552,677
-1,-723,-436
-12,-254,-211
3,201,819
15,254,-17
-33,-338,717
-20,3009,855
-29,-247,782
-86,-1312,-124
-56,2101,498
-14,-930,-155
-33,-918,670
2,1930,234
-9,-2248,-215
-43,1236,923
-57,-45,-289
-102,-984,261
-90,1452,561
-85,-2421,-949
-62,-1510,701
-11,1542,170
-22,-1614,-856
-8,1096,1312
41,1412,-185
19,-2313,-449
24,2592,900
34,430,-475
14,-2311,-97
20,3392,359
-19,306,366
-47,-1772,-41
-20,806,179
-4,660,-338
16,-1591,-292
-15,-374,211
17,1576,257
10,-1401,-608
-37,-656,551
16,2740,507
2,-1579,-371
-27,-340,424
0,3665,801
-9,-1232,-327
-39,1257,495
-11,1474,249
10,-1743,-611
1,-804,-4
34,2561,571
67,676,-119
22,-609,488
48,3040,655
32,-1717,-761
14,-246,1160
60,577,174
62,-1667,7
60,-1401,277
115,1980,838
123,-1172,-218
104,1899,1694
132,3305,796
94,-916,-81
59,916,551
51,1945,229
38,-245,-242
11,-1786,439
35,2163,736
22,-490,86
10,-1103,-509
20,173,1117
12,1968,316
12,-378,-117
20,-1018,206
20,169,938
15,1959,846
37,1214,-185
24,-1298,613
31,-3359,10
75,103,1310
78,1664,275
41,1843,680
46,335,-446
-15,-335,1226
19,251,-518
14,2056,1068
36,-1659,-385
40,3898,1195
23,622,1209
-5,7118,1411
-51,1611,905
-58,-5280,-514
-47,-6215,-22
23,-689,2480
52,5563,282
53,3668,-1601
11,2864,944
-57,-3312,-85
-20,2059,2235
-35,-2327,807
5,3759,848
-23,-716,173
-14,-1164,-398
33,716,-1201
38,627,1260
28,1074,1814
-15,1610,757
-26,2148,-887
-71,-2684,941
-24,-6086,-805
11,5907,904
23,1163,465
14,-4564,-649
-30,-4668,-658
63,8874,1972
17,8184,0
-38,-7826,-1213
-16,-984,1827
11,10547,3044
-33,1258,-1862
-61,-12074,-1021
-8,1700,3156
19,10855,-229
-26,-11571,-2095
-36,-268,1482
65,12970,2935
-41,-10822,-4250
-44,-3669,2143
47,6354,3252
-7,6384,-322
-40,-11217,-2956
-10,179,1686
37,15197,2724
-11,-7642,-3335
-26,-7734,177
12,9065,3729
10,2350,-1442
-11,-9715,-3481
-5,-1521,2524
24,8110,2393
41,4738,-663
-28,-4701,-2124
29,-6268,2187
43,9696,2041
29,6058,-1117
-15,-2374,-846
-12,-7038,1865
-1,6360,2691
-39,4394,330
-57,-5844,-2295
-42,-7761,418
36,6488,2166
44,3506,-631
62,-569,-1456
45,-7092,2003
24,4183,112
-8,5634,360
-46,641,549
-73,-3841,-1496
14,-7071,474
55,3619,724
75,8436,1386
-32,1195,-24
-52,-3902,406
11,-4711,-423
91,2981,1517
50,6113,900
-55,948,-377
-73,-4182,-541
29,-2424,510
52,2387,663
-48,829,1013
-61,1301,-275
-13,-345,133
11,-1408,-553
-27,-453,903
-29,-973,435
61,3614,79
13,3741,650
-78,-1771,-677
-2,-3407,-338
80,639,-388
-8,814,1359
-13,-1246,-247
17,1679,279
11,2358,-393
-88,-2053,657
12,-2191,-1371
76,951,1860
-10,1625,687
-41,726,308
47,1509,-1367
-47,-609,651
-54,-4133,-738
59,864,658
38,3340,979
-41,-14,-510
5,2177,515
33,-612,-252
-20,-3154,526
9,-832,874
52,4309,364
-75,1238,131
-28,-3013,-963
26,-574,-843
-33,-1655,1561
19,3600,543
49,3676,93
-64,-2252,-1209
-56,-4912,-333
39,-577,-350
2,2921,1830
-47,1064,14
27,632,-452
3,-740,-888
-34,-3973,761
25,2379,747
29,4634,-517
-61,129,170
-73,-4650,-1380
50,-1819,-591
29,3219,1343
-37,1514,799
-16,-800,-833
50,915,-261
-47,-2688,-657
-22,-3689,1182
62,2786,177
12,4917,962
-86,-663,-1173
-21,-4795,-722
49,-411,-170
-4,4171,1805
-22,900,-286
23,-2332,-1458
-2,-2449,-1148
-29,-2816,287
12,3388,773
60,4222,172
-48,-759,-1148
-30,-6159,520
76,-778,-226
60,7232,378
-95,427,134
-24,-6330,-2562
40,-1670,739
5,1395,1183
-67,4607,936
11,-968,-1700
8,-354,356
-24,-3233,-312
42,784,1182
71,5163,660
-58,1817,-704
-52,-4049,-993
37,-2241,617
8,-16,1058
-34,2016,893
13,2755,-1407
-2,-988,96
-77,-3927,-323
12,-257,340
68,4274,627
0,3285,-122
-31,-5624,-709
53,-4854,601
77,2261,-634
1,3401,939
-47,1307,-244
22,-956,-2019
10,-1858,1003
-52,-3313,190
28,5211,971
38,3373,-478
-73,-2686,-45
-21,-7004,-1275
79,2477,1845
31,8026,763
-83,-1849,-1243
-26,-6493,-1720
49,-398,1360
-16,4106,1120
-67,2663,435
9,-2174,-2518
44,-2300,1016
-52,-1828,340
1,3880,-297
54,3047,-70
-26,-4618,-72
-19,-2222,229
22,256,1089
72,6020,-341
37,1168,-1240
5,-5041,275
43,-3216,-399
121,3426,1864
28,6345,1119
-60,-890,271
15,-5876,-987
98,196,1973
88,3560,965
-12,1779,969
16,1863,-833
76,-2299,-337
73,-500,1126
8,3430,2078
4,2192,-96
74,-3432,-672
16,-2349,-1111
-45,233,1084
7,4959,821
41,2813,-962
-17,-7441,-246
-16,-380,2255
13,6369,-250
69,-1597,-3119
-2,-4144,1749
-14,1140,2076
16,6245,620
63,-4704,-3362
36,-1927,3055
27,8658,1610
-34,-2917,-1564
-3,-7901,-1587
67,6027,3565
35,7382,-914
-68,-9142,-1347
10,-2661,713
112,8980,1123
18,-3323,-2730
-80,-4864,1821
-19,8317,1521
12,-3088,-1211
12,-3989,-1152
-56,8397,1021
18,-2629,-157
53,-6487,173
41,4584,1277
8,4424,-2186
-25,-8420,-632
70,2499,1425
31,5664,-435
-101,-11102,-2750
46,5114,3088
67,4407,-2068
-87,-8507,1367
-75,5198,1164
15,251,-2566
-40,-7968,-1485
-59,6517,3053
-76,-72,-2756
-4,-8392,-1166
24,3943,831
9,5943,847
-8,-4914,-3159
26,-6161,-299
63,5666,1469
7,2684,-1053
-35,-9322,-2866
52,-1686,1854
87,8430,453
-28,608,-2962
-22,-9965,-1050
53,391,1415
47,9495,490
-48,-2229,-2116
-40,-9090,-822
59,132,-398
52,8458,647
-49,-622,-1600
-52,-7892,67
75,-1867,-190
87,6046,1243
-20,2519,-774
-58,-5756,-1393
38,-3800,-1425
57,3065,1775
-49,5081,30
-52,-2658,-638
-5,-1933,-2367
-26,-1038,594
-82,-3610,-624
-53,808,23
-55,3708,-92
-175,-1011,-881
-95,-3268,-1371
-49,-601,212
-67,364,5
-48,-533,-895
-49,2197,-420
-129,-856,-1206
-89,-3124,-594
-3,-733,-1519
-67,-665,484
-55,-2371,-1480
9,2297,150
-46,1331,-544
-107,-2699,-574
-18,-4419,-2683
1,895,1379
-61,-1611,-602
36,1969,228
59,2595,-1710
-7,-2148,-186
-48,-2774,-1635
45,-716,-683
26,2864,84
-67,-4028,-582
-21,-805,-722
75,358,-1
15,1342,-225
-48,-1700,-435
42,0,103
85,1611,-410
0,447,551
-10,-2058,-875
69,0,269
73,805,-357
-5,-716,221
-42,-1700,-1026
30,-447,179
-10,1432,103
-76,-90,424
-61,-3311,-1251
47,-448,156
25,3491,389
-7,716,-237
-42,-4028,-1073
30,-1700,320
74,3401,-137
-22,1611,154
-45,-1074,-990
-48,-4475,-1120
38,2416,78
46,3312,-856
-49,-448,119
-55,-4296,-507
22,-3146,-610
72,4578,-1173
44,2417,726
-21,-2775,-1165
-46,-5034,586
-3,-74,-463
4,481,-1045
38,739,-1227
-47,-517,716
-67,74,-215
-47,-2071,195
25,74,-1170
33,-1432,-485
13,1728,-490
28,3168,732
-6,-358,-128
-39,-2330,-268
-29,-4282,-821
9,-546,17
36,1743,-312
0,2716,233
-4,1072,-217
-5,-703,591
-47,-591,268
14,-683,-813
43,-1613,-469
47,-1823,256
46,2106,-598
43,4194,-491
4,740,826
-63,-3916,-769
-33,-2957,456
-22,-1579,-1373
45,-377,-357
-11,-664,-1871
36,-38,1103
-15,3300,-151
-39,-119,415
-73,-4632,-1474
-18,546,446
26,-1609,-1604
39,156,-134
-10,484,-1277
-40,630,220
-55,547,-1085
4,-4904,-489
3,918,-467
47,-271,-746
50,-497,-2034
23,45,456
32,2979,16
-26,-1328,-521
-35,-2448,-395
17,-1463,-473
33,-1495,-857
34,-553,449
0,2930,-305
29,1078,-1044
-18,-936,951
-48,-2900,217
-25,984,524
-30,-2437,-1520
25,-1431,845
49,1737,-89
16,2606,576
16,-90,-227
-16,2752,1506
-31,1185,203
-39,-3950,-980
-2,-3250,-320
23,3045,1054
55,102,-1574
25,435,-502
22,999,-322
32,2796,1136
-28,-1301,-28
-65,-2158,-389
-44,-1865,-491
-30,-674,-337
-5,-1254,-843
-44,2740,978
-35,3030,-15
-99,-1573,-449
-100,-4673,104
-70,568,493
8,-387,-1248
-26,170,-1425
-18,877,541
-67,2731,213
-48,-345,-384
-98,-3115,-753
-42,-1859,-318
-55,-117,-1667
-18,-2440,-987
-28,2655,-66
-67,2042,-107
-103,-1299,-449
-71,-1946,162
-66,-926,9
-41,-436,-538
11,-1085,-57
-8,3748,478
-54,1062,-116
-79,-3586,-94
-70,-946,94
-47,1015,-158
-9,-3250,-857
-12,-522,349
44,2651,179
29,764,1022
-10,-955,-767
8,3724,-166
-14,-344,85
-25,-1740,758
-15,1000,307
-64,-2063,-1057
-25,-1103,432
20,2106,-186
-13,-1956,-66
41,2258,483
39,3548,975
26,-2737,-318
41,2830,1253
48,2573,313
-10,-1239,-161
-26,368,631
12,2150,-359
-21,-1664,692
-4,-141,969
-17,2875,705
-19,-1862,260
6,1142,857
0,1187,283
-4,-2470,-477
-3,677,158
6,1141,406
28,-1715,-172
35,494,252
42,2364,214
17,-774,-44
-4,488,615
-11,1098,145
-1,-692,-702
-9,-226,425
35,948,-67
34,-632,-174
29,-2561,-306
41,2080,371
6,-985,-1262
18,609,612
47,2095,135
47,-1102,137
38,-2051,-438
61,1780,-92
47,-1753,-576
54,-336,1047
73,971,-10
42,-2902,152
48,1061,952
80,2407,1058
76,-85,179
99,2235,1027
92,2285,806
107,-1053,211
54,-190,268
32,2506,562
64,1424,966
-1,21,-35
-26,-774,715
-11,774,616
-27,1140,1253
-46,1237,117
-32,-809,1198
-45,-1568,703
-16,1830,1102
7,642,660
15,-927,422
26,-2444,-753
34,-452,634
64,2515,406
-10,2931,644
-35,-396,4
-75,424,2021
-40,339,-266
41,312,14
3,1039,652
-56,2108,1587
-60,-1220,-162
-5,-1627,629
30,1886,398
-11,5785,1423
-38,-269,400
-54,-4888,-190
45,370,11
62,6129,995
20,1432,625
2,-895,99
-10,-2506,830
70,2238,-347
73,895,472
39,-90,-671
12,716,1572
-32,-179,206
43,-358,202
43,358,-1309
-16,-89,1707
-25,268,58
32,-626,224
106,447,-1112
37,179,1112
-6,0,-21
17,-3759,-433
42,2596,95
17,1163,1268
9,-447,-619
30,-358,660
23,894,-151
-53,-89,441
16,0,-279
67,626,588
-36,-268,-457
-26,-895,1161
50,716,-306
-6,1611,494
-37,-1611,-655
14,-179,1240
14,1342,253
-51,2685,256
9,-3222,-193
38,2327,361
-31,1522,682
6,-2327,-1015
37,0,-359
28,1163,169
-40,-89,1417
25,1432,-1243
37,2237,852
-41,-2595,-367
-59,-3133,638
52,1343,-269
14,1790,1752
-48,-1074,-137
55,1790,695
14,2580,22
-52,-2312,885
65,-358,-572
-1,2506,1563
-37,-4117,-909
61,2864,1358
-45,-358,-791
11,-1342,1127
-1,3265,-143
-57,-2818,65
43,3521,338
-51,-444,576
31,1405,2
-20,1183,868
-8,620,-411
21,255,1021
-22,56,-704
27,1387,1112
-29,-1302,-581
44,1273,522
-45,-1329,212
19,735,-544
-25,226,936
-11,-792,-548
5,821,750
-11,368,-40
21,1225,461
-55,-333,217
50,1379,603
-23,21,12
21,564,641
29,502,-143
-23,-648,849
53,1338,39
-55,-1849,356
42,1326,-176
-43,-1920,283
17,1209,-272
-50,-125,857
28,1066,-257
-31,-502,660
-1,1080,-91
10,-113,565
-70,-946,62
-31,1699,628
-98,-188,-85
-43,-1971,-269
56,-852,-558
12,1480,1175
29,-398,30
57,1119,312
21,3495,479
-69,-1467,-186
-20,-2959,-416
64,1214,1470
2,2039,309
-34,-35,133
56,2026,-71
-14,-1091,-794
-49,-1940,1218
45,-415,-189
45,2901,1416
-42,746,253
16,451,83
-18,361,-547
-57,-1638,437
26,-882,-783
42,1555,1078
-37,-1026,-205
39,1585,253
3,1547,96
-79,-2058,252
26,-545,-773
-5,128,1164
-12,-930,-49
80,1587,1028
-2,3544,334
-22,-290,588
47,828,-588
-39,-102,420
-36,-3543,-926
79,871,681
12,1609,1411
-51,1281,39
30,1228,-303
-32,-1190,1154
-59,-3739,-516
25,2474,1488
56,5377,423
-65,724,-1264
-51,-6518,-304
67,-736,688
-16,2341,1487
1,1744,693
30,4019,-356
-6,-2633,-1695
-56,-3822,1186
5,1898,1400
49,4445,287
-16,2250,-324
-58,-6548,-491
45,-2918,-1129
96,4366,2426
-19,5259,692
-60,-2164,-1234
39,-1915,-1230
-18,-3303,871
-8,-1191,430
41,5542,1310
2,4408,-1070
-74,-5270,-477
8,-5557,-96
74,5975,1915
-17,4852,568
-65,-4012,-948
33,-4538,-1244
90,2690,1519
5,7131,1707
-18,-1307,-97
32,-3110,-1500
-10,-3433,1471
-29,-1243,139
-3,7448,-448
12,1845,-371
-30,-5247,398
-32,-1942,940
54,5499,-14
55,1151,-1237
-60,-5805,-811
1,-3739,659
56,6885,1534
45,3411,129
5,-2572,-1144
-3,-6640,414
90,847,271
117,7127,828
16,2570,-1351
-71,-6003,338
14,-5330,-1047
84,4397,1634
97,5927,-494
26,-666,-182
-11,-7048,-457
60,-1280,1163
95,6859,-49
34,1719,-446
-44,-4390,-1213
-33,-7099,925
69,4115,395
72,7935,448
-24,-4101,-2301
-55,-7398,1046
-13,6171,1350
54,4962,-627
-11,-2517,-2027
-44,-5327,1562
38,2922,1099
75,1778,-815
78,-3868,-1656
59,-1984,1704
18,1252,394
30,3999,-1358
49,-2032,-769
55,-3407,986
38,2937,1221
-13,6672,-1741
1,-5327,-743
64,-6757,507
64,7991,2035
5,3049,-1255
-13,-10655,-1537
61,-436,-84
67,10716,2730
-21,-115,-1870
-58,-9632,-186
47,1886,812
47,8218,69
-71,-4638,-2106
-70,-7809,1821
79,8281,506
29,4599,-1243
-88,-9973,-1704
-20,1040,2867
65,7269,-1079
-1,-6724,-2235
-91,-3272,276
-2,5829,2473
43,1699,-2948
-7,-6491,-117
-28,-2822,643
26,8036,796
53,-3430,-3101
-36,-5017,1307
18,6502,1306
33,719,-1152
22,-9360,-2611
5,3626,1858
-5,4208,872
29,-3178,-1663
39,-3508,-1118
-38,2667,1166
27,5121,513
41,-762,-1793
9,-7176,-635
-13,2453,1379
52,5080,-737
-10,-6826,-3136
-44,-4387,1488
0,7543,965
19,-359,-2161
-126,-7373,-2646
-153,3288,3650
-50,4687,-1735
-120,-6562,-1546
-175,800,1283
-98,3222,-255
-62,-3555,-3447
-125,-4733,2492
-138,3155,-51
-96,2376,-2265
-102,-6982,-2316
-124,3400,3486
-159,4096,-941
-68,-4686,-2865
-48,-4988,-627
-31,5860,2437
-38,3653,-893
-44,-5863,-1653
27,-3481,-1804
39,1439,830
-35,1307,204
-43,-71,-530
-3,-3297,-2628
35,-226,-99
30,-762,-146
-23,518,232
-3,-1368,-870
23,37,-1275
47,185,-1671
-32,-1886,838
-4,-3565,-1092
52,-1611,-476
88,3938,-972
48,3272,-1081
-76,-3093,-89
-72,-6086,-1038
29,0,-1029
31,985,-775
-6,984,279
-47,-2506,-863
50,-89,-91
57,89,-879
1,1969,849
-34,-716,-578
-29,-1431,-191
53,-716,-904
-17,626,733
-47,179,-402
-7,-537,97
49,-89,-615
27,358,126
-10,268,-201
-28,0,-441
11,-2148,-971
52,90,-229
-24,358,17
-53,-448,276
-18,-3938,-2084
69,179,-345
-15,1253,-639
-49,-3561,868
-43,407,-754
25,-740,-1124
47,-111,-1147
-35,3558,986
-11,-1790,471
27,-627,-780
60,-882,-1521
31,2314,996
-30,3938,765
-6,-4922,-1410
3,-3437,-1886
39,2107,759
-5,3657,-336
-58,-3952,-1283
-34,-4686,-879
28,0,157
26,1882,-928
-51,1103,-633
-116,-4650,-640
-77,-2107,-652
-37,335,-1047
-22,1359,-1139
-42,556,-60
-77,-3211,-923
-13,-1299,273
31,1902,-1202
32,2180,-197
-36,-797,-608
-33,-962,810
-36,-2738,-706
5,-1572,-564
17,-1369,-1722
69,-534,923
27,2978,-473
-5,894,488
-34,-3112,-967
10,-2741,371
19,552,-833
88,862,743
26,1507,-1178
63,-628,531
6,929,74
0,-972,258
-4,-779,-749
26,-3350,-66
76,221,-581
100,1015,98
44,1915,-850
37,1559,540
-25,-2387,-715
-40,-1125,94
-6,-572,-225
9,802,-486
49,-1958,-883
24,1920,1185
-45,346,-19
-51,-423,-121
-33,-1796,-1104
52,-1618,654
15,2040,-784
-57,1361,610
-47,-613,-510
1,2677,-82
35,1647,-74
-77,576,-496
-53,-2010,1037
-8,-525,-383
-25,-1572,224
-39,-616,-409
20,-2308,-395
26,761,-1042
-23,-59,325
17,-530,-1152
54,3111,1089
-47,1567,590
-103,-3173,-13
0,-2746,-1203
-62,-262,148
-45,-1501,-1497
29,3522,-282
24,558,-779
-103,1176,1274
-24,-575,-87
-22,-758,201
-62,-2597,-419
39,-369,53
39,424,-976
-45,1451,443
-3,2009,-453
-52,73,611
-128,-1545,371
-108,-2951,-77
-72,-1653,-1211
-81,559,440
25,1936,-1120
25,4137,525
-65,-39,673
-73,-2331,240
11,-2619,-1054
-12,412,210
-20,-2074,-532
56,1651,303
73,4897,277
-59,1345,1450
-58,-1473,-105
-26,-2889,-557
-24,-2451,-95
-36,-113,629
66,1930,-636
58,3308,631
-43,2689,979
-127,-3425,-594
-31,-3020,-39
64,-1103,96
0,2774,-533
-30,1177,-40
31,1892,456
15,502,-308
-98,-4364,243
17,-2422,-401
32,1489,242
-15,3688,150
-43,1515,781
-25,81,160
-63,-3558,-271
-77,-1463,-613
60,262,-192
24,5607,1222
-36,-350,81
-67,-4113,-534
87,-1505,-224
13,1551,-91
-11,2324,755
-13,1581,90
0,2482,599
-118,-823,656
-97,-4339,-260
13,-2164,-801
60,2225,1181
-26,5357,991
-89,1472,417
-21,-2089,388
-37,-1972,-238
-72,-1718,-925
-93,-853,-212
17,4467,271
-92,1972,891
-154,-353,557
-16,-2656,-269
-16,-482,-398
10,-2274,-655
33,795,-88
76,4441,998
35,1432,1196
6,-4054,-89
159,-1216,90
199,2471,135
188,4727,637
20,-321,1021
32,-3232,640
52,-144,-672
141,-805,-127
53,3179,1120
10,277,51
30,876,322
63,-264,687
135,-151,20
135,-894,700
141,208,317
136,-1003,-320
115,2161,133
116,3279,1011
9,2345,730
3,-764,1598
-13,-1225,-226
70,-1694,-130
48,0,-195
-24,523,1092
23,-1918,-570
132,1144,697
75,2540,-57
-10,47,733
50,-2022,-553
67,2775,1372
35,1782,679
15,551,772
58,1553,-338
29,-74,1539
-23,37,241
24,-555,602
58,925,30
-8,3952,1816
-36,-1343,-327
56,1343,865
-5,2416,924
-60,-3401,541
-17,-2043,-302
48,4460,2205
-52,-716,613
-48,-1701,507
59,2954,145
-26,1700,1351
-33,-537,-48
60,179,555
33,1432,283
-59,-358,513
21,90,-357
31,357,583
-61,90,-214
-4,-90,440
18,1701,-13
-48,1253,849
-79,-1790,-275
9,-806,650
31,-447,501
-40,1253,1125
-21,10671,3116
-72,226,-804
-50,-11345,-2371
-19,-1342,4071
44,6533,1052
14,8051,-1698
-1,-12705,-1143
12,4207,4148
30,11736,1020
-21,-7185,-3413
-17,-2218,3419
45,14330,941
-8,-6314,-644
-48,-7535,1747
47,11552,2801
17,4387,-3401
-49,-12548,1397
10,5945,3924
23,7141,-1474
-34,-10698,-1265
6,8311,4098
42,2064,-2445
3,-11320,606
76,11872,3843
96,2871,-1420
64,-12989,-2890
93,2466,2899
117,4870,1408
100,945,-379
97,-3836,-2117
88,-4992,1032
137,3767,322
72,4763,2124
30,1368,-165
33,-4266,-301
138,-917,-1290
111,1767,1962
6,890,15
4,692,459
19,90,-674
-8,2282,738
-73,-2929,-1105
3,-3175,1115
85,1781,-157
9,3041,1792
-22,-1045,-568
32,889,331
57,1075,-634
-13,-1543,1034
92,-586,-342
121,1954,865
23,1112,179
30,-816,552
76,-135,-1016
-17,1002,1034
-28,-2431,-965
74,822,695
-16,297,-33
15,-1006,533
51,2241,-418
-24,1492,862
-53,-1946,-582
39,775,558
-22,-1004,-329
-28,-1936,41
53,3132,6
-57,13,-258
4,-778,-518
-29,-40,274
-40,-1198,-393
41,0,287
-27,-397,-414
41,29,-196
-44,397,-429
6,-1113,-562
-8,347,-139
-5,-1633,-618
11,714,-137
-65,-1757,-410
22,947,-29
-75,-818,-554
0,272,45
-27,-353,-497
-7,0,114
-11,-290,-312
7,-536,-138
52,778,-589
-35,-881,259
63,978,-1183
-48,-1082,439
7,-104,-1426
-18,450,967
-41,-657,-1186
-27,-156,644
-69,-1861,-1417
17,-291,683
-76,-1505,-1463
-18,-307,270
0,997,-1009
-60,-2281,449
18,1570,-1055
-69,-809,470
16,-784,-1264
2,-119,653
-28,-24,-1296
49,309,343
-29,-788,-762
11,-509,-176
4,-2087,-989
-75,559,113
-28,-818,-1099
-151,-887,209
-116,629,-1295
-170,-999,0
-132,-333,-1656
-154,444,165
-81,-850,-1349
-86,148,-365
-79,-1725,-1457
-32,627,-415
-121,-3759,-1480
-26,805,-323
-97,-716,-1202
-76,-2058,-532
-30,179,-560
-121,-806,-76
-16,-268,-706
-60,-716,225
-31,0,-841
-7,0,165
-105,-358,-682
-24,0,108
-82,-358,-604
-85,-1700,-590
10,-179,-275
-73,-1164,-317
-55,537,-733
-59,-1521,-884
-166,-448,-1408
-89,-626,-1757
-121,626,-184
-217,-2765,-1969
-144,349,-533
-244,-2272,-1120
-283,-776,-1008
-355,-37,-1042
-368,-1005,-678
-305,-1189,-1370
-303,-3598,-1038
-135,460,-606
-134,1311,-358
-117,-2001,-1121
24,293,-73
33,1542,-1129
-2,-2065,244
-7,-1038,-539
90,-1276,-905
27,1634,-226
-2,-2222,-697
60,-3344,-718
111,948,-942
11,698,-279
13,-2028,-575
79,1570,-324
40,2398,342
15,-881,346
75,812,261
92,796,775
23,311,84
57,-3842,-249
124,-1292,-804
163,-588,-116
91,3065,550
72,1931,583
77,971,690
15,-1940,714
19,-1299,-158
96,-1314,-913
94,1053,245
51,4235,683
-63,396,1013
9,-1618,156
35,317,34
-35,-1355,460
55,-575,-517
98,1163,249
-11,2732,955
-5,1932,372
8,1850,727
-68,-1089,778
-79,-1689,474
30,-1687,254
-44,788,659
12,-397,-67
66,3033,547
-12,332,641
63,1642,206
133,1637,899
116,3104,1211
174,-2735,1203
246,-2769,747
201,877,275
186,1227,1482
347,6353,528
305,3938,2178
226,-268,2301
229,-6623,539
324,2058,-933
161,2596,1787
71,1700,649
82,716,1140
24,89,35
40,90,768
104,895,-73
-10,-985,790
68,-89,-375
39,984,1644
35,-805,-229
140,179,474
35,268,669
127,1253,305
88,895,367
10,1522,1504
93,4436,946
17,481,1955
50,2598,278
-17,-679,1493
36,396,28
10,-368,1007
-23,-1023,-163
8,1136,596
-22,-1357,58
8,1272,681
-12,-607,248
54,1399,468
-1,-990,-31
59,1019,703
-9,-962,-131
39,2178,843
25,-1839,-429
91,2875,1192
46,214,-309
119,-309,1216
18,1272,-330
94,-511,1025
-5,1013,112
60,795,670
-20,0,431
4,-460,579
-50,1066,30
-28,716,483
-20,855,494
-43,-1118,-57
14,1792,576
-45,-691,397
74,1542,731
-39,-96,661
28,1661,941
26,1386,884
-1,-269,715
31,1371,-115
-9,-804,587
47,885,-170
-16,-588,681
56,1623,-482
-20,-752,868
4,483,-1144
-28,-93,1386
-6,-256,-1101
-33,202,1240
-20,-94,-1033
0,-27,1210
29,-512,-1159
47,1293,1216
50,-794,-1036
79,499,1025
23,-1065,-999
78,1283,1146
6,-664,-906
62,895,914
-34,-282,-1019
34,-64,749
-70,-751,-904
11,-255,686
-39,-324,-647
29,-472,473
-3,338,-1040
10,-934,398
23,1351,-1053
-53,-684,648
-6,141,-1277
-98,-1630,584
13,346,-1302
-72,-2459,419
16,128,-1472
-22,-867,715
-2,190,-1396
-13,485,671
-1,-675,-1684
41,1140,667
-50,-1243,-1184
12,432,267
-79,-1462,-1201
-31,-980,56
-34,-885,-1438
-52,-2351,212
14,1181,-1362
-83,-2476,612
-35,415,-1876
-92,-189,600
-141,-820,-1806
-174,-113,240
-245,-707,-1828
-263,-481,-291
-237,-2204,-2042
-189,0,29
-184,-665,-1680
-84,628,-803
-123,-1467,-1623
-48,-269,-934
-93,-2506,-1039
-88,-2237,-934
-17,-806,-993
-69,-984,-386
-22,-269,-706
-13,0,-45
-34,-357,-780
15,89,145
-34,0,-555
-32,-89,-14
74,-179,-471
-20,179,328
-9,-537,-897
-17,-179,-5
-77,-806,-700
-13,90,-275
28,358,-428
-67,-985,168
12,-2416,-1745
-47,2148,335
-58,-269,-1251
-57,-179,-402
-153,-895,-787
-128,0,-490
-150,-1432,-1030
-162,-1969,-1081
-91,90,-1168
-151,-1625,-386
-63,1267,-618
-147,-2155,-560
-154,-37,-567
-113,370,-229
-153,-2730,-1185
-76,283,-801
-115,-764,-709
-93,-2680,-946
-22,-1050,-398
-42,42,-1092
-23,-3645,-556
82,-311,-1027
-8,225,-275
1,-242,-321
53,-347,-815
-41,1280,94
7,-276,-1006
48,1521,-379
-24,-1832,-1
-65,-3782,-1019
54,-184,-146
28,-1112,-1211
-14,-829,-455
57,-436,-171
118,2759,-945
11,57,793
-2,1061,-31
-11,-735,-467
-16,374,607
-70,-3080,-516
60,-1869,-798
67,3469,711
25,3742,245
-86,-2037,74
-5,-1265,676
38,-1989,9
28,-180,-141
-13,90,848
24,3224,-341
26,2189,32
-44,2101,1431
-105,-4290,-424
41,-2517,-164
38,-540,612
31,4669,-2
-100,1438,39
-62,-657,650
-42,-605,-132
-77,128,725
-36,-2247,-359
75,-715,-879
-3,3439,366
-78,1972,617
-59,-509,266
47,-443,702
12,1348,446
0,-4581,-609
78,2576,121
114,2673,198
-9,2879,571
-87,-2879,1395
13,-819,684
34,-1266,-210
22,104,472
117,1162,-57
87,4861,954
-8,2372,1487
-5,-335,1113
53,-1273,436
59,-905,929
130,-356,-105
350,5457,485
273,3413,1976
199,-1342,2644
201,-2921,1220
325,-1590,-516
348,2625,1035
166,6361,1781
162,1253,1740
126,268,369
69,-1342,756
125,-3222,-1051
159,3043,1502
27,1521,349
75,447,814
8,627,-190
-4,-90,969
19,2506,357
-30,-2148,849
32,895,-227
-1,-358,1623
33,-447,-778
38,895,1537
-20,268,-68
74,5620,2283
-35,370,181
38,2575,1672
-40,226,493
52,2281,1435
-46,-1008,631
47,566,1283
28,-1556,102
53,-977,487
68,185,-86
37,-185,347
76,1005,-40
26,-424,916
23,3630,509
2,1184,1211
32,1480,127
-7,-263,1371
69,1746,-68
21,-1633,1248
62,1945,-39
1,-928,1141
84,1291,3
14,-606,1032
91,-190,-553
-16,1348,1492
71,-518,-603
-37,-1061,1274
69,1643,-429
-26,-962,999
74,2547,115
-16,-911,1022
31,2061,-84
-40,-864,1083
14,1119,-533
-51,-487,914
11,1377,-122
4,-493,1142
3,1301,-176
3,-781,958
24,-14,-550
5,646,1220
14,229,-536
5,459,920
12,590,-630
31,269,847
28,1184,-217
11,-375,521
1,316,-632
22,294,538
19,1056,-227
33,-455,508
54,-35,-736
50,-801,457
91,-118,-692
73,-73,720
99,167,-901
79,-719,767
104,552,-917
58,-920,555
96,-342,-1192
25,-359,613
18,218,-1064
0,-1473,696
8,973,-918
6,-13,959
47,436,-827
37,256,990
54,-577,-913
28,-523,793
51,94,-851
17,-794,793
20,-94,-1257
-9,-786,889
4,0,-1406
3,-943,658
-44,271,-1210
6,-466,779
-41,-1395,-1763
10,64,1053
-17,-1340,-1925
24,225,954
34,-830,-1642
52,-225,587
47,225,-1075
21,-1497,431
56,566,-1529
-24,-1562,518
38,126,-1985
-34,-837,1050
16,418,-1881
-61,-1770,657
59,913,-1741
-93,-2030,431
15,1141,-2076
-158,-2759,242
-135,1075,-2038
-358,-2120,-36
-390,168,-2089
-472,-1536,-611
-473,-3760,-2205
-318,537,-163
-329,-805,-2249
-182,537,-1230
-217,-3222,-2263
-107,-716,-360
-132,-537,-1609
-59,-179,-68
-57,-448,-854
-56,-716,-16
-13,90,-569
-100,-179,236
-2,0,-687
-56,0,-183
-56,-89,-405
-24,0,-621
-93,-1164,-700
-5,-1611,-560
-71,-2685,-1638
24,-2703,-1114
-48,-1072,-1728
-12,407,-349
40,628,-1367
-55,1040,139
-9,-929,-1499
-69,-887,274
-47,-2152,-941
-1,-396,-522
-84,-4139,-1607
41,-1570,-772
-16,-547,-1825
-7,2075,501
-41,2512,-362
-91,-2115,-113
-59,-794,-644
-47,-2877,-670
-25,-1722,-1462
49,160,-339
-33,1476,-1138
8,1153,381
-103,848,-101
-47,-4231,-1061
27,-588,-598
-41,-2153,-685
25,1311,-853
-49,1976,64
-56,820,-445
-85,-949,-181
-176,-3900,-264
-94,-2381,-1053
-210,-834,-795
-143,1214,-640
-197,-12,-1176
-134,902,220
-158,1313,51
-86,121,-738
-156,-4188,-161
2,-1457,-1424
26,612,-578
17,3406,388
-30,-3003,633
-17,-2005,-787
92,1317,-578
-5,1096,-289
7,2801,1036
-19,-3755,-611
27,-2983,-646
72,3115,410
-73,2229,951
-68,-3588,-443
21,1807,-156
37,3239,39
-70,-1433,1332
-56,-3888,-872
118,2105,298
52,6258,1917
-143,-2035,890
119,-4223,-1533
136,5984,1423
-25,199,1109
233,-4818,-225
360,7543,1706
250,-3066,395
461,3032,209
219,-18,1644
273,-4121,-247
289,4744,523
116,-2996,203
237,-1694,-1309
123,5856,1962
-57,188,1024
-34,-4920,-457
106,-836,-1511
187,4108,1605
15,3030,1182
58,-5009,-325
183,2290,-798
112,2656,1441
24,-2137,-330
44,-2599,-207
76,2772,-726
27,1305,1291
-76,-1772,129
-33,-3222,-223
73,1026,-754
-15,4732,1796
-76,1066,557
-44,-1566,464
-20,-2762,-1009
-33,-315,409
33,3911,-397
-86,2099,1322
-75,-167,100
-38,24,1095
-56,-1036,123
5,-2319,-104
79,1776,-674
-24,669,987
8,2849,118
-84,792,1558
-76,-877,-213
-2,-3078,-236
-31,-481,-258
-26,-522,20
75,2964,-384
-29,-571,661
36,2311,-50
32,1512,1219
-27,370,565
13,-1402,207
1,-537,-2
-9,-453,-44
85,-1967,-1063
24,547,1023
-12,-95,-445
86,3156,951
-10,-594,-200
-6,255,704
77,2975,75
15,370,964
2,-444,-407
78,-1257,853
17,1923,280
-39,-703,739
38,518,-332
20,3713,1432
-40,0,434
42,-1253,-475
63,805,-193
-13,-1432,1661
48,-805,-366
91,3580,429
66,2148,245
-34,-3759,996
-10,-4032,-344
73,4837,1133
-2,3312,277
-71,-1343,1381
-33,-5012,15
71,3491,329
85,3311,1143
36,358,452
-16,-89,263
33,-448,210
31,448,115
57,89,-210
-41,626,109
-56,179,501
-74,-1252,-125
7,-1164,929
51,1611,-246
35,89,-350
16,537,162
-31,2417,936
-46,-1343,-334
-40,-1700,431
38,0,1057
20,-626,-99
42,2416,269
-13,7867,255
-18,-7062,61
-74,-1521,-673
-11,-1074,1369
-9,2058,1288
-15,5102,-1088
10,1794,-932
-58,-9312,1503
-43,537,-814
-39,7518,958
-64,1109,1147
-74,-1557,-2543
-27,-7249,-581
-3,-895,2800
0,1879,-198
-5,14133,-940
-60,-2543,138
-75,-11321,357
-49,-806,193
37,7250,260
-32,1590,455
5,-3380,-817
-25,-4923,-1132
35,-984,1563
15,8917,495
-16,5796,182
-40,-9880,-2585
-50,-4654,787
43,3759,2925
-26,9202,-856
-42,-12066,-3661
-8,-2237,2477
36,6980,2133
36,6248,-1235
-9,-7859,-3196
-14,-4206,1480
59,7993,2439
8,7243,118
-38,-7629,-2924
-44,-7070,1121
16,10623,3736
0,1160,-1563
-59,-12320,-3579
8,0,1440
30,9546,1109
20,-7309,-2134
-36,-3042,-808
40,894,1986
49,11241,571
-26,2503,288
7,-12938,-2775
3,4296,2331
48,8062,1393
-25,-3781,-2007
-37,-9472,-2152
12,7808,3657
16,5389,460
-23,-11139,-3709
-29,-2147,792
42,5727,2349
20,2762,-2617
-11,-8400,-1547
15,-358,1647
30,9534,830
-14,111,-1741
-16,-9287,-165
0,7518,1969
18,5958,156
-39,-11776,-3415
-42,-1700,1299
5,4743,2838
-4,4877,-916
-38,-9620,-3413
6,-895,2687
35,3401,797
34,5635,-2042
-12,-8141,-2041
17,-1342,3124
43,8949,-81
-7,1902,-1473
-47,-10314,-1022
-3,2147,3052
30,13204,2440
-16,-9534,-4622
-54,-5012,-232
56,2685,2761
13,8984,671
-29,-5225,-2519
-27,-9129,268
33,2864,3017
40,10476,242
-20,-8328,-3715
-8,-5101,-575
16,2506,3423
27,10147,267
-8,-8805,-3087
-8,-3669,-933
8,4653,3505
40,7969,-625
-43,-4926,-1523
12,-5101,-500
27,5728,2064
-9,6196,-547
-31,-6017,-171
-12,-5549,-852
31,11283,3582
-6,4780,-318
-65,-14721,-2553
-13,-1163,453
19,9527,3299
14,2793,-1360
-65,-12678,-2777
-19,-1163,820
46,4653,2963
17,8198,-919
-27,-11599,-2679
10,-2237,241
54,2506,2548
20,9859,-1789
3,-6190,-902
13,-4117,-896
26,8311,3507
12,6836,753
-40,-4218,-2007
-47,-10481,-1672
-1,4833,3244
6,7204,1153
-22,-2621,-2153
-4,-9237,-1177
28,-984,1894
34,5638,955
24,7374,-1236
-9,-7195,-2002
22,-3312,771
0,9262,2623
-27,2881,962
-55,-5130,-3433
-12,-9161,288
20,1074,3209
66,9492,-102
18,3535,-2631
-43,-3942,-31
-54,-8816,1604
-1,4296,1393
41,2635,-1695
61,259,-1222
-30,-703,791
-14,-312,100
-31,-1342,224
34,-1790,141
76,3518,397
-16,3082,95
-57,-1011,-521
-14,-3441,-427
55,1259,356
-26,-1438,-531
-64,-3133,304
62,3401,578
34,3241,155
-64,-777,-492
-39,-3985,-249
39,2765,-567
-57,407,1404
-20,-2635,-887
62,805,13
-28,-358,147
-30,-3222,-213
46,4207,431
47,2977,254
-48,-887,-587
-15,-4149,-129
23,1880,-1011
-26,1641,1519
-75,-2715,-917
18,-2506,-493
25,895,-576
-46,1432,1498
-14,-2238,-390
71,4318,873
26,1405,-517
-42,-2590,462
30,-895,-704
63,3078,785
-47,814,303
-57,-3087,-260
53,-895,-1514
-25,1880,1537
-51,-2238,-215
57,1343,641
66,2849,-615
-30,-629,-133
-35,-4637,-663
32,2775,760
24,2750,-8
-81,-703,252
-65,-3927,-972
45,-895,68
-2,2417,574
-45,1518,669
47,-1429,-536
82,2538,251
-1,-37,-407
-26,-1368,568
19,-1938,-1179
54,4563,784
-52,-222,-407
-66,-3715,368
40,-3938,-1845
36,3401,1709
-9,2330,711
-17,-1882,-308
44,1438,-861
28,1072,116
-104,-776,105
-52,-3614,-347
32,-626,-1423
42,4462,1590
-49,-2046,-234
3,-2685,-413
20,3491,-561
6,2534,753
-80,-1442,-397
-6,-6283,-908
64,-1074,-1566
62,3311,2010
-26,5303,1942
-39,-850,-126
-7,-3468,-2493
22,-3312,-290
-10,1969,666
-9,3222,2181
-25,179,-169
-26,781,-736
34,-3376,-2203
30,268,320
16,-626,2054
-36,3956,1140
-32,739,-1558
4,-3711,-1441
40,-4564,725
61,-179,-574
17,8787,864
-31,3646,1786
-51,-3165,-2703
-37,-9805,-332
37,0,2259
60,6623,182
15,8280,-783
-52,-5875,-1531
-86,-8670,726
17,1342,1051
41,1969,-1509
66,3849,-282
-30,-2059,113
-9,3717,-300
-40,-8102,-275
27,-1074,923
34,1521,-133
61,8616,-32
-49,-1811,480
-54,-1793,-940
-22,-4385,-213
36,-2059,-214
76,1969,448
17,8375,1009
-53,-850,426
-72,-7077,-2078
19,-1522,532
84,1969,-664
13,1074,1377
-14,4890,1228
-66,-1146,-461
-26,-5534,-2843
52,2506,1169
31,-895,-313
-46,-2148,1336
-2,6885,758
18,-2052,-1157
38,-268,-860
-40,1074,643
-32,-3222,-223
-18,-4028,360
65,1074,43
69,5281,-635
0,358,-685
-76,-1343,1351
-77,90,174
10,-5012,-2251
12,-537,-24
71,2685,1577
-7,6084,790
-17,-1341,236
-32,-1969,-762
29,-1700,-1887
-4,-3222,-762
26,-269,1635
37,5102,719
-29,-358,373
-57,89,-513
-28,-3222,-1908
24,-2505,-684
44,626,1412
36,3759,-427
-8,4715,1333
-51,1479,1087
-55,-7805,-2529
-23,-5101,-445
8,1790,2559
36,8412,-831
3,-4117,-1660
-22,-3043,438
22,358,-326
-5,7361,1168
-10,4653,1971
-25,-8344,-3607
-13,-4206,727
21,357,3269
-3,11033,565
-18,-8437,-4078
-15,-3669,269
45,-985,1983
13,1522,-491
38,5369,-1879
6,-4117,-438
-16,-2416,2590
26,2506,641
35,10765,-1586
-37,-6827,-2062
-19,-7607,2989
58,7965,828
36,9153,178
-40,-13897,-4066
-15,-894,1940
-12,4922,1618
39,8033,419
-52,-5259,-2323
-20,-7428,-445
42,3669,2434
-14,5655,-27
-34,-9235,-3502
-4,-2147,1812
26,11086,3625
16,-369,-2334
-53,-10896,-4592
7,-716,3432
77,9844,1952
18,2877,-1465
-23,-8873,-2568
-6,-984,1595
24,268,637
-13,13155,1095
-36,-3714,-2340
-55,-11678,404
-15,2058,2171
39,9435,-332
-35,-9435,-3700
-9,-5996,1233
30,7249,1223
41,4206,-837
-27,-5817,-2932
21,-4833,1860
55,4117,561
39,5370,397
-14,3549,-1377
-32,-6234,307
-10,-1700,-844
2,89,1989
10,358,-206
-4,984,-1156
24,-1789,-1891
10,-537,1349
38,895,-133
-17,268,971
-37,447,-87
-79,-89,-800
-21,-2416,-1524
16,-3670,847
84,4744,465
45,3400,603
-25,1611,-1634
-58,-3311,933
-43,-3132,51
39,1342,575
43,806,-111
47,1610,-224
-39,90,-770
-27,-1611,-223
-50,-2953,682
14,2953,809
-33,179,-1290
-34,0,-310
10,-4743,-226
47,1253,-306
4,3222,1057
19,5638,441
-78,-3043,-372
-53,-4027,-1073
-12,-5728,-1069
64,3490,470
70,3759,1506
16,1611,-1759
-21,-985,223
-51,-1252,421
15,-2596,936
-4,358,-837
6,1343,572
-28,-627,-1947
31,806,-167
21,716,557
18,89,1723
-23,448,-1067
-24,447,-561
-32,-1879,239
30,-5728,-1375
57,179,-1545
38,5459,3578
-1,1611,-982
-45,89,-755
-64,-3937,-220
7,-5624,-254
51,2402,52
64,5101,1535
-6,1969,20
-33,89,-62
-68,-268,-295
-14,-8221,-1315
16,-1664,-2055
83,6037,2658
36,4027,615
-62,-268,-74
-98,-2775,247
-43,269,95
14,-3133,-2110
59,-2160,235
56,6635,1751
24,1700,300
-25,-357,-901
-61,-1701,1141
-45,-1969,-748
5,-3848,-1241
61,-608,462
61,5888,880
40,2327,-749
-32,-358,883
-40,-984,454
-55,-1164,-100
21,-537,-656
25,-4117,-1740
13,5460,2499
-10,1700,130
-33,-179,-465
0,-2864,44
21,537,-125
48,-2058,-2274
-46,1074,827
-55,2237,1637
-30,-2058,13
18,-5015,-1637
66,2598,996
46,5012,194
27,716,-568
-71,-447,479
-86,-806,368
-66,-4475,-2422
-4,-4040,245
30,5293,296
27,3133,444
-16,358,186
-52,-1164,51
-29,-1611,-684
-24,-2595,-915
24,-1898,-562
19,6999,1636
-4,-895,-402
-49,-895,215
-11,-3132,-123
-10,-716,-1266
21,-2063,-2166
-42,2779,1534
-16,4922,904
-50,-1611,-23
-12,-5018,-744
-17,-924,120
21,1646,-420
-14,3491,-460
-3,-3580,-784
-29,4654,892
-1,-2596,-919
-45,-2327,2130
21,716,605
-7,3491,-616
-15,-5311,-2766
36,-1072,-433
48,-111,1362
33,1997,-528
-20,-37,427
-19,74,1469
-23,1596,-1120
-3,-2594,-1168
-18,-2278,1176
68,1945,-860
36,3911,951
1,985,1072
-35,1879,123
-10,-2595,136
-13,-4476,-1270
45,-333,267
53,6957,1568
23,537,-45
-29,-4833,903
16,-886,-177
36,2049,-127
52,179,-1118
17,5191,1204
-32,-268,-972
-88,-6086,757
-20,-2396,-118
29,3112,1197
52,2058,-1031
32,2685,1726
-14,1432,-80
-18,-1879,-312
15,-5639,-1103
66,3491,1436
35,3938,-1104
11,-806,813
-54,537,948
-40,-2864,40
-12,-6176,-1591
73,4386,1140
72,4565,592
16,179,555
-20,268,-127
26,-89,-122
-16,-4296,-894
43,-448,240
57,4386,322
-8,358,-976
-47,-716,802
-27,447,485
-29,-3938,-379
35,-4510,-1323
40,3436,1402
68,3938,156
18,895,-144
9,537,367
-33,89,-1699
-32,-715,1416
-32,-3938,201
16,-2596,-1602
19,3133,1159
58,2237,-324
21,1074,1115
45,716,385
-9,358,53
-49,-626,-186
-59,-895,589
-29,-3043,-976
31,179,-243
26,-1253,-1207
39,3222,1396
6,2058,698
-20,1163,-419
-44,-895,-658
-50,-3758,546
-7,-4117,-829
42,4296,1005
39,3132,426
-35,-179,-653
-3,269,-920
-11,89,1828
-35,0,-125
8,-179,235
-22,-179,-583
-36,358,64
8,-716,-299
23,-6354,-1677
40,1253,483
87,4654,1884
50,2326,271
-4,3133,-797
-62,-3312,-399
-73,-1879,1069
-24,-2416,436
0,1790,2
1,1432,-442
-17,-90,115
-4,0,-1017
11,-2774,-692
33,1879,1599
4,1074,516
26,1521,-681
-37,627,549
-9,-2148,20
-22,-6444,-1244
18,4475,669
16,2058,605
20,985,-22
-5,-5549,-2038
5,806,1913
54,4295,1416
33,8402,875
-9,-6433,-2582
-41,-4206,435
-23,-1700,1190
18,3311,896
4,1163,-1870
10,-5459,-831
5,1164,784
44,6712,994
-30,1700,-1667
-36,-5369,806
-44,89,855
14,4743,892
-61,-3132,-2019
-47,-7518,-835
11,-358,-72
76,6354,1305
1,5460,-1020
-3,-4117,284
-1,-4206,37
25,2774,2776
1,11386,5
-30,-9417,-1876
-39,-7697,-2065
23,4654,2931
33,2953,-361
38,358,-687
3,-4832,-179
-15,2595,1116
1,9102,264
-28,-5343,-608
-69,-6712,350
22,3490,1904
20,3132,-2198
-3,-3848,-2115
30,-6891,3223
60,8770,265
-3,7032,-720
-34,-7927,-1072
-41,-2774,534
48,2148,826
64,2595,-546
18,1343,-188
-84,-3312,288
-42,-1431,-973
41,0,1268
76,984,-1241
2,1521,1108
-59,-179,-763
0,-1253,-289
39,537,-200
-67,-984,419
-35,-89,-598
41,89,618
30,716,-722
-32,-90,595
-35,-626,-652
44,268,332
7,1880,158
-62,-1164,233
-51,-984,-882
41,-537,860
15,537,-674
-26,0,959
-5,805,51
61,-537,-617
35,1253,-307
-33,-268,586
-68,-895,-486
-17,-358,91
54,0,-110
38,268,173
-29,627,249
-42,-537,451
-25,-358,-935
29,0,15
-24,447,453
-24,1611,100
0,-1700,-92
1,-626,-451
62,-716,581
60,1610,-401
12,5012,1278
-70,-3401,-534
-53,-2237,-597
19,-805,13
22,358,428
9,536,-703
-50,4296,2040
-27,5235,637
-56,-7293,-1251
-26,-3222,-72
32,4564,2978
16,4842,-366
-14,-8064,-3063
-7,-4474,-347
24,-90,2600
57,13663,405
2,-9546,-2889
-37,-10905,304
78,23904,3798
5,-11746,-5075
-51,-4564,3970
68,16740,3292
-12,-13429,-5292
-48,-1611,746
49,13648,2950
12,-5951,-4027
-46,-8502,848
29,6533,3431
23,3654,-4364
-45,-10545,1074
36,12209,3399
37,-6840,-6585
-42,-4832,2969
82,17283,-669
-17,-15225,-2458
-33,179,4793
55,10990,-1055
-62,-18724,-62
0,11314,1600
35,6040,-1500
-68,-18020,-2382
40,17539,2496
9,-8423,-4195
-30,-5191,3378
54,13577,1749
5,-9013,-3720
-45,-7428,1331
15,13514,1816
-2,-2506,-3644
-89,-11403,-256
17,7734,1045
9,3938,-501
-111,-11366,-505
19,15680,3613
-79,-8520,-3795
-82,268,1797
-40,5817,2201
-12,-2506,538
7,7196,3304
102,4681,5750
356,-3406,-41
932,-13124,-9179
-1017,-10073,-12058
-298,538,-957
-66,1442,308
-29,1183,1467
-5,1987,1096
1,1701,1354
-3,2237,1195
15,1701,1280
20,626,967
33,3401,2486
54,7402,5016
108,6224,8180
2