R
StartTickMs,measCycleMs,Px,Ix,Dx,Py,Iy,Dy,Pz,Iz,FFrx,FFry,FFdrx,FFdry,satI,satPID,KFQAng,KFQbias,KFRmeas,CPx,CIx,CPy,CIy,CsatI,CsatPID,CFFdrx,CFFdry,IRelaxX,IRelaxY,DmaxR,DmaxE,DMx,DMy
28088,10,58,70,47,58,70,47,250,0,0,0,100,100,500000,15000000,10,1,1000,1,0,1,0,100000,10000000,0,0,1024,1024,0,0,0,0
GPT1X,aPT1R,aKFPT11R
-5,537,760
1,0,12
-4,0,-18
5,0,-22
2,0,-21
-7,0,-19
0,0,-20
1,0,-11
-4,0,-9
5,0,-8
-2,0,-7
-1,0,-6
-1,0,-6
6,0,-5
-4,0,-4
0,0,-4
-3,0,28
8,0,118
-4,0,13
-3,0,-20
3,0,-21
-1,0,-21
3,0,-18
-1,0,-20
-2,0,-11
6,0,-9
-3,0,-8
-6,0,-7
5,0,-6
-4,0,-5
3,0,-5
-1,0,-5
1,0,-4
-1,0,47
-1,0,104
2,0,8
1,0,-20
1,0,-22
-3,0,-21
-6,0,-21
7,0,-16
0,0,-11
1,0,-9
-4,0,-8
3,0,-7
0,0,-6
-1,0,-5
0,0,-5
3,0,-4
-2,0,-4
-1,0,78
-2,0,78
7,0,-3
-2,0,-21
-2,0,-20
4,0,-20
-3,0,-20
-4,0,-16
2,0,-10
-4,0,-9
3,0,-8
-2,0,-6
6,0,-6
-3,0,-6
2,0,-4
1,0,-5
4,0,-3
-2,0,115
-4,0,45
-1,0,-12
5,0,-21
-7,0,-20
0,0,-22
6,0,-20
3,0,-12
-3,0,-9
3,0,-9
-7,0,-7
1,0,-7
0,0,-5
-1,0,-5
6,0,-5
-6,0,-4
-5,-90,-37
10,-89,101
-12,268,-94
4,-537,33
1,90,-255
15,0,115
-7,-179,-219
-13,716,181
10,-716,-61
-23,89,-134
29,0,117
-11,0,-191
7,-89,-1
-7,447,330
-9,-447,-293
28,268,110
-16,-268,-255
13,1969,569
-41,-1253,117
46,-716,-258
-27,358,-117
-7,-90,-51
20,448,214
-33,358,-169
18,-1074,41
22,0,-23
-22,179,-136
6,-90,-36
23,-89,94
1,0,166
-21,268,-137
13,-268,-162
4,0,26
-8,0,7
-7,89,119
0,-89,13
-2,179,14
-4,-90,-29
2,358,45
8,-179,-49
9,537,70
-1,90,112
-1,537,241
1,-448,-31
-20,-716,95
15,-268,-63
32,-626,-244
-11,626,-144
-32,1163,309
40,-1163,-236
-16,358,35
-5,-358,173
30,0,-125
-34,5459,1095
64,-9307,-329
-35,6801,-1042
47,-4832,1326
-20,2326,-2182
68,-1073,2264
-45,3490,-1051
72,-7070,766
-40,13678,2079
48,-10456,-3021
41,984,2421
-11,4564,-1684
29,-5369,-141
-2,894,1156
15,2327,-238
-25,2059,-277
20,-4654,218
6,716,1937
-87,12963,-23
37,-14305,-2267
-18,626,1913
-75,3311,-1250
-5,-3132,385
-52,11641,1893
8,-10746,-3209
11,-1700,2143
-42,3579,-792
42,-2774,-1638
23,3311,2350
-25,-2506,-1151
77,-1342,-34
1,5191,-403
33,-8502,-812
35,3848,1118
-42,1611,-823
45,-5101,172
-33,4832,1059
-16,-1342,-1628
1,0,247
-89,5638,-63
-24,-7875,-1528
-3,2237,963
-20,984,-1345
50,-8412,-2340
20,3401,2094
-10,4564,198
31,-3401,-1150
53,-8098,-263
-38,10962,223
-8,-4117,-764
9,-8203,122
-62,11962,516
-36,-3043,-1187
25,-8834,-74
-20,10982,1477
-13,1253,-413
62,-10285,-2356
47,37,950
-21,10159,1539
-50,89,-1237
-5,-10962,-2303
-24,3892,573
-86,7070,1327
-24,-5280,-466
36,-7209,1101
-33,11952,703
12,-984,-391
68,-12169,-1788
16,3590,1526
-62,10100,447
-29,-2148,-1876
5,-13017,302
-48,12749,1729
-53,2505,-1612
23,-15737,-3015
6,3357,3416
-95,12202,1527
-40,-7339,-2408
48,-8366,-404
-66,11856,1335
-94,3938,-593
25,-12263,-1496
9,3235,1429
-30,10191,1188
2,-1521,-1764
19,-9706,1381
-35,10064,1312
18,-1342,-3090
51,-10723,1285
-6,11886,1842
-21,-3938,-3892
28,-8825,1218
-31,12942,2957
-1,-7607,-2643
33,-6939,611
-44,14546,704
-51,716,-1560
-9,-11371,902
-31,10655,1705
-31,1521,-1881
44,-13699,-1566
26,5734,2395
-5,6444,60
22,-10962,-3881
95,-2919,1076
-14,12091,3257
-46,-805,-2941
17,-13659,-3280
14,5562,3641
-56,11139,427
-1,-3400,-1122
80,-9169,526
-27,12122,1736
-18,2774,-1486
50,-6264,-1430
39,-1880,2576
-5,6354,552
75,-626,-1421
135,-8721,-753
89,-924,1041
-7,4633,396
-70,2864,-1458
-49,-716,-1267
-1,-2416,705
55,-4069,232
-58,850,529
-84,7783,164
31,-805,-216
46,-6355,-236
-34,-697,-780
22,1950,269
58,-3059,-116
-68,702,58
-2,4505,608
11,-4135,-195
-89,3151,-301
48,895,453
-25,-2954,-988
-83,2148,-568
44,-1163,668
-41,-2964,-951
-25,2874,284
60,-2061,-212
-81,-1442,-245
-10,2877,455
-5,-2766,-57
-90,1553,354
10,-1996,-148
-145,998,-71
-55,370,-61
-89,-888,-368
-29,2013,-149
-18,-386,161
-111,2265,-393
-5,985,516
-66,-3176,-1356
-64,1833,-391
27,-1870,-133
-70,1154,-121
-54,-932,-61
15,-3369,-205
-131,1816,-318
-2,-740,116
-25,-3877,-368
-114,2235,-236
-8,2752,1250
-17,-1147,-81
-103,2293,-815
9,2670,391
39,-5184,-816
-32,-2799,-940
-54,3131,603
74,-3523,-481
-24,958,361
-75,1937,-356
-2,6822,248
106,-1969,409
93,-6875,-870
57,-1396,-544
106,831,334
176,4140,1114
263,-2641,569
167,-2354,-705
152,119,-956
106,3988,105
162,592,-37
211,-740,587
175,-1549,98
116,-2814,-562
-7,3295,-783
41,-1612,-527
43,141,-165
65,-6966,-555
-24,52,151
-102,4566,-573
-39,7344,-525
43,-1828,-870
78,-10255,-1063
24,-6032,582
-39,4082,-227
-49,9858,143
37,-1104,-2360
93,-4141,529
113,-5591,604
31,451,285
-14,3134,-906
-46,4891,-935
33,-2007,-641
76,-6500,-253
74,-1774,1614
-5,1910,-315
-54,5590,-1264
26,-3979,-2083
9,-1551,450
81,361,2728
-33,2800,556
-58,173,-2922
-37,-7000,39
18,2008,427
45,2615,725
6,1253,-453
-31,-18,-1572
-39,-625,-1046
22,-4075,432
47,3140,1583
-23,614,-1214
-75,-5698,-2834
-8,-3957,-385
-25,5166,2636
7,11340,2067
-21,-7156,-2969
-19,-12089,-3410
-83,1691,3060
-101,14862,926
-33,-1864,-2041
82,-9464,278
-3,824,1859
4,7499,-1212
16,-12174,-1646
-13,-725,1525
-97,8664,-1402
-44,-10409,-3120
24,1745,2071
-82,9819,376
28,-8603,-2653
-13,5450,2882
-28,5191,-2049
58,-14096,2478
-20,11605,283
-26,-2662,-2599
70,-7054,477
-10,10383,-321
66,-15067,-1212
-10,13025,2125
-5,-4099,-3391
69,-6432,1168
-33,8489,1030
64,-7731,-1474
-1,6059,1928
33,-6852,-2017
12,3832,2931
7,801,-2924
27,1087,2067
-12,758,-486
19,3199,1603
-37,2745,-2027
44,-9390,778
-1,4331,-1031
43,-3316,648
32,-816,-1291
31,2030,1977
-3,383,-2972
15,3879,2250
44,-6491,-3506
5,4366,2497
69,-8920,-1738
4,9556,2585
46,-4151,301
-31,5794,-971
-4,-3358,961
-6,-2805,-1562
3,3861,1700
44,-7167,-1691
14,8242,1819
63,-6099,-282
1,6430,-498
26,-1827,1762
3,1337,-2519
-57,1360,1202
11,-5799,-39
-35,6404,-1260
47,-7135,2502
43,40,-404
-21,7903,398
24,-11368,-188
-11,10263,-520
19,-4501,1480
3,1599,-1324
-36,5337,1615
6,-4984,-771
-50,9664,-136
35,-8575,1513
-11,3612,-620
-21,4348,3137
-3,-5853,-3675
15,1476,4285
-52,-4095,-2371
-11,1664,1257
-56,-6270,-1303
-63,7023,1436
-91,-1125,-1931
-77,2041,1416
-67,1032,-1182
-37,4891,3293
-52,-2522,-2390
12,-5365,2217
-95,4320,-1136
-11,-8832,-719
-136,11443,1616
-54,-4106,-2040
6,863,4085
-24,6773,-121
20,-11072,-413
-34,1780,860
-127,11862,-566
5,-10886,-932
5,5950,2789
4,5106,474
1,-12153,-2117
25,-3135,1007
-115,13688,1274
-37,-2353,-1866
47,-2404,1534
27,5874,2936
-36,-1141,-2666
-12,-8340,-2185
-22,1098,2125
-28,13141,994
47,-3398,-271
89,-8553,933
7,3828,1420
-84,3763,-1130
12,-9248,-824
0,6697,2314
-5,11579,2992
-7,-8151,-3721
-26,-9628,-921
-131,5406,2059
-87,11657,386
21,-7718,-987
58,-10067,575
-65,10180,1773
-84,5278,-881
-18,-10705,-128
25,4635,1856
12,7054,2094
-36,-2942,-1769
-64,-8747,-1713
-6,2658,1447
21,7957,2427
27,1522,579
26,-4278,-1879
-40,-4797,-199
-39,5019,1337
55,814,2750
16,2257,-1318
-43,269,-329
17,4564,1166
99,-2953,520
-36,-3805,-119
-34,4879,1209
70,-4879,1013
-86,555,-78
-59,7456,1569
46,90,-308
-43,-448,-60
-25,627,-1035
83,-985,1396
3,-2327,-551
-12,2864,937
67,179,245
-33,-716,-26
-4,1253,-189
83,-1611,546
-41,358,-191
58,1164,699
68,-806,295
-27,806,-739
42,0,73
57,-3491,368
-32,3133,258
47,358,596
19,-1880,-548
-3,1343,-218
88,268,663
28,-716,186
-78,1074,18
76,0,4
-63,-537,-39
-18,805,70
45,-268,-32
-53,0,-551
28,0,-149
79,-268,876
-53,268,25
40,537,-112
61,-626,200
-44,89,76
49,895,-164
-1,-895,63
-73,358,8
70,179,65
-2,-537,30
-65,89,-206
54,269,266
7,-358,-244
-71,-89,-92
4,2058,345
41,-1611,-32
-26,-3401,-754
-40,2775,659
49,1342,442
50,-1253,10
-31,-1879,0
-51,1611,-76
-41,536,178
62,-89,485
7,805,657
-12,-1342,-916
-74,537,-55
-56,4564,525
-8,269,599
45,447,842
32,-2774,-211
30,-2506,-1576
-9,-89,678
42,715,1637
-11,-626,-282
-3,179,-27
-3,2595,-408
16,5182,803
43,703,1382
-8,3321,777
23,-226,154
40,-2985,-920
16,-8590,-1679
6,-1163,2262
-13,6175,754
-20,3283,212
22,-2657,-2551
6,-5906,176
9,-1074,1195
-12,1163,860
-22,5728,-89
-16,-4028,-2704
-26,-2147,46
-4,-1701,555
-59,2148,-618
-6,6981,-504
18,2750,1389
76,-2482,-66
82,-4117,-1294
27,-3132,-331
-42,0,110
-49,0,-69
-53,5549,582
40,268,1376
29,-3759,440
-36,179,-855
-65,985,-179
-3,4771,930
28,-3876,930
43,-2596,-234
-64,4296,-572
-10,4025,340
95,-4114,667
31,-2238,41
-88,3670,-286
-15,4028,676
51,-5281,107
-65,-1969,-307
-79,5645,782
61,2963,645
-35,-4294,-566
-111,-370,-155
13,2366,491
-16,-2033,120
-87,1146,-415
-16,1940,-441
47,-2162,1376
5,-3680,-617
-97,4272,207
-10,2504,47
35,-5523,-681
-54,-1969,-265
-71,6023,708
31,620,-200
-25,-3319,111
-113,1849,-21
-11,989,610
17,-2542,790
-46,-2635,-342
-110,2857,-1545
22,1035,1170
60,-1701,1513
-52,-3176,-1235
-110,4507,417
11,222,-10
-6,-6519,-339
-118,1969,8
-46,5031,489
50,-5210,-112
-61,-3132,-856
-26,6604,798
64,-481,265
-49,-4781,-1489
-59,5188,157
51,2329,1331
-28,-3758,-1311
-52,2131,42
48,2883,257
32,-2439,-293
-47,2212,-315
50,-594,473
59,-2653,437
-81,1590,-1
-23,2421,-34
68,-4048,394
-53,111,-635
-93,2975,658
55,1160,61
29,-5928,-818
-50,-1611,-181
-52,5548,1204
72,1341,-547
41,-5099,-1058
-28,-1432,-582
-25,4303,745
99,259,52
-1,-4383,-852
-69,-1611,-939
-11,4663,473
69,1072,955
98,-998,-432
-14,-5900,-1990
37,2774,-582
58,2386,122
115,-4534,134
19,-2327,-651
-79,1522,-896
-30,3938,171
44,-4028,-704
34,-2505,-652
-37,-3222,42
-56,3132,325
-42,1074,-1359
-7,-895,-679
-14,-4296,928
-94,7249,96
-41,-2953,-1082
-78,2327,419
-56,-3222,-2107
-16,-2237,133
-26,3043,-63
47,-7250,-425
14,7786,85
-5,-2416,-2246
69,-3938,1005
30,6354,424
77,-626,-2216
166,-12452,-845
126,10304,2457
108,2416,-1762
119,-4922,-1653
76,-5785,1597
29,10171,-1849
10,447,-190
36,-11358,-666
26,7778,1741
-34,5101,-1300
25,-14237,-3314
45,-170,1436
0,12618,1887
-29,-179,-3840
65,-12382,-771
7,4134,2561
-1,8427,-426
41,-10535,-2846
38,-3196,2214
-1,8719,-1507
39,-5264,-1265
71,-9526,-427
41,3294,1341
4,5842,-1386
40,-6633,-2307
40,-6856,-221
-8,6554,657
13,9691,-612
77,-2869,-1267
135,-9551,85
52,-4121,1053
-38,3913,-538
-67,6402,-1635
8,-737,334
81,-6816,115
7,-2398,577
-102,4062,-416
-7,7181,196
53,-3664,-603
-22,-4816,-966
-81,-1042,-47
6,2858,1230
30,-1287,475
-91,2779,-1149
-10,3571,-806
103,-3966,-81
72,-7068,515
-42,0,-328
1,5953,336
48,1567,82
45,-2467,-814
-68,-1609,-1259
13,-346,-52
60,-5350,103
-96,4767,-174
-83,6330,-763
47,-3984,-1017
66,-6960,-1115
-46,-2158,-230
-40,8198,1108
15,4695,864
5,-6716,-912
-73,-2636,-741
-17,-1489,323
-9,4692,992
-98,2197,-1487
-52,1252,-1518
96,-8909,-202
4,-3324,538
-90,7500,-127
21,4318,48
75,-7868,-1878
-28,-6425,-1659
-48,4854,2127
32,3005,444
74,1195,-751
-28,-500,-1132
43,-2801,35
76,-3093,205
-84,3365,262
-98,7078,-483
65,-8675,-1584
-13,-7502,-762
-74,4731,772
-36,8779,1244
53,-4411,-1540
-15,-8844,-1201
-72,1766,789
4,4689,770
37,1185,-268
-52,-2008,-1541
45,-1769,-433
123,1677,1302
63,451,348
-32,2389,-1280
5,-4633,-1803
68,-1892,309
30,-4305,1341
-88,4981,-287
-8,7841,-1008
108,-3333,539
77,-9067,80
-5,492,676
-27,8044,282
82,4890,529
55,-5786,-1304
-7,-8054,-1508
-15,3426,781
39,2937,1904
16,2491,-1160
-21,-3963,-2215
5,-1874,-385
101,-2858,1299
-4,860,18
-49,6544,-596
-22,440,-1112
101,-5280,-59
50,120,1193
2,2075,-669
-26,2496,-1515
46,-9643,-1473
108,2771,1875
15,3666,1822
-22,1062,-1760
-41,-1765,-1804
33,-2844,1762
58,5962,1651
7,-106,-113
-6,-7726,-1075
-27,1424,527
-19,10709,1648
40,-2501,-1086
0,-11420,-1798
-20,1387,1589
-28,9193,1325
41,3091,-1485
99,-10979,-790
-32,-1244,949
-56,12711,1279
60,-883,-1656
117,-11335,660
18,454,992
-76,8717,-221
16,-3224,-1103
144,-3263,803
-12,3025,1093
-108,5200,-639
1,-2657,-2015
82,-6144,1375
-5,5896,1796
-22,-904,-2619
-3,-4076,-532
19,5686,2804
12,4853,1232
-30,-11062,-1062
8,-2055,486
-39,12732,1302
22,1667,-890
129,-11762,57
-29,2325,1322
-106,8364,-1066
38,-6873,-1044
71,278,3300
11,4417,-1409
17,-10906,-2796
-94,8299,1899
-79,4453,333
92,-8809,411
1,8371,1195
-49,-5583,-2057
5,-2841,-58
-17,11701,1578
63,-4061,-2049
46,-12057,516
-79,9154,744
-51,3569,-1811
107,-5321,1874
16,5768,1870
2,-8219,-1466
-18,-1022,1152
-67,13769,103
67,-7610,-863
54,-3139,1231
-52,5108,-929
-14,-4046,-838
4,6078,2131
-7,5042,-286
102,-14501,-969
-44,2956,1926
-124,7201,-1586
6,-5439,78
-34,7656,2780
-31,-3320,-395
-84,-10092,-152
-138,14465,1753
-85,4429,-148
18,-14435,-663
-140,4684,1664
-90,9028,-357
81,-8189,-345
-9,-6384,876
-130,13144,1647
-64,5105,-944
58,-10935,-1096
-64,-5371,816
-121,11299,1481
-24,4491,467
62,-9585,146
-62,-3485,818
-159,11774,875
-76,4021,-684
28,-8020,444
2,-6658,936
-108,7300,1292
-90,8142,33
13,-4869,-252
57,-1797,1073
-33,-2038,1471
-56,4086,-652
-59,2454,-93
48,261,206
84,-3213,466
44,-3219,980
-16,3759,127
-47,5821,-492
47,1065,183
92,-5945,662
35,-3170,1657
-81,2647,81
-52,10872,1490
33,-2444,-1382
77,-5626,284
22,-6244,734
-90,5436,641
-39,7536,905
36,4385,764
82,-6707,-170
17,-4287,-495
-54,303,-15
-42,5167,786
23,4271,2378
40,-1163,1378
18,-806,-507
-60,-3411,-1102
-12,1621,-22
-10,3491,398
74,-5482,1373
12,-2669,87
-36,5287,810
-45,6802,545
-32,-90,-1191
56,0,2071
21,-6533,245
-35,-2353,-1074
-86,2353,190
-19,6891,1564
31,2953,-274
91,-3132,42
62,-7339,604
-25,-1615,-622
-46,7075,835
-61,1879,396
10,1253,565
28,1969,606
73,-1522,406
10,-1879,-379
2,-3759,-795
-52,2775,901
12,2863,416
38,358,572
48,-2147,80
-52,0,444
-48,894,-89
33,5728,1306
26,-3938,1310
4,-1432,-1716
-67,1701,-213
55,3311,1725
54,90,781
-28,-2506,-682
-32,6452,1753
47,-850,-97
0,-4170,-200
-65,3098,394
38,-2024,362
-37,-4386,-397
-57,3043,156
29,-2237,48
-100,3043,-728
14,2598,297
41,369,1064
-43,777,871
38,-296,598
-46,-6491,-888
-52,2506,96
16,-269,406
-88,4550,171
27,2339,551
60,-1932,620
-35,37,442
31,0,405
-92,-4636,-903
-88,3194,191
-11,-37,453
-112,2638,311
59,3424,1042
35,-3000,-1213
-23,57,474
55,-2121,508
-38,-1109,36
-93,2947,-1
25,905,411
-51,-283,-346
-5,3815,962
86,-1235,546
-28,-1788,-37
39,-735,363
-5,-3257,-198
-55,4162,149
39,1737,-38
35,214,185
-33,2496,478
110,-172,536
62,-5915,-127
-65,-1117,-776
-19,1739,285
42,0,309
-60,1471,-266
-28,2797,337
65,2064,847
73,-3767,-27
-58,-1023,63
-60,4846,240
7,1359,414
-4,-4802,170
-32,-2917,0
-102,1918,48
-47,2594,210
-19,2983,1611
21,4040,964
13,-2227,-90
31,-2929,197
-9,-942,-6
-35,-319,-578
-65,582,-239
-95,-791,-193
-77,942,25
-52,1211,1049
-47,4204,1386
-92,581,702
-38,2508,256
-36,-4100,-818
-34,-5889,-1047
-79,1787,762
-76,1964,-684
-20,1762,212
-55,572,10
-29,481,-414
-28,-1335,1029
-10,1910,620
-24,-3407,197
-93,-865,-235
-101,-423,-853
-129,-961,-432
-113,5330,-129
-98,-6752,-1387
-64,4350,1284
-80,3011,1055
-46,-2819,-457
-108,113,-785
-56,449,-228
-33,-1745,538
-25,-1126,-437
-16,-1150,-261
-8,207,-507
57,-2022,-1000
42,-233,612
70,-1474,-916
147,-48,251
148,1356,170
179,-1594,219
184,1284,-961
147,-2620,-434
123,1646,-55
76,-2693,-197
42,113,121
30,821,-878
18,-2206,-53
49,1612,-320
65,-1982,-220
115,37,229
140,1577,-422
164,-1873,265
156,1845,-582
132,-2880,-865
116,1701,274
70,-1258,-771
43,518,332
11,777,3
-29,-1405,-811
-14,665,-161
-46,1995,-231
30,-1034,-1795
56,-7258,-1741
72,-2416,161
48,5280,1015
19,3803,615
17,4047,-185
50,-2649,-633
48,-5827,-469
11,-1253,-562
-38,-1880,-1355
-58,4028,-183
80,2683,389
70,-6890,-660
-36,-1432,-1074
-17,3401,-446
66,-1969,746
-64,895,-173
-8,2954,-448
78,-537,-342
-59,1969,-245
57,-537,250
-7,-2506,-529
44,-627,-41
28,-2327,-1045
-79,-447,-454
28,-269,44
-80,179,-737
34,-179,-324
-22,-447,307
-82,1611,-1
13,-1164,-415
-92,-358,-246
-7,1432,-47
28,-1521,-373
-72,0,-161
4,1253,62
55,-1253,-365
-50,-1790,-1105
-105,985,-561
5,-90,1399
-27,269,-891
-41,89,-790
-60,448,-693
-42,-2506,-2158
20,-3133,172
55,5102,1925
-26,805,-889
3,-895,-536
-40,-7055,-3004
32,-5454,-1239
-63,2866,1890
-26,10359,2655
12,1432,-3329
88,-5370,38
47,-12462,608
-7,941,-254
-59,8210,85
-47,5370,-1946
38,-6816,-1839
67,-2804,868
72,7830,3069
17,2685,-42
44,-6824,-3641
50,-7285,-2597
35,-4459,3062
-28,2248,-636
12,7943,-437
50,5602,566
118,-2595,-893
66,-7431,-1390
-14,-3594,-1284
-41,1481,244
34,3352,968
35,-2238,-226
-49,808,-887
-34,3802,443
94,-3051,-747
-11,-3947,-115
-76,2816,-305
78,-1710,169
-29,-3192,-470
-83,3757,-277
65,2417,662
-3,-3671,-1085
-88,1472,-613
70,1402,387
0,-3291,-869
-68,960,-483
71,-1318,439
3,-3292,-128
-59,3028,-353
35,-1135,-35
-74,758,-695
-17,2774,170
71,-3094,-346
-65,-2925,-1058
47,2348,81
53,-2919,-270
-66,-361,-233
8,2174,292
20,-3512,37
-90,2735,-154
-28,4049,53
60,732,-289
-88,-5198,-1450
-22,-3162,-1423
-34,1440,1325
33,7997,1750
8,-3002,-2041
43,-10340,-2215
-12,-3127,149
-46,10980,264
-13,-2127,-1978
64,-8291,-145
20,11362,1301
-6,3154,-2535
101,-14632,-1708
62,5872,2840
21,8969,-722
85,-17868,-3436
79,5615,2102
22,9080,465
73,-9771,-3322
63,295,2732
-1,10659,-43
80,-14647,-1307
50,4407,1314
0,6127,-2153
86,-14696,-1155
41,8639,2846
-32,3541,-2132
80,-12155,-1512
48,10193,2964
89,1416,-2120
166,-8392,-343
144,5293,1336
157,-5042,77
123,-2764,788
6,9845,-728
79,-13937,-870
-18,11150,1150
32,-9205,-1993
-16,7693,2257
-10,-4182,-2711
10,3717,2538
6,-5534,-2096
-45,6147,2231
27,-4983,1796
-8,7540,197
18,-502,579
-6,-192,-1504
-27,4819,420
15,-8248,-884
-17,1217,44
-15,434,2020
19,-1078,-1070
-26,8384,1731
30,-4292,-411
-5,1253,-894
-50,1849,1278
-7,-3514,1248
-56,5315,13
-46,-1558,556
-1,-7140,-1689
-54,5202,821
-14,-6767,44
-65,4124,-195
-137,4419,2082
-104,108,36
-159,3278,190
-153,2285,2141
-97,-2509,-600
-189,5727,905
-92,-3570,1195
-116,5360,-55
-72,1031,2243
-125,-198,-684
-37,-2308,2654
-126,6063,-178
13,-9182,345
-57,5087,2459
-33,-4352,-3200
3,-5280,75
-57,8687,1505
-13,8414,1092
73,-2635,868
89,-4551,961
-46,198,687
-37,4501,1119
42,-776,1173
-118,1831,325
-12,4654,1922
9,-2506,974
-86,2238,822
37,-90,54
-65,-268,672
-63,2685,920
45,-895,639
-106,1074,763
2,357,515
16,-1073,171
-86,626,178
8,358,199
-27,0,311
-26,1790,483
64,537,560
-37,2506,707
98,-537,921
-54,-3133,435
-58,-537,300
-78,6534,427
64,1166,961
65,-2151,1018
21,-4564,-524
-63,2416,-97
22,7218,1709
81,-3252,175
1,-2892,-767
-46,-179,-441
32,5215,520
54,444,838
79,-4227,436
-61,-805,88
7,-269,-152
-28,4118,214
64,739,322
37,0,852
106,-6020,-1083
-62,447,-491
-74,3170,854
7,3907,366
38,-368,238
-18,-5008,-37
-32,1580,-152
-3,1442,221
53,2552,366
104,-962,660
71,-1886,-189
47,-406,-271
-5,2716,140
24,2223,633
47,-1063,59
-25,-820,435
34,-2354,17
-105,-1035,-187
27,1368,473
-61,1681,157
25,3388,535
40,-690,-300
-38,-689,-200
54,-3246,581
-16,702,799
-65,-481,-264
-106,2261,-230
90,2955,-17
8,-7508,-667
-45,3054,97
31,4559,401
54,-4220,48
-22,-3652,-608
-118,3228,291
27,4853,1075
-87,-21,112
36,-1795,774
-102,-3094,-1577
-18,-1766,-66
-53,1257,-72
-68,5314,344
19,-2115,32
-75,904,600
29,-1165,346
-74,-1156,-97
-98,227,253
7,-2305,250
-128,1654,-675
-58,1188,744
-105,-2065,-675
-127,2694,218
-21,1142,467
-115,-2478,-144
-102,2264,112
-44,-190,636
-216,1443,589
-237,3333,685
-249,-1876,100
-307,1207,-675
-149,-509,570
-185,-3099,-1141
-172,568,-763
-67,3115,827
-41,19,396
-117,-3797,-79
-132,-832,-195
-98,3146,396
-59,3346,1246
5,3015,876
9,680,-1370
33,-1901,-424
117,-4468,-609
218,-881,-1507
394,-1891,120
506,2791,941
392,-546,-274
370,-2293,-188
306,-1626,343
212,794,39
125,1538,-498
62,-3011,-670
-1,-254,-432
-27,1299,313
-10,3053,-353
12,293,-796
33,-3417,-665
30,-549,-70
95,-1188,62
115,2474,163
85,-476,-426
108,-1998,-896
69,-3337,-1075
36,-3373,-1866
-2,-4833,-617
-15,1880,1318
-55,6326,-330
-6,4581,331
6,1468,51
55,-2486,-289
25,-4430,-1468
23,-7428,-1172
-31,-984,791
-48,447,-784
-58,3132,-1801
-51,4028,-704
4,-5281,2003
-11,-1700,-1673
1,447,-878
-41,10202,571
19,-4474,-1865
71,-6712,-1756
59,-4564,105
25,5280,1270
-11,537,-2415
75,-1432,-939
72,-13366,-2179
44,-476,2196
5,6115,-940
3,5669,-893
59,-5632,-1777
22,-2914,-836
-17,1657,1725
-14,9753,1098
-11,-179,-2572
26,-7873,-2062
29,-3160,717
34,4052,2717
-30,6444,-726
31,-8593,-2973
39,-12303,-42
19,1264,260
-71,12481,-859
8,-3204,-2120
16,-7666,-1302
11,7581,2922
4,11245,1961
6,-2595,-2151
63,-15180,-2742
17,-5400,2015
-68,9033,1648
-80,5668,-2623
-1,-8281,-1274
6,146,1124
6,14193,1684
-9,358,-1288
75,-15396,-1990
34,-3769,2110
-37,6843,196
-59,4723,-2107
20,-4984,-2576
-18,-8435,1235
-15,13086,1210
-26,9364,26
84,-16960,-2127
93,-6769,991
-28,7997,1566
-48,-586,-3493
51,-11185,-1900
-62,10976,3098
-28,11425,1143
48,-10902,-3287
94,-7631,2756
-29,7924,-748
-21,-6116,-1828
-6,-1063,161
-22,14007,749
33,-6724,-2307
110,-4156,1402
75,4428,2059
19,-272,-2790
47,-13596,-2711
17,1983,1900
-97,13775,853
-35,-1681,-843
35,-6235,459
0,11850,1213
54,-7393,-2054
66,-9694,583
-29,6771,211
-30,-145,-2926
65,-5727,-917
9,8814,3112
28,6125,303
90,-11052,-3334
105,-5502,2231
44,7766,1029
37,-1370,-1991
92,-12066,-540
11,4142,1111
22,11222,-891
97,-5567,-2713
170,-4599,353
162,7365,2657
120,6667,-176
156,-5500,-3085
124,-7778,3196
107,7778,916
55,-461,-826
58,-8595,-1543
31,-5990,938
-93,13334,237
-27,-2925,-3188
11,-5006,461
22,10092,3445
-10,433,-2219
99,-9143,674
12,4073,1694
-90,2277,-467
5,-10654,-934
-74,6659,1024
-53,11501,474
72,-5785,-724
71,-9024,912
-51,2643,367
-75,9466,710
63,-1487,-566
-40,-4803,-719
-159,2469,3354
-69,-498,366
-215,2587,205
-100,735,252
-253,850,86
-160,816,430
-239,271,90
-115,84,10
-174,-1682,215
-104,2100,801
-81,-439,358
-54,2983,699
-60,-810,439
-67,1829,632
-41,-594,161
-33,1584,493
28,-1415,206
16,736,692
10,-1807,12
-15,817,394
-40,820,409
23,142,300
-38,537,376
2,113,281
-66,1575,240
33,1553,467
-35,222,589
27,716,464
-43,2238,1061
55,-2991,40
-23,-370,615
-4,-591,-132
-42,295,-26
-17,1867,274
-4,2864,652
-35,-269,388
16,1701,708
-42,716,476
57,358,273
-63,-1343,253
-5,-537,193
-140,-1163,195
-56,0,386
-123,1074,-38
-100,1969,144
-93,-1074,50
-214,1074,53
-100,-1522,500
-310,806,10
-253,1879,373
-364,0,-154
-381,0,-864
-217,-4654,-442
-293,179,737
-237,5280,2278
-168,1701,-3101
-154,-537,-850
-106,-2774,554
-185,-1880,1627
-524,5996,1523
-664,5495,-734
-412,-8895,-405
-494,3758,1703
-319,4583,10
-84,-8431,-575
-137,-1342,3395
-250,10327,-5675
-230,370,-1017
-89,-8818,1037
-133,3669,3554
-166,4816,-118
-97,962,-1332
-32,-9805,308
57,1074,1848
24,5459,2974
96,-1611,-2136
90,-1790,-3693
298,-1611,-3259
657,-4295,487
871,2774,1459
914,8289,170
1036,-8289,-56
953,-3222,559
797,2775,415
574,268,-52
483,-358,230
369,90,-668
243,-716,-308
215,-269,-643
155,-1790,-1133
87,-5658,-1094
72,-4977,-1108
10,-951,-1285
-3,5854,-1831
5,1973,-2226
111,-1973,-706
166,-3253,502
169,-4946,-690
29,2916,409
112,3077,227
84,-4467,-793
-14,-1003,-520
59,-1427,-798
-32,2054,-747
14,-585,-840
67,2208,-9
155,-1665,-175
246,-3680,-1117
185,-328,-1867
328,2618,2119
293,-1356,-37
274,-5484,-1735
159,2589,-1232
216,864,-812
119,-4301,-1500
46,-3183,-1890
-28,2199,-882
-84,1428,-664
-73,-2849,-888
-122,-1272,27
-173,-1988,1082
-137,-444,-1423
-3,-863,-1549
6,1212,-1064
79,-53,-874
259,-2424,-1073
254,-3168,-1520
391,1703,-744
598,-73,-271
334,-2805,-564
271,-558,2947
104,2689,1521
-33,1654,-249
-53,153,-489
-75,-651,-431
-236,-619,-288
-363,1183,-19
-464,386,-308
-479,29,-198
-474,29,-157
-477,-212,164
-483,1413,1847
-357,655,470
-268,859,-347
-151,-767,-413
-126,323,-269
-99,465,-123
-74,-1105,-319
-37,598,9
-47,391,265
-63,-32,221
40,-527,387
30,-594,531
-29,1100,42
-41,285,-98
-24,268,17
-50,361,87
-84,-88,-13
1,637,281
-1,397,339
-27,-79,-77
60,147,121
4,761,615
-11,-307,222
47,577,133
-26,48,-69
14,-1056,-163
-1,1209,142
-41,420,151
36,-1233,45
-57,978,91
-8,-130,138
12,-177,346
-45,95,514
55,565,287
-46,491,40
52,-1844,-139
-69,1709,-31
50,270,50
-43,1468,-85
78,-1468,-339
-68,251,-498
53,-1914,-70
-69,-872,357
7,2228,907
-22,62,33
-76,3224,-455
56,-2446,-439
-77,-4869,-820
9,1915,1110
79,0,1098
-41,4495,-46
4,2919,-587
112,-6762,-97
14,-4308,1440
-66,8531,918
57,6308,843
41,-6567,-1331
-60,-7835,-601
-58,7754,2096
-52,8796,1303
11,-6721,-1971
-30,-7120,-970
-118,8790,2925
-47,7821,-1716
44,-11282,708
29,-2913,1716
-76,6567,-293
-78,-5057,-1682
-57,-1449,817
-59,12611,2692
-54,3277,-225
3,-11846,-1482
-43,-5427,2655
-143,9084,363
-80,5816,-1441
-38,-8902,108
16,6751,2123
17,7523,1257
25,-5230,-1978
42,-10082,-325
-10,-2934,876
-36,8990,1467
-52,2433,-538
17,-119,-597
-11,-831,2193
16,570,99
1,7425,1003
50,3228,656
81,-7072,-998
43,-9289,-315
-30,893,1691
-84,9430,654
4,1109,-1046
39,-3104,-99
108,-3128,1284
17,2533,1316
-49,5067,121
-54,481,-211
28,-5293,1190
23,6046,2735
6,3043,-1071
-18,-10965,-2277
-46,3375,2284
17,12602,2802
52,-2864,-1426
29,-13042,97
-22,2597,599
-78,12235,964
5,3580,-850
62,-8144,-431
49,-8793,1396
-43,3663,778
-81,9694,808
-25,179,-2287
70,-716,1926
43,-2864,1805
16,-268,-460
-62,2864,587
-41,2684,170
-12,806,-743
51,-4117,1343
15,-447,1911
8,1879,493
-27,895,-1654
13,-1342,-1674
-28,-1074,-172
-20,1432,2230
-14,7860,1715
-17,5991,120
20,-9914,-788
53,-8860,295
-2,5817,3215
-43,6802,-1677
13,-7607,-2093
46,-8695,2131
10,9232,2580
-5,6981,-3721
35,-8323,581
50,-2954,1575
-16,3759,769
-22,8954,79
-8,-6896,-2315
17,-2058,713
10,-4922,2444
-17,5817,789
5,9021,-1685
44,-9827,-2486
11,-1163,3069
-44,1074,-378
-57,4027,-680
-34,5593,1081
32,2049,944
17,-1310,556
9,-4721,-503
-87,90,-587
-50,5177,451
-10,340,589
30,-701,1321
15,-3205,58
-107,580,-454
-48,3976,-103
40,-1942,614
35,-1849,315
-77,-1213,-506
-104,6799,315
-37,1118,570
40,-2799,141
-53,-2389,179
-51,2954,-206
31,902,616
73,-1637,453
-41,-1923,-614
-52,1583,14
28,1500,869
90,-5191,-140
-52,-1812,-598
-63,4909,408
22,1104,388
7,-5655,-723
-49,-4475,-955
-110,6299,284
13,1331,937
-23,-592,152
-128,592,-1093
-23,2613,768
22,-849,936
-106,-692,234
-108,5150,933
-17,920,-1451
-38,-3907,608
-112,1683,354
-62,3159,769
-7,-1876,17
-154,-2513,-718
-63,1516,673
-29,-2450,635
-128,1903,-112
-63,2694,505
33,-4286,-1438
-35,-3102,-643
-83,4218,516
20,2668,660
33,-6110,-331
-115,0,-294
-54,3823,919
17,998,965
-49,-2551,-845
-104,-1358,-513
-13,2816,650
49,-2392,-813
-37,-744,-646
-26,829,-59
20,2235,456
122,-2376,815
73,-836,-272
29,148,-1518
90,-813,-501
144,5114,1458
185,47,755
105,-4000,-1475
27,707,-450
82,2889,482
103,1198,-73
131,-5549,-104
39,-3721,-1111
36,1983,-76
93,3540,510
162,-3170,-474
108,-6112,-1532
50,-2058,-531
24,6712,-622
110,1458,266
167,-1072,232
93,-7009,-1141
58,1253,-506
22,6532,-235
75,-74,-581
105,-517,884
76,-3972,210
-11,-3132,-149
-63,1611,-954
-21,-269,-702
10,5012,-92
65,-5996,-712
2,-1432,593
-72,984,-1103
-65,7490,94
7,813,376
70,-5349,-954
44,-3938,-543
-22,0,-108
-78,3580,-122
15,-2059,-108
71,-716,-754
23,-2684,-138
-68,-537,390
-54,2595,-995
-2,1879,405
67,-1790,-60
-2,-1342,-379
-41,179,417
-77,2148,-196
-6,4743,265
80,-4743,-420
20,-3222,-553
-4,-5280,-1160
-96,5549,590
-23,2326,652
13,1164,-1
113,-1790,-1471
126,0,766
85,-1790,308
85,-5638,-900
83,-787,-1344
40,4367,116
46,3669,1866
21,2327,-923
66,-179,-738
109,-1969,-251
80,-3043,903
60,-5098,18
33,-3104,-852
-6,2328,-607
38,8022,1298
51,984,-1274
103,179,-1295
104,-1521,-343
129,-7923,923
90,-629,154
21,1110,-540
-29,4310,901
-28,3848,-787
37,-447,-865
12,-6750,127
58,37,1295
-29,1253,-501
-13,2596,-849
-73,-5106,-2996
-37,-888,-981
-68,3577,3808
-52,6176,1588
8,89,-584
-50,-9583,-887
-37,-5320,-1627
-113,4322,1112
-9,8881,2015
-16,1700,-390
65,-2058,-108
-34,-8989,-3301
-59,-1725,2870
-32,9371,1459
12,4654,-406
44,-1253,-545
37,-8732,-563
-26,-4550,-1352
-31,4032,561
-26,7371,3053
33,1253,271
3,-627,-280
-18,-358,-895
-73,-6123,-281
-57,-2847,-466
-67,9597,2440
-52,1700,-314
-70,-627,-928
-125,-6443,-731
-110,-3525,-1730
-190,6568,3176
-103,3311,1904
-113,89,-3161
-121,-1342,1003
-135,-2416,-21
-83,3222,1411
-3,3311,1157
51,-269,160
14,-2595,-767
-9,-6981,-1648
-12,3312,1019
-67,3937,1081
-4,90,637
-40,1969,881
-97,-90,-437
-108,5756,492
26,-7188,559
59,-268,626
-44,-537,-342
-61,358,808
-31,9816,2220
39,-4536,282
-47,-2148,-1441
-127,3759,586
-11,3883,1068
68,-440,1112
-49,-2033,-178
-58,443,-701
23,3868,1350
41,-3794,1620
-75,3257,-935
42,537,1311
55,-3017,416
-65,2565,-108
-24,4217,285
55,-8520,621
-65,1812,312
-97,4091,549
5,714,480
-18,-7404,-883
-135,1231,126
-125,9172,2027
-30,-3190,-1181
-101,-3679,-381
-191,679,-52
-86,4404,941
-10,2710,1243
-31,-3686,-310
-82,-2749,-542
-114,5700,559
-56,1497,-1207
-51,-762,-620
-16,-6435,1216
-61,5700,949
-55,7894,752
-1,-3702,-2117
7,-6481,-93
-15,-5002,298
-8,2961,2128
-20,7164,1002
7,3073,-1210
43,-11522,-3029
90,-4375,1614
41,924,656
-3,10183,983
30,397,-440
53,-4369,-523
52,-3015,332
87,820,837
82,8317,1003
42,1647,-421
85,-1951,-2983
80,-1276,-254
32,-1178,397
34,-2714,329
23,-356,424
-37,523,506
11,5824,-372
3,-3730,-776
64,-5869,-999
46,-2994,-225
21,-1368,-308
7,-2565,-1225
11,-1074,-123
13,4896,-133
-2,5111,-82
9,-1129,-1712
38,2128,237
50,415,668
84,-2600,-482
65,-5688,115
82,-5102,-1139
60,5102,-471
72,-5818,-1205
70,179,-774
62,6995,90
83,3540,-231
76,-4057,-763
112,1516,407
77,-1849,609
90,-3907,-883
-3,-3938,-1242
-18,0,-78
-34,1611,-679
14,3669,459
70,-4206,-280
-28,-806,-1780
-35,3491,-148
57,-716,-56
96,-2954,-513
56,-178,-238
-25,715,264
108,1790,-64
66,-2327,-330
-39,-89,-89
28,358,-489
93,-358,-56
-72,-179,-136
0,179,-331
70,-1611,-50
-83,806,-11
31,447,88
34,-2595,-432
-73,2148,-568
42,358,-323
-6,-2596,-348
-40,2327,-205
46,-2953,-485
-53,447,-711
24,2417,313
12,-4386,-691
-72,2059,-497
89,-3222,-367
-50,-448,-732
-21,3043,-145
46,-4530,-457
-80,592,-650
54,537,299
-61,-1794,-1218
-34,3047,529
42,-2012,157
-97,1654,-592
42,448,-75
-22,-2509,-971
-34,2419,-405
62,-3195,-151
-68,480,-521
64,-554,-100
6,-3087,-915
-30,2199,307
76,-2029,246
-81,-1288,-436
14,2051,-111
29,-2503,-530
-60,2701,-510
62,-1329,-36
-68,-679,-703
0,1329,154
49,-3544,-415
-61,119,-323
68,761,230
-8,-1862,-371
-85,2980,-292
67,-619,94
-78,-570,-862
-60,2764,94
28,-3454,-740
-93,1308,-785
-26,731,-195
31,-5011,309
-109,-1932,-628
-42,2346,405
-26,2146,612
-119,840,-980
-111,3968,-1048
39,-6765,-1350
32,-8283,270
-93,5467,1404
-152,10394,-2618
-56,-3170,-559
20,-11185,500
-65,5740,1950
-161,-996,-2669
-172,-5431,-1425
-190,13202,3470
-124,-1966,-1887
-3,-15295,-1025
-74,11353,3259
-108,-3753,-4501
-4,-7181,-537
-16,12016,1879
2,8515,-514
93,-16312,-1517
46,-1386,3433
11,9873,123
53,-7824,-3788
96,-9783,33
66,11593,2641
114,713,-2279
199,-9537,-1445
187,-2335,746
150,6001,488
105,8384,-202
129,-432,-1932
117,-9554,-1602
70,-975,2530
48,13540,2886
62,3525,-1464
121,-15783,-1638
62,2876,1343
30,13529,290
47,-11295,-2740
116,-12756,-642
32,-1754,1467
-9,14893,-179
-3,-2527,-2918
84,-6007,-1547
36,3759,2859
70,8563,1854
71,-2963,-1040
58,-9789,-1920
-6,-3658,-810
35,5978,1344
105,5779,1972
54,-2239,-613
-19,-885,-1324
39,1590,-201
146,-2859,125
144,-6910,-534
11,-614,-939
32,5471,-194
133,2941,878
83,-3832,-1051
6,-619,-1498
104,1587,-379
204,-3332,-355
122,-5535,1532
53,3247,-379
125,1612,-181
174,666,-290
49,-1300,-1220
-23,3832,-549
101,360,357
25,-6259,-1309
-12,209,-720
68,2192,2416
48,-370,1222
-63,2533,-250
-18,4180,-758
89,-5637,-593
-16,-3601,-763
-32,2680,1255
64,2557,1181
-64,987,-1765
-42,-1782,-1469
79,-4153,3250
-35,2568,1457
-97,6440,-458
61,-5069,-1542
32,-6299,-554
-101,4249,789
-39,9348,820
10,-7346,-2062
-86,-4384,-664
-27,7745,4337
-72,3311,320
-189,-5744,-1741
-66,-1295,1895
-90,9124,1226
-142,-9554,-3060
-91,3243,2256
-30,8922,2119
-68,-8616,-3220
-89,1558,2570
-2,8599,1402
9,-7898,-689
-46,-4212,618
-125,11966,109
1,-7106,-1860
27,-5804,561
-200,7978,162
-118,-2563,-2611
36,-3025,1510
-154,7332,534
-165,-57,-606
7,-9029,1146
-132,8958,1458
-199,1859,-1833
-8,-8078,539
-1,2805,3471
-161,8783,82
-62,-1015,-932
-5,-7670,1536
-149,2234,556
-69,8948,1518
-18,-753,385
-108,42,-364
-24,-4048,722
51,608,2296
1,1862,334
-31,4732,-693
3,1043,-51
84,-3883,1840
8,-1364,1073
-74,3039,327
-90,7750,-82
-28,-1546,163
47,-6371,932
-13,-1007,2992
-78,4174,-444
-102,1060,-2220
-18,-1456,219
-13,962,1800
-1,8480,2761
20,179,281
-76,-8276,-1723
-38,-6231,-448
-114,5424,1859
-85,11499,2712
-70,1163,-992
-39,-9082,-8
-58,-5985,363
-123,13725,544
-98,-2416,98
-27,-9470,-1691
-39,6606,2838
-34,6622,1030
8,-1431,-2084
69,-5639,377
14,5907,3580
-7,10507,-2572
39,-9523,-904
55,-5459,879
32,4922,2681
-30,11590,400
34,-6309,-1980
65,-7607,1050
-1,1968,1933
-10,8865,1974
8,-6896,-3056
23,-6712,-701
1,-4559,1067
-24,11271,141
-3,-1611,-1069
40,-8736,-2007
19,-3239,2232
0,10365,569
-22,2147,-777
20,-5817,-543
71,-1611,-1292
77,6444,916
133,358,556
117,-626,210
168,-2775,72
130,1611,-62
57,-268,57
27,1700,336
111,1163,564
94,-358,-415
148,-537,-481
38,-1789,534
-4,358,69
-7,1163,529
55,3222,838
-10,-3401,57
-6,90,-282
-68,-448,-296
-57,626,266
-32,358,159
30,2596,599
27,805,238
62,-805,805
22,-2775,-11
-23,179,-726
-75,-447,-325
-5,-179,774
-23,179,568
-23,1163,283
-1,3401,-275
-6,5278,983
13,702,357
11,-9560,-722
10,-268,499
-33,9274,4185
-51,5804,-775
11,-8455,-2991
42,-5460,1134
28,7445,1186
22,5317,46
53,-11240,-1647
47,-2775,639
-18,9881,2530
-69,2718,-2252
-31,-12688,-1293
-22,4743,2974
-45,5710,-988
8,-10990,-664
4,1879,1722
-63,12525,212
-14,-9213,-1275
-28,5538,2711
-35,-2034,-3352
61,-3325,1942
23,2919,-3137
37,-6768,1615
-60,3759,-1930
-43,806,-172
-40,-5012,-1640
-3,805,-342
24,-1879,-191
-45,4833,790
-9,-3670,-2130
-18,-1163,-1524
66,-1342,613
51,-179,208
-5,4295,120
-85,4028,1544
-180,21268,17163
-1602,50308,46746
-955,369,11148
339,0,862
978,0,475
1206,0,391
367,0,394
154,0,275
24,0,56
-125,0,-104
-255,0,-176
-222,-565,-224
-70,-19728,-14919
127,-22065,-21838
178,-15519,-15670
157,-7786,-7472
62,-425,-4825
87,3908,1440
-2,-1854,577
-112,-3910,-3552
-45,-2440,-3110
33,-3351,-3065
26,-358,-1323
-1,89,21
-26,-2058,-681
11,-1343,-1758
18,-89,-764
-8,179,-104
-12,-90,9
5,-268,-335
14,0,-36
-11,0,-18
-6,0,-16
15,0,185
-8,0,4
-8,0,-52
6,0,-35
4,0,-27
-6,0,-23
0,0,