R
StartTickMs,measCycleMs,Px,Ix,Dx,Py,Iy,Dy,Pz,Iz,FFrx,FFry,FFdrx,FFdry,satI,satPID,KFQAng,KFQbias,KFRmeas,CPx,CIx,CPy,CIy,CsatI,CsatPID,CFFdrx,CFFdry,IRelaxX,IRelaxY,DmaxR,DmaxE,DMx,DMy
286569,10,58,70,47,58,70,47,250,0,0,0,100,100,500000,15000000,500,1,2000000000,1,0,1,0,100000,10000000,0,0,4096,4096,0,0,0,0
GPT1X,aPT1R,aKFPT11R
-8,0,1516
0,0,-474
4,0,470
-5,0,-527
3,0,492
4,0,-524
-5,0,448
-3,0,-343
-1,0,300
0,0,-13
1,0,-31
2,0,74
-3,0,-152
1,0,253
3,0,-297
-2,0,361
-1,0,-404
2,0,395
-1,0,-438
2,0,440
1,0,-480
0,0,465
1,0,-524
-1,0,496
-5,0,-531
4,0,455
0,0,-488
-1,0,449
3,0,-214
-1,0,166
-1,0,-17
0,0,-34
3,0,160
-2,0,-231
-4,0,310
3,0,-356
4,0,401
4,0,-442
-6,0,418
-2,0,-462
8,0,457
-9,0,-496
4,0,469
-2,0,-527
2,0,480
-3,0,-516
1,0,452
-5,0,-345
6,0,302
-2,0,-17
3,0,-31
-5,0,74
7,0,-125
-6,0,230
3,0,-302
-1,0,360
3,0,-404
-9,0,429
11,0,-473
-1,0,441
-6,0,-505
2,0,483
-1,0,-521
3,0,491
-4,0,-527
2,0,462
4,0,-494
-3,0,439
22,0,-203
-41,0,130
31,179,139
-13,-179,-145
22,268,217
-10,-268,-263
-5,0,204
-2,-89,-148
13,-269,103
-22,358,-300
11,0,475
16,0,-498
16,0,486
8,179,-450
-22,-179,415
-39,-626,-859
-13,537,646
9,89,-407
14,89,467
29,537,-163
-19,-537,164
14,0,-47
-20,0,-28
10,448,168
24,984,307
16,-1342,-143
4,-179,-473
-13,0,437
-1,-179,-533
31,179,545
-2,-89,-545
-7,89,499
34,0,-517
-12,0,649
7,0,-1206
36,1074,1414
18,-3669,-2871
43,5369,4725
25,-6175,-6230
-39,2954,5755
69,1968,-2447
-11,-1521,723
96,0,-315
14,-7734,226
83,9345,572
-14,-2685,-839
-79,1432,961
-125,-537,-1790
-110,-1253,1683
-19,3132,-1286
-78,-4385,-92
-32,4027,1374
-78,-1342,-1903
-121,-8030,-1393
-16,11968,3393
-61,-3222,-2243
-57,-6175,-701
24,4475,2365
40,2058,-156
4,-1879,-738
-71,-6176,-245
33,6892,934
48,536,-289
9,-3937,-490
-19,-358,-81
-68,4295,770
-98,-894,-2396
-104,-7160,-490
-59,6712,1858
20,1700,376
-35,-716,-1685
18,-1700,-11
57,-2685,-118
27,4207,1836
10,2505,-277
-34,-3042,-1218
33,-2954,1400
58,3491,811
59,8008,-1228
-71,-6129,-447
-49,-4922,1245
-39,2685,747
7,536,-1080
-32,0,-617
-24,-89,363
-45,0,416
-1,89,769
25,-268,-393
96,179,340
67,447,-586
39,1253,819
-41,-1521,-622
-43,-268,785
55,89,-749
70,805,379
-35,627,210
-35,-1343,71
43,716,-203
67,895,637
-41,-805,102
-51,-895,-268
55,89,639
69,2685,-458
-17,179,766
-30,-1969,-555
60,-626,300
102,3222,34
26,1253,895
-41,-4028,-1163
34,-716,1073
-5,1611,-318
-49,-358,715
-32,0,-307
34,0,-144
17,627,402
-48,447,1328
42,-984,-267
81,1611,-704
46,1163,611
-48,-1432,901
53,3849,257
90,1370,-336
-9,-1191,508
9,-1701,-158
89,3003,-327
57,-296,-311
-25,-2617,973
-4,-2596,-833
66,3312,946
-35,2086,305
-85,-3518,1295
-4,-1432,-701
75,5135,689
-27,739,-758
-30,-5069,16
21,-447,743
56,5110,-359
-21,-74,572
-58,-3783,-17
-8,1432,-74
36,1796,-366
-35,1220,436
-46,-5522,692
21,4413,1352
45,1331,-893
35,2345,97
-57,-1384,-152
-44,-1257,951
-10,-5896,-1910
77,1164,1953
85,8476,1509
5,4046,262
-83,-3961,-1588
-60,-8293,377
25,0,1661
48,8095,1229
-3,8757,668
-50,-11242,-3977
-45,-5610,2942
22,12568,4299
14,21,-3060
-49,-15990,-4364
21,4833,6387
72,14730,-197
-45,706,-3068
-38,-13217,-253
5,7662,3778
-14,8234,-1863
-64,-13064,-1273
-7,-2425,3561
19,14207,-29
-29,-12729,-2480
7,0,-628
65,8598,1577
0,-6746,-2360
-12,-8193,-653
70,12139,4285
31,9888,-294
-32,-15353,-3305
-21,1972,4459
66,13548,1067
-51,-8518,-4326
-53,-6558,2130
55,10779,3030
-24,-4126,-3282
-49,-6285,1584
72,14066,533
-32,-13868,-2772
-18,0,2977
50,8850,-604
-28,-11413,-918
10,3638,1447
15,5615,-1151
-60,-16343,-2428
39,21129,4979
-4,-8349,-4227
-46,-3580,3237
62,12781,87
-28,-12300,-1913
16,5814,3494
18,3040,-2088
-54,-8514,-719
68,14360,3176
1,-5381,-3921
-47,-15420,1260
79,22417,1529
-4,-7414,-766
-26,-10864,1197
53,14418,1728
19,-8154,-2556
-34,-5746,180
85,12185,2063
49,1247,-3187
-32,-12497,-429
-3,10390,2652
4,4318,-306
-80,-10148,-2112
1,-3853,1845
47,10664,267
51,-773,-2067
-22,-10655,-858
12,8232,3390
-55,6726,-627
-52,-9735,-2250
5,-6064,1799
74,8295,638
20,6670,-520
-45,-6821,-1523
-54,-7812,822
-3,5335,2068
57,8719,158
-5,-6261,-3806
1,-2521,2178
11,7904,1667
-66,-923,-1753
-24,-9452,-3305
21,-792,3099
76,10586,918
-25,2145,-1058
-69,-10304,-1421
-5,-214,2192
52,6012,-351
38,4197,-748
-3,-5206,1072
-31,-5194,143
-25,4537,548
17,2812,-850
11,-4895,-1307
40,-794,642
-51,7953,2534
-21,-765,-1848
-8,-7502,-2286
34,-4358,182
42,9568,2707
-35,2221,-1357
-50,-9252,-1742
31,-1802,-27
65,5304,2698
5,7934,-1141
-85,-3477,219
-25,-9365,291
44,2785,-99
37,8199,805
-95,-1348,-1056
-51,-9523,-1265
36,-1697,281
64,10598,2533
-29,3684,-968
-70,-7168,-1682
8,-6661,-994
86,4672,2013
31,8336,1504
-65,-1007,-1569
-41,-9060,-1642
46,-2659,704
25,8477,1501
-39,4356,409
-71,-6755,-883
21,-5710,-905
78,5955,1173
27,6443,-187
-76,-5859,-892
-43,-7642,-882
75,7416,3715
47,5322,-905
-29,-2653,-994
-53,-8416,-706
-2,1297,2194
60,10522,-19
-7,-1161,-1932
-30,-8885,364
-45,3691,2429
0,3681,-1281
33,-5250,-1970
19,-2051,1958
-9,4835,1013
-23,6104,30
-13,-8035,-2858
42,-5795,-460
55,6379,2459
16,7093,1015
-63,-1796,-1256
-18,-11704,-565
47,2182,739
69,12061,1280
-25,-359,-1778
-74,-9437,-524
21,-720,1949
98,5315,-546
87,-2201,-1943
40,-2624,-263
28,1003,1552
24,4062,1330
66,848,-668
6,-3139,-2377
57,-2670,1953
49,7568,2225
-53,1193,-1422
-9,-10187,-3736
25,-3348,2294
72,8034,1607
-35,6726,-227
-48,-6986,-2219
-3,-5258,1348
64,6209,1316
89,4716,-777
-15,-4854,-1307
-18,-6380,367
8,7191,248
51,2042,-465
4,-4014,-1388
43,-5502,721
23,8180,3466
-32,3579,-739
-26,-9306,-2516
26,-3330,-657
91,10062,2958
20,3099,-1161
-59,-8514,-905
-24,-5326,-137
69,5096,1440
51,7788,-2428
-20,-5443,-473
-51,-6932,1621
-12,5192,1004
29,3153,-1460
7,-410,-1675
-35,-5488,765
-9,1534,1276
-8,4653,59
44,-3386,-3022
-33,-4229,424
-65,-1782,665
11,3044,684
31,5325,-1261
9,-3499,-940
-18,-4050,-161
-36,1701,1590
33,2746,-1521
-28,-2152,-1472
-51,-2097,780
-47,-3798,-910
51,3600,313
59,2914,144
-60,285,263
-64,-3935,-1871
27,-2199,114
58,1627,-682
-26,2157,1329
-26,-1302,-1017
-17,-113,-1016
6,934,-1273
-46,-2305,837
-27,-3298,-400
63,1117,-223
-13,3778,-214
-81,-113,73
-65,-3977,-532
11,-2237,-1452
-9,1163,722
-41,-1879,-10
-77,3117,399
15,2145,-1801
-65,258,-314
-66,-4983,-1080
13,-3938,-92
55,1253,-1288
3,4922,1239
-75,-805,-238
-71,-3401,-1091
19,1163,-1076
-55,-1879,44
-34,-1164,258
-3,-89,-160
32,4027,-128
-53,1522,-263
-104,-5460,-886
-24,-1521,-776
58,179,345
22,716,-686
-21,2237,1193
-28,-2595,-1728
50,-90,114
-24,537,-434
-53,-805,277
-3,-1432,97
63,1253,-62
37,895,-181
-59,447,-191
-72,-1252,150
18,-1074,-854
26,626,405
7,537,-59
-38,-358,94
39,-1253,-460
65,269,342
26,1342,-319
4,89,-367
-62,-536,-174
-14,-2506,-202
60,1611,-945
18,1074,434
-30,-537,-495
-48,-4386,-227
42,-2765,-26
28,2944,-963
5,3401,1134
-2,448,-736
-49,-5460,-540
40,-1481,-1380
56,3450,760
8,2506,-65
-27,537,-706
-68,-6123,-1390
13,-2330,-21
19,2725,-1076
9,3938,1190
-52,-716,-418
-26,-5983,-218
3,-1880,277
47,2397,-1322
42,3050,-160
-21,2774,685
-39,-3222,-344
-51,-3526,-892
9,-879,280
5,396,-2126
47,1444,602
-11,-887,-664
7,850,1124
-22,1257,157
23,-3202,-814
20,-2543,-1949
53,0,152
-11,3897,-80
-19,-1269,268
-63,-2604,-155
-14,-2374,-928
65,3337,430
46,1556,-473
-21,-56,610
-65,-736,-385
-27,-1632,537
29,-927,-2172
35,-1772,-246
11,3294,-158
-10,1886,330
-31,-1471,-248
-63,-4343,-141
6,-2007,468
48,1743,-1139
22,2503,290
0,-372,-377
-11,991,303
-44,760,164
0,-2796,-164
-13,-2847,-1066
-3,763,560
27,471,-1518
-23,-377,-662
31,-4496,-1801
16,-623,926
29,2798,-332
26,3935,785
-30,669,-1230
-4,-1171,113
5,356,28
0,-4078,-1125
30,-1119,1722
40,5761,-35
-2,502,-21
-33,-1988,-1081
-19,-452,-425
12,-7081,-1222
18,4136,2769
25,4151,-380
-6,544,-284
-26,2063,-28
-3,-3493,-929
8,-3707,-669
40,2039,1426
15,1782,-611
-1,1274,720
-21,481,-786
-30,-3589,-1485
-19,-1416,1088
4,-1504,-1107
15,1008,549
-5,3557,162
-39,2404,-525
-66,-2272,-602
-35,-1881,203
-28,-1344,-996
5,-2691,861
-4,5765,524
-14,716,-763
-38,-2892,-2039
-18,1172,1216
-12,-3150,-390
10,-3242,-418
-13,3843,775
2,78,-356
-34,754,271
-31,2269,-566
-18,-3477,-818
8,151,123
15,-361,130
46,-2743,223
27,5031,857
12,-806,-943
7,-337,990
-5,1696,-1450
-25,-3323,279
21,-917,792
12,-142,-490
-15,-515,477
29,4379,822
7,812,1
-37,-1124,-765
-4,1827,-109
-11,-3492,-1189
18,-3008,1562
15,2105,-764
5,-616,133
-30,1443,-194
-22,-1230,-551
-59,-3857,-135
16,1290,-277
-11,-2130,573
0,607,-503
13,3339,228
-8,-817,-945
-53,323,426
-25,-1168,-1355
-72,-1836,805
2,-259,-828
4,-2816,319
12,2215,475
5,554,-344
-22,-283,-444
-43,2541,502
-21,-4497,-1134
-29,175,1230
14,870,351
2,-2755,-819
16,3254,188
-7,-1172,13
-5,1047,937
-5,4524,-146
-42,-3410,-313
-24,1042,144
9,-417,-604
14,-1025,398
26,3853,954
10,-962,-731
4,1586,1156
4,1625,-1338
-14,-1994,397
-1,1904,-45
1,-45,-295
-8,-2470,772
-14,1235,-654
-15,-4161,-425
-3,3074,565
-2,1840,-69
-26,-2311,-161
16,4378,1357
-9,-3798,-1112
4,3413,2178
-20,1451,3
-20,-2666,-258
-44,-723,-11
-37,1409,436
-23,-2842,11
-13,-824,-5
13,966,-14
10,-549,-1217
19,-846,792
-10,3303,56
-5,2201,440
-51,-2216,68
-43,3046,1438
-54,1091,-551
-56,-2560,289
-29,-1201,-128
-7,1737,327
6,-2700,-559
-4,-1949,123
5,1889,62
-8,-1189,-485
19,-1478,415
10,1034,234
25,359,-80
9,-1803,-739
-35,502,1192
22,982,-813
30,81,862
-40,167,-513
22,1420,1366
-12,1796,-256
13,16,444
30,1443,1075
7,1944,119
4,150,533
-10,-471,226
18,2901,1019
10,332,482
-13,-1020,91
31,1306,574
-15,903,177
-15,-1569,-357
30,-1706,500
0,3639,752
50,-649,-74
4,-2593,-300
23,1190,718
38,-190,-529
36,-1084,-380
47,-2478,224
45,1094,60
76,1405,-60
68,-2602,-887
11,1046,1204
51,3166,221
53,1666,755
19,-834,-15
2,919,1191
17,-85,-112
-18,-1975,-206
17,-1259,1840
45,1021,-905
37,-226,-88
29,1486,-509
39,3047,1106
-23,2986,386
7,-74,1168
2,-1553,-83
94,2207,317
13,-3131,-309
3,-3078,1493
132,1257,-1448
20,1673,788
61,4622,513
-16,3311,1861
-27,-4296,-607
28,-1788,659
-37,-1073,-292
34,-1318,-620
47,-849,689
-10,1075,-142
95,5117,1112
9,3938,480
-47,-2775,-34
13,1522,491
-35,1611,1685
-37,716,634
22,179,406
-45,-1432,-435
-35,-2954,794
42,2148,730
-58,1969,246
28,-2148,-177
43,627,128
-36,-1880,536
36,-895,-1054
44,2596,1603
-42,537,163
-53,-90,451
39,1432,-191
5,716,819
-80,0,-592
-24,-179,523
40,-537,-335
25,537,292
5,1969,168
-69,2506,896
-55,-2954,-430
-64,-3311,-513
-7,2058,2025
-26,2238,-105
2,-1611,-1258
-1,-1879,450
87,1163,1142
54,4117,-517
10,4394,1473
-75,-777,287
-69,-4781,-493
7,-2058,433
84,626,-248
68,3849,678
-7,1611,468
-52,-2506,599
-46,-895,-930
35,3311,462
-20,2174,442
-53,-2263,1192
-36,-4386,-429
61,1164,627
50,5374,1353
-48,3168,1252
-84,85,-661
-25,-3955,-278
35,-2077,812
43,2336,304
-20,1220,1149
-46,-37,643
-6,3361,413
32,-283,-1814
3,-707,1189
-15,-2482,1308
-29,1577,1156
10,3719,-363
10,-1993,-1204
39,-312,-727
18,-1442,1809
6,4536,1324
5,1598,965
32,56,-980
76,-1486,-597
59,-4280,913
34,3680,1680
-36,5923,1217
-53,-2725,-1836
7,-6029,-793
44,-566,-427
43,6671,4034
-18,6411,1485
-58,-5075,-2149
-13,-8969,-2171
53,905,1489
48,9217,1336
-21,4736,921
-83,-7112,-545
-19,-8744,-1216
55,3289,1449
80,10759,358
-29,778,-1161
-84,-7699,-555
3,-1379,2928
20,5532,-221
58,-1590,-2243
-13,-3859,-896
-30,2856,3612
-31,8388,236
-20,-6324,-1308
4,-7273,662
25,2855,672
24,9548,1280
-44,2960,-1395
-56,-10267,-511
8,-4477,425
75,8868,2689
25,3754,-2280
-21,-7565,192
-25,1966,1976
-1,6311,1748
26,-3062,-3116
7,-7451,-924
59,2997,3486
-3,8559,1057
-38,1520,-583
-43,-7450,-2388
41,-4498,1571
46,9862,2216
-31,3632,-1848
-71,-9827,-1284
4,-3045,1987
77,9299,188
-14,-176,-1107
-52,-6543,-287
-30,6220,3168
45,3547,-1802
33,-3903,-1961
0,-6073,2490
-24,1625,762
-44,8256,484
-25,-6632,-2900
42,-2880,1110
40,10542,2275
-25,1241,-1857
-88,-13121,-1815
0,1002,3043
82,9858,270
30,-2225,-1658
-19,-4898,-273
-44,791,2526
26,5385,-1030
19,535,-1108
31,-8546,1512
-29,8054,2374
-10,4248,100
-38,-10127,-4003
39,-2626,1872
47,11621,2048
-49,-129,-1634
-71,-10183,-2073
-13,4772,3272
77,6129,-406
-24,-2201,-1511
-76,-7397,2297
19,1124,620
35,8455,-1054
45,-3238,-1680
-19,-4708,1386
0,8081,3161
14,10,-1610
18,-10716,-3148
23,4991,4242
3,9859,1846
-84,-6648,-3011
-5,-7976,-2391
47,6018,3083
9,8150,-1148
-79,-4909,276
-6,-7988,566
90,6851,1362
23,7783,190
-75,-9683,-2639
-36,-5541,1747
64,8548,1145
32,3827,-2268
-83,-8173,-1554
-26,1416,3448
46,5573,487
4,-787,-1485
-36,-5622,-241
-59,170,1402
21,5873,-1260
36,-5941,-2401
11,-2053,1872
0,9073,2230
-20,-521,-971
32,-7640,-3208
26,858,3755
13,9641,1089
-54,-3490,-2262
-20,-11617,-2497
87,7705,3369
78,8311,-841
-22,-5381,-180
9,-5011,2072
59,5317,824
102,2986,-968
26,-9473,-2067
2,3748,3186
42,10388,1635
-44,-9187,-2893
28,-6474,-940
89,11202,2964
25,-439,-2258
-27,-8401,678
-5,1989,2685
77,6465,-1342
45,-7486,-1895
68,2067,1203
45,9172,556
-29,-6757,-2432
-12,-8882,356
93,9072,1465
78,1307,-1358
-9,-6047,-1730
-2,4512,3394
33,2641,-736
77,-3961,-1999
43,-3849,-596
1,2843,2453
28,3898,-1719
36,-5803,-1555
73,-1499,1963
-21,3865,1565
-6,3236,-443
59,-6506,-3587
57,-937,2383
31,7617,1657
-22,-1251,-1673
27,-9976,-3269
77,3681,3138
-14,6877,711
-31,-2275,-1551
9,-7445,250
2,5571,1309
-14,4918,-1403
-41,-6780,-1904
36,-2293,1543
38,8098,1863
-39,-2484,-2034
-12,-8407,-2823
56,4891,3650
-53,6737,-655
-30,-7420,-1853
26,-3518,-1468
5,4679,3100
-38,4147,-2170
12,-2610,-679
-37,-5920,1108
-25,3505,758
31,3496,-1154
-35,-4233,-2330
-61,-5281,1195
18,5947,657
50,3162,-668
-70,-4466,-1850
16,-5661,491
62,3881,-133
-52,2754,973
15,0,-2465
-24,-1835,53
-67,-5330,213
49,1123,-302
15,2804,475
-77,-108,-1504
-2,-1339,-620
-36,-1710,-826
-18,-2292,457
47,1843,-809
-63,1783,544
-39,-2264,-1817
-13,-204,194
-92,-2481,-637
12,38,-676
-64,-1262,26
-40,105,-633
-36,1251,33
-129,-833,-1086
-34,-314,-193
-110,-941,-1107
-50,-2073,75
22,286,-1517
-61,-628,365
13,271,-1216
20,594,203
-53,-1657,-667
33,226,-702
-44,-565,-36
-81,-1911,-1372
-10,481,107
-127,-1257,-1000
-68,-1442,95
1,961,-1134
-78,481,348
-8,-1294,-1048
16,887,39
-82,-1146,-1195
-69,-3586,-946
47,626,-500
-55,-179,-445
-6,-2148,-654
50,537,-813
44,2417,468
-52,-448,-305
22,-2864,-1093
53,2059,-1175
-25,-1164,68
-54,-2595,-1512
23,-269,311
27,537,-752
-25,-805,314
17,0,67
85,179,-341
18,-90,124
-36,-89,-142
71,0,110
60,0,-574
-39,0,404
-14,-447,-697
54,-537,66
-27,537,-547
-77,-2596,-213
33,-268,-1519
33,1790,801
-61,-2148,153
-38,-3491,-1302
47,1701,-326
-13,1611,431
-47,-2775,-853
23,90,-1196
36,3311,-80
-3,-805,-736
-44,-3781,-1228
45,-518,-1415
15,808,301
-61,-1547,-642
39,554,-114
42,3320,-1573
-56,-2327,642
-10,-1547,-499
41,-37,-555
0,-1294,322
-52,480,-258
17,-1357,-468
21,1616,-570
-17,-443,-421
-22,-3804,-1190
42,-595,277
-19,-808,153
-46,-1783,-506
14,355,-68
51,1171,-881
-28,-1442,118
-12,-1673,-927
110,2822,79
16,1263,240
-15,618,72
39,-570,-1245
17,-1164,700
-59,1782,-70
-31,-1531,-129
48,1317,-739
-21,380,634
-84,-3843,-881
21,-905,76
23,-869,-479
-33,-2085,-545
2,674,745
86,772,-1867
21,2093,774
-49,-2093,-1105
10,-1462,68
56,2970,-413
-23,811,764
-30,-245,-551
28,584,-529
20,1294,511
-91,-2576,-445
-22,-1031,116
4,190,-611
24,2518,286
-56,-1074,13
-32,-1253,-423
39,-2252,-1000
22,-187,305
-14,2335,254
-62,-3012,-420
27,-2378,-412
29,902,-958
-9,298,1
-78,-2890,-1255
-47,-1888,-182
40,2988,-778
-45,872,603
-98,-713,-570
-21,-2252,-111
-34,527,-1212
-79,720,837
-91,-1895,-1076
-47,188,33
-20,2833,-277
-128,-54,-505
-167,-2696,27
-59,561,-1483
-82,-290,102
-113,-271,-527
-88,-1022,-284
-30,1081,-1132
-79,1127,488
-139,-2819,-1149
-62,-2012,-610
-7,2499,-208
-40,1829,779
-130,-36,-634
-88,-2167,-268
-38,668,-241
-115,-1752,-109
-136,-391,364
-35,-1151,-409
-33,887,-265
-103,1571,396
-106,-2891,-735
-73,-944,91
-29,785,124
-102,337,763
-98,973,165
-33,-2394,-675
17,796,-259
-54,1177,124
-80,-760,499
-61,-526,554
-30,1624,-361
23,4354,221
-40,-466,-125
-88,1683,1623
-101,26,1035
-13,-728,282
-11,-576,-472
41,-617,46
25,-471,19
20,318,907
32,757,2
47,1330,242
57,-1170,-310
34,1144,1163
26,691,892
27,929,637
34,-579,-256
10,40,330
4,794,750
-10,1505,226
-43,121,215
-4,-1045,40
18,503,352
40,1446,738
59,1401,1098
61,-534,-324
126,-963,157
166,1238,807
293,4349,1269
303,4378,1565
319,-4253,660
399,-1815,1027
480,3591,682
366,2759,1192
203,1671,2288
124,-3736,-136
124,-3908,414
164,414,-7
105,3692,1125
60,1471,-181
-29,1069,1392
1,-1832,-645
60,3015,1512
-20,2738,1612
-34,-2368,263
63,1563,1810
47,5996,1697
-13,-89,1514
58,179,18
9,1342,1194
-42,-89,387
42,89,735
-14,0,-112
-42,0,792
27,89,17
-36,90,149
-19,-90,314
31,1253,103
-51,-268,714
22,-269,-254
-10,2506,1544
-75,-1969,-179
51,1253,1863
-31,1253,477
-23,-626,1202
59,3490,454
-57,-1163,1398
43,1521,895
-8,179,173
-4,269,625
56,1547,608
-31,-628,903
37,1700,-105
-46,333,1164
18,1058,-315
-24,990,1167
-27,-29,-252
9,1011,1038
-55,285,349
28,1821,598
-27,648,347
27,-84,472
37,2132,1023
-39,-1421,-195
67,1996,1204
-37,-235,-169
42,616,886
7,657,-179
1,-726,637
6,415,-370
-15,-813,416
35,1193,405
-22,-847,211
67,1204,883
-1,337,-219
33,-971,475
32,2009,524
40,-30,851
51,361,-240
-15,-226,1114
52,843,-202
-29,-723,895
61,888,301
-28,-1237,166
45,1470,579
-27,-413,-312
11,1093,857
4,241,-18
12,507,758
11,1001,-288
-7,51,560
-2,1621,15
19,-838,436
28,1009,94
24,-1227,-98
54,-231,100
33,487,276
88,284,372
39,-720,-365
121,1530,1167
59,-478,-510
130,726,862
44,-297,-523
133,-74,581
26,13,-444
132,-221,709
90,-1417,318
150,1233,-167
90,-1310,350
110,1089,-331
25,12,554
77,-12,-723
18,1208,1268
23,282,-1144
-18,12,1333
26,-118,-1385
0,177,1313
45,234,-800
1,454,774
18,442,-1
6,0,150
29,-318,250
47,12,-653
23,22,417
7,-362,-1275
67,147,715
21,-204,-755
27,-1350,721
-14,-25,-1340
4,-503,806
2,1157,-374
21,-678,-159
-9,-699,66
14,-13,-577
4,626,642
-9,0,-1259
-34,-699,704
-63,-1456,-1820
-19,460,734
-39,-473,-1648
-16,268,1107
-30,-1780,-1272
-16,524,-47
-53,-1630,-838
-78,451,-1105
-257,-2083,-140
-227,-16,-1502
-288,-581,-140
-279,276,-1621
-241,-2333,-252
-204,-717,-1215
-156,-303,-61
-128,1321,-916
-154,-1206,-469
-65,-1014,-854
-130,-3234,-1258
5,198,125
-75,113,-1172
-55,214,99
-44,-190,-756
-52,-1835,-395
-20,594,-972
-95,-792,-216
-14,481,-1144
-102,-905,-184
-9,226,-1385
-17,-56,-264
-49,-1908,-478
14,-185,-981
-63,-2421,-228
25,-2774,-2685
-27,895,-268
-55,-1701,-1866
40,537,223
-30,-268,-1085
16,-1432,-263
-3,89,-630
-23,-1611,-328
45,179,82
-40,-89,-431
22,-358,56
63,89,-490
-34,0,432
40,-89,-780
-18,0,56
-29,-89,-293
51,89,-170
-38,-626,-817
-40,-537,148
8,179,-805
-43,-1880,-368
5,358,-524
-48,-1432,-1095
-13,-1342,-469
-31,1253,-586
-66,-3781,-1221
12,1633,-860
-84,-3371,-389
5,-776,-1305
-22,0,-36
-44,-2111,-324
43,-113,-1339
-17,283,-127
10,1103,-1050
-29,28,126
-37,1475,-712
2,370,112
-136,-1901,-92
-13,-2455,-750
-77,-2360,-1293
-24,-272,-494
-54,523,-424
-83,-878,-1067
-23,3035,526
-151,-571,-418
-55,309,-123
-129,-2313,-449
-47,-2585,-612
-80,-572,-796
-59,-2449,-1162
3,392,-911
-85,1158,-3
-78,1452,-786
-127,-588,-67
-72,-1380,-776
-47,-3640,-400
-36,-2069,-692
95,1759,-1084
-8,553,-123
-8,2198,182
-25,150,454
-28,-978,29
63,-3107,-944
39,-870,-524
38,845,-541
71,4806,596
-94,-877,702
11,-4006,-323
72,-129,-641
-31,-835,-46
77,2803,-618
-18,1596,761
-29,0,838
2,-3525,-203
-9,-800,297
77,380,-837
57,4832,920
-59,112,234
-38,-1518,59
9,-3006,-396
0,-763,-514
99,4619,-117
-12,2194,898
-126,-1863,846
-35,-1110,-120
-17,-3077,-617
63,1985,-725
24,2187,507
-96,320,758
11,-3103,-397
40,-979,-310
16,-243,-131
71,4678,1022
-38,593,463
-97,-4627,-51
81,228,-193
25,2621,24
25,4275,1136
-44,924,281
-66,-4367,913
64,-1208,-591
12,1497,148
-43,2340,341
-23,1153,756
-99,585,534
-18,-2274,14
44,-1660,118
23,2352,-199
110,4578,1254
-44,-880,163
-77,-3854,757
74,-916,-30
19,640,-459
114,4700,859
-33,1722,1448
-3,-1888,274
81,-2359,-248
45,-369,424
103,4083,289
41,1580,676
32,707,32
52,-1160,1689
26,-1578,-241
159,-48,37
159,1032,596
158,4993,1409
125,1096,1930
107,-2649,218
268,-2421,252
236,2939,470
175,6337,2252
61,0,843
52,179,1847
121,-1700,387
74,89,690
167,2148,428
10,1611,257
30,179,810
-17,0,419
1,89,812
65,269,-298
35,-358,865
159,0,142
64,0,175
133,2595,1041
90,1611,217
73,2775,1601
74,1049,1009
-1,-512,1530
79,475,860
-5,776,828
87,-1699,240
75,-447,1193
84,1555,709
126,850,280
55,444,1184
101,2225,31
18,1803,1637
39,-501,-877
42,2439,1681
0,1213,386
82,521,1031
-29,-103,150
57,781,1082
-35,113,-47
11,984,1152
16,276,82
-37,-1052,307
55,1865,1025
-29,-1489,-607
60,1402,1385
-31,18,-396
24,486,1182
-4,610,-408
19,-64,973
19,822,77
-31,-662,350
12,2314,470
-20,-1667,22
41,2415,1281
11,-1074,-542
91,1545,1272
20,-1063,-715
109,1076,1010
31,-417,-731
73,256,879
41,606,-721
24,-539,770
28,1136,-24
22,-961,77
71,1898,1373
30,-1602,-1185
98,1319,1018
21,-1696,-1027
96,1555,928
1,-1272,-1017
60,939,982
12,-952,-815
30,-54,360
8,-431,-307
-12,-776,-763
-13,-142,618
-5,-863,-1457
16,481,867
8,-617,-1592
25,631,1192
-10,-156,-1475
39,368,1063
-65,-1550,-933
17,91,121
-73,-1600,-92
0,32,-895
-53,-1581,299
-16,-317,-1351
-32,-490,721
-15,-869,-2240
-32,-209,739
-52,-857,-2086
9,460,768
-65,-1150,-880
-205,669,-702
-354,-314,-422
-414,-2959,-1232
-352,704,-36
-363,880,-1765
-257,-880,-776
-255,-3228,-2051
-112,-332,435
-150,-296,-1112
-83,222,-478
-131,-518,-1056
-84,-961,-1003
-101,-1024,-569
-59,-1432,-2675
-15,-269,-602
-82,-2685,-2167
-12,-1879,-88
-57,-537,-1515
15,-537,358
-2,89,-872
-45,-357,98
1,-90,-303
-33,-89,-223
-7,-2238,-504
6,985,-636
-37,-716,-123
-16,0,-1266
-28,268,223
-69,-3401,-2011
5,1164,-711
-42,895,-1256
-49,-3401,-749
-36,1521,-560
-109,-3141,-950
-72,-776,-268
-108,702,-875
-158,-480,-810
-99,-296,-1057
-144,-1331,-291
-70,-1203,-1613
-88,396,-127
-182,-1019,-1006
-112,-1363,-964
-204,-1212,-397
-216,-2039,-1511
-176,167,-529
-229,-282,-970
-147,-1561,-1038
-173,449,-107
-154,-1054,-916
-56,639,-638
-72,-69,-92
-96,-830,-681
17,208,-470
-41,-1004,-920
-50,-1232,297
47,-2438,-1358
19,-1531,-572
-26,-1952,-341
14,-1200,-1403
94,3524,233
-39,714,133
-42,431,157
6,-108,-468
49,207,335
-15,-3219,-616
-23,-1527,154
54,-102,-869
123,5075,502
-55,878,391
-93,-623,1385
-72,-312,-125
25,-43,754
-18,-1102,-107
-50,-590,58
42,-2380,-1307
30,3902,1149
-38,3975,483
-81,-1549,651
-85,-677,879
24,-1423,-245
25,987,24
-25,-689,-381
9,749,-91
82,1023,947
0,4171,831
-45,-1520,1869
-48,-1275,-801
84,-2935,-18
170,4089,572
36,4625,1450
6,-24,812
17,404,898
-29,-1335,457
20,-3411,600
204,647,-139
230,4575,1048
245,4366,1709
337,-518,1182
467,-4895,62
598,2134,1690
477,9113,2694
358,-806,1760
316,-89,1577
190,-4495,743
213,3868,1408
142,1253,1121
134,3133,1425
47,626,377
12,268,863
7,1253,9
-22,269,884
27,2058,569
4,-2506,227
75,-358,-352
37,-626,1176
100,1253,852
61,-716,378
108,1879,1444
-1,-268,128
54,1521,1055
13,895,341
39,627,1954
43,2555,429
63,111,1154
45,1516,218
28,-481,1144
41,2136,1213
-25,-990,-115
96,3175,1461
20,-1053,-417
134,2433,1358
70,2181,557
105,-314,900
87,2232,668
72,1107,1515
39,1739,283
-12,-1739,1152
18,1664,-98
-8,-2252,323
-12,-467,579
37,761,-279
8,-916,1015
100,1426,-765
-14,-1530,1071
113,1835,-721
97,577,838
73,476,59
80,1303,181
-1,538,1138
63,482,-698
-27,-808,1321
88,1015,-867
25,-1298,756
87,1514,-747
51,-664,1062
51,381,-586
28,-111,782
31,447,-285
35,-1397,248
9,822,508
43,170,-698
-31,-170,1222
33,1329,-759
-57,-1457,654
8,-42,-1248
-16,-567,520
1,1353,-843
-1,-1070,-70
-3,-837,-304
31,752,-348
-27,-1414,380
37,917,-1313
-67,-1808,884
-11,481,-1121
-46,-770,672
-16,864,-867
-39,-1121,465
-40,-1134,-401
5,69,-264
-51,173,171
9,518,-767
-61,-1244,598
8,415,-1239
-51,-398,783
32,536,-1505
-40,-121,769
22,467,-1221
-17,-1280,253
17,-113,-826
-66,-282,-222
-25,433,111
-144,-2392,-1461
-179,-42,-16
-285,-1315,-1872
-357,452,621
-333,-951,-1907
-373,-1555,-105
-253,-340,-1602
-267,-1443,-1
-136,679,-511
-117,510,-820
-82,0,-361
-84,-566,-1031
-53,-2169,-401
42,739,-1673
-34,-1257,184
34,407,-1786
8,-887,-407
-50,-1762,-1118
4,-268,-403
-65,-1790,-1051
24,-537,-1105
26,1521,277
-60,-2685,-334
-13,-2237,-753
9,358,-796
-20,-1074,-118
73,-1253,-966
18,-1163,-112
41,1969,110
28,-90,-558
-27,-89,-379
55,0,-1530
-80,447,1059
21,0,-818
-82,-984,-399
-26,-1880,-580
-63,-2774,-351
-35,-2361,-1051
-51,-1516,-1531
-48,-480,-173
3,1700,-1321
-47,740,-269
-2,1380,-532
-131,-358,320
-37,-448,-775
-120,-2497,-368
-8,-2069,-908
-70,-367,364
42,-1978,-909
18,2402,-667
-5,2123,481
-13,-370,-218
-107,-1074,218
-1,-2207,-813
-58,-779,150
44,-998,-1837
5,1545,42
-17,459,-772
-61,2130,1083
-98,-2565,-733
-29,237,62
-86,-2500,-988
1,-2182,-1162
17,113,-258
9,2477,-904
-20,642,-93
-136,-1761,-194
-49,-1923,-400
-92,-453,-180
-45,-2468,-1178
-100,-673,-501
-15,544,-760
-13,4367,584
-73,-1129,364
-7,-1126,-741
-12,-3123,-1044
7,-1564,-933
105,3602,-268
-51,1778,854
-5,320,-437
-105,-3639,687
-5,-2368,-754
-1,563,-523
-54,1865,14
-16,2427,251
-88,156,406
-60,-3200,-246
14,-979,-520
-4,-1788,-109
-23,4560,77
-216,1130,318
-211,-709,209
-217,-3406,-165
-119,-835,-593
-44,991,-279
-134,2268,-42
-98,1121,510
-208,1158,562
-157,-1958,272
-136,-161,-786
-146,-2442,-95
-10,2843,-16
-112,3289,602
-131,-2245,-280
-11,-3348,25
9,-525,-575
125,3665,225
2,796,132
-3,-1535,423
77,-2472,122
53,-482,-748
176,2167,443
191,6108,1455
-7,-373,1814
191,-5574,-1181
278,2970,542
59,3809,1339
8,-2564,742
150,-1916,-112
209,2941,826
204,2395,1388
161,-1664,912
345,903,-116
354,5922,2210
249,-2769,1566
403,-2150,539
437,5511,1846
233,5623,3453
213,-5845,648
265,3787,208
166,4027,2513
52,-179,1091
57,-179,1224
-19,-1969,-751
108,1522,1104
-33,805,-480
31,179,999
-20,2595,106
-26,1522,1284
13,1879,701
-18,-3043,294
67,-626,753
-19,-1343,591
62,1343,1203
42,1521,-622
91,2685,1810
24,4712,1024
31,113,848
48,1075,571
-36,-2850,1085
62,1718,1301
27,-1644,167
135,1361,1148
35,-511,-592
133,1615,1386
90,1782,-224
47,1379,1429
74,1907,804
28,151,896
75,1433,1514
10,-472,548
107,3226,1631
93,519,988
144,-840,1433
138,2195,689
129,-1235,1102
163,316,471
64,522,1200
186,3037,1610
119,-1363,-501
163,3097,1863
129,-908,-680
124,2328,1724
61,392,-1034
35,-98,1852
15,536,-1479
3,498,1581
22,180,-621
-7,10,780
15,455,548
-21,-1559,-1117
51,569,966
-9,-514,-1361
-39,350,1192
20,1016,-1198
-67,-1093,1005
-1,1399,-829
-69,-1792,354
-45,-122,352
-15,11,-983
-53,-1128,694
-31,720,-1050
-28,-90,571
-68,-477,-1286
-36,431,1124
-90,-1232,-1481
-105,106,1018
-72,648,-298
-140,-707,-557
-145,-1380,218
-123,801,-1058
-175,-891,421
-139,461,-1314
-113,418,386
-121,-918,-1271
-50,193,723
-53,-26,-1137
-75,-539,-128
-7,206,-8
-62,-1271,-1411
-22,-161,329
-30,-601,-1336
-33,-779,343
-7,298,-1235
-92,-1499,212
-50,960,-1086
-54,-1850,-476
-97,273,-879
-43,-2609,-601
-109,-545,213
-49,-1804,-1650
-90,-439,73
-23,-1528,-1476
-52,-1307,-266
-2,-367,-1707
14,-170,-149
-64,1511,133
-9,-571,-946
-124,714,385
-43,1279,-1496
-152,-2735,-23
-90,-1330,-958
-79,-1657,-610
-73,-2414,-1414
-22,-537,-526
-22,-2327,-1330
-19,2148,-1377
-32,627,525
-43,1246,-1663
-129,-2052,280
-29,537,-1182
-112,-4296,-1175
24,-1969,-2015
-54,-716,199
72,1164,-1073
-15,-448,235
34,1701,170
-55,-1701,-320
42,-179,161
-41,-715,-586
83,-806,-145
0,-716,-1035
65,1164,413
-44,358,-295
-4,89,47
-43,-89,-653
-5,-1701,45
20,-2506,-704
-11,-1969,-1208
55,627,506
2,179,-2202
29,3580,826
-77,179,-709
-66,89,319
-121,-1253,-1319
-9,-5129,-377
-3,-1886,-1234
5,-406,-1147
68,998,-306
-58,665,-769
-11,2894,327
-114,-3152,-629
-32,-481,-59
-76,-3157,-615
-5,-863,-1383
9,665,335
-51,1987,-1006
-23,2551,1073
-106,-2218,-785
-73,-3389,-760
-119,-3405,-2199
-74,1563,31
-103,1770,-1147
-152,119,-382
-145,143,-60
-189,-1379,-46
-62,-2706,-802
-114,-3238,-1881
-26,-530,-733
-81,2225,-639
-119,-450,290
-160,1163,-581
-209,-713,-215
-208,-1583,-1131
-223,-2327,-450
-162,-1061,-879
-173,-1233,-634
-37,2884,-539
-103,496,-284
-56,2132,439
-69,-2643,747
-28,-3472,-1044
174,-1169,-576
100,2520,-179
7,2692,365
-16,-677,580
-28,-3648,-557
63,1539,-568
91,2335,208
-13,1359,1231
-1,-3761,-494
87,-1930,-187
72,2078,-482
74,3485,1286
8,289,895
9,-4286,-556
128,2495,48
85,5010,951
0,-4844,701
166,421,-337
275,3593,421
139,-1489,1738
268,-724,371
310,3966,916
206,-2637,1107
408,1751,-554
262,4607,1804
30,-2676,1026
129,-3544,-598
202,2122,-594
3,5371,2328
-86,-4075,-306
115,-2615,-530
92,4330,510
-11,689,-216
10,256,829
0,-779,40
-25,-2905,-14
49,230,-1190
64,1629,1010
-36,2787,908
34,1358,882
-75,-538,444
-10,-2989,-187
49,-713,487
15,309,-511
42,3705,1308
1,1631,-131
-48,481,1209
16,813,465
-60,-517,1324
48,-2889,49
75,892,493
74,813,954
89,3793,532
72,4923,1863
-42,-2417,851
51,-2774,709
56,1163,829
-20,-268,-269
110,2237,896
33,2864,155
-4,358,1046
53,0,-443
-35,179,901
19,-179,-118
51,89,780
-22,90,-19
21,-179,389
97,268,-54
19,1074,383
-1,-805,321
44,-537,-425
78,2237,1018
22,2596,254
-44,-2775,565
8,-1611,-497
45,2864,1017
10,5865,856
-52,-5417,-239
-76,-2238,1438
21,1253,989
43,2775,2222
55,6969,-1031
39,-1217,-516
19,-11212,-110
100,10566,4399
81,9346,-1373
44,-2974,-517
42,-8664,857
77,2542,3682
131,12129,2408
85,-2244,-2077
67,-7337,-403
103,-9068,-1697
157,9329,4574
119,8649,-2738
103,-6402,928
93,-6600,920
117,-1627,28
91,6408,3483
74,5963,-2680
19,-12371,-1913
41,-2722,-523
56,13535,3920
48,-3025,-2282
-40,-6753,-798
52,4755,2095
47,10530,706
-25,-8344,-3287
-25,-3928,1552
28,13206,3136
-10,-2189,-4154
-113,-14067,-450
-20,4408,4059
-57,7586,-662
-37,-5204,-2883
-144,-12837,-2551
-113,15599,4430
-191,3068,-2522
-256,-14998,-1950
-199,-2058,-171
-99,13271,715
-188,-5615,-4900
-222,-6672,3074
-102,10075,-1246
-101,-5846,-2592
-66,-8077,-977
-56,7596,3190
-76,6473,261
-165,-4539,-2342
-62,-10604,-2060
-39,179,-111
10,4385,-291
-58,2923,-217
-75,-5429,-1417
1,90,-1077
-11,716,-913
-72,-716,229
-35,-1969,-1405
0,-269,719
-55,-268,-526
-15,-447,-143
37,447,22
-26,0,-663
29,-537,-63
32,537,-262
-37,0,638
3,0,-962
30,268,301
-62,-626,52
25,179,-161
32,268,58
-57,-357,-586
-12,-1343,-355
-22,985,47
-99,358,463
-54,-2596,-1542
0,537,-23
-112,-1253,467
-78,-1611,-685
11,-268,-323
27,1969,-962
-37,1342,1559
-49,1790,-713
-46,-3848,-789
3,-3898,-2264
-11,3271,351
8,1432,-938
-58,-2327,1946
-69,5281,-370
-57,447,668
-71,-8030,-2214
-67,-7277,-1832
28,4147,3047
44,7491,-502
-40,2953,-1568
2,-9754,-3597
16,-3434,1705
69,9340,3070
72,4385,-199
-13,-4027,-731
41,-3787,-1747
59,-4016,818
45,-424,168
23,10017,718
33,-2596,-3567
-13,-11033,-275
20,4093,3432
71,11952,1918
33,-6086,-2594
17,-8555,-1713
51,5391,4267
41,9071,-1444
-14,-13535,-3552
3,-3646,2562
35,11811,1847
44,2596,-2061
43,-11712,-1716
42,-214,1795
75,5740,1745
23,6365,-1051
20,-6291,-1967
43,-3000,-214
25,-226,1353
46,-114,-601
62,1500,-685
52,805,-781
2,2218,972
-50,-850,-699
-66,-3927,89
-30,-1079,-1360
33,309,470
2,1392,-1066
42,651,1202
-64,694,913
-11,-1741,335
14,736,-49
60,1523,-759
13,2440,508
-101,-1923,-222
-44,-2663,365
4,1302,-597
6,2951,533
-46,1981,126
-77,-3571,-446
18,-961,-403
-16,-853,-868
-72,198,786
-74,-2822,-966
-10,738,452
21,2395,-220
-76,0,273
-73,-2150,-492
16,-170,-625
-5,1358,541
-82,198,177
-58,-1869,275
40,2096,-766
29,2360,116
-66,259,-325
-30,-2535,3
12,-1782,-614
27,1443,-362
-32,622,758
-77,-1952,-938
-27,-1320,-210
22,2282,-564
-64,0,635
-98,-4132,-483
-3,-313,-197
28,1426,389
-1,1427,-359
-36,-1954,293
3,-1541,-976
92,-189,795
20,2519,-337
-24,-262,618
-6,-1092,-175
20,-1334,-940
73,2108,863
1,152,-91
-26,761,1042
18,-1164,-729
100,-816,-321
81,398,-1062
41,1534,1137
19,3349,654
-23,-1442,119
13,-3462,-730
32,-84,-686
68,2424,647
6,2112,513
28,1079,59
-6,-3049,-406
23,-1751,430
39,-564,-38
65,1697,-673
2,-309,507
-2,1567,-585
-30,3444,1125
-16,-2708,-1150
-42,-2374,856
26,2062,1008
-4,2835,301
-43,-1392,-1416
-36,-1103,275
-25,-3886,-48
9,272,1363
52,3868,2544
7,3498,-672
-17,-3696,-2318
-32,-4590,-1336
16,-1939,392
18,-1473,3014
20,4750,-199
11,7355,-1560
-51,-5563,-1879
-2,-2127,490
20,-3118,-270
18,1514,2514
53,9072,525
-28,-961,-1283
-13,-3683,-94
31,-3430,-133
15,293,1171
33,5267,938
1,8424,1104
-1,89,-1244
-13,-7441,-200
37,777,-493
23,-111,1260
17,2121,548
12,4744,1743
-9,268,158
-39,-4922,-1239
-7,-2988,314
18,-1168,-351
55,85,-118
46,-1386,-917
84,2987,1523
44,5602,95
3,2238,983
-60,-4565,492
-42,-3645,-247
-16,629,1058
50,-37,-2423
9,1368,750
-1,2133,489
-55,1611,1946
-10,-2775,-1057
38,-1450,-1182
65,-222,263
26,3820,1013
-44,3043,1628
-46,-1879,-688
-20,-2864,-511
47,-2120,-744
10,4089,1249
-28,1611,1132
-54,-716,-49
-4,-5353,-484
45,887,-405
59,5092,1610
33,2596,-53
-34,-627,-182
-39,-4922,-47
7,-537,-779
59,3848,1045
-4,2148,-642
-74,-2864,894
-46,-4697,-538
37,670,428
69,4475,-556
13,1879,505
-30,-358,367
-45,-626,668
15,-2059,-723
9,1880,-406
23,1163,-62
-47,-1253,979
-43,-537,589
19,-1163,-908
41,537,53
52,716,-737
19,2148,1437
-42,447,191
-50,-716,-152
-21,-4564,-556
41,-2861,-2325
41,5009,2740
17,2506,627
-42,-90,317
-24,-179,-148
9,-1611,6
-12,1790,190
24,358,-969
-35,0,678
-7,-2506,-186
-22,90,423
24,805,-421
50,1969,337
-32,-179,-1648
-48,179,839
-34,-6802,21
-8,-537,-595
50,3938,1116
27,3043,-64
15,358,-245
-62,-179,62
-21,-89,825
-6,-1701,-284
54,-2953,-955
35,1790,441
14,3132,427
-54,1521,-1095
-53,-1521,-1098
-82,-8622,641
-7,-702,1421
15,9235,90
30,178,-487
-21,-4653,-1922
36,984,1261
10,3491,1486
-12,626,-340
-17,-179,-603
-58,-1969,680
21,-6160,-1155
44,969,-295
59,5728,1363
-13,1790,58
-17,1432,-869
-48,-2148,117
15,-3132,1385
0,1342,-366
15,1790,63
-9,-89,-1623
16,-6444,-1484
49,1163,1810
35,5638,1664
-8,4565,-225
-91,-4207,-902
-41,-3042,943
16,-4565,-911
36,2775,95
28,4206,952
16,626,-1640
8,-1431,236
-6,-1432,671
-17,447,1054
-17,4564,82
-43,-2685,-1139
0,-5996,-2486
52,-2788,963
71,8695,2112
44,4475,479
-33,-1880,-521
-53,-3758,-542
-21,-7163,814
31,8326,1287
2,89,-1085
19,-89,-1577
14,-3759,-227
55,3222,1933
5,3132,92
-33,-89,-706
-59,-2685,-104
-12,-5459,-248
20,2327,77
60,3311,793
18,1163,-838
-18,-537,-857
5,-1073,1741
-24,447,485
9,1342,518
-46,-1074,-1350
11,-6622,-1151
16,-2157,645
63,8422,1282
-3,4295,-427
-38,-2327,-403
-56,-2326,743
-34,268,251
22,447,534
13,269,-1171
22,-805,-968
18,-1969,840
35,1790,568
12,4295,599
-53,3580,603
-79,-7428,-1089
-14,-4117,-855
31,3759,1733
62,895,-1010
1,805,-61
27,-2147,-428
12,0,358
-20,805,648
-27,89,450
-3,90,-86
-25,447,-1278
38,-805,398
24,179,-239
-24,-268,582
-35,1073,171
-17,-537,47
33,-268,-193
1,-89,-510
34,89,651
-39,0,-485
-12,0,760
-42,0,-568
27,0,-235
25,89,222
37,-89,-255
-31,447,637
6,2059,366
-38,-1790,-182
-46,-805,-1293
18,-2775,255
50,1969,816
31,1163,-229
-8,3312,852
-32,-1164,-317
-55,-2327,-498
11,-2505,-1162
45,-179,936
70,2506,-353
35,3042,706
-30,985,-487
-54,-4027,63
-41,-1253,697
23,1342,962
12,1879,-700
-8,-1968,-1747
40,-985,639
47,716,49
10,2774,1327
-57,4654,-968
-82,-7070,-359
-18,-3669,532
17,2327,524
29,1879,-109
26,-358,-1712
3,-268,714
26,0,343
-6,5011,1703
-55,-358,-741
-34,-4564,-1530
15,-3490,-297
43,1432,317
49,4116,1123
-29,3222,-360
-57,-5280,-378
-39,-2595,127
40,1074,76
48,1879,-18
-28,89,-1347
-54,-447,650
-34,-447,-262
-28,447,1285
-3,0,-409
1,268,-256
17,-179,-245
27,-89,-853
10,-2058,844
11,2953,1144
7,8873,661
-29,-7799,-1624
-45,-4833,65
-7,2238,2226
61,10800,715
-9,-7758,-1827
-16,-9665,-3210
8,1342,3511
50,8413,1236
-8,-1074,-2743
-28,-9906,-1857
11,2836,3458
51,9307,-517
3,-3132,-1355
-24,-10157,-558
15,9799,2678
38,6265,308
-19,-7428,-3482
-27,-4386,1124
25,8950,3388
21,-985,-2206
-2,-7159,-330
-30,-3429,-1
33,8530,779
-22,-1074,-3433
-30,-9674,1155
31,9048,2384
17,3311,-1007
-15,-3580,-2095
-3,-3043,2042
33,5638,111
8,-268,-2003
-33,-10293,-531
46,8772,2194
30,5996,905
-25,-3043,-3347
-10,-3401,1771
9,1074,886
26,8954,194
-41,-8328,-1111
-36,-2595,251
27,4564,2321
-2,5657,-1488
-51,-9147,-850
13,-1074,620
8,7428,1060
1,-5101,-1767
-35,-8869,-2567
-7,2425,3031
27,6981,643
3,-90,-1343
-13,-9944,-2431
-12,3411,3343
22,5996,-449
-5,-1073,-1823
-37,-7743,-775
23,8011,2435
31,2864,430
-5,-2327,-2480
0,-8659,854
20,5795,1450
31,4743,132
-2,-805,-1694
-12,-2685,-1297
18,-89,2394
21,4743,375
-14,1790,-946
-38,-6354,-2525
8,89,2956
-10,1432,141
-20,3938,96
-32,-3670,12
-18,-2595,-573
19,-1342,1135
31,2148,-274
20,1521,-189
24,-1163,-1361
14,-2864,-13
59,2685,1580
15,3221,15
-28,1164,-319
-61,-3669,-1203
0,-806,1630
-14,1432,-149
-29,447,-804
-41,-4206,-1328
29,-4419,-4
40,5404,1297
50,3848,758
-14,1521,-1439
-73,-2595,-23
-21,-3490,1215
3,3311,290
21,90,-122
11,89,-84
-25,-1700,-1767
44,179,828
48,895,752
41,1342,887
-15,716,-867
-53,-1343,242
-33,-626,-262
2,-6354,-829
60,3043,746
52,3848,387
-10,3043,171
-78,-2238,-931
-84,-2595,738
20,-805,-297
27,1879,300
49,1163,-258
-35,1343,-436
-18,-1790,1152
-25,0,-310
39,-179,663
-23,179,-699
5,-537,228
-4,537,-569
29,0,203
-12,0,431
-17,-626,-215
-28,715,786
-15,0,-689
32,627,-126
23,-537,-1554
9,-268,1271
-32,-358,404
-16,268,-230
-9,0,-15
25,-716,-1566
-12,269,256
25,358,714
-25,268,666
4,-626,-764
-20,0,510
42,179,-201
6,447,-1135
-30,-179,665
-64,-4385,-334
30,3848,669
34,627,-35
63,357,224
-28,269,-985
-36,-537,1030
-48,-179,558
12,-1521,-1053
42,-1611,419
64,3043,65
38,1342,383
-33,0,-702
-70,-1074,815
-33,-1790,-16
46,358,-483
61,358,440
35,985,-393
-29,89,769
-29,1163,-543
-60,-1163,-16
4,-626,-491
9,-3491,-876
52,3312,1315
4,984,152
14,179,153
-67,-537,-382
-53,-716,457
27,269,-801
32,626,593
29,89,6
-16,-89,97
-28,-179,441
-11,179,-563
23,0,300
22,-179,-1848
-33,-447,1369
-23,715,160
-35,-89,157
34,-626,-31
33,-985,-675
75,1522,734
20,1252,-759
-31,179,392
-78,-1610,-189
-39,-3670,-99
46,1432,77
71,2506,135
29,0,381
-38,179,-581
-46,0,-74
-37,-1253,-547
28,-3401,-940
33,2954,1249
6,1521,780
-28,0,77
-25,-89,-382
-14,-985,423
42,627,-727
4,268,-694
12,90,-209
-4,89,1617
-14,0,-368
-9,179,217
-9,-1163,190
42,537,-646
19,715,263
-15,716,-537
-47,-1252,1012
-2,-895,864
-4,447,-259
49,716,-346
5,89,-858
-11,-89,555
-24,626,-311
-46,-805,513
12,-3669,-1246
47,1969,1057
83,2237,253
-2,2416,-289
-64,-2148,558
-77,-626,-617
-3,-1074,168
52,-89,-1310
46,805,1465
25,1700,213
-30,1969,517
-32,-3311,-446
-6,-447,-508
55,447,292
-20,984,-370
-61,-984,531
-43,0,-57
-11,-89,-36
32,-90,-305
-3,268,-16
-39,1074,689
-82,-447,-752
-54,-1163,166
31,-179,-886
30,626,769
-22,0,-113
-97,-805,410
28,894,-196
30,2417,-328
-63,-2506,363
-30,0,46
-7,0,-180
-6,89,-979
-52,179,869
-99,-715,-16
-22,-1611,-566
53,2058,664
-23,179,-614
-23,-2148,92
42,627,-429
78,1521,434
-16,-179,-223
-45,0,178
3,-626,-21
3,179,-845
-30,536,1013
-58,-89,-621
-30,-3043,91
35,-268,-833
68,1253,386
19,1700,858
38,358,-398
7,-447,13
51,-2864,-1080
41,2237,839
69,1074,-1045
-17,0,92
-50,-805,564
-20,-1522,-91
54,-2416,-559
61,-2596,-1354
59,5460,1786
31,1879,-1281
-33,-89,833
-39,-1432,417
-24,-179,-22
25,-6293,-824
51,74,-1348
68,6219,2455
9,1700,-335
-41,268,-189
-67,0,-443
-49,-5548,-366
-5,-895,861
51,3043,-23
33,1342,721
36,1790,-266
-18,1253,-1348
6,-3222,-1967
-29,-1342,3304
48,2864,197
-29,715,-116
-28,0,-701
-44,-268,575
-14,-5817,49
10,1521,62
51,895,447
1,2596,602
24,1163,262
12,-447,-387
-34,-5728,-1810
51,-716,1096
45,-1830,198
49,8363,2550
47,3848,-1661
-43,-9576,-1164
10,-1790,2297
37,3759,-651
-11,3848,535
6,1164,-722
-26,-2506,-1265
-24,-7590,138
41,9201,3192
5,4564,-1635
-26,-5101,-850
0,-6444,2130
15,6623,1501
0,1700,-608
-38,-1700,-2324
-25,-3938,803
-1,269,787
19,12254,2517
-8,-3931,-3139
-23,-7428,145
22,3669,1528
60,14198,4087
-3,-6619,-5782
-32,-12143,-652
-14,3401,3802
73,14505,-2863
-30,-13163,-1465
-18,-2685,3244
34,6623,1039
-3,1790,-1567
-47,-10740,-1862
-7,3580,3673
28,10200,1901
-1,-8500,-4190
-42,-5548,1629
6,4206,848
39,11811,1249
18,-2191,-2750
-16,-9620,-908
26,-447,1570
13,1789,1093
-21,7317,-2348
-37,-8570,-1699
14,-894,881
37,716,416
61,357,221
68,4475,-1275
-30,90,910
6,-895,-697
-2,-3133,-179
-43,-805,374
-5,358,441
38,179,-364
58,2416,-824
-8,179,917
-47,-1879,-1071
-37,-1342,246
7,89,903
54,1163,-851
-54,358,493
-40,-1432,-631
20,90,310
42,626,-783
-9,716,1017
-53,-447,507
33,-537,-666
54,2685,375
-17,358,-115
-49,-2685,-114
17,-806,-694
45,537,1311
-50,1611,-542
-67,-1521,259
-3,358,150
54,2058,-182
-53,-1432,673
-15,-1521,-172
66,1521,603
22,4296,-175
-3,-716,935
-14,-3490,-1637
20,-269,-63
-13,2148,1209
-76,-1969,-847
-15,-805,478
58,1432,-531
-34,537,964
-44,-2596,1087
19,1343,311
59,4385,-315
-13,2699,1079
-53,-2699,-707
-25,-4296,-1992
55,0,1189
6,3580,-207
-47,-1074,977
-8,-2327,-421
37,-1253,-897
27,3222,528
-34,3580,1152
-28,-2327,-46
-5,-2058,-1941
13,895,435
5,-985,668
-63,1343,816
-4,-2238,-6
22,-447,-809
46,2327,546
8,3401,956
-64,1985,804
-20,-2880,-1161
39,-1432,-1082
35,1790,1402
-49,-3759,-951
-11,-448,1209
91,358,-1602
52,895,1109
-39,1969,1011
1,-1253,704
29,3170,-887
18,2293,292
-85,-444,1481
-81,-3676,-1763
-11,-5907,422
42,447,953
69,14004,1456
-19,4266,-2074
-69,-16122,-1349
5,-1432,2401
19,17309,3665
-51,-5043,-3219
-30,-13071,-3379
20,1253,5088
71,12840,740
24,-2273,-3935
3,-15579,2473
51,12466,1886
71,11597,-1119
-22,-12854,-4374
-11,-6555,4211
62,20583,1929
-16,-6293,-3340
-46,-10621,1681
20,12758,3160
1,-5077,-2913
-40,-11977,-1522
28,11581,2985
56,-3770,-6049
-53,-8169,2953
49,16404,1615
7,-3956,-2314
-73,-9763,1489
-4,15199,3365
-2,-3154,-4984
-111,-14819,590
35,20852,4634
-38,-7483,-6428
-50,-14353,560
-1,14686,2846
41,713,-973
-6,-12625,-2928
-5,-1164,1729
43,10270,1933
4,6285,-1554
3,-5634,-1321
-9,-7072,1575
29,4559,937
-20,1805,528
-3,-1361,-2066
20,-7420,-1249
53,90,-1392
34,7145,3640
-26,5621,-1515
-86,-1868,1355
-51,-7855,-1250
10,-4475,-1560
74,3759,2561
23,7694,466
-77,792,264
-70,-4592,-2342
-5,-6490,-1395
57,2596,1173
26,5262,1638
-53,887,29
-66,-4091,-2593
-34,-4296,-841
-7,1611,80
-46,716,1257
-53,-2237,-588
65,1879,-471
91,3756,-115
14,111,89
-15,-3330,-213
24,-2774,-1797
74,2416,668
-57,1522,537
-91,-4654,-1133
17,-1253,16
14,1163,-548
-22,806,1162
3,-1164,-189
58,1611,-152
7,4386,-550
-25,-3580,582
21,-985,-487
42,2417,-266
-10,358,1083
-23,-1790,-1181
26,-269,-727
-16,2238,-167
-66,-3222,-127
-33,-2059,-360
68,448,-642
10,1969,561
-29,-1522,-727
12,-984,43
79,0,-303
108,805,412
19,-268,88
5,-537,177
51,0,72
67,268,-833
-39,1074,789
-84,-1163,-717
9,-179,314
26,358,166
-33,716,-287
-112,-1074,459
-43,2953,3022
-47,9338,-1763
-123,-13096,-1018
-31,626,3053
20,6444,-1407
-21,-1432,404
-34,3382,1301
-18,6141,4474
1,-1329,1951
-6,5200,3715
-5,5799,4888
33,7143,6732
80,3162,4403
261,-11442,-6648
1191,27308,15357
1771,10697,20920
-2618,-25090,-18533
-676,-2580,-7056
-300,-620,-2307
-96,-612,-307
-3,-781,-325
87,-1175,-1375
166,-4314,-2671
322,-7872,-7964
501,-9081,-7759
550,-8590,-10676
299,-179,-552
-342,805,485
-840,-805,-1006
-322,0,-172
13,3222,1496
64,3580,4147
155,-1432,-454
130,-716,-430
-6,-448,-470
-74,-1700,-1683
-63,89,42
8,179,-381
31,90,617
4,-90,-675
-13,0,494
-6,90,-4
13,0,-97
-8,-90,243
-1,90,-414
2,0,501
2,0,-612
-2,0,491
0,0,-182
-5,0,17
4,0,289
4,0,-471
-6,0,501
5,0,-636
2,0,485
-5,0,-282
0,0,127
2,0,261
-2,0,-417
0,0,4