R
StartTickMs,measCycleMs,Px,Ix,Dx,Py,Iy,Dy,Pz,Iz,FFrx,FFry,FFdrx,FFdry,satI,satPID,KFQAng,KFQbias,KFRmeas,CPx,CIx,CPy,CIy,CsatI,CsatPID,CFFdrx,CFFdry,IRelaxX,IRelaxY,DmaxR,DmaxE,DMx,DMy
190977,10,58,70,47,58,70,47,250,0,0,0,100,100,500000,15000000,500,1,5000000,1,0,1,0,100000,10000000,0,0,1024,1024,0,0,0,0
GPT1X,aPT1R,aKFPT11R
30,4922,5543
0,0,93
0,0,97
-1,0,-250
-1,0,331
0,0,-173
3,0,-214
2,0,387
-3,0,-257
-1,0,122
4,0,56
-2,0,-251
-1,0,331
-1,0,-173
3,0,-215
-5,0,385
6,0,-255
0,0,121
-2,0,57
-4,0,-249
1,0,332
2,0,-176
-2,0,-217
1,0,386
0,0,-255
-1,0,121
1,0,57
3,0,-249
0,0,331
-2,0,-173
1,0,-216
-2,0,385
-4,0,-257
1,0,83
5,0,98
-1,0,-252
-1,0,328
2,0,-171
-2,0,-218
-1,0,388
2,0,-257
-4,0,125
7,0,52
1,0,-249
-1,0,332
-5,0,-177
1,0,-216
0,0,393
-4,0,-263
4,0,174
-3,0,5
-1,0,-251
1,0,352
1,0,-197
4,0,-211
-6,0,386
0,0,-260
7,0,168
-4,0,8
-3,0,-248
4,0,351
0,0,-197
1,0,-211
5,0,388
-6,0,-263
0,0,167
-2,0,8
0,0,-247
6,0,347
-6,0,-194
2,0,-209
5,0,380
-2,0,-255
-2,0,210
0,0,-36
-1,0,-246
-2,0,365
2,0,-215
-2,0,-208
2,0,386
5,0,-260
-6,0,207
-1,537,221
10,-1700,-1292
-9,3401,1359
13,-2327,-296
-30,805,1609
30,-1432,-1845
-17,3565,1749
30,-1148,-1139
-38,-1880,295
22,1343,-317
-8,-1164,96
12,-1074,-1190
-26,-626,1030
19,89,-326
-48,-1700,539
37,2237,-1350
12,4404,1645
9,-913,-633
-13,-1432,25
-17,-1164,-311
8,358,-484
-3,-895,558
0,0,-390
17,895,564
-8,0,-1076
4,2707,-131
-5,185,1427
-21,1627,973
-19,-1738,325
28,-2154,-623
37,2709,83
5,1109,34
-63,-8293,-517
35,5549,-1299
40,6338,3972
-66,-13140,-2185
53,11839,-1992
-34,-4411,4064
37,-4833,-4684
31,6988,4980
-3,-9404,-4068
21,3580,4564
78,4419,-4149
-7,-7910,-354
-25,-179,1506
56,15147,1089
-2,-15147,-5890
-46,-1431,2804
60,5280,-717
10,-3938,-245
92,11952,2219
18,-11952,-3149
44,805,1330
23,6623,-804
-78,-7428,-244
45,11273,329
-45,-11631,-1307
51,6802,-421
-12,-7697,-158
75,7070,-384
2,-6712,636
22,7876,291
-90,-14320,-5190
-47,9218,4977
-112,-4474,-3405
-100,2506,1845
-31,357,-747
-16,-5906,-934
22,5549,1784
-3,626,-547
-96,-4564,-1184
4,2953,3897
63,1521,-1342
22,-268,-682
-27,-1253,275
12,-1253,-352
18,-1074,-165
32,2775,513
18,537,-57
33,89,60
-42,-2058,-1198
-25,-2238,-693
-11,1790,928
-17,1880,350
1,1163,585
-36,716,-430
-59,-179,-801
-36,-1790,609
-16,-7055,-1293
41,2849,736
52,4922,652
6,1253,-996
-73,-1253,476
-73,-4385,-272
27,-716,-552
116,3490,777
8,-89,-31
7,-2506,-13
109,1432,-650
10,2148,-157
-69,-716,389
4,-627,-859
-15,-179,18
-61,-984,707
24,447,-817
46,179,120
-14,90,-228
-23,-2059,-410
125,806,859
24,2148,461
-34,-1074,-105
54,805,195
-47,358,-69
-94,-1790,597
38,-358,-394
-3,1969,327
-58,90,830
17,447,-374
10,537,12
-64,269,549
-66,-1522,-726
10,0,145
6,1343,238
-76,-985,-674
15,895,-105
51,537,203
19,89,-643
-54,-178,737
38,-1522,-338
74,269,375
45,1431,158
-26,-89,-110
17,-268,483
14,268,-1343
-58,-1790,635
-113,716,439
-78,1521,-776
-54,-1073,-475
-13,-4117,-1475
31,3401,2278
25,5280,225
-46,-806,-840
-72,-5369,329
-20,-4833,-346
17,3669,359
47,3401,439
-14,-179,-1777
-37,-2685,-768
-4,537,2182
6,3759,1538
-72,2595,-1215
-73,-7696,-698
-16,-6099,38
25,9768,1119
10,0,-1414
-27,-5728,-2772
21,-2117,2701
67,8113,1305
31,3043,-462
-47,-3400,-1855
-47,-4654,639
-5,6085,2283
49,6355,903
-47,-7160,-2725
-28,-8863,-1351
33,-2107,1380
78,8106,1202
82,7876,697
-35,-4744,-2912
-3,-1431,2135
-8,179,805
74,5996,-963
-60,-806,833
-61,-6264,-1167
-60,-8616,565
40,10137,2066
43,1163,-891
33,-626,-1101
-9,-8493,-1365
25,5450,3075
37,5728,252
35,8843,764
-57,-2741,-1198
-52,-9324,5
25,0,2762
24,10396,1167
-28,-3594,-2451
-28,-10382,-337
5,2954,3444
65,7338,1253
36,-5459,-4234
-49,-8860,-899
59,7607,4880
79,12263,-901
-57,-12263,-4371
-7,-2327,2548
61,12169,3058
39,8253,-1038
-31,-10577,-345
25,-4386,833
102,14134,-828
-9,-1159,436
-49,-15660,-2024
24,5102,4034
33,13206,1205
-56,-9727,-4510
-24,-8670,1933
37,17040,3914
5,-5078,-3749
-58,-13662,-1534
34,13973,6125
73,3748,-2909
-32,-16379,-3218
1,-1163,5024
80,14544,-391
9,-12844,-5370
-57,-3222,2620
114,18813,3163
32,-6878,-5061
-31,-6386,5062
83,19890,1167
-17,-11792,-4192
-61,-9172,2815
43,21612,3760
-45,-14559,-4327
-67,-8843,779
56,18416,2386
-6,-16537,-5073
-31,-2684,2862
100,15542,-603
-19,952,-1345
-30,-11751,1301
47,18741,2859
-23,-3387,-2885
-91,-15981,892
4,15067,3667
18,-3285,-3724
-65,-14109,290
40,12298,2963
45,456,-4466
-68,-15080,1684
51,12276,2888
73,10626,-4260
-44,-21202,-894
-9,9632,4065
57,14244,1419
-42,-5339,-2900
-34,-10384,1847
24,14198,1867
-23,-5085,-1873
-71,-14492,2283
32,13373,1725
44,2614,-3363
-57,-19119,-2092
42,10990,4289
73,12908,-291
-29,-13834,-3439
-11,5267,3691
41,8241,-139
-71,-6858,-923
-45,-9196,-858
54,6339,2526
99,7949,-1010
-15,-2652,-3767
-20,-7711,3481
-23,5936,3291
2,3652,-653
-18,-8824,-3306
52,-3031,-329
78,9926,2836
-14,4428,-448
-80,-8532,-462
-5,-3781,916
97,6275,350
61,1263,-669
-36,-5136,-1756
-66,-1045,1711
38,6753,1782
42,1383,-1698
19,-4289,444
42,-418,647
2,8218,1513
-35,-4324,-2297
-44,-12558,-177
92,8789,3254
94,12107,-809
-18,-10913,-4132
-49,-4917,2676
61,12971,3366
33,-3705,-2736
52,-10256,-1033
71,5424,2437
97,12584,-1081
-20,-3650,629
-69,-13199,-1335
33,-1640,3348
121,11519,116
42,1658,-3528
1,-6280,1797
-37,1254,2328
31,6675,-793
-24,-9841,-2492
28,-3090,603
67,13226,3472
-11,3512,-1215
-62,-10551,-1425
12,-4161,1474
132,9352,820
18,4110,-472
-82,-11185,-1870
-38,-1129,807
65,7881,836
58,2972,-1515
-37,-6959,1607
-22,-778,1031
-10,4723,-289
45,540,-2749
-41,-10383,-1387
-11,5241,3706
0,8677,46
-52,-8815,-3062
31,-5962,-65
79,8196,2432
-7,5643,80
-77,-7756,-2258
-38,-7865,-1441
72,5230,3017
22,8481,434
-98,-1780,-1818
-12,-9242,-869
54,1810,234
7,4853,1073
-62,225,-907
-10,-4117,-2564
-10,-2842,1433
-50,570,-102
14,1457,-615
36,3047,-29
-77,-653,-711
-49,-2478,-1096
-1,-1420,-4
-81,238,-373
2,-476,81
19,1470,-118
-70,21,-241
-7,376,-72
-41,-916,-805
-107,-2525,84
5,0,-476
-33,170,-48
-56,-396,607
44,1729,-981
-44,665,-158
-46,-2507,-478
35,-1188,-704
-87,-616,371
-16,-1146,-479
40,1146,123
-24,-259,201
29,1186,-451
49,1273,-718
-53,-1810,490
42,452,-810
-12,1217,409
-50,-1443,-733
14,-394,-1244
-5,-1257,521
-57,-3065,-608
34,1290,568
-46,1923,155
-1,-666,-781
36,1036,95
-62,-2145,-866
29,-1259,-462
43,2997,-261
-41,-666,-617
29,-591,-535
-27,-2009,-888
-48,-1879,-375
41,2237,172
-22,-358,-946
-67,-4385,4
49,447,-461
-54,537,6
-15,-895,216
76,627,-869
-44,-1611,-4
-5,-269,506
56,627,-667
-46,-537,-299
0,-895,84
43,895,227
-11,716,389
7,-358,-638
22,1432,-709
-40,-1432,541
2,2506,430
23,2327,-367
-51,-3491,-927
2,-1790,-1128
14,1253,512
-19,1074,886
7,-1790,-1151
14,-358,-232
-30,-89,-179
3,179,182
50,1790,13
-62,-1164,-531
-16,-1611,164
23,269,-352
-12,179,289
-50,-448,-282
31,179,-437
-11,-357,488
-73,-985,-516
31,90,173
87,984,-157
-66,-268,-355
-34,-2417,124
34,1164,-456
-9,1253,363
-66,-806,271
6,-358,-1371
15,-2327,74
-57,716,541
36,-447,-766
30,1432,542
-44,-269,-74
-23,-5280,-933
56,5012,437
48,2148,19
-62,-627,-371
-15,-3132,-438
57,1253,-39
24,2685,-371
-44,0,-262
8,-4296,-461
48,-627,-1101
42,5102,247
-29,-358,-275
-89,-6534,-1255
-3,-2750,472
5,-369,-1049
44,1774,-655
-6,1077,988
-51,1879,1390
-18,90,169
22,-4340,-1119
62,1738,-1786
63,2512,586
-8,-2734,-421
-10,7478,1778
-70,-2864,-1239
-44,-8292,-1766
7,-2479,925
45,-1282,-1360
51,1544,460
72,7555,-469
12,4296,332
-1,-984,-411
-92,-6932,18
-34,-147,329
36,-2165,-1818
25,-2765,-585
-19,4151,107
-29,2036,826
-63,-444,-264
-40,-6668,52
35,2926,285
43,-1739,-2287
-1,-1960,-8
30,4236,-215
24,1669,-445
22,5027,313
-15,-2012,-1282
-45,-5023,713
-21,85,-1182
-53,-5200,-631
43,7957,2051
-11,-1795,-275
-8,-821,-1367
8,1358,37
-24,-6436,-1403
0,-1153,57
0,-2340,-418
40,2237,378
37,-312,-535
16,-2414,-972
19,2138,-192
-2,138,-733
-4,-1948,-789
12,995,2255
-11,3907,-608
-41,-871,-159
-56,-829,496
-9,-3202,-135
52,-674,252
41,331,-687
76,1634,-437
-26,1553,1077
-42,-1190,-312
-17,-804,-364
69,389,-555
0,1699,-699
14,1650,1012
-28,-1009,-611
-58,-2167,91
-42,-1556,37
-16,-1867,-1374
30,600,-109
1,301,-560
23,3318,136
-24,-294,639
-33,-1818,-63
-18,-2976,-550
61,40,184
36,2557,167
30,2214,561
-15,674,-357
-33,-2797,-341
-47,-1762,371
7,-2307,-598
46,640,344
61,2571,-899
22,2189,-310
-29,1535,695
-71,-1366,-124
-6,-3333,-424
6,-1609,-217
79,1963,-388
47,1671,59
45,2450,250
0,69,-540
-33,-882,845
-53,1886,122
-53,-2480,-444
-83,-3775,-533
-33,-835,158
13,-732,203
11,-1781,-780
20,1383,244
41,1386,669
7,1357,-564
0,-1142,-566
-39,-1139,-1038
-2,-2958,232
-10,-1636,-694
28,1251,112
30,1121,990
-6,-1121,-1235
2,3890,-26
-28,-663,-601
-22,-4314,-977
0,448,1024
17,1383,479
5,-2039,-796
10,3625,849
19,1412,-10
-15,-1041,-1365
-17,-1309,182
-23,-973,-1058
-7,-1582,1188
31,1072,363
23,929,290
22,-1695,-321
13,229,-319
9,2700,316
6,-1269,-981
11,-837,-405
-39,532,-84
-12,-4687,-869
-10,234,896
14,2203,91
18,-2360,-914
10,58,1398
23,3448,-907
-8,-913,-90
22,2463,-105
-15,-1944,-1455
-64,-2628,145
-8,1327,662
-1,740,-1384
-27,-863,925
28,2639,1029
-1,3957,173
-39,-255,-859
-21,-2431,-926
-57,-1781,1022
40,-45,433
19,2633,-112
-11,-491,749
-18,4455,1532
-13,1979,391
17,1705,1372
-25,-1416,-798
-27,-2012,222
-42,30,-639
-45,-5799,-582
-44,-393,-21
-11,-2494,-1144
10,624,1232
-2,1326,-931
-2,4298,1034
-19,2453,40
-91,-466,893
-48,-2852,-504
-1,-2673,328
19,3296,42
9,-3387,-766
39,1743,-1399
13,-1298,-495
-12,2834,94
-60,242,518
-55,-385,-281
-8,-4295,35
-44,-815,-1812
-3,-2671,501
2,1090,-969
25,410,394
52,2839,-1446
31,1104,451
29,1440,239
7,-838,392
1,1960,48
-20,-2095,-461
5,3231,767
-24,-2065,-1094
-21,-909,-105
-7,233,387
-13,-1216,-250
-12,2289,-335
4,-4151,-103
-1,3262,163
1,-1824,-329
10,-467,426
28,1079,-790
-5,-4313,-18
1,2781,441
1,-1148,-1118
-41,-2002,311
-28,2512,6
-61,-806,-120
-50,-4611,-829
-10,-804,544
-12,10056,1396
-35,462,-1124
-102,-9705,1281
30,7319,1048
30,1484,-1777
-41,-8920,900
-11,11230,2829
18,4996,-3646
-92,-17401,-35
-52,2690,3966
16,14434,2812
-52,-4679,-4290
-86,-10568,-1784
-1,5427,3188
19,10860,1321
-53,-2470,-354
-82,-12544,-485
-7,5473,2740
26,13001,-1470
-31,-4586,-815
-55,-8085,1615
8,3115,1340
5,4451,345
-48,-2354,-1569
-51,-2299,-99
-36,-2164,155
-22,1590,1423
29,5124,1759
65,4400,-90
12,-1129,-739
17,188,334
-11,-3635,-924
11,-3672,-609
35,368,1868
47,838,175
32,-101,315
88,4661,1034
54,-1521,-452
86,-766,1435
104,3324,127
89,-2161,-591
90,2414,978
128,1568,167
72,-774,324
74,3276,822
58,1584,-107
25,-2323,1357
0,-785,-757
59,-1940,-758
69,-2198,2406
74,4138,-354
80,2769,1876
79,4773,1000
38,2327,630
-27,-5410,-235
17,-870,509
87,-481,-656
118,-1272,364
19,3622,818
-14,1146,1240
50,312,-225
73,2506,261
-40,-1164,1267
-17,-1765,-461
50,4271,926
-26,1611,338
-55,-2327,86
21,-4184,466
40,5169,896
-18,2058,668
-19,-2506,837
37,537,95
12,2148,1255
-55,-2416,836
3,805,477
49,2238,1193
-65,447,308
-49,-716,413
56,895,-120
-20,0,-79
-93,-89,602
15,-90,-214
32,537,204
-22,1074,863
-39,268,-124
50,-1074,-163
8,5102,1024
-75,-1432,141
-56,-2954,57
31,-1074,185
58,1969,1712
-13,1611,158
-26,1253,2236
-14,-1432,-197
38,4250,-1260
-28,-37,626
-35,-2870,-157
-69,3092,3604
2,3933,423
-39,-849,-901
-11,-10562,2
-2,537,-363
67,12741,2544
-8,2078,-1509
-70,-7102,-656
-78,-148,3684
-10,14082,1027
-61,-9532,-3188
-105,-13282,1015
11,9768,3387
5,7894,-2260
-63,-16499,-1953
-14,7163,3666
54,8846,-602
-79,-10191,-3679
24,5452,4625
60,10941,-920
-69,-12186,-3332
-16,3049,4676
49,10643,897
-32,-9253,-3132
-23,-2293,3415
43,12272,916
16,-6193,-4047
-37,-8479,1701
41,3779,2235
49,9589,-999
-7,-9328,-1386
25,-9336,921
72,9717,787
87,2552,-120
13,-2197,-1602
53,-6830,-649
73,5476,1506
89,7811,1525
-9,-436,-120
-49,-4088,-213
-17,-6511,-739
80,1669,-29
82,5577,1543
-6,4045,349
-79,-3061,-487
-5,-5006,-360
55,1062,-300
-10,836,1726
-16,2350,252
56,671,-722
5,2636,699
-81,-3797,-428
31,-2854,196
44,2025,281
-52,3280,934
-22,-1325,-212
32,1887,-671
-95,-529,826
-64,-4616,-857
45,230,122
25,1676,1142
-12,2774,769
9,-903,-831
9,3115,316
-68,-1442,30
-32,-3186,924
84,1634,315
46,3508,460
-27,967,793
-31,-1646,-1166
16,-617,-245
-90,-1639,222
-14,-2754,-249
52,3252,1093
-17,3660,223
-62,-1812,75
73,660,-496
-10,-1578,-144
-25,-2105,1008
81,549,-71
54,4811,376
-67,1047,937
-27,-2752,-1264
17,-156,916
-98,-1349,82
25,1774,1571
52,3512,261
-17,1758,-40
-45,-2774,-946
63,-641,-630
10,-2110,823
-55,-2141,492
73,3011,-34
22,4213,440
-86,-1942,-199
-29,-3772,-1084
19,1169,1276
-13,3510,1822
10,671,-667
65,1168,-872
-43,-1792,-177
-52,-4741,645
57,1503,193
19,5428,126
-76,-783,15
-16,-3495,-2045
25,-1851,1151
-35,-2586,-117
39,4514,784
52,4081,43
-53,-652,-1216
-89,-4118,351
36,-1254,251
69,3319,488
-35,2257,785
-9,-2147,-1170
33,-1784,-211
-30,221,719
-11,116,570
65,1411,63
15,4706,-157
-92,-2108,420
-16,-3624,-1188
32,-1719,202
-15,2634,2098
-2,2464,149
60,2589,-1435
-38,-3212,204
-37,-3775,896
74,2413,828
56,6674,-184
-100,-4433,-1630
-54,-6597,-5
71,2372,1070
44,5859,1202
-46,955,-169
25,-3071,-1452
19,-590,280
-2,-1807,279
70,1585,1068
99,2843,-454
52,651,-1310
-13,-2569,1292
47,-4958,-1437
160,1999,1539
144,4349,575
36,1076,-320
44,-3321,-614
103,742,-944
-15,-1661,751
20,-3022,-148
161,1440,375
156,4020,947
58,1222,-76
41,-1211,-1427
92,-936,-78
27,-1182,-439
-5,-2761,1792
35,3090,-72
40,5129,-728
-92,-4457,-95
-24,-6309,-1870
96,4842,1999
34,5972,1387
-67,-2473,-1368
32,-7138,-530
21,981,-346
-34,2982,974
-5,2512,686
51,2508,-1332
-53,-6215,936
18,-2111,281
92,6101,309
88,4588,399
-56,-3424,-1088
-3,-7596,611
87,2491,22
62,6843,-280
-65,-2131,114
-6,-6845,-2816
75,-939,1756
12,1182,759
-3,6800,-349
44,-1023,-734
-44,-4153,-973
-38,-1140,1649
46,5064,84
5,2875,-1996
-107,-10147,-325
-27,-3772,-855
85,9460,476
-53,1168,-266
-81,-8170,-2853
40,-2843,2406
4,6851,240
1,3073,-2008
-24,-4899,-663
4,-3112,-1781
-16,545,2449
-18,1263,-616
32,2564,-2396
-18,-4035,-458
-110,-3919,-958
-62,-3477,981
16,4637,-360
-90,3598,-575
-168,-2877,-1124
-71,-4834,-2963
-141,-1096,494
-162,1619,641
-19,1615,-777
-60,2921,149
-166,-3590,-1715
-30,-3386,-259
-23,-56,-822
-94,-679,52
-35,254,-361
-12,2635,-314
-152,-190,-964
-118,-3598,-1348
-76,-4995,-1978
-91,1521,1544
-44,-626,-543
46,4174,-980
-1,2635,291
-53,-2450,-1356
-20,-5165,-709
27,1880,-860
-1,-2238,-79
-20,-3043,-582
31,-1611,-1371
61,985,-445
4,1074,365
-24,1163,463
58,-2237,-2254
27,-627,-344
-55,179,-165
-59,-1163,-470
46,0,-480
62,0,126
0,358,-337
-58,-716,417
58,269,-266
75,894,-438
-43,358,-47
-45,-1342,-190
-2,-1163,-79
57,1342,-989
-43,0,-881
-86,-3222,1005
18,-4771,-1688
63,3608,947
52,3401,-189
-45,-1164,-274
-2,-1253,-101
60,-1074,-952
65,2238,-1360
-12,1253,20
-71,-4207,-563
-23,-3246,-391
48,666,-1633
22,2401,-1151
-63,-3104,1149
-60,-517,371
-4,-2339,-360
53,-848,-1079
64,1375,-1119
13,2477,988
-47,2688,836
-16,-5128,-1897
13,-1497,-967
18,4196,-83
-68,-148,501
-95,-2329,-1134
-48,-5020,-546
33,-1024,-424
52,2850,-156
31,4821,570
-34,-74,70
17,-1331,-995
-24,-3630,515
26,-1654,-950
44,1583,-210
47,3220,-697
-7,-187,-352
-40,-2037,410
-39,-85,12
-8,-1672,-135
-10,-2139,-1105
57,-889,-868
56,37,-298
12,95,-257
56,2825,509
2,404,-594
-28,-571,-307
-56,-4391,193
-12,-173,-124
-10,-1365,-378
26,434,-1033
36,429,-837
18,3186,1304
-39,2237,1212
20,2034,29
-44,-3644,-350
-3,-3726,-1172
39,-52,41
32,3946,-587
17,459,525
-26,388,-195
-34,-617,602
-24,104,-515
23,-4418,-996
59,-1495,-108
27,832,-525
63,4705,-5
-35,-2606,-40
-41,-88,39
-58,-2011,-253
0,-2364,-519
-1,389,-1257
29,647,857
-14,766,-434
-22,2262,-330
-81,-1957,388
-57,-4688,-486
-10,-1265,513
48,1355,-882
34,721,-1160
61,2640,760
-9,3763,1023
27,-151,647
-53,-4269,-212
18,1493,247
16,-971,-278
46,466,-1110
19,1644,861
-30,1939,946
-58,1679,-329
-18,-5668,-276
4,-1879,-777
45,-740,-1483
60,1753,-1229
33,-538,-354
4,3278,1300
-63,-1287,-351
-47,-4910,-1119
-17,-3127,-1084
49,2514,-883
5,1932,195
37,1045,-260
-18,-175,-85
-37,-1575,-222
-46,-4625,-925
12,-412,637
32,1449,-1171
67,-2745,633
58,2243,-259
11,3936,481
-18,462,453
-34,-1339,61
-69,-3179,117
-24,284,-472
-12,-2377,-2056
13,-497,471
32,2600,-217
-11,2592,-202
-39,-1014,536
-49,-3661,94
-23,-1775,435
27,178,-812
-1,-969,-1270
64,1766,1308
42,2993,-379
-3,1162,337
-42,-539,347
-22,-936,-45
3,-3402,-820
14,-1751,-832
2,214,-439
45,3543,110
13,2542,-554
-29,-1515,1035
-41,1628,496
-55,-3149,-1329
-34,-1185,-221
-5,-2042,-10
5,1602,-264
20,1456,-900
-52,1637,659
-54,1999,813
-83,1453,977
-49,-4067,-1405
-77,-4223,-646
-12,1323,136
-32,4468,-411
-79,405,-581
-143,-3015,-74
-151,-1924,-125
-120,-1212,-681
-145,349,-1012
-105,-2294,-122
-161,3542,813
-131,591,419
-144,-1948,-166
-92,-1488,-303
-80,270,-520
-97,2716,-139
-155,2833,638
-138,-1058,166
-140,-2762,-316
-83,639,-484
-32,-1533,-1097
-36,2902,649
-40,4603,1770
-50,-128,-672
-19,-318,1480
-15,2150,572
10,1001,670
48,-1845,1683
8,2809,-155
-6,-1477,464
38,-3216,-718
43,-909,1136
37,722,799
24,845,-152
4,413,1416
19,4026,295
6,360,885
-29,-629,814
15,3104,778
24,2447,1293
-1,-1869,43
-2,2694,777
2,2811,1461
37,-2227,-1016
-28,1621,1506
-13,2170,-957
-38,-713,922
-77,-2927,962
61,4729,-341
35,-2653,866
79,1374,148
28,-1395,805
107,-2847,-291
169,1572,339
179,147,-462
150,3349,829
208,1047,1233
201,4009,3429
242,1071,198
248,-4910,2124
265,-227,1359
194,-1198,-427
149,1368,537
120,2713,1049
38,776,-314
47,5058,1250
-2,1163,1824
33,-537,662
9,-5610,441
55,0,-315
53,0,-332
32,2657,1447
-14,-90,462
45,-2160,-103
120,3771,315
0,3580,1519
25,269,1547
82,-179,-206
57,1073,409
-55,90,373
-12,-537,-221
-21,268,653
-59,1880,47
-67,-1790,236
27,-358,-159
111,0,206
-2,1521,1208
-32,-895,-424
76,358,1044
-6,3670,730
-74,-1701,-132
-33,-1432,1041
26,3133,-151
-55,-2954,736
35,-179,-470
77,2775,-346
-25,-2775,1054
94,1880,-426
22,-179,1612
-23,-537,-671
42,3848,539
-79,-179,654
44,1639,-322
-22,481,928
-15,-1493,-747
27,1604,-28
-46,-1425,782
6,907,-425
-42,1109,1229
24,-1146,-643
4,1960,620
-15,944,1155
52,-612,-358
-45,951,867
15,142,401
7,0,241
-12,-649,328
29,620,-22
-25,340,151
13,1160,609
-44,614,120
39,-47,651
-37,808,622
8,761,273
-3,-642,526
-30,-48,-93
43,1629,1235
-21,-987,-31
50,1572,632
-22,-313,405
53,-42,175
-13,481,975
60,914,170
-26,302,507
43,1128,463
-2,-902,-92
26,660,434
34,-95,92
-17,-113,-228
64,1695,1170
19,-1487,-398
70,1888,1192
-4,-868,-531
69,-87,-47
2,-570,576
108,-533,-432
34,343,903
64,328,-360
52,1162,-112
75,562,717
52,1123,73
50,-979,493
71,1325,267
43,523,-595
116,-643,1089
21,30,-197
130,-406,634
16,225,36
86,-1038,-772
29,873,1277
27,-256,-778
30,933,1257
30,-196,-354
-10,45,-388
-6,-934,1019
-8,423,-286
-10,-60,735
34,-166,-253
39,-245,-732
73,907,1391
60,-135,-446
106,643,830
33,397,18
117,312,-744
73,1261,1238
131,-822,-672
156,540,748
96,-1461,-317
165,57,-441
72,1148,1193
99,-1134,-1172
34,-269,704
42,609,-347
-15,-128,-1008
17,-453,865
-5,1321,-949
-16,-1321,-9
26,1035,-531
-50,-1735,-1133
47,1267,1184
-52,-2151,-1550
58,703,492
-27,-1265,-522
30,610,-1259
-49,-1545,885
21,1224,-1370
-117,-1760,134
-24,501,-708
-159,-1290,-1293
-83,841,884
-198,-2179,-1723
-189,0,268
-246,-2829,-1330
-276,-761,-1826
-240,-461,560
-346,-1782,-1730
-268,1245,103
-303,-821,-1316
-316,-2312,-1338
-217,185,-352
-225,-74,-1112
-126,1183,-815
-125,-1627,-742
-78,444,-1178
-86,-1294,-617
-28,-407,-1316
-66,-2713,-1498
-48,179,-118
-41,-1879,-1344
-20,805,-117
-39,-3401,-1195
-35,-895,-629
-49,-89,-328
-69,-179,-490
-69,-626,-176
-78,-985,-658
-78,-1521,-295
-77,-269,-1009
-70,179,-1743
-122,-1521,274
-76,-90,-1922
-99,2238,558
-43,-448,-997
-60,806,201
-74,-3401,-1383
15,-2878,-428
-33,-2889,-1464
112,1816,-1083
-18,-1166,-1018
25,2312,57
-28,-406,-411
-103,-1442,-857
-33,-1850,-133
-62,-1037,-594
-10,-3148,-1517
9,-230,-902
-43,-1454,201
96,2040,-1430
-5,-251,155
-41,1069,-301
-15,975,-48
-75,-1480,-980
-32,-2184,-102
-12,-1981,-314
-34,-121,-589
33,-1422,-762
31,273,161
-40,1114,-822
28,1553,-306
-2,1282,269
-94,1152,1085
5,-606,-660
16,-314,525
-74,-2790,120
46,-2272,33
17,2981,16
-17,1886,682
3,801,-149
23,2437,800
-86,48,-164
14,-1544,693
-58,-2854,-459
-109,-1500,-460
-98,-312,-989
-181,951,-405
-134,-104,-502
-90,3714,533
-127,230,336
-21,491,1209
-57,-2923,-1017
25,-3133,286
109,2123,634
70,4551,-94
-28,-285,576
35,-190,-35
18,-48,946
-32,-3565,-376
67,-947,-611
170,4821,697
52,1977,986
-10,311,1362
46,396,-589
50,-2160,604
88,-2025,-147
190,3619,902
36,2489,1009
55,1701,-6
9,-148,1161
-58,-3023,1008
36,1249,78
-4,-1928,970
85,679,1100
152,2580,-143
190,5853,1772
227,1432,1360
203,-1074,1915
183,-2148,-42
343,-1880,9
220,6265,2108
140,358,1056
161,0,464
61,-1611,233
177,537,388
157,895,14
138,179,898
152,2237,70
20,895,609
22,1074,1005
5,-805,1070
-25,-358,-119
-11,-1074,357
-44,-985,718
46,1253,146
-9,448,-422
63,5123,1974
39,111,-327
75,2034,1002
8,-1073,1005
43,1516,241
15,-1072,595
-11,148,584
6,222,-75
11,-1590,556
11,1590,387
0,-666,451
31,-111,-36
-31,592,633
35,185,256
-20,-148,58
51,1109,1027
-56,148,153
79,838,426
-21,-1097,192
76,1125,-36
43,255,1085
28,537,-225
105,594,1263
14,-509,-21
142,1763,112
57,-286,1117
72,309,-298
64,1065,968
-14,83,-330
45,690,-149
-20,-887,857
30,2058,-188
6,-1610,856
95,1629,74
91,-113,-384
141,113,1412
147,961,184
96,1283,1249
134,1619,-147
40,-353,-3
88,578,1337
-1,539,-311
76,707,789
9,-316,-14
50,195,-908
-11,503,1729
34,794,-537
-20,-241,1308
35,646,-443
-22,-873,-352
57,1088,1105
-13,-563,-568
76,401,973
-13,-53,-227
89,1460,-254
-9,-1339,1021
70,821,-834
-1,-915,1023
40,902,-530
-11,-1207,-755
48,1059,1086
-51,-1144,-1035
45,713,767
-38,-297,-286
50,1509,-575
-26,-1925,919
45,834,-1102
-17,-1273,623
56,936,-723
-39,-1685,-994
60,806,800
-40,-1227,-1139
53,1539,858
-56,-2156,-1024
46,842,-1248
-56,-1690,1016
15,321,-1456
-70,-690,886
0,-1073,-1662
-120,-380,-1000
-135,-1298,243
-273,-75,-1208
-270,301,382
-325,-1418,-1535
-329,-711,-1175
-295,-1911,-328
-309,-877,-1384
-217,-170,-36
-269,-1414,-859
-185,-198,-907
-195,-1662,-519
-97,628,-776
-145,-1220,-110
-29,111,-1134
-85,-1257,-544
31,-1580,-1076
-40,-3938,-1596
61,1163,-265
-1,-2237,-2044
48,1074,147
45,1074,-1299
15,-1253,-1266
39,2148,265
-31,-269,-594
23,-984,-758
-63,-2148,-77
18,-269,-202
-42,-537,-255
-25,-447,-504
-72,-268,-219
-21,-2059,-689
33,179,-791
-26,358,270
3,1880,-432
-65,0,-250
-10,-90,-550
-105,-1700,-174
-50,-985,-490
-97,0,-654
-148,-4839,-2285
-136,543,235
-117,-2207,-1827
-115,-1784,-946
-150,312,-760
-152,-312,-1053
-243,-2313,-805
-198,1323,-844
-282,-2654,-1178
-182,1165,-594
-256,-2048,-1038
-115,1192,-804
-155,-2070,-1141
-81,-738,-1423
-28,383,-866
-94,711,-452
-38,-105,-833
-103,-1102,-16
-17,-415,-1119
-11,-56,-203
-78,-3118,-1314
-37,-3881,-888
-2,-871,-342
-91,993,-1029
15,837,344
-102,2761,-348
-91,-380,141
-39,252,346
-117,-1896,-691
-6,-3704,-598
72,-307,-1068
28,2544,413
44,3036,271
12,808,480
-59,-1620,1715
-56,-1847,-620
104,-2406,-425
79,4057,730
-45,3351,578
2,-311,1570
-32,-2619,-461
-12,-541,186
97,1203,-139
111,2303,-132
-9,2428,2219
-62,-3821,-584
73,-1151,159
18,136,218
25,1304,-341
31,3573,1432
19,1317,-7
-58,-3907,993
51,-277,480
191,2909,-375
115,5035,2014
127,-1514,446
209,-1593,1377
291,356,506
437,3005,704
322,2289,2778
429,-4652,-127
644,1741,1028
431,9461,2986
242,-537,1800
228,-5791,-356
200,739,974
152,2546,429
139,5101,2246
24,716,735
-57,0,828
3,0,973
-38,-179,-84
6,179,424
-18,0,352
-2,0,-128
91,0,924
21,0,235
80,268,840
67,1701,782
-7,1074,428
78,5098,2260
-20,1220,843
82,1940,1390
22,29,884
54,1640,1306
47,982,1168
-30,-1038,721
52,1181,1439
-35,-381,72
54,285,752
17,-546,692
84,1188,143
23,-808,1439
109,1731,194
48,-281,784
77,887,756
94,1793,207
108,1641,1534
75,2052,431
71,-256,453
59,1832,1517
44,-463,-418
74,1586,1781
21,41,145
108,1146,487
36,257,1127
123,1548,795
7,61,1249
64,1822,322
-28,-1007,894
73,2491,477
-34,-1574,-339
65,1997,1373
-64,-1188,-515
29,1634,1470
-55,-911,-331
12,1136,-276
-28,-133,1300
30,184,-368
9,-317,962
17,-257,-231
12,-222,-876
-30,1154,1847
-5,-1101,-934
-29,1240,1525
27,536,-272
-24,-1022,-638
62,1012,1463
-38,-2199,-1023
65,1340,983
-18,-875,-664
51,1019,-343
17,-595,589
31,1102,-583
24,-497,765
4,169,-386
63,40,-627
-14,-977,266
70,1304,-1063
-33,-854,664
1,-389,-729
-20,-206,-190
-42,-233,26
10,-539,-1241
-47,-630,935
30,21,-1115
-20,-1542,288
-13,141,-311
10,816,-1070
-71,102,1211
46,691,-784
-31,-1246,243
-3,678,-140
-9,-1206,-1382
-64,-530,1110
-3,-539,-1429
-72,-1295,218
-49,609,-173
-8,539,-1138
-46,-866,838
37,756,-1035
-35,-1256,248
-16,141,-1169
-32,77,-1757
-101,-2026,674
-9,-241,-1419
-56,-2992,12
-9,-96,-1470
-19,-1651,-1521
-20,1123,401
4,-173,-1764
-20,-1142,280
15,-76,-1439
-84,-1036,-1028
-106,-151,-603
-253,-1322,-1203
-291,-543,-155
-313,-1366,-1659
-301,-1291,-1125
-180,-28,-852
-179,-1301,-1669
-189,-198,-302
-72,-85,-1081
-166,-2663,-1632
-97,-517,-463
-75,-5135,-2217
-119,-2864,-776
19,89,-2066
-73,-268,-606
62,895,-635
-35,-358,-769
-89,89,402
-80,-626,-392
-85,-447,-56
58,-1522,-733
20,-1163,-1029
20,3132,876
-33,0,-335
-59,-2237,-70
95,-537,-964
69,2506,-894
-5,268,46
-125,-5728,-130
24,-2413,-386
2,2771,-2140
-44,3312,-158
-123,-1969,701
-81,-7048,-1446
94,2823,-432
-50,3240,-346
-35,90,-218
-108,-6945,-855
39,877,-848
-51,2886,207
-115,1660,572
-81,-4744,-1418
-52,-2811,-473
81,2047,-1077
32,3515,160
12,444,-484
-51,-3167,-79
41,-4759,-1449
78,-1403,-1460
63,3275,-59
-11,1586,187
-94,-920,-93
-47,-4356,-1064
-7,-1486,-1291
15,3387,-197
-73,1837,-11
-72,-1460,-110
-103,-4834,-634
11,-834,-352
-26,-875,-1176
19,4529,-300
-101,446,-245
-106,-522,733
-187,-5145,-979
-119,-666,-1132
-176,-1117,-1469
-106,3510,308
-207,97,-438
-148,1560,-493
-181,-3681,-85
-70,-2859,-459
-94,539,-861
-13,1795,-18
-106,3273,693
-117,-2661,-125
-54,-1667,-93
3,-2898,-1717
71,932,-218
-22,3461,-27
-41,-85,575
-51,-723,618
-26,-4433,-1709
93,2723,214
20,3743,320
-61,-4140,422
23,-1319,414
50,675,-913
58,2172,656
46,3914,-91
-95,-3293,1557
38,-1944,561
109,2540,-881
-32,3988,1541
31,-795,-453
145,-3944,412
167,3287,867
142,1867,464
211,-2300,881
326,1090,312
268,2090,1411
342,-3260,-210
404,4530,977
249,1838,2080
288,-3221,206
372,2115,-52
162,3698,1938
136,-821,778
157,-3483,-1040
120,3795,1004
45,2524,1011
-122,-3086,591
57,-1807,-529
48,3528,141
23,3139,1564
-36,-591,829
-5,-4075,519
107,622,-374
74,3046,555
63,4997,1414
-18,-805,862
-17,-4229,323
53,592,312
53,-1331,401
156,3894,-72
26,1432,471
18,3401,2109
50,895,633
-6,-2506,419
69,-1611,614
40,895,355
1,-1969,234
100,2237,-232
-32,-358,1075
2,1701,124
32,1969,61
-58,-985,915
16,806,-360
-18,447,922
-75,-89,-265
5,89,-68
-74,447,522
-116,-358,-600
-15,537,847
-111,-447,-491
-105,-179,570
8,89,335
-52,1164,129
-86,-537,1103
31,1342,-555
1,3312,480
-106,626,1250
-45,-2953,-307
11,3848,795
-59,1435,325
-100,-2151,1182
-54,-6175,-1471
28,268,784
53,5370,1545
-25,8266,1438
-61,-2037,372
-68,-3504,-1788
-21,-8184,-2193
-8,1342,2065
-18,10290,3578
-48,6736,-362
-119,-5190,-240
-83,-7987,1871
2,5762,1031
28,4787,-551
-54,-6669,-1933
-20,-9071,1146
64,18105,1678
-12,-5512,-2098
-51,-9729,3494
69,19786,-437
-46,-9234,1643
71,8029,21
-69,-18939,383
53,19783,3641
-9,-211,1200
51,2758,-6350
-4,-8301,4320
2,-1811,211
63,25510,9046
-51,-30349,-9390
58,11923,3442
-9,827,2149
97,11076,-5188
-1,-17030,5508
11,-3146,-771
118,30942,3800
-44,-41613,-8136
71,22512,6270
42,9681,-1963
24,-32014,-7054
51,28228,12655
47,-2118,-7651
31,-13601,-1687
-2,11628,3089
94,1463,-4921
-23,-16927,4621
30,8227,1205
94,16302,-3443
-54,-33918,-567
114,22509,4309
1,-7353,-1860
75,14248,1368
-20,-16864,-3919
19,14925,4931
-19,-7849,-5081
-29,4415,3962
75,4262,-1749
-69,-11714,-129
44,15594,3120
-20,-11447,-3295
-14,2012,3372
61,6390,-574
-101,-17040,-941
33,13205,2408
-32,-8161,-5219
-55,-5282,2424
54,12169,-217
-61,-9203,-5696
10,2852,5851
59,11931,-862
-35,-17820,-906
-21,10595,2196
82,8499,41
-75,-15925,-2906
-31,-4908,564
18,10644,660
-9,-8691,-4414
-27,-262,2245
-14,10455,207
-138,-2766,-2401
-127,-12454,-430
0,6029,923
70,7358,-1477
-86,-8146,-1387
-155,-3525,-485
-47,396,1927
21,6002,130
31,5123,-401
-93,-4275,-1406
-62,-9110,-1160
35,222,510
66,5381,-236
-37,2320,216
-85,-4701,-1016
-3,-1669,-930
45,877,643
-69,820,172
15,-1103,-52
50,2719,-547
-71,523,-537
1,-1403,218
50,880,-457
-46,-119,378
67,523,-39
-14,-666,-66
11,238,148
24,285,-420
-19,-1820,221
21,-1103,-292
-60,-762,-211
-43,-1997,-1
-22,-295,-1202
4,-111,325
59,1479,-727
0,1601,707
43,2152,187
-19,-653,40
43,1414,850
-60,-3738,-922
24,-1775,272
-36,-739,-988
-6,628,132
-11,-184,-789
-19,2499,-462
33,283,32
-62,28,622
30,368,524
-25,-1847,-291
27,-1257,-176
-50,-2715,-567
26,179,-934
-61,-1611,-447
3,3814,248
-28,1553,205
-5,-1960,36
53,1257,27
-57,-185,667
-75,-1794,-300
42,2534,-481
8,1777,121
-14,-2886,738
17,-4737,1159
135,5661,562
121,407,-710
37,2262,-1064
-68,-1893,-1753
-154,-6974,1525
-47,1701,1941
3,6572,-416
32,198,-3237
-2,-9097,-825
57,7711,3533
-22,4459,605
-91,-4828,-2653
-85,-10027,-1513
8,984,2511
20,8932,60
-19,5669,-50
-117,-5337,-2328
-52,-9264,-1638
62,-716,1315
92,3401,-231
4,6875,1542
-28,-887,-765
-20,-5093,-1935
57,2864,48
-43,-3669,-1320
-105,-2775,-1010
2,-984,242
53,537,-608
-31,1879,436
-63,-1790,202
-1,716,-696
46,2506,-73
-14,-1879,-73
41,-895,-463
99,-179,-595
44,716,188
34,-1432,541
90,0,-436
47,537,150
-26,-537,71
4,-179,231
91,268,-136
-37,90,-196
4,-179,461
62,537,-89
-48,0,838
-4,-448,-50
62,358,410
-67,179,-75
-39,-358,-958
21,90,1113
-68,537,-948
-62,-806,474
21,179,-21
95,2775,-40
-1,89,943
-11,-2595,86
45,-358,-40
11,179,-22
23,3759,-130
-79,2685,745
-28,-2685,719
-7,-3401,-266
69,-627,-1490
57,1969,170
35,5191,896
-11,1452,822
-65,-3779,-766
-23,-5101,-897
9,0,1258
67,2058,-1525
5,1074,-481
-22,-179,1840
-24,269,1867
37,1074,-1245
46,-2059,-1471
43,2417,261
-36,5225,2014
-38,-3346,-560
30,-6533,-1057
62,268,179
39,4744,232
-19,2833,1932
-67,-3728,-411
13,2953,-995
-14,537,-542
-20,-2685,1712
-88,-4117,648
42,2059,616
41,5868,-1211
1,1701,-1075
-69,-5511,1440
-86,-3222,210
24,1164,1676
49,8607,301
39,-1814,-2378
-72,-1220,1025
-63,-1188,1611
41,-4564,892
31,-179,-1054
77,9616,249
-16,2496,-719
-29,-3345,-308
-53,-5635,1432
31,-4654,179
66,9116,1168
76,5757,-1277
-49,-2072,-1285
-92,-6267,930
-15,-1432,1058
7,1907,612
24,4496,-313
-9,4120,-1993
-36,-10881,-722
-37,-1343,2552
54,13465,-243
-47,-4136,232
-27,-4649,-2095
24,-6828,1052
43,5608,601
50,6559,635
-51,1494,436
-22,-6093,-1365
-27,-8642,-1348
50,90,-661
46,11208,2962
16,8008,-136
-79,-8404,-3334
-51,-12333,325
61,1700,2552
95,10011,18
-3,6106,-2263
-45,-17012,477
-48,1611,723
52,20999,3374
-71,-10856,-5210
-70,-12023,802
40,20089,1545
-30,-13376,-3585
-52,-7876,1661
91,23258,3242
-25,-18246,-5798
-36,-4117,3198
93,16860,1278
-17,-16144,-4080
22,10755,4909
65,6191,-4200
-56,-17662,-132
50,17209,3727
-1,-10944,-3920
-24,3725,2015
41,3150,-3970
-107,-14572,2992
54,15455,955
-8,-14202,-3464
-27,358,1812
27,8812,-2635
-87,-15972,805
65,22503,3799
-34,-13911,-4812
-57,-4654,3254
87,19339,-3499
-44,-16296,595
31,5012,4427
49,5754,-4283
-15,-10319,164
76,13505,1174
31,-5885,-1769
-31,-8067,680
59,14071,2267
16,-9328,-4194
-54,-5190,2463
57,16053,1724
-33,-7613,-5197
-55,-7546,4038
42,14991,196
-53,-15349,-3787
-11,1611,4864
44,13512,-2775
-69,-22461,-3120
-2,13782,7533
61,4882,-4442
-70,-21405,-3071
8,18168,5174
47,1701,-1005
-68,-17872,-3007
17,16578,6741
56,6342,-1303
-69,-22087,-3167
16,8860,5293
49,12418,-5235
-60,-16266,965
8,2327,4002
68,15469,-2657
-67,-14574,-2882
-21,-985,2242
25,8570,3076
25,-407,-3111
-47,-8878,-1047
57,-448,151
87,5280,755
45,9151,-67
-33,-1773,-2037
-68,-10421,-125
-27,-1700,1646
46,537,1259
78,3580,-2305
33,5042,-118
-45,-1462,205
-65,-4207,-1051
-36,-2864,678
54,985,-385
62,2506,-294
-11,5005,1508
-78,-3126,-1072
-73,-3490,-500
10,-1969,-604
48,447,1345
44,3849,-735
-23,4178,256
-18,-3820,1365
-32,-4028,-1672
66,0,720
-9,2864,-649
-40,1701,1070
-54,-3043,-320
24,-2059,-794
75,895,231
45,6972,1213
-37,1183,1315
-38,-6186,-2656
13,179,-1179
17,-2595,669
-62,268,-811
-60,-805,1050
16,89,-370
43,806,-733
7,2237,180
-43,0,791
11,-2327,-262
55,0,-1634
52,269,760
-69,89,-273
-86,-1074,-798
-35,-805,1085
63,448,-622
35,626,-35
-6,626,83
-41,448,-62
4,-1432,-66
33,1074,-677
11,-985,627
-32,0,-271
-47,-89,695
47,0,246
60,268,-1298
34,269,519
-71,179,-51
-83,-716,304
6,-537,7
49,537,168
42,537,-186
-49,179,37
34,89,1815
5,537,-1142
79,806,355
-2,1611,518
-77,-1253,-335
-50,-1880,407
3,-626,-652
35,179,479
-7,4117,609
-43,3919,1149
-8,-6336,-671
41,-1163,93
88,7943,331
20,3208,1140
-46,-5423,616
-69,-4028,363
-4,-1611,-914
48,806,122
46,4385,87
11,5192,2215
-43,-644,134
-25,-5801,-675
37,-984,-1503
-14,-2148,-1652
-1,1074,2559
-60,1700,1151
27,448,-713
-42,-2954,633
32,6964,53
-24,-2489,-1746
-24,-4475,-808
19,1790,1828
12,10663,3121
-6,3405,127
-51,-11114,-3133
-45,-6623,-590
39,0,1704
44,8178,2064
61,7058,-2833
-18,-11477,-1417
12,-2596,621
55,6444,3064
45,13392,168
-49,-4515,-190
-57,-12099,-1903
-23,2417,3183
17,9117,1887
7,63,-4034
-77,-16966,-1764
2,2326,4309
45,14264,-2631
-11,-8894,-912
-47,-6980,-2062
18,-179,4636
79,11381,273
7,-1832,-1207
-15,-9818,-1789
47,1432,1785
52,14722,567
-22,-5485,-3871
-65,-10221,2116
-5,8446,2894
31,9220,-3592
-41,-7593,-609
-50,-9805,217
55,8215,3164
66,5618,-905
7,-1344,867
-9,-1834,-1903
-5,-2329,732
0,591,1830
12,2667,677
1,-1484,-850
27,-4820,-1513
95,4968,723
1,1195,-569
-47,-1343,674
-55,-4193,-45
19,2345,708
41,5462,499
-24,-1564,-324
10,-3122,-743
63,2556,805
8,3081,-356
-17,-2091,-349
7,-2437,-918
-65,-406,707
-13,0,-304
21,1966,-896
-56,170,599
-13,-1323,-1118
12,-444,966
-29,975,-6
41,-2269,-1010
50,1073,-130
-36,-370,481
42,-481,640
47,2613,-93
-61,339,-1699
44,-594,809
-9,-694,-208
-61,-2144,867
23,-148,-776
-4,1996,1067
-72,-1664,-335
2,-702,-1302
-33,-1318,524
-72,-2685,-188
43,179,242
41,3676,-412
-67,-37,-328
-27,-4892,-1141
30,-358,-842
-35,3043,1192
-59,-3311,-1159
67,358,-409
62,5049,436
-38,-3349,-596
11,-805,175
67,537,-2099
20,1163,72
-19,537,752
-38,-4027,-1559
0,-1074,-508
28,4117,535
-47,-2327,-87
-75,-2238,-1193
45,-268,461
14,0,441
-94,358,-923
-63,-358,829
60,-89,411
39,536,-237
-15,2417,-123
-14,-2685,-269
24,-179,79
52,1521,-429
-10,3043,1690
-57,-1163,1095
22,-985,-1331
51,1253,-466
-21,627,507
-35,-627,550
27,-1521,-1004
83,2953,938
-49,-2595,183
-46,-2148,1165
61,716,-668
-26,984,-1211
-71,-1432,601
-4,-626,736
66,1163,-583
12,3580,-375
4,-3580,8
32,90,-431
86,2595,-414
-52,3759,1536
-49,-4743,-1535
7,-2417,-777
-18,1611,127
-82,358,392
7,-358,-354
52,-626,-473
-20,1432,852
21,-985,251
73,1074,-1053
74,1522,986
-39,-627,-69
-11,-1700,26
64,2595,24
-23,-1879,1099
-29,-2238,-1414
40,358,-409
17,2148,1048
-49,-2058,-779
8,-806,539
21,3312,124
-33,716,-176
24,-1343,346
54,358,110
-47,-447,1090
-24,-2417,-1025
7,-89,1463
-46,716,-368
-52,1253,153
21,-1611,-848
35,716,-431
-66,3132,1313
-22,-2774,-256
26,-627,-128
32,2327,-150
-34,4947,1609
-41,-2262,-507
5,-4654,-1865
71,1253,767
23,5219,436
-24,-2086,-643
-50,-4654,109
-32,-1253,-394
49,0,1453
52,1700,-1428
31,2327,-558
-37,3892,2201
-4,-1744,382
-36,-4117,-686
-23,-1163,-795
27,1521,-244
50,-1342,-108
45,3938,-462
-1,179,1110
-61,1163,1913
4,-3490,-224
43,-90,-2232
38,4296,992
-31,664,309
-63,-5676,-1740
37,-1342,441
37,3759,265
-38,537,70
9,-1432,-531
49,-2148,158
25,5907,1198
-41,469,-150
-14,-4855,-430
32,5077,222
-35,776,1275
-67,-2183,-275
50,-358,-1432
36,-537,221
-45,3707,1762
-13,-4692,-1164
35,-2416,-1906
19,3848,-167
-41,0,988
-27,-3669,-1267
62,358,-219
33,2148,451
-49,-358,1226
-53,-4117,-1808
63,-269,-813
16,1790,924
-93,-1879,-1016
-35,-716,154
26,179,-24
-3,447,201
-50,-178,-169
28,89,-297
40,-179,1091
-46,358,-784
68,-268,822
-9,894,-770
-32,-805,428
57,1521,163
16,1164,-299
-28,-2685,292
39,537,-752
-31,-537,1159
-39,89,-1337
-16,-805,-268
-18,716,341
-88,-984,-595
8,-537,521
26,1074,-492
-67,179,470
1,-895,-344
71,-1164,-189
83,2953,293
-56,-894,135
-2,-537,-538
62,537,125
50,536,-203
-48,895,283
37,-1342,-232
82,1074,116
-11,-806,-30
-36,806,-410
15,-1879,259
-5,3937,-173
-97,-2953,917
-45,-89,-522
57,89,243
-26,358,52
-68,-1432,-117
51,627,33
20,268,-122
-37,179,631
-46,-1253,-1052
33,-626,619
45,1611,-827
-35,268,495
-23,-2506,-425
72,1432,49
44,1074,-947
12,537,1207
-17,-537,-647
-19,-2237,832
55,1969,-1151
-17,-5191,111
49,6264,281
-35,-805,-674
-115,-6981,133
20,16934,3327
-50,-6463,-3964
-90,-11964,-2233
16,8474,2820
39,716,-2623
-16,-14454,83
5,5486,56
59,8163,782
-18,-895,-2128
-11,-10261,-2213
44,-2089,2020
49,7427,1779
46,5818,-2034
-2,-11241,-1949
-16,-3906,-375
60,8255,4450
50,7518,-1227
-69,-2506,-266
-30,-4654,-544
-3,6355,3620
75,1610,-900
-34,-895,-389
-39,-715,-697
-35,-10202,-835
9,-520,964
51,6068,1043
30,4475,444
-3,-5997,-2748
-43,-1993,-1846
33,-406,2286
35,8843,3426
6,8104,-2303
-76,-8104,-124
-99,-3848,636
-36,3848,2285
-14,0,-598
16,-716,-733
15,448,676
-14,-5102,-3109
47,-2882,420
94,370,178
43,2781,1985
52,5548,657
-9,1790,-3127
-48,-2684,-656
-25,-5370,2354
63,5728,799
-23,1163,906
-59,-985,-1018
-63,-13088,-3917
-14,-1666,4268
81,14128,1245
44,9454,-968
-3,-11512,-600
21,-985,1129
24,3580,1114
-21,11952,543
-106,-7925,-2292
-92,-7070,1131
-65,3043,2225
-19,5638,-603
-53,-5549,-1943
-52,-8489,161
57,5894,848
55,3759,-311
65,-1253,-58
30,-3311,-1606
118,2237,1325
103,1253,221
11,447,-138
-84,-626,663
-37,8067,2495
-24,3319,-2333
-106,-17293,-1010
22,5102,1047
-1,6264,2595
-30,1432,1043
15,-4654,168
40,6274,2437
104,4261,3782
211,4213,5468
-196,1280,955
-696,9216,6967
1113,7142,9379
238,458,2696
-190,-1088,-1251
-143,-846,-74
-69,-900,-1462
-33,-1596,-1224
-26,-3329,-2097
-58,-6179,-5794
-108,-8257,-6278
-197,-12886,-14890
-262,-12376,-11062
-257,-8976,-11041
-56,-1979,-4532
166,3676,2129
251,6685,6081
142,7600,6318
43,5191,7535
7,1074,1904
45,2327,2142
66,805,1352
14,-1879,-503
-27,-1790,-2501
-45,-358,-353
-15,0,-397
4,358,183
24,268,531
7,-89,-336
-18,-358,178
-5,0,-444
6,0,277
10,0,-160
-6,0,-292
1,0,430
-3,0,-348
4,0,427
-3,0,-310
2,0,142
0,0,-4
0,0,-320
-1,0,445
-5,0,-344
1,0,402
1,0,-293
3,0,74
-4,0,66
0,0,-320
-1,0,443
3,0,-350
-1,0,336
2,0,-206
-3,0,-107
5,0,248
-5,0,-344
3,0,436
-3,0,-324
-2,0,287
6,0,-150
1,0,-312
-1,0,436
-4,0,-340
1,0,415
3,0,-311
-5,0,140
2,0,-4
-5,0,-