R
StartTickMs,measCycleMs,Px,Ix,Dx,Py,Iy,Dy,Pz,Iz,FFrx,FFry,FFdrx,FFdry,satI,satPID,KFQAng,KFQbias,KFRmeas,CPx,CIx,CPy,CIy,CsatI,CsatPID,CFFdrx,CFFdry,IRelaxX,IRelaxY,DmaxR,DmaxE,DMx,DMy
64292,10,58,70,47,58,70,47,250,0,0,0,100,100,500000,15000000,100,1,1000,1,0,1,0,100000,10000000,0,0,1022,1024,0,0,0,0
GPT1X,aPT1R,aKFPT11R
-4,1074,1353
-4,0,-11
1,0,-50
4,0,-34
-6,0,-28
3,0,-23
-2,0,-17
6,0,96
-3,0,72
-2,0,-41
-2,0,-43
1,0,-32
3,0,-26
-2,0,-17
-3,0,-14
2,0,168
2,0,-11
-3,0,-45
3,0,-40
3,0,-31
-3,0,-20
0,0,-14
-4,0,110
7,0,61
-1,0,-40
-2,0,-51
-6,0,-33
3,0,-24
2,0,-17
6,0,-13
-4,0,173
-9,0,-21
5,0,-47
8,0,-34
-3,0,-26
-3,0,-24
5,0,-15
1,0,128
-7,0,39
-3,0,-48
7,0,-41
-4,0,-33
-4,0,-23
5,0,-16
0,0,4
1,0,155
2,0,-23
-10,0,-47
8,0,-34
0,0,-30
2,0,-18
-2,0,-15
-1,0,131
2,0,36
-4,0,-50
3,0,-41
-2,0,-29
6,0,-25
-4,0,-15
1,0,51
-4,0,116
6,0,-36
-5,0,-47
-6,0,-39
8,0,-22
-4,0,-20
8,0,-12
-11,0,151
8,0,6
0,0,-46
3,0,-36
-1,0,-29
-7,0,-24
2,0,-16
4,0,90
-1,0,80
0,0,-37
2,-358,-35
14,-90,-610
-35,1253,1104
18,-1163,-1047
-16,626,769
21,-268,-109
-4,-90,145
-5,-179,-453
-8,179,100
25,-268,-291
-10,-269,32
16,90,48
0,-90,376
-23,-268,-347
20,447,464
-13,1164,2
3,-1074,-702
2,-90,401
-5,2238,696
-21,-627,-829
3,-895,221
23,-716,118
0,537,-106
1,-716,-43
-8,269,-215
14,-448,296
-11,537,-105
7,448,74
-2,-627,-70
5,448,-39
-16,895,368
0,626,224
8,0,465
2,-805,-40
1,-1074,-330
-2,-627,285
19,-89,702
1,-179,-614
-10,626,-822
10,0,-479
-25,627,113
2,1074,408
20,179,336
-3,-1880,-56
28,1164,-163
8,-1343,157
-54,3312,-119
37,-2238,2911
26,-1342,-2867
55,1253,848
-33,4564,-389
85,-5638,1910
-18,8664,-1197
54,-8843,-42
96,-447,969
-15,12682,2266
35,-10266,-2043
-16,1253,-536
55,-3222,739
-17,5907,-540
50,-6354,1013
-47,9290,1266
-19,-8664,-2384
-4,805,2611
-53,2954,-1474
19,-4117,942
-65,6086,1512
-30,-3222,-2582
-9,-2596,565
-28,4296,1237
-23,2864,-1825
-10,-6802,-1578
1,-447,1075
-67,984,351
-33,9375,-713
13,-7227,-1800
19,-3132,-461
20,3759,3156
43,3311,-4084
18,-2595,203
44,-4833,-150
44,-2864,138
-39,-1521,-548
-32,3490,-705
-72,2416,-806
24,-2505,-3552
-15,-5460,1217
-1,6086,1872
-48,1253,-805
44,358,-470
86,-1790,25
69,-9095,-1711
23,-6807,-2140
-52,10801,3459
-79,5728,-190
-37,3579,-1404
62,-5817,-996
37,-5524,1921
6,-3837,-641
-54,6766,1071
-114,3132,-1837
-123,537,-119
-31,-9408,-1162
32,2995,1768
47,7845,2702
29,2506,-743
81,-1790,-483
33,-6086,-1064
7,-8439,-121
-60,190,-574
-48,8249,1640
25,7428,-430
78,-1342,-1392
95,-4922,69
-14,-9342,-198
-91,12385,1713
-100,-358,-827
-69,-7064,-1890
-4,-554,304
13,6186,2311
-18,5727,-1552
-7,-2774,-1721
23,-9176,919
12,3269,1390
-49,5818,-354
-9,-1790,-1081
43,-11233,-820
20,2235,1820
-33,9266,598
-12,-11865,-2235
42,-3050,-134
-50,11693,1244
-68,-1074,-1613
59,-11755,-1305
-54,7451,2150
-99,8421,-405
8,-9625,-3098
-14,575,3633
-38,10214,1307
9,-3133,-1590
53,-10193,-495
32,11357,3770
-1,4206,-1261
44,-1522,-1756
46,-4922,862
35,3133,2248
-30,1342,-287
-10,-1879,-849
-26,-9036,-2355
-32,6172,2030
34,5101,1977
47,-89,-1541
-4,-3491,958
-45,1969,-384
40,895,445
50,-7203,602
-21,-222,-332
-104,5635,929
-6,2506,372
53,-358,49
-76,-1253,-313
16,1432,-811
78,-2416,1115
-41,-2417,-690
1,3580,856
74,179,261
-104,-2864,-1081
-48,3401,919
0,-1432,314
-110,1253,52
3,806,162
62,-2327,-235
-74,1342,78
79,895,-644
-34,-1879,-248
-68,2058,260
32,-537,49
-125,-2058,-405
-60,2327,-125
30,-3580,216
-116,268,-1001
-29,2596,898
31,-2417,340
-99,90,-484
-110,3222,727
36,0,469
-45,-1343,11
-95,1164,18
51,268,-317
22,-1790,63
-94,1432,72
0,447,186
52,-268,487
0,-3848,-918
-65,3132,102
-51,984,292
38,1164,401
21,-448,-407
-33,-1968,-509
-28,-4833,-2090
10,-179,1133
13,6354,2334
18,6354,-461
83,90,-549
107,-6176,-510
69,-5638,743
54,3580,2240
16,3848,39
36,-1342,-2863
48,-11032,-1535
28,-1532,1290
-26,9790,788
0,1432,-286
30,-12269,-2895
36,2431,3173
-34,10911,-485
8,-8471,-1296
87,-8743,-381
-19,14798,599
10,90,-1470
64,-12680,-1644
34,4058,2314
-4,10143,614
11,-8516,-643
60,-8040,-1929
15,8113,1153
-3,8533,-67
58,-13910,-2800
99,166,2237
41,13475,1489
73,-8744,-5362
122,-11038,1436
45,7792,1744
26,11006,-211
49,-10525,-1812
29,-5418,-561
-17,5163,1969
-52,10511,-163
-27,-4475,-240
19,-716,-790
40,-2152,726
26,2063,1056
34,-3542,-1323
-62,1885,-2262
-19,-1552,-1091
31,1441,1738
76,-5650,-533
-12,1084,315
-70,1584,-1034
-43,9672,126
33,-1700,-312
77,-10521,-1974
-49,-5206,1621
-83,4327,-855
-3,11400,1038
15,1163,150
59,-9701,-2511
-35,-4653,-2284
-31,-1028,619
-3,6417,1644
30,3034,939
-19,-2638,-1509
-31,-2901,-2144
-51,-11214,-700
-50,8100,1784
-62,13510,2714
10,-8089,-3347
26,-12484,-966
-25,10605,2103
-90,-975,-2900
10,-13052,-2996
-29,1087,2819
-74,16351,722
-42,-148,-3626
8,-11067,663
-53,11104,1736
-1,-5211,-2470
47,-4802,1824
-56,9606,2830
5,-6950,-5138
32,-8822,1510
-13,6737,117
-13,-3443,-2151
38,-5090,144
-41,8291,870
-38,-3725,-2676
64,-9156,-78
-79,14963,2619
-21,-1079,-2109
5,-9757,-562
-59,12056,1748
-21,-1993,-1978
37,-5921,1185
-9,13554,2451
0,-7444,-4231
67,-7711,3060
10,13203,715
-12,424,-2937
103,-14669,231
55,7566,3288
21,2223,-3732
111,-10578,-164
43,5583,1933
53,4694,-1939
85,-13523,-1019
59,3199,2054
-12,9796,-487
0,-9034,-3675
60,-9754,393
-89,16097,3815
-59,5375,-2294
45,-10063,-423
42,5501,2852
22,2688,-481
22,-10465,-3529
9,-7601,279
-43,12609,2347
-27,10469,210
88,-12018,-2088
33,-9843,-91
-62,5772,705
-83,8372,-936
23,-4503,-1031
34,-121,1973
-2,4020,648
-75,-3818,-2737
26,-12581,-1430
-6,9975,2101
34,9809,2089
38,-8394,-3718
35,-10889,-643
-58,5267,1608
-115,12696,-61
0,-3942,-1409
56,-7248,1486
34,2455,1353
-25,-1074,-3535
-26,-7530,966
-10,5800,327
-16,13570,1356
63,-7325,-2078
12,-13196,-2763
2,1231,1666
-45,11672,1677
48,-229,-847
47,-10440,-282
-57,482,425
-106,12509,-217
-18,-6026,-2846
80,-5716,1037
51,-1139,2679
-43,6984,-2851
-55,-4210,-215
18,655,983
54,6861,2066
-16,-539,-1785
-21,-6578,-2769
-4,-7509,-92
-49,11723,1644
32,2163,464
30,-10645,-618
-28,134,878
-71,12281,608
19,-3246,-2506
109,-7523,322
35,-3090,2142
-77,9146,-24
-4,6153,-492
127,-9016,-725
84,-5465,1124
-21,5465,-46
-51,7278,-1124
70,-8581,118
103,-3643,632
31,2157,456
-57,3695,-1789
-1,-1631,-1409
93,-1436,1561
78,7117,2677
-16,-1680,-3149
-43,-3435,165
46,-1769,270
73,566,1272
59,4897,397
6,-4311,-2784
-15,-3769,-1728
41,2142,3642
51,6230,1275
58,-2484,-1336
-36,-6852,-1697
19,1884,401
76,6512,2145
76,891,-317
6,-2070,-2119
10,-3831,168
72,-732,1085
65,3267,1512
27,-560,-1778
-47,-5308,-2112
8,2620,2027
59,10582,264
6,-2969,902
-17,-6996,-1052
-15,-908,733
39,4667,1757
65,1771,-292
-19,-6767,-2853
12,-1401,3639
8,6113,899
30,6121,-895
-17,-9548,-1725
-63,145,510
1,12491,2973
15,-3838,-1815
22,-11502,595
-70,3393,638
-65,12220,415
67,-5038,-1389
62,-10939,249
-51,6473,843
-102,5352,-2143
34,-4821,2725
52,-476,1166
-18,6372,-627
-86,-8874,-2336
9,59,880
-12,10381,2755
34,-361,-1222
27,-10725,48
-66,2303,1330
-97,12222,-82
-4,-2650,-1152
88,-7235,1375
-50,3711,1280
-144,5348,-2214
-73,-11010,1576
-35,7128,976
-38,2931,-979
-81,-9022,-1390
-78,2365,1403
-93,12166,1019
33,-10121,-1607
-8,-7094,45
-145,11879,1606
-134,207,-790
-7,-3977,1473
-39,10176,2242
-39,-8452,-2649
-23,-8110,-929
-140,11817,2019
-80,1543,-55
37,-4410,761
34,3395,2429
-17,2248,-776
-2,-9141,-1559
-35,-876,904
-58,12837,1829
-9,679,-618
86,-5389,-207
68,-4503,1329
-5,7839,1813
-49,404,-854
-37,-2540,-1456
39,-1483,1024
66,1818,1900
41,3288,1424
17,-339,-1200
-18,-8221,-1232
-61,-321,104
-54,10295,3013
-21,9606,51
70,-6567,-80
55,-7783,109
2,-523,1741
-59,4702,23
-39,8113,-342
-2,-985,-555
64,-5225,1958
17,1036,1395
28,2936,480
-10,-2234,-1844
13,-8886,-1383
-42,-635,-317
-47,8153,2806
-13,9509,660
31,-268,136
42,-7873,-139
45,-5692,1442
-23,2588,533
-39,9545,352
-33,-1790,-2476
3,-6352,758
-12,2071,2530
-25,8755,1254
-3,2238,-1085
25,-6533,-229
39,1521,2968
8,3580,429
-4,-1790,-1274
39,-9916,-37
29,7052,2175
-41,3311,-955
12,-1342,-1060
32,-12510,-342
27,7140,3430
-50,6533,-1292
19,-6443,-1796
20,-7182,-236
-44,13268,2423
-34,1342,-39
-9,1074,-1453
6,-6802,3288
-28,6802,-263
-37,10276,856
32,-12245,-1668
23,-358,865
10,5549,3989
5,4921,-99
16,-9665,-2305
32,-2595,551
6,8323,1894
-19,1164,-691
-12,-7518,-2523
7,-4922,1484
10,1700,1173
-37,6444,304
-32,4555,-1122
49,-7419,-661
-10,-2058,1410
-21,7786,1326
-39,10281,1807
12,-8516,-3363
24,-5882,-131
19,1253,1440
-10,6736,1803
-52,3482,570
19,119,-1081
12,-2493,87
36,-3178,450
22,-74,-353
-10,-1012,933
26,7209,930
15,-309,20
20,-4964,-1024
-1,-7396,-1497
-10,-1432,-47
-23,716,631
-57,6534,1776
-29,9061,634
-15,-5745,-2121
26,-3495,-325
19,2312,2625
17,7242,2328
-14,2924,127
35,-691,-9
47,-3446,-929
28,-8520,-417
-5,-5012,2047
-49,6653,583
-40,6566,-417
-30,-2614,-699
29,3283,658
-6,3608,1246
58,-1276,479
15,-4618,252
52,-3212,-84
-32,1056,-1081
-56,4818,761
-48,976,-181
31,1207,812
19,-1131,868
42,-38,89
-39,-4673,-1121
-30,566,-174
-50,1097,150
5,4882,600
32,-86,246
39,-2298,287
-56,-5151,-447
-77,877,-15
-132,4315,807
-91,3597,-87
-23,-2372,870
-41,-2479,974
-125,-405,-723
-197,1555,-654
-135,4712,733
-84,1475,543
-48,-120,163
-131,-5649,-731
-119,-2686,-153
-155,4422,838
-92,4817,1609
-10,1507,-302
20,-4777,-604
-18,-839,303
-56,70,49
-72,2999,-85
-30,-2446,-210
-13,4050,1601
29,1656,-706
22,-2829,-179
22,-5944,114
-7,-857,475
-46,1052,-358
-51,1783,-673
-1,-596,-282
-21,4267,461
16,2688,739
1,-479,92
66,-3693,456
16,-2670,-34
-10,-867,-166
-35,-1360,-1159
-7,-773,-61
-51,4330,-562
-21,3927,123
68,-1374,8
102,1615,1044
168,447,613
134,-1539,-1095
167,-1976,-957
129,-945,-194
48,-3712,-438
49,-4208,-674
-19,396,-827
-20,930,-134
-32,1403,-83
-26,1981,-809
14,1348,396
9,3176,492
63,-1780,85
81,-2723,-574
58,-2739,-367
62,-1624,-1712
28,-2750,90
25,-1590,-610
-3,3717,-294
-18,2009,-473
2,2433,-95
34,-501,707
63,334,-50
-5,-2551,-105
20,-3925,-554
1,-1331,-770
2,37,-699
-17,5909,769
28,1798,-226
31,-4268,598
50,-3957,-822
-28,813,-855
-81,407,-677
-40,3303,374
-12,3514,856
72,-3628,-2399
44,-3448,188
7,-2847,-450
-4,5277,-71
42,2061,-851
103,-2089,318
137,-3817,299
115,-1074,-1013
45,-4922,-1153
5,-627,-486
25,7336,-94
29,4462,657
112,-2835,-938
78,-2787,218
84,-5728,-558
-1,-179,-907
-23,6533,-510
0,571,58
53,-5046,-1128
55,-3132,-4
-25,-268,-727
-79,0,-25
-38,805,-92
48,805,178
33,-1074,419
-65,-268,-1635
-84,0,-477
15,895,-233
70,-537,408
14,-1432,-35
-71,-89,-1503
-14,895,-506
63,-1074,1444
22,-3938,-1357
-40,805,-416
-72,3222,396
19,1253,-89
70,0,-604
-37,-3490,-730
-17,-716,-2184
14,716,-158
79,-6426,1540
-25,-1527,-1022
-95,4910,-453
31,4296,718
48,-5756,-17
-60,2892,-1203
-23,4296,-810
98,-7003,0
-15,-4908,-650
-15,3984,-538
68,-222,6
-36,-3366,-1072
-46,1887,-196
70,-699,93
-57,29,113
-52,5107,-30
93,-3809,-834
-65,-1694,-1191
28,1546,371
53,-2169,-365
-66,1874,116
35,1368,-131
-4,-3213,-678
-44,2695,-465
70,-3629,-211
-65,-2304,-829
0,2417,408
62,-2963,511
-75,926,-721
26,1546,332
20,-1736,-559
-85,1332,-452
36,119,-39
-16,-2564,-559
-58,2801,143
48,-974,153
-33,-1597,-640
-16,3054,-39
70,-1243,-688
-48,-1351,-1237
21,2183,70
69,-4695,-132
-70,-992,-856
59,1331,391
-11,-3599,-613
-103,1767,-236
74,-432,643
-29,397,6
-66,4061,-208
54,592,-7
9,-3892,-829
-65,3133,-398
88,-3444,-266
-8,-4971,816
-48,2645,-747
65,626,85
-15,-1870,-552
-64,4365,196
38,151,249
-32,-2117,-962
-80,1102,-444
43,-1599,466
-43,-3574,-589
-97,4087,534
32,2044,1143
-32,-2413,-1059
-56,1299,-1178
55,794,646
49,-6686,-880
-72,889,104
-17,2651,562
49,-2252,-10
-73,3626,-996
-40,4145,68
86,-4995,-774
12,-8381,-1141
-86,2474,-15
61,6709,1577
1,-289,11
-86,1108,-797
25,-484,-1510
67,-7576,507
-37,-2401,13
-72,7564,546
19,4991,564
62,-5202,-1288
-28,-6851,-2054
-73,2407,1325
13,9382,2146
19,566,-27
37,-8121,-2193
-8,-5900,-914
-8,3471,913
44,4465,1174
79,5425,234
59,-8638,-1499
31,-8355,-906
-42,5873,1980
-61,11026,-60
0,-8863,-2563
55,-61,2873
33,6625,1071
26,207,-1784
54,-12509,-1593
0,-4088,285
-70,13939,885
-32,2848,-3330
42,-7729,606
40,4017,2027
17,6698,618
45,-10254,-1947
62,-2660,2228
-19,6870,761
-32,-4099,-2885
39,-12411,-852
-15,10886,1046
-48,8059,-501
38,-9939,-2707
32,1518,3117
-6,13284,435
34,-10808,-959
40,1587,950
-2,2073,-1007
38,-13255,-2455
33,6801,2962
-25,1800,-2370
40,-10537,-133
24,2168,495
-23,11098,-1178
53,-12922,-2069
3,6121,2629
-29,14290,549
72,-16784,-5717
94,1112,5262
1,11575,632
80,-8487,-2868
80,-3653,421
-31,6522,909
55,-9370,-2734
49,-5837,3769
-5,12611,-1204
39,-8942,-2328
66,-3654,1097
-1,11973,-368
44,-8889,-3130
44,2746,2541
6,12794,1238
55,-13992,-2021
72,4633,1909
-53,12283,1422
66,-11678,-3479
52,-4318,2482
-45,5799,-465
73,-9456,-423
19,2873,540
-7,2791,-2504
36,-9061,726
-91,16154,1336
10,-12562,-4331
-8,9145,3544
-37,6466,737
37,-10338,-184
18,4938,1457
12,-4319,-2387
46,-8488,174
-31,9446,459
11,-6424,18
-22,7334,1093
-49,1459,-2417
58,-5540,1442
-40,16119,2518
56,-10155,-3156
71,32,2137
9,3378,725
96,-4977,1007
21,2667,4
90,-10070,-2328
76,1741,3104
10,6900,-1799
76,-3450,2363
-16,6391,-217
53,-9909,84
-37,10633,1299
-7,-7861,-448
-133,8680,968
-95,-9568,2974
-260,12106,-397
-172,-2666,-895
-116,7846,2642
-77,-5837,-2052
-99,-6207,270
-147,12685,1230
-30,-886,-624
91,-4123,1925
-4,3636,1178
-93,1429,-1386
0,-6763,-846
79,3943,2978
8,3179,1315
-84,1871,-614
-63,-1087,-157
46,-5967,843
-47,3533,1770
-132,6539,-605
-65,2187,-260
40,-7491,127
-74,-2555,771
-120,6762,869
38,3173,801
-4,-3815,-202
-86,1880,443
38,1602,-66
15,-4219,889
-124,1967,189
-30,1980,835
20,-1811,1070
-80,453,-14
-57,4662,706
40,1417,684
42,-4778,-52
-46,-1471,165
-30,4018,737
82,-1294,879
-3,-2101,94
-95,3913,394
-11,7172,866
76,-1700,1001
34,-4028,-366
-17,716,-955
-36,358,20
45,2954,2418
55,-6285,275
-58,185,-113
-42,6100,892
29,2595,792
79,-984,238
-28,-3491,-68
-39,4117,-274
-11,358,631
41,-179,1169
36,-3848,-329
-76,2148,287
-39,2058,583
2,805,516
39,-984,57
-79,-179,-201
-23,895,81
46,1790,885
80,-2595,-325
-17,-1074,762
-103,1610,-395
-10,2775,263
50,-2417,1538
-56,-537,-442
-74,4207,-503
-14,4553,1661
60,-3032,78
-22,-5638,-845
-70,89,441
17,4744,233
89,-2327,1178
32,-2864,273
-66,1342,-347
-44,7206,245
77,665,1088
11,-5454,402
-71,716,399
-67,5404,925
59,1649,1585
37,-2352,-33
-63,-776,-520
-94,5837,237
20,547,-82
50,-5016,493
-24,-3235,-356
-82,3826,-78
6,2611,1038
41,-848,933
-63,-2576,-83
-79,554,-556
-52,3614,958
50,-2158,712
-29,-3267,-395
-117,74,637
-67,5755,276
-12,-836,580
-89,-3034,-547
-139,4013,4
-37,2160,681
69,-3677,-260
-40,-3235,-12
-106,4158,574
-29,4975,1073
42,-2012,589
-34,-2464,-497
-98,214,-216
-45,4337,543
48,-1527,619
-13,-2549,-144
-105,1843,-358
-60,3258,131
52,-2288,927
2,-1597,-1095
-85,-1216,-140
-81,3039,370
-8,4412,906
50,-1849,401
-39,-5102,-922
-112,1510,-53
-57,2676,93
-47,1126,740
-85,-3321,-58
-221,2956,-222
-105,397,85
-35,-2993,529
-154,-2470,-1513
-134,2847,165
-46,3049,626
-18,-2559,-73
-76,-603,-717
-65,2159,22
-2,-1782,457
17,-3658,-1573
-114,1883,-495
-39,2554,-166
56,-1213,235
36,-4870,-197
1,-1782,-981
18,6464,-76
170,3760,27
200,-4024,207
255,-6087,-154
152,-986,125
91,2825,-326
102,2920,-840
102,-1230,-150
104,-6622,-171
-19,665,-28
-14,1923,-560
79,4082,596
202,-3096,-704
204,-7614,-1635
239,-2416,-823
215,1163,-888
236,-179,-1674
197,4117,-40
167,2834,166
174,-887,-397
141,-5437,-339
58,-3222,-467
-20,0,-1325
-60,447,-1599
1,5907,1120
75,-5191,-593
88,-895,63
8,-894,-612
-65,626,-900
-23,2148,-844
45,-1164,-122
81,-1789,157
-8,-6892,-913
-89,5460,-267
-23,2237,275
18,0,-589
32,-7697,-1168
-87,3491,-221
-27,4206,-1964
66,-537,858
42,-8085,-1199
-30,-1146,-1502
-7,2429,288
111,-913,1059
-14,-1922,-1479
-12,5968,102
143,984,389
8,-6213,-1609
-37,3081,-688
74,-2711,-148
20,-2350,-910
-47,2683,416
74,-1738,165
-54,-1284,-882
-35,2393,-255
60,-2025,-239
-73,-198,-967
18,1853,224
10,-2730,-136
-74,792,-911
63,113,-309
3,-2182,-758
-45,1814,-399
71,-2028,-71
-46,-2553,-155
-9,2434,-334
62,-3289,-905
-79,-1604,-1204
29,1999,-122
17,-2656,-656
-61,2223,964
89,-1600,-106
-31,-571,-741
-2,2284,126
50,-3152,-172
-91,1508,-530
49,1098,378
-45,-2751,-719
-50,3680,184
63,-1155,-178
-97,-189,-653
38,471,-197
-24,-2053,-789
-27,2242,100
86,-3092,-291
-58,-577,-783
46,513,-168
69,-3298,-243
-30,1020,-1043
73,627,1152
22,-3649,-169
-18,3093,-112
106,-864,235
-8,-785,-1039
0,2762,48
122,-707,234
-18,-271,-313
71,2489,-267
171,-2822,-307
5,-510,-1176
94,453,-302
128,-2172,-364
-16,-961,132
86,2623,426
133,-3669,-666
13,245,-399
94,1907,31
95,-3274,-514
-28,1207,-217
110,368,1234
10,-1870,-575
-44,2847,-42
69,-817,305
-72,-466,-649
-4,3153,761
26,-1652,430
-35,2319,152
86,-652,73
29,-4202,-828
-57,1561,-204
70,1694,1083
-25,-2356,417
-58,4707,793
69,933,1
-25,-4004,-1072
-28,1097,-14
70,-2451,283
-35,-2401,918
-48,5677,794
75,2734,355
60,-3748,-1074
-48,3036,-613
28,-1583,251
37,-4849,12
-112,2886,1965
-31,7619,1107
72,-1056,-239
-68,-5181,-1514
-38,383,-215
26,-1659,1345
-58,2913,1848
-144,4751,-584
-100,263,-684
-47,-9540,-472
-170,4466,1447
-181,9294,622
-135,-9309,-970
-218,-627,1136
-129,10531,1033
-125,-5474,-1400
-165,-3341,302
-50,3152,2494
-113,2734,-1528
-168,-4151,127
-21,-207,1230
-68,6523,1334
-141,311,-1345
-50,-2413,-485
61,-272,2429
-17,1342,881
-60,3125,-320
25,2723,46
90,-4731,484
56,-4494,132
-69,1764,563
-31,6537,1147
74,518,1131
49,-629,42
-13,-739,-407
-38,4573,1495
78,-1969,689
29,-4232,1173
-52,-537,123
-79,7185,229
23,3222,1438
91,-358,639
13,-3490,-134
-51,1432,-576
37,3580,1829
51,-2059,826
-3,-2416,150
-92,1074,-41
-41,4206,1287
41,89,-37
3,-805,580
-57,805,228
-45,358,-470
35,-358,708
35,-1700,317
-95,-1342,-199
-104,3042,409
-5,3849,578
43,-1522,1001
-32,-2416,-891
-87,2058,-191
-25,5102,1456
29,-1701,342
10,-4922,-655
-40,-358,-124
-89,358,364
-8,5996,1016
5,-3222,1498
14,-268,442
-107,-2506,-1186
-86,6444,-41
-36,2676,899
24,-444,1016
-59,-5007,-401
-142,2685,-316
-81,3616,1363
-17,-1405,262
-26,-6865,122
-110,537,-632
-146,5441,1033
-19,3624,1924
-40,-2330,-542
-93,-1109,-575
-124,3693,314
-10,2644,553
64,-3662,211
-19,-4094,-233
-45,89,-215
-47,5221,672
18,1756,963
30,-3947,316
-91,-2329,-1148
-57,259,514
-49,5327,1809
24,-1009,-438
-30,-2543,238
-79,628,-261
-69,4850,485
6,1410,883
35,2288,1373
39,-961,-935
61,-5983,-722
-19,-2713,-110
-9,1072,-219
-37,1019,-440
-2,2299,220
44,1704,328
63,-1086,47
25,-285,480
53,-4982,-19
7,-2263,-186
-9,3188,800
-73,2075,-962
-50,3311,-512
9,313,393
1,3396,783
43,951,573
57,-4075,-551
32,-4688,109
26,-2319,-1276
23,444,-243
46,-3223,-663
35,269,-512
30,2769,445
-22,3474,-649
-3,1693,-516
18,-48,756
43,3801,716
101,-622,-459
117,-3797,-528
171,-4094,145
181,-851,-1580
184,-591,70
203,-3793,-8
177,4569,508
143,-2868,-1018
115,-5191,-1638
63,268,1353
50,-895,-1590
2,-268,-1088
20,-89,9
-4,894,-1048
19,8445,-207
35,2165,280
55,-2054,726
65,-3365,-1363
24,-1521,-605
29,-3401,278
-4,716,653
26,-1343,-538
-12,537,-2042
-9,-1252,-1024
-31,-2506,-1149
-4,2774,605
31,0,284
35,-268,-33
7,-2864,-808
-81,3221,207
-15,-89,-1666
79,-447,1100
8,-6444,-1140
-101,2595,-301
66,358,828
-24,-2058,-811
24,-269,-103
56,1074,-268
-54,5012,-962
56,-5459,-1431
-37,3848,-234
60,-984,884
-34,-1969,-256
52,2864,867
-10,-716,-1208
-10,626,-373
42,-4654,-609
-82,2327,-47
69,-1074,-527
-70,-1253,-1306
-11,-89,-401
56,-4165,-446
-96,2255,-476
36,3700,735
-26,-5289,-990
-68,1959,-707
58,-1664,-381
-23,-4559,-1048
-37,3315,244
69,-962,204
-30,-1259,-676
-55,1825,-588
90,-2539,-19
-19,-3567,-1252
-98,2997,114
5,-262,401
8,3032,272
-103,-1302,-1545
-47,-2722,-2021
0,-1630,950
43,2812,2429
-43,4378,-3051
41,-9763,72
4,-4718,1325
-57,10222,-785
-1,-7038,-2252
29,-1392,1140
-31,10502,68
-43,-6383,-806
2,-1861,127
-14,8781,1271
-17,2611,-831
50,-10879,-1737
38,-3862,2030
-60,6270,-1163
-27,2347,-1655
-15,-10469,-1204
7,6629,2056
-28,6929,1951
65,-4030,-2978
26,-11207,-659
2,287,-400
-46,11631,598
25,5097,-784
99,-10440,-2034
83,-8056,574
-30,1493,2242
-70,8979,-1140
-28,1055,-1607
72,-5962,134
37,-326,2367
-18,2272,-429
-70,2797,-1652
39,-1450,-814
71,-5403,25
68,-6061,557
-11,7025,153
-47,6015,-1354
65,320,609
118,-6672,-622
91,-5263,-514
17,3182,-697
10,6183,-3
139,-2704,-1164
95,-7233,350
-8,-1968,-497
2,6483,158
67,3530,511
49,-5058,-2013
-24,-5549,-2103
-20,4440,2452
79,8557,1302
40,-4829,-1649
8,-6367,-2387
31,-4671,-198
77,8184,2722
56,3554,851
-46,-1611,-687
-39,-4960,-1169
43,85,873
58,1650,1661
-19,3494,-2286
-20,-3279,-3032
25,-1633,2509
54,3702,1812
45,825,-188
-36,-3668,-2454
-24,-5739,-264
46,7426,3097
36,5046,27
-63,-2128,-711
-23,-3117,-910
42,-1313,1321
48,5976,1677
-40,-3173,-3392
-31,-4711,757
28,1065,1020
49,6279,1648
-18,-3500,-2663
-20,-6628,-1907
-20,5960,2611
-8,6278,1129
30,-2905,-1123
-39,-11010,-1869
0,4666,1187
69,9670,2306
54,-5642,-2225
39,-6970,-553
-8,3685,1789
38,10673,1643
110,-1070,-1120
32,-8259,-2313
21,-3916,46
-10,5991,2101
62,7323,1169
51,-8786,-1341
-25,-6661,-663
-77,9466,2574
-32,10119,2328
76,-9023,-2146
-31,-8632,-56
-85,8646,984
-60,10575,143
79,-8091,-1395
43,-10637,-269
-62,5449,1665
-79,10793,904
54,-4133,-590
89,-9679,586
0,6788,2368
-81,4826,-1707
-46,-5689,-283
74,1558,1679
3,4045,1594
-40,1082,-1281
-95,-1186,-1623
4,-2645,743
26,3982,3081
19,1218,457
-15,-2762,-1457
-55,-7087,-374
-44,7242,2225
-55,12456,3119
-58,-6793,-2743
-142,-8013,-67
-171,3287,1583
-126,7387,2094
-93,-84,-1298
-163,-9580,-1628
-165,2786,2141
-79,12979,2422
-61,-4306,-364
-154,-4385,-847
-77,1176,1710
13,4318,2575
-109,-37,-540
-61,6725,661
75,-3849,281
25,-4355,-30
-59,481,514
64,3069,2086
51,-4733,-15
-59,2403,192
-9,6089,1968
56,-3222,318
-64,1969,495
-17,3490,1195
72,-447,-79
-49,-448,169
-46,1163,401
85,-805,226
-49,-179,83
-61,805,305
76,-89,690
-45,-358,-562
-98,1074,39
23,1521,819
-27,-1611,-132
-113,448,-436
13,3580,1680
34,-3580,-811
-43,-90,-204
-30,4296,1005
35,2059,1740
42,-4923,-821
-71,3759,-231
7,2742,417
82,-3726,983
-38,-3222,-634
-48,2774,655
53,3361,2203
16,-4524,-522
-85,4487,529
2,3263,808
79,-5423,410
-40,-627,-54
-38,3785,974
96,-3695,681
-40,89,-293
-145,3865,163
-13,3760,1107
-20,-4462,51
-110,-2089,-707
-54,3752,1097
39,-2181,493
-52,37,-271
-53,3500,244
27,1930,906
54,-3434,-24
-56,-2033,-434
-95,4923,974
23,2042,968
-52,-3258,-30
-124,1386,-439
-24,1016,983
57,-960,913
-59,-594,362
-90,3260,-302
17,3443,799
62,-1776,600
-35,-2659,-615
-104,3950,773
19,1416,349
5,-1416,836
-85,1263,188
-3,1404,542
79,202,1036
37,-2938,19
-62,3013,214
4,2723,481
100,-5252,189
-19,-2829,-340
-69,2141,-145
-1,1881,1354
4,-328,-164
-76,-1760,-1212
-98,-641,-227
51,5148,1225
38,583,843
-56,43,-286
-48,3019,-627
50,-2807,1079
70,-1003,922
-73,-2651,-483
-108,2290,-718
-13,-45,220
55,-2297,157
-28,-1020,-245
-89,1309,-396
-10,3531,-153
47,2071,235
54,-1816,1106
62,-2984,-680
-46,1491,-269
-40,1832,118
18,-162,649
70,-602,863
-4,-3996,-847
-43,-1161,-1301
-76,348,-825
-19,2346,104
26,-160,368
15,-3646,-142
-89,1841,-886
-38,1211,-905
-1,2749,-580
67,-1141,639
91,-1399,621
10,-2621,-619
-78,-925,-872
-17,2627,-707
33,2017,28
107,-2103,-9
56,-4461,-406
-31,415,-1000
-66,2864,-320
19,1372,-438
28,-2032,391
49,-3950,15
-30,-911,-786
-53,3388,-46
16,3816,760
54,-3293,-2337
57,-5806,-44
-20,-1566,-813
-83,2528,-293
42,3548,652
76,-3576,-100
121,-962,-2454
24,-1353,-322
53,591,-206
142,1695,1040
149,-3469,-1239
164,-4126,-1351
109,3043,-908
170,1489,-455
200,-2473,316
160,-6265,-857
-10,0,-2135
-23,2685,-1223
54,2595,1095
43,-5370,-966
5,-268,-70
-6,1163,-1161
138,90,187
99,-1521,-328
9,-179,-407
-39,894,-504
23,448,-524
93,-984,-169
30,-3849,-1002
-40,90,-847
-46,3669,164
48,179,-293
65,-4117,-985
-38,-6609,-2664
-69,2173,-1016
-5,4615,604
98,-4874,432
40,-2791,-1449
-49,3715,-1480
21,4129,-386
95,-4499,-441
34,-5158,-794
-14,-1237,-840
-17,3304,-521
85,-3280,-279
-28,-2031,-980
-96,2198,-434
25,3623,-87
29,-4170,316
-67,1093,-949
-25,785,-748
68,-1831,181
-12,-4428,-1287
-56,484,1219
-3,3754,-44
38,-3892,-872
-74,1241,-795
-45,4411,157
68,-2369,-395
-44,-3439,-693
-25,2707,-186
54,-2292,-51
-15,-4552,-379
-112,3095,-653
12,4899,1376
19,-3214,-727
-87,999,-330
6,1128,-21
83,-2856,-288
-26,-4249,-1454
-41,3574,622
57,-2569,955
-19,-1646,-313
-94,5253,-127
35,2430,780
33,-3502,-917
-52,1400,-1389
49,1169,49
109,-5655,-100
-33,-2654,-1035
-31,3175,287
44,-1468,949
-95,3064,-789
-92,4555,-435
64,-6602,-518
-14,-5530,-596
-90,4311,151
60,5428,1675
27,-2945,-1139
-85,2409,-560
47,-2154,-63
47,-4102,-223
-65,-1463,-3
-45,5949,577
67,-81,767
-25,-1235,-964
-49,1235,-756
14,-2715,367
-38,-3276,190
-113,3179,-668
33,5764,1293
92,-2647,-544
-16,-1029,-840
38,1350,-364
85,-5211,-47
-63,39,-204
-18,4851,838
63,-385,339
-35,337,-1098
-14,-3298,-1343
62,-3908,104
-18,-1162,-1118
-107,5245,814
-4,3251,479
-5,-5812,-1276
-82,-1744,-1296
21,-1191,745
47,1100,1223
-94,2447,-2078
-25,3519,-298
95,-6181,-827
1,-5834,-1039
-29,3479,255
51,5568,1523
55,-2356,-528
-9,-1721,-1043
40,909,-770
166,-3804,212
93,-2239,819
-8,2871,-436
43,5904,801
146,590,313
85,-4307,-392
-3,1076,-922
74,-510,353
141,-1474,53
53,-3014,423
27,4590,-179
123,2175,79
186,-3952,-345
133,-2620,-961
86,3762,-406
185,1305,2053
148,-3125,-498
0,-2628,-1580
-20,3539,27
70,-53,317
-3,-3012,-974
-41,5006,1278
57,1263,-523
57,-4998,-1242
-32,-4789,-1096
-21,3148,708
72,-1305,1547
-40,3164,164
-43,2950,-1252
83,-4828,-660
14,-5759,-427
-109,5871,911
38,6251,139
46,-4932,190
-46,-3957,-649
16,900,928
24,5770,1366
-40,-317,-2063
-15,-2888,1072
108,-4476,1050
-32,6504,625
-104,3838,-1293
32,-6974,-885
51,-10,1906
-114,6094,1312
-39,1123,-1111
136,-9416,22
-45,5641,1289
-96,6911,-1320
68,-7713,-710
15,-722,3397
-168,8393,-537
-45,-3533,-813
-28,-5187,709
-273,8092,1222
-126,-3223,-1964
-104,-4572,2666
-279,11086,11
-63,-7582,-518
-141,1421,1540
-247,3895,-1073
-41,-4178,791
-112,3951,1300
-212,-2761,-1769
-17,37,927
-37,4761,1518
-142,-4036,-2807
-31,-1881,3027
-38,8746,404
32,-3025,-1562
51,-9652,975
-55,10994,992
-44,-5323,-3248
9,-3028,1606
-51,10565,996
26,-5227,-1175
51,2372,2351
2,10139,1398
40,-9594,-1778
52,-2294,2520
-7,8854,-932
59,-13574,-51
14,11214,3776
-5,-2974,-2869
27,-6927,327
-39,10320,1349
8,-9461,-1583
32,-2655,1456
-44,13891,1796
11,-1399,-2047
23,-6120,2433
-48,12194,112
18,-4770,-844
12,-3593,1787
-35,11397,1293
7,-5074,-1363
28,1301,3177
-17,10485,1422
-6,-3758,-906
77,-12501,95
33,-962,2383
-51,8547,-110
-37,-2547,-125
-1,-6511,-1267
-8,5606,1585
-5,12216,2568
3,537,-1110
91,-9338,-630
41,-5496,602
-43,5053,1417
-82,9065,1280
-21,2506,-1662
28,-8502,-494
56,-269,4024
-12,4207,-673
-1,1611,301
-28,-5281,-1589
6,358,-260
-24,4207,3384
44,2684,1547
-6,1164,-956
-16,-2596,-102
-40,-984,-1075
-10,-2148,1260
15,5817,2067
56,895,-914
43,-3043,523
-27,-626,-366
-20,0,134
-59,0,868
40,4296,1731
-22,-90,-492
31,-4027,-36
-60,4654,-408
-6,-1343,310
26,806,623
47,-537,1434
55,-2059,895
-13,-1700,-160
-85,4027,-1003
-20,3491,-76
41,2878,1524
70,1330,2058
46,-7699,-2089
-26,-1342,435
-64,7785,138
-17,2698,112
43,-3474,948
64,-1664,1913
14,-6688,-511
-11,985,59
-93,6368,-359
-50,4758,-187
7,-369,1675
44,2459,-1571
44,-4213,1307
6,-3902,780
-64,4185,641
-65,5101,-975
-1,-4592,-1205
19,3797,1985
60,-2134,892
26,-3389,762
14,-1922,293
-21,-629,-791
-37,37,-72
-57,4296,1553
-31,4034,150
-3,1186,302
29,1964,1374
47,1524,-73
19,-4005,969
32,-2097,60
-8,717,-21
-8,-4567,-637
-33,961,203
-47,-113,-241
-15,198,2344
-59,5512,-436
-53,4465,277
-22,60,523
-6,2487,480
-12,40,471
24,-4577,242
-23,1176,326
-46,-4367,-662
-69,-4117,-388
-88,3156,928
-84,1394,-962
-83,2619,1551
-57,6214,130
-56,2554,-243
-29,-2579,-359
-46,-590,1099
-36,-3576,-477
-79,-7828,-910
-130,-261,1167
-132,2241,-355
-162,2507,45
-92,5643,1043
-120,5259,-1015
-92,-1884,-237
-109,-537,1168
-91,-936,614
-104,-6780,156
-80,-2938,555
-120,5589,67
-76,-1908,-729
-74,2164,708
-60,852,60
16,-2051,-350
20,1289,610
58,1428,-291
60,-1503,537
15,1843,412
34,-2234,-164
14,2163,1222
-17,-212,-1190
18,-1169,-853
13,4035,48
35,-2796,-575
29,1377,350
24,-714,-1468
20,-1811,-761
5,1744,-793
10,-3071,-1137
-1,-2955,-432
-23,-1075,-437
15,-3727,-1049
59,-1502,167
80,3555,-735
119,-2219,-499
166,1189,-269
160,1322,-942
163,1345,-263
123,113,-156
166,1721,-390
109,-103,170
31,-2072,32
64,-1380,-178
74,-4489,-103
66,453,-740
97,-3239,-1284
108,-333,-1284
29,-1781,-1044
39,7349,705
40,-271,1188
-3,-226,-362
-20,-4073,-123
-88,1036,-315
-42,3207,395
77,-1584,519
26,-7138,-1139
-59,-1611,-1152
-72,6682,81
7,1331,645
-28,-1886,-138
-108,3131,76
-6,1782,-587
72,-5356,-270
-39,-1120,-702
-7,1378,-74
108,-5137,-725
60,-3580,-1083
-18,985,-1127
123,6354,230
128,-1969,-391
13,1790,-782
15,2408,948
152,-1960,-988
78,-6623,-1294
-22,1163,-1243
129,-179,113
117,-2953,-663
22,-716,-659
1,1611,331
77,-179,-176
-28,-1611,-376
-66,2148,-102
94,-358,39
6,-805,55
-29,805,-117
93,-89,-243
-1,-1074,-200
-71,1163,-468
76,-268,-321
2,-1522,-187
-85,1253,-341
78,448,-617
-3,-3491,-815
-96,2954,-445
6,268,-411
35,-3580,471
-86,2059,-1246
18,268,-657
97,-2953,-79
-36,-1074,-1490
-2,1253,-561
125,-1343,989
6,-3707,-1481
-46,3707,-381
57,-3004,-195
-13,-2071,-1065
-83,2625,176
47,571,441
73,-4006,-594
-57,340,-903
-6,2651,366
109,-702,-4
-52,-3788,-1458
-30,2827,82
48,-2516,-468
-100,-113,-528
-40,1641,-57
48,-2441,-726
-70,828,-146
54,-757,-388
11,-2444,-781
-45,1612,-601
87,-547,101
-51,-563,-640
46,1229,-1
12,-2441,-819
-16,3107,-48
76,-2626,230
-61,919,-238
47,494,874
50,-2187,-506
-27,2401,-340
86,-1607,96
-46,586,-707
55,-209,-745
-8,-3944,337
-66,2673,-7
87,-660,-82
-44,-207,-1368
7,-1080,-703
107,-1509,1460
-27,2777,-68
-18,1803,-960
94,-3987,315
-34,-2129,-1074
-38,1520,702
63,1370,1488
24,-2740,-552
-55,3861,8
79,3482,1516
119,166,-481
11,-6668,256
24,-871,-678
52,694,550
44,2508,594
-49,991,-1270
-98,-2305,-2387
20,-2580,1262
2,4923,2054
-20,2142,-1186
-36,-11449,-2505
11,1711,1512
-86,10144,-346
44,-7516,-167
13,-816,996
-23,9782,-485
58,-6716,-2709
44,-674,2094
-15,5963,822
52,-8823,-1233
7,6063,1485
-36,8992,-1442
57,-14814,-2522
-7,8006,3923
-32,3318,-2632
50,-8400,1055
5,7863,384
41,-8917,-1501
12,9850,3055
-12,-5558,-5105
37,-7497,2549
-37,10203,1126
27,-12238,-2386
-25,-646,1700
-35,4768,-1954
-2,-6804,971
-49,6960,294
9,-9720,-542
-49,10607,1676
-52,-1284,-3522
64,-8477,374
-54,10569,1259
12,-5137,-823
-38,7412,1796
-50,6786,-821
29,-11720,-1034
16,7665,1746
4,9073,1394
33,-14872,-1363
26,1322,3209
-83,8928,1906
-98,-7839,-3736
-107,-8096,1951
-209,9113,472
-228,509,-1683
-95,-2743,810
-103,11366,2904
-56,-1257,-2313
36,-11288,1540
-59,301,2706
-156,10641,-496
-120,-4042,-1452
-45,-1952,1247
-16,11520,3101
16,5460,1928
44,-2864,751
44,-7480,-1163
-3,-5737,-137
-52,4812,2300
-25,9926,407
46,1432,1385
53,0,-336
-10,-4743,1278
3,-8001,-1578
-31,10328,3724
-173,9486,1280
-395,1515,3204
-1655,38170,27093
-1472,22761,34315
-238,7652,9822
-259,830,-1342
-439,-7321,-2591
-219,-13259,-9803
995,-25487,-20962
2598,-32915,-32782
1592,-24828,-26618
425,-8454,-7481
137,-1493,-5777
128,4506,1732
57,9661,7807
-111,12970,12653
-329,9069,10013
-374,5549,5041
-140,-895,262