R
StartTickMs,measCycleMs,Px,Ix,Dx,Py,Iy,Dy,Pz,Iz,FFrx,FFry,FFdrx,FFdry,satI,satPID,KFQAng,KFQbias,KFRmeas,CPx,CIx,CPy,CIy,CsatI,CsatPID,CFFdrx,CFFdry,IRelaxX,IRelaxY,DmaxR,DmaxE,DMx,DMy
276531,10,58,70,47,58,70,47,250,0,0,0,100,100,500000,15000000,1000,1,1000,1,0,1,0,100000,10000000,0,0,4096,4096,0,0,0,0
GPT1X,aPT1R,aKFPT11R
-7,537,1688
3,0,254
-4,0,-240
2,0,224
-3,0,-265
4,0,305
-3,0,-317
0,0,352
-1,0,-366
0,0,358
-1,0,-373
5,0,395
-3,0,-406
2,0,382
-7,0,-422
13,0,440
-5,0,-451
-8,0,451
5,0,-463
-6,0,439
8,0,-452
-3,0,457
6,0,-488
-5,0,467
5,0,-479
-2,0,458
0,0,-473
-1,0,461
2,0,-490
-3,0,471
0,0,-482
-2,0,474
2,0,-485
-1,0,441
1,0,-451
1,0,436
1,0,-315
5,0,305
-5,0,-218
-2,0,197
-1,0,-103
8,0,88
-2,0,-102
-4,0,62
2,0,23
-1,0,-40
-4,0,162
5,0,-202
-5,0,181
3,0,-200
3,0,252
-1,0,-264
-5,0,328
6,0,-368
-2,0,346
0,0,-363
-2,0,388
-2,0,-403
7,0,386
-8,0,-401
8,0,413
-9,0,-429
4,0,435
0,0,-469
-4,0,443
3,0,-459
-3,0,463
3,0,-474
2,0,461
-7,0,-475
8,0,454
-2,0,-484
0,0,473
1,0,-485
2,0,454
1,0,-465
-5,0,442
-2,0,-456
2,179,541
-2,358,18
4,447,605
-2,-268,-77
4,-537,-107
-11,-179,-551
11,1342,891
-5,-447,-233
3,1521,348
-19,-1432,446
31,-716,-559
-25,1253,870
10,-1611,-1578
26,1343,1046
-42,89,164
3,-1432,-655
-8,2775,458
14,984,489
-1,-3580,-1063
30,537,384
-41,627,133
6,-179,50
11,-627,-525
-26,-716,395
38,1074,-430
-27,0,796
56,1343,-577
-31,0,694
2,-269,-1259
-22,-1700,594
20,1879,-267
0,627,1160
2,-1880,-1128
1,-626,223
-2,447,-663
-4,537,765
0,448,-236
1,-895,271
-11,447,-407
14,-89,445
-4,0,-511
4,-537,687
6,89,-555
9,358,591
8,1253,329
-11,-1074,329
-7,-1521,348
3,-179,-1036
0,716,-646
-19,1969,247
6,-448,-82
21,-537,65
11,448,34
-23,-537,-65
-1,-90,700
31,-1521,-443
19,4564,725
-20,-2327,549
31,-1700,-1015
-37,1253,-368
-14,-1611,-160
47,4206,532
-27,-4922,-281
67,10822,1291
-67,-15118,-123
112,19356,1852
-80,-22664,-1938
127,24625,3110
-97,-26658,-4411
49,21617,5738
-10,-9206,-5839
-1,-2326,357
4,89,853
58,10655,-444
-76,-19794,-1904
6,10302,3502
-22,179,-2378
18,6688,-274
-78,-18833,-1851
-8,11429,2712
-24,-894,-1568
37,9148,621
-40,-13892,-3527
-9,5012,3038
-27,-2237,-738
31,5369,1496
1,-3669,-2516
13,537,903
31,-7808,-3134
9,7629,3148
18,179,-1149
-81,-8215,2281
45,9557,-1126
-59,-10629,-588
38,9287,1447
-44,-6354,-1383
21,6354,2205
35,-3669,-2646
-106,-4176,681
64,8382,-27
-63,-5012,-1016
-13,10919,2461
-47,-6176,-950
5,-805,1790
54,2864,-626
69,-2595,-1067
-38,-2238,57
-77,3938,2434
-114,3938,-1102
-60,-5370,-1016
-19,-1790,1070
75,4743,602
-13,4781,-24
-118,-6839,-1045
-115,-984,-133
-45,89,803
-39,179,-1097
-11,-179,-277
9,0,-137
10,-89,734
112,89,-660
79,447,560
80,0,-146
19,537,1323
31,9819,1625
-101,-1923,30
-67,-8880,-1856
-14,-716,1709
65,2416,206
-4,6182,-1011
-50,-4213,581
-71,-3222,-810
1,4654,1483
-24,5073,2234
-23,-5878,-2908
-54,-5280,-1013
82,268,1210
96,10780,2209
23,4958,297
-48,-6068,-1838
-44,-8865,-80
17,716,2155
49,5191,-43
54,-2506,-3380
34,-2237,900
36,-1164,118
10,6713,2462
12,8458,2592
-27,-238,-2210
-73,-9384,-2644
-17,-7428,2412
56,1790,464
86,9472,-364
-21,-333,-2387
-34,-4754,1029
-66,-3490,-589
41,5101,3198
2,1701,-911
51,-2327,-2613
-58,-2596,-1213
-84,-2148,1276
-39,5997,2875
-40,1629,-937
-54,1109,-2544
-161,-6945,-185
-125,-2416,2738
-16,3669,-700
-65,8877,-1489
-150,-4331,92
-85,-8126,550
48,627,-189
75,5728,-6
24,5282,1130
-72,-4119,-358
-1,-6086,-1804
38,0,158
9,6176,1438
-23,-179,808
-39,-4565,-287
63,269,5
107,5252,70
101,4723,655
31,-3170,210
67,-5552,743
131,-179,336
147,2237,178
150,4307,356
15,-37,1697
14,-1368,176
70,-1442,358
95,3478,116
41,1669,885
-62,-990,504
-21,-1310,340
72,4277,-199
6,-1141,-78
-27,-1939,-239
7,-4788,749
116,4760,1323
78,7162,1217
-40,-2018,-1242
-52,-5258,-302
37,-3902,1733
91,4723,173
32,4606,-327
-71,302,643
22,-2792,-444
25,-2399,-1069
42,651,1667
30,2856,1452
-4,1004,-977
56,284,-1495
-38,-1831,731
-73,-5223,-229
44,4848,1972
75,5066,83
-19,103,-666
-98,-4884,-1139
-7,-5317,439
83,4295,276
14,6650,2039
-74,-830,-699
-21,-536,-1025
20,-6429,-1289
11,1073,2463
-29,1309,1283
-6,4947,-378
8,-128,-2448
-15,-3151,738
-86,-3286,1326
28,4568,1621
28,3740,-1323
-8,-3853,-1839
-19,-3456,598
-38,-808,2186
33,5820,-37
53,6320,-388
-4,-9417,-56
-64,-2248,710
9,4325,766
-10,4351,133
-25,-6783,-543
49,-167,274
13,11503,1926
-21,-1311,-1031
-83,-13235,-1466
50,5711,1908
81,10266,446
-40,-6097,-3070
-60,-7992,2590
2,13443,3347
-13,-3502,-3151
-53,-12027,-2048
84,9908,4952
77,7698,-2813
-61,-12604,636
-10,12045,4051
16,1911,-2982
-100,-17015,-2026
9,7921,4567
76,-797,-3849
-8,-7314,753
52,12803,2892
22,4043,-2724
-88,-10928,363
53,13097,3644
-34,-4763,-3803
-89,-14419,720
39,13547,2296
38,-8982,-4048
-16,1199,5363
106,14189,-684
1,-8462,-1892
-68,1251,2203
13,8082,-907
-76,-15076,-1761
-34,995,1392
80,10168,857
-43,-14692,-1296
65,10951,2940
50,10884,5
-78,-14910,-2206
-45,6459,3842
31,164,-2648
-67,-11427,-40
50,11012,2082
53,-6307,-4428
-12,-6993,108
35,16149,5145
25,2855,-2975
-73,-10951,1722
44,12456,2004
-39,-9203,-3298
-40,-11139,-688
68,16239,2933
30,-1909,-4278
-59,-5866,2986
40,14305,3317
-51,-8386,-3491
-48,-13431,73
62,14293,2117
85,-3635,-3576
15,-4331,577
60,11879,1396
-14,1910,-35
-76,-17266,295
21,7667,3186
98,7716,-2530
29,-8222,-3746
18,-177,3901
55,12760,1785
-63,-10107,-1932
-30,-3872,1704
79,8499,1212
59,-6997,-5900
-6,-2220,3654
89,13288,1768
-18,-6953,-2988
-42,-5963,2762
41,13356,442
-26,-14543,-5199
14,-4104,4671
100,16225,-375
6,-6470,-1776
-10,4982,3072
60,2659,-1450
-102,-15387,-2386
63,16141,5734
67,-5320,-3979
26,-11393,-1078
122,13550,3103
24,428,-1861
-37,-4335,2982
91,13425,1262
-74,-13876,-2137
10,2327,2869
30,-1450,-2965
0,-10640,-1272
150,16546,2351
66,-4611,-2726
13,-386,3487
104,8049,-419
-36,-11491,-520
91,7371,3347
25,-179,-1773
-24,-10038,-1130
100,9864,1503
19,-9974,-6221
66,4140,6573
95,8204,-3464
-10,-9005,477
84,13083,2123
3,-9311,-3257
-64,-1066,1915
67,2586,-1180
-39,-14006,-3565
109,13256,3641
4,-4313,-4569
25,3129,4008
-11,395,-3359
-107,-6159,3859
-2,8135,-2329
-89,-12728,614
68,8876,-840
-17,-12177,-1745
64,16743,1352
-57,-11480,-1945
-47,8809,1634
-76,-6331,-1997
-76,-9040,988
64,14658,-263
-87,-10902,-730
-98,6463,1076
9,-943,-2072
-9,-10733,-1809
43,11959,2324
-85,-2402,-3692
-69,-11792,-29
50,9622,760
-58,1424,-2016
-93,-10295,-2544
-16,1641,2613
-54,8872,-152
-132,-5313,-2357
-68,-6212,-2357
-79,1012,2460
-55,3496,-365
-17,2378,-775
-112,-3837,-2274
-84,-5125,380
25,3673,42
-67,3084,32
-84,-1821,-2340
-18,-3264,-819
-103,-1304,113
-3,-1500,-576
8,2661,45
-59,-166,-463
-38,-1137,-1109
-68,-396,-1222
-109,-3726,-301
8,-666,-687
-36,1775,42
-18,628,-597
45,-1072,-877
-12,407,-1018
-76,-4772,-211
63,-2506,-1838
55,3759,1039
-9,716,-484
48,-3401,-519
76,448,-1483
-16,3222,766
-74,-3938,-1343
35,-2327,-457
58,984,-926
-23,-1163,572
-51,-179,-227
43,716,-872
-20,2864,-329
-68,-3312,-116
8,-1342,-347
53,448,296
2,2237,84
-13,-269,157
-17,-1521,-997
17,0,-377
-96,-895,235
-10,-626,-418
89,626,174
40,269,-163
-42,-179,115
54,179,-471
69,268,81
-59,-447,-681
-10,-2864,44
55,447,-939
1,806,-84
-68,-4117,-1475
45,-1074,792
50,3938,150
-47,-1343,253
24,-2595,-2295
54,1611,329
-50,-1880,-106
2,806,729
95,4564,-1017
-21,179,457
-56,-6135,-1488
56,407,199
0,3759,454
-45,-1521,-482
36,-2312,-786
-63,701,-506
-112,-3400,-28
-30,887,-350
29,2155,-419
-73,-1970,-971
-57,-4411,-329
78,452,-569
44,2591,91
-12,2034,-144
-5,-4550,-902
73,-1003,-1489
20,2559,647
-65,1441,88
-15,-2120,-1000
40,57,-1656
-14,424,405
-39,-1624,-746
-20,-2706,-129
64,1945,-1184
4,-23,-99
-56,-1211,-445
-39,-2854,565
35,1056,-777
49,2343,165
-56,-2155,-320
-57,-2900,-107
63,743,1064
16,3161,-774
-25,334,71
-33,-4290,-937
32,-942,121
49,3122,-428
-32,919,636
-93,-2321,-817
14,-2233,-1087
3,-80,-164
-28,1535,626
-54,1558,-21
18,-3545,-901
84,-542,-1543
0,1154,1015
-42,-1724,-955
5,-71,424
94,1955,-1138
-13,1665,1109
-49,-1873,-931
21,-2370,513
61,4139,-333
-2,2003,805
-59,-3034,-1339
-6,-1302,-142
40,241,-83
-7,4265,1011
-24,-1378,-1094
43,-415,-27
31,-674,-153
-76,-3789,301
-62,1570,-799
24,-1187,5
16,1006,-138
-45,-2374,-383
-40,-3678,-409
46,2005,-395
9,1498,61
-51,-1670,-1353
-21,-3037,-445
81,1733,-984
3,3715,929
-54,675,-495
-1,-1039,-524
-3,-1212,-1196
-58,1051,1550
-101,-1205,96
-2,256,-377
23,-1244,-652
-75,-1067,316
-6,-2573,-266
55,1207,-427
18,680,-67
-68,-2204,-547
16,-821,625
56,4076,-802
-51,1998,402
-79,-2175,-958
-5,-412,346
23,1512,-197
-54,2187,880
-40,-1728,-312
-49,-2410,-802
10,-967,-1048
-22,77,180
-65,1918,279
-8,-2917,-564
33,-1108,-1072
-20,31,765
-56,-800,336
-56,-1251,56
63,1142,-200
94,1384,232
-21,-547,-386
-27,-358,850
-5,-539,-1023
78,-129,-294
46,2573,-459
-17,3099,1845
-53,552,186
-22,-62,863
43,-882,-862
1,73,242
-19,-2310,23
-104,-208,985
-23,-2095,-1217
19,481,-913
32,-863,-252
-45,955,-167
-19,217,351
41,486,-703
73,1901,68
-11,751,1280
-80,2794,591
-77,-2205,320
1,-4323,-1167
23,-1598,-1134
-16,892,513
-37,1167,10
9,769,-74
21,1333,-561
55,806,1177
-22,4128,1529
-22,1138,1145
-105,-5137,-522
-15,-4323,-840
19,1421,890
31,1545,-953
-17,1699,333
-61,-2059,-676
-18,-783,241
26,1407,120
65,4554,537
-41,2096,228
-42,-930,843
-92,-1193,900
-29,552,174
-16,-3456,-1241
-3,-1533,-115
-11,1839,350
-22,306,219
10,-1963,-927
91,1163,976
77,5516,418
-16,1661,540
-90,-1541,666
-100,-4505,175
-20,1611,743
-8,-862,-703
17,1063,-450
-51,-807,248
-46,-576,525
-14,974,8
53,-1550,70
94,2000,-379
34,4997,1770
1,2300,721
-61,-1955,580
-33,-2013,-357
-40,-3329,-187
32,1074,-128
18,2180,274
-24,-2648,-842
17,-1864,533
87,2389,-469
120,3796,996
-23,2332,1027
10,896,1030
-4,-1197,32
69,-1719,-139
71,-242,263
67,-87,895
73,-1581,198
110,-1886,-229
169,4297,734
84,803,-510
58,3189,2036
-25,998,240
0,-475,200
16,-3863,-804
70,-94,748
67,4171,223
29,2537,1165
-35,283,828
4,-1774,406
20,-2064,-910
61,-230,432
55,5952,421
25,1923,849
11,-2255,589
20,-1241,415
56,-4295,-1540
112,2626,1458
71,906,-647
-8,2114,2183
-19,1553,783
-16,-1922,339
12,-4541,483
69,2541,170
17,-849,942
-21,3551,792
-4,9731,263
-37,-2237,-2120
-61,-7790,2591
8,8506,3003
76,4116,-708
3,-2595,-2129
-21,-10990,84
36,4994,3442
59,9397,1446
-5,805,-2588
-39,-6712,1141
-12,2148,2356
72,8277,912
-33,-670,-513
-66,-8323,437
-40,-89,1943
36,2953,799
-1,-1432,-2749
-26,-5907,39
40,4296,2804
55,9283,-29
-3,3696,-1253
-35,-10831,661
-12,-627,1533
-13,9093,2208
-32,-2380,-1741
6,-5012,-1540
59,-1701,1674
32,4475,1491
1,7944,1924
-32,-4509,-1796
-11,-3972,-547
19,3639,506
-35,-3191,1176
-25,1253,1505
22,3010,411
36,7818,-280
-33,-6524,-1166
-75,-5557,726
-17,4041,3187
62,2182,-555
46,5126,262
-25,-3061,-1474
-42,-1358,1315
-23,-4066,1013
39,512,96
46,7764,432
23,481,-1495
-33,-3701,2089
-3,1639,1185
1,7347,-772
-4,-6059,-437
-14,-13353,93
84,9125,1871
62,9758,1685
-37,-2295,-2179
-67,-7435,-213
9,-1237,730
89,7126,1131
-24,2310,-802
-97,-4312,-465
-5,-4113,-1149
68,2829,2037
-26,2475,744
6,711,-173
57,1344,-695
-46,-433,681
-52,-1894,-334
63,-689,476
32,2602,684
-46,-1076,459
59,1754,18
-2,1851,708
-80,-1870,-55
5,786,-255
-9,-259,1069
-47,-1789,-139
55,1581,512
1,2257,652
-1,-930,484
69,1722,-829
-56,421,656
-40,-3383,-992
25,812,1105
-59,-933,-568
48,864,1318
7,898,-51
0,1200,641
50,1448,-437
-65,-1267,-43
-5,-451,-840
5,-192,854
-8,-899,41
38,466,109
-30,561,310
20,635,176
1,1246,487
-62,-629,-269
24,1727,729
-94,-2133,-720
15,-211,667
-7,-15,186
-9,286,1089
66,1585,-614
-55,811,705
-4,-269,-933
8,904,404
-67,-2368,-773
45,-708,339
-24,1459,-33
10,-907,614
59,2158,-267
-59,969,602
-25,-769,-1119
-2,1000,563
-73,-3202,-28
30,-874,-362
4,1328,760
-6,727,480
35,1059,-24
-33,2245,630
-49,-2577,-302
50,-565,-845
-51,-974,405
25,-1694,-222
65,2133,872
-31,2826,458
-37,-804,-561
37,1761,-448
-59,-2508,793
-2,-2239,-1252
76,2252,1538
-12,2318,523
-14,-682,-102
26,729,-1017
-82,-729,333
-23,-2881,-939
59,680,630
-28,-256,883
27,1927,68
45,2493,-219
-86,-1104,-449
-5,-4520,-125
12,241,-678
-35,-1336,939
66,3482,45
27,2687,497
-51,-2110,-1346
31,-2510,-218
14,141,-152
-3,-1961,1193
49,3676,92
-28,4855,172
-84,-2633,-848
-28,-6878,395
8,4566,2835
36,11996,2134
-63,-4320,-3686
-36,-13403,734
108,9951,3441
131,-820,-2992
-4,-8323,3029
105,12952,1041
70,4875,-1183
-19,-9288,-133
64,8656,2550
53,-1365,-3909
-13,-10757,1659
107,16381,2565
81,-9423,-4195
25,-5831,2127
125,16582,1115
21,-14345,-4165
-16,3972,4328
133,10875,977
-46,-17329,-3187
10,3930,3171
58,2196,-2935
-77,-15141,309
83,18072,1601
-55,-12821,-3252
22,8424,3033
46,-8966,-1964
-27,3232,1918
121,7878,-1761
-14,-14415,-2117
82,15050,2995
31,-12226,-3824
64,10281,4481
115,1542,-2615
27,-8765,1277
114,13668,1173
29,-15337,-2688
80,11016,3746
69,-4190,-4607
-5,-2317,2905
78,10387,425
-13,-11931,-1918
75,14635,2918
-17,-18387,-5445
8,12906,5262
22,-2575,-4437
-19,1378,4028
35,4456,-3666
-70,-8464,3156
43,8520,-2744
-69,-13110,1335
46,12017,20
-56,-14933,-1093
62,11112,1781
-66,-14698,-4993
13,7336,3865
12,-4397,-5906
17,4895,5564
45,3958,-3795
-83,-4508,2159
-19,8436,-1156
-150,-17605,-496
-15,13592,1428
-91,-14867,-2920
15,10797,1473
-57,-8247,-3911
-75,9803,3921
-68,1001,-2468
-215,-3983,2029
-80,381,-2779
-163,-10601,654
-7,13120,-1457
-196,-10912,-1126
-149,8329,1580
-121,-7251,-2348
-88,-6180,-876
75,14503,470
-74,-8587,-3669
-71,3106,4199
-14,1828,-1898
-23,-12722,-3863
-29,3744,2276
3,10046,475
-110,-8259,-3245
-95,-9403,1489
30,9612,760
76,5058,-2264
-41,-10206,-1564
-27,1619,2022
0,7325,-1283
-24,-7862,-2012
32,-7247,414
59,4575,-21
21,7240,548
-55,-1524,-898
-10,-7248,-1390
43,-5907,-2685
76,6404,2267
18,6014,317
-80,-1742,-1629
-28,-6380,-2841
42,-5101,827
50,2595,-394
12,7444,1404
-75,-1425,-1022
-1,-6914,-2619
9,-2595,-796
12,3490,2108
-24,4873,329
-39,-2188,-1577
45,-5101,-1010
1,268,-927
-29,-1163,-230
2,-179,417
39,1163,-950
4,2775,-40
-96,-3401,-220
-41,-1163,-633
68,179,351
19,447,-784
-4,895,686
8,-895,-891
46,0,172
-64,0,-476
-53,-2058,12
60,-358,-812
18,1611,1043
-28,-537,-343
52,1074,85
20,268,-1063
-81,-626,353
38,-2685,-346
-41,447,-805
-81,-984,491
9,537,-461
-11,2058,596
-90,-895,-1020
13,-1163,42
-13,1342,-496
-34,358,101
4,179,-752
18,716,-421
-35,-1790,-271
7,-3759,-500
67,2327,-265
-29,0,250
-30,-2327,-1134
44,-2430,-1397
-23,-1110,-108
-38,333,272
64,-1220,204
60,1516,-957
-22,-851,-162
24,-1218,-677
57,1440,400
-69,-1553,59
-19,198,155
55,2538,-1542
-50,-2623,-92
-68,-2564,-1377
76,119,1432
11,2961,-707
-14,185,377
68,-503,-1270
20,2278,1010
-35,-962,-530
-19,-1457,21
25,2456,-1095
-26,1035,1210
-80,-1775,-1162
23,-2225,-250
44,424,-181
-3,1764,745
-50,-2613,-730
31,-990,-1139
29,-269,-264
-79,-2141,-842
-54,-2234,419
26,1126,-975
-41,2321,47
-86,-3598,-1250
-56,-2094,-18
30,1141,-465
-41,821,516
-43,660,-426
66,-3732,-998
21,754,-454
-2,1220,825
-44,-449,465
14,-242,-1307
56,1375,506
-34,641,-746
-39,-2397,45
51,-501,-698
69,4561,221
-18,-1607,-416
-69,-471,-119
7,-151,-239
10,2898,847
-84,1647,1049
-6,-3885,-437
35,-867,-475
14,584,394
-48,-1758,-819
61,-2754,-477
68,1386,-748
37,850,664
-27,2163,63
43,1442,76
7,63,-213
-101,188,1204
-5,-439,-961
-16,-1574,-393
-49,-2870,-47
-46,-472,-612
46,-2674,-846
59,54,-495
-37,838,573
-22,-184,-1602
62,-2249,455
26,4080,-337
-38,-918,605
-42,-2944,-1014
54,1512,339
11,122,-1075
-56,2348,1433
-109,-105,369
-85,-2594,-1081
-14,-458,257
-65,4206,-208
-118,-144,371
-149,-4643,-1004
-67,38,-91
-65,1848,-319
-105,283,536
-142,213,1219
-72,-2370,91
1,206,-445
47,2422,625
29,3994,99
-58,-518,309
-32,-4315,421
20,127,-627
37,-660,-718
47,2877,348
11,3006,-940
-52,-151,1099
-71,-1524,-67
-34,605,560
-33,-3926,-1118
-13,-1385,-195
63,2727,99
57,2152,213
-14,346,258
-11,1627,1112
-30,-1299,-355
-59,-4196,324
-16,-940,-217
-8,-1380,-1527
41,-513,511
21,2620,515
49,2135,178
24,578,-409
17,-369,1382
39,3214,312
12,1887,893
30,481,-709
-4,1000,1399
12,2143,-522
-28,481,630
-53,-2458,521
-24,-5834,-750
-26,3288,1646
-7,7449,530
-26,-1314,-942
-82,-2614,-111
-64,-3396,308
-53,1732,1278
-9,2751,813
34,-623,503
-5,-2605,-26
59,-1317,344
116,2269,491
86,-1872,-67
96,-1769,-85
88,1560,1998
115,2795,-745
88,-404,1451
47,3550,114
-14,2995,2136
-11,5913,2050
52,-4475,-461
118,985,-231
87,2148,656
43,-448,1785
132,179,782
214,2059,1093
116,447,1120
104,0,634
176,-537,910
69,-716,322
88,627,447
70,716,420
38,447,108
103,716,565
26,1163,197
76,1253,1026
30,90,-33
23,-269,715
-2,1074,646
16,-1969,201
-17,-626,554
-7,1163,593
-11,-1163,-439
31,1253,1444
-27,179,-691
24,2685,1943
-21,2981,263
23,1923,1227
-53,74,620
44,2019,995
-47,-1354,471
13,1891,968
-31,-1556,86
-12,1217,1056
-29,-1478,25
35,-407,-43
5,444,822
45,960,-64
-3,-453,760
42,2798,335
23,1890,773
29,21,-23
60,2113,1051
-5,-528,120
40,1466,1182
11,-900,166
33,710,910
9,-296,260
53,189,556
2,-660,612
105,-396,-214
72,-757,750
143,3113,203
80,-761,926
115,2666,-38
9,738,1145
66,440,-575
-13,-200,1136
61,1746,85
-21,-653,839
30,626,-87
-16,-924,593
-2,-43,-321
50,765,987
-4,94,-130
52,149,748
-35,838,128
22,307,764
-20,90,-219
15,487,674
-12,-359,148
3,1108,136
-13,-331,733
27,1098,43
26,-377,677
23,448,-251
37,1163,987
4,159,-5
39,858,745
-41,-1244,-699
63,850,808
-25,-940,-1040
55,1796,1092
10,-954,-885
30,1197,1093
0,-651,-414
-46,-557,426
-15,1113,71
-84,-1069,-109
5,804,654
-41,-356,-947
29,131,734
-21,-1432,-1077
2,227,995
-9,-942,-989
-38,-365,696
6,683,-1137
-56,-118,837
24,583,-980
-33,-642,878
-2,336,-876
-15,-513,303
24,853,-292
4,-90,166
-3,306,-169
25,-159,-580
-37,-874,187
12,-307,-1041
-54,-1223,274
16,-428,-1308
-71,-230,599
35,756,-983
-56,-1346,334
20,-186,-1128
-36,-1917,431
36,752,-1028
-35,-950,501
19,539,-1251
-41,-142,457
-16,156,-261
-35,-906,-377
18,1714,-423
11,-1970,-318
-6,391,-113
37,-903,-692
-22,-1087,172
5,-513,-1124
-4,369,563
32,-385,-1185
30,770,672
25,-973,-1311
-33,-1037,572
17,259,-1197
-19,-928,548
25,-509,-1338
-30,301,822
27,-923,-1115
-53,-1700,-423
50,167,-217
-65,-1325,-830
75,1137,146
-43,-1351,-1115
36,24,48
-53,-1748,-1568
68,425,435
-59,-990,-1812
72,1529,811
-42,-2236,-1931
67,707,616
-18,-651,-1208
59,962,245
-47,-226,-962
18,848,193
-31,-2387,-1466
-8,-1072,329
-4,666,-1057
-34,-2725,-23
-16,469,-664
8,-2528,-723
19,-2237,-308
-55,89,-1015
29,179,-74
-84,-1879,-1458
-101,2237,849
-208,-1253,-1920
-139,806,676
-229,-1074,-1955
-212,-269,352
-218,-537,-1261
-172,-179,128
-118,-1163,-696
-33,716,-140
-37,0,-88
1,-90,-299
-71,90,11
-3,-448,-529
-77,269,281
-68,-179,-575
-73,-358,-96
-46,-537,-448
-55,448,-219
-122,-2506,-1101
-44,-2685,-665
-107,-806,-1278
-23,-2499,-1395
-80,-1405,-1454
-18,-1538,-1156
-62,1243,-1339
-128,-1384,-962
-83,679,-314
-149,1000,-1297
-101,-1764,-534
-145,170,-1045
-97,-934,-828
-59,-85,-1066
-99,-3379,-332
-56,-293,-980
-35,-2931,-1364
-44,-2450,-2133
-9,-1307,-907
-89,-1446,-1841
8,2182,-162
-95,1116,-1048
-123,-891,-988
-88,-1046,-1936
-120,-1006,190
-92,-934,-1261
-70,-2717,-560
-76,-4236,-1811
42,-1206,-963
-8,-676,-945
-29,425,-951
40,1692,-164
-138,1593,149
-83,-591,-799
-33,32,-243
-91,-3537,-997
-111,-2502,-201
58,-644,-1146
-2,17,-343
15,-557,-18
113,2978,83
31,4542,1255
-106,524,-494
-45,-4227,1146
38,-1744,-781
50,-732,-188
-10,982,103
14,2434,1024
4,1043,385
23,51,806
-16,-203,-239
26,-1803,-216
21,-357,144
16,3101,737
-15,370,837
-11,779,591
39,77,-401
5,850,662
-34,22,1179
34,-850,534
63,1190,141
63,5126,1694
-70,-910,1302
-186,-1724,619
35,-1494,-554
67,4269,-143
-55,817,1155
21,-434,250
127,-1137,-637
92,3501,1125
10,-1509,989
17,-3859,-1033
99,2310,-309
-30,-171,1125
111,-1985,1266
274,5117,-1108
119,1365,2152
66,2339,1959
99,-3110,-405
187,-1615,-493
228,1567,472
193,2932,1875
233,-2113,412
368,397,-396
284,4334,1751
234,2790,1390
128,-3353,1708
159,-209,1048
218,168,491
108,2234,357
30,2607,963
2,-570,519
81,718,-118
67,4205,2376
40,895,448
135,-1163,1256
54,3490,1458
44,806,1483
9,537,307
-79,-627,1527
33,2148,247
-66,0,1252
7,179,54
-5,179,712
-28,-90,-406
60,1432,1051
-59,-358,-131
34,1969,1114
-23,90,93
0,2148,1118
21,1521,1487
-12,-716,23
47,2410,1343
-54,-703,275
39,998,982
22,814,446
-46,-555,1258
25,222,-226
-45,924,1544
7,-924,-265
-10,1742,1324
-56,-1003,282
52,1682,912
35,1415,867
-5,446,748
89,1921,513
-22,-352,516
36,665,711
22,1521,283
-89,-1186,847
40,564,-141
-56,716,1158
-18,-569,-229
28,1813,1193
-66,90,-291
24,553,989
-20,536,20
-3,394,720
73,1392,-226
-8,-109,1002
64,-545,604
-17,449,-28
26,641,877
-23,226,157
-21,120,695
-15,-211,-120
5,1003,976
-12,-822,-518
35,1105,736
24,312,-61
62,227,468
-19,635,-182
61,525,684
-17,285,-36
18,1118,774
-6,-759,-195
23,1347,791
28,-1000,-133
34,-167,384
48,407,580
19,-612,-145
63,1225,961
30,-552,-72
113,699,600
8,-417,-203
101,803,520
27,-1643,-840
171,2008,1401
64,-377,-754
110,1756,1376
56,-1402,421
142,1356,-58
46,-510,621
83,1510,-290
41,150,574
87,581,2
77,694,769
38,102,-212
44,-891,648
24,84,-765
59,-317,1180
11,1135,-689
59,1200,1554
-30,-794,-821
69,358,945
-2,-867,-324
47,1612,550
0,-358,54
-5,-248,-176
29,-179,129
-28,-89,-703
37,1441,705
-33,-1262,-748
13,454,820
-13,-941,-1775
-24,298,944
52,-544,-1206
-17,-1332,988
44,769,-1270
-65,-1166,748
-27,471,-744
-12,1392,29
-78,-287,-631
-16,-735,-495
-69,-3252,-28
22,943,-504
-23,420,549
-49,1826,-507
-13,-887,36
-82,-1725,-1983
-13,-1483,798
-49,-1542,-1552
1,2801,1479
-22,1032,-1108
-65,-938,172
9,-1946,-2310
-58,-1485,719
37,741,110
-43,-1011,-322
-4,947,-207
-80,-180,-975
-94,154,363
-100,-1665,-1552
-117,-1751,69
-29,632,-1273
-106,-828,487
-100,-354,-1574
-156,-1107,-173
-111,546,-1269
-156,-209,-216
-248,-2628,-1592
-175,-94,-551
-214,-1641,-1356
-128,21,-450
-124,-1973,-449
-76,0,-1134
-74,-1046,-428
-82,-1457,-1352
-20,509,-214
-120,-2998,-1595
1,555,55
-51,-2219,-2186
24,961,326
-13,-184,-2052
36,-814,323
10,592,-1233
58,961,29
-12,-887,-1640
33,-444,376
-33,-3750,-1498
59,-805,218
6,-2506,-1355
58,-627,-1185
23,-268,-86
103,1521,-790
-5,-358,82
21,895,-275
-67,-984,132
23,0,-463
-40,-1253,-155
16,-895,-774
1,0,151
62,1074,-348
-27,0,-474
6,0,-255
-100,-179,377
21,-179,-750
-66,-3043,-512
15,-1700,-237
-39,-3040,-2198
93,444,19
-43,3222,-856
-21,2775,808
-130,-1253,-614
-18,-1880,-161
-108,-4084,-1297
-7,-1294,-919
-54,-1345,-921
25,2565,-803
-41,517,103
-51,1046,-1008
-56,-1231,417
-73,-1146,-1199
-86,-1270,-255
-113,-3566,-1683
-69,-1174,-246
-99,-794,-1264
-60,1150,-451
-115,366,-1659
-24,-143,191
-112,880,-183
-80,689,-226
-208,-2712,-1272
-133,-1735,-387
-242,-2724,-1311
-139,-998,-1180
-225,-1793,-999
-111,1627,-408
-221,634,-788
-116,1280,-450
-204,-1055,-742
-88,-337,144
-140,-2404,-755
2,-3573,-849
58,1748,-841
-51,1138,-223
-115,2344,754
-136,-3431,-355
-7,-1296,-837
-11,-2106,-628
35,2339,-630
-14,3347,377
-7,-1776,297
-29,-1085,-422
12,-3332,-246
96,3358,-366
-10,3005,1646
-154,-1569,-392
-55,-2802,-264
-58,-1429,-660
34,840,70
15,5031,1162
-121,-992,354
11,-3863,564
232,4997,507
103,3474,1193
15,-4112,830
185,-1225,-182
199,4192,55
7,2322,2247
25,-3692,-150
204,45,-118
149,2522,1123
35,1841,1219
129,-2377,-107
217,639,175
199,3756,1065
170,-1359,654
371,-2483,-154
344,7157,1804
84,141,1073
93,-5040,182
166,1375,-765
96,2315,975
56,2660,1214
98,-1678,187
78,-3025,-150
217,2544,563
268,3157,346
75,703,2042
102,-1964,253
91,-2730,-202
59,2192,526
129,2872,386
-60,3578,1488
32,1343,1714
-70,-3043,487
71,-1878,-485
31,74,997
34,4131,136
-27,3401,1927
-23,716,743
-45,-179,1066
-52,-1522,235
-33,1074,676
-4,-984,196
-8,-358,32
-10,984,377
-3,1253,190
5,179,622
-33,626,-242
14,2596,943
-32,-1432,142
24,268,585
14,-537,692
11,-895,18
64,-89,264
38,89,402
37,1343,-251
3,89,930
35,5191,1274
6,855,948
21,2033,1348
-38,-554,948
51,702,1012
-2,-2218,33
128,-37,1239
57,370,-74
172,2255,782
63,-739,-536
175,2771,1751
121,2772,488
142,1067,1374
116,125,499
70,-1891,1036
159,1703,87
77,-1346,659
209,259,837
109,-616,56
265,2600,1346
314,3671,330
365,926,1448
449,1190,835
435,-243,2265
396,-3957,-876
535,-173,1456
287,1123,-1278
191,380,1741
151,2927,154
43,397,526
90,-170,396
-24,-227,-119
61,779,1483
-31,-1665,-1525
44,886,1510
-33,-1097,-1955
22,1040,2059
-48,-142,-1951
-26,270,1838
-24,-241,-1897
-61,85,1808
9,99,-1391
-71,-184,1153
1,1698,-297
-105,-552,2
-93,431,470
-121,-229,-1075
-290,-640,768
-519,-127,-2631
-654,-5124,-328
-690,1649,41
-582,5761,-237
-540,-3087,-3687
-498,-7208,-308
-404,-1083,-1443
-258,4268,598
-283,17,-2343
-162,-2011,-756
-181,-3883,-689
-51,-481,-1165
-69,-1386,-878
17,-57,-1302
-57,-1370,-556
8,-629,-1810
-79,-554,-343
8,-148,-1401
-106,-2561,-1327
-50,1969,-1462
-110,-3312,-1098
-48,358,-1710
-94,-2595,-613
-10,89,-782
-126,-1790,-675
-93,90,-36
-184,-537,-502
-181,0,36
-187,-179,-483
-224,-805,-170
-148,-716,-923
-191,-1701,-464
-34,269,-478
-84,-3312,-914
-11,2864,-372
-112,-4450,-1193
-47,185,-1085
-159,-1923,-1370
-86,296,-1286
-161,-2056,-1565
-26,1058,-225
-95,-111,-796
19,1959,-344
-37,1015,516
20,0,-496
-20,-1717,-85
5,-2571,-550
36,-2152,-78
22,-713,-589
109,237,-574
20,-665,-536
140,3830,487
109,2626,1207
59,-1923,-663
212,-2750,-59
144,-1664,-777
216,3570,189
43,594,538
77,-623,446
145,-3494,-291
107,-1085,-587
241,2345,-93
78,4142,535
29,-517,830
-3,-1108,-445
-29,-5009,-630
106,-62,311
61,2269,-889
81,2689,478
-8,311,153
-59,-3761,101
25,-2552,-1312
-24,-302,-179
82,2973,-1236
-59,-333,577
-13,2561,-122
-101,-1372,795
-23,-666,-99
16,-2194,-64
51,-1402,273
106,2788,-572
26,2733,866
43,1244,-474
-61,-622,1046
-48,-2951,-146
-5,309,465
-24,-1618,-694
28,-63,398
-34,-125,-671
35,2686,954
-5,2985,730
47,1738,881
95,332,-485
-9,-1368,1207
88,-2406,-143
154,255,307
79,-1132,475
104,-1094,-557
120,1207,512
85,2122,-418
14,-1216,479
102,-198,-923
76,3017,1564
-16,-148,-472
47,-370,566
83,2472,272
25,1074,942
-16,-2067,73
83,1978,-68
23,1790,1472
-49,-1074,-74
19,-2805,-334
28,-147,-234
-46,1162,1044
-64,-2235,-266
25,1368,419
20,1851,-375
-47,0,974
-48,-3071,-763
51,1183,-200
17,2962,210
-55,-3553,724
41,1331,39
67,3565,-145
-62,2327,1613
-43,-1432,-802
14,-3222,-1147
-8,2237,117
-78,-1700,366
-1,-3883,-1603
87,4509,976
-15,985,-30
-69,-2685,982
47,-997,310
20,-592,-634
-62,2931,858
-50,-2302,485
52,512,-467
46,2059,-762
-2,1521,1304
-44,-1253,-426
9,627,-776
19,-1701,-1159
-40,3222,1626
-86,-5024,-203
-10,-3348,176
34,1832,348
42,8241,291
-38,358,-176
-25,-716,554
11,-7587,-1816
20,-2750,-1570
67,2972,1362
-28,-74,944
18,4306,1400
-38,3133,-32
-10,-716,-1099
18,-1074,-4259
-5,-7811,2299
-37,3962,3123
-39,7428,375
-41,-2416,-1687
16,-3043,-1767
27,0,981
13,1253,1597
-20,-5983,1420
13,10279,102
-14,-179,-269
-27,-10064,-3211
-8,-7371,1596
39,14303,2478
28,3132,200
21,-3222,-4360
-25,-13701,-804
31,15133,5236
12,1969,-432
-72,-11763,-1734
-45,5498,2650
17,6086,-979
-64,-5191,581
52,7428,-2360
-68,-14189,-705
17,10431,2504
-17,-1074,795
67,2595,-3622
-33,-13381,2207
40,12486,1172
-11,-11085,-1247
37,11712,1402
36,-1343,-1471
0,-7195,614
111,14713,2431
18,-8502,-5643
-9,-5731,3886
68,11816,453
38,-2148,-2340
-18,-4743,-1359
-1,2864,4068
7,2327,-1459
-48,-1790,91
-49,-9398,41
29,-1649,-1926
79,5856,1374
30,5280,1038
-62,-89,-81
-94,-2685,-449
36,-4206,-1038
52,2953,-920
-39,985,2320
-29,-2238,-370
51,-626,-402
38,4743,-452
-63,0,287
-61,-2058,-338
31,268,-718
-18,1164,805
-78,-3759,-516
-7,-3495,331
57,2600,-864
30,4743,2104
-54,-179,-148
-18,-6203,-759
46,923,-852
43,6623,1674
-42,805,-2141
-81,-358,988
-69,-9731,692
1,-776,193
62,9165,-66
54,2863,-834
-53,-8144,-2309
17,179,1250
27,6444,3915
9,7160,-109
-47,-5997,-1751
-81,-10006,-1283
-9,-2741,2114
57,11584,118
-16,-447,-2158
-49,-15472,1615
28,13682,1818
44,2237,-1147
-15,-9731,-5503
-44,-1486,4843
58,11933,1436
38,-716,-3250
-87,-16776,-1223
38,17402,5511
30,-805,-3411
-64,-15218,-273
33,15039,2369
7,-268,-2220
-58,-13397,504
36,14381,3658
26,-358,-3456
-49,-9768,-370
45,17946,1914
2,-17058,-5519
-6,8791,5653
58,-90,-4420
-70,-14819,884
19,14998,2710
-2,0,-2751
-78,-15857,2070
41,17289,843
-19,-8323,-1820
2,6354,2542
53,5728,-1191
-45,-15994,-2840
57,16441,4685
21,-5638,-4909
-51,-11301,1379
10,11748,2359
-7,-536,-3390
-51,-11382,1753
21,12634,963
-61,-13709,-888
12,13262,3857
44,-269,-3269
-32,-11250,-1753
49,10803,3559
73,11782,1274
-22,-12050,-4113
-5,-5549,1659
60,15437,3535
1,-1775,-3542
-34,-10172,1175
3,-2327,632
18,7607,401
18,269,-2412
-48,-10113,0
7,-2433,1001
46,9324,2339
39,0,-1899
-54,-10174,-4332
15,332,3653
51,8500,641
42,5727,1098
-22,2775,-2342
-48,-7160,1015
-41,-8437,399
15,8437,1891
10,0,-2080
12,-3222,-1130
-18,-895,19
52,2238,-75
29,3042,2218
-15,6756,753
-97,-7203,-1845
-41,-5459,-1332
46,-2327,1344
77,3759,-8
37,4385,1238
-2,6533,-1033
-62,-6086,232
-79,-7159,37
-4,1521,541
47,1343,-483
60,3132,251
-14,2595,-311
-45,-2685,-1139
-87,-3400,1199
20,-2238,196
19,5102,42
74,268,-211
6,1163,32
-3,-1074,-944
-54,-89,1222
-5,-1879,122
26,1879,-201
33,0,299
35,268,-1190
-53,358,620
-53,-984,-11
-41,-6086,155
57,3222,-546
72,3759,974
-4,2953,-405
-70,-3311,331
-31,-626,-242
54,-1074,-910
31,1163,968
-58,358,144
-25,1074,224
-7,-1074,-427
58,0,101
-32,537,-342
-26,-269,522
-62,-2684,-723
37,-1343,747
83,3759,-502
36,3311,806
-33,-1611,-488
-87,-1432,104
-25,-984,-61
48,-1879,-1056
42,2237,942
-1,805,408
-48,-179,705
-7,-984,-1277
34,716,380
3,1163,-1209
-37,-716,1066
-64,-1968,-393
21,-269,816
70,1522,-403
44,357,-151
-45,1522,575
-73,-1164,-430
-31,-715,265
1,-1969,-1310
76,1163,1230
25,1700,-181
-27,716,635
-21,-716,-357
7,-626,-84
49,0,-1176
-10,-1611,549
-25,1253,892
-41,358,566
1,0,-218
10,0,-933
-13,-179,53
24,268,-769
-20,269,935
5,-358,-4
-27,-179,677
36,179,-488
37,447,-412
22,-536,-1589
-27,-985,1207
-31,1074,779
-14,358,77
-10,-626,-277
42,268,-862
24,358,-43
0,-358,-85
-49,-1521,992
14,1521,1442
-12,268,-998
42,179,-1087
-31,-4385,-1304
3,2775,1927
-19,1163,298
52,895,-334
-52,-895,-73
31,-358,115
15,-447,-1874
64,626,1108
14,179,420
-8,1700,1053
-69,-358,-916
-35,-2953,-1069
-4,-7935,-1163
50,5877,1320
56,5459,702
-25,5944,729
-90,-7108,-824
-73,-5817,-1173
24,358,1338
60,3222,-520
77,2595,786
7,716,-2157
-33,179,1364
-62,-2684,164
11,-3580,217
13,2416,-91
73,1969,-87
-13,-1163,-760
-8,-448,-698
-14,-537,1578
-15,1522,667
-28,268,-428
-21,179,-251
22,-1432,-633
46,-2506,-1655
28,3401,2308
-5,3938,638
9,4027,819
-72,-6623,-1943
-6,-6354,-1076
17,-2746,-253
103,7042,1537
57,6086,860
-21,179,-1484
-91,-4475,847
-39,-3043,-145
34,-1969,244
73,3491,-151
36,1252,541
-6,1611,-966
-66,-1521,461
-29,-2058,386
0,-3491,-88
95,4028,-153
66,2416,406
-10,716,-630
-84,-1790,100
-53,-2953,143
50,89,-771
42,2775,924
-26,89,-87
-28,-1879,-37
29,447,-216
67,1432,325
5,2237,285
-90,-2237,-799
-42,-3848,-24
38,895,-923
54,2774,1743
18,268,-253
-74,-89,64
-39,-1879,-507
45,1790,50
-7,89,-402
-28,0,385
-45,-1521,222
69,-3043,-1377
76,3938,1269
32,2326,-317
-29,-1432,-574
-59,-626,380
28,-3401,-862
11,2417,-231
-22,-90,1692
-35,1432,-897
-19,-358,608
44,-447,-350
-32,716,-431
-22,-90,1213
-31,-89,-411
34,-2775,-198
39,2327,-233
4,984,275
-66,-268,-640
-42,-716,831
21,-4475,-1746
72,2327,147
24,2775,1803
-18,1252,-10
-43,-1163,-170
41,-1700,-1116
39,-1253,-608
-17,2237,1629
-24,90,732
9,-90,-785
35,716,237
-12,89,-2099
-88,-89,1831
-60,-3043,348
44,-1879,-993
52,3848,814
-1,1432,-308
-77,-269,228
-55,-1073,-504
10,-6935,-1519
45,2102,-504
17,4922,2627
-32,895,-845
-59,0,18
-3,-2506,-2093
-15,-3132,-501
46,2416,2342
-22,3043,675
1,179,-1127
-16,-3043,426
61,-447,-788
12,3401,583
-32,0,337
-50,-3849,-462
6,-4240,-74
100,4509,-174
61,3490,1037
-17,268,-906
-70,-715,500
-41,-2506,-249
26,-1790,-1368
29,3938,829
-22,179,940
-44,268,494
11,-358,-653
46,895,291
18,179,-2669
-47,-1253,1690
-69,-2327,1352
2,-1074,-871
56,1432,479
55,3043,-173
-5,1342,384
-46,-1163,-648
-56,-4296,374
-2,-3490,-1500
74,5012,1726
62,4116,692
-49,2238,-1061
-100,-3759,-358
-77,-9287,-601
6,4812,1908
78,4743,299
44,7160,91
-34,-7696,-2344
-23,-1253,2245
-12,6175,2333
42,4005,-359
-31,-7854,-1751
-20,-8502,-890
54,716,1427
54,8771,310
34,4564,-2159
-71,-6354,857
-30,0,1514
-21,4296,1971
-49,-2954,-1931
-23,-9964,-2982
3,2089,3867
87,8860,-249
35,3043,-536
-35,-5370,-771
-32,268,1827
41,9241,-378
-37,-4497,-238
-61,-12351,244
17,6176,2220
37,4295,-1343
-9,-8681,-4009
-43,-626,3492
74,11903,250
14,-5102,-2569
-33,-3400,-99
16,8144,2321
25,2401,-3546
-94,-9113,954
-54,1253,1582
36,9598,1796
-41,-5482,-1099
-55,-5011,-1595
45,2953,2638
15,7207,-2160
4,-9176,-392
39,-2685,-180
78,4922,2974
51,9687,-1192
-33,-11656,-1454
-26,-1521,1471
24,4475,1452
23,8023,376
-50,-11334,-2850
22,536,2468
48,12887,-920
-43,-13245,-1528
-20,-3042,1575
48,8502,2200
6,-1701,-4079
-46,-12507,-977
9,9196,4120
41,1700,-2335
-37,-6801,-996
-8,3580,1700
29,12059,411
-61,-4273,-2326
-94,-7160,2158
31,9719,3668
-47,-2112,-3970
-93,-13872,-1709
-9,12440,5417
24,2435,-3340
-31,-10131,-2638
-13,-1969,3632
58,9218,553
49,-1074,-1575
-19,-6891,-1714
28,2953,3327
75,12103,-934
6,-8792,-1373
-12,-3669,-64
35,11188,3111
17,0,-3638
-58,-11188,347
-30,2774,1141
41,5034,1154
-45,-11925,-2692
-6,-3401,1295
45,11008,852
20,-3490,-4479
-34,-3759,3178
26,7428,2696
4,10996,-1420
-70,-13860,-1914
-23,269,2217
67,11868,-10
11,-5134,-650
-19,-15542,-1801
30,6750,3108
91,6712,774
66,-3670,-4358
18,-5638,1149
32,2596,1545
94,12766,833
15,-2088,-4443
-38,-9962,2878
24,8335,1357
42,4649,947
-65,-12895,-2238
-26,-268,977
49,6712,445
13,-10292,-5144
-38,-2506,3115
84,12708,396
6,2299,-1321
-42,-10174,371
19,7249,3462
30,6940,-3442
-53,-14100,-337
-11,-3043,1372
74,12721,1648
31,-8156,-3286
-17,-6713,-584
26,11098,4989
-3,8335,-1259
-89,-13615,-1769
-1,537,3407
105,9364,-2114
-14,-7217,-719
-36,-805,293
-31,10265,1928
-96,-11249,-3779
-61,-716,3062
53,7875,133
10,-5817,-3798
-2,-2595,1629
45,12870,2975
-1,-3128,-4646
-104,-14128,536
5,5012,2055
62,2416,-2052
-2,-4653,123
24,2953,43
49,11103,1338
-79,-10566,-2551
-94,-626,2182
41,5369,1734
7,-5280,-3240
-35,-6802,-1613
61,7965,2169
31,4833,-1155
-119,-7696,-357
-19,3848,1361
-71,-2864,-923
-23,3580,2680
33,4981,-2630
-48,-7487,3395
7,2506,-235
35,2327,2046
3,-2864,-2289
79,7958,4997
1119,13457,11020
1401,8783,13750
-1937,-13008,-6695
-742,-5494,-9742
-125,-2976,-3636
39,-2906,-3848
71,-4203,-330