R
StartTickMs,measCycleMs,Px,Ix,Dx,Py,Iy,Dy,Pz,Iz,FFrx,FFry,FFdrx,FFdry,satI,satPID,KFQAng,KFQbias,KFRmeas,CPx,CIx,CPy,CIy,CsatI,CsatPID,CFFdrx,CFFdry,IRelaxX,IRelaxY,DmaxR,DmaxE,DMx,DMy
203505,10,58,70,47,58,70,47,250,0,0,0,100,100,500000,15000000,500,1,500000000,1,0,1,0,100000,10000000,0,0,4096,4096,0,0,0,0
GPT1X,aPT1R,aKFPT11R
-3,268,870
-6,0,380
0,0,-231
1,0,-76
7,0,241
-8,0,-288
2,0,350
-3,0,-211
3,0,-152
3,0,304
-1,0,-278
0,0,335
-1,0,-205
0,0,-230
1,0,389
0,0,-280
1,0,320
2,0,-181
0,0,-237
-2,0,399
-1,0,-285
-2,0,288
0,0,-150
0,0,-241
2,0,400
-2,0,-296
-1,0,267
3,0,-115
-2,0,-256
4,0,409
-3,0,-291
-2,0,230
-3,0,-76
4,0,-264
-1,0,412
-1,0,-291
4,0,220
-5,0,-60
-2,0,-272
4,0,392
-1,0,-267
0,0,122
-1,0,37
-4,0,-272
9,0,383
-3,0,-255
6,0,64
-2,0,81
-3,0,-262
0,0,394
0,0,-263
-1,0,62
1,0,83
5,0,-267
-1,0,388
-8,0,-268
-3,0,9
10,0,152
-6,0,-273
2,0,374
0,0,-249
6,0,-63
-6,0,223
6,0,-272
-2,0,359
-3,0,-233
0,0,-143
-4,0,302
6,0,-288
-3,0,348
6,0,-209
-2,0,-154
-1,0,319
0,0,-294
2,0,324
-7,0,-179
5,0,-244
-3,0,400
-6,0,-293
9,0,313
-3,0,-166
3,90,-159
-4,-90,229
-4,0,22
4,0,37
-6,0,-45
5,90,-235
3,626,810
9,-805,-674
-10,0,206
5,179,109
6,89,-403
-13,0,657
3,-179,-711
-6,269,577
18,-90,-280
-16,-358,-462
-5,0,530
11,448,-117
3,268,201
13,90,46
-2,-448,-311
-13,0,422
7,0,-393
-7,-268,279
6,0,-157
1,0,-87
6,268,591
12,-268,-358
-12,268,296
-6,90,-231
21,1163,-99
7,358,834
-3,-1790,-672
-21,-89,43
42,984,-111
-9,-895,-249
-24,448,275
20,-269,-147
-22,-447,-113
20,895,234
18,-806,-534
31,1432,1263
18,-1253,-938
9,1074,1322
90,448,-570
28,-2237,-273
41,2684,1116
15,-1879,-1498
23,-358,103
78,2148,-126
42,-2774,-1791
-5,-3312,1865
-29,4117,-313
-46,805,-1248
-45,-8502,-1059
-15,1611,1020
39,5907,1133
-42,-358,-2274
8,-8374,907
60,7569,829
48,4564,152
-26,-2238,-2547
-109,-5280,271
-64,-3950,1886
-53,8067,-54
-46,0,-1486
-75,-8289,-447
45,5604,1676
34,6175,-584
-39,-1879,-5
-78,-2327,250
-66,-895,1322
26,1790,52
-3,179,-1155
-24,-9571,-1977
-19,6260,2231
6,7607,1038
-57,-2238,-2280
-94,-4206,493
24,-6092,-214
76,4213,308
55,5190,1051
-62,269,-1992
-136,-4475,138
-60,-4385,143
47,4922,713
23,2148,904
-66,179,-1087
-43,-2774,159
20,1163,62
12,895,-775
-59,-2416,910
-45,1253,-265
17,-1343,-265
18,3043,598
-71,447,-1428
-118,-1789,942
-43,-716,44
57,-1522,-1483
22,1790,872
-8,1790,1333
-16,0,-189
-61,-1700,-45
-16,447,-156
44,1253,335
-51,0,-1272
-102,-89,575
-96,-3133,248
3,-1253,-433
42,1969,319
3,2506,456
-52,1432,-976
-123,-1343,-254
-86,-6264,-134
-15,0,285
34,3401,190
44,2595,658
-24,537,-732
-47,626,-182
-50,-1521,404
-13,-7271,-1057
33,1454,99
77,6354,1362
9,1163,-975
-33,-1163,359
-63,0,1182
19,-805,-16
62,-358,-121
76,1074,109
-1,268,311
-38,268,261
43,-447,-114
90,447,67
39,627,218
17,-1074,52
81,0,521
114,1700,-15
69,-895,254
-29,-805,-71
34,0,565
128,1432,-202
28,3043,1226
-18,-2596,-360
83,-1521,-276
99,2595,1039
28,3670,1395
0,-1432,435
32,-2417,-115
97,4565,-95
7,3020,1697
-11,74,-162
-34,-8017,421
37,-2058,267
72,7249,1580
96,2383,-943
30,702,-1041
37,-3801,1089
19,-537,1626
-10,5089,1334
-8,-788,-190
54,-444,-918
-7,694,438
-13,-620,494
-42,-3483,214
34,2448,574
54,2843,-289
-7,2976,944
-75,-1985,19
-53,-4906,-257
34,481,590
51,4594,1034
-15,6351,1296
-72,-3873,-1033
-66,-6148,-1187
27,-2423,920
66,4962,1610
58,6894,405
-32,173,-750
-39,-5618,-667
-49,-3064,1847
11,6702,1136
7,95,-501
36,-1406,-1997
25,-5650,-559
26,4607,2535
-28,6545,1391
-34,-64,84
-36,-5521,-1897
7,-6269,-1653
67,185,1044
24,6648,1566
3,5698,1213
-40,526,-56
-34,-7039,-1954
19,-5981,630
65,1407,164
53,9184,1861
-11,5445,60
-82,-6050,-2003
-72,-8183,278
25,-1359,106
63,8781,1984
44,6288,751
-68,-929,82
-46,-7976,-480
23,-4607,-211
93,6228,2007
7,10576,831
-49,-766,-473
-43,-12457,-930
33,-1736,1127
111,9661,2327
-21,7165,-1002
-89,-6328,-1687
-53,-9856,-859
59,3176,1519
28,9449,1712
-78,1445,-750
-76,-7014,-2798
32,-4413,207
76,835,827
-6,6250,2121
-78,2333,-76
-8,-5037,-3593
5,-5698,29
34,1651,1968
21,12148,3713
-55,-442,-1439
24,-7290,-3146
16,-5628,1192
14,7410,2249
-35,4954,1499
9,-3414,-2245
-1,-6144,-1504
59,218,1196
-2,3097,1425
-36,4617,975
16,-2219,-3048
9,-6448,-546
12,1800,1924
-43,9925,1934
-37,-4167,-2380
6,-10372,-1471
46,6593,2727
15,9886,687
-74,-8524,-3145
-49,-8502,711
56,7335,1631
54,8527,-2495
-6,-3417,264
-47,-7145,1492
8,4375,1869
-1,1244,-2457
16,-10277,-110
29,6949,1204
19,10952,1365
-77,-10055,-4146
-39,-9922,259
60,13339,3698
67,1501,-1418
26,-6616,-3085
-19,-1421,3176
26,7395,1436
-30,477,-3455
-21,-11993,735
53,2810,2732
116,11050,104
32,-4800,-2550
51,-4208,3621
44,12335,1567
27,417,-1582
-31,-15397,-1775
47,1966,1037
102,9229,-808
68,46,-743
5,-6909,265
27,3350,2538
-21,4746,-1869
-39,-13339,251
33,3540,1596
108,10613,-1034
-13,-2001,-1939
-49,-8901,959
18,7293,58
-6,224,1
8,-12670,-3149
72,7716,4325
43,11324,781
-62,-11354,-2147
-34,-5805,-923
54,6985,1586
93,5018,-1468
-15,-5599,-1743
-61,-3904,1434
5,5794,1429
24,13,-3277
-34,-5003,1109
-50,-1769,926
0,7896,-43
59,-201,-1119
-65,-6108,-870
-65,1480,2890
76,5025,429
4,1280,-125
-69,-5794,-1674
-33,-5740,-403
86,8546,1165
39,4016,-1004
-60,-5673,58
17,-6103,-440
102,5616,841
-19,5049,698
-56,-5440,-2495
39,-3679,76
6,1856,1664
-30,6643,1139
31,-2285,-1240
-31,-2520,-1697
-91,-4071,873
9,1051,440
17,6338,-19
-103,-865,-639
-51,-4972,-1860
61,-397,873
-15,2056,960
7,243,-529
33,1126,-330
-43,-163,-397
-36,-3297,243
65,-190,-398
29,2389,355
-56,-493,218
19,1681,-902
-68,-331,-101
-53,-3505,-758
50,-87,-155
17,1344,12
-46,-1378,-340
53,0,-468
-8,968,-598
-66,-2461,-530
35,377,-272
20,-339,-300
-43,-2541,-171
56,571,-592
-25,-146,-186
-11,-1044,-383
49,1044,-743
-37,62,635
-32,-2468,-971
56,1243,311
-21,452,353
-7,-618,-394
72,1747,318
-41,439,97
23,-1140,-351
69,408,-418
-33,230,26
-14,-3383,-430
58,-255,-1244
-43,849,521
-50,-3285,-926
75,2154,-594
-41,226,486
-21,-2010,-656
72,1020,-415
36,1612,-180
-49,-2522,-741
64,-924,-529
62,518,-947
-46,-1109,627
18,-1999,-1214
65,1666,-661
-53,296,211
-49,-4558,-1814
49,1701,-595
-43,-895,-883
-33,-3759,-1404
50,0,-82
12,1611,-953
-54,-985,677
-27,-1253,-1408
29,806,-725
-50,895,844
-81,-1790,-923
24,-626,365
19,268,-418
-43,0,-333
-43,-179,456
38,447,-591
-79,716,313
-146,-984,-350
-21,-895,-817
-55,179,349
-134,-358,-230
-12,-537,-164
32,1432,-255
-65,90,-1344
-99,-1701,647
-12,-3132,-1419
24,2237,1107
-34,537,-89
-67,-2685,-1387
27,-268,173
26,2148,-882
-12,358,378
-53,-895,36
28,-1611,-1238
58,626,-1055
41,2596,-277
-48,-1164,724
-43,-3759,-1057
26,-3409,-1084
44,-836,-1201
21,2721,-896
-3,898,149
-64,-3301,-1386
-42,-4103,-994
6,-1589,-796
51,481,-1559
-6,1774,541
-11,1054,-348
-13,198,25
-34,-254,-500
5,-3086,-885
31,-606,-310
57,-1028,-914
39,1801,593
-7,2611,53
-23,336,48
-9,-2591,42
-5,-2232,-945
-10,-1520,-331
34,1199,-475
28,151,-316
-30,1127,816
-33,480,-104
-31,-355,482
-11,-2273,-1081
9,-2390,-831
33,-1105,-283
30,2116,-353
36,3173,1052
-19,1127,112
10,-1278,-954
-43,283,975
7,-2998,-363
-13,-420,-244
47,-818,-1158
11,1549,642
32,0,-669
29,2888,339
-7,376,234
-40,-671,-274
-19,-2593,-623
-13,-2357,-529
36,-512,-1295
15,1753,955
43,1497,-263
-25,2004,675
-28,-1814,-781
-60,-3425,-1256
-6,-3132,-497
18,-1674,-1283
75,2331,819
22,4438,265
-21,-1752,-507
-59,-1298,511
-37,-3282,-1343
23,-767,-98
62,3038,-504
13,592,-1293
-46,164,653
-64,-3500,-868
-57,-2524,-184
23,66,-1298
12,2943,-1177
-5,-2070,140
-44,566,298
-41,-860,332
2,-1256,-954
-4,-878,-502
39,963,-311
-23,1567,-61
-48,-1074,348
-65,-747,-401
-33,-1590,-490
-48,-1986,-1055
-55,2601,-369
-92,502,573
-103,-1564,-784
-42,-4063,-223
-7,531,-1439
29,1613,-45
-41,2048,547
-55,-1668,-999
-66,-4196,-524
2,-228,-790
-40,2134,-418
-61,1928,38
-136,-1466,-584
-136,-3547,-376
-67,-1260,-750
-38,2317,-709
-19,341,54
-88,615,-126
-109,-2428,-603
-61,-2030,-306
25,-103,-517
31,2415,49
17,1263,-117
-52,-358,162
-76,-1512,150
-102,-1024,253
-89,-951,-706
-47,-1046,-1004
-53,1952,220
-110,1191,477
-147,2025,478
-131,-676,109
-122,-2793,-120
-60,-302,387
-17,3323,390
-35,1263,648
-33,1653,307
-67,1594,1474
15,2160,239
-33,-159,1110
14,-838,60
5,-1463,1344
14,319,778
22,206,-794
-4,-3115,352
40,2425,344
-14,-763,133
54,-527,-287
35,961,1258
125,2053,821
139,1422,370
83,2248,1069
61,2637,1914
37,-886,346
60,-1264,1369
94,511,914
70,482,137
139,1451,1299
120,5731,895
121,1254,685
133,-1238,542
187,962,926
180,-3347,-98
213,541,267
184,5628,548
114,271,782
34,-4761,317
54,-1348,386
96,195,-632
103,-427,-318
55,1644,1689
75,2451,-37
35,1074,973
-18,1507,-40
-7,0,171
-9,-979,930
11,2003,496
-1,782,453
-10,-547,-213
-65,-3048,-691
-62,-1121,774
-4,433,-69
5,1555,327
35,-358,-371
-9,1510,-506
2,-857,836
15,3051,584
43,3284,825
1,444,446
15,-592,-20
-72,-2328,548
-70,-3086,-331
-71,-1766,308
-3,909,80
26,-21,82
90,711,-550
54,1114,-1031
65,2110,926
24,-1016,-522
-14,1808,1341
-5,1443,323
-34,0,-206
-14,-141,290
-11,-1358,-288
3,-2085,-481
18,-1603,-333
29,-1230,-468
39,582,322
79,292,-15
51,3563,948
31,4062,783
-7,665,479
15,697,1089
-42,-1880,-117
8,-1183,35
33,-1512,-611
64,1475,-190
29,2477,1124
-21,-74,772
-53,0,-34
6,-2107,-608
62,-370,-236
45,2144,292
-4,1030,633
-49,-1917,463
10,-2347,-679
24,3271,910
18,1351,291
-60,-1240,-143
-45,-2675,635
70,1455,-97
-10,1035,803
-32,-1959,538
61,1627,137
32,2473,756
-44,269,689
-12,-1633,312
96,1633,357
-34,895,648
-35,-1343,668
80,2864,474
-41,1074,1348
-31,-179,159
81,1611,424
-40,716,720
-17,-447,-372
56,984,608
-66,0,17
10,-447,271
20,447,191
-52,-89,-366
23,0,861
4,357,-338
-51,-268,359
12,179,161
12,1163,-4
-57,-716,705
37,448,-134
-20,537,978
-18,-448,527
42,985,340
-25,2058,1603
-17,-1611,-149
66,3759,923
-37,1380,582
-2,-1022,-127
57,2242,570
-42,518,527
8,-1516,242
61,555,-520
-49,1035,433
-16,-1331,693
45,1996,231
-71,-1109,873
-14,-1257,-358
15,2108,1139
-75,-1849,67
49,1035,-86
-39,111,795
-41,-74,-39
73,1729,302
-57,623,621
39,-113,-341
-28,226,663
-43,-679,-249
40,877,257
-41,481,528
-15,-1415,-564
37,2235,799
-31,693,112
23,-778,224
46,1277,-402
-58,-1192,116
21,-1414,-22
26,1414,251
-48,1478,1059
-15,-1308,-178
45,2567,-15
-13,753,724
-39,-3801,-287
32,-1047,644
22,3740,568
-45,5220,-330
-65,-3924,-156
34,-7198,-1821
37,4308,3077
-23,6557,1533
-94,-968,-887
-52,-9601,-2953
28,-777,29
42,9446,3100
-75,4675,-11
-74,-10035,-1951
12,-5047,20
90,10682,2965
3,6503,-262
-85,-6330,-1644
-42,-6940,1017
16,3826,709
63,3771,-2156
-40,-5096,-579
-59,-1907,581
33,4110,2385
-7,5430,-442
57,-5931,-131
36,-2772,-764
14,1664,2005
-5,8469,339
-17,-2546,-1041
19,-8254,-264
37,2403,191
-4,6140,2431
-58,1804,21
-38,-4751,-2316
44,-4121,-530
62,3386,1636
16,3968,1395
-62,-286,-129
22,-2281,-1622
18,-1363,464
8,2858,1838
9,4670,-19
-34,-619,-35
47,-7972,-2722
24,83,2966
-3,5196,1695
-40,6590,-1395
-6,-4678,281
27,-5280,-1313
45,896,2134
5,2757,707
-22,4795,192
29,-4810,-1821
96,-1789,-374
56,4064,2329
16,2584,290
-20,-3911,-992
35,-5057,-1537
110,2753,1488
28,6736,1885
25,-508,-228
65,-2435,-1281
83,-81,-629
5,-2461,997
-4,-2222,292
59,1891,-664
57,5344,247
-58,-1249,-1063
-5,-6159,536
111,-588,-455
80,6375,1085
-4,1192,260
-18,-4885,-1718
58,-4976,-533
107,2951,559
10,8023,1855
-18,-487,-303
27,-7070,-2318
73,-2860,34
75,3774,1684
-14,7563,-530
-27,-5068,-510
33,-10043,-1892
93,5286,3790
37,8717,691
-65,-348,-3687
-48,-10898,-299
32,-313,418
58,11594,1995
-48,-2331,-1987
-96,-10281,135
-9,-523,1163
56,9877,-412
18,-695,-1566
-69,-6826,-423
-1,1080,2008
-9,7458,-1035
-13,-7062,-4261
33,-4212,3133
0,11065,2028
-27,-431,-1859
-59,-12933,-1984
10,4052,3232
95,9325,-1022
-9,-1913,-2478
-47,-9427,1685
-15,7857,1851
10,903,-2563
-25,-12416,-2063
35,5059,2228
12,10351,834
-93,-6781,-3275
-96,-8111,719
-12,4965,1855
47,3821,-2536
10,-7572,-1402
8,707,1026
3,8376,2115
-58,1525,-2038
-128,-12303,-1502
-55,-3573,576
-5,10761,354
-38,1018,-2398
-116,-6765,-1274
-88,481,1632
-61,3629,810
-14,919,-2108
-90,-6987,-886
-129,-666,-136
-77,1832,-604
-44,3612,-131
-61,167,-1865
-117,-7195,580
-65,-5281,-861
66,4117,167
-5,5145,-719
-87,-733,-1148
-49,-6112,-550
44,-2864,-2053
38,3938,605
-8,1432,-106
-36,-4207,-951
63,-2327,-1328
26,3312,-694
-24,-448,564
-28,-1790,-847
35,-1700,-471
66,537,-311
-6,626,-340
-52,-1074,715
54,0,-1206
47,895,203
-52,0,-150
-75,-1431,-388
8,-1343,-96
58,1701,-117
-12,536,299
-6,-626,-351
40,-537,-25
52,90,-624
-27,447,63
-45,-984,-234
-2,-627,-556
70,895,-369
-41,-984,-252
-86,-1880,-44
-23,-1700,-384
68,2058,-435
6,1969,-120
-58,-1253,-428
-22,-6084,-453
47,1699,-471
20,5101,-154
-53,537,-448
-90,-6339,-1111
13,-2884,219
11,1923,-1043
3,4347,94
-55,-179,-354
-54,-5167,-1565
26,-2504,-170
37,396,-672
-1,3587,304
-63,1540,247
-69,-3462,-886
-35,-1552,-764
16,-1917,-1272
-21,1804,-146
-58,1591,779
-30,-1053,191
-20,-2175,-943
41,-1498,-1221
-28,1664,371
-72,1641,41
-121,170,-148
-93,-2643,-760
-13,-2509,-1214
-2,941,15
-16,1378,-233
-106,-72,668
-63,-1181,-258
-54,-460,-929
-25,-982,-1034
-5,711,-519
-55,355,336
-46,1605,700
-60,-2023,-412
-12,-3104,-781
-9,121,-804
14,1399,423
-5,2917,-48
-62,-413,447
-42,104,-625
-8,-3287,-365
21,-823,-512
52,52,-54
2,3828,464
-43,1800,426
-91,-3305,-692
-67,-3153,-268
-22,-1548,-565
52,1721,937
23,3419,-385
30,-1821,-523
-24,-820,545
-41,-2060,151
-31,1558,-181
4,-1317,-291
56,-2149,-1080
64,1860,1089
16,3776,390
-23,2483,278
-43,-1259,34
-83,-4230,-559
-8,-1958,78
47,3140,270
43,2567,-325
-18,1192,223
-33,-2123,60
-61,889,1101
-16,-965,86
-11,-754,-1301
32,-149,-251
12,2161,802
-16,2298,340
8,784,809
-55,-2831,-541
17,-2168,112
60,1854,200
56,3807,519
0,1160,782
-13,-2701,296
-56,-738,453
26,-315,-82
30,2170,-446
15,-880,120
-42,2436,1117
-28,-1018,1092
-28,-510,-585
23,-2136,-739
60,-459,1614
2,3642,171
3,1301,833
39,-1103,-22
140,-1701,-326
153,2748,1090
258,2516,760
226,4805,367
194,-3401,1785
159,0,1144
170,1074,486
174,-1738,-454
108,3886,2182
1,1969,1705
51,1611,851
90,-806,439
69,537,-115
-26,-447,1699
19,-269,282
73,1253,-118
-1,358,467
-7,-358,316
71,0,732
-7,626,-97
24,448,-197
47,0,371
-78,-716,-311
29,-358,485
18,1521,67
-40,448,491
25,1253,296
-59,-1164,-168
-19,-1342,646
50,3043,171
-44,984,1170
21,-1521,-711
-45,-716,469
-13,89,505
9,2506,777
-59,-89,238
7,-627,-258
-36,-537,1672
-17,-805,92
31,4564,1093
-61,-1611,442
58,1253,-519
-62,-2237,798
15,2506,858
-29,1843,576
3,37,-81
15,148,-156
-39,333,946
56,2073,42
-49,-170,-479
-7,-1940,143
2,1261,31
-75,-1446,898
19,1616,150
-21,2275,852
-76,-2893,-312
64,816,-533
-10,368,1425
-28,-368,439
68,538,388
48,3132,690
-74,-119,675
17,-975,65
6,2019,-94
-102,230,571
-23,-2392,-246
59,1702,1460
-2,501,516
16,-1299,38
90,3287,870
10,2631,867
-35,-2009,277
49,523,-176
-34,381,483
-47,-1884,717
53,622,-548
-30,3009,1205
-15,-754,-101
55,224,-358
-43,1314,365
-51,-2531,-363
57,1554,722
-31,-401,-84
8,-1914,325
70,2267,185
-21,1491,364
-18,-511,-16
37,1054,-227
-89,-1761,467
1,-2021,-692
23,1170,1312
-31,1573,884
1,1493,190
61,3670,-592
5,-3500,-752
-40,-5351,1485
79,3778,881
123,4840,-732
12,-817,628
-31,-4519,-471
59,-412,531
116,2722,202
26,3479,350
-14,-2894,222
103,-854,-640
93,2170,1073
46,-1047,89
87,-700,307
108,2183,272
6,-513,62
61,-526,-45
63,1765,-811
-56,-1252,832
59,-1024,-609
59,1460,-93
-11,-25,986
71,-847,-533
81,1811,959
-32,-862,-9
39,555,-399
39,1747,478
-54,-1943,-369
60,-564,461
73,834,-349
0,-1695,621
109,258,-357
74,2269,-200
-33,177,1247
19,-519,-1025
41,130,665
-61,-1659,-736
43,-1612,-11
15,2319,562
-44,-1143,-504
39,2378,238
-74,-511,-722
-48,-1829,125
41,-205,-383
-38,-1226,-455
18,716,790
-15,2336,-279
-77,-1879,148
54,-552,-1295
-50,512,31
21,-1799,154
40,708,-305
-45,-1685,787
45,1501,-872
-64,1194,58
-56,-1307,-473
47,580,-792
-66,-1772,812
49,-106,-1213
-6,1284,729
-12,-2141,-861
64,1173,-866
-31,826,761
0,-2236,-1304
34,1811,691
-64,-2164,-823
25,225,39
-25,-1127,-570
-32,-2321,-1261
50,2130,463
-72,772,-322
-45,-1550,-357
42,-51,-854
-84,-1075,-265
2,-2257,-437
43,1805,-566
-65,-76,749
-31,-1604,-1072
54,2170,-316
-77,-1794,-109
-55,-2311,-1391
30,690,161
-52,190,-835
-88,-2777,-353
-60,170,-1033
-158,566,-190
-147,28,-209
-153,198,-1492
-212,-3455,-917
-69,-2587,-1452
-87,2069,760
-106,296,-364
-36,3026,-855
-133,-2324,-1063
-107,-5394,-1645
26,269,-482
-39,0,-187
-37,-2238,-929
76,1611,-866
-26,90,-827
-66,-3043,-239
4,-985,-824
74,806,-506
-33,0,19
31,-1253,-836
97,179,-106
29,805,-156
-10,-984,-23
40,0,-247
46,0,-689
-38,0,499
-43,-1521,-722
54,179,-160
-25,895,-116
-65,-1880,-463
-9,-2327,-959
71,1343,-1031
-56,358,820
-53,-4744,-1117
55,-185,-1091
35,1975,135
-35,-537,-238
1,-2178,-682
67,2805,-1193
29,2595,310
-58,-4697,-774
3,-1738,-716
55,592,-539
31,3427,394
-55,-358,267
4,-2995,-1249
70,1220,-306
12,969,-551
-88,-2707,-306
-10,-2669,-220
43,1301,-941
41,2182,27
-47,-296,211
-36,-2735,-1073
40,-1329,-798
23,650,-767
-50,566,905
-4,-368,-459
20,-1721,-424
53,2231,-770
9,650,-789
-73,-2477,303
-2,-3252,-981
51,-272,31
35,2359,-743
-4,880,-478
-73,-3381,-24
4,-1414,-1478
25,415,-133
-49,942,-131
-67,-471,242
-41,-2318,-835
8,605,-1012
-41,808,-103
-123,-2713,-850
-76,-2898,-207
-13,605,-1086
-45,3403,-733
-62,-1382,606
-99,-3755,-975
8,-282,-392
-30,1303,-346
-132,-283,474
-147,364,-392
-59,-1435,-1247
-105,1448,-657
-135,-915,-639
-151,-4469,-1129
-38,-656,-828
-29,1853,-800
-84,2277,149
-58,-2834,-158
-59,-3473,-1169
26,-586,-465
-9,895,-321
-55,1537,-233
-29,-2538,-572
17,-3232,-1831
49,-1556,-1138
-30,1086,245
-53,531,-481
-23,-1095,-418
2,529,-771
68,-984,-677
17,2642,726
-27,933,324
-51,992,465
-8,-1734,-410
23,-1370,-500
25,861,213
17,3089,1070
-33,995,-131
-4,-2824,540
-11,-4198,-631
41,-683,355
94,2024,157
79,2660,-17
21,2036,1
-26,-866,249
-48,1267,1218
-27,-193,520
-27,1068,173
-10,-916,14
-15,-479,500
3,1754,893
7,1669,8
-18,-1191,654
8,-3085,-410
25,-538,141
32,2014,409
38,1652,677
8,2147,-113
4,-1112,166
-16,1571,525
-32,1033,1346
-15,2412,-129
-78,-1756,838
-46,-2920,-556
-31,-272,219
36,-611,72
18,77,74
49,1010,-457
3,2220,-75
3,-1511,12
-19,1776,1145
32,1570,-101
30,1589,476
29,157,591
-39,-781,959
-47,-911,213
5,121,530
10,337,562
42,-1761,-310
75,102,732
110,2580,1024
82,2683,441
23,-1167,132
51,-2707,179
94,1148,930
160,326,179
195,391,-321
152,-1744,350
172,3977,1326
136,4761,864
100,2339,1395
28,-1274,606
19,-960,23
-23,-3277,425
22,-1846,-480
46,1169,790
130,2595,-486
63,4215,1001
61,312,136
-41,1357,1221
-6,-1612,301
-2,-764,375
58,990,764
42,1887,595
-46,-1660,457
-4,-2239,-192
48,23,128
79,2244,583
-38,-170,801
-25,-1574,769
97,2969,-264
21,1701,1137
-40,554,147
27,-591,1217
28,517,-80
-34,4274,1309
-24,-985,780
39,2685,546
-29,1701,1734
-44,-448,267
9,895,-541
-57,537,1570
-61,-268,469
40,268,345
-14,0,147
-60,-179,787
31,0,-61
-5,358,-127
-35,89,538
41,985,-157
-39,716,848
-18,-358,-278
36,179,198
-64,-269,348
18,627,-231
48,1163,938
-56,1343,1153
42,-806,-91
43,2954,671
-46,-448,568
56,-2148,208
53,3676,1473
-24,-148,905
78,888,262
17,628,1303
-30,37,458
44,1368,-114
-6,1240,1655
-23,-1092,-389
61,781,536
-37,113,487
12,-1338,-234
48,1536,917
-52,-282,79
2,-884,671
13,2298,467
-69,-1867,81
14,1131,-53
-11,1233,-98
-15,-1742,722
47,2027,-119
-53,-980,843
-19,-453,-1
56,1695,971
-56,-48,554
43,214,-641
-14,2456,1127
-40,-1213,-428
46,356,390
-38,1003,273
-22,-1317,615
50,2385,551
-39,3557,363
-93,-2483,97
-1,-4126,-703
14,2214,1713
-2,3496,387
-4,-374,619
-2,-1926,-213
58,2268,-338
-23,3507,1011
-47,-3779,-407
16,-5738,1311
44,1940,-134
87,10503,634
-4,2568,-447
-57,-11363,-866
-25,-2210,1526
59,7725,2429
100,2061,-2666
-8,-7463,-959
67,870,1868
52,12131,3947
74,3485,-327
-27,-9930,-1418
32,-10199,-125
100,5908,2362
124,9783,-818
38,-5842,-3174
107,-7111,1923
138,11044,2970
125,7983,-2263
68,-10594,-422
84,-2311,1567
113,11544,3464
98,1044,-465
54,-10845,-948
94,-6734,11
137,8297,1399
113,6919,-459
104,-11002,-3182
132,3850,4364
173,10146,317
80,-1959,-1155
54,-7021,1518
47,7734,2480
39,-1815,-1556
-4,-10654,-2184
99,8680,2179
57,4529,-652
-68,-9211,-577
-64,5333,3090
-2,1352,-3590
-27,-11401,1771
49,15533,289
-118,-10964,-1001
-144,-2830,486
17,10634,-723
-13,-9726,-3032
-79,2547,1386
-60,5282,1193
-55,-9460,-4475
-38,-184,2149
-73,9287,253
-121,-3663,-3616
-79,-10742,519
-104,7375,1287
-140,4748,-122
-97,-8612,-3984
-124,-1753,1479
-106,8028,600
-75,-2637,-3653
-113,-5892,-63
-160,812,847
-38,4837,-1035
-45,149,-554
-165,-7602,-1852
-116,-4342,1073
-25,8769,-46
-101,1323,-1171
-167,-7264,-1787
-74,-3790,1677
0,5135,-548
-95,4506,-217
-118,-4722,-1086
22,-3426,-1917
32,713,393
-50,1542,382
24,-1447,-604
42,-356,-906
41,2201,-693
-65,-1274,216
-46,-3381,-805
103,962,16
32,778,-662
-62,-948,-414
22,-2406,-528
71,1557,-1061
-39,1245,594
-45,-1952,-830
7,-2366,-367
2,1885,-359
-97,-2218,-827
0,-481,-83
42,148,-561
-48,-1491,9
67,-537,-851
19,1343,142
-31,-3043,-572
79,-716,-1416
-20,358,376
39,-2059,-1802
27,269,-224
-31,-1611,-377
76,179,-1266
-52,-448,359
54,358,-948
-11,179,203
-49,-626,-580
19,447,153
-96,-89,-676
-18,-179,-585
-29,89,494
-55,-89,-213
53,-90,-12
-13,90,-31
-10,-179,-406
47,0,110
-44,-89,-425
42,-985,77
-33,-1521,-571
-26,-806,-442
58,895,244
-41,-2416,-93
57,1074,-232
13,268,-804
12,-447,79
53,1432,-234
-47,-448,357
33,-1521,-964
-4,3043,194
6,358,158
-2,716,-753
-58,-1790,275
1,1253,-405
-62,-2417,-1376
-38,-2864,204
-100,806,-252
-28,-2059,-1309
-78,-771,-503
-79,-1405,-424
-22,407,-683
-72,-1958,-27
-62,2032,-439
-123,665,-961
-136,1478,710
-193,89,-743
-139,-901,-197
-211,-998,-757
-148,665,-594
-199,-1812,-411
-140,333,-79
-163,333,-576
-89,-2450,-157
-49,-1188,-719
-36,-549,0
39,-737,-825
-25,-166,-244
4,2527,83
-9,1750,0
-79,295,334
-1,370,-585
-137,-1623,326
-8,-1244,211
-19,367,-639
10,-2894,-477
80,-380,-738
-6,-365,45
19,697,-25
37,3508,732
-45,-226,568
39,-594,-504
-74,-3238,106
-2,-42,-748
-33,-167,306
-51,-209,224
42,2134,-333
-65,428,-52
22,-143,-211
-17,2660,794
2,370,40
49,554,538
-6,-2347,362
67,-3092,-1056
117,1284,440
81,2232,78
139,1517,689
0,517,888
72,-2175,630
87,367,819
57,-961,-264
217,2104,283
139,4205,1232
163,1253,913
246,-358,1103
270,-4028,440
341,1405,700
293,6472,2349
134,626,1086
135,-3848,-278
166,537,1119
58,1253,256
92,2864,1025
-14,89,273
-10,179,624
-14,0,89
-12,-626,268
87,89,122
7,90,-279
69,268,695
20,1700,42
-2,1969,880
20,-805,364
-55,-985,-89
83,-447,661
29,-448,80
142,-447,217
91,1790,78
57,-716,1022
65,5280,1072
-2,1028,329
59,740,1401
-58,-1768,290
87,-1700,457
59,-2059,-56
186,4207,695
133,1652,885
120,2820,251
137,1760,2250
19,-1732,433
128,-1443,798
79,-1331,-236
228,1479,1060
82,2370,155
97,1299,60
-11,1070,1919
51,176,28
11,-1888,966
71,-190,-635
36,190,830
101,2265,116
120,1562,-736
169,509,1997
121,188,336
225,-810,1512
156,-885,-441
275,-564,367
196,41,19
177,1389,-580
129,3027,2684
88,1011,-912
83,-273,1479
14,-1134,-775
67,1711,-168
-28,-1797,910
11,-380,-715
10,587,1213
12,-708,-1008
-13,501,773
5,-242,-415
-50,-1116,-845
9,1081,954
-64,-639,-1716
-4,588,1400
-64,-766,-1410
-11,-226,813
-149,-94,-1063
-230,-1131,-2080
-340,-2292,705
-435,485,-1394
-488,3126,577
-587,-2708,-3038
-467,-4406,-39
-430,-2147,-1405
-316,4866,-122
-301,-48,-750
-251,-1370,-1767
-172,-3189,-201
-68,444,-695
-114,0,-1061
-7,332,-255
-107,-1811,-1118
-37,-1030,-899
-34,-627,-1889
-107,-3401,-1119
-35,-716,-1892
-158,-1700,-814
-55,-1074,-598
-24,179,-816
-64,-179,141
1,0,-409
-68,-537,-178
27,-1700,-819
-17,1611,45
-124,-2059,-336
-93,-537,-1047
-197,-2416,-739
-123,-2466,-2114
-130,1123,-488
-174,-2491,-1496
-76,703,-682
-187,-1812,-1028
-92,0,-1202
-142,-111,-338
-234,-1345,-986
-208,651,-927
-265,-1358,-817
-173,594,-735
-204,735,-819
-141,-2822,-573
-5,333,-1369
-46,23,-167
-28,-4026,-1746
60,-584,-826
19,-611,-114
-14,-2089,-1109
111,-660,-327
64,820,-855
41,257,-519
81,-353,-254
29,2059,-197
-79,-1158,488
-15,-388,-996
26,440,675
-79,-231,-587
5,-4395,-826
65,-27,3
23,1042,-601
-37,-719,-424
72,2171,-36
9,2539,1085
-41,-1814,257
-44,-845,531
-3,-1516,256
-69,-1355,-708
37,1227,295
17,3098,-219
-71,-96,520
-5,1751,46
13,2609,1088
-129,-1360,189
-31,-4177,-533
49,-587,89
-67,948,349
-55,2532,189
-52,2373,534
-148,690,1057
-4,-649,751
-38,1046,234
-66,-2924,384
85,-328,-580
5,2729,837
-5,1848,596
52,1765,1198
-70,340,1747
26,-2129,-384
39,-1155,940
58,1869,-61
288,2687,236
197,4505,2393
197,-1466,943
298,-1516,2018
406,666,250
570,4643,986
516,1790,2569
453,-4923,1200
499,4833,2007
331,3043,760
77,-358,566
121,-447,968
57,-90,-198
102,537,917
66,2058,122
33,537,561
43,1969,949
-28,-2685,317
74,1343,1332
3,-537,961
141,1790,1288
-2,-537,450
110,3944,2521
43,3165,1195
94,1725,170
43,114,1915
44,757,-92
53,1355,1484
-7,-785,198
36,1539,206
14,-683,1062
128,808,686
83,335,989
176,-1238,-491
90,-618,1112
122,975,-177
103,944,714
47,104,574
39,2037,-64
-22,-679,1108
40,942,-271
-8,-961,879
80,1263,-94
-15,-1150,351
80,1548,754
-6,-832,-1004
73,1644,2124
2,-501,-499
86,2297,1634
-36,-1293,-457
48,1774,454
-44,30,830
32,1173,-262
-68,-1098,1110
28,1212,-696
-40,-581,975
35,1461,-171
-56,-215,-230
6,1913,1192
-62,-321,-99
10,409,1300
-85,-396,-643
-16,408,860
-64,-203,-330
12,645,-109
-44,-172,771
36,-98,-824
-31,-772,960
31,760,-759
-45,675,1036
-12,878,-437
-68,318,-342
-59,-1798,380
-99,-872,-1098
-74,-822,978
-156,745,-458
-76,2985,438
-164,-945,-768
-94,-1054,-1122
-148,-2283,582
-51,900,-444
-120,474,720
-25,1474,-827
-127,-2041,-109
-43,-134,-580
-114,-2103,-1169
-1,1834,689
-78,-956,-894
4,1171,642
-41,-512,-695
28,700,-193
-54,-1926,-530
2,822,-360
-62,-1474,9
4,596,-996
-30,-566,194
30,608,-583
6,-984,352
92,1874,126
23,-2025,-840
127,1305,814
47,-2360,-949
140,754,587
85,-2191,-987
144,-692,-5
42,-1468,-458
145,1112,-847
55,-1376,561
77,1681,-818
4,86,420
42,138,-849
-28,640,388
25,225,-558
-73,-623,-345
7,605,791
-95,-2262,-1411
-7,-1293,225
-34,-1774,-1322
46,-476,105
-40,761,-801
20,1447,-583
-14,1542,815
-44,-915,-335
-26,-125,335
-38,-2662,-608
40,-1517,-295
11,-1978,-799
76,2758,-842
-31,-214,673
3,2296,-358
-121,-1369,359
-99,-1776,-745
-63,-1991,-697
-131,37,-563
-57,1360,-735
-132,1657,764
-85,808,-420
-144,-523,878
-40,-1461,-257
-38,-2100,-819
9,-2144,-763
41,2144,-651
-16,940,979
-26,2265,182
-79,-2208,22
-29,-2808,-687
32,-518,-1079
4,1331,-684
35,814,-1407
-78,1039,1056
-16,-633,-445
-142,-2736,-440
-56,-3707,-809
-49,-984,-746
-34,-627,-1018
-3,895,-1299
-62,2775,975
1,2018,-495
-81,-4166,-411
-10,1969,-156
-101,-4117,-1419
-33,-1432,-808
-81,-358,-699
-9,89,-131
-105,-178,-417
-93,178,-5
-119,90,-816
-211,-179,-93
-177,89,-442
-265,-357,-565
-239,89,-686
-302,-2058,-849
-186,895,-829
-251,-2685,-918
-172,179,-1546
-176,-3886,-698
-147,-1627,-1402
-170,-1573,-1862
-176,390,-1251
-203,-2342,-1393
-192,1132,-464
-189,424,-572
-177,-85,-907
-162,538,57
-151,-1584,-1030
-112,-1800,140
-62,-1951,-1171
-83,-941,-187
43,-37,-1044
-75,894,-729
-93,272,32
-190,1549,-589
-123,214,561
-199,-166,-1212
-170,-2036,651
-157,-1123,-1185
-115,-754,202
1,754,704
-56,-151,-808
1,4094,1549
-117,48,-673
-72,285,1815
-78,-1736,-430
-45,-1626,716
119,1579,954
14,3396,-188
114,2336,2478
34,1072,220
269,-1405,2678
717,1331,437
637,7558,3502
597,-6086,1734
720,5101,1523
697,179,2038
732,1164,539
673,2416,884
343,-627,1113
356,-1521,502
392,626,181
142,1611,891
93,3043,526
86,1432,1517
19,-358,1217
100,-89,807
2,0,1043
42,537,902
39,1296,1249
-25,-312,300
116,1680,1264
39,-555,100
120,1997,1185
104,2100,771
140,-594,119
183,3768,2027
119,1357,934
184,1759,1263
84,-1250,392
82,-679,1338
56,2223,623
-11,-1035,298
8,1554,1361
-6,-398,-128
49,381,1540
9,731,313
92,144,893
28,449,554
103,702,83
5,-509,577
77,2154,81
-6,1362,1663
79,13,-598
99,3144,1789
854,-1114,1908
1877,1752,1302
1956,3950,3269
2031,-2232,-987
1260,-1911,4265
548,2869,-2309
35,-567,2233
-407,-3300,-3203
-377,-856,-212
-373,1056,-237
-1152,1093,-3662
-1707,-5344,483
-1633,-597,-4183
-1275,1079,570
-934,-4224,-2633
-432,5732,462
-326,718,151
-462,-3062,-1662
-408,255,1302
-458,454,-851
-395,-57,-233
-315,-128,-713
-123,-127,-517
-131,-1166,571
-190,-1299,-722
-110,-96,541
-66,4777,2077
-57,-664,-2089
-119,-999,3314
-5,5677,3475
61,8578,5336
66,4244,5209
35,3676,4148
29,6041,5598
14,4128,4960
-5,4831,4106
-4370,-65478,-12253
-15182,64264,-4926
2534,18689,20472
20846,0,13563
3508,0,5622
-4617,0,319
-1593,0,-2310
-434,0,-128
-114,0,-236
-19,0,-469
4,0,573
-5,0,-470
-12,0,573
-3,0,-440
11,0,373
4,0,-237
-10,0,-259
-10,0,422
-28,0,-454
-38,0,537
-80,0,-476
-325,-46980,-9735
-1556,-110514,-125548
-1816,0,-22977
-121,0,-1347
302,0,383
184,0,-318
1270,27696,13571
1695,48366,46231
201,11639,24434
-304,9958,12617
-144,7564,7557
99,7752,8360
66,5225,5556
8,-119,1723
-13,-6710,-3738
-6,-11112,-10417
106,-17216,-14800
869,-3580,-8482
-486,2416,1562
-420,-2327,-1782
-132,-537,-1603
-32,-179,99
2,-89,-322
8,-447,-64
-1,-1790,-903
16,-537,-1485
60,2774,1949
95,4117,3967
170,3876,3302
70,296,1510
-88,-6141,-2887
-141,-2059,-4366
-74,-268,-1670
-40,179,733
61,358,241
68,358,1989
33,1432,-281
-22,-1790,-1052
-28,-90,-295
22,448,-433
-53,-269,2473
-2,7472,462
-7,-8008,-2438
26,89,922
65,0,-1063
54,-89,255
111,715,703
48,179,-169
25,-805,-1070
56,0,865
83,626,-709
3,358,537
-42,-716,-453
14,-268,-128
5,268,214
-2,90,-413
38,-269,613
16,448,-379
13,-179,401
64,268,-258
-30,-537,-71
2,-89,30
-16,0,-460
-53,0,492
-14,0,-591
-50,0,591
-12,0,-519
14,0,282
-37,0,17
13,0,-501
-21,89,565
-97,-89,-374
-18,0,508
-13,537,-452
-11,-90,619
-26,-536,-261
-26,1342,1453
-21,5101,-982
-6,-7965,-1154
26,-716,2621
90,14138,722
-14,-11811,-1574
-17,0,-154
91,11641,1031
-5,-11820,-2772
-2,-2506,2157
82,12231,517
-10,-9546,-3556
-2,-1342,2716
47,10555,-48
-47,-18315,-641
-8,9818,1833
28,805,-3547
-45,-9514,2995
37,9604,-362
7,-5996,-1325
-34,2864,1953
29,7607,-647
-16,-6712,-1117
-42,-6355,1239
21,12977,732
-45,-5996,-2243
-27,-8178,879
-7,8178,1810
-30,1879,-2159
-49,-1521,-1007
-43,-4027,-630
-13,1969,1122
23,1700,-273
-2,1521,580
-20,-626,-557
-47,-984,96
21,-627,-189
19,716,-272
51,179,149
-60,-358,-232
-62,-1969,255
-17,358,-666
41,1164,340
36,447,-186
-32,0,-43
2,-537,124
7,90,-347
43,-537,-109
42,-448,-829
-62,1164,1293
-53,-895,-253
-4,-806,-146
10,1343,-585
0,-537,102
-78,-1164,629
-17,-1253,-1184
-2,895,560
0,1880,-1317
-73,984,-190
-76,-447,136
-45,-5818,-768
-19,-805,-715
6,5012,1568
1,2058,-661
-43,-2148,-3298
-54,-7768,1902
-12,3293,1385
-26,7876,-1282
-71,-1611,-1945
-34,-9003,72
22,9361,2597
11,805,-3009
-37,-13012,-1628
17,5137,3744
29,7070,-2635
-34,-15606,-1941
9,2201,3161
58,13405,-1256
-48,-16526,-2745
-22,6278,3414
38,9890,-2269
-60,-16832,2214
21,15221,1684
17,-3132,-5912
-45,-11613,3349
46,16714,2925
-2,-11330,-4589
-46,-3311,1285
55,14909,-1240
-19,-9370,-186
15,-5088,2136
43,14190,-249
-20,-12744,-3674
-20,-2632,4302
45,14302,-548
5,-10143,-537
11,414,1116
71,10535,-1494
0,-11769,-3048
1,-735,2599
24,11519,262
-35,-15774,-4005
-18,1212,2245
62,15904,1316
-9,-16635,-1979
43,4170,2260
86,11571,-608
38,-10553,-2432
44,-6398,-467
66,5945,2809
49,6710,-676
9,-5889,-412
-24,-8354,-901
54,4203,1110
52,4486,490
-8,3406,-321
-3,2327,437
4,805,162
5,-6094,967
-10,-111,-167
-18,4057,2324
-15,5191,-698
-56,-7658,-2427
-16,-5600,999
55,1758,1018
35,1845,-851
-24,2144,-362
3,703,-481
6,275,614
1,-1754,-413
-24,-998,887
-2,5616,665
-65,-2506,-435
-26,-4052,-2063
4,-3364,2452
87,4010,-1406
15,4211,142
-16,1790,874
-73,-4189,-489
-53,-2911,-370
-11,736,-658
32,954,1329
-12,1516,-566
-26,-369,27
-36,-1590,810
-4,1146,-931
14,702,-441
15,1857,-63
-75,-1043,934
-78,-1331,315
-56,-1479,-638
20,-1184,-973
48,1702,-148
-12,2366,1713
7,3117,952
-43,-1253,378
-14,-3787,-2015
18,1146,919
39,2731,-311
-36,-358,290
-62,-2003,671
-29,-1405,-947
11,-2341,-207
55,2119,-844
5,3809,667
6,2148,1741
-36,-4404,-1746
-1,-3332,-829
76,1373,-250
18,3946,1271
-28,0,207
-70,-3503,-250
-2,-1986,-432
7,1210,1169
19,4816,260
-45,1432,632
-6,-4695,-782
31,-1183,-568
71,3372,740
30,5549,1425
-48,-2148,-1253
-39,-5405,-117
23,-1147,-274
70,5031,1208
-14,1611,650
-43,-2685,56
8,-4363,-41
82,1737,-24
101,6385,619
65,805,-344
4,-3580,1307
46,-89,200
88,537,-47
100,89,-780
6,2327,1148
-46,-2595,223
-32,-3028,376
46,4191,-347
3,2596,-568
-25,-2506,920
-30,-3938,-103
2,1342,665
51,2864,-633
13,2596,772
-62,268,114
-48,-89,61
-40,-5728,-563
17,-2964,-1649
51,4306,2084
48,5191,-265
-21,895,-260
-59,-1432,-54
-49,-4385,1659
24,-3133,-1106
-20,1790,-220
0,5460,660
-28,-2417,-2876
22,-7643,-241
38,7464,3226
28,6712,-1855
-46,-3401,-57
-62,-1521,502
13,-3043,1847
18,269,-529
14,-537,357
-26,4296,356
10,-1522,11
7,-8274,-2380
44,2367,1293
73,8234,1663
-12,5549,-542
-6,-6265,-765
3,-1432,1048
0,2953,1056
-31,716,-732
-59,-2058,-666
-40,-7845,-865
40,-1257,-501
34,8834,1990
37,805,-295
-19,-537,-1580
26,-5907,403
9,6086,1784
-6,6623,-140
-31,-6713,-1671
-22,-4922,1017
-3,5817,1992
-9,4833,-207
-48,-6801,-2087
-9,-9301,-391
25,5273,2544
34,7697,-1130
2,-2506,-1632
-6,-4385,-316
36,4295,3016
20,9679,806
-6,-4756,-1442
-46,-7965,-141
-6,2953,556
18,8769,1418
-50,-8948,-2587
-20,-10143,-746
38,7816,3124
81,5638,-591
-16,1701,-1424
25,-6354,1183
-10,626,89
26,8777,1355
-71,-2602,-920
-33,-5906,-1932
12,-4296,1473
80,4296,-118
58,4832,886
-19,-805,-1092
-65,-3401,-90
-43,-3401,-75
43,1701,1004
61,3490,-266
2,6240,-18
-47,-7762,-393
-58,-3042,-341
50,2774,797
19,984,-300
40,4028,-1102
-23,-5012,588
-44,-268,-34
27,1342,1522
-17,0,-609
41,0,-322
-26,-806,-609
1,-268,650
-32,0,692
10,447,160
-1,806,-854
-15,-1253,-1145
17,-89,1328
-36,-179,-252
17,3221,946
-39,-895,-290
31,-2326,-1697
-4,-806,958
35,1074,-264
-19,1700,1492
-3,806,215
-29,-269,-810
21,-716,-773
22,-1700,1254
28,179,-666
-20,447,1138
-31,2327,-235
8,-2506,-1866
35,-357,941
23,-537,6
-3,1521,572
-44,7727,1785
-47,-5132,-2011
-11,-3937,-769
27,-716,216
62,1163,773
-12,7339,284
-43,-1164,348
-66,-6175,-1810
-1,-2506,1786
17,2506,-701
39,805,-972
-25,-805,144
6,-179,-212
-26,6802,2379
-9,1518,-121
-61,-8141,-1653
-3,-5191,-216
51,4833,1342
85,8721,503
-30,-4694,-3376
-5,-3937,2464
-10,1073,1047
16,6966,1047
-44,-4907,-2808
-8,-9934,1071
8,3938,-200
73,5996,-733
-9,-2327,-666
6,-895,-197
-9,805,1362
11,6713,1251
-58,-5281,-888
-5,-6622,-1283
40,4206,2606
42,4027,-1968
2,-3490,-2757
-14,-2237,3273
1,7428,1946
2,6506,561
-72,-9907,-3181
-31,-3580,2307
25,1790,27
45,7249,-758
30,-3132,-1010
-10,-4117,-728
0,1790,1623
9,7053,1059
-67,-7322,-1422
-32,-4206,-726
10,1969,2731
56,4296,-1973
12,-1074,-1448
3,-2148,967
-23,984,-546
-17,4744,2434
-36,-1790,-1349
7,-4296,-554
24,-626,244
59,626,-173
15,9472,2040
-43,1331,117
-59,-9640,-1923
15,-3221,218
56,2058,627
32,8326,880
-45,-1077,-1961
-60,-6354,-475
-27,-984,478
53,1342,1134
41,1163,-1229
28,3759,328
-30,895,570
-26,-5549,-211
-33,-1521,836
30,0,1175
46,6265,-1338
15,358,-990
-45,-3670,1046
-50,-2327,-948
1,895,1802
19,-984,-1439
52,2327,-609
-1,4743,1351
-31,-2506,-640
-75,-5101,351
10,-268,1156
69,2863,198
57,5139,-1588
-38,777,1745
-51,-2783,-1482
-34,-5728,-491
22,179,1011
90,3938,-252
33,4578,422
-62,-2341,-181
-71,-1611,369
-29,-3669,-1596
45,-716,1880
45,5101,-418
29,2867,434
-44,-5731,177
12,-1969,-72
36,5102,25
21,1521,-894
-32,-984,1449
-35,-1790,-673
17,-4386,194
50,1611,289
58,7772,765
-32,-148,118
-59,-7087,-1546
6,1074,1224
7,716,-1625
-23,2327,1504
-53,-1432,142
22,-4027,-1469
50,-90,858
36,8334,1403
-17,481,-1029
-69,-7830,-1322
45,895,654
5,805,-513
-46,3312,777
-18,-2059,155
21,-3669,-1269
63,626,1585
62,8881,1170
-55,-1701,-961
-35,-5748,-338
1,1611,314
26,3842,-358
-48,-703,501
-51,-4481,-495
13,-3222,-1528
64,5280,2262
31,5729,460
-49,-3417,-457
-36,-6787,-708
51,7083,204
-3,333,-760
-65,-3388,166
-47,-3759,-82
29,-985,-765
60,3580,1579
15,6142,-111
-8,-3009,230
-37,-6444,-1720
20,2864,-168
26,2506,-41
-40,-269,93
-39,-3580,72
40,-1790,-871
69,537,1153
24,7336,458
-18,1331,364
-100,-7503,-2285
-39,-1611,227
54,1700,-70
12,358,-311
-1,2417,2304
-11,447,564
17,-3848,-1935
10,89,-495
28,4296,557
-1,2213,207
-56,-6867,-1527
-6,-805,1792
54,0,-1227
52,1700,79
12,3670,108
-47,3337,1362
-66,-2979,-925
-27,-6086,435
30,-89,-11
82,1789,-708
35,6700,812
-45,-333,143
-63,-3682,-880
-32,-3938,-1273
29,-447,248
48,0,372
34,3222,-86
13,7285,1355
-52,-2588,-613
-76,-7382,-867
-19,-537,214
45,89,208
68,1701,-1340
13,626,956
-1,3670,863
-55,-537,261
-43,-3759,-987
-6,-1790,-943
60,0,1257
55,2506,-1179
17,2416,951
-45,179,652
-37,-2327,-222
-22,895,191
19,-3132,-1962
51,-805,1830
34,1252,-541
42,6750,1804
-25,37,115
-36,-6518,-1715
-3,-985,48
28,1790,-689
0,3222,473
-20,-1879,-717
-7,-2059,1325
-20,-1074,193
11,269,-440
12,716,-1471
39,805,881
-28,1969,117
-32,-1342,-837
-47,-2685,370
23,0,1106
44,358,-563
57,984,-1649
17,2685,897
-45,-1342,-247
-61,1253,434
-23,-716,889
-23,-3133,-2398
29,-536,1530
51,358,349
59,1252,-226
28,6355,961
-35,-806,366
-62,-4564,-1704
-29,-1880,-774
-11,-268,460
28,-716,-146
24,716,239
35,716,-953
16,6265,1141
-31,447,295
-27,-5817,31
-53,-1611,-1306
20,-268,1942
10,2863,343
-2,-1253,-1721
-4,-984,-697
-1,-358,-509
0,-89,1147
47,-358,-774
28,1163,-5
16,3848,769
-35,0,-1109
-30,-2058,559
-32,-2506,-773
-1,-89,731
37,1073,353
-10,-358,430
-17,-447,-1173
16,-358,-126
13,-1521,-627
14,-3043,-536
32,3311,1163
28,1700,-267
-23,-179,35
1,-89,-1052
10,-1074,943
15,1611,392
-17,4296,-977
-30,-3849,3
-32,-1521,128
-27,-268,921
37,1163,295
-47,1074,-1036
-45,-2774,-651
8,-7021,-625
39,6394,1939
10,3580,-1660
-12,-3490,-1337
-38,-8185,125
31,9259,2178
13,1521,-464
-37,-8524,-2166
5,-1516,192
44,9324,1433
-18,179,-1272
-37,-8616,-402
7,3694,2332
37,5996,-740
-26,-1342,-1940
-48,-9679,500
33,9768,2242
-12,179,-2850
-76,-12103,1369
24,10045,1202
34,2147,-1385
-38,-8113,-1696
-1,-1442,526
33,9287,2584
-7,268,-1596
-32,-7428,-808
-5,4207,2265
35,4564,-541
-21,-1611,-1854
-28,-11641,-45
63,10657,2753
52,984,-986
-19,-7160,-1142
37,-611,1068
17,7860,1511
6,-1968,-3391
-19,-8665,2615
35,9560,564
20,7338,-542
-14,-4922,-1083
-31,-8592,33
30,7249,1832
-14,5639,-2101
-31,-6354,426
-32,-2954,1025
-3,3580,-916
-3,1342,170
-51,-4922,-105
10,179,966
23,3222,273
16,90,-259
23,-7645,-2665
22,-998,0
59,6405,1889
27,3043,-338
-17,1432,-705
-22,-2327,-272
4,-1253,2250
-19,1432,-476
-41,1342,-855
-20,-3311,-203
3,-8279,-1186
40,4610,1323
18,5638,112
18,0,-1563
-4,-9361,-2695
6,5065,3837
-4,4654,807
-21,1879,-1434
-55,-3221,-1007
-26,-10685,146
21,4151,1563
25,7518,-903
-31,-3848,-1639
18,-6363,-2010
37,4573,4199
46,6980,131
-34,716,-1166
-49,-7517,-1239
-10,-806,1527
3,5549,1007
-27,716,-716
-19,-7993,-1480
18,-3676,-939
57,7731,2868
51,4564,-377
-27,-626,-541
5,-1790,733
8,-268,736
29,1432,178
2,-269,-578
29,-8133,-1864
25,-185,-691
14,9034,3508
-58,1521,-1270
-98,-3400,-19
-32,-7821,-268
31,7552,479
59,4564,781
-20,-2416,-2653
-5,-4296,2420
-24,4475,1416
-10,447,-959
-58,-626,-1439
-41,-8443,-993
-45,5311,1943
-3,3311,-156
-57,-447,372
-24,-2059,236
30,1522,266
100,-3133,-2011
110,2954,2220
125,1163,350
4,0,805
-31,0,-306
-44,89,-158
10,-2147,-1073
7,179,-87
58,1790,1711
12,626,-19
13,179,520
6,-358,-294
53,-358,-223
-120,-14237,-1364
40,14237,-3182
-137,-13595,-8774
-285,-20511,-18611
-401,-27560,-18725
-335,-17081,-26551
-202,0,-1820
-646,0,-546
-529,0,-481
488,0,217
142,0,153
85,0,46
231,0,65
378,17403,9398
493,24572,25671
465,22891,21169
346,13702,20288
208,626,3726
18,-715,-414
-146,-7