R
StartTickMs,measCycleMs,Px,Ix,Dx,Py,Iy,Dy,Pz,Iz,FFrx,FFry,FFdrx,FFdry,satI,satPID,KFQAng,KFQbias,KFRmeas,CPx,CIx,CPy,CIy,CsatI,CsatPID,CFFdrx,CFFdry,IRelaxX,IRelaxY,DmaxR,DmaxE,DMx,DMy
239608,10,58,70,47,58,70,47,250,0,0,0,100,100,500000,15000000,500,1,1000,1,0,1,0,100000,10000000,0,0,4096,1024,0,0,0,0
GPT1X,aPT1R,aKFPT11R
-8,-1521,-312
2,0,-290
0,0,228
-6,0,-145
5,0,-45
1,0,138
-3,0,-372
1,0,426
4,0,-364
-9,0,425
9,0,-355
-6,0,378
1,0,-317
1,0,187
1,0,-106
1,0,-46
0,0,136
0,0,-365
0,0,449
2,0,-389
-2,0,422
2,0,-353
-5,0,369
-1,0,-312
3,0,248
-4,0,-165
7,0,-45
-5,0,133
6,0,-362
0,0,427
0,0,-369
-2,0,438
-6,0,-368
7,0,369
-2,0,-312
0,0,245
2,0,-163
0,0,33
2,0,56
-10,0,-363
2,0,417
2,0,-360
1,0,433
-1,0,-366
0,0,394
2,0,-335
-1,0,296
1,0,-214
3,0,34
-2,0,48
5,0,-354
-8,0,440
-2,0,-383
0,0,436
0,0,-371
2,0,387
5,0,-333
-4,0,293
-1,0,-211
0,0,106
-1,0,-21
6,0,-246
-4,0,315
3,0,-364
-2,0,425
1,0,-361
-5,0,409
-1,0,-357
4,0,334
2,0,-251
2,0,128
-2,0,-45
-2,0,-241
8,0,325
-7,0,-376
-4,0,433
1,0,-371
0,0,420
9,0,-350
-5,0,351
2,0,-290
-4,0,125
-7,-90,-57
5,269,-173
9,-806,93
6,806,-159
-10,-895,23
13,716,-78
-22,-1611,-144
6,1700,-135
-2,-447,927
0,-179,-1085
-1,716,448
-3,268,304
29,-447,128
-45,716,565
37,-806,-1336
-23,448,1209
-1,447,-490
17,537,582
-4,-895,-479
13,627,455
1,-179,-191
-22,-1074,8
15,626,4
-11,-89,-123
27,447,121
-1,90,54
2,-895,263
-11,-2775,-1650
5,-2685,-754
-11,2238,-673
17,4206,1575
21,537,1111
-15,-2327,-10
20,895,-941
19,1343,142
-29,-5370,-40
26,4296,-2771
19,1074,2918
7,-5012,-1490
13,4475,2143
-14,-2417,-1943
7,0,1034
12,2775,-573
-11,-9426,-1772
34,11573,1629
-41,-15997,-2312
1,14207,3871
96,-89,-7712
-75,-14237,5950
146,19070,1518
-47,-9308,-1643
5,-805,-266
-27,4385,2406
73,6802,-3515
-72,-22913,-2803
42,17274,5119
-14,-2237,-1824
-3,1432,1030
26,-2506,-4300
-23,-9758,509
77,11996,3168
11,-806,-2799
-75,-12293,-1126
-10,13099,3619
-41,179,-1501
-83,-12316,-1108
12,8020,3821
42,5280,115
-21,-1790,-468
-62,-7633,568
12,8976,1848
58,3669,-981
-3,-4564,-75
-6,-1969,538
129,9576,1243
-14,-3222,-2136
-81,-11008,527
66,8502,2657
-6,2148,-1164
-70,-8144,-1099
6,5101,-51
-41,984,557
-87,-7070,-869
-41,-2166,1107
82,8163,509
26,89,-360
0,-2953,-2551
27,716,3051
44,4743,652
8,5783,-3
-74,-7394,-1701
-23,-5280,462
15,-1969,-160
56,6354,-88
-24,716,-717
-69,-716,-1701
-52,-1432,1882
-37,895,797
-16,1790,-824
-57,-1253,-236
-10,-984,-552
1,-8562,-2458
22,6503,2253
24,4117,1279
-69,-1074,-1616
-79,-1253,1391
3,-2595,-928
24,-716,-935
59,3311,1032
-3,1432,688
4,-268,-490
-47,-716,172
29,-2596,-2547
-47,-4703,-1290
-40,5330,3108
2,3848,-965
-109,-985,320
-69,-1163,-285
-54,-5459,-2205
14,-4910,-600
29,5805,2303
37,5906,799
-18,358,-2215
-63,-2237,334
-39,-7787,1290
21,5371,112
36,-1880,-1236
4,4833,998
26,-4027,-1448
-42,-5861,-2718
37,1379,1053
34,7972,3330
43,2416,-1103
-59,-805,-1299
-57,-5459,-530
-36,-3791,2266
3,1405,-714
10,2028,100
-3,-1253,-2249
-42,-4684,231
50,-877,-724
34,9141,3077
61,4653,-448
-45,-1163,-1722
-48,-6981,23
-36,-3953,1142
19,1758,-24
28,1294,-537
52,2781,-848
9,2416,-229
2,1611,2041
-41,-2327,-150
31,-4962,-135
44,2456,520
102,1074,-1050
45,4296,720
-28,-1879,-242
-23,-6021,-237
7,-739,-1135
36,3180,1672
-68,-1164,6
-35,-447,392
62,1611,-510
-7,2953,680
-44,-179,480
15,-1790,179
55,2954,216
-28,626,473
-8,-1342,176
46,358,-411
11,1790,656
-39,-895,-35
24,-985,-258
35,1253,-440
-75,-895,1285
-51,-2595,-310
24,1700,460
-51,985,419
-35,-448,-496
21,1074,617
-52,985,-318
-46,-1522,185
23,985,66
-34,447,306
4,-89,-106
83,626,145
-41,0,-548
-25,-537,599
14,-447,-239
-22,984,182
-64,0,162
-49,-716,-671
25,-447,-664
-30,716,1117
-72,89,618
6,-1342,-506
46,1700,575
49,1611,-645
-18,-358,230
-41,-3132,-65
31,805,1839
26,1074,-317
27,1879,-1118
23,-2684,-874
30,716,753
-4,89,1352
56,6444,2780
-20,-627,-1272
9,-5817,-2229
-30,-7919,-115
76,7830,2662
82,7428,26
-12,-4296,-1678
-1,-3311,3713
69,5727,93
17,7875,-1354
-65,-12708,-195
18,6265,3651
44,11016,-971
-40,-9692,-2002
-45,-8036,2406
73,13440,3518
26,-2431,-2320
-25,-11277,-2794
56,2147,1656
90,7821,1529
28,-9700,-3232
33,-984,1238
72,5190,2104
96,9139,-1310
-6,-4015,-1484
4,-6824,2254
26,8007,1763
-5,1515,-280
-58,-9075,-3479
22,-3132,376
99,3132,1456
62,10225,141
-38,904,1326
-61,-6046,-619
-2,-7499,-654
67,4027,380
52,7124,2862
-43,594,7
-32,-2361,-660
-5,-2255,-1611
15,1701,1390
-11,0,1201
-26,-407,-735
45,1627,319
-7,2261,101
-74,-141,847
-44,-4412,-862
33,-867,313
73,2567,-75
-31,3493,1767
-35,-753,-224
26,1062,-59
25,-2052,-1164
-37,-849,1110
-44,-3230,719
35,5239,-330
48,5793,874
-70,-1592,-1163
-68,-7887,3
31,-1072,8
70,4984,1801
18,6466,750
-79,-3021,-695
40,-4209,-1981
5,-283,1125
-4,-650,121
-29,1640,1054
6,271,-689
41,4100,258
-61,-2412,-565
-76,-4742,781
-27,-2403,539
59,10405,1776
29,4222,-1425
-42,-8338,-2849
-65,-1584,4692
79,13181,2596
-53,-4698,-3630
-67,-13521,-1373
23,1442,1404
63,11357,1271
-43,-4885,665
21,-2267,-137
72,12854,817
6,523,-1558
-52,-14297,801
41,14260,4137
26,5764,-2845
-75,-19128,24
26,11550,4453
35,5913,-1991
-79,-17035,-2775
33,12360,2786
21,-2077,-2763
-63,-20578,1539
74,16963,2374
27,1669,-5276
-79,-19258,951
76,18231,5316
47,-449,-4140
-78,-12875,-1127
82,17976,4378
-10,-8950,-5157
-19,-7066,3181
96,19499,2796
-27,-13854,-2360
-11,-497,1944
85,18654,-1895
-32,-8145,-1355
-14,-2770,4111
84,13034,-665
-46,-17934,-2998
4,9641,5300
108,8668,-1368
-56,-18686,-2781
-2,716,3414
84,10272,1300
53,-10818,-6125
33,-5502,779
98,14341,3241
38,5704,-3493
-83,-12070,141
-18,-8881,2516
48,15055,1128
80,1029,-3833
-28,-7774,483
-8,2829,2814
8,7663,-87
-37,-6871,-3310
-26,-13229,-169
84,12437,3185
60,11031,560
-71,-11986,-2930
-42,-5326,2041
58,5503,280
117,6264,-2522
-1,-5185,-413
12,-4844,1281
0,7303,1741
-10,-1656,-2375
9,-8205,133
64,5922,1601
49,8919,439
-46,-7439,-2376
-26,-9997,179
107,6643,1155
90,8433,-1356
-50,-4943,-143
-34,-9992,224
55,8264,1878
112,6175,-183
-12,-1379,-1779
-90,-8699,-1024
11,-2525,2171
55,9738,-577
39,54,-1910
-55,-7727,-65
-41,3737,1868
28,3120,-534
-13,-7986,-1150
2,-818,-398
-36,3153,2765
15,6203,-1058
37,-5189,-3275
-10,-2951,840
-25,-481,804
-5,3916,453
44,3447,-1581
-20,-6506,-1044
-70,-4366,363
47,5380,615
42,3527,-43
-85,-3621,-1129
-46,-3724,-811
59,951,124
-1,2522,655
-26,-1108,-1185
40,1396,388
-82,-1396,-1027
-31,-986,216
-23,-262,-927
-104,-1547,401
-6,-736,-825
-10,1855,516
-81,-166,-307
13,903,-835
-90,-309,-253
-83,-2085,-340
14,-254,-218
-58,-227,-543
-35,-1510,-63
8,1737,-500
-49,735,408
-28,-1273,-1105
-11,594,-104
-86,-1941,-1023
-5,-1553,-173
27,-480,-612
-27,-148,179
-7,-2950,-406
75,2617,-160
-11,1627,422
-16,74,-909
14,-1109,-294
38,-1867,-2343
-30,627,902
-42,-5997,-1512
67,-537,1561
112,2596,-1373
29,5584,1135
-51,555,-1098
-32,-6945,-1661
13,-3848,-440
64,1432,1254
72,8141,987
-10,2477,-1474
-78,-8470,-1133
-59,-7249,-1343
25,5548,2639
45,4833,-1299
-14,-3311,-1408
-95,-2058,-506
-59,-1164,1248
-69,2595,674
-53,-1253,-2171
-65,-9191,-2415
76,5164,2474
48,7428,-486
-27,-626,-2565
-64,-5817,625
-7,358,962
8,5906,-460
-9,-4116,-1401
-27,-10836,-2352
36,-396,37
42,9263,1989
30,5906,-1079
-72,-3132,-718
-56,-9065,-830
-22,6559,1137
27,2417,276
-59,-1701,-1670
-27,-12257,-2322
-20,-2897,-1155
42,3610,1274
55,5415,-443
-21,3892,-214
-7,-7246,-2057
-18,3934,873
-11,-4698,-174
12,6399,1559
6,4385,275
-70,-5996,-2732
-60,-7844,-94
-5,-2039,2335
47,2823,-1021
37,571,-1877
64,4192,321
23,-961,-1167
-21,2292,1038
-45,-2440,-485
-36,-3487,-62
25,-1141,-381
75,1212,-220
46,2854,-646
-7,199,535
-56,-1302,-365
-23,-2559,-405
14,-894,-1039
74,418,-1940
-9,832,1324
-48,-214,68
-43,-523,523
-20,-2873,-1362
52,-169,390
29,1358,-921
-16,1317,628
-63,-1149,143
23,-716,-986
25,207,-735
14,1387,-525
-30,757,921
-47,-799,-142
-11,-3249,-775
23,-605,-1875
59,-1590,908
-6,3666,175
-34,509,685
-55,-2706,-1102
32,-4319,-600
11,2443,-361
4,3507,628
-27,-2185,-464
-62,-3316,94
43,680,-331
54,2983,-961
-11,328,222
-48,-3125,-25
27,-242,147
56,798,-1327
23,1156,245
-18,898,301
-61,1780,126
-8,-4330,-1243
26,-1685,-651
42,3160,154
-20,2351,684
-21,-2591,-844
-46,-4470,-731
10,39,-843
74,1727,-1449
-4,1574,379
-43,-1440,555
-75,-579,463
-48,-3344,-1566
-2,-2819,-436
22,-452,-1266
-29,4164,1021
-56,1002,-443
-74,-4281,-297
-18,-1674,374
58,1526,-48
70,2817,-682
-1,-71,-193
-46,558,775
-43,111,-243
-26,-4490,-234
49,-739,-719
37,2691,450
55,1834,-844
7,557,611
-42,1251,560
-35,-2396,-373
16,-3828,-827
26,-328,-390
34,3680,-206
22,1682,-584
-20,871,792
-3,12,365
-43,-466,314
-41,-2891,-991
-18,-3486,-397
60,-87,-980
76,4422,993
7,-1810,-838
-32,1059,918
-40,-644,-256
-45,-1722,-208
10,-1614,-1420
-20,-1750,741
18,3702,-697
-28,2700,-563
-64,-2434,395
-77,-2712,-109
-39,-1284,-126
-9,-1020,-939
38,-357,264
52,3059,-334
3,3208,622
-55,-853,-50
-66,-4874,-90
-10,-841,-168
16,223,-1087
18,724,-327
-18,2231,-250
-62,-961,304
-17,-4863,-957
48,808,-151
68,994,-1283
-7,887,751
-54,2129,571
-58,-860,-678
-20,-4529,-622
44,-86,523
12,2193,-811
21,1255,590
-51,1444,424
-40,-2325,-797
-28,-3737,-229
14,1859,1307
46,2003,-1167
30,1879,-136
-43,1723,1396
-66,-301,657
-88,-1360,-725
-20,-3282,-253
38,1125,468
52,2273,-771
22,1281,267
-26,1664,314
-10,-645,62
-65,-3848,342
-50,743,-240
-13,-218,105
4,-669,-1124
-9,1211,-62
-13,4054,1332
-80,1084,-29
-53,-2280,-184
-116,-3304,-214
-56,-1205,-54
-38,2812,31
-13,-2211,-942
-60,1513,1228
12,4052,915
-21,707,343
-23,-1558,210
-44,1960,481
-37,-1079,863
-4,-3311,-500
-38,1875,396
19,-886,-483
10,-879,-574
23,-37,182
53,2880,964
40,1490,-374
9,-106,86
11,1277,1264
20,2109,423
33,-1211,407
20,2047,49
31,-63,1599
-46,-2701,-61
-45,2689,1133
7,-2383,-193
-34,-3403,97
21,665,187
8,446,-173
40,243,798
13,1630,336
41,-1068,-936
14,2487,893
3,3034,58
11,-1663,901
20,3799,458
-4,-2230,-577
-19,2065,808
13,707,-497
-8,-1663,602
18,114,863
48,-1871,-195
31,231,775
60,13,-258
45,-2324,-468
68,1400,1180
28,-450,-1212
16,-380,478
58,2064,-155
25,458,510
44,1425,199
36,1434,226
11,47,862
24,1865,662
73,1230,764
72,-279,396
92,1676,1020
67,147,-491
60,-3016,695
37,1548,218
17,-283,-318
0,-3281,-363
15,1211,874
31,-401,-78
-2,208,824
-23,2414,282
4,-2173,979
-10,-80,-710
-32,-2153,-730
4,-71,1693
45,2753,280
50,1103,1569
41,2806,657
13,1307,-559
-15,475,628
-11,48,136
-1,-2752,-690
3,2348,1219
25,-333,-52
-3,-675,-273
3,2054,998
-13,1212,-889
-47,-254,838
-31,-601,-358
-29,-3226,-19
-6,1149,1113
44,-250,-135
6,3946,1636
13,792,58
18,949,-390
-19,-1769,280
16,-1449,-1490
-25,-4949,186
22,1206,1087
30,1085,393
51,899,441
53,5901,645
-27,-1035,-941
-9,-222,-470
19,3921,2046
25,-2664,-216
9,4275,3059
60,5638,205
-28,-626,-1051
-36,-5728,-90
17,-6365,1235
23,-2120,-433
29,6516,1390
43,6086,201
20,-1700,-198
10,-6826,-1005
43,7810,3950
6,2327,44
-25,-358,-112
27,-2774,-472
59,-2417,-1239
-20,4296,2753
6,-1611,-569
79,2148,1218
31,716,-69
-1,0,617
66,0,-323
-21,89,479
-21,-89,-362
23,89,468
-67,179,-40
12,-268,25
23,179,141
-33,-179,-480
43,1521,781
-38,0,-196
-11,-805,463
4,447,-386
-68,-895,421
10,179,-346
-29,895,596
2,537,-276
26,-447,554
-49,-90,-432
21,-537,744
-48,1880,-108
-14,0,68
24,1611,534
-62,-179,-295
51,1521,928
-36,-1253,-372
4,-179,557
10,806,119
-29,-2864,453
12,1074,-326
-66,-1522,749
-11,269,-361
-3,1074,660
-32,-358,458
38,1969,504
-55,-1611,-209
30,1879,561
-8,-179,525
-23,1074,339
36,2398,621
-58,-1413,-457
55,1783,1143
-18,-37,-6
-24,147,695
21,777,202
-48,628,653
-17,-1368,-395
31,1590,691
-44,-185,87
-8,-1589,314
40,1405,-116
-34,-1331,711
-5,1663,812
45,1639,-101
35,4497,980
-79,-1756,-653
-33,-3731,-4
64,-1647,119
42,3797,1945
-38,1486,788
-20,931,-342
36,335,-600
-9,-21,260
-55,-3693,374
16,-1356,711
90,5592,389
-19,3176,449
-61,-3343,-813
18,-5980,739
80,3289,62
7,4237,1237
-75,1642,-202
-10,-4096,-2253
33,-2935,1317
-42,3132,1265
30,3199,343
58,3819,-254
-67,-1916,-844
-64,-4934,-680
36,-3187,1098
-6,3354,631
-17,4815,293
-1,-560,-820
-9,-1193,409
-79,-4949,-1086
-4,-731,2062
74,4974,377
-41,6965,718
-83,-4362,-1041
-19,-5609,-2310
4,-405,2197
-46,1159,807
32,6263,432
18,1234,-787
-67,-4944,180
-10,-3260,1379
73,6092,1384
-12,6636,226
-93,-5306,138
-1,-6108,-1953
58,4890,2676
-54,5330,1013
-31,-1852,-1602
7,-2381,-208
-42,-2875,601
-3,2334,1592
47,7638,-389
-65,-4622,-210
-95,-7816,27
10,10089,3045
60,4404,-2004
-51,-9663,-759
-51,4246,3627
28,3701,-216
23,-10242,-3242
54,1420,2970
118,14802,2759
27,407,-4694
-34,-13988,1703
30,-136,4875
125,16565,-1181
5,-13337,-3997
12,-8685,2891
113,17764,2247
3,-8733,-3733
-38,-1874,2605
87,6929,-749
-34,-12294,-4133
33,14077,5148
48,-4837,-3908
-55,-3189,3082
84,16100,725
-13,-11921,634
49,10244,492
9,-7551,-3595
-14,1362,4514
82,5246,-3859
-59,-9961,3401
102,15205,895
-44,-14398,-1348
48,9950,3400
29,-7465,-4088
21,3343,2725
87,6275,-390
-26,-17370,-2569
52,9195,2645
59,1601,-1923
-27,-13326,828
136,12561,1053
98,-1273,-2046
30,-2116,2099
86,14433,-2176
-86,-15819,502
-27,4524,4699
29,1635,-2803
-17,-10407,-3327
91,13794,3619
-20,-8280,-3355
-76,852,4910
86,7933,-1949
-52,-14380,-2075
82,9973,1359
21,-4182,-1842
5,-2258,1929
133,16168,-893
-31,-16309,-1537
41,-3936,3231
139,8981,-2103
66,-6141,-2171
1,7470,4347
-3,1078,-3298
-97,-14895,-1009
66,11459,2402
10,4693,-1770
-139,-12730,-2111
-6,2395,3140
86,6492,-2239
-47,-6889,-1553
-24,-3289,993
66,6192,221
47,2696,-2414
-102,-8738,1304
-19,1155,864
77,7726,-1322
-59,-2408,-776
-78,-9614,-1964
42,5100,2479
-18,6047,452
-40,-4713,-1966
-9,-5205,-1997
-20,-1385,2342
7,6679,20
42,1780,-975
-74,-4503,-1427
-20,-5227,429
68,3282,-8
-31,4797,274
-29,-1997,-1806
8,-2912,41
-77,-4493,-1194
60,2317,906
15,3574,-53
-68,-391,-1810
4,-1649,-675
-73,-5398,-981
-6,585,1035
11,2951,-315
-111,-214,-1211
-58,-1432,-1926
-102,-3219,416
-35,-476,-892
7,2118,630
-42,105,-716
17,418,-4
-70,-1166,-832
-27,-381,-479
-108,-2289,-911
-45,-2239,-1061
-38,37,-92
-75,-295,-974
-22,1734,298
-75,-708,-1206
0,-1100,-314
-89,-518,-1057
-63,-1479,51
-1,0,-625
-54,-380,212
30,-984,-1022
-29,-448,183
10,-1611,-1196
27,1343,-227
-19,-1253,-480
44,984,-733
-18,448,-89
0,-1432,-1151
30,-1432,-655
-37,179,-547
-4,-1701,-483
30,-358,-908
-59,-895,461
61,-179,-562
38,269,359
30,-269,-685
101,358,406
57,1164,-378
23,-627,261
93,-358,-753
29,-89,360
5,-537,-431
82,0,64
11,0,-70
-37,-537,-351
52,-89,58
-15,447,-363
-20,-1432,84
78,1343,-567
42,-895,493
14,-1701,-993
73,-895,413
-4,-268,-700
21,-1164,567
81,2954,-547
-18,-1343,406
12,-179,-1503
56,-2685,13
-34,-1163,-898
32,2237,1166
13,1074,-292
8,179,175
41,3133,-193
-90,-3133,-1848
-34,-1879,27
-95,1611,-80
-137,-3682,356
-42,3055,-190
-146,-89,587
-108,-895,-1265
-40,-90,-212
-117,-1648,-648
-47,-1072,929
52,887,-1064
16,4966,767
-82,-1522,-702
-64,-4257,-1609
-38,517,-713
-95,2308,335
-136,-3454,-668
-79,-4377,202
10,1814,-1003
-54,6465,847
-126,358,-105
-69,-4741,-2623
-78,-6203,-198
-83,3301,-227
-185,-57,783
-70,481,28
-16,2737,-500
-98,222,-91
-98,-1146,145
-33,-1190,-1055
33,2706,-13
-77,-2565,-666
-91,-1873,84
9,-570,-741
-19,-428,-513
-79,332,105
-100,813,330
-33,-3432,-1059
38,-313,-1026
-4,1744,682
-53,-302,254
-39,-2717,-1058
18,226,-382
54,944,-133
33,3489,-59
-29,616,395
-47,-1305,-21
41,-2779,-560
79,1254,-409
43,439,-276
3,1585,584
-35,-71,-832
32,-2224,61
37,-711,-803
49,1401,575
30,3288,764
-48,-3330,-600
-25,-2973,-847
40,19,-185
37,4125,262
-16,24,248
-41,-2178,53
-40,-1594,-320
49,-2541,-1317
5,1496,283
-7,3329,730
-35,822,951
-55,-4445,-650
4,-1843,582
34,2241,-576
67,-208,-549
-8,2346,755
-57,105,949
-56,1191,451
-12,-3953,-1029
50,-1514,-241
46,2860,576
-22,3696,933
-47,-1361,268
53,-3612,447
160,-363,-124
288,-546,873
262,4793,-33
293,1826,1294
151,3859,448
76,555,1133
88,-961,312
101,-1469,-175
31,3206,1024
-4,-3602,-407
52,-2943,-363
53,1284,27
-39,380,180
42,-1545,-840
6,2258,1458
-4,2948,-52
67,-887,1393
-12,4838,1261
-21,1074,315
33,-179,579
-75,-1253,1768
20,3490,-18
13,-1611,391
-71,-3586,10
59,2960,757
-23,-2685,579
-15,-423,1165
37,3197,629
-62,-268,85
36,-179,387
-38,1611,450
-20,2148,580
49,447,214
-31,269,777
-18,805,-67
63,268,473
-53,-89,-332
-24,-179,403
-8,447,-44
-24,537,1286
-3,1701,-454
1,1790,675
-67,-1253,26
-32,-806,354
1,-3579,577
-1,5459,4942
-28,-4207,-3323
58,10816,3470
25,-9652,-2639
54,11774,4232
91,-4479,-2945
30,-1925,2679
139,11774,-598
16,-12222,-1217
68,9037,3791
30,-166,-3467
-13,-8334,2244
79,11496,944
-19,-17403,-1952
66,14383,4480
62,4018,-1110
-15,-10289,182
53,13370,644
30,-6284,-1317
-32,-5496,4327
76,13264,1587
37,-5827,-3754
-21,-7363,3008
129,11481,3030
2,-6394,-2650
-5,-7490,1148
111,18121,2326
57,-8374,-3555
13,-10228,1554
94,11163,2636
125,3728,-757
34,-8422,-2031
89,9761,4177
98,9915,-320
-5,-11284,1043
9,-3992,888
91,11241,-1969
10,-7023,-558
13,-10068,3957
152,11922,-303
77,-3703,-4527
48,-1850,2461
57,11798,3757
67,-1284,-2538
-41,-12390,-2061
60,2706,3731
153,8367,-905
73,-2034,-1309
2,-6264,-136
13,6058,3322
41,397,-3270
8,-8721,-768
-1,1730,1124
-2,5042,508
36,256,-1695
-32,-4036,-38
-61,-2973,-745
65,3262,257
-11,1845,-35
-21,-2756,-2048
40,349,648
-40,-2191,-1579
30,-38,1000
-31,-641,-1413
-1,-245,562
-12,396,-708
-4,-753,249
26,1947,-742
-40,-911,105
26,565,-1144
-72,-1685,470
6,-272,-1396
-28,84,783
31,-1296,-1277
20,-42,405
-8,-1118,-985
59,-214,-235
-26,-1137,-353
75,-934,-791
-16,0,-41
-13,-820,-1870
37,424,1222
-19,-790,-1884
52,394,1087
-14,-690,-1475
46,-74,448
-39,736,-1361
-18,452,89
-69,-1447,-1577
-97,-406,459
-79,-74,-1363
-145,-1331,398
-36,702,-1318
-121,-2137,-4
-13,1065,-899
-73,-2676,-1087
-1,1343,307
-117,-1969,-1508
-53,-716,-17
-145,-1522,-1338
-102,448,175
-143,-895,-911
-152,-90,123
-67,90,-767
-86,-1164,46
-18,985,-512
-104,-1790,66
-60,268,-668
-149,-268,239
-159,-89,-699
-187,-537,-130
-93,-448,-1169
-151,-805,-185
-77,-1611,-1999
-42,358,-324
-87,-3580,-2050
-23,-895,-885
-52,537,-960
-50,-2032,-1627
-70,370,77
-76,-111,-1463
-35,-1960,-246
-109,-131,-1005
-84,-2709,-745
-157,871,-984
-156,-1037,-866
-68,-48,-1410
-122,-761,-408
-59,-190,-964
-24,-1069,-768
-82,-690,-455
-5,-251,-779
-81,-354,-582
-66,-1300,-363
16,94,-823
-110,57,-575
-44,-2309,110
-6,1130,-878
-105,-1483,-364
-29,-3197,-959
13,338,-31
-61,-1482,-410
-51,-1385,-748
36,513,-731
-87,-1151,-392
-35,-1305,-1121
-3,1931,-309
-73,-736,-293
-20,-1048,-893
30,3369,490
-71,309,354
-28,-229,-144
16,-473,-412
-27,-3157,-321
-60,-2917,-622
29,-451,-29
-3,1625,279
-34,535,-481
7,2609,-52
15,3037,928
-122,-107,1070
-75,-3845,-579
0,-1144,-404
-56,-146,-247
-40,1149,-14
-13,3676,921
-205,795,679
-135,-2937,-732
-69,12,929
-85,-2107,-395
2,1470,-348
121,3406,129
-34,3733,1893
-55,-4520,-277
71,-2288,-224
109,601,540
21,2239,-135
19,2765,-85
1,-972,905
-63,-4621,-481
125,2895,-432
52,3019,1872
-104,-661,851
32,-3591,44
170,2011,-630
57,4661,1137
-90,-1586,769
51,-610,896
75,-561,-167
68,2306,103
99,52,-55
106,2419,1947
123,-2592,534
233,798,45
334,4268,1062
209,-2097,764
293,-1040,288
310,4993,941
190,312,324
194,-4537,981
223,21,61
232,3412,1219
208,4612,1143
151,-147,1201
54,-3390,-140
194,-2139,368
45,1828,365
55,3627,1423
18,4421,1108
-46,1163,753
1,269,1265
14,-179,1082
39,-5342,-407
141,333,378
18,-296,-191
151,4320,1576
21,985,363
22,1879,1313
48,1253,591
-20,-89,551
50,89,694
-11,-895,-46
44,90,491
47,-269,-447
10,448,929
46,537,-587
-46,-269,963
68,447,-604
-50,-89,1171
33,179,-157
16,268,1007
16,1074,-494
67,2506,1543
-51,-1342,-436
45,1969,1589
-7,1432,599
34,-1164,840
44,3108,673
16,-1855,888
61,2114,169
5,185,837
62,-666,66
53,1590,765
78,-1294,384
80,2403,306
37,1586,1196
89,-565,-644
26,481,1637
92,1753,-691
-11,-1018,1555
14,685,-939
1,-48,1385
19,-326,-1083
25,279,1154
-16,-873,-632
25,764,836
-42,0,-329
31,275,978
-48,476,-647
24,665,1124
-52,-879,-548
-20,404,453
-19,-381,-224
-11,-645,201
-14,85,119
-25,-311,150
42,824,345
-20,-71,-569
34,47,761
-49,927,-403
23,619,954
-53,-262,-750
24,566,786
0,313,-767
10,251,695
-4,398,-772
-5,-816,622
25,272,-1055
-55,-1008,794
60,423,-939
-44,-1255,557
-2,-428,-975
-9,-546,441
-26,-1216,-733
14,509,276
-32,-764,-352
41,340,-147
-44,-877,-142
21,622,-1120
-35,-198,731
-12,396,-759
-8,990,826
-2,-905,-1202
39,1602,756
-27,-1489,-1036
83,1417,577
-11,-1756,-1229
33,283,469
5,-283,-1194
-28,-453,561
17,0,-1112
-45,-768,631
50,-37,-1677
-39,-887,1055
-6,-1294,-1909
-24,222,828
-50,-444,-1771
-5,-1555,6
-88,-90,-828
-46,-89,-801
-207,-2417,-526
-208,537,-1027
-299,-1879,-312
-202,89,-1696
-236,-1790,164
-100,179,-1076
-143,-447,804
-36,-358,-1310
-48,537,671
-56,-806,-1140
-17,358,336
-110,-447,-626
-31,-89,129
-105,89,-424
-12,-984,-33
-42,-716,-733
-54,-1253,-175
54,179,-526
-28,-2148,-458
48,2953,-283
42,-716,-28
-1,0,-992
43,716,-698
-22,985,102
35,537,-1006
-20,-985,509
-88,-984,-183
1,-716,-788
-113,-2775,-1282
-27,-447,-255
-49,-1343,-662
-98,-2662,-640
5,1479,-177
-72,-1590,-838
-27,-1482,-1483
-38,-57,198
-81,-1990,-1757
10,-24,-636
-114,-785,-1089
-86,-693,-56
-119,693,-822
-156,-3023,-94
-35,1577,-962
-91,418,-178
-59,-146,-1019
-86,1721,-763
-170,-1046,-328
-130,-1553,-1525
-197,-105,158
-137,-979,-1374
-110,-1971,-719
-152,-554,-433
-62,-915,-982
-51,1158,-75
-90,640,-374
-32,-3228,-1346
-17,30,-356
-86,256,325
-77,-1158,-1024
-23,737,-14
-114,-482,-230
-17,-127,-276
30,-213,-844
-16,-241,16
-110,-2881,-520
-13,863,649
24,-1182,-1227
-12,454,82
-65,-1524,-160
17,-3311,-1025
98,1764,634
13,4069,120
-38,1862,1212
-24,42,-313
11,-580,196
36,27,251
34,1106,1523
-64,-241,435
-49,-2152,728
18,-829,-639
132,1047,-309
95,4672,1674
53,2447,1477
-27,3408,1171
-28,-6080,894
20,-513,100
41,-488,-248
93,241,86
9,4722,960
-13,2095,1097
-28,832,792
46,71,-251
52,818,840
-33,-604,234
-22,-2919,515
102,-603,1505
107,2809,69
68,2759,1173
56,-396,178
113,2328,669
246,1775,1700
235,5956,3844
206,-3311,1319
358,447,1599
405,-358,406
361,985,633
257,3848,2037
231,537,766
194,1432,805
24,-895,399
-21,-537,381
8,537,13
-54,-448,387
51,358,-2
-15,0,1025
37,1611,212
67,985,1322
43,2058,70
100,537,523
37,3094,1811
90,2108,817
-45,-2662,616
19,259,654
-35,-148,560
-50,-148,117
40,518,342
-50,184,279
11,-332,769
48,776,-168
2,-961,1100
82,1442,-410
58,-555,907
81,4168,612
-12,2706,1381
-1,940,704
-18,-3146,627
-24,475,362
50,-1074,-320
-27,-1358,-344
73,2884,1315
-9,1968,-422
4,1168,552
-60,603,957
-47,1074,208
-21,-3242,300
0,-836,-639
94,2797,1458
-19,3496,556
46,271,1374
-80,-1846,105
50,-1940,447
25,302,-789
84,1395,1086
70,1999,-455
-22,1853,2043
43,1826,75
-11,-1826,987
121,-680,-16
152,-752,992
230,1602,-540
206,3147,1110
138,-356,38
194,1180,1306
63,-1449,-236
141,-1614,251
195,-1291,-173
293,57,720
287,1315,-587
166,2097,337
183,2082,1224
25,-1574,-605
46,-1109,918
-21,-1416,-1286
-86,-1863,723
-9,2104,-1014
-104,-294,990
-109,-202,-1151
-50,791,1167
-148,-1438,-1438
-74,997,1294
-59,479,-1241
-97,-978,944
18,965,-1084
-33,-561,1033
-7,703,-961
-113,-321,652
-220,-1763,-341
-146,4024,1100
-204,2131,-854
-254,-4559,166
-255,-2841,-768
-265,2222,719
-151,5364,58
-225,-2759,-1652
-84,-3610,78
-68,480,88
13,1721,587
-85,955,-113
-9,2080,111
-87,-2227,-1545
-4,-3732,517
-60,-88,216
28,4470,909
-87,1088,-779
-48,-2443,-480
-40,-2871,-1263
-29,-113,850
14,1430,-663
-37,767,1
33,-404,-1129
-50,-2420,-364
41,-632,-1111
-31,-474,508
41,-80,-647
77,1547,379
-37,-1146,-57
41,1206,-398
8,-647,165
61,-1056,-163
116,-989,-551
63,-657,553
167,588,-214
99,2385,222
4,-75,326
79,1110,-1191
2,-1849,157
3,-4038,-1361
68,811,1844
-29,3003,292
25,2928,-875
-89,-7238,-2605
-73,-2924,2021
20,9959,778
-79,-524,-1563
-129,-8674,-2267
-129,5316,3748
-64,3117,-1187
-80,-2795,-1580
-130,-8019,-167
-47,6418,708
-56,4835,-843
-165,-9800,-272
-42,-594,74
-15,8913,-727
-97,-4072,-1053
-57,-7813,-86
39,3685,-23
-10,5347,-708
-17,-3128,-1213
2,-5608,-1395
40,-74,1433
-15,7044,382
15,-2010,-1530
33,-6254,-2109
13,1470,2111
-30,990,27
42,1795,-1188
-2,-1710,-1526
-45,-2989,634
-35,-222,23
45,1405,173
78,3611,-798
-48,-899,-1229
-63,-6532,-152
22,-3401,60
81,7221,685
10,4658,-131
-78,-4658,-1402
-46,-8384,-118
53,716,-360
85,7594,136
-35,444,-702
-86,-3832,-675
8,-5638,-1065
72,1253,602
18,3938,-449
-46,-1432,-536
8,-2148,-1351
73,537,-1117
-18,179,189
-62,-2775,-1255
67,-447,207
-25,268,-648
-71,627,744
53,-537,-832
-34,-537,50
106,-89,-392
12,89,779
91,1879,-658
-30,0,373
34,-716,-458
-67,-537,405
31,179,-388
-71,-805,61
-17,-268,-541
-63,-90,371
-40,358,-506
-91,-89,76
-68,-269,-385
-45,-626,130
-90,-269,-357
-19,537,141
-140,-89,-147
-87,805,-188
-239,-895,-109
-228,-179,-729
-338,-1521,-383
-284,895,-189
-349,-1253,-447
-219,1790,-760
-263,-269,-541
-179,-805,-689
-132,-537,-750
-132,-3133,-875
-22,627,-566
-82,-2972,-386
-29,-1590,-666
78,740,266
-31,-592,150
50,851,-1031
76,850,-552
0,-1220,81
103,-2428,-1065
207,255,291
204,481,-261
281,509,255
436,665,651
351,5614,358
297,2596,1337
245,-2864,1657
277,-2059,-438
310,-2621,-202
190,0,880
109,-370,-49
155,296,-472
126,1294,-99
56,3102,-136
-16,-2991,756
77,4154,82
33,2954,1641
-37,-806,148
9,-89,1204
13,805,131
-26,269,1316
25,447,-3
40,179,522
-54,-179,71
42,89,584
-17,179,-357
-59,-179,701
38,179,-391
-42,358,661
-10,-268,-392
45,1074,555
-44,-179,-9
7,-90,-15
69,1432,-41
-50,-1611,182
21,-447,-572
78,805,181
1,-1163,168
94,358,374
110,626,353
6,-447,574
57,89,-89
76,269,-448
-5,-358,562
42,-716,-396
86,268,1091
5,448,943
88,537,670
112,2953,-2
21,179,1640
56,-3043,-810
148,2864,2182
72,5599,1177
30,-1886,345
77,-3265,-740
126,3450,1800
45,4244,572
16,-1619,774
9,-3122,-1049
106,3383,1271
68,4222,-26
19,979,1574
-15,-5610,-816
29,-3600,1124
51,0,515
79,8374,1253
17,3098,-1129
-31,-16395,1536
20,11252,1708
99,14466,-1322
31,-3380,-122
2,-8874,939
16,-5089,2008
94,17413,2456
35,-2750,-2321
-27,-15069,-3596
36,4543,5499
39,6509,16
23,-2343,-2159
-16,-10447,-3706
31,6162,4584
74,8122,415
20,-7575,-3183
-67,-13924,-2363
36,9916,5103
-2,8112,-3021
-178,-9260,-3467
-222,-1701,2090
-208,17889,957
-380,-17556,-5477
-378,6001,5514
-310,-4190,-6410
-315,-10285,-577
-107,14427,848
-170,-14069,-1344
-156,7968,627
-97,7363,-1565
-106,-6772,-1532
-49,-8828,5
83,0,-1255
70,4833,-983
-14,5105,812
-104,-6358,-2881
-71,-3669,-989
-29,-89,-139
-102,447,-298
-111,-358,-588
-2,0,-28
-61,0,-487
-140,-179,209
-58,90,-514
-87,536,-486
-221,-894,-577
-138,-2596,-284
-149,1432,-463
-230,-1342,-6
-160,-3401,-1731
-163,1611,40
-230,1969,180
-104,-1522,-1086
-71,3491,-337
-138,-3222,-1708
-104,-6184,-1730
25,-407,299
-1,4264,1032
-8,-1602,-438
46,-2255,-610
152,1109,-596
130,6328,992
91,805,-152
106,-4475,732
109,-1512,-1275
153,-1220,-1097
96,1146,163
28,2660,1045
-3,-2148,327
44,-2102,-1450
150,-1964,-1231
171,6572,1032
232,1701,-93
186,-269,1494
229,895,1187
181,-1969,270
195,-5964,-2142
190,-316,477
205,168,-1301
140,1664,1078
95,1942,-92
-9,-89,984
-54,-670,-565
-35,-3892,-337
-14,425,-1102
35,2321,962
-41,3606,100
-41,-4494,393
-52,-480,1227
23,-148,-184
38,185,-1895
32,739,1186
-11,6614,1055
-24,1432,514
-97,-6493,-1698
-68,-5634,-784
-46,-1680,109
3,-1379,325
6,4986,-348
19,10558,-1941
-61,-2685,57
-79,-6680,-585
-69,-2069,658
-44,-3044,1504
11,10182,1077
-53,-2999,-2355
-33,-6974,-2229
-75,-2064,-504
0,2421,955
-18,4090,1178
-15,10270,286
-98,-2954,-1054
-92,-12662,-1139
-15,-1542,1384
-3,1605,-475
-26,3444,-170
-22,-1395,-2016
-19,-4759,-2808
-39,-3114,2954
27,4954,-299
25,4625,931
-10,3981,-510
-28,3252,-127
-18,-2586,-553
-9,-7018,-170
6,642,1557
47,5969,407
-24,-111,306
-44,296,-65
-40,-6773,-2287
-23,-6750,17
28,3436,1546
45,5691,-1285
-16,-594,953
6,-2354,-1333
-47,-5990,-1134
21,-2776,3800
75,3482,-1602
51,3946,100
36,2337,-434
31,-3157,-2164
-4,-3656,976
52,1387,166
50,1948,1172
54,1894,-62
40,3618,603
-19,-3054,-2449
9,-2213,1152
-12,1837,-918
21,251,1136
19,1573,717
19,7204,-45
-32,-1213,-589
-58,-2107,408
-34,-2505,-729
-6,-4123,1115
23,8809,3296
49,1407,-359
-31,-3367,-362
-35,925,-186
-25,-6938,-2289
-10,-2788,1022
67,1261,473
9,-1225,-1208
29,4375,1276
-1,2117,-844
33,-3907,-1947
55,-2880,2436
40,766,-1510
58,1112,2806
70,8809,-469
-4,845,-1443
-11,-1251,1048
27,-3494,-980
25,-962,1071
47,4751,2107
47,6147,355
22,-3222,-1261
-31,-2666,755
16,-1775,-1178
10,-7037,598
30,5726,2898
45,-1415,-1780
53,-713,-2040
47,1138,747
-11,3743,-166
-31,-1959,1422
-64,-427,-210
-31,-2093,607
65,481,-929
44,2002,501
-10,2181,121
-7,148,1694
-23,-813,-885
53,-2075,-586
26,4659,582
-30,3401,1394
-57,-5357,-1174
17,-3467,-529
77,1471,129
-5,4310,1939
-69,-2905,-1539
-27,-3555,45
42,2741,-216
-37,2377,631
-70,-750,-338
-18,-5227,-29
42,1085,-329
79,5250,-131
-3,1969,1038
-64,-3447,-647
-7,-2640,198
58,2382,-869
20,5853,1054
-79,-4386,-441
-71,-4839,-549
56,537,-334
60,3907,448
-29,-370,-304
-100,-2830,878
-43,-3113,-71
60,2265,149
47,3456,-971
-17,333,1167
-48,565,418
5,-1748,-415
44,259,-1212
36,2563,789
-42,-1343,-61
-83,-962,802
-62,-2558,-714
6,-1272,155
56,28,-636
28,5122,1401
3,5191,1397
-37,-4654,220
-8,-4038,-1788
30,407,36
75,3631,-396
-20,2596,902
-48,-1790,173
-47,-4585,250
-39,407,514
42,-1439,-1034
38,170,-586
56,4641,524
12,6265,1728
-6,-1521,-1737
-81,-4654,513
-58,-3278,-341
0,-1594,-855
49,-1019,-162
35,2318,524
18,2514,130
-7,4460,2264
-26,1163,-333
-67,-6584,-393
-16,-1812,-1721
8,-1889,180
55,1075,-1161
36,-481,1477
20,5664,1054
-1,6175,1283
-27,-268,-574
-77,-2685,117
-28,-7111,-934
14,-2397,167
37,28,-1440
45,1778,2170
69,9760,-155
-3,984,-863
-37,-1879,-710
-61,-4296,1048
13,1164,2449
-5,2774,395
-24,-1969,-526
-24,-447,-374
-6,-6879,-2836
20,-3103,-95
11,570,264
79,8338,1554
19,5727,-926
-18,-357,596
-52,-9796,-1370
6,5858,2462
30,4832,1090
-9,0,-2346
-53,-2684,702
-48,-9102,1464
23,9818,926
8,1521,-1639
-23,-179,589
-19,-8917,-911
-13,-6200,-202
81,15117,3294
2,1790,-1464
-30,-10412,-3431
-8,-4878,2700
56,12695,3140
17,1789,-2632
-23,-11158,-3447
-26,-3754,2866
77,19298,3834
0,-4744,-3289
-67,-10837,-1109
9,1405,2361
38,9790,881
-17,-1073,-3069
-33,-10986,497
5,8301,2736
32,5280,-1817
-22,-9487,-952
-28,4833,2684
60,7249,721
-25,-5190,-2535
-54,-8200,49
47,9094,2580
31,5012,-674
-37,-10292,-2746
-23,-7958,848
43,17982,2757
-23,-5549,-2030
-64,-14213,-2420
18,14124,2576
57,5727,1787
-27,-6891,-1301
-18,-9765,-835
29,7259,794
35,4296,517
11,-4027,-114
-63,-10058,-3275
14,2530,4876
41,11107,-556
23,-178,-4493
-37,-13887,273
0,3432,5247
70,11260,-1335
-32,-1432,-4627
-17,-7610,1054
29,2956,2061
58,5728,1661
21,3222,-2651
-22,-3580,-315
-40,-7734,-432
10,8539,3637
23,11967,313
-64,-9282,-1229
-49,-9486,-400
44,5907,2411
-1,2058,-376
-52,-1969,-1452
-46,-7428,-1199
4,6623,2268
31,2058,-215
-7,-1253,-1187
-40,-10905,-2781
9,-1726,3671
74,13078,85
-15,985,-2195
-34,-14980,-2596
23,4113,3636
45,9972,1125
22,1521,-929
-32,-2147,-2210
-22,-5818,1309
-18,7428,2727
43,8986,1197
-63,-9702,-3456
-61,-9611,31
35,-1923,-159
12,7686,277
24,3311,750
9,-3937,-1419
20,-3043,-1603
48,6354,3378
10,1879,-491
-46,-895,-1098
-44,-447,800
-5,-7607,-593
51,-2118,-1538
58,7130,2307
32,2863,728
-49,0,-1114
-68,-179,414
-36,-2863,-744
18,-5694,-1070
61,4620,1185
50,3848,1254
-1,716,-1070
-90,-806,557
-54,-1521,-103
-5,-6302,-1736
63,1380,-341
47,6354,2672
14,2864,-1348
-94,-2864,749
-59,-1969,-45
7,-4385,-807
51,1342,-1047
15,3670,2552
30,4116,-623
-60,-2774,-466
-61,-1700,476
19,-3222,-1196
50,-90,-2160
26,2506,2808
-9,2864,770
-27,-358,-572
-17,-1521,96
28,1163,229
-25,-3132,-3008
27,537,954
-40,0,1879
33,2953,-294
-30,-1432,-335
29,-358,321
-2,-358,-2271
22,-2237,10
-11,-895,357
-25,5101,1670
13,179,-481
-73,-1253,-800
-8,-626,755
32,-448,-769
-4,-7921,-2087
44,6131,3030
28,5817,-463
-18,-447,-2593
-28,-3938,1204
-33,-5567,2063
5,4851,68
-7,3490,-623
-13,-984,138
-22,-8836,-3338
-13,-1853,680
47,4066,682
54,7429,1696
-6,89,-2772
6,0,125
5,-5907,-655
6,1880,3472
13,4564,-523
-12,-537,-436
-25,-4833,-1218
14,-6129,-1034
37,2267,342
64,6279,2454
-13,2237,-91
6,-2237,251
-17,-2238,-12
5,-3154,-417
67,5929,-769
15,626,-5
10,627,572
-32,-3580,944
5,-895,-162
32,-2327,-305
51,1969,-868
2,4922,934
-54,358,-10
-65,-2237,605
-4,-4744,-1627
64,-89,461
20,4654,789
-37,-269,782
-14,2059,-362
46,-1611,-241
62,2148,-1153
-50,-1253,745
-79,-4923,-869
33,-1438,-224
12,3407,432
-47,2685,1088
-78,-2058,-373
6,-2954,-879
59,2864,308
20,2596,32
-59,-3759,185
5,984,-239
74,716,401
14,2327,-37
-47,806,520
32,-1611,-59
48,-537,-389
-22,1342,-587
-70,-2148,522
35,-3580,-1546
9,4207,931
-47,89,0
-49,-3132,394
45,1700,-1762
44,-1521,269
-42,716,545
-76,-2238,839
35,-1382,-1255
19,4694,1502
-40,2953,18
-11,-2237,-22
68,-179,-577
23,1432,258
-42,-2775,-81
58,-626,179
87,4117,-191
10,984,335
-58,-1611,-371
32,-3222,-965
-19,2059,131
-59,-1253,1175
-17,-537,-1416
22,537,123
-102,-3744,-89
-36,-74,972
41,4265,195
-43,0,706
-42,-4968,-1498
53,4342,1433
-24,2595,-492
-48,-5817,-302
42,537,-239
40,5012,862
-12,-179,-422
-21,-4654,-365
77,3222,500
58,2953,479
-60,-626,-67
22,-2954,-523
84,1253,-125
50,2864,127
-30,-895,-420
-41,-5459,284
63,2506,-654
-25,895,710
-56,1074,109
-50,-6447,-244
27,-924,-919
23,5223,1448
-10,4027,196
-67,-358,-1111
-42,-1790,626
26,-5191,-537
29,4207,-353
-15,447,1242
-54,-179,690
-36,-1163,-436
-21,2774,209
5,-2864,-3218
-56,-8005,-541
33,3907,1118
23,8215,3349
-32,1521,-1236
-94,-1521,404
-33,-4654,-1805
-11,-6038,393
94,6217,683
74,4475,1271
-8,179,-757
-49,-1074,952
-52,-2774,-577
36,-3133,-1150
44,3938,-907
44,358,1473
-51,269,716
0,-627,-398
-6,0,-38
70,2864,-476
-47,-1700,-1523
-66,-448,2391
-52,-5956,-1110
58,2108,851
81,3759,-369
-6,1969,1649
-4,268,-418
-25,-626,335
34,-5549,-1997
66,-448,14
60,5639,1857
5,805,940
-8,-1253,-720
-23,-2148,325
17,1432,-1050
35,2148,-158
2,-1074,-1935
-37,-3043,1560
-29,6265,3182
29,9040,639
-74,-11277,-3517
-61,-3670,906
5,6981,2643
1,-2864,-1874
-59,-12253,-2373
12,4198,801
64,14767,1133
-63,-17244,-1141
-37,-1099,2515
56,19488,-2917
4,-10094,864
15,-6373,782
77,13085,2577
22,895,-4163
-11,-11993,328
54,6891,2487
43,8661,1919
-21,-9287,-2556
-58,-10840,-526
18,3032,4170
45,12193,-1739
-28,-5459,-4177
-10,-10086,4121
77,15008,2173
48,6659,-2988
-46,-18426,-2566
-15,7561,3415
27,11405,1820
-31,-5409,-2721
-86,-5727,-522
-46,89,1169
-22,5280,1666
-12,3231,-797
-45,-8064,-2398
14,-2147,798
58,1700,1204
62,8067,-32
33,-3771,-936
12,-4117,-186
49,-805,-501
25,-448,1099
16,4117,817
-16,179,-411
-30,-2775,-1389
-26,-4832,289
32,-537,1552
33,12350,1210
24,-89,-1331
-46,-8771,-417
4,1343,2439
31,9561,190
6,-4013,-3274
-6,-5548,498
30,8600,2816
65,2564,-1939
-22,-11164,-1933
-21,89,2701
45,12405,1081
-53,-12405,-2720
-52,1253,1659
38,13793,1336
-42,-15314,-3938
8,1610,2855
98,11798,651
7,-14124,-1669
31,7517,3266
49,2273,-524
-83,-8717,-2271
-16,13839,3731
-47,-5380,-3361
-75,-8548,454
8,14356,1740
-33,-12387,-1018
1,-1969,-472
82,15648,878
8,-11352,-2801
9,-4117,1825
40,12707,2482
27,-5726,-2276
-60,-7160,-1427
4,13253,1201
16,247,-1781
-79,-13053,1252
-51,-626,-903
-13,12018,-281
-37,-3402,-503
-44,-8526,223
19,6354,2647
49,6196,-3081
21,-11208,-32
3,-806,2041
52,11477,1978
0,-8971,-4788
-105,-5280,308
15,4564,3224
3,5191,-2242
-27,-12619,-2325
-28,-5020,2263
81,14775,-422
-32,-5280,-2986
3,-7610,1841
88,16171,2168
2,222,-4663
-71,-10662,3245
-6,9665,4574
36,4260,-1866
-84,-15268,-4269
-40,2506,3649
58,6981,-154
35,-4207,-2448
-22,-3311,426
57,10369,2841
-5,4287,-870
-82,-12419,-386
-21,-447,1391
30,1879,444
43,537,-3333
-6,-9971,-643
38,6660,1448
5,10916,2288
-29,-5725,-4212
-104,-4743,1017
-3,-3580,-260
49,12569,3030
11,-5141,-3686
-22,-4833,921
-27,1879,4574
-13,3043,-3026
-32,-1700,2051
-12,5370,2367
13,8541,5534
-30,-1071,3997
-195,-11587,-7666
-539,-26691,-20605
-536,-21750,-29614
439,-1178,-5714
193,2209,1554
139,1914,2082
42,2026,1844
2,1813,2182
-10,2300,2313
-14,