R
StartTickMs,measCycleMs,Px,Ix,Dx,Py,Iy,Dy,Pz,Iz,FFrx,FFry,FFdrx,FFdry,satI,satPID,KFQAng,KFQbias,KFRmeas,CPx,CIx,CPy,CIy,CsatI,CsatPID,CFFdrx,CFFdry,IRelaxX,IRelaxY,DmaxR,DmaxE,DMx,DMy
176572,10,58,70,47,58,70,47,250,0,0,0,100,100,500000,15000000,100,1,1000,1,0,1,0,100000,10000000,0,0,1024,4096,0,0,0,0
GPT1X,aPT1R,aKFPT11R
-9,-447,222
2,0,74
-3,0,-214
5,0,202
-3,0,-21
0,0,-205
1,0,284
-1,0,-112
-4,0,-195
9,0,334
0,0,-162
-3,0,-192
0,0,355
3,0,-196
0,0,-179
-2,0,363
1,0,-214
-5,0,-102
-2,0,290
0,0,-220
-1,0,75
6,0,125
-5,0,-226
1,0,202
1,0,-10
4,0,-217
-4,0,270
2,0,-89
0,0,-205
-4,0,328
3,0,-157
-1,0,-192
5,0,358
2,0,-198
-4,0,-180
-1,0,369
0,0,-222
-4,0,-159
4,0,357
4,0,-228
1,0,33
-5,0,166
1,0,-227
-3,0,173
6,0,19
-7,0,-217
1,0,267
3,0,-87
-1,0,-197
1,0,320
0,0,-158
0,0,-184
-3,0,348
4,0,-187
-4,0,-182
3,0,358
-3,0,-209
1,0,-167
1,0,353
1,0,-216
-5,0,21
10,0,176
-8,0,-227
4,0,161
-3,0,31
-2,0,-218
-1,0,256
6,0,-75
-4,0,-206
5,0,308
-3,0,-137
-6,0,-193
3,0,358
2,0,-200
3,0,-172
-6,0,360
3,0,-220
3,0,-159
-1,-179,316
21,358,-118
-24,-448,-111
-13,-447,-368
30,447,307
-18,537,374
8,-358,-421
-7,90,77
2,-537,19
-1,89,-85
-11,-89,-45
31,-90,270
-27,627,-179
2,-716,-539
12,-448,788
15,1253,-78
7,269,-68
-29,0,180
1,-90,-331
-7,-895,51
9,537,382
4,-89,-151
-2,537,44
20,-90,97
-3,-626,-305
4,-1432,-77
-30,358,-494
13,1342,-123
24,-268,502
5,805,2
11,-179,223
27,-1969,-479
16,2148,374
31,-984,0
5,895,587
5,-537,-583
-13,0,94
38,268,-695
-46,-5280,-538
79,6085,-2518
-33,-13276,353
97,22116,3199
-59,-19757,-1039
3,5995,2672
55,12431,-2677
-31,-10641,237
25,1164,-475
-71,-4296,859
50,14254,-272
-42,-14791,-3943
15,6265,3982
24,-3133,-3196
-23,-7825,-2
83,11136,2434
42,-89,-1828
-9,-3669,-389
-32,1342,2366
-18,2327,354
-65,-1432,-382
-39,0,50
8,-1253,-1487
-119,1522,1227
-75,-1522,510
46,-1611,-136
75,3312,760
-24,984,501
-29,-716,-145
56,0,-307
-18,716,369
-55,0,46
25,-1342,-283
60,895,408
-11,268,-143
-58,-1700,-290
6,-1343,30
46,2596,98
-26,268,133
-76,-626,313
-29,895,-179
-111,89,-201
-56,0,122
13,89,-675
-56,-536,263
6,-1432,-435
39,1879,589
-45,0,207
56,0,-557
-32,-358,176
-48,0,531
4,358,-370
-78,-447,-563
-16,-1701,-136
-22,1701,526
-76,-716,-113
36,-90,-560
-64,-1253,-181
-92,-716,338
41,1701,175
-31,984,151
-103,-4833,-791
-36,1522,-164
-60,4743,305
-130,1342,-1337
-110,-6443,-1079
-79,-10649,-347
35,10738,3201
42,5638,-1263
-37,-11104,-4788
-61,-1520,5060
7,12266,633
-127,-12662,-3925
-90,10694,3262
-79,-2954,-578
-76,-4123,221
48,8329,-1768
-33,-7338,1392
77,11545,123
-39,-18202,-1745
16,13816,2892
-41,-4474,-2705
-68,5996,2575
-72,-3490,-1805
-43,1700,1377
-66,-12546,-2757
22,13351,3321
11,-7696,-1576
98,16881,3194
120,-19240,-6635
157,0,5198
305,16947,2321
242,-7876,-1031
291,179,502
242,984,-242
159,-3132,556
139,2148,2405
145,8141,812
55,-7157,-2172
12,-6622,653
32,5459,1751
104,2416,-886
48,-1521,-1119
9,1163,252
-51,-1253,833
32,-537,253
68,2596,-139
-32,626,622
-25,-1521,-23
43,2416,-151
-40,2238,1508
14,-358,-261
19,2055,-110
-41,-534,558
48,-3043,-714
-27,1432,163
-41,-1342,-38
13,1700,108
-61,-179,922
22,-716,-352
-26,2830,441
-36,-444,625
30,-775,-305
-99,-2237,-31
2,-1611,857
-16,4845,1320
-98,-907,259
-18,-4475,-653
26,2864,857
-30,9045,1639
-67,2350,479
-40,-4341,-1422
-22,-12514,-90
31,7682,3180
47,15674,2657
-61,-5689,-4947
-124,-16235,1894
-2,21938,6689
-8,-5628,-5683
-68,-17920,-2951
35,14302,6822
81,3562,-3306
-24,-9967,-3849
13,6429,5420
49,9349,-332
-57,-9658,-2552
-12,357,2762
18,12215,1200
-76,-13275,-2183
-12,394,3934
30,11463,-948
-45,-19712,-4006
8,5026,5277
73,11801,-1535
-30,-17543,-5368
23,8458,5956
115,7662,539
32,-4186,-4089
3,-6155,1925
62,5256,2611
39,9407,-1628
-52,-2688,73
-37,-13528,-1730
76,1294,1617
97,11146,1932
2,3305,-442
-119,-7472,-1492
4,-5286,-720
38,3250,255
-24,3638,1641
-17,-566,6
0,-659,-749
29,3340,-536
-88,-3114,-173
-44,-4786,1284
85,1600,-308
61,3393,131
-39,1865,214
-11,-2148,398
50,3351,-1122
-5,-4025,-277
-76,-4205,369
39,396,242
75,7786,1621
-47,3029,-10
-89,-5169,-1332
5,-4701,-122
28,2028,-164
-17,-839,1543
-6,3311,-436
76,2068,-1187
-50,-3463,393
-89,-3057,44
25,-965,535
82,6067,36
-4,4776,-71
-89,-5784,-1361
-15,-7124,44
55,2744,511
23,8338,1793
-86,-15,-675
-37,-6412,-1179
57,-1388,-334
27,2990,1869
19,7235,1200
-37,-3365,-2139
-9,-4155,-837
58,-2633,900
-35,5874,1074
-24,4050,898
-11,-8734,-3280
27,-2803,342
33,8815,3226
-2,5827,959
-36,-5707,-3029
-8,-9360,-1017
40,1800,1475
35,11166,1777
-74,-587,-1042
-53,-12945,-2894
61,142,2291
47,10115,2485
-1,5388,-3624
-68,-9577,645
17,-6916,-977
80,9502,2241
4,6258,1095
-82,-7065,-1974
-32,-8752,562
107,6709,1372
49,10289,-259
-80,-5354,-1185
-66,-8563,119
54,4876,2612
107,8117,-789
-30,-7167,-2422
-67,-3413,2072
-18,1913,1838
37,5742,-817
47,-4553,30
-15,-795,-335
11,4526,2060
-13,3245,378
51,-1291,-2338
6,-9289,-150
0,4648,3272
-12,6945,190
-33,-4806,-3610
6,-5679,1004
1,4656,1538
10,8736,-6
-55,-8450,-1650
-4,-8437,-1313
91,8798,2052
-4,7501,1317
-54,-7637,-2740
-21,-8828,-688
103,5100,2084
72,11354,716
-70,-1601,-2433
-62,-13688,-1110
34,-2359,905
117,12120,1296
29,4524,-843
-80,-8105,-1559
-10,-6870,1291
98,6218,524
75,8678,-2110
-62,-9317,-110
-68,-5674,-314
67,3664,130
90,7690,493
-50,-3011,-1582
-79,-8927,1610
22,4173,1560
97,7173,-1669
-10,-4198,-1890
-40,-4997,752
-9,4228,2983
68,2097,-1220
93,571,-2134
14,-7678,103
-19,689,1100
20,3733,1121
41,3031,-931
66,3157,-746
-31,-8407,-1343
-45,-3297,1662
-4,1876,458
41,4933,-1068
57,-844,-602
2,-4027,-292
10,1631,2122
8,1878,-87
78,1193,-1692
24,-3928,-2315
12,-1000,1227
-1,916,1695
19,2784,-1110
98,1621,-44
29,-48,-1914
-56,-6581,1064
-14,-1217,1530
79,3776,-734
93,6797,-817
-46,-6797,-1317
-78,-7361,-470
20,37,1867
120,8900,441
24,5108,-2012
-87,-7911,195
-41,-7021,-1126
69,1331,1041
108,8059,572
-12,2768,-1211
-95,-5470,239
-25,-10786,-821
70,4948,290
93,9899,884
-31,882,-1814
-60,-8064,-980
-4,-6412,1516
69,4509,-385
81,4881,-942
-51,-1093,-525
-78,-4898,-719
-24,-5547,999
48,5104,255
58,7677,-1205
-69,-2598,-1153
-89,-6156,-101
-35,-1163,-61
47,1907,-464
3,4100,-967
-152,-3582,-1594
-67,-5110,-555
-84,-537,-1127
-159,805,39
-62,-1969,-554
-37,3580,-853
-134,-447,-584
-37,-537,-595
-40,358,-590
-127,-2864,42
-73,-1522,-1083
-39,90,-583
-134,-358,168
-18,-179,-279
12,179,-495
-85,0,387
-4,-1163,-566
59,984,35
-7,179,173
-20,0,-426
82,0,-71
64,268,-340
-52,-268,-598
30,-1253,223
35,-984,-949
-23,1790,-167
-63,-2327,327
-8,-1164,-1047
11,1253,-1976
-85,-2148,992
-78,-4676,-1107
39,407,193
10,6775,263
-84,-268,-87
24,-5435,-1771
81,1139,-844
8,1253,360
-3,-2725,290
8,-74,-1537
95,2978,-1049
-3,-2349,1332
-62,-555,-817
-40,-3504,-489
39,-905,-533
81,-562,-1163
33,2753,132
-43,517,626
-29,-1237,-78
54,-2080,-1470
63,71,-712
44,2729,-369
-16,1849,455
-75,-259,120
-83,-4234,-1103
-31,-6154,-669
53,190,-392
66,3458,-263
25,4034,994
-35,1892,1189
-15,2824,-1765
-77,-3341,156
-41,-8728,-2386
4,-3523,344
35,737,-165
42,918,223
54,6514,411
45,5265,-887
-17,-6509,-1480
11,1649,1228
-16,-3568,-661
0,-57,718
-3,4512,1241
19,2716,-527
-70,-1726,-2110
-45,-3818,-116
-37,-9974,-2031
-5,2951,456
37,7044,2670
19,522,-1638
-30,-5249,-1559
-28,-5512,-919
18,-661,896
45,1737,-102
69,2840,97
38,650,-1570
76,2127,155
-3,-3394,-194
-14,2996,1687
-68,1127,426
-43,-2616,-393
54,-3152,-751
25,918,259
18,1118,-253
-56,-2089,461
18,-297,-791
83,3138,-1026
5,140,844
-56,-426,-476
28,-1159,-735
36,467,481
-47,2797,351
-74,-1070,-56
39,337,1
35,1787,25
-81,-1106,491
-21,-4555,-495
43,-948,-672
14,733,788
-34,-269,-408
15,-94,-1187
57,148,87
-29,1617,-464
-27,-1846,-202
22,-1497,-644
66,5116,478
-61,385,443
-32,-1490,-617
30,-682,-917
-4,457,-229
-61,-3908,138
-44,-258,-67
25,-1230,-875
-3,200,-490
-64,59,-582
-2,-4033,-963
58,1076,-1012
-9,-275,1023
-36,-637,-987
65,1145,-1060
49,1607,304
-24,2260,113
-56,-1614,-155
4,-2127,-354
43,474,-135
-37,2242,256
-28,-4089,-322
-27,-3617,-1305
65,-312,-167
23,1486,-30
-57,-455,-404
-17,-530,-664
23,365,-826
51,-1071,-52
-57,3482,833
-109,60,169
-43,-776,-680
9,786,-216
-41,1755,-704
-102,-1418,-163
-106,-2808,-62
-25,-1336,-1545
0,-975,-286
-121,2576,50
-207,-936,590
-228,-622,-501
-156,-1078,-1377
-172,-3682,-1023
-247,2376,789
-226,-1044,-161
-186,-189,14
-92,-390,-1697
-54,1983,-553
-38,2548,-694
-72,1144,269
-66,-2559,-164
-61,-2083,-127
-13,-135,471
-8,-1521,-330
10,-1594,97
25,5282,950
28,-1824,361
38,-160,-528
11,1789,722
5,-994,576
29,1351,-29
-3,4972,252
-11,-3219,-582
-9,-28,523
-4,-1476,132
-3,-1600,628
9,2210,934
3,-1529,895
27,6831,1129
33,-63,135
22,864,1292
9,-3185,-830
-12,-4347,1577
70,7006,2852
130,3085,-366
95,-3212,40
140,5308,1844
174,6475,611
42,-6513,-572
17,-2918,2015
85,10804,1904
6,-11757,-2342
-25,-1050,3264
98,11978,2512
135,-2334,-2201
73,-7801,968
191,8042,2739
113,2922,-3505
15,-10509,1461
150,17247,1715
27,-10687,-1526
55,-2221,1804
171,11578,-755
82,-14128,-2304
99,9608,4193
104,1400,-1212
54,-3782,304
63,-830,-266
16,1533,1192
23,4530,379
25,-2036,650
8,1441,329
-3,-2382,72
-5,2691,472
13,-2628,-38
53,1442,-124
32,-3322,-176
24,2172,1696
11,-1305,221
76,1619,876
3,251,795
-21,-2341,57
-20,1296,1696
-72,-467,-1298
-4,1407,-1448
-7,3011,828
-12,-255,-60
72,5465,433
41,4265,1481
6,-3222,593
-13,-1524,1851
15,-4050,-391
84,-1481,-1353
123,72,1164
-13,1550,-419
-27,651,-560
37,3665,854
-10,4071,1021
-106,-3580,616
32,-898,-82
3,-887,199
-33,-2343,-982
112,-1273,525
-4,2987,76
37,1553,488
61,1398,1472
-21,4833,1642
-22,-806,277
18,806,437
-100,-1790,500
-54,805,1093
47,1164,332
-55,-358,536
-3,447,239
45,537,637
-61,1074,-38
11,-1700,416
23,537,63
-38,984,-38
44,-1342,323
14,626,-4
-36,90,604
93,895,-103
-31,-90,-72
-33,90,571
55,178,-202
-68,-89,-180
6,0,646
-28,447,-117
-7,-447,692
9,537,47
-57,-358,-342
33,89,851
-8,2238,422
-29,-358,-173
30,2327,1226
-38,358,-199
37,-537,-258
-7,3132,1731
-46,-2685,-728
14,2238,476
-61,-179,769
-20,-4386,-654
2,2506,1339
-68,3034,1545
-3,-1960,-35
83,2552,1126
-34,1737,505
-14,-1146,30
47,1993,359
-27,1895,-527
-56,-2779,880
12,-7205,543
75,5726,968
3,3918,665
-27,2406,644
17,-309,-1115
-21,-3228,533
-96,-1123,740
53,259,312
76,4544,1005
-35,-95,-112
-38,-2255,-558
56,1969,329
-56,428,317
-54,-2822,-66
56,-1329,-111
12,2297,987
-27,4195,1417
61,-534,-1134
-25,176,-740
-103,-3790,1019
49,0,-303
25,2778,193
-58,-2350,467
52,214,428
25,4863,-16
-22,-716,733
44,207,-751
-72,-735,680
-42,-1149,-34
10,3705,-283
-104,-3475,-60
-39,-3536,-845
12,1145,429
-97,1283,1244
-3,1129,155
11,5057,-549
-106,-1411,423
-18,-5748,-1771
43,-619,1123
-11,-47,1755
-34,7265,1537
57,1769,-1864
-34,-712,-829
-76,-7799,203
9,-618,1499
74,7965,606
6,2616,-1883
-87,-4763,698
-47,-6341,498
81,3888,865
45,10140,1867
-17,1421,-1696
-84,-10543,-439
-19,-6916,20
95,9443,2589
56,6412,-1837
-8,-10187,-1463
-27,3342,2972
48,10747,524
-60,-11441,-2877
-36,-10546,-653
83,13180,3584
78,6962,-458
-62,-7203,-1197
-94,-5187,2014
-1,7471,2315
-10,-2660,-2601
-8,-8806,-1312
76,11278,2383
46,6339,-1729
-85,-9396,-621
-77,-4477,2397
78,15771,2406
21,-9111,-4052
-63,-9660,1630
93,13944,1856
49,-2026,-3737
0,-3329,2433
75,9198,1717
12,-1486,-3263
16,-11486,404
118,-1648,335
163,7244,745
43,3295,-2
-12,-3749,-826
62,-2335,-115
-23,666,117
-2,-15,292
81,1614,581
-46,1010,415
45,485,-722
-14,664,812
-21,-1041,-622
23,-14,344
-61,-2132,-244
49,-15,-226
-23,419,1170
22,-88,-259
38,1991,428
-46,310,585
44,1359,-176
-54,331,-426
3,-1338,275
-51,77,-514
-70,-1792,441
52,-99,484
-4,1776,886
-20,192,354
46,4166,-121
-88,-450,-156
-8,-3562,-319
15,-1980,-51
-47,943,1626
28,2546,439
53,6058,578
-91,-1302,380
-70,-7490,-1308
46,-1435,770
51,11357,2036
-31,1400,-709
-65,-10071,-2301
68,-1561,2252
104,11275,1475
17,2820,-1068
-77,-11235,346
14,2818,2789
105,6927,-131
20,-11532,-3720
34,898,1868
97,14840,3663
-14,3125,-1364
-91,-17714,-1655
13,3040,3649
76,8459,-806
-18,-11750,-772
81,5481,954
88,11675,199
-20,-8848,-1045
-18,-2806,2056
81,13703,1581
8,-13274,-3593
21,-9169,960
138,14664,1571
57,5574,-1556
-3,-10722,107
69,10249,294
-10,-2107,239
-67,-10385,930
55,7674,1839
56,-7631,-4590
-9,-3717,1044
128,16952,2828
18,-7545,-4574
-83,-4072,3511
41,14818,1593
-50,-15769,-3969
1,127,1758
102,7578,-1045
-47,-8318,-1024
58,10844,3914
-11,-1083,-3321
-81,-11107,1386
62,12145,446
0,-15470,-2646
42,9197,3553
87,-1797,-3288
-34,-583,1198
31,10630,-311
-85,-11263,-570
-1,7881,4028
-4,-4320,-2785
-25,-8342,-521
95,12646,-611
6,-14305,-466
65,12362,2433
74,6411,-4196
-45,-12855,2417
66,4919,895
61,-9006,-2390
50,-2778,-632
70,14607,2142
-60,-6666,-3588
-89,-8291,1
88,9069,833
1,1350,-1500
-97,-11523,-1527
32,6651,1829
95,5413,-1291
-64,-10489,-2437
-18,-823,1368
113,9000,434
-54,-6047,-3779
-94,-7364,2141
84,10987,1180
10,212,-2208
-126,-10273,-659
34,1139,1093
60,9715,-1279
-80,-6304,-315
-70,-7775,-359
59,9295,1719
-48,3030,-1911
-131,-11211,-2073
12,2015,2997
34,9885,-817
-118,-8522,-3533
-48,-5224,1560
53,9822,903
-72,-385,-2114
-94,-10601,-1780
32,1101,1566
-25,8719,1118
-89,-4458,-3121
-68,-9551,-2131
-26,6973,3063
-77,7343,-789
-107,-11221,-3179
-36,-2473,1383
27,10483,1049
-89,-1041,-1260
-53,-11824,-2264
62,2608,568
46,9168,1535
-92,-1546,-2035
-85,-8612,-2913
-15,-4551,1509
48,9105,553
-51,2674,-2038
-73,-5559,-130
9,-7831,-2388
80,4026,1194
21,7171,1788
-61,-1536,-1139
-36,-5635,-1768
42,-3310,-1710
30,3717,536
-41,-665,666
-27,-3947,-1520
27,2775,-647
57,3736,-900
-63,-679,-143
-94,-5026,-150
6,-4207,-1953
48,2327,-1127
-36,985,872
-73,-3491,-818
20,-537,-1383
21,716,-509
-85,1880,5
-83,-2596,-714
13,-447,-451
-41,179,-303
-124,-179,174
-75,-2327,-685
63,1432,-340
-20,627,728
-18,-358,-347
42,-985,-418
65,1432,214
-6,179,-635
-23,-1432,-375
34,-358,-1010
-27,806,-542
-39,-2238,-908
19,-1253,-1215
-70,-268,-860
9,-2864,-831
44,3669,-353
-61,-1611,-268
44,806,-285
27,626,-231
-86,-2327,33
52,269,-860
-22,-627,-670
-40,-2115,-207
-2,998,-338
-31,-2440,-786
36,-2725,-615
15,340,-872
-21,-3322,-1296
134,-313,-667
0,1405,-433
17,808,-11
63,238,-666
-66,760,-39
-29,-1022,-20
-12,-547,-428
-93,-3415,-458
32,132,-176
-54,-2433,-987
52,-722,-887
83,417,-530
-35,1811,-251
57,2108,723
28,773,-69
-128,-4676,-257
44,-959,-130
-17,-1319,-1324
51,1845,-116
27,1865,-865
-46,1026,313
-17,-207,241
-47,-4143,-601
27,-2703,-1974
63,780,563
-25,2691,-93
41,2539,-541
-117,-3337,452
2,-4364,-1036
93,716,-423
-36,1660,-533
28,2665,-140
-69,-225,268
-56,-4558,-248
52,-2460,-1640
24,181,224
48,3032,-409
-26,2516,793
-75,-989,153
13,-3486,-784
-21,-2268,-371
6,55,-510
6,3468,-864
-83,-577,371
-49,-207,-1173
7,1042,-1220
-74,74,993
-141,-2399,-392
-47,-1587,-573
-57,2046,-409
-160,1878,318
-150,-3137,-887
-100,-2445,-998
-96,92,6
-143,3391,507
-201,-1803,-414
-162,-3093,-1462
-133,154,-1267
-119,-2316,-422
-173,1474,-141
-212,244,535
-166,-1655,-167
-110,-1742,-2180
-44,-558,-651
-3,2618,48
-75,2613,-41
-120,-977,622
-176,-1783,15
-141,-3232,-230
-122,-1651,4
-88,525,-494
-9,-259,-345
18,1279,93
9,4259,344
20,2057,829
7,10,623
45,1460,956
46,2585,1791
34,-538,-478
12,-57,1246
7,2313,2089
12,61,-560
11,-858,1031
1,724,1433
21,731,7
-13,-3809,327
94,-273,331
179,1624,1109
244,2291,1123
211,4588,-442
235,-157,989
183,-30,1451
157,-2125,-60
148,-607,450
197,-1079,187
205,6111,-157
178,-1118,-177
255,-209,1962
188,-1740,-44
149,-1429,224
148,-442,-72
106,-471,928
134,1636,931
50,-3210,-424
130,1560,-311
97,4032,1323
112,-2297,47
61,1928,3
18,3982,1748
32,3927,-457
-21,-1550,689
-23,2258,635
-49,169,606
-6,-565,-1102
-71,-3890,1009
-6,-2432,-210
52,2411,547
38,962,-528
-27,292,466
-57,-1978,579
84,-1131,-641
70,3928,843
14,1866,484
24,-1057,-221
13,2839,1878
-98,-1924,799
20,368,34
-41,-1854,-15
69,1117,-390
23,143,-333
0,3579,1591
8,925,813
-47,517,621
33,-1811,1190
-22,-2107,358
114,2735,177
33,850,-551
52,5221,835
-14,-179,1911
-4,-2148,248
50,-3374,93
40,-555,-162
95,1849,47
-2,4228,1390
25,2327,1356
-56,806,1104
15,-448,424
-34,-2237,89
76,626,377
5,1164,571
69,1342,-238
-44,268,814
2,0,-57
-48,-179,163
29,90,726
-34,-179,-187
4,-89,-194
-58,268,987
13,-179,-505
-42,0,455
22,358,187
-27,268,-434
-45,-358,866
68,-89,87
-70,-90,121
43,985,1454
-8,1253,-154
-50,-358,437
48,895,339
-60,0,798
-3,179,534
15,4765,1403
-80,0,333
30,1257,271
-59,1220,194
-126,-776,-80
-5,444,407
-117,-1664,488
-39,-3098,917
71,3468,568
-25,2359,1102
-17,849,-80
45,1160,-382
-30,-368,164
-72,-3298,477
42,-1479,-426
70,5032,1062
-51,2566,693
-53,-1956,-425
38,808,-346
-24,-2635,-93
-54,-2817,373
41,3072,699
91,4344,37
-34,1102,-1063
-82,-4371,647
32,-5034,-792
46,4185,1472
-37,4389,2155
-60,2535,-513
-18,-6669,-1433
11,-2998,313
-4,4446,2698
-34,10131,-359
-63,-9537,-1548
0,-8479,1279
110,11194,2426
64,9286,-158
-53,-10724,-1889
-68,-992,2695
39,7497,1728
40,-5251,-2946
-32,-5846,-1087
20,9454,2852
43,7138,583
-8,-11122,-1825
79,-5555,1882
193,8580,667
161,7471,-1122
121,-9540,-524
120,-132,450
183,3850,1779
170,7292,1192
156,-3594,-955
141,-8330,-791
179,-4098,-736
183,1069,-999
218,7067,2311
132,5217,24
17,-4495,-1385
67,-6386,256
144,852,-1117
86,3861,1251
5,-761,72
72,744,-1428
3,-467,764
-21,-2164,-948
9,400,-756
-76,-1801,1254
47,42,-998
-35,-251,732
54,376,-212
-12,0,-760
-26,962,1080
-1,653,-600
-23,-38,-932
32,811,918
-32,-1593,-838
51,1630,-375
-56,-1317,616
10,168,-1027
-67,-816,522
16,251,-774
-43,-836,-867
40,1066,751
-78,-1725,-1131
24,1600,-877
-95,-1980,917
24,-381,-862
-107,-594,391
-24,-1079,-804
-98,340,-847
-115,-1867,-227
-234,-227,-1318
-213,-139,-919
-271,-1331,34
-137,1220,-942
-219,-1960,-154
-56,851,-582
-160,-703,-1293
-48,407,-134
-119,-702,-1237
-114,-814,-898
-179,-3080,-615
-105,-627,-1834
-114,-89,-719
-96,-1432,-759
-41,626,-388
-79,-2327,-511
30,-447,-462
-31,537,-139
-37,-895,17
51,358,-475
-102,-358,93
-60,-984,-428
-20,447,-736
-138,-2774,-149
-40,-2417,-1296
-19,2238,-250
-117,-269,-236
-3,-2774,-1519
-15,3222,-1093
-77,1342,365
-64,-4654,-1698
11,1701,-1187
-120,-358,-219
-165,-4303,-1638
-75,-739,-848
-123,776,-422
-180,-3283,-315
-72,-1694,-1101
-104,1326,-11
-136,-279,-299
-45,-975,-925
-51,2640,-202
-90,312,-880
-67,-3024,-783
-9,928,-1109
-80,142,-145
-52,-2236,-506
51,-523,-685
43,1571,24
-8,499,293
24,-2760,-1018
79,-104,-522
24,1212,-112
-94,0,-123
-95,-2659,-788
25,-1888,-1166
-17,1325,-451
-123,-1582,8
-23,-2036,-575
38,828,32
-1,2790,425
-94,-2956,-716
-7,-391,-195
36,1011,-646
-49,-1522,161
-63,-1589,647
52,-1156,-1035
58,1075,-734
-39,1482,427
-33,-3096,-1093
72,-1747,-579
66,3766,2130
-44,2032,-640
-55,-1139,229
36,537,-373
26,4011,361
-81,301,1432
-97,-2217,-529
4,-1553,386
3,2581,-210
-29,869,1597
-44,-2939,618
60,-451,-571
31,286,99
-25,-376,55
13,-391,309
86,4587,662
88,3455,83
-28,1519,1422
14,-2767,1066
59,-857,-309
92,920,908
51,-711,1283
167,-1559,-1206
318,-2741,-595
447,2911,2083
335,7989,1586
252,1036,1622
160,-6049,-95
157,-2901,-94
208,2782,41
42,2937,857
-26,566,-446
81,-764,-117
-14,3059,1557
-9,-37,626
73,961,874
15,4314,1588
-27,-447,368
38,179,-82
-49,-1074,679
6,-269,421
55,985,1403
-54,1790,1299
55,1074,249
-9,-90,668
-14,90,357
14,805,723
-18,-3132,-2
86,3043,858
15,626,386
68,269,75
94,0,366
1,89,226
49,-358,-182
21,0,623
-8,-89,-16
92,358,-120
9,0,1099
66,89,-77
82,358,51
8,-179,570
107,268,-141
33,358,1159
15,90,458
128,-179,94
32,805,1450
72,-89,527
153,2685,1171
21,447,434
115,1164,14
69,2043,1497
7,-3117,-170
142,358,-812
24,0,1700
59,268,87
107,2454,1173
3,1146,608
136,-185,-750
50,703,1450
86,-666,-184
225,629,-565
137,296,1922
104,-444,308
212,1442,685
144,3083,715
69,-404,-30
137,-2938,1190
150,2961,-60
41,3085,369
32,-1396,1198
81,-904,-1723
57,2070,1190
-70,-439,247
-36,-2831,-1207
68,3521,1104
-37,146,-453
-77,-4657,-1232
54,-255,1687
33,4933,249
-46,1277,-512
18,-1172,299
-32,-1475,-1839
-171,-1689,1436
-86,-1478,-1402
-129,1160,-722
-241,-1527,997
-165,-57,-1177
-249,4125,-789
-283,-1271,-314
-191,-5236,-2480
-232,-2933,1621
-145,1787,-273
-71,7095,-430
-207,-1427,-202
-131,-8439,-2599
-49,-448,1269
-96,3810,-26
-83,1553,-957
-30,-2255,-1070
-133,1146,-1439
-197,-4701,-1610
-79,-2596,-310
-53,716,-701
-149,-537,273
-69,2059,595
-23,3311,-2079
-118,454,-157
-134,-7793,-1577
-30,-1700,-15
13,1611,554
-35,3490,845
-53,-1074,-1454
42,-1432,-835
-46,985,-352
-130,-1880,-54
-96,-1431,-357
2,-627,-1017
-2,1343,280
-86,447,344
-127,-2416,-1444
-62,268,38
-28,1969,-1231
-169,-1163,-500
-191,-6361,-1222
-83,-2403,-1785
-90,2477,934
-136,-1368,244
-93,-148,-1502
-41,5207,-115
-145,1880,209
-208,-5682,-1953
-113,-2884,-1606
-114,1183,-192
-186,-1964,-287
-72,-1773,-74
1,2480,-960
-42,4791,918
-60,-3497,-405
48,-1146,-1365
28,74,-51
-74,1035,850
19,-1540,-1194
42,1873,-635
-84,-1442,-287
-1,-1647,69
73,1536,248
-9,1294,-1122
-42,-2067,576
23,-1721,-183
59,2753,-407
-49,1405,1178
-8,-3370,-1453
70,735,497
-59,2043,949
-27,-2608,-889
23,-736,332
-101,1952,1131
-56,-2816,-1105
33,-142,-102
-86,142,-33
-27,-2278,-33
94,1042,-191
71,-24,76
0,-1101,440
139,815,78
149,3400,158
29,1132,785
12,-2962,787
72,2424,-61
105,6695,1246
-15,-3789,72
25,-2877,-47
185,-85,805
254,8720,1310
225,2685,2730
248,-626,1363
324,447,1386
324,-2953,684
313,-895,375
227,3132,146
106,716,1240
42,447,715
22,-89,-41
-51,805,233
-11,-1789,21
-1,-7120,-1754
119,7120,3897
140,4385,-273
105,89,-32
43,448,1359
59,-269,-206
5,-3043,733
66,-447,2021
43,3759,312
94,3132,-1433
33,1995,459
58,-3785,63
11,716,2503
45,-1790,982
49,5562,1086
88,-1590,-448
150,-4867,-2154
149,806,2369
113,5133,595
61,1442,1586
50,-481,1065
53,1317,-32
82,-340,423
60,2288,-931
44,-1722,-374
-20,-509,2381
76,1556,412
141,-1641,-231
211,2293,-196
153,214,-653
98,1545,1870
61,-3599,-659
122,-2659,-828
185,2913,1689
112,1918,-34
51,1213,820
96,-3301,619
165,1443,-1183
148,3114,956
64,460,-16
36,-2287,-593
123,-2022,567
165,2807,-987
35,1732,634
25,-3515,166
102,-204,-1690
11,1298,1313
-93,-3193,-621
4,-2339,-1603
56,2282,1763
-55,396,-519
-21,-1864,-74
72,665,-138
-2,3149,-903
-115,-2063,897
-61,-566,-1765
-139,1075,-1197
-293,-905,569
-318,28,-2620
-492,-1938,100
-504,-8892,-2202
-408,1969,-171
-432,6221,265
-288,-407,-3142
-356,-7336,-1754
-247,-894,1238
-62,1342,-1287
-124,3669,172
-110,-3311,-1318
-31,-1611,-1374
-19,268,346
-90,-268,-450
-71,-1253,-294
53,537,-529
15,179,-665
-70,-984,278
-11,-2685,-538
56,-2148,-1666
26,3938,787
-50,2416,-797
-137,-2416,-1867
-24,-7684,-1919
-84,-1060,-1188
-123,1651,638
-84,185,-130
-33,1590,-1992
-44,2633,-254
-171,-5443,-1012
-117,-4621,-72
-7,1237,-567
-6,4012,-195
-137,925,-123
-150,-2395,-590
-53,-2233,-1695
-90,1328,-42
-133,-1542,-553
-40,-2337,-738
-43,2266,-695
-100,-1427,-520
-5,-588,-1176
-2,-126,-669
-78,-439,-244
21,272,-663
-68,-543,72
-56,-624,-225
37,-961,-142
-3,697,-140
-104,-2375,-987
20,-291,63
-53,-1091,-267
-58,-2045,-973
4,496,-593
-60,120,-224
-1,-1239,-469
20,3825,165
-76,985,531
-16,-760,104
7,432,103
-90,-2355,455
1,-362,342
4,-887,-937
-81,511,122
8,-1501,-533
-49,2588,-171
-156,1299,317
-83,862,-253
18,1223,129
-55,678,1603
-75,-3405,-68
62,-641,-19
34,-892,-38
0,-211,-549
94,692,264
-56,4080,1541
-100,660,97
-7,659,747
-17,-772,-428
-29,-4232,309
144,2127,-195
56,3964,102
0,194,619
57,499,691
-36,-923,323
-30,-4011,420
142,1176,-256
143,678,65
146,3532,663
199,1499,489
144,-198,1287
162,-4870,-554
341,1190,901
219,7078,1540
137,-2465,1196
202,-1877,319
386,1170,247
224,3024,841
99,1701,853
126,-2403,778
87,-681,214
87,-1415,-734
138,3316,1151
81,3201,1129
21,2417,1191
101,-448,1251
12,-2953,186
6,-1662,898
82,1035,177
-34,-259,-325
38,4555,1445
-45,-447,-48
15,1432,1067
-20,2058,799
-29,-984,-589
-12,1253,1573
-32,89,-13
43,0,-74
-53,179,692
57,626,-226
-22,90,753
46,805,-68
73,269,-39
9,-448,818
122,1522,-144
9,-716,225
69,-806,934
73,1701,382
2,-1522,1072
127,1701,264
71,626,518
108,-2685,440
147,269,18
65,-448,696
190,2238,397
94,2148,361
20,-2059,1675
116,4577,-89
-13,-296,186
46,-1417,1077
45,3044,192
-34,-887,1095
35,295,-105
-10,1590,-3
-28,-887,1471
50,-444,-696
13,2519,1088
-12,-1927,379
84,-407,-329
72,3777,1789
12,2280,428
11,-1569,-180
104,2390,766
-9,920,-437
-86,-3096,421
70,-670,-334
37,2470,-82
-18,-1325,1988
13,-3210,-545
109,2854,190
30,7329,1753
-54,-401,-313
39,-5763,-492
34,-1522,-849
-11,-95,339
15,4344,2266
-7,932,-1112
62,2851,-2490
-45,-6891,1049
-64,-4902,217
50,2112,2060
118,9636,-98
12,2311,-1265
-86,-7277,-33
-9,-11097,-3020
89,6229,2741
3,7858,1259
-31,-277,-1505
6,-2525,-1009
22,-6823,-1457
-26,1032,225
-37,1301,2028
-23,4532,-1334
-11,-42,-908
-129,-8708,-2457
-157,-3919,182
-66,5509,2111
-109,8366,-1492
-376,-5116,-4983
-458,-12966,466
-289,3401,1665
-327,11698,777
-307,-12682,-5523
-195,-2506,-54
-120,7882,1832
-118,2514,-1714
-57,-9770,-1546
31,448,-1306
-79,-179,-811
-41,-537,1235
-8,895,-2124
-30,895,-884
-164,-2148,-170
-72,-2953,-1215
0,1879,-57
-69,-2416,-478
-16,-4577,-1642
-55,259,89
-50,380,-1158
2,1074,-604
-88,268,-840
-116,4028,330
-122,1521,-324
-193,-2416,-363
-124,-5336,-2096
-143,-3578,-1074
-117,-340,-1242
-225,-650,-434
-163,2683,-1189
-197,-1439,-1556
-132,884,-776
-178,185,98
-97,-503,-338
-118,-1471,-114
-63,1471,333
-8,-2334,-1438
-29,-4959,-1477
126,-2097,-779
30,1776,-65
94,4115,7
-14,1519,-1062
-57,-3896,262
18,-1436,142
-47,-3628,-761
15,-45,-247
100,2498,-367
-4,2306,-216
74,-811,-266
-9,1681,1430
-35,-1737,313
58,1528,485
55,-1528,-895
99,-3048,-291
306,2746,466
234,5908,1655
134,990,1504
168,-6276,-171
222,-414,-370
160,659,128
85,3388,1277
145,1907,-202
68,3540,275
77,-3200,1877
129,-1273,752
209,-2354,135
172,-627,-595
159,3433,321
79,2172,1465
100,4637,838
4,1880,391
5,-3491,900
-45,-2213,-212
17,-4221,435
92,1434,247
120,2528,-140
33,1295,427
-8,295,674
53,-2477,-139
58,1775,210
-37,1331,160
6,-2366,304
34,406,-446
-48,-333,836
64,111,-525
4,555,-217
-56,-1220,744
50,2366,-473
11,148,-215
-37,-444,652
3,222,-57
-59,1256,616
13,2237,-340
-63,269,-14
-52,716,487
-3,447,249
-107,-3669,-646
30,-886,531
-29,1960,120
-11,-3143,-508
17,259,-744
-70,-111,286
42,-1183,-292
10,776,-189
-54,-702,396
65,-74,-117
-19,2292,561
-66,543,1316
25,-1320,-205
37,4453,-23
-75,0,756
-26,-3312,289
43,358,-367
58,6444,635
-31,627,-836
-109,-1790,1049
-63,-9649,-1736
20,2241,1938
47,9198,1013
-44,2505,-1474
-130,-4653,-1722
-129,-9404,384
-24,3315,2183
16,8326,1026
-21,1253,-2257
-170,-6981,612
-132,3043,2112
-160,4117,-118
-140,-10756,-3330
-191,-703,2238
-77,13696,470
-200,-3669,-1483
-180,-358,3076
-71,8573,809
-110,-11347,-2397
-98,-3222,641
38,6533,-99
14,-3580,-1917
48,-8014,104
129,11415,2703
173,1879,-704
124,-3669,-954
83,-7830,1236
181,8278,2197
154,3937,-611
121,-3042,-2133
55,-4117,517
186,2416,1749
201,2416,443
190,6265,1242
161,1164,-368
120,-4028,2510
158,-2327,-1230
145,3938,1517
150,6502,950
37,-537,681
-57,-3104,-2005
-7,-8141,492
26,179,2366
86,2506,546
120,7379,53
101,-3352,-2131
75,-716,2369
64,627,835
120,4367,737
52,1443,2090
19,-651,-866
31,-5070,-353
67,-5370,-871
82,6540,2187
64,7306,2774
27,7130,-315
-6,-6733,348
47,-12721,-3717
116,2148,1827
159,8441,2563
90,7064,-301
-25,-1155,-278
-41,-7014,442
33,-6083,97
103,4353,2625
118,9947,84
46,1753,-2895
-29,-6754,1291
-6,-6129,1076
106,6213,867
130,3107,7
91,-4518,-3508
109,-666,2887
86,1736,214
115,-856,65
62,3098,1119
103,-1337,-1834
68,-815,-525
108,-4180,-107
80,4702,2230
51,9231,2172
-12,-5477,-2613
5,-8981,-920
39,-3264,-219
7,10121,1823
20,7865,790
-78,-5326,-2534
-54,-10246,469
57,-629,-323
-22,10062,1369
-140,3163,-609
-192,-8724,-3893
-194,-8523,-333
-287,13111,3092
-276,-3851,-4277
-264,-9350,351
-297,12674,1647
-313,-9080,-4627
-213,-3415,2639
-143,14790,865
-262,-6930,-5196
-199,-13140,1040
-63,7697,2183
-99,12788,-1051
-181,-11013,-2788
-112,-9472,444
35,8252,1405
-51,6675,4
-135,-3088,-2011
-92,-11571,-2785
-33,-268,-186
-72,9287,2416
-162,4808,409
-200,-10784,-4408
-150,-5459,46
-283,2148,867
-321,10027,-838
-445,-10027,-3144
-494,0,526
-497,0,-2326
-423,-7771,-296
-353,15289,-986
-581,-15252,-4314
-694,6034,3791
-708,-6589,-6529
-647,3814,2526
-534,-5515,-4234
-359,-2697,458
-45,12240,-617
-47,-7879,-4756
44,-4644,3744
193,4792,3191
314,5225,-2592
387,-3938,-101
493,-4580,-1292
616,3219,1073
739,-2070,570
754,2715,1649
740,4922,3621
758,3938,-1197
711,-1342,2913
660,-5102,1665
533,-4392,796
361,7972,1101
211,-89,945
93,-2238,541
52,448,964
18,3132,928
1,2416,-512
-9,-2953,-2826
-2,-3580,3632
30,5907,2058
61,13281,706
30,-666,2237
8,-5536,-1129
25,-7885,1477
80,269,668
104,2685,1626
129,447,-176
100,2685,526
140,3019,828
142,2758,-211
132,-2758,-985
213,-296,2251
286,2376,934
377,2093,1478
481,-428,446
534,-1269,436
593,2648,2570
637,1545,-844
675,-1473,-810
771,-2834,2565
803,-1512,32
964,9437,3764
1002,-15543,-4185
1206,11632,3716
1102,-3391,-1024
972,3977,2979
891,5745,138
678,-12190,-536
766,12857,-290
885,-11775,-73
893,4213,536
738,-3167,-5550
379,-10944,3181
220,7300,-5661
-77,-3183,843
-952,-5728,-5750
-1936,-2774,-7848
-2367,-627,1119
-2640,-5042,-6655
-2545,851,-840
-2231,-1849,-2065
-1676,-1597,-3376
-1170,1338,591
-716,7552,1209
-516,-14554,-2482
-263,4194,1318
-210,9018,-2016
-532,-10164,-2281
-679,-4545,360
-909,7133,1712
-1454,-396,-5956
-1919,-4905,-1800
-2164,-2504,-3831
-1778,-4097,-4219
-1331,-1666,100
-575,1694,-5072
-124,816,-381
-54,-3098,-1313
-147,-1345,-1248
-248,-2224,1180
-225,-2602,-4762
-211,4385,944
-299,-3823,1564
299,2301,-3233
516,-1284,3142
1097,3517,21
1465,729,2902
1404,-2453,3196
1383,2760,-20
1156,2701,3050
726,-692,733
635,1855,877
707,3707,1728
502,-3274,-185
214,-9677,-3040
-10811,-47927,-54230
7132,0,-2621
2155,3501,3936
27,-3501,-2028
189,0,280
6,0,473
-5,0,-756
4,0,537
8,0,-364
-3,0,33
-1,0,488
0,0,-769
-10,0,512
-7,0,101
-5,0,-444
6,0,1098
3,5637,551
-3,5643,3921
-4,8736,5988
-3,16597,11187
8,27350,25097
3,52621,34326
9,40910,64305
-4,0,11185
-140,0,-390
-773,0,288
255,0,-390
895,0,368
-294,0,551
-168,0,-891
33,0,471
244,0,392
553,0,-362
756,0,834
592,0,150
338,0,334
102,0,161
-47,0,-42
-177,0,-39
-184,0,-179
-69,0,-49
39,0,110
106,0,-113
159,0,170
196,0,115
215,0,110
195,0,97
121,0,175
9,0,-30
-68,0,-96
-119,0,56
-124,0,-132
-76,0,-32
-6,0,-26
56,0,4
71,0,73
56,0,3
27,0,45
-12,0,10
-41,0,-64
-78,0,19
-111,0,-86
-108,0,-63
-100,0,-74
-99,0,-20
-85,0,-126
-98,0,-8
-115,0,28
-127,0,-246
-159,0,61
-194,0,-289
-209,0,-45
-209,0,129
-193,0,-572
-225,0,212
-293,0,-360
-383,0,-263
-438,0,275
-499,0,-1150
-513,0,314
-454,0,147
-474,0,-1301
-438,0,749
-406,0,-1585
-204,0,589
219,-19797,-14282
337,-22932,-19939
159,-16639,-20446
283,-2937,-6357
274,-1396,-1585
183,