R
StartTickMs,measCycleMs,Px,Ix,Dx,Py,Iy,Dy,Pz,Iz,FFrx,FFry,FFdrx,FFdry,satI,satPID,KFQAng,KFQbias,KFRmeas,CPx,CIx,CPy,CIy,CsatI,CsatPID,CFFdrx,CFFdry,IRelaxX,IRelaxY,DmaxR,DmaxE,DMx,DMy
81861,10,58,70,47,58,70,47,250,0,0,0,100,100,500000,15000000,500,1,10000000,1,0,1,0,100000,10000000,0,0,1024,1016,0,0,0,0
GPT1X,aPT1R,aKFPT11R
-9,3759,4012
4,0,-49
0,0,-35
0,0,-22
-2,0,196
0,0,-29
0,0,-65
1,0,-48
-7,0,-33
7,0,-23
2,0,197
-2,0,-34
3,0,-62
-2,0,-47
3,0,-33
-6,0,-1
0,0,179
5,0,-42
-4,0,-58
6,0,-47
-6,0,-34
1,0,22
4,0,163
-3,0,-54
-6,0,-61
0,0,-42
2,0,-29
1,0,75
2,0,109
0,0,-55
-3,0,-63
0,0,-40
-1,0,-29
5,0,106
-1,0,80
-1,0,-61
-1,0,-59
4,0,-41
0,0,-27
2,0,122
-3,0,62
0,0,-64
-4,0,-56
3,0,-41
-1,0,-25
0,0,142
2,0,38
1,0,-63
-6,0,-56
3,0,-37
-4,0,-26
2,0,171
6,0,5
-4,0,-64
-4,0,-52
1,0,-39
-5,0,-24
9,0,185
-5,0,-14
10,0,-60
-5,0,-53
3,0,-37
-4,0,-23
-2,0,190
-1,0,-25
7,0,-61
-4,0,-50
5,0,-35
1,0,-21
-6,0,199
2,0,-37
-3,0,-64
4,0,-47
-2,0,-32
1,0,21
3,0,161
-3,0,-48
1,0,-59
-3,0,-47
-2,0,-31
-2,0,60
4,0,126
3,-179,-77
-3,179,-35
7,-627,-429
-6,90,-72
-1,358,181
2,-1253,11
-9,895,-250
8,-806,46
-7,2417,741
16,-1701,-347
-18,-179,520
2,895,-15
6,895,473
8,-179,-663
-18,-537,-830
8,-447,972
-7,2148,22
7,-2417,-444
7,-447,-585
-2,-179,139
2,895,498
-9,447,60
-1,537,-110
0,-716,-115
13,895,185
-4,0,128
2,-358,1
-7,1880,1143
9,716,233
-6,-985,416
-18,-4206,-52
-4,-1611,-637
22,-90,-1902
18,3938,32
-11,-626,984
-18,-2059,-852
42,7982,1221
-21,-7892,1477
-10,-1432,-3657
36,12772,1131
-40,-12772,949
25,8548,13
-3,-6758,-718
19,3490,300
31,-1700,-1027
-56,-448,815
29,3759,-206
-34,-6712,817
52,10365,-365
-72,-10544,2055
51,13809,-1923
-65,-21327,-906
92,23563,2846
1,-14524,-2774
17,-1342,1697
59,7160,-574
16,-7339,-2413
30,10100,2448
-14,-3209,-1278
-86,-8860,-374
-11,1074,2207
49,9738,4
-37,-8038,-3610
-57,-3669,912
5,2775,1476
68,11334,-450
13,-5607,-1432
-2,-7875,-984
27,1969,2126
105,3311,-291
12,805,-1039
-7,-1700,-777
2,-2595,-919
27,-2059,845
17,2506,242
-18,358,-284
-33,984,-277
-69,-1253,-313
-31,-178,72
-1,-985,1208
22,1074,374
27,7249,551
-8,-4743,-1242
-78,-3580,-926
-67,179,503
17,806,-248
44,89,-204
56,-716,-226
6,716,102
33,626,-70
-26,-358,-8
-26,0,50
-37,-268,353
-10,-179,-42
11,-89,-368
40,-179,-261
22,447,-137
38,179,157
-38,179,296
-16,-358,-178
-49,0,-133
24,-1611,-362
51,-358,-510
84,1880,528
-51,89,-394
-115,-89,-921
-148,-5370,-1077
-33,-3126,-1448
79,2499,506
120,4923,1176
84,1074,-391
22,-269,-227
-28,-895,932
-16,-2058,71
-23,1074,-333
21,-1253,-899
-42,-716,-1241
-69,-1432,1229
-92,5638,561
-39,1074,-962
-105,-9141,-1933
-53,74,1691
59,10320,581
-34,-2327,-2493
-43,-9879,996
38,9879,1369
-23,-9546,-2832
-8,5698,2309
2,3759,-1574
-70,-15028,-481
-23,12969,3089
9,1164,-2248
-65,-10827,1273
25,12795,146
-16,-5817,-1327
-12,448,2605
33,5638,-1505
-33,-11464,-2470
13,9495,3357
53,6712,-1210
-41,-14063,-1060
16,6814,3329
43,5549,-1065
-36,-6981,-1990
8,-447,3657
20,5638,-388
-14,-9755,-2789
-14,1074,2661
40,8591,119
-1,-3848,-3152
-38,-8262,1960
36,11573,2205
14,3401,-839
-25,-5727,-813
-31,-3043,1477
12,3490,-340
22,3132,299
-37,-4295,89
7,-6978,164
37,8588,1505
31,537,-1119
-49,-2774,-981
40,-5907,951
66,7965,964
15,7873,1109
-33,-7515,-2073
-64,-1073,668
14,447,1201
-12,2953,248
-10,-3400,-1402
-42,-7435,309
72,7614,1703
23,8594,359
-15,-5283,-1553
-42,-3759,16
-27,0,1118
30,7786,791
9,-6802,-2523
-10,-4474,2060
50,4206,-56
63,8215,-224
-42,-8215,-1683
-41,-984,1198
-44,2237,1469
19,7590,1169
-44,-3115,-1488
-38,-7786,-777
27,895,1221
42,4564,-1254
25,-358,-1012
-23,-3043,1852
26,0,-9
-11,10433,1887
-49,-924,-984
-19,-9777,-1954
3,-1790,1078
53,6085,909
46,5186,-17
-22,-4201,-839
-29,-4654,-285
-42,716,2463
-10,9137,-1257
-38,-8063,-911
26,-2237,595
62,2237,1962
70,11756,667
-31,-820,-495
-50,-12100,-1221
-4,-716,1761
41,10535,1520
37,-518,-2282
12,-6884,-1310
18,-3133,1136
42,9980,2488
21,5379,78
9,-2911,-764
-5,-10658,-1066
38,-1879,2069
52,8147,1255
43,6601,-1005
-4,-6786,-1315
10,-1966,1768
11,8894,2296
30,1247,-166
-29,-7584,-659
17,-8106,-608
71,7182,1413
84,7166,273
-20,-4947,-2271
8,-4836,-430
-3,4688,3767
-9,7519,304
-47,-2709,-1579
-43,-10304,587
25,2417,1755
67,10037,512
2,-2221,-2013
3,-5923,-831
-22,4134,2993
24,7833,1046
-55,-1907,-1200
-51,-11237,191
2,919,15
67,8193,235
-11,2031,-968
-11,-5280,-303
-24,-1457,2277
33,8529,846
-42,193,-1231
-59,-11877,-1415
4,-5100,635
59,14313,2229
6,490,-2945
-8,-12834,1005
0,8076,1635
9,10397,845
-47,-6657,-2474
-49,-7390,-180
-3,1549,3033
62,5917,-1041
-3,490,-1890
9,-5248,-362
-2,2488,2439
36,7689,1255
-70,-4647,-1111
-44,-9052,-831
25,1910,907
76,7406,-770
-27,-4210,-2569
18,-3997,1928
37,11217,2686
-16,5170,-779
-73,-13151,-1567
-10,-2350,875
57,7208,1740
67,943,-2424
-25,-6454,-107
75,57,1801
85,11720,622
-7,1323,-1764
-64,-14203,-1034
11,452,1349
19,8740,1747
29,-4464,-2035
-12,-7908,-622
85,5079,2482
99,11466,1138
4,-3949,-2769
-37,-8652,1122
-11,424,1392
66,9050,692
8,-2802,-2792
-20,-9064,-921
94,3527,2646
65,12176,544
-25,-2228,-1251
-57,-9782,1041
8,6287,2938
47,4676,-3262
20,-12519,-864
6,-2506,1088
89,15362,2458
22,3301,-946
-51,-10994,-2332
-37,-5672,2573
55,7004,653
61,2525,-1580
23,-5992,-1963
15,1946,2687
-5,10842,1443
-68,-7390,-1552
-61,-11894,-1228
63,11069,2514
73,8474,-1692
-32,-7296,-2422
-69,-5915,2781
35,8247,1700
8,-2300,-2354
13,-10225,-1977
25,5006,2048
36,11210,763
-63,-3067,-2469
-75,-12272,1532
22,7170,1731
47,6075,-1620
-1,-14151,-4133
20,2405,3487
31,12758,2152
-64,-3006,-1983
-88,-11025,-975
-2,7843,2033
57,-311,-1805
-15,-5784,711
40,6009,785
25,7148,-311
-55,-9894,-2530
-75,-8833,851
43,10087,2512
22,1803,-3583
-21,-11151,-689
24,5259,2495
28,12287,-443
-49,-8348,-2620
-35,-3154,2507
14,7109,668
2,-3899,-2287
-21,-14181,-1884
57,9901,2521
40,8013,-1477
-29,-5269,152
-46,-5399,136
-2,10079,149
-55,-1403,-1826
-68,-10810,-794
-1,5384,2958
14,3893,-3134
-39,-16358,-1533
-17,716,2026
60,15604,1421
-11,-3118,-4814
-63,-11412,2069
-27,11695,1540
-31,5809,-721
-57,-8806,-1815
-44,-8250,355
-17,5176,608
-15,2169,-1033
-31,-8688,-2369
24,1522,406
18,10143,1003
-57,1176,-846
-97,-5730,-1543
-30,-8811,437
69,537,-684
71,6203,131
20,3789,-328
-63,-1386,-162
-39,-5026,-1089
0,-4386,-644
53,3222,-185
-3,2059,352
-51,-3401,45
58,1611,-861
57,3333,-568
-32,0,465
-60,-5034,-904
41,-1521,-1149
31,3043,178
-30,-716,381
-21,-2864,-196
79,358,-817
24,2506,-184
-66,-1074,-177
-3,-1969,-1178
24,2058,130
-51,-89,280
-75,-2417,-596
9,-268,-88
75,179,-276
7,447,5
-48,-447,367
48,0,-324
21,626,-271
-58,179,-48
-95,-805,-146
-3,-1521,-162
55,537,-4
15,984,94
-51,0,-157
29,-805,-231
31,716,-215
3,89,-210
-82,-626,202
-44,-2238,-344
55,1164,-310
42,1432,326
10,89,113
-26,-1611,94
44,-2237,-767
83,2237,-450
-21,1432,249
-53,-268,-73
-33,-2685,-546
47,-3401,-1085
-33,3132,237
-71,-537,204
-7,-3222,-586
55,3580,-313
29,2685,35
-73,-2058,-493
-3,-4972,-421
70,2376,-259
75,4475,-357
-25,-179,-116
-38,-5549,-459
43,-2010,-756
55,4069,298
-27,2237,349
-50,-5197,-1785
-17,-2810,14
15,2366,221
-54,518,-326
-71,-1405,-522
-34,-1442,-1158
53,2514,-425
-37,-1442,692
-72,-1718,106
-37,-425,-72
35,1219,-1174
43,702,-216
-40,-2175,284
-30,-1758,13
68,909,-529
72,113,-794
-33,283,-212
-53,-2351,100
-16,-309,-272
89,2066,-512
8,905,-439
-67,-2543,167
-32,-1066,206
15,1304,-810
43,1513,-1
-44,-1062,-31
-70,-2111,-121
-13,-1103,-766
70,706,-612
17,1367,321
-2,380,-66
-46,1569,136
-5,-2068,-466
14,-2558,-915
56,19,156
36,2587,-297
6,1759,-405
-2,-927,-132
-50,-1772,-40
-39,-2174,-62
-2,-1198,-545
26,-1723,-716
59,1447,-307
-1,2874,-134
3,-2010,-282
-27,2742,310
-48,-84,13
-10,-5402,-270
-19,1603,767
18,-1283,-578
19,-1102,-293
57,3128,205
36,-1336,-984
19,1388,-74
30,1163,-439
-18,-679,588
-12,3294,761
-38,-2917,-539
-26,-878,-201
-28,-4878,-1493
-9,-1646,-121
24,1901,51
40,2899,336
51,4954,-186
-15,-4008,103
-36,1210,492
7,-951,-98
-14,69,550
-17,-4343,-1225
18,2382,-178
18,-2683,-1318
-24,1495,571
28,-571,-759
-27,1383,1020
10,3458,205
-14,-740,172
-23,363,650
-16,-277,-604
-64,-3586,191
-32,1765,-1073
-38,-5752,-858
-9,-405,318
16,-964,-964
-14,2517,1437
-11,10286,-2372
-35,-10594,-2066
-56,-10955,-706
1,8629,2357
40,8955,-275
-15,-5370,-3208
-31,-8830,1540
50,8007,1289
27,7554,-721
-42,-12101,-3329
-40,-5479,784
-16,6475,846
-13,7482,-46
-56,-7516,-1945
-68,-6735,-666
7,675,1068
18,3791,1550
-3,5456,-922
-23,-4782,-773
-32,-381,657
-23,624,467
-22,-1775,-58
12,4091,222
-28,-35,210
-33,-4006,-370
-4,3270,641
-3,-1232,-1159
13,-2959,-983
-17,2244,691
18,-106,-506
-48,-2011,-43
-22,1377,286
-23,814,-296
-36,-1665,852
18,656,-349
37,2780,27
13,-2462,-175
37,311,475
26,1970,-130
-21,-2445,214
-21,1045,-165
-17,2713,-610
-39,-4320,-919
20,2386,593
-16,-2694,610
-7,932,-473
14,3143,111
-8,-1435,-398
21,2247,761
8,-165,-614
-17,-1033,580
-4,3198,-22
2,-2530,-582
3,1234,1147
-3,196,-273
6,-1781,183
-1,2907,387
-1,-2096,-529
-9,-1806,-213
5,1970,278
-2,-424,-1058
-15,-687,739
16,876,-88
-9,-471,-342
-7,-734,339
-6,816,115
6,-895,649
2,-1409,-113
0,2587,230
3,-951,19
-1,-787,741
-14,2223,187
11,-2321,504
-42,613,378
19,2493,681
11,-1447,46
-46,-165,708
5,2012,574
-37,-1906,96
14,843,960
35,2606,230
1,-1992,-58
29,1777,945
41,910,-405
5,-1584,364
34,3218,877
24,-1096,-283
2,-1475,135
3,2571,1224
-28,1573,-249
-17,-2329,241
7,2441,539
-32,-481,-765
15,-2654,588
5,3280,493
29,393,-142
41,-698,438
28,3308,404
-4,-3469,-438
-1,3752,1088
-20,2510,223
-16,-404,197
3,1522,1113
-18,0,-306
-27,-2886,494
4,941,26
-17,-899,85
-21,-2103,891
10,1225,300
1,-1037,-444
10,-949,-517
22,2237,401
42,-892,-221
26,-75,304
21,1803,-70
27,-3159,-554
14,328,485
39,2601,521
-21,377,-161
3,-837,425
3,2326,-128
-12,-967,113
38,-752,1049
43,3650,451
41,1386,629
35,1755,331
18,740,-749
18,-3570,809
7,2682,841
14,-776,56
-1,-3101,541
29,1958,2213
40,2178,-146
-28,-444,-960
-17,-2639,-654
7,-2575,-342
36,-1642,56
44,753,3018
69,5734,-803
73,2329,-866
1,-444,72
16,-554,20
19,924,80
14,-2662,1163
-3,4838,890
49,3401,1435
20,-1522,-222
9,-4462,568
27,-1183,261
32,814,131
59,184,-1021
-16,-850,112
-8,6303,1485
-24,716,1230
-36,-2775,-1094
37,-3837,22
64,3390,785
18,4654,359
-41,-179,515
-69,-5012,-379
-19,-1781,183
0,4108,513
38,2506,303
1,1074,489
-44,-1432,451
-33,-3133,135
41,-2237,-927
43,4206,810
-7,2864,891
-44,-89,-253
13,-1253,483
47,447,205
-3,895,-56
-38,-179,315
-18,-716,-117
60,895,274
21,984,136
-86,-447,-38
-37,-537,73
51,-89,-338
18,268,232
-39,179,342
-14,-358,-42
62,626,-25
-12,627,134
-48,-1074,-189
68,-179,637
18,89,23
-50,537,-162
23,-268,-182
10,2685,559
-78,179,377
34,1253,495
-6,-2059,121
-54,-179,-318
48,1790,333
7,2327,1001
-32,-1342,397
67,-179,-401
-54,-895,300
6,-1253,7
58,3938,885
-45,1185,982
34,-738,-51
28,1478,-281
-92,-3626,-304
42,-1074,-231
4,2685,759
-59,-984,525
61,537,-518
-19,2203,385
-46,-3098,-425
41,-2148,-237
-8,3222,1988
-30,-2596,-1
55,3759,566
-30,1046,277
-18,-3373,-946
20,3188,317
-65,-2024,1000
-31,-269,-563
30,537,-544
-30,90,935
-32,984,666
-15,312,-725
54,4203,-18
-66,-1245,-284
-62,-3106,471
-3,-5623,-917
55,2327,2140
49,7138,601
-22,3599,-557
-70,-2921,-291
-21,-7727,-656
48,-2058,-194
102,5339,2090
29,5536,388
-28,2162,345
-77,-1639,137
-23,-5948,-1398
40,-2944,1458
65,4645,507
-13,8268,1204
-42,-3640,-493
-21,-5331,-1265
38,2517,718
-14,5034,940
-80,-3704,-246
-14,-6536,-198
52,2615,46
75,5310,642
2,3095,310
-79,-1408,59
-28,-5037,-1111
14,-2218,-567
51,4405,1366
26,2746,-27
-64,-3764,255
12,-29,79
37,2590,-421
30,973,-129
-59,-1282,133
-17,-4715,69
45,-1664,3
73,5400,487
29,4398,647
-74,-4037,-661
-29,-899,-269
67,3886,165
6,-3801,-297
-26,-3209,657
29,3548,800
74,2270,-278
-3,2638,-90
-89,-2575,-178
-27,-8789,-1195
26,0,1383
53,10893,2054
-6,6589,-2083
-90,-10313,-509
-25,-9854,68
98,6739,1750
50,11251,852
-58,-1452,-1553
-70,-9762,-551
65,-1590,71
55,4810,860
-40,4261,796
-7,-2427,-760
17,606,-434
-11,209,-438
-34,-5371,-93
54,-609,-332
46,5227,1045
-68,1893,76
-52,-2838,-555
35,-2485,-704
-11,-396,1010
-38,3973,1354
41,1709,-1999
6,1396,249
-55,-7276,-474
-35,-4013,-99
74,4494,1187
55,7729,1358
-65,-173,-668
-51,-4556,-1236
49,-5719,-291
55,2974,1343
-16,7284,1249
-30,-917,-584
18,-3622,-1743
32,-5239,132
-61,3292,1995
-19,4346,956
14,-95,-2608
-18,-3847,-271
-18,-333,1083
-46,4275,961
-11,-622,-1038
32,-2559,-1974
27,-1567,1761
12,-566,573
-34,7281,799
-43,-1458,-978
-7,-6417,-2325
32,-368,955
29,2881,1840
6,6651,1316
-57,-770,-166
21,-3213,-1636
16,-5011,162
49,1511,-39
17,2455,817
-24,313,428
-10,988,-670
-3,-38,-454
-16,-134,625
-99,-3822,-52
5,1641,949
46,1867,-491
11,2803,-1174
-74,-923,82
-76,-5558,170
28,-1414,134
61,5364,944
-36,5258,1259
-92,-2208,-2482
-27,-6616,-106
28,-1317,-3
-32,3880,1126
3,1631,913
-15,1142,-913
12,-1556,-972
-31,-1740,-26
-68,-3499,991
15,4502,1203
59,3261,-1112
-20,-1167,-1368
-52,-2135,436
-12,-4913,-232
51,2363,307
64,5403,852
-81,1844,-1455
-72,-5638,-15
30,-3407,-389
57,1893,560
4,5671,1413
-53,104,-414
71,-6061,-1386
32,-2653,-309
-11,1584,1835
44,7849,1102
53,-702,-1608
63,-380,-966
-15,-4366,885
-3,-1688,577
96,1712,342
61,5296,194
-66,-470,-9
-61,-3546,-406
34,-2517,-514
81,2266,73
4,2638,923
-70,-713,153
-2,-1340,-742
63,-1045,-905
-7,-617,572
-22,1746,1653
21,1897,-186
64,-528,-1971
-64,-1808,19
-76,-4674,-413
57,1131,1029
96,4974,282
-35,302,345
-49,-38,-205
54,921,-711
10,-714,6
-70,-5530,633
34,918,1721
83,8477,-186
-40,1235,-1016
-92,-6605,-1234
-1,-7103,-607
95,4115,924
9,7270,1087
-64,-257,-356
-11,-2576,-991
42,-1909,-402
50,-21,1846
-36,2838,964
-33,380,-1019
5,-5273,-1775
49,-571,1168
-23,8688,3473
-8,2381,-3282
-9,-5864,-28
17,-8018,-77
16,8640,2585
-9,6769,1584
-48,-4615,-3038
17,-7719,104
119,2511,1426
70,8727,895
25,686,-499
-3,-9288,-887
97,-2042,1974
130,5891,-131
123,2994,-1576
37,-3655,-767
12,-3250,1310
47,6153,810
42,1063,212
70,-8304,-2253
10,-1724,99
-7,5388,2253
-3,5886,-929
-4,-976,512
49,-4512,-1388
67,-3811,553
29,6568,1683
-43,2691,-1463
-27,-9530,-368
39,-3183,-407
62,10714,1295
-30,3563,-517
-98,-10049,-2392
-9,-3379,2090
89,7963,885
69,6091,-366
-46,-5722,-2121
-54,-8672,432
8,7396,-29
74,1862,188
-43,-5895,-1246
-39,356,2306
-25,6982,1201
-16,-2671,-3796
19,-9416,337
27,4938,1363
-6,9323,541
-89,-5618,-2028
-52,-9864,-1812
49,2211,2924
72,10316,509
-35,2712,-800
-72,-10925,-1408
-12,-4387,638
49,9505,1633
49,-329,-2214
-37,-5098,-1115
-57,1401,2050
-1,4164,459
22,-345,-1715
33,-7240,-1093
-22,594,65
0,2235,497
-28,1742,-560
12,1609,-2115
5,-6435,692
-52,-1249,511
-6,372,-274
23,5159,-826
21,356,-1569
-53,-5232,1582
-44,-4292,-562
68,1530,-469
80,5798,64
-40,998,24
-63,-3581,-535
49,-3363,-933
32,1737,-392
-69,-1478,-411
30,-74,-754
26,1700,41
-93,-1737,5
-10,-333,-1080
7,370,-361
-85,-2552,-587
13,1253,-896
-42,-1074,381
-55,-2416,-718
-10,2148,-651
-120,-2685,-576
4,-358,-830
-91,-895,408
-47,-985,-280
22,537,-911
-44,448,574
39,0,-1446
-23,-895,79
-22,-358,-453
38,-179,-614
-57,-537,-119
66,179,-163
-2,-179,-24
8,358,98
71,-179,-658
-12,-179,-308
62,89,-35
-31,-89,83
-15,0,217
34,358,-391
-29,358,-162
52,358,136
-64,-90,-218
4,-358,272
-10,-447,-296
-82,-268,-87
40,89,-172
-28,89,-117
-36,-357,-21
27,-90,152
-66,-179,-287
8,-2148,-957
0,537,136
-88,-2327,-190
6,358,-543
-16,1522,166
-98,-1611,-427
6,1163,-681
-13,-89,395
-95,-3491,-515
10,-1296,-738
22,2370,-294
-57,716,285
-42,985,-364
50,-3401,-1128
40,2506,-406
-46,-2059,56
-51,-3594,-805
33,1331,-605
68,3964,-768
23,-1164,-555
-38,-1876,19
-35,-2551,-432
33,333,-766
16,-148,-680
40,1035,-664
-32,-1518,-334
-30,2627,325
-43,-1774,-878
-8,-4053,-901
17,-2440,-387
41,982,-51
68,3498,-863
23,-877,-1217
-25,-283,560
-48,-309,149
-24,-713,-717
-23,-5116,-1227
35,769,-27
57,1631,-79
53,1931,82
-17,808,333
-4,1593,527
-26,-3308,-935
37,-2467,-540
43,4444,370
-17,404,-265
-75,-2255,-162
-14,-1820,-307
22,-1540,-1485
12,-1243,-396
23,4059,481
-9,878,-529
-25,-2965,-168
-30,-2213,271
12,32,-329
54,-2044,-514
73,1964,84
-1,3128,308
-49,-2695,-704
-52,-3059,674
-5,1038,-653
61,647,-1227
1,-105,143
-55,1852,545
-77,-2273,-956
10,-3247,-11
34,3126,-335
17,196,-361
-58,2440,828
-16,-1545,-400
-12,-4050,-892
6,295,-378
10,2980,-871
-69,-451,-752
-69,-2166,428
-91,1121,-661
-71,-4394,-814
-18,-1199,-763
-15,2801,169
-72,3203,-354
-110,-2110,-41
-176,-144,-58
-159,-2233,-591
-174,-2869,-1078
-191,-4054,-1345
-185,4499,-471
-258,6642,-449
-373,-3342,-1013
-409,-7827,554
-224,2951,1578
-215,3941,-2291
-151,-4564,-2369
-52,-1353,213
0,1195,674
24,2094,686
22,1000,1258
31,2698,-1352
41,-282,375
16,-1691,398
11,302,1048
41,1364,976
24,503,-1856
29,-2316,789
38,2304,1270
26,1128,782
25,-1888,544
14,810,-279
44,1872,885
50,-1333,542
60,-90,979
62,1652,829
58,205,-1118
46,-1408,-105
65,2060,1285
70,2127,622
69,-1730,211
105,3500,368
113,-35,-331
50,-121,1320
71,2518,1593
89,396,682
221,-1866,586
342,-1307,486
424,1647,1360
268,3351,1486
120,24,692
50,-2584,-161
74,-94,-146
98,1811,314
61,335,335
63,-2561,-212
119,340,-106
108,1865,636
21,1316,511
19,1585,614
-64,85,1133
-86,-1266,388
88,-1364,130
44,3818,539
-35,623,425
16,1213,763
-57,-3052,-20
56,-1047,444
61,3656,49
-26,1294,374
-15,1615,1007
-82,-3242,886
23,-1032,-317
50,921,379
27,1294,537
0,5908,1585
-81,-2596,845
54,-984,-406
1,-1810,524
87,4405,771
-46,3133,705
12,537,1008
-110,-3312,382
3,-716,172
-45,-626,6
15,1253,-34
15,2148,829
-7,358,408
81,716,552
28,984,189
-35,0,126
31,-895,-447
8,895,587
-42,0,427
40,0,21
59,1700,189
-49,-805,32
-59,-984,-26
64,89,859
26,2864,109
-24,2774,1296
-14,-4385,-573
19,-1074,406
84,3132,1583
47,5828,1263
-42,-1109,498
-11,-6330,-524
37,2954,366
79,5594,1231
27,1563,699
-34,-3411,993
28,-4552,36
96,3670,1191
108,4208,813
59,2701,487
44,-2164,475
73,-3309,249
142,1110,234
137,443,954
146,2039,345
98,1858,648
48,-761,241
73,-1832,-127
139,-821,929
133,2700,1047
56,2940,845
31,2628,609
-13,-2586,-363
74,-2554,-1104
42,2198,1940
-7,481,510
-3,1185,718
52,-1770,-532
122,2648,-28
28,1561,1805
1,963,296
15,-4461,-894
87,-669,-679
59,2162,147
-24,-151,2324
-52,1719,269
15,1095,-964
42,-1026,-1552
-19,-1262,-19
-60,-4245,2276
45,3379,318
50,5449,-101
-76,567,-785
-66,-5695,-1590
45,-1018,1093
-19,1395,510
-40,-1888,-504
30,1699,-961
-29,1170,-310
-110,-2556,655
18,180,-60
-35,1037,-314
-85,-57,-493
41,-999,-919
29,1928,627
-52,-1871,-6
70,339,-985
-26,207,-596
-32,-1433,-753
25,1170,537
-70,-1713,74
-65,-1908,-1285
18,1118,-765
-130,-2585,-948
-27,453,167
-140,-396,232
-125,-1443,-999
-68,962,-615
-167,-1456,-651
-23,409,-135
-77,821,491
-63,-1858,-1036
14,1348,-613
-68,-1977,-747
-16,0,-656
-54,998,462
-106,-2107,-689
-8,628,-749
-95,-332,-675
-98,-1351,-1431
-35,907,-172
-97,-1355,-843
-10,-3311,-1788
-56,2416,-92
-92,-2774,-1172
-25,-1701,200
-121,537,-732
-90,-1611,-798
-34,716,-392
-97,-895,-527
-18,-178,453
5,89,-439
-41,-358,-264
70,269,-108
-23,89,-141
-14,-1700,-235
33,895,-428
-72,-179,-135
2,358,42
-103,626,-234
-22,0,-1440
-113,-1074,404
-44,-3401,-150
2,1880,-191
-14,-3133,-1345
26,-2561,-1126
-48,-1959,-443
70,3983,-640
-53,358,-987
-7,-1253,-1265
-37,90,132
-83,1879,-63
-24,90,-350
-102,-6059,-1611
1,-2649,-746
-50,-428,-1091
-7,1069,-514
-31,763,-505
-88,-1571,-705
-38,1628,66
-114,1582,298
-60,-451,-1125
-74,-1584,-398
-145,-818,203
-3,-71,-446
-50,861,-1716
-134,-4682,-817
-24,-2265,-466
-56,-52,-219
-95,-1010,-542
-4,353,-754
-31,-450,-1172
-97,-2396,-473
38,622,24
52,4595,158
-46,-902,-852
-35,-2143,-748
15,577,41
-40,1238,1004
-100,363,755
-42,-1536,-896
30,-1409,-1334
29,2150,-3
-15,1379,406
-82,-2345,228
-54,-1545,65
-28,-1907,-1218
4,-404,-196
-30,-363,322
44,1190,84
28,2853,834
-28,1090,-605
-61,-329,683
-51,1038,629
1,-2249,106
13,-1461,-399
20,1068,-800
13,1604,331
15,623,781
-22,2174,498
-82,-811,1085
-56,-188,-1116
-79,-2447,53
5,-610,-8
34,3114,421
-20,3256,1473
-21,143,-1188
-34,-2166,483
77,-1328,508
137,943,580
218,2036,1425
196,1751,-599
138,-2043,804
153,-1004,789
187,-2993,51
313,1725,361
296,3269,667
266,3298,651
173,-1188,703
101,510,1292
68,-1621,693
56,-1954,-54
130,2613,123
93,1160,123
-21,1942,694
-35,-1065,215
52,1731,1115
11,1257,623
-26,2213,1748
-13,-716,-15
53,2685,437
-13,1521,521
-59,-2595,558
52,-269,-66
20,2148,886
-62,-2506,1147
13,1522,440
59,3490,510
-42,-179,695
5,-89,1031
63,805,-409
-44,0,293
-36,-358,1134
79,358,312
-10,0,217
-8,0,122
52,0,355
-4,805,195
-21,-626,-17
47,179,-178
1,1700,569
-59,-1521,107
77,-358,331
-10,984,221
-69,-1074,198
82,985,426
-17,1790,962
-58,-537,961
50,2506,45
2,3345,1596
-23,-2092,20
79,1521,255
-30,-1074,829
41,-895,79
6,2392,503
-70,-1765,208
43,1691,881
-11,1664,605
-52,-1368,275
77,924,-146
50,2663,835
-35,-962,657
86,-444,-84
27,1321,582
-37,-914,137
80,-666,-106
-19,2117,1033
-33,-1414,577
63,2348,363
4,751,617
-2,-1317,-30
68,1887,525
-28,1248,579
15,-1081,116
73,935,79
-34,606,379
13,-2183,-84
89,808,420
-22,-214,85
42,-1022,-103
100,2464,731
0,-776,1140
57,400,235
91,2119,247
29,-75,165
79,188,48
129,3052,988
59,-578,497
141,-1093,-87
145,1045,113
42,-422,466
86,-1778,889
168,2168,652
69,337,137
75,-80,-186
160,1884,388
12,-1227,1374
94,776,158
95,150,-264
3,-1503,-364
141,786,-160
18,898,1900
36,-662,152
77,1431,-71
-30,-664,-438
80,1018,5
-34,-113,1573
22,383,228
26,773,-556
-55,-1269,-839
22,127,-177
-64,-297,1401
5,-577,-57
1,832,-561
-55,-696,-390
30,30,-794
-62,1176,1564
-7,-1432,-430
-75,451,-906
-35,-75,-722
-41,503,-648
-148,-1195,862
-92,855,-424
-233,-1994,-1227
-127,128,-1149
-203,-2658,-547
-93,-94,1163
-128,2110,-231
-105,96,-846
-118,-64,-691
-164,-2689,-1306
-66,622,537
-175,-2076,-783
-63,230,-879
-155,-690,-778
-51,-501,-562
-56,480,218
-95,-712,-502
2,1402,-647
-86,-1402,-513
-36,-1570,-1121
-17,1213,653
-91,-2715,-746
-16,142,-687
-69,0,-418
-43,-2024,-1107
21,864,581
-76,-864,-582
10,-1663,-1077
-3,1035,-256
-65,-1553,-292
34,-1049,-517
47,2343,-191
-40,-629,-114
32,-665,-626
86,1701,-426
-16,702,10
-28,-2218,-251
45,-876,-1164
10,-1164,-1031
-51,179,333
25,-805,-49
57,2962,48
-35,-481,289
39,-333,-1002
41,1109,-278
-56,-1557,825
44,-1969,-840
54,2750,-36
-62,-296,573
19,-932,-1474
11,1043,231
-104,-3728,-560
23,-448,-263
-25,1253,889
-24,-1611,-1467
38,-2685,-668
-58,-715,-222
31,89,-36
44,805,-1113
3,2417,-70
46,-806,560
-68,-1611,-398
11,-179,-441
-9,537,519
-59,-1163,-701
11,-358,20
35,-537,-482
60,358,-146
-26,537,139
17,1074,-1243
-106,-1790,514
32,-5638,-675
-12,3401,-97
68,2416,-684
-15,-179,-1260
-47,-1253,713
6,716,-498
-98,-5280,-1617
78,-3272,-2010
-38,-517,-419
37,-2450,-950
5,4113,-194
-85,2842,1
-28,179,-1062
-120,-6597,-1280
-71,-1622,-561
-34,-808,-1192
-103,-2279,-1363
26,1779,-788
-76,1166,358
-70,802,-743
-24,311,-644
-139,-1232,-34
-71,-761,-312
-28,523,-922
-123,-1145,-974
-209,-4414,-1152
-113,-2297,-760
-61,604,-553
-33,1883,-460
-51,2026,-496
-65,-660,216
-149,1520,291
-117,-3614,-1216
-99,-4589,-807
-54,2544,645
-36,2566,987
-73,4649,-366
-76,-5956,-1835
-58,-3830,-221
-56,6105,1318
-31,3066,421
-127,-1613,-1025
-73,-3696,-821
-73,-3472,-523
-10,2106,624
51,1959,755
-2,2085,181
-14,-2133,84
-23,-2669,-1460
-44,1555,778
-57,-30,624
-67,695,53
-52,-2901,-567
-55,-1138,-1151
-7,445,885
41,2463,465
32,682,145
71,834,528
88,2518,8
147,697,567
137,-433,755
141,1418,1413
167,628,-529
190,-21,240
193,1016,1560
215,975,601
184,-1991,265
167,418,399
158,1716,370
113,-1925,387
106,-836,968
139,857,709
122,167,-88
125,-1970,-164
116,1719,406
116,2202,1175
104,4912,844
22,1231,1832
-47,-179,337
-52,-1125,612
9,-1368,-315
20,1257,-142
-29,-2911,434
-47,-735,892
163,2352,-143
36,3335,288
16,1701,1267
15,984,1498
-22,-4357,-130
116,-1257,-263
-5,1479,263
78,4851,1086
-30,2596,883
15,-985,721
-39,-984,867
7,-1701,280
66,3312,960
-8,-2059,241
72,1164,87
-5,-2685,-117
62,2864,421
26,1790,819
-22,89,513
52,268,-92
-48,-268,40
40,89,-18
-19,0,104
-58,90,591
36,179,308
-39,2864,465
-82,-1969,59
53,-179,368
-10,2506,1158
-49,-1701,586
57,1432,128
9,3491,789
-75,-2059,448
11,-984,140
1,4419,1203
-67,-2898,260
21,-895,-735
28,3793,1652
-31,-1376,552
45,-1343,-164
84,3976,567
-25,1499,612
-57,-1684,185
55,1516,357
5,451,75
-47,-1819,492
37,-1109,445
102,1627,175
20,2573,1192
-34,793,360
17,-1387,-241
43,2651,495
-58,-618,397
26,-2938,170
92,1952,122
16,2341,894
-47,-998,93
55,808,-327
-9,1537,315
-60,-2298,171
41,-2606,-157
69,3129,663
-39,3070,1407
-41,-1734,-121
81,1489,-64
-1,321,-36
-18,-3740,-132
81,523,949
76,3424,633
-6,264,585
22,-283,-614
76,1380,-521
-63,-1210,1441
34,-1457,-368
79,515,330
-3,94,632
35,-170,379
84,3545,1034
-34,562,241
-11,-1516,-423
45,2220,90
-67,-1426,1061
31,-1434,-197
79,2394,-200
-54,-1685,-4
29,340,-337
3,2578,721
-112,-2065,-130
26,-2514,-1028
-20,935,-86
-59,-138,674
51,449,655
19,3519,233
-80,326,-449
3,-1745,-717
-3,45,-383
-40,-2995,877
73,522,-449
18,1949,15
-37,-1016,-81
17,679,-560
-34,-128,700
-73,-2270,-231
63,-226,-437
-20,2239,412
-23,-1469,264
63,1806,59
-7,2127,-24
-57,-2592,-722
82,1524,-247
-62,-1880,639
-20,-3371,-167
67,1767,-396
-38,1276,406
28,-1012,-680
45,2209,207
-67,-224,76
-6,-2739,-927
15,1783,-330
-76,0,247
26,-2273,184
67,1478,-124
-54,-593,-273
9,-659,-484
64,1684,5
-63,-911,739
-20,-2392,-537
32,2354,-504
-70,-1372,-253
14,-1379,-724
63,1752,757
-32,1225,-86
-3,-2476,-510
55,1251,-669
-46,1131,295
-28,-2403,132
59,-1561,-1002
-29,1770,88
-55,-3289,-971
84,1543,880
-42,-119,136
-27,-1339,-595
67,1078,-721
-7,1541,269
-12,-1351,-179
67,-214,-254
32,1419,-135
-59,-1728,-413
59,-1028,-814
17,1527,846
-58,-285,-15
23,-2430,-1068
36,2121,-424
-60,-2178,-331
-12,-2001,437
94,37,-537
-5,998,-2
18,-1553,-241
93,592,-585
100,2493,650
53,792,-207
38,-4468,-984
121,111,-628
49,2914,157
-32,-1657,415
45,-1701,-1048
51,2403,-1270
-86,-2033,-505
-47,-3410,17
-30,1343,-564
-143,1401,-329
-166,-2386,-814
-63,2386,-1236
-125,-1491,153
-134,-5191,-1342
8,-179,-945
-92,448,-575
-102,-895,-367
10,179,-311
-54,537,-427
-115,-1253,-795
-17,-89,-366
-61,89,-165
-100,0,98
-23,0,-393
-23,0,-1313
-115,-1253,-67
-46,-2237,-1074
-4,895,-147
-111,1611,-823
-100,-3759,-2097
-26,-3916,-1037
-110,1768,-235
-119,-2396,-329
-25,1035,-505
-39,3061,-603
-158,-4873,-985
-101,-2058,-201
-55,1652,-652
-205,-222,-96
-127,-383,-876
-73,-651,-1564
-147,0,-664
-195,-2915,-511
-158,-944,-965
-239,2332,-268
-291,-580,-585
-218,-1710,-2504
-180,-21,-932
-232,-4454,-419
-148,-1713,-107
-87,1868,-608
-117,1108,-1576
-165,-1602,-344
-78,-3059,-477
-74,1429,142
-170,2383,-98
-223,-1667,-1889
-156,-430,-172
-230,1152,124
-296,-1723,368
-173,-818,-1167
-97,2508,-1196
-128,754,1276
-36,-2083,83
71,-1463,-54
147,1267,-423
135,5393,805
162,857,1785
194,293,1970
265,-230,1613
218,-2640,-3136
216,-2629,998
255,-449,270
268,-32,548
217,2940,771
251,3677,-580
203,1379,1091
136,-3584,1151
170,-699,1224
205,-340,411
241,3482,-795
205,1094,490
132,483,1574
104,-1743,1210
265,-1608,-108
402,6141,1050
173,3610,2041
183,-5014,678
352,1108,430
126,6322,1686
39,358,1645
-43,-1790,1398
31,-2487,-186
33,4188,726
6,2774,1315
-130,716,1357
-2,-2864,505
55,-358,133
110,2954,264
28,805,1048
11,89,360
9,-357,240
102,179,13
16,536,218
2,985,694
-94,-985,125
37,-447,291
7,0,370
89,2595,709
10,3491,876
-50,895,1545
6,-2596,732
-46,-2327,-197
85,1611,1174
-8,448,-40
-4,4800,1345
26,1849,233
-87,-1294,842
-46,37,502
3,-1331,279
-47,-444,269
43,888,-72
2,739,6
0,1072,961
29,2141,204
-50,85,567
17,1269,498
-9,-2372,-183
26,-1456,616
87,1343,41
0,0,43
58,2152,82
-39,1474,1134
16,1185,454
-28,-460,641
60,188,767
-34,-544,-157
6,-939,638
12,499,87
-8,-571,-12
71,1660,438
-8,2197,608
56,2394,1242
-6,-1023,350
0,943,448
64,-2748,47
67,-760,337
195,2859,275
89,2474,379
-37,-286,813
-40,15,915
-74,-1978,429
81,375,282
128,1904,284
83,3128,1302
149,1741,614
35,-2913,863
78,941,1212
35,-173,173
28,-189,-535
102,1635,50
79,1718,1649
166,663,291
80,-1382,-179
87,-1183,-18
127,172,381
14,-1421,508
140,2071,-424
86,939,-693
67,396,327
90,1801,1668
-10,-1235,26
13,372,-585
-12,-1464,-844
-24,94,-316
18,-744,951
-13,-1313,-510
55,1007,-449
6,-135,-628
-20,-565,53
20,1267,1437
-67,-1421,-489
0,1025,-514
11,-1204,-564
9,-1564,340
61,188,762
21,-323,-1046
62,472,-502
-37,26,-567
9,957,1346
-54,-970,-78
-40,364,-799
-12,145,-848
-78,-1478,-636
10,71,1729
-33,-680,-1133
-17,42,-654
9,-368,-1270
-37,482,-179
7,1126,1334
-63,-1727,-876
5,303,-1247
-63,-1070,-960
18,-241,-314
-59,-629,424
4,369,-1152
-42,-1091,-862
7,819,-285
-42,-1355,431
-8,456,-247
-44,-3120,-1589
14,-1428,-781
-29,-954,-1308
-80,-1355,758
-158,309,-1037
-258,-547,-1461
-209,190,-984
-310,-1972,-856
-192,452,123
-212,-1880,-1284
-153,-850,-1142
-160,111,-690
-144,-998,-493
-147,-444,-632
-179,-1833,-1189
-137,-448,-1190
-145,-2416,-1185
-34,-90,-596
-57,-1163,-1224
33,-537,-1110
-50,-537,-1298
29,179,-608
7,0,236
-11,716,-561
-80,-1253,-470
-46,179,-314
-50,-90,-305
-93,-537,-120
-66,90,-357
-135,-358,-51
-118,0,-259
-118,-805,-706
-115,358,-554
-106,-2417,-1021
-38,-1163,-823
-186,805,-843
-172,-3043,-2184
-302,-1919,-1268
-244,259,-898
-240,-665,-724
-173,-1886,-847
-185,-335,-1985
-30,-990,-649
-106,-1354,-511
-2,-2773,-910
38,-607,-1249
-16,-627,-790
83,-76,-323
65,1456,-399
-9,-1045,-315
27,815,-1401
-52,251,-175
-21,-606,3
12,-758,281
-80,-1394,-473
27,-2942,-2552
-31,-1069,-450
-44,-906,-366
55,3631,-108
-45,380,-823
-35,-553,-593
14,35,562
-114,-1940,321
26,-2711,-549
-29,593,-1214
-45,-876,-447
-12,3736,497
-142,722,1036
-114,-946,815
47,-2298,-2114
21,-1321,332
99,1917,750
239,2809,1193
94,-32,1635
136,-2650,-1362
226,1479,261
184,3922,1207
45,-735,1526
-42,-2610,-1180
80,-1721,-542
165,2610,1297
24,4631,1686
39,-3404,314
218,-968,-380
290,5321,434
200,547,829
259,-4727,678
374,603,23
359,4790,860
106,637,1295
118,-2516,134
124,-1705,-882
37,3370,921
60,1982,343
-117,-1273,883
-9,-2908,-267
134,1105,-410
4,2313,366
36,254,345
-57,-28,776
-20,-3181,-40
68,808,274
-7,143,233
42,927,21
32,3944,310
-68,333,801
39,-1183,-76
33,1848,964
-14,740,894
4,-888,392
84,1947,536
25,3848,1030
-72,-4385,-1
-18,-3480,64
24,222,682
66,1848,-237
55,4990,1198
37,2685,401
-19,268,420
-6,-4027,705
-23,1879,827
9,-1790,269
28,716,70
51,-984,-497
33,1790,-380
-36,2327,1521
-23,805,74
-54,-716,218
-12,-8571,-608
10,148,361
80,9228,172
-12,-89,-1413
-62,-3669,-20
-8,3490,3340
2,2595,1059
10,-2148,-896
-6,-9592,-2049
58,6102,2432
34,10113,1429
12,1287,686
-84,-10505,-907
5,5101,2833
4,6587,-1118
-31,-12493,-2273
-2,3579,4872
77,9912,-1497
-72,-17787,-1791
-9,10381,4577
44,7184,-3811
-85,-10137,2680
12,15165,1784
-44,-11406,-2829
-45,5750,3627
14,5085,267
-35,-9493,104
50,11989,108
-28,-9208,492
50,10402,2029
-3,-13541,-2112
68,11490,2583
4,-14980,-2523
24,14520,3669
5,-11298,-2446
38,14800,3062
15,-15695,-2919
3,13874,5506
33,-2266,-2886
18,1212,1412
29,-1854,-1347
6,-1689,2849
8,4390,-1268
-37,-3295,2632
7,6049,-1881
-36,-6430,1938
69,14240,-74
-26,-18302,-3361
39,10043,4420
15,-7289,-1388
0,8752,2369
-14,-3071,-2806
-6,377,2965
24,-37,-594
-3,-1319,763
35,5608,-2128
-50,-9216,2643
55,13867,724
-12,-13629,-723
62,10707,1334
37,-6867,-2038
49,5783,3199
122,2106,-3094
24,-13966,179
39,4101,3098
98,9381,-620
77,-4735,-3126
52,-1934,1763
-15,827,1139
-3,3169,-667
50,1179,-784
-58,-2620,-157
44,-1814,802
34,1974,364
-42,65,-178
56,176,-456
-72,-754,69
28,225,281
-56,786,85
-22,-1210,-333
-1,1557,220
-54,-877,512
23,642,69
-32,-32,-95
43,342,-153
-54,-358,-401
47,915,586
-43,-1284,-191
43,607,-367
-52,496,229
-43,-60,-152
-51,1635,496
-92,-1364,-492
7,-2116,-639
-105,-2389,-114
-33,1110,1522
-58,5950,-154
-109,-2164,-1613
-22,-3924,-1557
-52,-746,1866
-8,3812,693
29,1901,-941
-58,-4310,-945
-69,-5137,-489
19,3677,476
54,8344,1063
-88,-2126,-1055
-91,-11672,-1139
40,2157,1041
31,10296,750
-77,-1243,-956
-96,-9195,-1407
9,988,1406
26,9530,-30
-68,54,-202
-104,-12163,-1229
24,-1386,455
60,9053,1804
-40,4375,65
-56,-7144,-1559
14,-5520,-198
83,5860,719
13,6050,592
-92,-4642,-1397
10,-5364,-1234
84,1150,522
-45,1901,500
-19,-793,-1388
63,1019,-159
-80,-893,-79
2,-2170,-550
71,1083,-79
11,1066,477
-6,-1935,-434
76,2585,-308
-61,-483,-255
-34,-2031,-355
58,1529,275
-65,-1172,-86
1,-2478,-496
71,2073,-84
-56,-71,244
16,-1094,-156
21,1023,-390
-85,-619,-360
11,-1566,-783
-5,735,378
-60,-1867,-277
43,170,-462
19,1934,200
-39,-1849,-15
68,1641,-398
-32,826,-164
-82,-2608,-739
58,-340,-543
-43,877,778
-35,-1815,46
86,910,-106
-2,990,180
-30,-1900,-492
78,1843,14
-18,1075,167
-73,-2770,-203
80,1950,-319
-37,-113,182
-63,-1217,154
59,198,-622
15,877,-132
-61,-2286,-187
57,0,273
51,2201,59
-43,-848,-47
46,-1612,-577
8,2206,-122
-75,-1097,148
9,-1516,-398
76,1627,-181
-64,-555,162
24,-2107,-85
56,2736,18
-26,657,230
-28,-1396,-301
63,1623,-220
-42,-29,399
-81,-3295,-412
57,961,-259
0,998,300
-81,-1331,-226
35,-3995,-328
62,3810,-79
-50,814,594
-53,1472,-43
18,-1028,-838
31,-1997,-1047
-34,813,1272
-39,-3615,-338
59,1253,-431
53,2732,189
-77,1331,350
-58,-1996,-610
54,517,-954
10,888,-258
-63,-4815,522
-15,-1969,-714
78,4207,154
34,2096,40
-72,-4334,461
8,-716,-485
34,4680,-819
-22,-370,-964
-71,-2878,860
-44,-5012,-346
66,1164,-412
55,4206,-144
-49,1343,810
-41,-3133,-894
-10,448,-922
51,4158,-535
-27,-5680,-714
-59,-1700,533
-46,-179,709
31,-985,-618
63,1343,-1141
24,5981,858
-34,1072,361
-87,-6069,-771
-47,-2774,-356
29,0,352
85,1074,-830
30,3669,249
-39,448,885
-74,1163,-186
-40,-5549,-2043
16,-1521,973
42,448,1273
63,5727,-186
4,4641,-296
-61,-4730,-578
-62,-5370,-245
3,-179,912
36,179,-201
56,2058,-1217
19,-626,-72
-21,-1074,293
-4,-269,-170
48,716,1728
2,2596,856
16,0,-2279
34,-3848,-239
58,-3133,937
98,3580,498
56,7160,-1757
28,-6534,23
0,-1073,572
-17,1431,971
7,10289,2914
-11,-581,-505
-61,-10603,-2578
2,-4653,-163
41,3580,1093
48,8502,-691
11,-2954,-590
-39,-4653,-145
-17,536,723
-10,8877,2214
-29,-2075,-1994
-37,-9128,-966
10,-716,1180
49,8591,1137
32,-537,-1857
-8,-5101,136
-23,-358,576
3,1521,1250
3,6657,722
-13,-7283,-2178
-21,-3759,-417
66,2864,1655
54,9990,-78
-33,258,-922
-88,-10606,-304
-41,-358,765
33,9966,1868
42,-4149,-2778
-23,-5101,-873
30,0,1376
4,1700,382
11,4565,974
-70,-3491,-2867
4,-3221,118
49,-90,1026
47,2864,-162
-36,7404,1473
-69,-2929,-2085
-28,-8055,-116
75,-895,650
68,7428,534
-4,3563,15
-90,-6785,-581
-24,-2595,-623
77,358,-142
70,895,-521
-13,3848,2065
-55,-358,-567
-12,-4206,-1144
38,179,210
-37,984,-386
-16,-984,142
38,-90,289
25,4028,-513
-65,-1343,38
-66,-2685,-686
49,-89,529
29,89,210
-39,2059,1018
-12,-985,-1085
59,-537,314
20,1969,175
-27,-179,400
6,-1969,-1397
51,2685,320
-61,-2237,281
-62,-895,508
75,2953,-692
-14,-1253,352
-82,-1432,1350
30,358,-525
65,1969,-872
-23,1074,802
-45,-1879,698
65,-90,505
71,7217,459
-62,-3726,197
-27,-3312,635
43,5191,-1405
22,1293,917
-75,-296,1580
-75,-1534,-451
22,-5996,-1929
39,4564,1692
-5,3003,-169
-80,-5151,1334
30,5669,665
44,-7369,-1810
79,9879,2356
10,283,-200
-66,-5687,1449
14,3004,-914
16,-6047,-860
29,9748,710
-33,-2961,178
-74,2367,1579
-59,-9065,-2826
35,4960,1708
31,407,-97
-26,3019,1765
-54,-1096,-515
25,-6305,-670
90,7081,583
13,1310,170
-10,-28,668
-28,-2687,-235
96,2178,171
-1,2767,300
-46,-4169,312
5,-776,-1347
50,2658,1473
-47,453,-335
-72,-3851,268
30,37,-1889
31,814,1455
-37,2151,388
-85,-4806,406
19,1952,-1211
50,1147,803
-34,110,391
-58,-2672,473
75,1563,-1550
26,2508,1253
-54,-2323,-659
-3,0,816
45,-2016,-1129
43,4651,803
-69,-3374,-547
20,-666,352
73,1183,-555
-23,1220,-98
56,703,-522
80,2694,453
-36,-142,852
52,-289,2
-25,1050,-10
-36,-3228,-152
19,537,-1005
-78,-1251,200
1,-1553,-68
-15,1369,-345
-1,-3352,-541
45,2168,571
-36,-5748,-524
29,5933,34
40,962,-827
-32,-2509,1401
37,3783,-732
-65,-5663,-771
-9,4906,-1
24,-1183,-1813
-70,-887,2097
29,1590,-1418
-19,-1221,389
-53,592,483
47,-998,-1338
-24,887,565
-46,-4491,-1045
49,3419,355
-6,2710,-603
-45,-7114,-40
48,4552,624
31,1331,-1076
-36,-3287,-37
38,-1074,-459
38,89,343
-29,3643,512
-7,-8028,-2591
56,-90,339
-24,7083,1195
-79,-5651,-1465
13,-2416,-424
0,2327,-658
-44,-358,-136
-59,-1343,730
25,-179,-907
61,90,244
-7,984,1400
-31,1611,-918
24,-3132,-958
46,1432,104
-28,5012,1060
-40,-4475,-849
42,537,87
41,-179,-270
-45,89,-16
-95,1701,920
1,-2954,-1305
-6,-1163,-248
4,179,-154
-38,716,149
-10,-895,-201
48,-89,47
57,2416,-441
-15,716,45
-87,-3043,-364
-22,89,-70
53,-89,-435
9,0,-7
-9,89,104
-36,-89,-57
-6,-716,-34
50,1074,-130
-4,3132,-874
-56,-3490,-91
-85,-6175,359
35,1432,-567
61,4117,440
-4,715,34
-62,806,-1307
-64,-895,700
-35,-6623,-1370
15,-1444,-902
60,6456,1558
25,448,382
-40,1074,-94
-15,0,-886
-49,-1253,219
16,-1432,-236
0,-4117,-992
57,4833,147
-4,-627,166
5,1253,1284
-26,1343,-1403
-33,89,266
-23,-6623,-1387
11,-4876,-1757
36,2175,2218
60,7087,1190
4,1521,-889
-16,-4296,-2568
-5,-4608,-495
24,6130,3406
7,5727,-959
-42,-1700,-1906
-54,-12065,-4
8,7859,133
53,4832,-594
-33,-7875,-2037
-11,-5042,2273
54,11665,1867
40,-4028,-2688
18,-9526,-602
86,10779,2979
61,2327,-1277
29,-7752,-1146
38,-3578,103
85,3172,1359
55,8427,196
-1,179,-1012
-38,-1611,663
-12,-6219,-487
5,-555,1300
12,3015,322
2,-3902,-832
40,1516,-1045
37,-777,-660
16,1373,-297
-10,-707,470
-4,2765,1810
-17,895,434
15,-4473,-1696
4,887,-1290
23,-407,466
-37,3993,551
-62,-2864,-98
-29,-3421,-1137
23,-381,-228
39,4429,633
-41,4475,1083
-31,-2238,276
-14,-5915,-1589
25,-37,726
47,5505,535
-36,-537,-374
-28,-5079,-512
85,-971,1940
39,4618,-596
-14,2058,493
-70,-3117,-405
-14,-1664,-843
20,3528,924
-12,3670,445
-71,-985,164
-22,-5843,-2037
-4,-1294,1090
-10,4094,-186
-82,1432,421
-41,-3715,-418
27,-3008,-650
96,3267,2111
82,7036,731
-6,627,109
-11,-4923,-6
-9,-3738,-779
35,1072,146
0,7052,1218
-56,805,110
-98,-2237,-655
-60,-5657,-618
25,-480,-48
46,924,-688
47,3960,516
5,179,1201
14,-537,938
-17,1790,253
-45,2416,53
-58,-1432,-1130
-66,-10237,-516
-18,339,366
2,8466,1990
-1,3132,-887
-58,-179,-666
-54,-1163,-245
-16,-2685,1400
91,3222,203
43,-895,-354
17,-5817,-176
30,895,-226
-10,4385,154
17,-4027,-2478
12,-2219,631
22,1413,565
14,6444,1415
13,447,-680
-37,-268,-1554
-49,-358,1363
-11,-4385,-12
2,-3293,-740
37,-1035,-533
65,2359,878
64,4206,-193
-27,269,-1156
2,-1790,-111
-17,3669,1257
-16,-2058,-564
-84,-5398,293
-34,1639,194
-22,4564,-239
10,-6240,-1775
-13,74,-186
72,-1035,396
27,3890,2055
62,4833,1216
2,268,-91
-22,-2774,1119
16,-448,112
63,448,-1640
32,-3580,613
-13,5907,1796
-12,447,-724
-103,-537,237
-42,-2327,64
-6,-895,-1701
55,-3043,-1047
12,5549,2385
55,1253,-968
-7,-89,427
15,-4117,232
36,-90,-437
55,4117,666
-53,90,209
-69,-2685,281
25,-3491,-1156
26,4565,822
-54,1611,288
-84,-895,254
27,179,-229
22,89,-666
-82,179,994
-2,-1611,-58
135,537,-303
70,1522,-310
-29,-1164,486
-4,-1969,59
16,2775,571
-113,-179,134
-49,-90,-86
78,269,-418
10,358,612
-25,-895,-85
14,-627,-456
26,1611,-111
-47,0,-448
-66,-1969,16
72,-895,-824
0,2238,1076
-46,-90,-198
63,-805,193
0,447,-286
-53,-2953,1
31,716,-400
45,2327,301
-50,0,-356
-43,-3670,-785
22,627,109
2,3311,647
-62,627,-522
-56,-3580,-303
62,-2864,-932
28,4475,1517
-11,1969,1098
-51,-1164,23
15,-2237,-866
76,2148,414
80,1342,888
-12,0,-163
-2,-1163,195
58,-1611,-654
79,2685,768
-43,268,253
-54,-268,-30
14,-1701,-277
93,1432,249
40,358,119
-51,0,343
-42,-1074,121
18,627,-32
71,715,111
38,90,68
-47,-90,142
-54,448,442
-40,-716,-441
16,89,83
-28,-178,111
6,715,-99
-42,627,-162
-15,716,615
-42,-1880,-9
9,716,236
31,-716,-464
53,90,-247
10,1790,553
8,895,487
-52,1342,460
-26,358,1509
1,-2774,-733
23,-1522,774
49,0,-14
78,3312,272
13,4894,1310
-48,813,762
-65,-407,611
-17,-4674,-1225
65,-2237,-1563
59,895,755
11,805,579
-33,-179,685
-24,1343,-581
-28,-1164,-1460
18,-1074,342
-6,5657,644
-57,-3240,106
-38,-3043,334
6,-1522,-415
56,3670,-535
31,3950,29
-44,-1713,-214
-87,-4296,170
-50,-1163,326
13,1074,-1417
39,-179,-834
11,1879,842
-22,3491,637
1,-5370,-820
33,-1790,-817
85,1163,-145
7,5728,693
-39,-984,342
-78,-3938,-1148
-5,-1969,-614
48,-716,1420
77,627,-133
62,4206,627
-12,6316,287
-92,-8017,-1141
-72,-4653,-987
23,0,731
57,2237,-761
3,8326,1348
-54,-2151,-966
-50,-6086,-293
-50,-3490,-158
27,6891,2375
25,1880,-159
15,-5102,-2158
17,-626,498
65,358,-117
61,179,-689
23,6533,1154
-22,1983,-58
-36,-7353,-588
-28,-3848,465
-24,4296,2137
-13,626,-1244
-29,-1611,-1862
5,-1252,132
7,-537,1867
-9,4564,-29
-7,8711,1655
-36,-4594,-1198
-31,-7786,-1740
35,-985,1458
49,269,746
54,6622,-605
12,-2953,-2500
-16,-9934,-297
29,7965,2607
12,10774,499
-56,-10506,-2882
-86,-2058,993
15,716,813
-8,4385,-389
-14,-4206,-2154
-1,-8659,-1181
45,4721,3131
60,14519,-148
-7,-6554,-3261
-33,-6354,1096
24,3490,1884
35,8974,941
-33,-9779,-2120
-47,-5638,-830
4,4117,2301
23,3848,-1321
-4,-8144,-2794
-17,-6238,1505
69,11697,1524
30,10934,-2089
-33,-16572,-1239
-20,2953,2674
41,10530,1599
-3,-7756,-2223
-64,-10189,-349
49,13680,2482
8,-1611,-2961
-55,-11367,-4241
-3,2149,4157
59,8054,857
-30,-716,-2894
-32,-3848,592
6,3580,2610
17,8135,-554
-53,-7777,-1249
-43,-5280,65
0,5459,266
2,4654,1003
-25,-13560,-2512
4,-1405,2364
49,12548,1264
14,-3669,-2182
-26,-9860,-1171
23,10934,2579
18,10027,-280
-40,-11190,-2955
-31,-5818,2013
3,5818,1403
9,2058,-1544
-19,-8888,-653
32,-4751,-64
75,13639,940
38,-448,-2656
-35,-7786,-1324
-18,6713,4155
-4,6085,515
-59,-3580,-2050
-84,-9687,-1843
-4,-6643,157
22,14451,2840
1,3311,-2029
-62,-12524,-1264
-10,4917,3307
1,4296,-310
-15,4117,-595
-60,-4296,-795
-9,-8553,495
27,6226,934
59,1880,638
-16,-3401,-1417
16,3669,1067
-25,358,40
-11,-2595,356
-6,-2954,-851
85,4386,618
41,1163,-1858
-74,-89,1500
-54,-1880,649
16,-358,-383
40,1969,305
-44,358,-183
-20,-447,245
58,-1074,-265
-26,1253,767
0,89,331
89,268,-156
0,179,-307
-27,-268,234
54,89,-152
-81,-268,679
-2,179,-63
28,626,-191
-66,-626,-26
37,179,141
-37,-179,7
-41,-626,29
45,626,20
-18,89,-283
-4,-357,167
55,268,81
-39,-626,-49
7,-716,-134
38,626,285
-57,-179,-68
2,537,-109
25,358,203
-41,0,-33
-21,-1253,-86
39,716,-35
-8,537,89
-65,179,-166
34,-268,187
45,89,-261
-44,0,157
-48,-179,111
-18,179,32
44,0,-220
10,0,54
13,179,259
23,-90,173
-24,-626,250
17,626,826
24,179,-840
38,-715,-164
22,-269,68
11,716,-63
25,0,75
26,89,598
-4,7719,1052
-39,-3512,-488
-34,-4475,-1159
28,-716,590
64,-1253,199
42,627,452
82,3669,-382
5,-448,-549
34,-2147,822
25,447,469
17,626,-531
-20,3670,2409
-22,5731,-2147
-67,-10027,316
-7,-5817,464
37,4027,890
49,3401,-1500
7,3669,-191
-21,-1611,58
16,-4116,760
1,4922,2345
29,5699,565
-55,-6236,-2389
-23,-3938,-1487
35,-1432,643
54,1432,2262
74,4117,-964
9,179,-759
18,-2954,-371
-15,90,-682
28,-1343,854
-21,4475,2087
-29,3318,-349
-12,-8240,-2690
15,-1790,1607
58,2148,-454
54,4296,-348
-25,6063,1734
-24,-3557,-367
-61,-6802,-407
10,537,992
24,1521,-398
37,2775,-1421
42,2595,1188
18,-7607,428
-11,2237,1668
-14,10120,2037
-45,-7166,-4045
-47,-7428,136
31,1790,1261
72,8693,-62
5,-296,186
-10,-7771,-412
-5,8289,1719
-13,6733,1971
-60,-9384,-4343
-50,-8323,2042
34,7428,2600
22,5247,-3514
-40,-9990,-55
10,11556,3932
-32,311,-2499
-97,-9719,1100
2,18835,4251
-70,-9625,-2510
-107,-10374,-280
49,18654,2209
-37,-13821,-4887
-34,-5817,4618
43,12207,-349
23,-3622,-3319
-10,-8674,-65
8,10522,3474
47,-185,-3135
-31,-10248,-424
15,10064,3135
38,5243,-2759
-18,-15396,-1366
-15,5906,3297
48,12335,601
-19,-15557,-4669
10,-2327,4894
58,11599,-338
32,368,-2330
-41,-11788,-2217
-22,3938,3092
19,10803,-425
-32,-10713,-2294
-58,-4296,535
25,10069,2545
16,3633,-2823
-31,-12360,-533
-24,-1074,1090
40,13766,1910
-19,-499,-835
-41,-12372,-2459
-8,-268,422
54,11387,1336
24,396,-3314
-10,-10530,-76
4,-2327,170
32,2864,1311
40,9484,-271
-34,-5457,-826
-13,-6891,-1076
10,447,1444
3,5191,1446
-8,3464,-825
-37,-8744,-2830
-14,-2327,370
40,4117,1780
17,5882,-1559
-47,-8030,-819
-36,4654,-256
-51,-2059,109
9,3401,4247
38,4400,2502
111,14283,10628
-546,22788,20648
-134,13792,19942
750,8547,5789
139,-2497,1553
62,-987,-918
58,-1137,-1081
49,-1218,-1228
49,-2906,-2014
-7,-8017,-6356
-92,-17374,-14696
-423,-32985,-25598
-729,-21364,-21293
-199,-10155,-19356
326,3317,-2444
341,11018,9768
163,11456,8681
82,3132,7966
58,20