R
StartTickMs,measCycleMs,Px,Ix,Dx,Py,Iy,Dy,Pz,Iz,FFrx,FFry,FFdrx,FFdry,satI,satPID,KFQAng,KFQbias,KFRmeas,CPx,CIx,CPy,CIy,CsatI,CsatPID,CFFdrx,CFFdry,IRelaxX,IRelaxY,DmaxR,DmaxE,DMx,DMy
166449,10,58,70,47,58,70,47,250,0,0,0,100,100,500000,15000000,500,1,100000000,1,0,1,0,100000,10000000,0,0,1024,1020,0,0,0,0
GPT1X,aPT1R,aKFPT11R
-3,0,723
2,0,-187
-5,0,-145
-2,0,335
3,0,-187
-2,0,-148
1,0,339
-1,0,-190
-2,0,-146
0,0,341
3,0,-193
0,0,-148
2,0,343
-2,0,-194
0,0,-147
-1,0,342
-7,0,-191
7,0,-149
2,0,346
-1,0,-193
-1,0,-152
2,0,348
-4,0,-193
2,0,-154
2,0,348
-2,0,-194
3,0,-147
-2,0,335
-3,0,-187
-1,0,-152
3,0,337
3,0,-182
0,0,-149
0,0,340
-1,0,-181
3,0,-159
-6,0,344
0,0,-179
1,0,-164
3,0,345
-6,0,-182
6,0,-162
-9,0,329
5,0,-168
5,0,-161
-1,0,336
-3,0,-173
1,0,-161
0,0,333
2,0,-167
-3,0,-164
-3,0,334
0,0,-171
2,0,-165
0,0,338
-2,0,-173
2,0,-164
-1,0,338
2,0,-169
5,0,-166
-1,0,339
-6,0,-176
1,0,-164
-2,0,321
11,0,-157
-14,0,-159
8,0,303
-4,0,-144
10,-89,-182
1,89,280
-24,-179,-150
20,179,-160
2,0,349
-3,-179,-221
-3,0,-199
1,179,384
7,-179,-166
-6,179,-153
-8,0,295
1,-89,-84
-4,89,-209
9,-268,338
-1,268,-125
15,0,-284
-4,-179,387
-19,179,-109
4,0,-220
14,-89,294
1,0,-154
1,0,-186
-7,89,394
-3,0,-109
-3,0,-212
8,0,319
5,-89,-193
4,89,-197
9,-89,386
-5,89,-99
8,-89,-175
-12,-716,192
-30,-537,-686
20,1163,-173
19,358,864
17,-268,-83
-40,0,-180
6,89,375
22,-358,-226
-4,358,-185
-3,0,415
9,-805,-385
-19,716,-192
-7,-179,303
22,894,-124
-25,-2953,-562
62,2506,158
-31,-268,808
24,89,-1552
-44,447,1737
30,-2326,-3029
5,1968,3178
10,-447,-3169
-6,-179,3841
45,626,-3337
-4,-1252,2511
40,1163,-280
21,2058,-152
-16,-10495,-2152
27,11211,4842
63,3580,-3633
-50,-11455,-91
39,5548,1335
18,-447,-1858
-16,-10803,1309
88,10892,1619
18,2775,-2073
-48,-10783,-800
-9,-1664,1317
25,10836,187
29,-1253,-2225
-63,-8585,-1668
24,4379,2656
4,4206,474
-24,-1611,-2242
-12,-8637,-2505
9,2366,3360
27,8150,966
-2,2775,-2578
-5,-8502,-56
-31,2148,2435
11,4295,444
-117,-89,-1568
-114,-4475,394
-25,-4302,38
-1,7882,1162
23,0,-363
-102,-8991,-2992
-32,6754,2885
-12,5011,-253
-84,-2774,-3036
-80,-7249,1645
-20,5996,1264
-40,7428,-594
-110,-7428,-1834
-50,-7886,1509
13,10123,2690
-16,985,-2383
-43,-10073,-1415
-48,3719,2317
43,6980,122
-42,-3221,-2982
-59,-12599,-2020
-7,8661,4128
63,6712,-900
-33,-4117,-1488
-36,-11199,1247
38,13347,1761
-9,358,-2293
-78,-14085,-665
-6,11669,3788
64,7070,-1003
-22,-13332,-2830
-31,4024,2674
77,11635,-243
-53,-16177,-4132
-34,3647,2981
88,9666,-598
-16,-13349,-2859
25,-999,2816
92,10947,-103
45,-11243,-2153
38,3994,4570
116,11008,-424
-15,-8144,-3530
-10,-5120,2921
76,15591,3114
0,-11098,-5172
-40,-4345,1745
48,14548,3888
17,-5639,-5163
-29,-8835,1649
42,9283,3359
31,1521,-4695
-40,-10915,637
34,8678,2594
-4,1342,-2356
-51,-9576,-499
14,8234,3332
21,2864,-1814
-55,-14646,-943
28,11245,3117
21,1879,-1073
-52,-7517,-1328
27,2506,2539
24,9844,146
2,-1879,-1233
5,-4833,411
41,0,1126
23,716,305
-1,-716,-651
11,0,-202
56,0,-283
-26,0,18
-68,89,380
-13,-357,112
82,268,-4
116,1342,191
25,179,392
-1,-1163,-473
38,-358,64
36,0,4
13,1074,-38
-58,-1074,361
-17,89,-259
74,895,-153
-20,985,860
-25,-1522,-397
41,-358,-203
61,1611,714
-55,-626,597
-18,-448,-238
27,2506,311
-31,1253,511
-62,-2595,-449
22,-1253,156
29,1611,228
-48,-179,536
-7,-895,401
66,3132,51
-32,3565,1206
-38,-5086,-1137
61,1790,-359
-47,-90,259
-58,-1700,939
33,0,-476
29,3490,745
-63,-895,463
22,-2327,-1255
42,985,-257
-62,1342,1301
-50,-2864,-911
38,3133,331
-53,2222,963
-50,-4102,-680
47,0,-158
14,1790,1407
-72,1074,1231
-22,-716,-295
37,5343,-376
-48,-1614,-700
-37,-6682,-26
37,-1432,-158
45,4743,1508
-8,5324,178
-90,-1805,578
7,-3071,-1271
37,-269,60
11,1602,1122
-24,-3123,1091
-14,-90,346
57,6304,172
-6,3048,-430
-29,-2511,749
-12,-5319,383
69,-985,-472
99,4931,846
13,3931,484
-29,-666,475
-2,-3486,-841
64,-1997,49
121,2181,176
20,2796,627
-31,-1244,422
-56,-2143,-501
49,444,359
37,2519,-221
1,-707,608
-31,-962,174
-2,905,599
44,2170,-787
-62,-499,1157
-82,-3057,-109
27,2631,971
10,3875,-252
65,1570,-1181
2,-5983,-673
10,-650,1577
-6,7626,1658
-29,-729,-1646
-32,-16767,-1509
-3,6246,2796
59,12062,879
12,-2898,-2057
-33,-6276,585
-2,8794,3082
20,2511,-43
-2,-9862,-2993
19,-7624,-122
66,9910,2424
65,4823,-1484
7,-5941,-1128
47,-630,2616
42,11027,1287
7,-354,-1333
-23,-10673,-662
16,-29,2243
68,6203,1185
55,-1728,-2627
18,-8835,-1871
42,3596,2901
56,10870,1431
-21,3176,-958
-67,-14130,-1478
7,0,3352
55,10186,-377
15,-8536,-4952
-36,-7324,4532
85,17863,856
10,-2319,-4914
-62,-8743,4467
28,13914,593
10,-6650,-4117
-27,-8137,3313
83,20014,1686
-9,-9158,-3854
-24,-9603,3173
67,13068,-176
-14,-10821,-2325
21,9283,2735
10,-3423,-2754
-14,-7465,2133
65,14020,-490
-26,-10922,-248
59,9426,2270
1,-13213,-2579
36,11160,3608
78,-7033,-6977
-27,-5078,4482
64,14471,1442
-24,-13402,-4442
-2,6957,3674
-18,-6457,-3154
-6,2924,3441
62,7308,-1801
-79,-20132,-1934
72,17223,3527
48,-224,-3523
-60,-11284,529
63,14336,611
5,-7660,-2150
-33,546,2900
41,11228,-3289
-35,-14479,344
-38,2266,2444
12,7264,-3548
-57,-13205,1604
6,10314,2637
6,-2276,-3809
-77,-16107,711
38,17190,1749
-15,-9934,-2427
-11,37,214
34,3322,-2760
-36,-12763,1393
32,13440,962
49,7524,-3203
-26,-9955,1439
-41,1330,68
-1,8208,-506
-63,-8265,-794
-53,-12193,-1950
8,10313,2608
15,3823,-1448
-33,-7065,-3435
-25,-2059,-591
-85,2148,2299
-43,6619,287
-82,-5536,-2307
-9,-6721,-1678
-22,1521,56
-68,3580,1213
-103,4552,183
-124,-3376,-2077
-17,-4308,-2377
-13,-2954,710
-40,1432,-143
-62,-805,281
-34,-448,-808
45,269,-1550
-8,268,-171
-59,806,74
-45,-1969,-665
58,-269,-483
20,1522,347
-87,-1432,-370
-13,-179,-414
61,626,286
-47,269,-83
-12,-895,-380
69,0,237
39,179,-240
-52,-179,-154
-6,-1432,-37
67,806,-526
-56,-90,-35
-48,-2774,-318
75,2416,-135
-23,-358,88
-5,-895,50
90,2148,-518
-43,-1432,-778
-18,-2685,-243
54,-179,-639
-55,895,683
-61,-4302,-833
28,2065,-450
-68,895,252
-44,-2775,-747
54,2596,-426
-64,-1790,-106
-8,-1435,-600
12,481,-1043
-60,-850,465
44,-999,-672
-3,2713,-352
5,1074,522
64,358,-580
-17,1164,787
8,-269,-1256
41,-1611,299
-38,-3983,-1131
99,-1138,-656
-5,169,-212
10,784,-631
62,1109,442
-37,296,-599
49,-555,-915
-38,2065,1194
-44,-1288,-126
19,332,-451
-43,-1442,207
-22,-1102,-637
23,289,89
-50,-2819,-109
72,-1046,-568
9,999,-579
-12,-1070,582
70,2741,-598
-28,538,-318
-24,-651,-68
31,2417,53
-63,-111,349
-6,-1344,-572
32,198,122
-54,-1245,-632
33,-1901,-305
-2,-381,-424
-70,-2205,-616
-7,-732,-135
23,1401,-270
-58,-293,148
-33,-1165,-501
60,684,-795
16,1171,-782
-38,-1380,456
-60,-494,-122
30,-508,-536
60,452,-531
64,-980,-592
45,2659,646
66,3587,620
-12,-2434,-385
-32,-4772,-158
-59,155,2
-16,-104,-1239
-24,-726,-604
19,-2230,-79
21,4166,-69
18,-188,-175
-13,886,541
-33,-113,339
8,770,-1503
-30,-4154,52
13,-3018,-968
-6,864,-417
33,1785,-541
-42,273,-16
-16,465,568
-51,-2452,-273
-30,-2089,529
3,1692,-81
33,-2432,-973
2,2617,277
21,3193,-79
-40,-448,-13
-33,-353,347
-50,369,-564
-30,-3911,-411
13,-390,-646
49,859,-375
45,1128,-514
18,1447,11
-35,337,114
-68,-2699,255
-33,411,-412
-27,-4355,-1137
17,-341,-317
9,2367,-488
19,819,428
-26,702,142
-35,213,-180
-63,-3854,-274
-40,-1070,-383
15,136,-1404
22,-533,229
-7,1872,24
20,1805,-519
-58,-795,1065
-19,2651,431
-41,-4172,-713
-12,806,785
-19,-1195,-1040
-12,-3674,-230
-6,246,-369
14,1595,-706
-16,-22,203
3,-380,-510
-33,358,-75
-1,317,530
1,-44,-952
-13,-229,-231
7,2293,473
-19,-1307,-1102
-1,-1030,187
-19,3526,575
-20,-2678,-935
-32,-301,100
-20,2623,576
-6,1066,-415
-29,-2776,-187
-29,994,55
28,581,-115
-46,-2729,-54
12,2278,229
-37,807,181
-51,-2932,-237
-28,1230,126
-38,1101,342
-47,-2593,-755
-35,538,197
-22,1025,351
-5,-3014,-454
-8,-573,417
-2,4164,472
-2,-2948,-292
-26,-233,173
17,2827,274
-32,-2954,-394
6,2465,620
-7,277,-49
-19,-3066,-52
-10,3302,630
-3,106,133
-16,-3041,165
2,549,-66
-3,696,-198
-10,-738,596
-4,1111,224
-9,929,-116
14,-669,-216
20,1610,1046
-3,1239,-91
20,-2781,-645
3,954,752
14,659,-274
-17,-1941,-234
-4,1635,979
-3,-729,-258
-22,-1355,408
-11,3700,845
-4,-1569,34
-16,-683,1060
8,4438,843
4,-2466,-169
12,754,959
19,2562,58
-2,-2216,-231
1,1408,471
13,1367,-323
9,-1579,121
23,99,203
52,1389,261
59,-1825,533
66,4067,50
69,-2106,175
70,782,1148
71,1985,-336
55,-2196,269
27,1262,859
45,657,-500
14,-1873,83
16,1601,814
-8,-176,-194
-29,-1425,111
6,1457,173
38,2807,280
61,-2322,77
56,2172,692
124,3194,970
66,-1510,-429
49,-251,762
80,3352,1020
48,-758,-194
23,309,1121
41,2373,764
27,448,-666
23,-3012,43
17,143,653
31,1374,394
66,-1374,74
15,723,843
2,708,919
11,-906,-493
-12,-1072,53
-1,-1577,-462
16,721,845
38,-1599,-606
6,-62,-133
61,3985,2144
16,5175,57
-6,-179,-727
-51,1342,2176
-19,1074,694
-22,-1969,-394
-25,-4170,833
21,-1329,656
17,4518,1825
43,2145,-961
-36,-5192,-1351
10,1753,1981
14,5139,899
-14,1253,1025
-52,-805,196
-9,358,892
-46,3222,440
19,-3133,20
4,-4407,-1479
74,2886,1851
42,5101,1286
-15,716,-692
-65,-716,383
-29,-358,1089
-23,-3669,-605
43,-985,-479
36,4565,1564
49,4743,69
-20,1790,-899
-55,-7160,678
-41,-895,1265
23,1701,335
14,1073,-963
23,-716,-292
-15,90,481
-15,0,456
-23,447,1702
-5,4296,825
13,-2237,-1636
34,-1969,-583
5,-806,631
-55,-89,2369
9,9028,1405
-38,-1257,-1926
-21,-3117,-471
57,-3401,-70
23,3580,1643
-43,-537,1167
-6,3311,209
11,756,-690
52,1479,-115
-6,-6083,-745
-54,358,1974
-11,895,619
41,1879,-94
53,4665,264
-99,-2528,-524
-97,-3837,335
17,-627,4
27,4649,842
-67,-702,87
30,0,64
23,1626,235
-86,-1035,409
-23,-1220,89
19,3221,453
-95,-744,-7
1,-480,-7
20,1536,-16
-82,-2239,-133
36,-333,588
12,2289,652
-49,396,467
22,141,-71
-22,1712,131
-80,-2911,-300
32,-406,17
-55,1718,642
1,509,642
52,2897,578
-19,-1046,-223
45,285,-122
-10,-618,-19
-46,-2083,-267
37,1131,419
-62,113,197
-63,-933,-35
45,2129,345
-62,-642,438
-24,-1685,-195
50,2493,1056
-7,2089,653
35,84,276
53,1684,-151
-31,-1768,294
51,-42,-477
-13,-313,826
-77,-2162,-369
58,2057,67
-26,1066,675
-19,-1672,-279
51,1233,-274
-51,-125,1006
20,-627,439
62,2768,261
-36,1817,730
-7,-1892,-387
43,1697,-132
-52,-2093,680
51,-358,-200
39,584,1015
-16,-886,290
52,2027,-41
22,2336,192
-70,-1463,154
42,-493,-732
-53,1327,1039
-59,-2278,-444
54,-344,-20
-5,1416,890
21,-17,335
91,3234,308
-19,989,343
-6,-1573,-389
53,-1122,-1028
34,-1666,1902
-8,1024,786
59,1839,-483
73,906,-373
-55,-1358,55
5,-4256,-499
95,2693,1259
-4,4483,809
-52,-566,-288
26,-256,-340
-3,620,-90
-36,-3109,759
71,-1076,111
67,2881,131
-60,1781,-386
21,-1327,204
14,1597,-9
-76,-2447,464
50,-1574,-46
41,3233,767
-60,1934,848
-19,-1056,-719
21,823,-340
-79,-2680,284
44,-865,64
38,879,349
-44,238,1143
51,1976,-298
-5,3183,-11
-83,-2657,-124
26,-679,-796
-10,-103,298
-32,-1302,912
55,431,-420
1,3250,687
-38,-1426,319
80,503,-561
31,475,49
-28,-2534,780
89,706,-137
15,1317,667
-26,676,502
64,629,-478
-43,1155,703
-35,-2669,-236
86,86,-566
-4,2131,914
0,-1320,-22
65,1499,-122
-18,1212,598
-32,-2735,-176
64,766,-22
9,-424,1485
-1,-589,445
60,4300,182
-26,3108,432
-77,-2697,-460
40,-3596,-1411
-10,961,1853
-3,-2506,-613
92,2757,204
-29,3124,723
-49,-1888,-775
60,614,-929
-18,-952,961
11,-2636,130
93,1771,260
7,2133,353
4,-1004,-909
88,-1042,47
27,609,-271
-24,-2088,30
91,-216,-177
21,3323,864
-41,317,-397
43,-1674,-161
-28,275,-328
-61,-3864,-692
63,824,1255
26,4439,600
-46,-61,-269
68,2161,-524
-53,-2120,-463
5,-5624,-1096
90,1640,1822
-23,3820,722
-38,154,-590
26,1185,-44
-83,-4421,-832
22,-1666,823
50,4543,838
-35,1708,-109
12,678,-981
-39,-1211,264
-56,-6049,-154
49,1507,306
27,5394,878
-60,-862,-1282
38,-4008,-322
52,-654,-14
3,1679,1134
51,1304,368
42,1411,-698
-81,-2045,-1447
24,-3849,899
89,2562,645
-17,2895,304
-37,476,-354
45,-1714,-1075
12,-1634,-11
0,-3300,1017
86,5124,-83
-15,3820,-616
-60,-3601,-234
39,-4677,-1294
2,552,1456
-12,1009,-118
44,2918,-818
-8,1513,-201
-50,-7846,-804
46,-2399,-742
47,4265,787
-51,3467,-87
-2,-2695,-1926
50,-1681,127
12,-674,1266
12,1226,278
84,3715,60
-24,-492,-984
-53,-5701,-1769
72,-1535,1058
63,4284,513
-54,1765,-110
18,-1274,-934
2,-1894,-1453
-59,-3940,942
9,4033,1246
65,4492,-942
-77,-4800,-1335
-43,-6463,33
60,2705,185
17,7835,-119
-97,-2643,110
4,-7292,-2085
61,398,916
-7,2372,1398
-45,3794,-659
33,-1950,-1076
42,-1498,-578
-44,-1208,1393
13,1163,680
62,4626,-1055
-51,-2513,-2271
-64,-5958,837
32,-1265,-1001
55,6369,455
-58,1649,-55
-64,-6134,-2402
6,-2929,-1438
26,501,1558
-51,2255,629
-30,536,-1236
10,2197,-404
-132,-5322,-1315
-85,-4896,434
-17,4060,179
-138,6174,-330
-172,-4364,-1269
-68,-6573,-1827
-74,1354,-125
-123,1491,1034
-31,1831,-1204
-78,1132,-1365
-130,-5558,-227
-29,-2912,-661
40,3422,-517
-51,2703,-152
-67,-3213,-1039
11,-3477,-2255
7,1415,767
-33,814,-46
16,-2050,-612
97,-1432,-1130
51,2336,-1390
-44,-3410,-623
-13,-3401,-432
72,985,-920
5,4475,97
-58,-4028,-546
-8,-2864,-1525
47,-179,296
24,1611,-430
-54,90,685
31,-1522,-601
66,-268,-1135
-8,537,-119
-47,-537,139
-2,-537,-268
94,537,-280
5,447,101
-89,-1163,-134
-26,-4206,-1540
66,2416,578
34,2417,-19
-26,-627,-474
-35,-2506,-158
61,-2685,-1666
34,4386,1106
-38,1342,-145
-56,-2953,-795
-6,-4713,-872
34,1312,-808
-40,1611,290
-57,984,-145
-11,-4721,-1326
45,-850,-1419
48,1775,20
20,2901,751
-34,1701,763
-14,-5231,-1982
21,-3504,-1146
50,849,-600
-12,2729,876
-60,-591,-497
-66,-2761,-831
6,-1160,-741
53,-2007,-785
55,3309,274
24,1805,347
-38,111,-434
-7,-4084,-1247
25,-1981,-698
59,-20,-559
17,4395,774
-20,339,-507
-84,-2319,-455
-65,-4748,-458
19,-584,-425
74,2875,-861
5,2400,165
-22,-2254,-581
-54,-4040,-348
28,2131,31
59,446,-1045
36,1568,-686
-25,-1046,745
-60,774,301
-52,-2609,-796
8,-2675,-895
50,-2458,-1681
48,1742,1378
3,3617,-422
-10,-132,-395
-35,-2576,-356
-41,-4274,-644
30,-510,-927
21,1358,54
44,832,-1040
-12,602,-445
-40,-120,717
-63,-1035,-62
-7,-2266,-1307
26,-2293,-382
31,164,-672
64,3659,-85
13,1981,436
-14,-195,-556
-56,-4011,71
-21,-2130,-80
28,2646,-435
36,-552,-868
16,988,-230
-5,51,11
-26,2581,355
-43,-240,-108
-7,-3147,-491
-39,-2768,-243
-2,-273,-115
27,3065,-473
-17,538,267
-64,167,-35
-87,-2054,73
-72,-458,135
-46,-2177,-1229
31,-879,-1800
-33,-1604,681
-20,3402,-37
-68,2281,154
-68,-3158,-759
-95,-4412,-1163
-32,-356,815
8,2438,-1244
2,2499,-845
-10,-1039,391
-53,373,-32
-77,2110,255
-30,-2883,-784
-49,-4563,-1346
-38,-964,-663
-11,1094,-237
13,1731,-1018
-45,414,-64
-36,-132,841
-66,576,-24
-44,-1216,-340
-90,-2246,-279
-48,-1525,-47
-21,-318,-279
12,-423,-1013
-28,-1098,-731
24,1345,1124
15,2361,-438
8,1108,22
-10,-725,253
30,654,320
-5,703,364
-8,-82,-291
-2,-1915,144
-31,-1202,637
-33,2060,-133
-23,-3249,-617
5,1223,-222
12,66,94
15,-83,-43
27,-458,106
-4,907,265
25,2440,339
14,891,-494
-2,-306,642
0,1600,781
-7,1947,-406
-24,-1328,705
-48,417,539
9,1896,73
-52,361,498
-72,-828,825
-26,-53,368
-40,3065,510
-11,-4175,-40
-58,-2521,-241
-22,3948,1088
-9,171,338
-68,-1588,-278
-19,2518,1215
16,714,566
15,-91,-340
11,-192,987
13,430,-56
-24,68,-389
7,-861,322
21,1959,-674
-4,-462,868
18,-1719,824
-5,4060,750
-19,-153,440
-10,-2247,-244
-5,2105,687
-16,1871,575
-26,-939,-63
-48,282,57
21,2295,1006
-12,-1028,-185
-1,-1132,21
37,1664,445
14,-1960,-1243
0,161,583
8,2882,447
38,-3608,425
28,2781,444
52,1400,-83
31,-3105,657
41,2993,559
63,-1273,-195
110,1433,1168
181,385,289
176,-1322,194
169,271,-93
138,-993,-976
106,1226,416
118,4130,404
87,-2991,-592
104,3048,1486
90,-245,-11
26,-528,728
81,1986,597
5,606,587
-2,-774,713
21,1369,314
29,1730,1057
-25,-2346,384
19,-1484,375
38,794,788
77,-355,-253
59,-293,882
85,3238,319
63,3616,679
-6,-1076,222
-45,-1584,1126
21,1244,585
30,-1556,-402
26,283,-133
30,2689,889
-32,1368,1442
-28,-776,444
-38,-2262,382
60,894,609
3,2662,489
-36,4561,1727
-72,-3132,720
-9,-3130,-1097
49,3488,1614
6,5728,1678
-76,-895,494
17,-2685,554
12,2148,132
-72,1342,1132
-108,-1163,90
-58,1879,323
-11,0,-1405
-64,-179,1564
-30,-1253,295
39,358,-63
71,1163,490
-6,2238,3
-110,-1074,263
-78,-1253,-182
15,-805,-46
12,805,791
-35,89,697
-56,537,1511
-20,4028,-1324
21,-1432,217
-33,-2238,-126
-31,-626,2442
-8,1700,1475
23,4386,-1516
57,-1343,-208
4,1164,483
-11,-627,2242
1,-268,327
16,2475,291
60,3683,289
-23,-947,-102
-43,-4943,595
16,-984,246
66,5151,691
-2,3862,357
-64,-1234,164
-34,-3922,129
58,-2604,-501
89,4933,1857
11,3516,1012
-46,-357,644
24,-1934,-241
64,1411,-431
51,1047,713
-34,-3080,1067
45,-640,459
99,5012,181
15,4048,434
-49,-2296,324
21,-5106,-170
79,1110,445
29,3940,1270
-48,-923,152
-35,-815,-266
63,2906,228
-43,-885,652
-55,-3153,-337
61,714,18
52,3343,1054
-37,-867,763
31,396,-286
95,2547,635
-47,-48,196
-10,-1693,64
105,1228,524
1,1235,394
9,-1633,514
95,2394,333
-6,121,531
28,-994,468
85,1310,-62
-47,1702,761
-32,-1747,270
40,328,-51
-58,198,312
18,-662,765
61,2556,791
-21,627,801
29,-218,165
57,3231,22
-12,-1204,1167
53,-3163,-244
93,2097,257
-44,932,1836
-29,1950,167
91,1827,-693
3,-1450,369
17,-2609,-224
192,581,-60
140,2476,1237
84,-893,-92
175,-408,-678
115,1985,1404
24,-586,-140
104,-1580,98
114,2325,783
31,-444,-103
77,-1711,481
122,2534,145
-17,92,15
40,31,580
63,174,-733
29,-1749,-821
119,513,1557
19,-403,-342
86,32,-490
36,1473,1184
-50,-143,-774
42,849,-755
-47,-2496,757
53,-1577,-1071
27,1566,1011
-1,1365,239
53,1896,-480
-69,-2552,403
31,-3019,-1317
-22,-871,-995
5,1615,1999
-22,2730,-618
-48,-180,-1285
40,-1858,708
-49,-3949,-958
40,2821,325
-31,2976,926
-9,200,-1882
-34,-4695,-890
-52,-2977,607
54,4176,193
-75,1494,-470
27,905,-517
-3,-5344,-1161
5,-891,1069
30,3088,289
-103,760,-1396
9,-1416,-470
-66,-3295,-854
-20,-316,-721
41,2636,1207
-86,449,-1006
-9,-2754,-1579
-82,-497,232
-162,-2330,-1633
-172,-328,76
-264,1253,347
-237,2750,-1590
-327,-3934,-1117
-196,-5496,-1488
-237,1610,497
-155,4509,-576
-140,-2618,-2175
-161,-5889,-2063
-37,1245,1271
-109,1856,-946
-29,-1969,-1608
-22,396,-277
-67,-2738,-910
39,-333,-421
7,-221,-577
-49,-2219,-1245
26,37,-1028
-77,-2975,-874
33,-358,-1664
-75,-179,-317
-33,-1969,-1634
-5,-806,-1391
-53,-358,-173
62,-447,-939
-56,-716,-566
41,0,-34
-43,0,-569
16,0,-356
-57,0,92
-13,0,-558
22,-89,-72
-20,89,141
12,0,-67
-8,-268,28
44,89,-203
-36,-2058,-599
82,-985,46
28,-2327,-1336
84,3670,473
-23,268,-15
32,806,-581
-71,-537,271
-12,-1701,-110
-57,-1611,-1337
67,-2864,-49
9,806,-1243
10,2864,-208
-88,716,180
-41,-895,-89
-87,-5112,-1627
-20,-1908,-547
-24,-198,-914
-41,3474,-669
-116,611,-86
-134,-1942,17
-130,-3755,-1664
-59,-1356,-734
-26,3279,-662
-133,1869,628
-81,-555,-223
-96,-4213,-963
51,0,-78
-43,2730,-572
-104,-1019,172
-117,-1996,-748
-79,-2198,-616
25,4081,-293
-113,-85,-233
-12,-2607,72
1,-1808,-1330
96,2688,284
-79,-119,436
25,-1921,-623
11,-2649,-1079
80,4380,339
-107,-1333,-442
35,-3223,-114
34,1608,-651
76,2805,128
-106,-2340,451
2,-2073,-153
-3,-882,-942
72,2434,-385
-94,1587,1024
-59,-2963,-715
-23,-1231,-283
64,1721,-113
-68,2410,431
-30,-2972,124
-3,-2062,-187
97,2511,-693
-60,1708,500
-78,-3022,-561
-45,-1438,-72
41,1957,-602
-68,2231,179
-65,-512,688
-49,-3532,-356
47,-192,-904
37,3629,589
-49,649,646
-5,-2688,-305
-29,-948,-102
92,1951,-74
-49,2772,184
7,-83,1222
-84,-2966,-860
127,-1175,-286
34,3743,523
36,2109,422
-109,-2109,997
66,-3432,-616
97,2617,570
59,3733,668
-34,-2416,884
-27,-2322,-88
132,697,-173
151,2091,699
150,4147,1187
80,-4738,516
268,21,-534
199,4349,882
66,2241,1609
-9,74,416
16,-4168,-451
47,-72,-220
40,3131,1073
5,3162,963
-23,-1092,998
38,333,317
40,-2551,-5
208,-333,635
194,4091,673
150,3580,1488
182,716,1521
73,-2596,931
158,-1611,-3
142,895,871
71,2059,598
117,3490,831
8,179,1220
12,179,198
-14,89,203
-23,-268,653
38,89,-92
-48,0,314
56,-89,137
61,89,-48
76,-89,835
158,895,466
99,2774,249
120,2954,1279
99,984,809
-6,-1879,1208
73,179,1202
20,2382,1038
19,-1398,479
62,1915,1399
-23,74,385
60,-148,538
1,962,934
35,-629,-266
62,1897,1099
-14,-492,433
104,3030,148
-3,-275,1160
58,299,166
72,2813,795
19,-1125,1329
116,1460,-289
26,-146,384
93,1117,1368
103,1753,270
60,-138,480
154,1019,1264
93,-86,40
123,-1296,1009
190,1831,642
85,-1434,-106
154,1193,1757
76,530,199
49,240,-421
106,882,1592
-6,-60,-157
86,707,-539
-9,746,1836
57,156,-902
42,1531,306
56,-969,794
42,-236,-464
27,653,1216
17,839,-42
-31,-987,-976
13,1564,1537
-46,-1362,-750
45,565,-570
-31,-363,1157
31,916,-564
-18,-1199,-736
30,1084,1331
-24,-1151,-1221
18,946,451
-39,-852,273
-11,242,-1181
-42,-1080,820
-7,582,-830
-16,-1375,-1364
-11,482,1398
-35,-284,-1214
-13,-583,-989
-50,-587,1307
-3,-871,-1437
-73,-369,-674
-41,257,560
-132,-1233,-1657
-109,-312,467
-179,-743,-866
-219,-639,-1191
-312,94,371
-408,-509,-1206
-330,-415,-1694
-382,-1904,182
-269,271,-1053
-217,-125,-1298
-181,752,99
-173,-2198,-1596
-127,143,-1129
-136,-1234,-333
-100,-141,-1351
-70,-1302,-361
-13,340,-1060
-75,-2748,-1273
51,924,-1021
-55,-2144,-767
30,-1423,-1774
4,-716,-229
-81,-2237,-1180
-3,-90,-1171
-125,-1969,-491
-34,90,-935
-61,447,-193
-78,-1700,-418
1,89,-320
-108,-536,-153
-9,89,-365
-69,-89,-462
-99,-1164,-473
-102,448,-365
-121,-3312,-1272
-47,269,-1147
-85,-179,-830
-85,-3818,-1808
-63,-185,-981
-105,-2255,-1023
19,-1328,-1750
-30,1254,-105
-51,-2357,-1083
28,-1046,-1064
-76,-1189,-695
-78,-2034,-1319
12,1275,-715
-131,-2008,-1079
-92,-1229,-1150
-19,18,-328
-102,-623,-843
-38,-432,64
-14,2775,-714
-88,-490,-85
-50,-1056,-937
6,1093,-528
-93,-980,-426
-32,-633,-990
-27,-208,130
-130,-1788,-46
-37,-4566,-2051
39,282,-381
-39,-141,136
-9,-1736,-1050
107,2578,254
34,2612,28
0,-76,-77
43,482,-167
-22,-241,-14
-39,-4632,-237
0,-1679,-162
84,353,-724
-36,413,-120
-28,-731,-243
12,2606,-360
-10,2713,1035
-124,1062,-314
-52,-3365,146
-4,-1617,-139
-55,-1352,-770
-46,-1015,276
48,1974,-45
-1,4413,248
-97,707,1071
-56,-1742,1007
-32,-1194,-985
-45,538,614
-56,-2587,-421
77,-184,-368
85,4717,1664
-29,2730,361
-81,-2910,701
29,-2250,106
106,1976,-444
57,2993,364
-16,571,964
12,-772,-215
26,-1203,716
8,192,982
52,-1131,-1202
137,4030,813
147,1635,391
87,-2301,1112
215,-2642,506
346,5465,890
189,335,1491
192,-1171,851
258,1849,-4
217,4208,1441
75,-1358,1531
128,-5191,-748
320,4710,350
131,3220,1614
69,-1324,1372
180,-2411,-70
122,713,939
206,5288,1057
44,4475,2060
-23,-2775,1192
18,-2746,439
21,703,-144
119,4370,1580
19,716,418
67,2685,1602
-35,0,1596
62,179,-25
-72,-179,217
18,0,650
-40,-179,-226
60,179,409
-9,0,-38
48,895,-1
3,1879,1187
33,-89,302
46,984,573
10,-1969,762
73,2506,1044
-23,-1969,860
62,1074,451
-16,-1521,12
125,1790,652
3,-1074,-46
61,1879,160
5,3497,2033
27,998,-289
1,1664,1026
55,955,897
44,1160,561
21,-792,544
64,-254,948
36,-884,-382
90,37,429
8,366,645
104,-142,-468
19,-779,911
89,1288,7
16,57,-540
65,1801,1728
22,738,-148
58,-191,-133
-4,951,1288
74,2089,-299
19,-335,576
82,1430,1211
54,433,19
88,-1131,805
142,1225,835
116,-980,-451
180,-810,1325
133,-1802,-827
266,1677,-108
113,334,1477
200,677,-369
89,1354,1
111,1106,1202
27,-207,-386
76,939,1111
17,-369,201
26,321,-782
-16,193,1331
0,-514,-669
-7,883,-513
-2,-209,1436
-35,48,-605
23,-625,-383
-17,-564,1257
19,208,-1365
-35,-294,265
-12,345,87
-63,321,-721
34,208,1219
-39,-632,-599
-10,-69,-1141
-48,-363,999
-4,-605,-1229
-39,-139,-898
-2,-356,981
-24,270,-1247
4,-308,-214
-15,-471,100
-57,-1670,-1420
-6,-147,774
-155,-2126,-1525
-238,-167,-1489
-452,-285,765
-518,1910,-1167
-433,-2100,-2601
-438,-5074,119
-293,2033,-776
-275,879,-585
-194,57,-720
-209,-2341,-1395
-137,-1405,-563
-99,-1969,-835
-74,-2864,-1840
30,1969,-576
-55,1163,-856
-47,-3490,-1536
22,895,-516
-67,-537,-823
-9,-1969,-1071
-57,89,-168
-72,-984,-636
6,0,23
-94,0,-117
-34,-179,-643
8,-268,-169
-96,-1343,-398
-11,-2506,-1442
-15,2775,447
-132,-3222,-1003
-5,-985,-829
-107,537,-718
-113,-3541,-2056
-44,73,-810
-139,-1774,-1154
-29,-111,-935
-108,-2455,-846
-110,-668,-1098
-27,980,-551
-157,-2940,-906
-86,63,-1022
-83,209,-505
-166,-2665,-1017
-45,528,-1123
-91,-829,-459
-53,-1041,-963
-74,18,-483
-116,-1831,-1280
-52,593,-516
-43,1272,-82
-76,-999,-1070
-39,1086,-588
-141,-1278,-531
-100,-1245,-1429
-29,1181,-305
-130,-1572,-499
-56,-1563,-715
-9,354,4
-109,-1211,-680
-28,-3195,-497
-27,283,20
-100,-1455,-1224
-36,807,-8
-36,1754,-467
-58,577,-483
34,1718,745
-56,-624,-275
-48,-4436,504
97,192,-30
115,4109,-483
-35,2404,1516
20,-1036,1069
57,-1942,-1000
18,-1467,360
103,531,179
184,3914,645
220,-1919,1380
401,3857,67
299,328,1528
355,-5321,1028
618,5356,523
322,2630,1255
320,-3587,-673
266,3248,1161
103,-585,896
155,-4278,-258
132,4787,396
-24,2155,684
-3,-1891,-32
95,-2133,155
111,3313,-93
58,1025,789
24,-2111,487
12,-2487,-536
70,2487,864
15,2575,220
-88,1692,742
-83,-385,519
-24,-3693,-787
41,188,261
-63,688,589
-32,-230,-102
102,648,336
45,1971,-133
-14,813,621
-23,-789,730
27,-523,-989
76,0,173
-24,3151,1484
-43,-28,469
4,-4051,418
55,3315,190
-43,2846,970
-59,-2704,169
42,1047,97
-16,1620,549
-51,-1368,511
49,-1469,38
45,3613,778
-40,1373,1201
7,-2297,-864
38,555,1433
-16,4427,1185
-46,2416,1262
-43,-3938,-693
30,-1163,-639
-47,5012,1144
-89,447,1031
-60,-7349,-408
-34,-3068,609
39,12207,1046
-24,626,-2191
-48,-2237,1738
-10,-9888,-38
10,11499,2787
26,11103,-695
-79,-26541,-3514
-31,15438,6714
28,7993,-1431
-77,-16393,-1336
-29,20352,5689
-37,-11594,-4382
-79,1342,3531
13,7439,-869
-61,-10839,1931
-7,9619,-725
-19,-6845,1817
52,11727,-3556
-50,-13427,2463
50,6533,3088
10,6837,1278
68,3384,-6978
-52,-15949,7718
103,23308,2001
10,-11761,-1697
45,-8236,-3987
5,1253,9635
103,23551,-8148
-26,-28294,1835
44,13381,4847
62,7393,-1886
-12,-21937,-8538
5,18862,12833
51,3348,-6049
4,-10614,-1043
-54,-10522,-65
73,33892,6365
-51,-33803,-9598
-1,11018,8701
-31,-1657,555
53,20293,-6165
-63,-29743,3471
13,15254,1624
48,14740,-3995
-103,-36349,285
92,35017,7471
-23,-10817,-4429
-44,-17935,-3786
79,28155,10404
16,-26634,-11961
8,8019,5682
8,6057,-1503
-32,-11659,146
43,15049,2202
22,-53,-2661
21,-17234,448
88,13876,4108
85,6243,-1305
-2,-13425,-2812
4,37,1588
52,9202,-93
8,-8500,-2644
22,-3495,2054
95,13903,2551
49,2910,-1620
-50,-6813,1132
-46,-5174,-2
63,5676,1923
16,4990,-1109
64,-6809,-1649
47,-1200,1198
-16,8789,2774
-105,511,-617
-24,-2448,-1753
-23,-3749,1217
-26,292,636
130,4309,614
3,1912,794
38,-1864,-583
13,321,433
-32,-417,-401
19,994,-249
-23,-481,440
2,32,-846
-5,-1470,-668
-26,-242,455
1,-1204,-593
-66,1135,444
-17,-1135,-636
-45,-848,-849
60,-1669,-82
7,-1853,-982
54,2669,278
33,1230,584
-20,151,228
29,2077,248
-61,-1107,863
42,2330,339
-61,-2209,463
-17,-1336,-162
14,565,-469
-22,-1764,246
58,1217,-657
2,-1426,-358
80,1860,865
24,-302,-391
-3,-701,559
29,61,-310
-14,-333,-652
3,615,866
27,1037,-586
-31,-1819,-668
31,-606,246
-33,-147,-201
-9,711,-167
-31,2939,831
-77,-1568,-996
29,-1538,595
8,709,-112
-80,-2174,454
-29,1235,739
26,5183,-671
-2,-465,-605
-34,-5387,1025
66,-423,787
124,4981,266
-6,3464,64
-113,-3982,-833
-51,-4145,57
33,3051,899
-22,5587,936
-116,-1885,-1111
-65,-2972,-1669
-28,-843,-332
-88,-1767,1155
-58,167,-782
-10,4073,-666
-133,-1578,-515
-62,-4603,-1800
41,-1236,436
-24,3282,694
-41,-920,-676
15,188,-851
-20,564,-256
-47,-3186,-175
66,-524,-403
58,1689,-426
-70,-1046,-452
14,-1463,-706
24,1320,-572
-96,-1886,152
-44,-2369,-978
70,2709,-763
-26,848,737
-23,-2854,-551
45,-1110,-283
84,1036,-613
-4,1542,-87
-18,-2430,27
20,-591,-710
25,1812,-205
-88,-1516,337
-6,-2104,-799
48,2141,-208
-51,369,373
-27,-3047,-914
63,537,-198
46,3028,89
-99,-2402,-186
4,-3401,-724
56,1969,-440
-32,2392,384
-52,-4808,-120
49,1790,-834
-3,-895,10
-75,-1522,196
71,448,-1721
25,2953,633
-34,-1432,-38
83,-358,-1203
-2,1880,271
-52,-3759,-1071
38,358,-829
-50,-358,136
15,-1253,-836
54,2148,802
-90,-1253,-359
21,447,-600
21,-268,228
-49,-895,-272
36,268,-415
-40,-716,280
-16,-626,-599
63,537,47
-54,-448,155
8,-268,-381
40,179,239
-40,-179,-119
29,0,-395
-62,0,343
12,89,-382
-16,179,-381
-80,-268,511
0,0,-565
-71,-89,195
7,89,-268
-13,0,-471
-76,-537,679
21,269,-409
-65,179,454
-28,-1164,74
42,537,-371
-68,269,343
16,89,-3
7,358,-248
-52,-89,161
38,-1611,-947
-15,716,233
-39,-1611,298
68,1342,-404
-1,627,-119
-74,-3491,-342
68,-89,-1041
-25,2058,1023
-30,269,-329
64,89,-23
43,1253,-47
-39,-3132,-94
11,-2238,-370
50,2417,-106
24,3490,354
31,-3132,-4246
11,-2059,1636
31,2954,2883
37,3221,-321
-18,2864,-183
-17,-10918,-3292
-26,-2772,2119
81,10558,1647
14,6981,-434
-28,-7697,-426
26,-5638,936
44,4654,-235
53,5190,582
-16,-4385,-3447
-20,-11490,1171
116,13996,3264
69,5777,-131
6,-7836,-1826
0,-8853,-1017
9,7869,3310
63,10447,786
-32,-8299,-3959
-49,-11496,712
57,11227,2613
-5,5460,-1336
-61,-9039,-930
-10,-2417,1786
11,4922,1253
-9,1611,-1545
-28,-7428,-2056
2,-5800,1408
33,10991,1654
44,1074,-605
24,-805,-892
-18,-7651,-1029
26,1833,1541
60,13783,1100
-24,666,-1205
-47,-8631,-267
-4,-895,2335
13,5101,1491
-35,1074,-1257
-41,-11366,-2116
-21,-2489,659
22,9917,2129
17,1163,-1337
-14,-2326,-1588
-19,-2327,1393
33,2863,583
2,7694,434
-25,-5098,-811
-35,-3401,-157
-4,269,1426
53,9524,782
-48,-4155,-1918
-50,-7696,-25
17,1879,2426
32,5101,-88
10,0,-958
-22,-10202,-2510
22,-90,856
63,6623,1355
7,1700,-1457
-19,-3311,772
21,716,497
16,10766,-125
-27,-3069,-504
-25,-9397,184
19,2505,244
24,10072,839
-57,-10877,-1722
-28,-7845,1092
7,9008,1186
43,-358,-2357
10,-5638,674
23,4565,714
15,7070,-188
-29,2078,-79
-89,-8880,-316
-29,-4206,1775
55,7517,1864
-15,2506,-2066
17,-7517,-682
-5,-2059,228
61,5280,1251
7,6768,-625
-25,-5515,-1360
-53,-2774,846
12,805,1311
-32,8815,312
-44,-9083,-1938
-16,-5728,389
41,5191,2718
31,6802,-1403
10,-6802,-2542
-14,-2058,3546
48,2058,-1011
22,10211,844
-11,-887,-1095
-62,-9324,-1310
-8,-268,806
-3,1879,751
-17,1074,-1933
-31,-4922,966
41,-1522,538
74,7607,-142
2,4182,-479
-26,-7583,-2131
-27,-1252,1324
22,7517,2009
-42,4335,-97
-80,-11047,-3069
-50,-5191,894
0,5191,1025
20,716,-1562
-46,-3759,-1514
16,-268,989
34,5548,746
-28,7161,-73
-64,-9398,-1503
-15,-3759,883
12,9218,2430
-28,1611,-3094
-50,-7517,-809
-28,-8692,369
6,8513,2656
41,5011,-1013
-9,-6354,-3405
-36,-6431,1594
1,8400,1640
12,10100,-1815
-26,-4462,403
-57,-9039,-85
33,2775,1724
-13,3490,248
-21,-2864,-2128
-1,-8030,-275
13,6867,524
75,1879,568
19,-716,-886
21,-4475,-2779
60,-2237,1598
65,6712,1690
53,3759,-794
30,-2417,-972
25,-1879,775
26,448,1272
56,4206,768
-6,2864,-1110
-28,-7160,300
11,-6533,-478
26,6891,1928
17,2953,-370
-5,-3132,-2741
4,-10618,-1882
38,6680,3181
58,7697,1224
-24,4123,-3131
-60,-7882,721
-47,-8585,304
19,10285,3368
-19,3312,-1690
-35,-6981,-2848
6,-7873,1965
51,9574,647
23,268,-2515
-16,-8511,-1686
-4,777,1813
55,8987,2075
-22,447,-1533
-47,-3132,-646
-28,-1521,2168
16,5727,1247
-4,2059,-3617
-67,-10650,535
-28,-2102,2068
34,15258,-1063
-5,-8055,-1916
-58,-11038,1151
53,11843,3734
20,2954,-2752
-19,-13624,-3957
23,2974,3479
61,9576,998
12,1074,-1016
-20,-3848,-1424
20,-2775,1504
20,5817,946
-12,5682,-1278
-45,-12394,-2349
-30,2238,3048
46,12042,739
-43,-10073,-3347
-57,-13874,-410
36,15932,4187
16,-1701,-2324
-45,-11928,-2455
47,1960,1342
84,10058,1018
-24,-179,-3234
-31,-9398,1832
-34,2596,1572
13,15387,794
-75,-7869,-1131
-49,-9670,-962
-20,8149,1799
10,894,-2005
-36,-357,81
-30,-7799,-1374
11,-4281,-614
25,2913,1387
11,9256,-275
-51,-7249,-1803
-26,-6381,-578
17,2083,2190
-9,9131,1384
1,2237,-1068
-38,-10186,-1638
-25,-3646,-667
53,9268,2435
27,6085,297
-18,-7159,-2646
-8,-5758,1188
26,3724,1395
27,8119,2087
-20,6623,-977
-61,-9665,-3354
-33,-7147,3588
1,8937,1005
38,9969,-359
-34,-8359,-2743
-43,-8477,863
9,8030,3259
58,6802,-221
-30,-6713,-1656
-18,-2058,559
29,-358,663
18,2059,-59
36,2774,157
7,1074,-1265
-2,-6802,-1161
63,-537,2150
74,3759,74
76,1342,-914
24,-1342,1237
8,89,203
36,-89,85
23,0,182
29,-1521,-445
19,-2506,-310
28,984,-15
9,2864,579
2,-984,-983
-2,-1701,-2141
-1,269,752
11,358,1578
6,2326,482
-30,1164,-676
-39,-1074,-891
-24,-1074,278
-39,-89,1121
25,984,-96
-30,358,-825
-27,-1253,212
-22,-7764,-1780
14,-1405,1061
38,3978,403
23,6086,796
-47,-1074,-1898
-13,-9507,-1589
15,628,1534
36,7089,1568
26,3043,-574
-47,-805,-1783
5,-9401,-766
18,4299,1772
31,5728,1957
-10,1521,-2168
-40,-1700,596
-10,-5549,343
2,5728,858
24,4743,-649
-41,-4743,-2034
-16,-5817,453
11,5817,2656
20,4922,648
-2,-895,-2008
-35,-7517,170
13,626,897
32,3490,1061
-21,90,-1760
-51,-8524,-1504
6,2617,2799
27,5459,304
6,-805,-1781
-16,-10878,-995
11,2683,1994
56,9448,650
-12,-2058,-2848
-1,-8352,-70
47,9694,2581
3,2237,-1319
-40,-3848,-69
-30,-3132,1335
64,5548,1697
-19,7484,-192
-60,-8378,-1839
-13,-5191,425
13,6891,1297
-16,805,-775
-24,-5727,58
15,-2775,441
39,6086,267
33,179,-315
-10,-4475,-2302
-12,-3401,-360
56,7518,3025
9,5638,190
-29,2571,-2392
-38,-8030,1082
-32,-3401,232
38,4833,1789
-24,3580,431
-17,-2864,-1493
-17,-4117,-115
29,-2953,-344
34,1700,1052
51,3669,-373
23,-179,-1387
-11,-268,251
22,-358,787
-1,447,198
-53,5818,294
-71,-4117,-566
-54,-4117,-235
3,358,1166
38,1969,215
-7,626,-943
3,-1610,-1713
5,-4117,-1162
50,3222,3736
53,4116,-276
-15,4117,-1707
-48,-3222,-39
-60,-3490,25
1,-1969,524
0,2327,1644
6,626,-987
-9,-715,-391
27,-4028,-1322
68,-358,1080
37,4475,447
14,4117,126
-32,-4117,199
-31,-1700,-620
-27,2058,686
18,6891,456
-57,-2864,-753
-67,-5548,-418
-3,-7385,310
26,8548,2043
22,1611,-1373
-24,-2327,-1526
21,-4206,-684
46,3043,2927
68,5190,51
7,4941,-989
-42,-8073,-130
-40,-537,114
-28,90,525
29,805,1532
-44,1163,-1004
-3,-1700,-891
-18,-2058,14
65,984,742
68,2058,-241
21,7083,493
-52,-1623,557
-61,-5997,-1566
-37,-984,-410
14,-805,1125
34,1342,-430
39,0,-805
26,0,184
-10,89,-483
-20,90,1052
4,-179,-497
-45,0,675
-32,0,226
-19,358,-1042
24,-895,-656
40,-3222,785
47,3401,133
41,4743,567
-18,895,-506
-61,-3490,-429
-61,-1969,286
22,-358,565
19,537,351
44,89,-592
-16,895,-863
12,90,598
23,-1074,35
24,268,-376
-14,2954,954
-38,-1522,118
-49,-1521,-944
7,-895,68
11,-1879,-295
57,2237,489
22,1790,67
-15,2953,371
-48,-984,-99
-37,-3401,-422
-22,-626,1671
39,626,518
-1,1611,-1485
23,-1611,-680
-25,-1700,-545
39,1521,549
14,4206,1112
7,2864,663
-80,-5280,-1511
-29,-1700,-200
4,-1969,28
69,805,479
33,1253,-390
30,5459,495
-14,-1432,-261
-22,-3490,-397
-61,-1521,67
-18,984,1657
-13,447,92
16,627,-1488
10,-2953,-1134
17,-806,-251
44,2864,1517
4,7160,1116
-6,-1432,-1753
-77,-5818,65
-26,-4027,-827
40,-358,826
65,4117,278
8,2148,-504
-22,-716,83
-22,-358,-186
-27,-895,96
-15,447,1229
-13,-89,269
5,537,-423
3,-1432,-918
31,-716,-20
33,806,1593
5,2237,329
-39,8347,-1190
-59,-5394,327
-84,-6891,-1049
3,-89,1575
33,2237,139
37,1700,-1652
-42,-1700,731
21,-447,177
-3,805,-734
38,4385,1575
-28,-1074,-111
-35,-2864,-416
-17,-805,-1130
36,-805,-69
24,-627,862
56,1432,139
17,5907,-172
-11,3972,1322
-55,-9163,-1480
-51,-2148,293
45,3848,1687
15,2685,-113
-6,-4385,-1892
4,-1521,-528
47,89,1596
45,1253,457
-29,8565,605
-72,-6507,-1622
-24,-4474,-899
49,268,1058
85,1700,-3
21,3759,-673
-24,-895,1845
-17,-2953,-1336
-45,358,-119
0,1521,1855
-15,1074,-1094
14,-1700,-1627
30,-1969,1175
60,805,-233
12,4833,399
-64,3293,374
-50,-8215,-1755
-13,-4385,929
39,4206,1322
21,5012,-1139
-23,-3043,-818
-30,-1790,-260
-46,0,481
27,2774,1596
-5,0,-512
42,-2595,-1418
1,-895,-619
70,269,503
29,1610,698
0,7015,1346
-50,-2450,-415
-59,-5728,-1586
-10,-4385,-661
34,3580,1745
72,1163,-1198
-10,3401,-133
-38,-985,467
-59,-716,-199
12,-2774,-293
29,-3043,470
52,1969,90
44,4475,81
-14,4922,388
-58,-4564,-606
-62,-3043,-68
-4,-268,195
33,-90,122
59,269,41
44,2863,-34
0,1969,852
-51,-2237,-425
-68,-2506,-765
-11,-447,757
37,268,-487
52,268,-159
27,269,-169
-2,4385,1105
-6,985,299
-81,-4923,-1134
-26,-805,360
9,0,194
58,0,-1020
60,-89,988
-1,536,-237
-8,5460,1743
-40,-2417,-369
-40,-3222,-1704
11,-268,541
55,89,-429
52,537,-181
-10,1164,651
-21,1879,1267
-59,-2148,-1210
5,-1700,-360
8,179,292
56,2327,-140
-15,-179,-84
-18,-1164,-285
-44,-805,844
-4,268,-766
42,1611,-450
13,-179,820
-1,-716,-768
-19,-1074,309
-19,-805,99
-11,358,-45
53,626,-372
23,0,-834
-21,-179,-161
-37,-89,701
-38,179,277
27,-90,768
8,-89,-956
2,89,-528
23,1701,452
11,-1074,-445
-4,-716,600
-46,-895,964
-1,1969,1532
2,805,-1270
11,-2326,-1484
-12,-90,256
37,626,493
-11,5549,1421
-24,-2237,-782
-67,-3133,-690
0,-268,-666
57,0,841
56,-358,-273
24,2237,643
-30,7297,1288
-94,-5954,-1739
-50,-5549,-308
-2,-179,1072
68,2417,-769
42,2863,-161
16,-2327,-728
-16,269,43
-14,-537,263
-10,-626,125
21,-537,317
8,1879,-454
-1,-537,-1708
37,-626,1544
20,-627,530
-3,5996,1082
-16,2929,122
-55,-8388,-2180
-21,-7413,-1
67,5623,914
72,5370,93
-17,-1432,-890
-25,-2148,-643
2,-2506,977
-3,6175,1327
-55,-1432,-1516
-40,-3400,-939
27,-5549,206
61,7070,553
11,6175,113
-79,-5459,-763
-44,-3401,587
-2,2596,721
20,178,-633
31,179,-80
22,-268,-987
10,-1253,653
-9,1521,1052
-18,3580,770
-21,-2506,-1148
25,-9113,-1862
70,4818,1512
43,6801,952
-56,448,-489
-77,-4385,-416
8,-4923,-400
78,2864,-84
33,3401,987
-66,4296,223
-78,-5102,-1235
-33,-7875,-260
44,-179,479
79,7607,440
9,8141,518
-75,-6083,-431
-40,-2595,191
44,-3222,-378
67,1701,-75
17,3490,772
-54,4833,65
-79,-5639,-357
-61,-3669,-703
33,627,-236
61,1879,622
15,895,-425
-50,358,-304
-50,-537,361
-45,-1790,-322
41,-4117,-446
75,3938,666
96,2237,202
18,1432,359
-43,-89,-34
-50,-1790,-156
-21,-5728,-547
27,1611,205
74,4206,915
79,1969,-505
-29,-1163,-675
-31,-716,814
-37,-1074,-274
11,358,-129
-28,179,354
-40,358,-417
-15,-358,-194
-23,-4564,-1505
-38,3132,2622
11,3132,-565
-76,-4653,32
55,14754,1864
-71,-15918,-1654
-55,4654,246
-58,6265,2073
-65,-5191,-1253
-110,-2864,-3245
-125,-18027,-12624
-245,-20899,-20945
-385,-14961,-14719
210,-2404,-8233
517,9618,7204
145,7471,7124
7,5540,6898
-13,5586,5164
-10,7204,6572
22,9654,9728
115,11934,9838
183,3580,6938
156,4833,5278
94,-1790,562
-22,-4475,-4450
-71,-1253,-1660
-85,0,-529
-60,0,-350
-27,0,404
-11,0,-282
6,0,7
31,179,240
23,89,-58
0,0,357
-10,0,-175
-17,0,-256
6,0,422
11,0,-278
4,0,147
-7,0,41
-4,0,