R
StartTickMs,measCycleMs,Px,Ix,Dx,Py,Iy,Dy,Pz,Iz,FFrx,FFry,FFdrx,FFdry,satI,satPID,KFQAng,KFQbias,KFRmeas,CPx,CIx,CPy,CIy,CsatI,CsatPID,CFFdrx,CFFdry,IRelaxX,IRelaxY,DmaxR,DmaxE,DMx,DMy
131497,10,58,70,47,58,70,47,250,0,0,0,100,100,500000,15000000,1000,10,1000,1,0,1,0,100000,10000000,0,0,1024,1024,0,0,0,0
GPT1X,aPT1R,aKFPT11R
-5,-179,245
0,0,-109
2,0,226
-3,0,-74
-2,0,-134
2,0,167
-3,0,-8
1,0,-144
-2,0,64
5,0,107
4,0,-143
-4,0,-99
-2,0,257
1,0,-138
-5,0,-107
4,0,258
4,0,-126
-1,0,-116
-4,0,247
2,0,-111
5,0,-123
-7,0,202
-1,0,-59
5,0,-130
-1,0,150
0,0,6
-8,0,-141
5,0,63
3,0,95
-3,0,-138
-1,0,-50
4,0,209
-3,0,-143
4,0,-99
-3,0,259
-2,0,-141
6,0,-107
-1,0,252
-5,0,-129
3,0,-113
1,0,246
1,0,-112
-2,0,-124
2,0,210
-3,0,-73
1,0,-125
-6,0,181
5,0,-42
-4,0,-129
6,0,144
0,0,0
-3,0,-134
-1,0,89
5,0,61
-3,0,-137
3,0,23
4,0,124
-7,0,-138
1,0,-16
-2,0,165
-2,0,-142
2,0,-99
-2,0,255
7,0,-143
-3,0,-105
-2,0,257
-4,0,-146
4,0,-107
0,0,248
-3,0,-132
5,0,-108
-2,0,241
-1,0,-125
5,0,-113
-6,0,242
5,0,-120
-1,0,-117
-1,0,238
-1,0,-116
2,0,-116
-4,0,222
8,0,-100
1,0,-117
-8,0,227
2,0,-100
-7,90,-75
10,-179,234
-4,179,-178
6,-627,-167
-17,716,269
15,-89,-13
-22,89,-381
21,0,349
-5,-89,4
9,89,-40
-23,0,234
-59,-89,-237
48,268,82
14,-1521,-139
24,-269,-692
11,179,-37
4,1432,709
-36,0,-19
9,0,44
8,-716,101
2,448,-23
10,179,-60
-3,89,104
-29,0,-70
13,-179,-147
-6,90,146
8,-448,-64
8,-895,-428
12,-179,118
-6,716,-290
-4,895,234
14,0,143
15,-1342,-27
3,984,8
-14,-1163,91
11,1521,-839
79,-2595,331
-23,1074,-2036
22,537,1981
-1,1879,-263
20,-6533,-522
15,5996,1470
-42,-358,-2859
-8,-1700,2515
31,-3670,175
-65,12888,1702
39,-8860,-1548
6,1700,-117
59,-4117,-28
-27,5101,83
22,-5727,-471
-7,7696,2229
-14,-3311,-1513
70,-716,164
-26,5012,521
-10,-806,-1121
26,-5727,-153
-12,2326,735
-30,4296,509
4,-7786,-2782
41,-4481,1857
-49,7345,569
-30,1163,-375
61,-1700,-127
58,-7363,-1493
27,2262,981
-22,3848,-483
-29,2148,720
-58,-179,-33
42,-3222,-635
26,-3848,-871
-15,2864,952
-14,3759,721
-88,1521,-345
-72,-1163,-1932
-21,-448,-8
-34,627,1861
23,894,569
-17,1969,-523
63,-2058,-259
26,-1611,187
-11,-3759,-699
-49,269,-1306
-10,3401,1634
14,1700,645
40,-269,-729
48,-894,248
-11,-4475,-643
-78,4385,81
0,716,644
28,0,593
-19,-2864,-774
-35,985,345
28,1879,614
123,-2148,-442
-8,448,-306
-74,1700,389
-19,358,-740
40,-447,66
-42,-2506,-247
-92,1700,-1162
-7,537,858
45,-1163,82
-33,-4923,-1296
-102,5281,412
17,805,919
51,-1790,482
-73,-1432,-744
-63,3312,14
38,-179,240
-5,-4117,-289
-77,2327,213
-1,2237,270
47,-179,-479
-39,-4027,-686
-71,1790,-481
36,2058,1365
43,-3222,276
-70,1343,-208
-35,2237,441
48,0,463
-24,-3401,-308
-121,2417,-114
-35,1252,690
29,985,-230
-52,-1432,-18
-25,0,-111
-27,90,94
30,89,413
-18,-4833,246
-71,806,341
-75,6443,94
-52,2238,-1694
48,-3938,607
38,-1253,878
34,2237,1782
30,-626,209
11,358,-1830
-21,-3222,-938
15,-7497,-1764
-70,7139,3628
-47,10511,747
-5,4721,-547
45,-12368,-1892
76,-3043,888
35,358,2473
-19,4922,-1880
14,-2953,-1136
-17,-4385,-1699
22,-5642,1572
-52,9311,837
-26,3848,-606
-16,-1879,-1066
6,-1969,-381
2,805,1178
-7,10270,1863
24,-1442,-2206
66,-8917,-856
9,-537,2206
4,2058,1632
-2,3043,-3495
13,-9218,-1471
-3,-9013,2497
-36,13220,-356
-56,805,-1304
-23,1790,-372
26,-11953,-2306
-29,8463,2928
-25,7070,269
11,-4386,-2855
74,-10037,-41
29,-3794,1164
-35,12757,1422
-52,-626,-2111
-30,-10260,-2918
-29,-2069,1050
-55,12687,2252
-48,5101,-646
15,-5190,-2655
47,-7608,2646
11,7697,1239
-25,0,-823
21,-8548,-1480
5,-7329,-1213
-26,5924,1000
-80,9953,1266
-47,-5012,-2928
23,-3240,-290
10,8073,4394
-2,4743,-449
14,-4653,-2891
56,-14529,-230
19,-261,3203
-56,12642,-1416
-60,-5645,-4832
69,-7069,957
-7,7143,3494
15,13715,802
32,-5996,-3853
112,-13459,-577
48,-2685,1288
-11,7316,712
6,4711,-2084
65,-4711,814
85,-2950,-2059
72,6229,3285
18,6085,-536
115,-1252,-1503
147,-14905,-2089
97,-899,1591
48,11508,1399
23,-5295,-3476
62,-5063,-1519
24,-2297,-809
-3,4399,1738
8,11925,1426
25,-716,-1869
77,-13520,-1421
75,-3313,1700
-14,7057,-2217
-27,-1457,-1273
-10,-11995,-3394
12,1322,2697
-57,14545,1666
-19,7182,-1076
70,-15203,-1196
59,-6467,1863
-48,8454,-2672
-38,-1547,-1288
-12,-11608,-2819
-8,4786,2728
-46,12922,1433
6,-2819,-2257
82,-10316,-677
58,-3439,2141
-23,7667,-2961
-36,2974,-590
-32,-12654,-2360
-19,7305,3263
-41,9500,1195
67,-7874,-3431
66,-10865,720
-30,4373,1134
-95,6998,-1246
-29,-5582,-2605
30,1461,2127
15,6298,1152
28,-4204,-1726
44,-11665,1056
-60,4647,-453
-90,13809,-691
5,-12020,-3599
84,-2684,1767
-20,7206,4171
27,1426,-4459
1,-13295,-2862
-50,665,2514
-66,11791,85
-11,-5241,-3023
59,-4178,1728
50,7512,2222
23,-2932,-3300
18,-8999,-1575
-52,4696,1534
-75,10880,415
44,-8364,-2770
57,-1397,3643
5,8609,-108
-38,-8707,-3773
9,-10198,1995
-90,9976,-1258
-35,3055,-1305
52,-5746,127
33,4521,3028
4,4121,-3367
25,-13590,-1002
3,-3607,581
-80,11654,913
-6,-2945,-2305
36,1175,1952
-18,11154,1672
68,-8143,-2632
93,-12589,341
30,4479,1733
-62,7781,-1849
-10,-3046,-645
17,1885,1158
17,7702,-1626
108,-10552,44
90,-1650,3626
30,7661,49
7,-5750,-3769
78,-9869,-170
-42,9888,1392
-19,5042,-984
80,-7046,-596
68,2252,3159
38,5827,-2198
82,-13908,-563
27,-703,633
-47,9171,-596
33,-6785,-2298
41,4869,2799
26,8998,359
124,-8528,-1836
166,-2554,868
43,7436,1716
104,-4418,-2747
104,-10583,796
44,8105,1144
35,1910,-1221
94,-8712,-115
42,13936,2593
26,4890,-1577
117,-10348,-7
36,7076,2412
53,-7180,-1915
75,-4833,703
-58,5574,1486
-41,-4108,-2886
-3,6672,2230
-31,3013,-990
53,-4698,943
29,6401,3015
47,-8808,-2915
-3,2119,1872
-85,-108,-2241
-7,-3641,526
-60,10515,1717
78,-5530,-520
-24,8154,2551
56,-9845,-2288
-7,743,1652
-46,-714,-1637
-20,556,792
-69,10123,0
32,-5067,1765
8,6777,608
47,-13210,-1230
-41,6422,1246
-89,-3445,-3414
-66,6055,3279
-69,3130,-1126
6,-7793,1841
-146,4221,-53
-182,-5201,-1715
-224,12254,2837
-83,-8830,-1454
-141,-1970,1594
-251,8159,827
-59,-3552,-224
-16,1484,2522
-154,5010,-1169
-53,-2637,387
50,-5537,931
-89,7741,1713
-128,4366,-993
24,-6057,-374
-3,-3708,1730
-135,7153,1074
-30,5077,1314
71,-6492,-1129
-47,-2672,-530
-4,3709,1902
37,-1452,1198
-99,3210,65
13,4065,710
93,-3047,-32
-30,-666,108
-38,2836,302
87,-2218,1351
-53,-970,-91
-45,5057,1052
75,1146,650
-45,-2393,-157
-12,3502,898
74,-1664,466
-15,-1046,-305
-69,1490,1001
69,-555,463
-32,-1925,-47
-99,3811,779
58,3219,2381
-15,-3663,-531
-60,3484,-54
55,3848,2037
69,-5012,-142
-61,895,-602
0,4296,1630
73,-4117,610
-43,-358,291
-64,4744,571
46,716,864
37,-2596,-422
-76,1611,455
-26,1253,498
69,-179,-125
-33,-447,345
-81,536,-115
63,985,340
57,-1163,136
-69,89,-69
7,1253,575
72,-1164,-34
-24,-357,-125
-57,1342,237
35,2595,955
63,-3043,705
-50,-179,-773
-55,2327,-124
62,2864,1885
15,-3938,-565
-71,4207,435
35,3676,1581
75,-3318,-765
-20,-4117,-356
-57,5919,422
47,-1355,1241
33,-5280,-668
-68,1700,-23
19,3491,1218
93,268,1743
18,-4654,-554
-88,4386,-509
13,2294,1351
46,-2831,367
-57,-1880,7
-47,4859,-661
57,296,1661
66,-5602,105
-67,626,-869
2,5013,1001
59,1035,1119
-38,-2144,111
-48,2843,-299
17,1159,415
57,-3263,858
-21,-2674,-816
-53,5174,910
47,1159,595
45,-2439,241
-97,1959,-290
-21,3670,413
66,-1616,780
14,-3865,-455
-72,792,1298
2,4564,-430
46,-1729,475
-34,48,119
-73,3440,-199
15,2041,936
66,-3173,342
-1,-3578,-78
-80,3286,-40
10,3413,834
59,1017,668
62,-3232,0
-44,1168,186
-15,3107,105
67,-2475,490
42,-2016,299
-52,970,-340
-26,3872,773
75,1038,834
-5,-4760,-1389
-61,-452,299
-27,1625,237
46,963,1467
58,-134,239
-25,-3749,-727
-48,3835,49
56,-241,274
31,-4753,-69
-86,1159,-1354
-70,3023,1312
21,2461,996
44,-1441,191
-27,-2446,-1126
-67,3797,1457
63,993,-100
58,233,680
-19,-684,-38
-81,4122,134
-19,-1269,107
12,-2417,427
-94,-2934,-300
-104,3281,558
-3,3327,1749
-20,-3629,-679
-75,-1363,-857
-75,1467,285
40,708,842
-6,-4309,-63
-127,2214,-98
-65,4774,519
-28,-192,457
-100,-2912,-16
-127,2437,314
-74,1928,1074
-68,-1123,414
-183,810,-132
-157,1819,244
-29,-612,137
-110,-2693,-582
-131,3908,825
-12,1554,856
-48,-708,-399
-107,-857,-316
-53,2498,252
71,-1377,848
18,-2866,468
-80,247,-1226
-52,3095,769
62,-232,178
2,-6180,-918
-97,-1591,1094
-136,5073,-1192
-37,2137,1137
19,-1169,-562
-94,-1912,-876
-82,-785,-934
-42,4690,1195
56,880,345
1,-870,166
-42,-3289,-546
-63,177,-472
27,984,877
78,-1255,-54
28,-212,240
28,-3641,-1853
-44,541,-920
-7,619,599
-32,6066,-14
53,1743,1362
58,-1508,-1231
115,-4777,191
47,-5524,-1208
0,-1304,-1295
-60,3067,-806
-24,-1017,-763
-36,3281,-571
26,1852,892
38,1273,684
129,-365,-616
197,-5038,476
148,-1684,-403
120,-3637,-1177
79,95,-935
7,-2558,-1427
11,3745,133
53,-104,185
24,2683,-533
50,878,-218
94,-2955,-508
112,2203,454
156,586,-125
188,-4968,-913
177,-2021,-613
130,469,-688
123,-3291,-697
97,-2619,-1674
134,1742,1476
78,3834,-1528
85,1191,-212
66,-1254,-544
23,3920,-23
52,-2457,-555
12,-272,741
44,-1170,512
23,-1614,-908
-28,-5695,-1247
-57,37,-905
-42,6014,701
8,2575,-1034
84,-4147,-134
80,-820,494
-26,-2883,-1302
-81,1036,-1442
-24,517,20
4,3508,1118
78,-5319,-901
-17,-2499,48
-91,4932,-617
18,1132,-147
63,-6870,-739
-7,-1432,-236
-86,4774,-1337
-9,1442,428
66,-2108,-281
-16,-7330,-2112
-73,3043,1299
-13,6838,853
56,-3974,-259
28,-6533,-2807
-73,805,1214
-1,5102,-621
61,-4565,-1172
42,-1342,120
-35,0,-1348
-59,-1253,775
19,1432,-746
60,-179,1031
-25,-1700,-1466
-95,-1880,-655
-65,3312,189
-31,1610,269
-18,5728,776
9,-3490,-1771
50,-4117,-38
47,-10007,-1197
7,628,816
-10,5352,-469
-14,3759,-39
-16,-7077,-3065
47,-5400,-903
-27,3145,1291
-24,7542,1826
-22,1163,-1864
10,-4027,-3259
9,-1969,1018
17,-639,1476
28,7978,652
46,89,-668
52,-3938,-1654
50,-8127,-2218
-12,-6181,-652
-31,886,-1057
-58,6483,762
-6,9177,1271
14,-627,-3135
87,-9908,-12
36,-9309,-1084
-37,401,625
-67,9502,601
15,9404,58
62,-6052,-1059
72,-9900,-1456
-37,-3647,-999
-39,6021,601
54,6232,1648
73,-3020,-1881
-10,-3086,-301
-23,2236,-646
72,-2320,885
32,-3554,-632
-68,2739,33
34,501,385
38,-1857,-255
-81,2255,-919
58,952,378
9,-3660,-1022
-45,1621,-122
54,-791,-243
-39,-4104,-29
-34,1843,-1011
62,-2294,507
-62,-572,-883
4,2289,-174
17,-1219,379
-95,1331,-937
45,1381,965
11,-1525,-855
-65,1701,15
67,-401,-64
-24,-3911,-722
-17,1905,-163
52,-2075,13
-80,419,-238
22,1704,-57
8,-353,-76
-92,2536,-990
69,-882,709
-16,-4218,-1602
-32,2116,690
76,-1946,-119
-53,-715,64
-10,3093,139
9,-2236,-181
-100,1969,-516
29,251,249
-61,-988,-1057
-15,-301,85
53,-3620,-627
-88,-258,73
6,2117,158
15,-2044,-77
-75,3243,-187
56,2798,310
-15,-4213,-1136
-43,0,-885
53,-2924,680
-28,-2705,-885
-65,6463,650
49,2753,-179
13,-4832,-1666
-50,-6032,-1626
31,1383,1220
-17,-296,734
-114,5612,-505
-3,444,-963
69,-8277,53
-37,-1714,269
-77,9021,-331
11,4530,-513
84,-8902,-1320
-14,-8130,234
-57,8862,721
3,7866,931
81,-10256,-2840
25,-8696,-152
-100,8706,1316
-48,11748,208
60,-7995,-1571
84,-10318,581
-40,7277,1201
-60,5693,-2081
5,-12043,-2217
65,4586,2817
1,6091,2592
27,-5714,-3168
29,-9025,-1838
-78,8618,1840
-30,12709,879
50,-8086,-3329
102,-10464,1787
-11,3840,2043
-57,3422,-3515
-27,-9129,-2440
14,10831,4070
-35,5789,397
65,-14196,-3025
24,-3662,471
-81,9066,-335
-37,-7089,-2752
50,4304,3392
43,10710,2486
82,-6420,-4568
91,-12798,-241
25,5299,3223
-10,4410,-2871
38,-4735,-1924
27,-676,1343
39,12910,1991
5,-2977,-2117
131,-10113,-170
63,4862,2672
6,1152,-2951
53,-8943,-1265
45,-1548,3373
29,13410,-58
72,-1322,-4356
175,-5457,2522
120,4484,3117
143,4048,-976
208,-10300,-2265
168,-4918,1969
123,15116,2668
81,-4448,-2647
126,-10510,-3443
68,2018,4111
12,11807,-458
86,-2997,-8
83,-106,2645
43,9988,791
77,-11438,-2518
80,-118,3213
-15,45,-3265
26,-9577,560
-84,13548,1815
-17,243,-306
50,2146,2297
14,3087,171
34,-14217,-2280
-54,7878,1538
-23,-4559,-2359
-137,9397,2756
-19,-2932,-2045
16,4087,3409
30,-4739,-1161
32,-3596,672
-97,5492,-614
-55,-3293,2001
-78,11635,69
14,-12231,-139
-51,8565,2039
-84,-9989,-1350
-168,7332,-418
-113,-4545,303
-80,11916,2874
-11,-9798,-1642
-95,2452,-77
-117,-9535,-2266
-114,13367,3010
-43,-57,-2013
28,-3690,3052
-60,1524,-2019
-37,-9380,1519
-122,13765,655
-118,-7043,-1797
-132,11780,3873
-78,-8476,-1953
-47,-1187,3299
-210,3931,-2022
-120,-6448,-959
-101,14924,4746
-35,-666,-350
-14,-12736,-161
-88,3575,1180
-94,12355,705
3,-2552,-1022
71,-7554,1438
-60,-808,84
-85,9839,1823
13,3404,1275
77,-5380,-370
-36,-2618,-279
-31,4651,2065
78,1129,1548
-24,-2568,-268
-83,5082,1069
5,3867,1273
70,-5050,265
-62,1109,-574
-2,5015,1422
104,-448,1333
-18,-4197,-489
-39,4466,1431
48,2506,1367
14,-3580,-10
-47,3490,264
23,716,1319
47,-2148,863
-62,985,-28
-11,1521,236
73,-447,1144
-43,-627,-539
-46,1074,579
73,0,133
41,-537,222
-50,448,-85
38,715,612
92,-626,-122
-46,-358,941
-25,895,-338
49,537,557
1,-1074,575
-55,626,312
2,2506,1030
37,-1253,1039
-65,-1521,-1015
-67,4117,1138
68,-895,971
-9,-2327,-465
-65,4475,462
51,2820,1667
60,-4431,48
-24,-895,-1067
-55,3132,122
61,1861,1872
12,-4635,-1399
-87,-179,77
17,5701,1516
68,-1584,551
-56,-1701,-554
-45,5824,783
40,-424,823
-6,-2152,165
-97,3934,-160
-50,1547,292
37,-499,1006
-35,-1077,176
-50,1125,-250
28,1866,1774
74,-749,321
-43,-4109,-668
-41,2278,267
56,476,980
-40,-3165,-77
-31,2590,-713
30,1526,749
50,-3026,69
-45,990,1024
-66,2297,-449
29,579,1014
-52,-1078,-326
-113,3355,1020
53,3699,751
20,-5224,-664
-42,1714,-143
37,433,535
55,-3025,422
-40,-4277,-1220
-80,3444,11
-11,2317,843
-18,-1484,-133
-104,1932,-502
-5,-264,179
49,717,970
-64,-1632,-193
-58,5285,1316
49,893,1136
12,-3506,-397
-107,1362,226
-93,3433,709
16,-2487,820
-49,-2066,-468
-125,-1433,-560
-80,3098,569
5,626,1044
-79,-3743,-753
-126,2489,-208
-29,3616,871
21,-737,772
-97,-57,-302
-72,1388,-844
35,2236,1310
66,-784,119
29,-3194,431
-62,850,256
-23,3839,1072
50,-1469,-360
-50,-4578,-574
-150,2066,83
-69,1128,333
-37,-2589,115
-149,1830,-102
-72,5335,243
26,-284,846
25,-2199,-548
-69,-1081,-194
-41,1437,184
63,-1762,696
-1,-4507,-535
-107,914,-820
-112,2570,113
-26,3499,655
28,-1856,180
-24,-1589,-273
-6,1192,189
-13,5179,862
101,-943,663
82,-3237,-1673
50,-6593,-955
-52,-1280,648
-27,5063,-1688
-22,5046,903
25,533,-767
130,-3409,267
78,-5394,-554
-3,-1510,-405
-62,-121,-853
-57,1663,-191
-16,2710,218
30,666,-412
56,-2461,-318
27,-2899,-776
17,-622,-493
-5,1582,10
13,1810,369
21,-1447,-806
20,-1756,-708
19,-2519,-951
20,1631,282
99,1728,209
159,1625,-632
140,-968,187
195,571,-375
195,-934,-220
285,-4988,97
227,-1139,-133
120,-3888,-1214
68,-37,-2039
93,3585,-230
95,4673,-482
169,-395,885
127,-1317,799
124,-5954,-718
-31,-592,-1122
-36,2256,221
15,1188,215
43,-2335,-273
-83,2080,-407
-47,3315,-956
81,-3428,183
-33,-933,-1057
30,-255,632
74,-705,-393
-66,-2033,-1315
31,-407,-559
-79,-5787,-1879
-51,5191,-1524
-9,-1163,190
-41,3423,-131
103,-6824,-821
-10,-2327,-1230
63,-358,207
-44,89,-1063
-21,179,-989
43,-268,114
-102,1074,-467
-8,626,724
-4,-1700,-1011
-71,1969,629
21,-985,-620
-15,-984,5
-13,1521,-102
66,358,234
-66,-358,-712
59,-805,263
18,-716,-337
-89,-716,-537
57,716,154
44,-716,69
-85,716,27
34,89,-1273
63,-2953,722
-76,-268,-939
-6,3132,130
51,-2685,-257
-39,-6158,-1561
-72,5979,707
10,1880,669
7,268,-756
-64,-716,-637
2,1164,-1916
101,-4207,1246
-26,-358,-452
-71,-89,-1490
30,-1343,735
1,-6960,-602
-77,8929,712
-109,-3771,-4510
3,-4932,153
7,8793,3683
4,4385,-562
15,-6175,-3805
61,-10927,244
19,-908,1087
-31,9357,-1061
-25,-813,-717
40,-9953,-2764
7,6354,1698
-5,10022,3568
-9,-5684,-4518
63,-9736,-1439
16,-452,3300
-20,6020,-1626
-9,-56,-2467
-6,-8532,351
-23,6544,661
-12,8853,-181
84,-3639,-1095
71,-11116,-1020
-23,-4714,-1166
-68,7055,1517
-53,8110,625
20,-2873,-1811
39,-10219,-1788
-79,-765,182
-57,8567,1277
35,4567,1017
68,-5571,-1478
6,-7648,-2264
-48,1474,314
44,1520,1708
10,4424,1357
-50,-1605,-2064
-50,3746,-119
76,-2329,-1437
49,-8308,-415
-66,-657,1760
-43,5991,-501
37,2593,-99
40,-3679,-488
-73,-513,-1276
4,2394,-46
86,-4343,600
-29,-2905,-1693
-86,4950,924
7,4854,980
69,-4356,-889
-77,-1446,-736
-4,2226,-586
69,-4516,709
17,-2390,-277
-58,3612,-3
33,4487,84
100,-1925,368
6,-4919,-1927
-77,-1255,-277
1,4199,1026
62,-1675,12
-26,-872,-1282
-72,5928,-159
46,-173,-495
107,-7931,-142
60,-3887,224
-21,4608,-242
37,6899,557
123,-1083,-883
126,-5473,-16
59,-6106,-816
-54,3171,-538
18,3599,1474
14,-1326,742
25,2081,-1109
-34,1837,-1767
2,-269,-82
98,-6437,283
64,-4685,427
-61,4521,-1028
-14,7935,728
72,-2350,-772
46,-9026,-2625
-49,-2243,1368
-42,6431,426
41,2278,816
75,-1757,-2203
-1,-4564,-1609
-23,-1985,922
74,6799,1861
55,79,79
41,-2389,-3168
38,-6818,-648
61,3813,550
99,7166,2767
68,-842,-2335
-13,449,64
15,-7346,-457
119,-1368,-147
92,-1838,2726
22,7379,-933
-28,2182,-1472
12,-6102,-1054
100,1873,3324
6,1907,-679
-47,3092,-62
8,-6759,-1231
71,-526,24
42,-349,2318
-93,4457,-1451
-49,-338,-1310
58,-2324,1098
13,-1305,1638
-72,6127,-1063
-31,-2551,-2589
91,-4486,1371
56,3849,3157
-83,3529,-1585
-21,106,-2356
119,-7383,1398
20,-1533,944
-83,8963,-757
-11,-1202,-467
78,-6046,776
33,5606,2882
-102,2386,-2458
8,-4148,-406
70,1216,3451
-10,5541,696
-72,-897,-1416
13,-4950,-2127
94,-889,3110
19,6184,417
-32,-4978,-2329
6,-2934,622
32,9607,3822
34,3113,-902
0,-9743,-3083
-57,-3790,1729
-34,14640,3863
9,346,-2464
46,-11207,-716
-55,77,1706
-44,12201,1027
45,-2299,-997
88,-11475,928
-4,5699,3362
-116,8508,-1282
-41,172,-2195
41,-7681,1839
-107,5469,1777
-294,1343,-549
-203,-5515,-724
-104,2774,3948
-176,6386,-717
-159,-8890,-2903
-147,2616,3197
-52,8819,1766
-43,-3021,-378
-63,-9618,-795
-149,7318,2471
-119,15611,2444
-4,-8025,-2583
-5,-10472,-46
-58,985,2446
-124,12858,1288
-39,179,-1778
33,-5362,1001
51,-5042,2536
-5,6632,2660
-48,1812,-2762
-16,3034,1945
40,-1701,238
79,895,2059
31,-2339,298
1,3234,56
-20,4833,-104
68,-268,2173
104,-4028,700
-35,-984,-304
-35,4296,829
34,984,1056
14,-805,218
-63,179,95
1,805,151
62,-90,358
-50,-89,54
44,447,479
40,-626,1029
-89,358,-537
43,268,497
-42,-179,575
-50,1790,-141
45,-805,555
-107,-269,572
-45,4833,135
31,-1521,1042
-79,268,995
-25,6276,566
17,-2884,-307
-49,1812,655
31,554,1557
38,-1368,355
-42,1923,677
95,-1368,659
3,-1035,-164
-83,924,313
24,-333,551
-49,-1072,-460
-91,2366,697
42,631,251
-48,566,18
-64,877,418
38,-28,553
-76,1048,-149
-22,2613,1507
37,-502,584
-51,21,418
4,3534,728
-3,-3954,1
-107,-690,-61
-42,1110,515
-36,-2037,-54
-149,665,19
-7,1497,1023
-39,-1425,174
-139,2575,162
-14,3962,1123
-54,-1011,209
-158,995,-15
-12,2865,676
-57,-2720,664
-137,-129,-310
-50,864,469
-29,-3968,254
-118,1851,494
-80,3592,525
2,1827,387
-42,-5091,-467
-121,364,-314
-108,2418,900
-45,-963,986
-128,-2476,-62
-150,4417,365
-33,1237,723
28,-967,-150
-72,-2031,-392
-54,-657,-426
-8,3493,666
50,-417,442
-6,-54,78
-59,2742,-204
33,3154,486
45,-2884,272
57,-5557,-634
-36,-1151,-122
-54,2752,-387
0,2879,-94
77,-1814,145
57,-4381,-905
-58,-882,75
-72,3199,-923
-43,5870,820
77,1190,1205
63,-6032,-1782
53,-6653,155
-64,-397,-1718
-48,3463,-467
-37,4691,624
36,-764,-388
83,-1233,957
52,-2728,-449
-11,1562,-309
-23,1301,225
33,-616,-747
109,-1832,500
99,-3510,-796
16,1069,-434
-3,2690,-871
-5,3722,-374
74,-1688,601
177,-4158,341
141,-6370,-2006
136,-113,-1583
124,2431,-1350
265,1094,172
285,4366,1715
312,-8626,-2256
177,-1649,-714
117,-222,-1075
62,4395,-1035
135,952,1583
134,-666,-983
104,-5568,-70
-23,-481,-1010
18,1627,-758
134,-1917,-315
46,-6265,-729
7,6265,-2032
54,993,-15
63,-4036,-998
-57,268,-931
-10,3768,405
35,-2873,56
-38,-2595,-1924
-8,4296,602
119,-4207,-492
-4,-2953,-1600
-2,626,-527
127,179,536
52,-3758,-1153
-23,1700,-60
105,895,240
90,-3580,-899
-11,1253,-154
89,1880,303
121,-1880,-84
40,-2148,-1100
48,1432,-1100
140,-1074,1038
25,-5250,-3405
-15,1368,379
110,-850,90
4,-518,-1514
-9,1368,244
105,-407,-976
69,-1257,-537
22,5009,636
138,-3234,-1205
68,-3319,-437
-17,3097,-1042
106,-1664,357
53,-3975,-645
-25,3199,-381
103,-459,572
28,-1584,-360
-38,2672,-841
101,0,720
1,-1117,-1637
-14,673,234
112,-1069,-295
31,-3867,-1011
65,3358,636
129,-283,-210
39,-594,258
82,2455,631
113,-2426,-391
3,1725,183
107,997,-181
37,-3109,-64
-47,2665,503
100,-1175,-410
-55,-283,309
10,905,-120
32,-1697,164
-78,1952,796
64,-1415,-410
-65,255,415
-20,509,-77
15,-509,581
-42,2604,733
49,-2547,-471
-84,1364,322
-47,1257,207
-193,-1631,-185
-209,1261,1226
-264,-443,-248
-279,2946,924
-360,-268,329
-283,179,138
-327,2237,163
-200,985,66
-207,-3972,-279
-134,1824,924
-131,-1639,-75
-80,3518,1641
-45,-1432,659
-98,3938,-404
17,-4117,201
-89,-268,-778
36,2953,2302
-56,806,696
-35,2595,1089
-19,0,441
-121,0,-707
-15,0,601
-114,-626,-107
-27,626,434
-122,0,82
-76,1342,274
-64,-537,12
-155,1074,348
-49,-984,-302
-205,179,256
-93,179,261
-165,-716,1
-193,3759,915
-104,-1164,-15
-227,1432,385
-88,537,244
-132,-4117,42
-159,2506,575
-114,-1432,530
-195,2596,673
-89,626,774
-148,-447,1075
-92,3899,53
17,-739,632
-95,-833,-1061
4,358,634
76,-3670,900
-111,895,-622
-24,4581,1385
44,-665,752
-96,369,-953
10,3094,-236
98,-1319,1579
11,-1146,-305
10,2634,964
88,2517,1220
98,-3450,-1072
-17,57,-470
12,4233,688
161,-1339,537
109,-2527,64
102,-2014,-954
175,2891,139
290,-452,797
376,-4177,-1544
361,-5256,327
279,358,-2735
221,4713,383
219,5988,1447
272,-428,373
231,-3785,-1603
77,-5324,-561
21,3222,937
103,-1790,-7
-7,-4923,-1443
-83,2596,-551
-19,4117,385
38,-5191,-812
-78,-448,-1441
-14,3580,189
113,-4296,-361
-25,-1074,377
-19,1343,-1811
102,-627,663
4,-805,-406
-83,716,-1193
43,1432,452
-12,-2148,-855
-77,1074,-103
63,-269,-37
-55,-805,-258
-69,268,-31
46,537,476
-100,-805,-694
-59,1163,48
55,-1163,-630
-44,-268,-142
-73,0,-602
23,-358,239
-44,-2685,-379
-173,0,-1862
-90,1879,597
-47,-7892,-1096
-161,3059,-390
-73,6265,965
38,-984,-601
-37,-7120,-2884
25,676,-483
91,1432,673
196,-1074,1321
148,-2957,-963
164,962,-613
108,-2434,-2490
103,1620,-597
82,1775,458
129,5240,1716
58,-1253,-526
83,-7184,-2375
-3,-2651,-1397
-52,-24,19
22,4948,-286
65,-1220,521
91,-2411,-398
-39,-3992,-2542
0,1534,-696
49,-48,672
95,-2214,453
13,-1775,-1419
-20,3360,-102
63,4521,527
114,-3773,-514
129,-2634,211
12,-1146,-675
15,1296,-1992
80,2817,306
138,-3458,844
133,-3341,-777
46,-670,-590
62,4860,435
130,2895,-499
213,-3630,607
223,-4742,-1053
170,722,-781
149,2871,-545
212,922,-68
218,-1078,-760
249,-1573,548
148,-5351,-1703
127,-5030,-1361
45,963,-154
89,6696,852
69,3380,1747
115,-2281,321
9,-1717,-3214
-18,-5816,-859
-58,1269,1712
-17,7406,1055
35,3321,480
10,-6449,-2480
21,-9985,-2192
-69,4525,2961
7,9695,937
9,2233,201
52,-8210,-1349
-78,-4513,-1351
-157,7099,2653
-172,8303,1761
-154,-11299,-3134
-339,-3461,2441
-460,14321,909
-253,-8371,-1848
-274,521,2982
-376,8059,-786
-147,-6961,-671
-129,-2144,2763
-298,10923,-1779
-196,-5345,-2332
-92,-3660,3686
-116,10636,2747
-157,-4994,-3481
-103,-5416,-952
-49,8065,5324
-11,8795,2235
17,-9603,-3382
-16,-10237,-3280
-80,2950,2274
-12,10977,2632
-2,7614,2351
55,-6702,-1782
8,-9724,-539
-90,-786,-280
-81,10991,3045
-42,9443,-329
49,-8371,49
-17,-9145,-39
-91,1816,2680
-114,11941,676
-42,4475,-1215
50,-7756,-1127
-6,-10231,-1061
-80,886,2249
-84,11820,2798
-51,5907,283
-19,-1342,-319
-55,-11628,-2925
-146,-3988,607
-157,11678,3031
-123,7428,1525
-58,-2685,-771
-87,-7249,-662
-137,-4929,-366
-115,11104,3923
-68,2595,-265
-64,-537,198
-115,-3400,-737
-152,-7130,1569
-133,9099,528
-118,4743,1734
-83,626,-1482
-132,-4385,197
-147,-537,-377
-203,-2506,1615
-132,3580,-689
-67,7548,2734
-1,1220,-522
30,-6441,-583
-33,-3401,-1376
-55,-626,2289
-99,-90,-1074
-69,1163,-693
-89,7435,-312
-4,1553,933
13,-7198,-682
40,-358,-371
36,-1074,1587
62,7262,1694
72,-4219,-511
40,-3401,-3227
28,-1610,-982
-3,-3759,-38
-1,895,-52
-42,4027,418
13,3669,872
52,3043,-841
123,-1969,-30
198,-2595,-734
311,-2059,82
411,-89,222
454,-89,233
477,-1343,-674
399,-2595,-1267
313,-1701,-1672
203,-89,-116
199,1342,295
121,-2237,-1816
101,4206,889
86,985,564
101,-1164,-142
44,-7083,-1084
29,-1109,-2138
-59,-764,-985
-15,5197,956
72,-447,-408
47,-4778,-1157
-64,903,-848
11,518,529
71,-2807,-762
-29,-2593,-404
-82,2005,-296
73,119,-30
-4,-1403,-482
-62,1284,-281
86,1210,186
20,-3089,-866
-26,2750,-25
103,-1965,-285
-7,-1099,-531
2,1694,291
60,-3218,-644
-58,1211,84
58,1008,255
-37,-1803,-709
-19,3515,830
68,-1545,-234
-53,309,-663
89,-1254,345
-39,-335,50
68,-606,-228
-20,523,432
36,940,167
-20,732,-1008
83,-1965,457
12,-21,410
55,3008,611
20,-238,106
18,2325,830
95,-3323,-974
-14,2248,852
80,-1678,364
-29,1848,-502
74,481,440
-24,-1377,-534
1,245,-1004
90,-3163,418
-68,188,-468
40,2682,787
112,-2911,-203
2,-272,-1118
33,3985,233
129,-5436,-679
-8,1513,-67
58,2503,-429
91,-3281,464
-27,611,-476
37,2884,-491
70,-2717,571
-75,-543,-620
16,1275,-297
37,-2980,-174
-95,-363,-163
2,3280,490
21,-3090,-229
-79,3901,0
8,1165,-123
20,-4101,-873
-62,-584,-419
19,339,1237
38,-1532,389
-61,2361,-127
9,4145,1207
65,-2269,-721
-60,-2422,-890
28,1586,1084
61,-3539,-317
-82,2386,138
-9,4106,978
29,-2849,-14
-88,2516,-182
-12,2437,297
50,-4326,-511
-81,-585,-756
-31,1404,1326
18,-1007,1193
-72,-62,-748
-43,4462,1095
35,-820,-390
-63,311,156
-88,-254,47
15,-2012,839
-95,-3076,-971
-186,3576,1475
-85,3294,1202
-103,-1358,-271
-200,1727,-515
-68,111,1163
-48,-6171,-1064
-170,2302,1778
-87,8057,2017
-4,5102,596
17,-8624,-1665
-50,-5962,-834
-120,1783,2354
-60,11102,2204
-31,2238,240
40,-3401,-754
-59,-7415,-1391
-64,1766,766
-51,7976,3144
54,358,75
41,-2596,-212
-32,1343,898
-42,2058,-1222
39,0,1445
88,-805,1376
17,-4296,-1046
-72,1879,431
-55,3222,925
-10,1342,492
23,-805,121
-112,-537,-58
-76,4296,610
7,-1611,382
-5,-2685,113
-93,0,425
-110,2327,-425
19,3222,2280
-8,-1343,167
-82,-3222,-729
-71,6750,1182
3,1294,1512
18,-628,969
-99,-148,-412
-145,1257,-460
-31,-185,1177
-55,-6729,31
-127,1790,767
-95,6233,1177
-30,3405,1875
-57,-3775,-1112
-188,997,78
-113,2184,464
-75,-1732,352
-172,-2521,-638
-184,3992,582
-20,-1357,923
-44,-1341,217
-94,2104,-377
24,2377,1092
61,-1641,775
11,-2729,-373
-61,4488,589
25,3791,710
103,-4480,-618
10,-3799,277
-59,4441,117
28,2753,1051
47,-2107,216
-13,-2839,-1116
-26,2693,302
72,4254,537
98,-3627,639
-38,-3009,-1542
-42,859,421
45,3154,1071
41,-3486,-1015
-24,-1800,-1186
-47,2941,-432
85,-71,560
15,214,451
-80,2202,-1408
14,1897,753
67,-2232,-338
70,-4074,-1043
-3,1113,398
79,285,-129
144,-5003,-1040
-16,-1257,-539
15,5428,-683
91,119,-135
57,-3292,165
-37,3197,145
54,2585,206
85,-3967,-2034
55,-6672,-377
17,3194,300
69,1737,244
56,-6900,-2322
-69,-2148,-1386
15,3491,-316
71,-1969,697
-41,-1164,-1790
-35,7027,182
98,-703,-56
62,-5876,-2105
35,-716,-63
124,5549,1794
211,-90,407
129,-6623,-2944
114,-89,-331
193,0,45
165,-2774,-159
27,984,-920
11,1253,-35
96,0,-188
30,-5817,-1073
-33,1879,-1429
29,3133,1779
39,-1969,-364
-60,805,-878
50,1969,-890
69,-5101,-895
-13,1163,-810
56,1522,959
35,-3401,-857
-56,2953,-1151
39,1074,-420
49,-5851,-1496
-62,-37,-851
71,-628,539
-11,-3109,-821
-31,2850,-465
65,-296,16
-26,-1146,-749
-31,1368,-1242
53,-5418,-229
-77,214,-182
57,642,487
-36,-1165,-713
-54,3998,350
34,-1896,-183
-95,-2972,-1494
38,1250,-18
22,-1961,-190
-63,1652,200
76,-606,-470
-36,-2167,-1057
4,1184,-200
63,-3788,-380
-76,657,-372
50,1834,859
-33,-547,-802
-36,2408,0
49,-2031,-292
-51,-1076,-573
46,718,702
-39,-822,-75
-75,4759,-4
59,-2175,-758
-86,168,-256
19,-126,323
54,-2695,-392
-35,2193,-475
77,1485,97
60,-3557,-780
-26,921,-870
68,-471,-288
27,-3947,-322
-41,2108,-149
26,-112,721
25,-3636,6
-86,3010,-143
49,3858,-124
42,-3441,-84
-37,353,-817
72,1340,503
69,-4553,-1717
-1,-227,-599
92,984,863
79,-4137,-26
-37,3337,-374
73,3438,944
98,-3013,-450
-20,736,-1667
54,3642,1020
133,-3868,-448
38,-4407,-773
54,2611,-901
142,-873,737
58,-4313,-738
-47,4147,-103
76,2382,692
132,-3036,-666
16,1033,-776
70,2116,-933
165,-1537,933
63,-4070,-722
6,147,-65
65,2836,467
51,-4982,-129
-83,1954,-250
47,1977,669
53,184,287
-45,1124,-694
39,1153,-289
71,-4835,-536
-85,-997,-350
35,4320,1510
44,295,248
-57,-154,-455
-4,3437,-34
111,-4001,324
-27,-1249,-1329
-23,502,741
99,-122,1678
31,49,-46
-23,3927,-589
92,1044,1132
82,-5543,-480
-38,-1066,-1769
39,3240,2149
37,-3206,1092
-70,4144,25
17,4531,838
64,-3839,-811
-14,-2901,-720
-8,963,1268
54,1286,1588
-94,3344,-512
-92,4470,797
-22,-8164,-2069
-159,-2838,868
-176,9082,3142
-177,2756,-1859
-279,-3381,-957
-181,-4078,2135
-208,4741,1813
-316,4135,-2995
-103,-8904,747
-149,2197,2385
-254,5039,-809
-62,-4064,-1427
-21,-2988,2006
-159,8173,1505
-57,5468,-204
60,-8227,-1034
-35,-4851,1051
-57,7444,1058
-14,6595,513
107,-2629,530
36,-7199,-962
-71,18,573
24,6587,2357
37,1042,1964
18,-222,-1227
-49,148,-11
2,2810,870
96,-2884,497
-3,-2697,375
-78,3067,661
30,5332,1517
54,-5110,250
-42,-148,-179
-59,5526,297
53,2417,2480
43,-2596,-394
-74,90,-209
26,4117,-213
96,-3670,1288
-30,-3814,-764
-7,6320,1020
76,269,1754
40,-3133,-4
-79,3401,253
-33,1253,620
86,-537,657
-23,-4564,-1072
-82,4475,1106
47,2237,489
26,-1432,250
-47,0,-89
-52,1521,336
47,-179,128
57,-1342,651
-30,179,-387
-75,3311,762
51,2148,659
48,-4922,-822
-57,-716,1019
-37,3222,883
48,3490,889
39,-4833,208
-29,-1163,-196
-53,3669,1259
71,1074,1489
24,-4833,90
-52,2238,487
-80,6497,1146
14,2930,863
106,-1895,752
-14,-4400,-477
-89,4400,1156
-34,4792,1495
-17,1275,87
18,-5218,-274
-82,396,-432
-21,2073,-52
43,3041,1762
44,-3302,-78
-59,-1925,-952
-60,2329,-51
39,3333,1621
45,-1930,563
7,-2374,72
-76,4870,-124
-8,1104,39
61,-916,1416
55,-3849,296
-43,1236,-617
-52,3875,224
4,3217,1328
42,-2387,247
54,-3678,-174
-83,690,171
-48,5901,902
-5,496,483
52,-4803,98
-26,-2346,-198
-53,4013,500
-22,6253,1202
25,-622,-19
120,-4089,241
18,-4340,-527
-69,2041,396
-97,5355,1514
0,2857,960
4,-2803,-232
25,-3738,621
-66,1938,374
-56,5121,990
-33,3014,934
43,-4232,919
-39,-2534,-281
-99,-148,-390
-145,5622,764
-101,943,405
-91,-4349,-698
-236,-1158,-744
-181,4236,878
-88,-468,630
-55,-773,-861
-159,-1407,-1396
-146,2724,888
-42,241,525
-40,-2879,114
-121,-1097,-1276
-135,1231,-86
-30,2118,598
32,-943,143
-84,-2611,-254
-164,3520,105
-104,1921,-38
-56,-2487,377
-22,-3589,-608
-71,737,-406
-55,5234,1068
41,967,547
101,-2828,-953
51,-4501,-766
1,-1957,135
-55,1254,-945
-13,1895,80
47,1405,520
54,-2314,984
60,-3263,-1272
1,-1321,-1012
19,-2220,-1811
-55,2156,-293
-60,2528,201
1,4603,742
48,-2087,-196
74,-450,406
55,-1811,281
19,-781,-561
-27,511,-861
7,851,-129
36,-128,237
101,1183,367
95,-1622,-349
151,-2332,-1549
148,-3507,-87
96,-456,-559
77,305,-451
69,-2159,-459
109,238,-1478
123,2336,483
149,2842,40
196,-985,-129
211,-3204,-1283
205,648,-81
183,755,-733
174,-3700,-552
157,1332,-928
115,923,332
103,752,-201
99,-2365,-41
49,-3707,-377
40,-3416,-959
11,253,-1338
-19,-2401,-1511
-29,-1343,-183
15,4558,-1688
-15,2292,1259
39,1386,306
18,-4924,-1722
51,-3401,-368
-1,-3043,-1251
-32,537,-1112
-32,5549,-357
30,2195,-116
45,-2106,91
90,-984,-830
72,-5549,-1635
35,-1074,-1233
4,-5101,-1698
-20,5459,1291
32,268,-6
82,179,-199
62,-536,62
2,-2238,-1069
-72,2506,115
-34,984,-1674
55,-1521,-1826
89,-1253,2826
25,-7423,-1284
-18,-111,-1509
-85,518,-766
-52,7016,1252
-6,1790,-21
61,-358,376
7,-7598,-2300
-56,-2810,-2873
0,1738,517
12,1779,702
6,447,514
5,-3742,181
-97,296,-2372
-40,1553,-653
17,3594,1184
52,-2059,-675
46,-6221,-1578
-44,-3124,-658
-76,3733,84
-38,5433,267
39,-802,1646
48,-2033,-1155
-4,-5599,-1926
-55,-711,507
-40,2461,-678
0,6595,2993
-2,4296,-1152
57,-9867,-1716
-11,-8272,-1362
-26,962,250
-61,8583,1231
-9,8594,1295
40,-4676,-3219
73,-8822,-281
38,-1295,2567
-59,3212,677
-68,1969,-3007
9,-8832,-3566
-25,770,1728
-19,9024,3553
2,8918,1188
21,-6053,-4661
76,-11326,-155
30,-2661,3234
-39,6128,368
-50,5418,-2609
33,-12073,-4684
-26,227,1973
-14,12808,4276
-13,8875,896
82,-10120,-4889
106,-8118,1251
44,1852,2371
42,-2336,-430
14,4679,-1481
53,-313,-2021
2,-3415,-73
55,3961,2970
28,-1341,1154
19,1579,-376
-45,-408,-1143
-49,3888,342
57,-3052,-67
71,-3864,630
-27,-2373,-340
-85,5904,766
-5,5008,1198
80,-3065,-166
-34,-1586,-1426
-30,1727,-766
23,28,1512
25,-4183,390
-86,-42,-361
-82,5640,503
37,1186,782
3,-5258,-1134
-90,3054,-65
-36,-57,535
24,-3499,324
-14,-1711,-406
-137,4644,555
-59,4786,1179
33,-1146,-774
-46,-4789,-780
-62,1998,-361
14,-113,640
43,-1647,505
-57,-3067,-1448
-96,5195,1416
37,-425,1084
-53,-2107,-319
-142,3735,-163
-22,2218,991
-43,-2997,-353
-151,-962,-733
-7,3516,1279
62,-2837,-54
-84,-1675,-989
-19,4623,1229
95,-2722,22
-12,-2567,-298
-43,2596,110
93,113,1645
-27,-1019,-1009
-90,5066,383
62,269,9
-29,-4090,-346
-99,2649,144
50,3499,1414
-64,-4682,-1355
-65,2713,-658
78,-2380,901
0,-1220,-175
-108,6285,709
33,90,810
-105,-4194,-1843
-50,-1811,414
-7,-1402,776
-130,3768,539
21,-887,74
-128,-1701,-597
-17,591,110
-85,37,1133
-17,8284,486
41,-3312,-262
39,895,1543
60,-6606,-1293
-63,259,-1022
20,2403,239
13,3765,709
55,-1163,1588
11,-5993,-1989
-67,3206,-560
44,7351,2741
94,-8682,-14
-4,-2186,-2330
-61,10242,923
80,-1790,517
55,1253,642
78,-8369,516
-29,1811,-406
60,-628,-1263
-19,4232,169
123,1611,2091
44,2238,-814
152,-806,670
119,-5370,-416
4,3491,624
95,1163,-835
-6,-7336,-12
-81,5009,660
9,4833,447
-1,-1163,784
-48,-2059,-1591
-46,-10060,-4840
41,-4662,14
-6,6897,3893
-18,11047,1835
29,-268,-2880
86,-14350,-1931
17,12560,5392
-10,-895,-2434
13,-1164,2230
-25,-1342,-1170
38,-6012,106
-29,11113,1130
-9,-268,1734
5,-1790,-2717
60,-6353,1392
13,8590,489
40,-5549,556
-46,6891,-1426
12,-7338,-1179
-13,5907,2745
19,-5460,-4448
42,-5856,1870
-26,10063,1932
19,-10261,-3415
26,3863,3089
-43,7740,-12
12,-10953,-4226
17,-2606,2852
-32,11411,1714
-13,-4475,-2226
-5,-8699,-31
-44,13264,1493
-46,1611,-3121
-3,-12401,-1147
-22,12669,4472
-57,8647,-1768
53,-11242,-2061
48,-8207,2459
18,10981,2249
-46,-2953,-2284
-7,1969,-1919
-26,-7126,-441
-8,5157,3815
35,-537,331
28,1969,-1146
-45,-1969,-1206
-65,-7434,-3209
5,3496,2431
15,3759,3170
0,3848,-844
-64,-4027,-257
-4,4027,-906
16,-358,472
37,-2685,1756
20,-5468,-548
-77,777,-75
-82,7734,1195
13,0,-1284
51,0,982
68,-3759,500
-20,-7231,-1582
-48,2923,-1183
-15,8156,3458
60,716,-944
106,-1521,586
1,-2058,-488
-68,-5145,-4198
-44,2907,1159
-7,5101,3939
29,806,-218
5,-2148,-359
-51,-6481,-1263
-44,3796,-1019
-4,2685,2748
32,90,661
-25,537,-618
-68,-537,-942
-40,805,-1465
-9,90,2630
21,-2059,-93
-64,-4206,-693
-60,6533,798
-2,358,-1993
101,-269,1536
48,-3221,188
-25,-5970,-2301
-53,1035,206
-30,8246,2025
32,626,-195
10,-984,-46
-88,-2416,-1986
-50,716,-878
26,716,3160
32,1074,616
-55,-1253,-932
-71,-269,-436
-10,1611,196
34,2237,-304
105,-2595,876
30,-6712,-960
-33,-1552,-2148
-43,5311,1083
14,3579,2151
52,358,-1394
4,-4653,175
-22,-1880,-673
-72,6354,1481
8,2775,-1059
66,-3580,191
45,-9595,-234
-15,2435,-535
-92,2864,-203
-36,4386,26
2,268,487
65,0,-1203
15,-4922,-106
-57,358,-1458
-55,4296,358
50,-90,510
56,-1163,-516
-19,-7138,-2182
-1,-2388,-632
-23,10063,2598
54,-4654,-1352
24,-8908,-635
-92,5555,1683
-40,7559,-320
56,-7263,511
20,-4473,-391
-40,4251,-45
-57,2115,80
62,5281,1834
43,-1253,267
9,-8358,-2394
-73,1734,267
-35,8414,1075
70,-2506,-678
-2,-5945,-183
-82,4065,-120
-14,4565,1354
63,268,-442
3,-8380,-1293
-56,1489,238
-13,7428,188
97,-3043,40
9,-8117,-214
-61,3821,-910
-43,-654,1063
51,1460,22
45,-3124,111
-107,1257,-566
-110,5536,-109
-20,-3490,2168
4,5191,-953
-61,-2954,62
-48,179,-1698
42,3133,2412
76,805,373
129,-4564,282
22,-4279,-443
-4,111,-2675
-20,3631,777
14,-895,2654
38,-2441,5
-25,6021,-868
-48,-358,-598
-36,-4997,-2355
24,6876,2579
56,627,1010
103,-3849,-25
50,-4948,-2285
35,-1953,116
21,2618,-1877
70,6879,1184
73,1432,591
124,-1522,-832
73,-11642,-1884
54,-4880,297
-39,4348,-630
-29,10742,1934
3,2685,598
81,-4743,-1424
2,-9659,-2480
-73,-3316,-837
-127,5219,117
-22,5250,2343
-4,1879,-448
44,-5771,-2112
-9,-7482,-216
6,1206,-494
15,8303,838
65,6787,1225
66,-7379,-2377
8,-6524,-1375
-83,-1978,847
-66,4281,291
-22,3012,1076
-22,0,1285
51,311,-2270
12,-6323,-2923
84,-1610,827
30,3826,382
94,4858,1737
42,1922,-327
75,-4229,-1854
-52,-5671,-2500
-13,-7597,666
-56,8539,1610
-28,3414,2092
39,2560,-3207
-34,-10593,-2376
-42,-2570,1402
-59,12937,1526
32,3617,-1497
115,-9949,-178
89,-5073,1232
0,8524,677
-62,-2250,-2386
-3,-4288,410
23,3912,2068
-12,7201,3017
14,-3448,-3766
16,-12533,-2507
-57,973,2090
-52,14749,1516
8,6126,-457
113,-12797,-1588
76,-3654,1853
-30,6223,899
-94,5286,-1275
65,-8292,-2221
98,-6698,2005
-3,6039,3355
-121,10224,-3051
-7,-12798,-4097
49,629,4313
-13,9823,1646
-26,-9823,-4111
-43,-3810,1142
0,9301,2404
-42,8557,159
12,-14048,-4367
-26,-8888,1096
-61,9337,480
-78,13420,510
30,-6102,-2908
78,-6312,1976
20,-2405,1960
-32,1157,78
-42,2939,-248
-11,-2662,-1588
14,-3784,531
59,-1522,-2689
16,1224,572
-30,6368,2667
-35,8865,1139
-37,4919,778
-14,-9890,-2174
-11,-4060,1006
8,7848,3357
-4,5923,98
72,-984,-3246
62,-17857,-3755
60,-121,2157
1,11782,1168
23,-7665,-3434
17,-562,3194
-80,18361,175
59,-27764,-2804
35,8452,2479
-34,19759,1569
53,-31644,-5364
-52,23910,10867
-11,-13586,-6511
-42,7677,470
-92,-2694,93
-94,2528,-2107
-530,-10033,-5979
-4898,-18093,-15267
3005,155,458
2672,-10015,-11423
671,6291,2001
-153,-2077,-142
-158,-2611,-510
-85,-743,-992
-41,-512,-1224
-31,622,-31
-20,-6,-369
-18,651,-92
-87,2165,1041
-289,7906,5448
-686,17146,14112
-637,19920,19470
288,10650,13291
393,-2416,3032
-184,-5191,-5591
380,-4117,-2840
361,-6094,-6426
231,-807,-22