R
StartTickMs,measCycleMs,Px,Ix,Dx,Py,Iy,Dy,Pz,Iz,FFrx,FFry,FFdrx,FFdry,satI,satPID,KFQAng,KFQbias,KFRmeas,CPx,CIx,CPy,CIy,CsatI,CsatPID,CFFdrx,CFFdry,IRelaxX,IRelaxY,DmaxR,DmaxE,DMx,DMy
57580,10,58,70,47,58,70,47,250,0,0,0,100,100,500000,15000000,5,1,1000,1,0,1,0,100000,10000000,0,0,4096,1023,0,0,0,0
GPT1X,aPT1R,aKFPT11R
-5,6354,6613
-1,0,-39
2,0,-41
-1,0,-24
-4,0,-20
1,0,-19
4,0,-11
-1,0,134
0,0,34
1,0,-39
-3,0,-41
1,0,-30
-3,0,-21
-3,0,-21
5,0,-13
-2,0,61
0,0,105
3,0,-27
-5,0,-41
0,0,-35
7,0,-21
0,0,-20
-8,0,-17
0,0,-11
5,0,163
2,0,-3
-4,0,-42
-1,0,-40
3,0,-23
2,0,-20
-4,0,-18
4,0,-14
-4,0,128
0,0,40
0,0,-39
3,0,-40
5,0,-30
-5,0,-21
1,0,-17
0,0,-17
-4,0,60
1,0,105
0,0,-27
1,0,-42
6,0,-33
-5,0,-23
0,0,-19
-3,0,-17
6,0,-9
-3,0,162
8,0,-4
-6,0,-39
-5,0,-42
6,0,-25
-4,0,-19
2,0,-17
-6,0,-15
8,0,128
-1,0,37
-3,0,-37
0,0,-39
3,0,-32
0,0,-20
2,0,-19
-5,0,-15
2,0,72
-1,0,94
-3,0,-30
2,0,-40
4,0,-35
-5,0,-21
-1,0,-19
4,0,-18
-4,0,-10
2,0,167
0,0,-14
-2,0,-40
3,0,-38
5,0,-23
-8,0,-20
2,0,-19
-3,0,-11
1,0,152
0,0,10
-2,0,-40
-1,0,-41
4,0,-26
2,0,-20
-5,0,-20
7,0,-12
-6,0,111
4,0,54
-3,0,-33
6,0,-40
-4,0,-34
-3,0,-21
2,0,-20
-3,-895,-241
8,2238,170
-39,-4296,-523
87,4117,229
-67,-627,1057
10,-2237,-1389
-5,1790,460
29,1290,631
-20,-216,-159
-1,-895,-581
-10,-985,480
19,448,113
-6,-448,-146
15,179,-748
-8,2694,777
-33,-2873,-479
16,-1432,-1139
2,3401,1969
-5,-1074,208
22,-447,-301
-15,-537,-508
7,-179,-318
-5,179,-462
-1,1611,612
11,-1074,-840
-10,-806,-200
11,-1074,-32
5,985,563
-8,-1432,351
-11,-448,-279
-9,-358,-777
-11,-805,-761
3,3759,104
43,2973,2409
-13,-2347,-155
-6,-895,-180
9,3945,1025
-12,-8867,-1348
11,8349,-1076
7,3538,3628
5,-12514,-3127
27,11297,1575
35,-4942,-126
12,-1522,241
26,5363,783
39,-8048,-2473
-42,90,3040
127,15410,-718
-28,-20780,-2438
54,11628,4482
36,0,-3882
45,147,758
76,-776,-1114
-38,-8314,163
53,8351,-583
-57,-8261,-2047
-16,5280,472
-35,-4923,-2521
2,-89,3439
65,3222,-2420
-69,-6086,1005
48,4206,-1341
-67,-9446,-2424
-24,8641,1587
-26,-626,-2166
-60,-806,1523
18,8629,1876
-48,-3975,-3000
-72,-12491,521
77,8732,1984
106,5638,-1155
-69,-8949,-1900
-60,3222,1890
-26,4474,2382
-78,-3311,-2756
-7,-7249,-1261
73,6175,1284
-14,2685,603
-78,-1969,-499
6,-716,-973
-19,-626,159
-77,0,697
-64,179,-340
25,447,-122
-21,1611,-165
-83,-985,-164
-19,-1968,-152
14,-3043,-449
33,4117,705
-38,447,300
-81,-179,109
19,-268,-444
67,268,34
21,268,-264
-88,-268,261
19,-1074,-349
85,448,-452
-56,626,1002
-51,-2685,-197
34,-1163,443
-4,3937,5
-47,3043,-134
-84,-3132,-185
29,-984,-225
51,984,36
-76,0,442
-36,-3669,-328
73,3043,114
45,626,67
-58,0,159
-33,-358,56
18,626,-110
-10,895,-808
-143,-1163,595
-91,-3132,3
-5,268,-343
40,2775,-263
-18,2058,-27
-115,-537,-141
-92,-1432,247
-45,-2595,-1279
-14,-627,-64
-28,3222,1670
-73,6802,1776
-107,-6086,-3095
-144,-6533,165
-19,9934,645
-50,-5817,-956
-9,3937,1008
7,-8412,-2898
19,6533,2818
-2,-1432,-2503
-42,448,1299
9,626,-731
9,805,1517
-17,-4385,-2507
-19,3043,3065
-32,-3490,-257
28,12464,2242
-19,-10227,-4133
38,2416,2564
22,-8054,-1232
114,15939,4354
195,-8064,-3400
176,-1968,2483
214,2058,-1337
133,-4833,2676
214,19603,2852
77,-14591,-5723
47,89,4150
43,448,-1699
-9,3669,4277
93,8887,-2456
-4,-13809,-684
76,10322,1268
4,-13454,-2588
31,14066,6747
52,565,-2438
-29,-13110,-953
29,8323,2693
39,1022,-2900
-29,-9076,1275
48,16031,4067
24,-7619,-5088
-38,-6712,2770
90,14307,1849
-18,-9653,-2290
-8,-4207,1320
58,9628,689
74,-1331,-3186
26,-9102,214
39,9805,3850
13,9401,360
-75,-5825,-713
-42,-11144,-779
61,5608,1670
36,10326,837
-98,-3387,-1527
-23,-12010,-2417
52,1164,1322
37,12713,2957
16,-63,-474
63,-1970,-662
20,-6070,-473
-49,1183,1510
12,1259,1001
77,5640,208
-58,1710,25
-95,-5964,-1012
-14,-1358,510
-31,2122,923
-19,764,486
42,2099,-352
-38,1395,-430
-73,-3708,-393
37,-3072,-145
7,2437,1528
-37,85,632
61,5087,-132
-89,668,-321
-59,-2620,-830
15,-4351,-221
-47,1505,1244
-31,2950,1048
74,1716,-644
-23,1197,113
-91,-4936,-655
63,-2263,-467
21,2239,453
-33,-214,674
62,856,-31
24,3834,490
-98,-1486,-524
3,-56,-120
15,-1639,-22
-79,-2600,140
26,-651,-257
58,3982,620
-41,1209,809
-30,-1564,-1269
23,1696,-55
-110,-2891,39
-41,-3337,-248
20,2172,241
-40,2025,849
1,251,-158
39,3408,9
-85,-2551,-711
6,-2872,41
23,904,102
-50,-642,397
4,-618,-435
27,4924,378
-90,-264,-123
19,-1954,-1006
-28,-2421,-65
-89,-476,1205
-5,-2850,-220
55,3421,8
-72,1332,568
-18,3193,-72
37,2000,-712
-89,-2358,-5
-72,-7662,227
52,925,49
75,6831,860
-22,6584,5
-72,-5878,-690
0,-10384,-1480
50,3865,1550
18,9136,2857
-28,1106,128
54,-2325,-1429
16,-2254,-859
-18,-208,540
-31,-5426,370
79,3201,382
105,6832,-124
0,-1006,-1646
-58,-4321,242
2,-9340,783
75,9068,1932
117,9447,58
-10,-7339,-1531
-54,-4543,-38
2,3748,3007
90,6971,-178
29,-7160,-2682
-2,-11967,623
79,16487,1603
48,-677,-2669
-31,-7664,2257
43,14408,776
-48,-8445,-2941
-11,5642,3738
10,-2231,-2472
-68,-5459,1458
50,10048,25
-49,-10538,-721
-14,9914,1674
15,-3484,-2480
-34,-5206,2578
90,13212,-1023
-28,-14568,870
3,8825,828
54,103,-2032
-23,-7759,1084
46,13255,915
16,-11326,-2445
-10,-999,2714
96,9334,-608
-53,-14987,-1843
9,9479,2824
68,4934,-1325
-37,-16116,-1614
22,6369,3971
90,5889,-2069
-1,-11437,-3601
54,6120,5111
119,10458,-1828
-29,-19661,-1118
5,14278,3390
54,12264,-441
-83,-19452,-2247
-31,5898,3171
24,5036,-813
-32,-15139,-3784
17,1460,2717
122,14357,92
23,-12678,-2098
0,4914,3069
56,15226,966
-82,-16891,-3535
-40,-1923,4194
67,15338,-340
-11,-18081,-1571
2,-809,968
110,11828,-342
-10,-11614,-3060
52,4224,2979
73,12125,-996
1,-9391,-2049
13,4797,3048
75,8517,-389
-71,-14960,-268
7,7469,2126
85,-500,-2009
8,-12376,-923
86,6460,1975
147,7029,-1855
50,-13608,1255
-10,5129,548
25,9798,421
3,-3653,-1655
-11,-10584,-1545
104,5701,2159
75,10958,-765
-96,-12151,-3089
-94,-6338,2545
67,9066,1319
112,1159,-2030
-5,-4930,-730
-31,4689,1640
15,3279,195
44,-7516,-3484
24,-4559,-502
30,3956,3608
-7,9810,-642
5,-8184,-1950
4,-7251,-797
33,8777,2101
-48,4736,-870
-76,-11702,-3396
-8,-3988,1495
47,12146,1680
-74,2145,-767
-177,-11944,-1101
-55,57,445
17,11982,-216
-159,-4145,-2476
-202,-14877,-1133
-31,9956,2661
-21,5747,-1256
-165,-11215,-976
-105,2608,907
9,6622,-1381
-20,-7810,-4322
-129,-1642,2803
-46,8662,1717
-23,-6058,-2245
-70,-9286,-2364
-66,5388,1556
-72,5001,212
-41,-1697,-2866
-16,-8782,-2259
-18,985,1679
-20,9296,2562
-51,-2733,-3016
18,-4684,-1554
34,-2864,-374
-42,3938,1180
33,2501,-438
69,-3754,-2084
5,2645,158
-82,-4256,-879
15,-3311,-366
57,2685,-540
-20,-269,-404
-15,-2774,-316
63,984,-923
-32,3849,1161
-24,-3043,-966
45,-716,-1013
-29,-90,431
-34,-1342,-329
49,-179,165
-49,358,-318
17,0,7
47,268,-217
-65,-268,-136
50,0,26
-1,89,59
-35,-89,-76
86,716,-154
-50,-179,-331
20,-448,-177
-5,-89,-110
-41,0,278
68,179,-213
-13,447,-422
-16,-626,-241
7,0,-21
-44,-984,416
39,447,-94
-44,-179,-459
7,-537,62
14,-984,-148
-71,-5370,-922
77,1879,-441
-50,895,295
24,179,-743
29,-1790,-1394
-51,-1882,-554
62,719,806
-9,1879,185
-33,716,-30
76,2596,-647
-33,1163,-49
-30,-1790,-517
52,-895,-294
-21,2327,1248
-19,-805,-953
53,626,-392
-67,-447,295
-35,-3222,-625
47,358,-492
-68,1521,1455
-46,895,-269
63,-1432,-681
-23,537,-239
-33,-6299,-662
69,-443,-160
14,2983,151
-20,-1948,-559
38,-813,-1042
20,1072,-423
-61,-1990,-351
4,-2791,68
37,3302,159
-48,1146,104
-34,-3128,-1298
62,-1201,-762
-31,1087,-23
-60,-2348,-663
16,-190,1138
56,2934,-699
-42,-594,-719
-11,-2658,-893
42,-126,-907
24,188,-10
-69,-794,-9
-30,-1904,-788
34,170,-345
71,2048,-418
-20,-962,-331
-30,-2799,-574
44,-1441,-1135
73,3154,131
-4,1525,1
-28,-2034,-198
71,-2404,-372
40,2012,-525
-21,-570,-114
-97,-1410,-554
-22,353,-902
31,504,-687
-69,726,566
-44,-2257,395
90,658,-158
41,5634,582
-52,-1567,-229
22,-3177,115
66,1592,603
-48,886,111
-35,-5345,-125
56,-547,-368
-3,1164,-674
-76,-1050,-958
15,-2374,-1577
-9,927,-639
-65,1760,187
-37,-540,-163
42,720,-301
-2,2893,-209
-77,-2336,175
-70,-1433,-348
6,2023,-473
-95,561,101
-74,-3984,-153
13,-437,-333
-7,2984,-228
-59,-60,265
-91,-2406,-137
1,-1836,-638
-36,3339,758
-132,-14,229
-64,-3239,-796
-16,98,-100
-81,-74,-573
-132,-821,80
-6,-495,56
1,2880,-183
-56,-27,215
-61,-3371,79
26,-113,-448
54,2500,373
-46,2124,-83
-53,-3315,-443
42,-2651,-284
44,3412,-42
-40,3092,-116
-81,-1879,-322
-37,-2346,-467
49,-11,-569
41,6105,287
-14,144,601
-74,-3031,223
-14,-2430,36
43,2161,2
-25,1712,262
-91,-1034,-99
-41,-3072,-355
-22,-1121,223
32,2628,163
-24,537,39
-82,-3377,363
-25,-2224,-236
49,1051,-701
75,2739,-503
-16,2470,814
-35,14,568
-13,-243,-196
39,283,-91
-27,1796,680
-102,1318,1215
-40,-6579,-2368
43,-1645,-272
50,3680,223
-18,1080,311
-6,-1246,297
45,3497,352
-1,572,1029
-94,881,1867
-63,-3919,-1835
35,-2865,231
154,2154,567
69,2801,599
-40,4108,1707
-64,1855,1825
-10,-4835,-513
29,-2774,-585
120,3989,29
109,-642,477
169,5307,1301
135,3092,714
93,-85,1970
105,1499,452
16,-3716,930
70,3660,-1335
32,-3779,466
53,-608,688
69,-2002,-145
67,-2365,48
61,3238,617
35,-3696,-466
60,1582,-77
41,1336,228
46,653,156
24,251,-188
-11,2467,896
-64,3765,707
-61,-3860,-125
-37,-1494,514
70,-2593,195
68,1401,-495
110,2734,435
28,3738,12
-23,-2154,538
-36,-3858,-479
11,-787,388
37,1059,716
61,-2865,-276
36,5533,108
69,3146,630
0,1959,283
-11,-1848,-230
-34,-1293,508
-35,-481,137
4,-3378,-230
-1,-21,1183
14,14532,1427
18,1074,-1377
-37,-17775,-2813
-40,-1051,3367
38,15425,3355
11,-179,-4235
-61,-12883,185
22,5246,2470
84,11128,12
-18,-8976,-2154
-28,-7753,2529
55,16818,2140
5,179,-2444
-40,-14916,1472
31,6596,1298
55,8946,-488
-5,-8983,-2501
-21,-6891,1043
37,14980,4164
26,89,-1487
-26,-11754,300
-10,-3684,724
32,13648,591
16,1969,-898
-32,-13149,-1493
-5,1103,1988
74,11330,1904
37,1790,-742
17,-448,609
-23,-1252,618
-20,447,746
-41,-1432,299
42,1253,115
73,179,-334
20,3043,791
-61,-90,687
-42,-2864,-551
52,627,-32
-4,-179,491
-106,-358,-379
6,-447,1201
93,1073,-295
61,5639,1212
-55,-1790,830
20,-2327,-923
48,447,-464
-38,4744,1187
-66,-4744,88
13,2596,251
28,2438,447
-92,-1633,1008
-22,-3848,167
68,537,431
-44,3580,1221
-28,-2775,612
53,4731,609
49,3382,653
-28,2527,-1146
-46,-3654,846
27,-1516,-416
-3,2021,595
-100,-4716,717
42,-1074,44
86,6158,1155
-25,4579,1629
-41,-2939,-1345
57,-1131,-238
-12,735,496
-82,-3078,562
11,-1516,326
80,4566,860
-6,6272,786
-81,-2637,-840
7,-5946,-476
46,1066,372
-66,-1399,1319
27,6446,1413
63,1361,-672
-7,1679,-877
-78,-6446,74
-4,-2374,1212
100,7800,973
24,5460,51
-117,-5028,-319
-32,-7838,-503
73,3196,1547
-12,6306,1943
-50,2152,-359
-18,-5724,-1101
-4,-3978,546
-28,5190,1736
-33,3130,1268
35,1066,-1157
73,-361,-993
-6,-2845,1053
-12,-1027,982
122,3571,649
47,6669,207
-89,-3894,-609
-15,-9851,-895
19,4187,1959
-54,5543,1596
11,1078,-2805
-3,-4264,503
-64,-3586,1022
44,7136,1349
99,4658,163
-71,-2754,-796
-47,-10044,-919
84,3322,49
35,10088,1861
-81,-4364,-1055
-36,-9883,-663
97,8748,2052
30,7009,166
-71,-8161,-2389
-2,-6864,442
65,10222,2030
-65,4295,322
-64,-10917,-1454
16,2590,1522
11,9019,1771
-38,-1410,-1230
32,-5608,-1163
8,3494,3563
-45,5680,-82
-3,-4222,-1412
4,-7209,337
7,8404,2256
-23,2277,-1173
-7,-9992,-2776
73,1608,3070
33,10113,998
-30,-3742,-940
23,-9074,-673
7,4952,1745
-40,7252,1095
-50,-6330,-2278
19,-3400,580
-28,10662,1568
-13,272,-375
-19,-9503,-1379
23,2205,1981
24,10063,1155
-71,-4999,-1679
-23,-8807,-1723
108,5216,2993
23,9566,-513
-33,-5878,-777
31,-7853,-1270
127,3777,1946
74,8116,1421
-8,-2522,-946
95,-10153,299
128,1231,62
128,8515,931
137,3642,181
79,-5289,-1058
203,-4460,-1632
189,1242,109
156,1039,914
98,1054,1425
72,-1634,-635
161,-667,-1606
38,-114,-444
-32,-1439,1291
56,1958,896
112,4612,-659
-6,-2798,-1277
-73,-6354,761
38,501,140
63,9671,70
-54,-983,-1692
-69,-12483,-1446
48,4243,1643
6,8278,619
-66,-6833,-576
-21,-7091,-918
28,9868,1097
-37,3624,-674
-12,-10038,-3164
55,-836,1360
26,9650,891
-46,-4173,-37
3,-8320,-1222
-64,3523,767
-98,5262,-967
-46,-8769,-3310
-101,369,1777
-77,9415,630
7,-7886,-1752
-71,-2993,302
-91,9286,843
-8,-3877,-2749
-73,-7321,-2068
-153,5085,2872
-73,2721,-1004
-91,-5583,-1858
-226,-3534,1222
-94,7188,-441
-78,-2661,-2897
-180,-5259,930
-116,3851,609
4,1745,-3039
-109,-5834,1259
-136,1952,-309
28,2552,-1056
9,622,-1227
-119,-5078,-981
-60,-6433,-806
48,4097,484
5,7528,502
-120,-3581,-936
-36,-8081,-1737
53,814,-538
-4,1849,714
-11,2047,194
101,-2047,-1608
60,2737,-527
-31,-2143,-307
-21,-4218,-630
65,333,-721
13,1664,-157
-39,-3645,-536
37,-1343,-851
76,4211,67
-35,-111,-397
4,-3115,-576
43,2302,-854
-50,555,1
-12,-4110,-1332
32,2953,-433
-83,-1969,-564
-21,-4564,-1238
27,-90,5
-61,-358,-437
-32,-715,228
62,268,-319
-2,805,-190
-13,-805,-33
89,716,-966
1,1074,73
-33,-1611,-212
42,-268,-337
28,536,-111
-35,90,-106
1,-716,-124
50,1074,-754
-90,-895,312
-66,-2416,-282
75,626,-731
-26,716,673
-63,-1611,-564
53,-1342,-668
48,2953,57
-47,448,-191
-11,-3849,-366
43,-805,-875
43,4564,-176
-66,-447,-145
-55,-5102,-809
54,-984,-1814
-3,-744,345
-85,-1405,451
-15,-1536,-88
64,2497,-877
74,5931,-755
2,-1521,-740
-50,-358,647
-53,-5309,-1585
6,-3022,-579
63,-2116,-576
44,3050,56
-2,1386,83
-22,-333,497
-15,-289,-1015
15,-4265,-1545
80,2992,-475
3,396,-607
1,933,-271
-74,-3394,33
-35,-1814,591
-3,-941,-416
63,690,-1040
37,230,-100
20,4776,278
-20,2646,-231
-45,-2071,-241
-77,-5309,-597
-25,-4689,-884
40,1200,-1072
52,276,1256
61,3861,-174
-11,2072,607
-16,3661,241
-4,-5206,-652
-11,-4180,-732
12,380,-751
59,4989,-314
11,-1522,-611
-23,333,361
-39,-1154,580
-18,251,349
-17,-4366,-984
-13,-2734,-929
3,343,1306
40,2875,16
18,640,-114
-2,2008,183
-40,1526,1165
27,84,207
-20,-3722,-1166
21,-1439,126
8,3170,-531
31,3183,-519
-30,-3371,-312
-51,320,350
-52,-434,-576
-5,-5110,-723
-11,-2178,-418
36,2133,-345
34,2079,-861
11,2172,-95
-7,1608,167
30,-2029,-489
-33,-3259,-1119
-4,-3613,-723
14,-90,-1054
51,-542,-1147
5,2348,-399
-12,405,-312
-47,553,-9
-28,-2071,534
-18,-334,-431
1,-5024,-1250
39,-116,-599
53,-1192,-347
0,2444,-874
25,-1242,-721
-35,3171,277
-17,482,660
-45,-2031,-1058
-3,-3235,81
-11,3099,-278
18,-3868,-809
16,-2158,-975
37,2090,68
21,3879,-148
21,-100,-104
-7,1488,209
1,885,336
-38,-1978,-142
-12,-3466,225
-12,-2010,-460
25,-340,-720
-7,-1480,-46
47,950,879
42,2182,251
0,1986,439
-18,2620,369
-16,746,612
-55,-1801,-10
-34,-3657,-873
19,-193,988
16,376,-190
34,-938,-650
42,1896,-74
16,3963,220
3,1806,650
-30,369,-1030
-53,25,1012
-26,-4063,-218
-16,-3415,-178
25,928,-447
-9,-744,-1246
3,-58,-376
-22,3278,475
-26,361,118
-77,-1055,179
-38,-64,48
-44,-2085,-297
-31,-3604,-995
-13,-1521,-25
10,3748,215
-7,4352,-103
-45,-541,-136
-88,1505,420
-71,352,-436
-134,-5555,-877
-39,-3029,-1130
-65,-51,-1063
-28,914,-73
-70,2138,364
-104,1441,481
-127,-80,463
-68,-2942,257
-64,-1953,91
-8,465,-359
29,530,-1131
33,1532,93
20,4184,673
13,169,-284
-37,-411,828
-1,791,755
-47,-2609,-255
-29,-4364,-1261
-36,-17,32
-5,119,-714
-18,641,-182
-52,2523,631
-34,2486,595
-36,-1475,-232
-55,-1826,-178
-59,-937,312
-39,-866,-60
-45,-1907,-110
15,2800,683
-29,562,111
-33,1991,405
-51,3267,33
-112,902,304
-153,-1649,551
-76,-1976,1329
-86,199,499
-55,-1167,-605
-31,-310,-192
-13,4602,-249
-44,-22,-55
-59,2386,1375
-87,1900,948
-62,726,907
-107,898,1326
-59,1864,798
23,-301,-2357
-17,-2272,1199
46,4004,1176
10,-433,1046
18,595,985
48,1582,899
-22,-994,541
51,-363,-2134
27,1489,607
54,-3563,327
100,-30,1414
122,626,901
107,-2360,1094
133,1674,1207
161,-436,-1083
183,1555,764
296,3931,670
289,-3145,433
221,3187,1199
171,1003,238
118,-668,892
105,1733,663
83,-1545,179
101,-2985,261
147,87,516
151,748,339
65,3648,100
68,3456,79
4,-1640,769
-35,1358,963
-69,-1748,359
-4,48,157
31,455,-352
35,254,667
-28,3895,964
-74,961,440
-20,-2773,1024
102,-244,777
157,6662,1055
40,2953,1190
-9,-2864,1638
-8,-3549,-702
42,1938,242
-18,3938,1505
-84,1164,635
55,-1343,279
40,1969,313
-93,-358,553
14,-1253,708
60,1522,452
-71,0,486
1,-627,309
63,627,-71
-42,894,-21
-58,-626,456
27,-537,-137
38,626,666
-59,90,240
-1,-179,84
59,89,-22
-42,1701,463
-26,-1164,-55
80,716,111
-34,1074,596
22,-1879,565
42,1790,273
-51,-1701,342
58,-179,-389
-30,806,553
65,-716,-195
-13,895,1399
-8,447,326
16,2148,207
-67,-1790,519
52,2059,90
-44,-448,406
61,0,100
-17,2775,1665
-19,716,92
45,1615,713
-37,370,373
51,-74,302
-66,1740,923
26,707,403
-53,425,843
8,-198,191
6,85,315
-29,84,327
-10,736,252
-13,-255,115
2,926,565
-39,-1152,208
-20,2127,503
-30,-1165,120
-13,1522,294
-7,-999,44
-8,951,519
-10,-475,-2
-28,570,565
-3,214,183
-19,659,176
-12,-188,-19
6,1626,489
-26,-539,105
23,1520,316
-2,-114,391
33,959,300
-52,-487,107
40,1213,-178
-70,-1025,342
13,-1899,-510
-46,147,763
-36,-1777,279
33,2097,495
-58,339,673
79,1074,190
19,4265,800
-27,-1932,-128
58,1798,-91
-77,-1638,305
-1,-3115,-372
32,1320,387
-42,-2130,251
96,641,69
124,4742,694
9,512,333
94,-113,322
157,1429,111
36,-1663,665
91,-3435,-402
187,2743,608
58,1025,1116
145,-1956,632
220,2877,617
112,611,448
128,-526,177
197,647,-542
94,2473,601
-21,-2150,403
95,-1338,775
67,1095,629
-4,-484,242
106,-1022,-355
95,5014,805
-32,593,349
17,193,-959
24,1678,1197
-59,-6066,392
60,-888,-89
-6,2080,456
0,3230,366
50,1823,-1004
-60,-412,-758
-57,-7529,1677
64,525,-8
-49,6951,393
-5,180,-628
26,-371,-1085
-99,-5158,-644
-1,-4058,103
77,5967,1800
-46,5875,297
-27,-4077,-1431
-2,-5479,-176
-64,1943,1589
4,3808,124
43,2078,-2509
-87,-5219,1404
-35,-5746,-814
80,4989,481
-32,5099,-48
-42,-1790,-1595
25,-3875,-1492
-19,-94,2622
3,2230,992
76,4385,-900
-78,-4839,-1953
-57,-6447,-1009
62,2441,755
-53,7004,1255
18,-1695,-1140
-68,-2931,-485
-115,-6276,-1051
-31,-453,-248
-87,5317,332
-188,3556,-1737
-168,-4928,-2428
-271,-5163,1234
-156,6152,937
-185,4773,-1473
-305,-12980,-2931
-172,-1284,460
-134,8076,1178
-102,-2042,-2873
-39,-1948,-493
-99,-5153,-248
-21,1566,-67
15,3474,-1092
-112,-2950,-1102
-11,-2939,-1300
-66,255,-468
-58,-1591,-573
21,259,-681
-63,-2329,-791
30,-444,-780
-40,2145,-106
28,-1849,-1323
-1,0,-483
-58,-5256,-840
60,1969,-525
-47,2417,-901
56,-2954,-1101
-41,-1700,203
-13,3132,-248
-38,-4743,-2192
25,-895,-477
31,0,-542
32,-268,-204
43,268,-302
-38,0,-361
44,-179,-369
-80,-716,-205
-32,269,-286
-104,268,-348
-158,-5191,-978
-74,895,-521
-166,-1521,-182
-35,1790,-590
-75,-895,-818
-127,-2148,-822
32,0,-917
-59,1700,-394
-47,-4372,-1184
35,110,-849
-57,1701,446
-23,-2701,-2293
24,-142,-401
-84,477,377
-18,-1410,-508
19,1047,-652
-83,-821,21
-44,-2779,-440
44,2609,-928
-29,2130,197
-53,-4358,-260
53,-428,165
33,3477,592
-45,-1047,-36
2,-3559,-495
102,1010,-1066
95,4351,440
60,2625,1146
132,-2440,768
140,-799,-82
192,-2310,-518
200,-1403,-447
170,23,771
148,452,280
100,571,48
113,800,-430
94,1245,-701
-7,-2473,-235
50,1907,1473
9,-962,398
31,2263,282
18,2312,368
23,555,301
6,1086,1085
14,-1197,808
44,-2329,-553
3,-2209,348
18,2098,-80
31,-2239,345
60,764,-902
50,1046,-906
55,4424,53
-37,985,1225
-41,-2984,740
-40,-3387,-124
16,1909,-168
66,5804,200
-26,3133,193
-90,-8013,-198
0,-7789,-751
120,3322,-95
48,12032,481
-94,-3401,-1476
6,-7647,-2524
6,-1079,1492
-37,4932,1797
-49,1467,-676
14,-5405,-1741
16,679,-143
-56,2371,630
-10,-2626,990
-5,-2179,-334
42,1217,-355
105,5548,335
-22,4244,537
-90,-5242,-810
-39,-6171,-1671
29,-1434,348
23,5904,1243
-46,4168,1315
-45,-626,-358
13,-4863,-1056
42,-28,-666
-17,4085,700
-91,-1109,597
-82,-2326,-478
-24,-1018,-537
-25,1495,440
-139,-477,377
-100,-2867,-216
-22,1821,-145
-95,3187,387
-196,-740,-181
-110,-1910,-181
-55,3241,-31
-146,1419,718
-137,-2824,-380
-50,-1610,-1238
-27,-1159,452
-114,1471,348
-140,-2397,378
-62,2697,-80
-101,2736,136
-193,-1849,317
-41,74,-389
-2,2772,-575
-59,3490,207
-35,-5079,-72
69,777,-137
22,-370,883
-31,-813,543
3,-851,240
101,555,-1111
-20,1627,879
-66,-777,773
12,-1220,-29
105,1738,407
28,1549,376
18,-4433,586
115,1738,-499
266,2964,317
303,5907,903
332,357,2013
245,358,1429
226,-1163,622
130,-3222,470
133,-4240,-731
139,5404,379
10,1432,1169
-7,-895,-136
49,-3133,-1475
85,3938,-332
76,1343,1754
-19,-448,890
45,-89,-87
118,537,-957
-46,178,626
-21,-178,750
22,0,27
3,1342,86
-90,-985,-134
8,-268,221
36,89,56
-56,716,378
1,-716,-284
94,179,-1
25,90,373
-73,-537,30
38,-1253,-59
103,1343,-125
67,178,-32
-4,-89,109
-8,-447,482
68,-806,603
23,1253,-431
-2,1253,-116
-100,-1253,-299
-66,-1790,-202
0,-716,1032
54,1611,63
41,-358,-411
69,895,-226
22,0,-133
51,358,-282
54,268,-73
11,-268,-83
46,-1342,683
55,-2506,126
99,2953,670
88,716,915
82,179,-247
76,1074,-285
63,-627,108
34,-447,75
38,0,39
45,0,196
75,1611,984
55,895,624
115,3222,1080
144,-2864,-1030
191,-2775,-327
267,448,1294
315,89,123
228,-626,510
159,1879,1298
58,-1253,-59
-57,358,1446
-128,179,-709
-101,3580,-2675
-150,-179,-786
-120,-2685,-247
-141,-1700,-4
-50,3490,2551
-68,-805,-346
-80,-1880,-1503
-169,-716,-682
-210,-179,-1138
-143,-89,-868
-300,-447,64
-179,626,212
-283,-537,-543
-167,269,-586
-254,-716,-607
-108,805,-415
-120,895,-477
-86,-895,-67
-68,89,122
-69,-89,-413
18,0,-261
-84,-984,-364
16,-2327,-464
-3,-4534,-1593
29,111,199
35,4512,92
-43,1074,-620
-3,895,-644
-88,-1432,301
-32,-895,9
-97,806,-180
-35,-5921,-1520
-18,-925,-1554
-50,-2417,-1257
-16,3157,-112
-107,776,-642
-85,3092,637
-159,806,376
-91,-2327,-984
-158,-4627,-1086
-83,-1612,-1024
-149,-1869,-685
-85,2378,-569
-174,933,-358
-166,638,-668
-208,-355,-126
-148,-452,92
-181,-1641,-284
-39,-2340,-667
-25,-836,-554
70,3261,-120
-78,2289,-509
-16,-3424,-236
-5,-3472,-496
145,3758,-199
-17,1471,475
-23,-1329,539
-60,-2492,-1294
19,-2710,-893
42,3966,168
-77,761,300
-93,-190,642
-119,-1785,-565
-21,-2279,-95
-13,3073,-1195
-27,2084,365
-115,-2209,548
-35,-3265,-15
8,-329,-349
85,3996,-51
-48,1888,-320
-29,-1032,191
-6,-3961,-189
67,-701,-190
0,3687,537
-124,1926,402
-153,-2021,660
-116,-3592,-2130
-19,-34,-78
-18,1791,-57
23,4050,897
-113,-550,1172
27,-2898,402
64,-1790,-1591
143,528,-494
124,5276,1314
-32,311,1304
139,-3573,262
129,-1212,-144
164,3851,1082
29,2727,-826
35,-3625,456
179,-665,645
196,903,218
221,4607,1112
201,887,1575
240,-5422,-591
429,956,323
352,4873,1807
170,796,2029
246,-3802,584
246,2599,-238
126,5499,1112
118,1432,646
-40,-2774,1278
70,-1790,192
51,-1738,468
92,1290,-482
82,5639,938
18,89,1396
95,716,1446
42,-358,620
56,-89,240
139,-537,91
36,-358,50
148,1163,243
54,179,1071
88,716,312
103,2416,338
3,269,399
101,805,253
43,1164,724
47,-1522,61
111,3312,1920
-4,-537,512
81,-2059,-166
61,2327,419
16,-4027,139
151,1879,411
118,3065,1888
96,-4407,384
192,1432,377
167,3123,836
103,-74,-62
203,-1796,129
132,3497,1456
3,333,2151
98,-1368,-401
2,2033,-60
-27,-739,-100
48,1092,-147
-28,1216,532
3,-1828,1609
30,1998,502
-50,424,-326
41,-537,-747
-2,1840,-159
-66,-907,-422
47,859,-75
-60,1023,2253
-16,-927,-472
18,1141,-480
-80,-1831,-594
53,71,-803
-16,-336,-46
-44,-2008,1532
55,1527,170
-73,-1584,-1000
17,-457,-787
12,768,-503
-30,-1914,-514
94,1220,-24
-46,-924,2006
19,111,-470
-14,332,-1016
-65,-1663,-569
46,1516,-620
-57,-1405,-267
0,-444,1332
-20,444,-31
-95,-629,-1185
-123,259,-1187
-245,-1577,-1192
-217,627,-722
-300,-2775,-687
-337,-1163,463
-366,-448,-1319
-319,1253,-1082
-270,1432,-1294
-202,-1253,-1592
-284,-2685,-1491
-199,-984,133
-241,-716,-691
-55,0,-517
-126,0,-480
-67,-179,-206
-41,179,-307
-99,-716,-113
17,269,-331
-88,-269,-67
-69,-1432,-541
10,448,-487
-109,-2506,-421
-40,-2954,-2080
-41,1969,370
-121,-2506,-812
24,-962,-1300
-111,1678,-8
-145,-1567,-1248
-161,148,-729
-334,-1405,-955
-274,-628,-1592
-387,-529,-666
-238,-481,-864
-259,311,-493
-225,-594,-1343
-138,481,-1019
-216,-2255,-2547
-85,-2963,-1259
-79,1004,-169
-117,-2975,-894
49,-426,-1021
23,1707,-449
-24,-3140,-1388
30,-1664,-2172
84,1520,-348
-9,1473,334
-13,-1666,530
-77,-1793,-811
82,-2940,-620
49,334,-2388
4,-911,-346
80,-3381,-284
110,1864,248
11,3332,751
-37,-1276,68
48,736,-1073
-14,1926,-503
-67,-3085,605
-9,-2470,-105
31,330,-78
-64,-1402,232
21,-823,-444
100,2769,-1297
-25,3199,1074
-39,252,1003
51,1621,568
4,884,1372
-124,-2378,949
-12,-4122,-1249
90,1883,-357
88,2565,746
57,1680,869
63,-1424,374
90,1956,1198
63,915,947
0,1097,-908
16,-3296,6
-30,932,267
-66,4183,783
-173,425,1052
-109,-2556,158
-1,87,-1768
73,1761,514
140,584,1686
246,-1470,1559
344,-132,435
421,509,224
373,2178,1471
349,-418,188
481,2601,1462
457,5245,1734
331,-554,963
211,-3163,1409
231,-1362,506
182,2182,770
50,594,1014
96,28,432
86,4938,1243
-35,3043,2111
33,268,981
-9,2238,2164
0,-895,1139
80,179,773
12,-1969,27
143,2237,499
91,895,367
132,2506,464
32,1969,1598
73,-2148,846
52,-1164,401
202,179,-292
73,5728,1132
54,2217,1987
-15,-4902,1115
99,-984,675
199,5442,757
69,3307,1209
-13,-2086,1175
60,-1442,-12
52,1552,1480
63,3635,1471
-15,1839,446
-46,-3074,59
108,-509,-205
96,622,-155
3,4152,1559
25,728,1988
-54,-2783,292
6,-238,226
78,2377,107
5,2421,194
16,1173,682
-44,1043,1973
-83,-240,782
30,-2304,-382
56,-1637,-801
77,1244,-180
97,3499,507
-21,316,601
47,-2065,1913
154,64,-580
115,802,-431
153,2872,682
127,-1120,-124
159,-3716,-884
236,3238,2552
130,1598,282
-6,-2215,-618
165,-3141,-966
185,1570,-1010
191,3148,32
188,829,2068
28,-3560,820
54,-2722,-1078
108,754,-1295
27,-811,-1722
-14,1191,-376
11,2053,-379
-95,225,3118
-44,374,-574
-55,-2877,-1401
-65,-2341,-1126
24,-648,-1323
-7,-376,-1201
-34,-518,2318
-84,560,-566
-290,-147,-1791
-512,-1341,-1482
-490,-642,-1425
-510,737,-1164
-591,-1780,-72
-573,-1667,-624
-450,564,-1278
-342,-1377,-1112
-307,-1923,-978
-168,185,-576
-97,-1145,-984
-76,-2416,-660
-14,0,-943
-22,-716,-1620
16,447,-1075
-90,537,-998
-42,537,-165
-91,-1611,-953
-86,-1611,-548
-92,-2148,-1001
-101,-89,-259
-25,89,-669
-103,-89,-284
-45,179,-184
-141,-179,-422
-100,0,-298
-156,-1342,-303
-71,-2417,-696
-96,-895,-843
-108,-537,-1352
-82,-716,-1408
-88,2238,-591
-134,805,-977
-172,-3043,-1075
-91,-2049,-718
-160,-3685,-1005
-27,-1443,-2000
-89,-141,-1373
-42,1443,-147
-231,848,-350
-158,-1386,-525
-212,-3139,-1319
-129,-3539,-2534
-101,-467,-1652
-94,3399,-100
-150,628,-203
-206,-4010,-355
-265,-1470,-688
-381,-2428,-912
-412,1119,-3350
-500,-2115,-1090
-368,-121,-396
-335,-1451,-389
-163,141,-175
-66,244,131
57,3542,-2614
-11,-990,169
33,-1230,1379
66,-2588,821
70,62,93
121,4807,1033
-62,831,-875
51,-2222,-1023
383,-128,1427
625,5444,3044
594,-3559,1404
908,2302,1181
614,-1452,786
890,6045,242
445,-3279,2400
638,1586,1077
361,2644,1304
229,-3083,76
273,2251,18
103,2481,1627
73,-2315,525
267,-475,-127
90,5050,1454
58,-1072,858
39,-3170,99
136,5056,945
50,2995,1249
-42,-985,1525
-57,-1751,510
92,-1221,-255
23,2972,697
65,4207,2659
-32,1163,1412
74,-2237,626
45,-2417,-531
137,3759,735
27,2506,1022
79,89,-12
-14,-1163,1442
142,-447,55
64,268,-15
148,1700,191
10,806,303
2,537,527
-20,-1790,813
160,0,280
143,984,-60
184,5281,1323
111,-2954,491
229,-2416,-91
199,268,972
242,6534,1471
53,222,1107
95,-1207,269
102,-4206,-445
236,1074,-443
262,6040,1480
253,665,3287
397,-1700,478
547,-851,-361
540,5350,1356
351,-3649,148
556,37,-489
401,2508,4461
278,2400,446
262,-1608,-445
177,-2450,-947
285,640,-1182
136,2395,-51
122,262,4246
-13,1379,986
-14,-333,-1476
-246,-2062,-1524
-541,-396,-1736
-791,-1885,-1284
-1133,2507,1312
-1169,453,-1332
-1094,-9523,-2984
-830,4086,142
-521,4927,-1307
-463,-3707,-1525
-265,-2890,141
-269,-268,105
-125,537,-912
-175,-1790,-907
-93,-806,-1387
-142,-1879,-816
-58,447,-795
-138,-1253,-769
-90,-537,-706
-96,358,-1037
-98,-805,-862
-65,0,-665
-157,-179,-507
-135,89,-289
-189,-178,-525
-112,178,-318
-143,-89,-176
-144,-179,-660
-435,-1432,-357
-460,-447,-1431
-461,-895,-1834
-357,-716,-1645
-365,-5433,-1874
-276,37,-854
-337,-1590,-1253
-310,-363,-1573
-357,-1245,-2611
-340,-707,-758
-347,-1933,-770
-226,-933,-1000
-230,-606,-903
-94,-730,-1650
-196,-1896,-3958
-69,-968,-540
-21,190,-12
-99,-3712,-268
59,-113,-289
7,113,-61
-20,-2715,-4516
125,-1172,-120
63,3251,1272
-28,2057,1718
18,-512,347
60,1747,552
-63,417,-3163
-128,-4503,378
4,-2346,591
100,1151,597
19,3565,875
-9,2261,1837
5,-1283,-2327
619,-3200,-278
1214,5478,3352
1145,-1171,2786
1118,5032,2978
776,-3912,306
432,3954,1382
194,-3315,1034
332,245,882
275,6803,1212
147,1958,1927
187,-1035,827
267,-1686,226
172,480,676
199,1132,665
-1,5955,1801
-56,984,1684
-67,537,1106
-96,-3132,760
1,1611,1007
-74,-627,799
12,2954,708
-94,-448,442
19,2417,238
-12,626,708
29,89,566
-27,537,356
13,-358,85
-58,-268,264
16,0,67
-29,0,468
85,89,606
51,1253,174
119,895,453
74,5645,1818
105,481,1191
119,-2456,852
134,-3938,-562
265,1790,1197
160,4271,835
121,3441,818
34,311,1359
18,-979,698
58,-850,389
55,-888,1418
66,-37,15
68,-259,-61
115,1923,-225
39,270,440
106,1414,265
39,1956,2432
91,-594,235
2,1236,223
15,862,-106
40,-168,228
-28,-599,127
62,808,1783
4,1577,348
-8,-2147,-393
87,-24,-442
5,1619,614
-1,-460,369
98,1031,1740
19,4119,254
-115,-1470,-235
24,-1124,-1204
10,-1694,-317
-69,-2710,813
52,689,1756
70,6085,268
-147,1205,-839
-143,-1574,-1929
-230,-9584,-1746
-299,3298,2750
-138,10410,-799
-218,-9455,-664
-344,-2839,1035
-132,9233,255
-127,-2234,-2259
-237,-6631,1393
-66,9241,-778
-32,-4305,-547
-37,-4324,225
-28,8253,1812
-65,1609,-1052
-20,-11662,-2712
-28,-3794,2000
83,8854,310
36,9076,-417
-108,-3903,-1054
-84,-14397,-2156
9,-2833,1534
119,11785,1295
24,8393,-1475
-100,-9859,-1472
-65,-12020,-1592
51,9037,2063
-53,7204,613
-106,-4815,-2216
-67,-4526,-379
-127,-1700,-840
30,554,-386
-22,962,-461
-44,1105,126
65,3010,-217
-39,-713,-1474
30,-4881,-815
-1,591,-10
-84,-1711,107
50,-447,-805
-49,447,76
-50,-2237,87
53,1253,-751
-39,1771,-176
11,-6246,-1142
49,1879,-52
-44,179,922
12,1790,-767
67,2102,-617
-22,1960,-31
-71,-2145,347
27,-5049,-2544
55,-2506,-81
-26,2416,902
-45,627,790
-6,895,207
39,6930,-1083
-1,-8452,-1349
-22,-1432,-270
-34,895,844
44,7710,2084
-34,-888,-786
-30,-9059,-2560
-20,-4206,1077
61,9665,1272
72,-2327,-3175
-32,-3758,115
34,-716,1052
55,4564,-426
3,7919,-499
-61,-8725,-962
-64,-4564,498
-6,5638,1507
14,1074,-1065
-24,-5817,-1784
-14,-6746,1139
67,8178,510
73,7697,-520
-10,-4565,-86
-37,-3400,-338
-14,357,637
-4,537,-764
20,-1073,-1141
26,-5997,-2263
38,4207,2377
11,3937,955
21,2506,-129
-49,-4206,-872
42,-6891,-2844
2,3132,1455
-23,3043,1851
-42,716,3
-25,89,-550
3,-89,-2266
-93,-1074,462
-123,-3043,1579
-37,2506,-623
0,1611,27
-64,0,-1663
-138,-895,538
-89,-3759,-759
-26,3401,1931
32,1253,-956
-7,358,-1722
-34,-3669,-605
-3,-3401,1534
38,8770,1782
4,6490,-960
-68,-7653,-2174
-61,-7428,1041
-53,3938,1787
55,9844,1365
-77,-6981,-4022
-113,-13352,-2359
-21,2873,2877
-23,10211,-169
-15,-1969,-1105
-78,-15016,-524
37,7032,1587
76,9685,1089
33,-3759,-2881
35,-12269,-1643
92,7194,3573
152,9191,498
88,-89,-2219
6,-12037,-1977
65,-254,1752
78,11844,2529
74,8366,-1729
-13,-7830,-1361
-21,-6712,1652
20,1522,1716
45,3580,-3120
40,1610,1403
20,-4653,177
66,-4205,-1606
-1,-518,-81
35,5707,1113
-31,895,2412
-62,448,-46
34,-4028,-627
54,2596,648
39,3669,81
-40,0,-293
-2,-2595,329
41,-2417,-123
63,4744,-492
9,-90,33
-62,0,995
-31,-2595,-770
52,-6482,-148
68,4244,-800
-8,4654,792
-78,-4743,497
-20,-4857,-1628
16,2888,606
66,5459,589
-35,179,266
-43,-1700,392
-21,-4386,-813
51,-74,-752
51,4281,1057
2,3490,-294
-27,358,-72
-12,-1521,988
38,-3670,-285
20,4028,-962
30,805,-898
-70,-2148,446
-59,-5771,1109
-11,-1627,-796
51,1405,-189
39,5456,646
9,3132,151
-48,-358,-2780
-99,-3132,1218
-32,-10338,-520
25,1655,73
67,10115,1920
22,2058,-1543
-69,-447,-1085
-73,-2774,1453
-43,-7216,165
29,-110,-360
51,-407,-771
78,6211,1297
10,4385,-1179
-16,0,34
-91,-4653,579
-7,-7869,-535
25,1852,-204
55,7896,1896
-36,2774,-942
-61,-89,157
-92,-5280,-383
-29,-8672,-2018
58,2085,304
28,11241,3675
30,3490,-1383
-81,-2864,-291
-52,-8622,-486
2,-3019,-893
76,3056,908
63,7869,1692
-1,1074,-1784
-56,-269,208
-69,-4206,-119
1,-10263,-938
51,2909,911
100,10039,2377
31,2058,-1909
-30,-447,8
-88,-2237,299
-24,-8153,157
28,-555,-832
80,2699,913
84,7799,463
23,1163,-409
-23,-895,-212
-48,-1969,786
-6,-9926,-1441
48,6346,2049
60,1701,810
88,3848,358
53,716,-2192
-37,-716,-62
-29,-1790,2197
-6,-537,230
42,985,-601
1,1342,264
-22,-2148,-1317
2,-9436,-1489
45,7109,2321
42,6533,1293
-17,895,-3773
-89,-3042,1908
-53,-9198,721
-1,-74,995
36,8287,272
37,1074,-1403
-7,-3043,-557
-24,-1253,843
6,4296,1579
29,8695,868
-28,-5205,-2005
-71,-5906,-48
-21,-7278,1734
42,5309,196
52,4385,-428
29,179,-635
-4,-3669,-2266
43,-627,1184
37,4206,1636
41,8570,236
-9,-2663,-976
-61,-7070,443
-40,1074,1850
26,3938,884
-36,-3938,-2251
-19,-12178,-1457
20,4074,2350
114,11147,147
9,7612,-780
-51,-10834,-453
-39,-716,1048
34,9480,1555
-56,-8406,-1759
-34,-10464,-1538
2,8764,2416
84,6712,477
7,2913,547
-58,-8015,-1341
-55,-2863,231
30,2774,2166
32,8067,-114
18,-7262,-2982
-26,-2863,647
85,1969,888
36,9006,576
-30,-1578,-1472
-88,-7339,-200
-37,-3401,826
46,4743,855
56,-89,-1285
-47,-1253,-578
-2,0,803
-26,268,2266
27,10461,186
-57,-10103,-2280
-10,-5817,-553
50,4475,1549
91,10632,991
-17,-1812,-1333
-91,-7567,-1098
-69,-5370,1077
46,4475,1388
67,5728,-388
43,5847,-888
-69,-11217,-1156
-53,-1163,1104
48,10672,2402
-42,37,-597
1,-7846,-2768
-39,-8860,-694
75,7160,1975
31,11980,3256
-18,-452,-3636
-94,-11170,-228
-41,-7160,620
45,6355,1047
95,7249,-1593
-15,-5102,-2010
-16,-1700,3434
-42,3490,-71
18,6869,817
-75,-7943,-2607
-64,-7607,-579
15,4028,1753
85,4474,-445
21,8726,-38
-23,-4430,-532
-20,-7607,336
12,1163,2362
30,13098,1036
-35,-4937,-1640
-33,-9592,-1929
13,-3312,1398
62,3938,362
77,9003,-300
-23,-8645,-2366
-6,-537,1567
-31,626,752
38,4654,1493
-48,-1253,-1797
-3,-5280,-1705
-10,-2953,3281
85,5280,-738
33,10105,-330
-52,-1738,-849
-92,-9531,-880
-9,0,1296
-1,2506,-1240
3,1969,282
7,-1253,-730
13,-5548,105
36,2237,882
24,9213,2272
13,4810,-957
-57,-5401,-507
-50,-9338,-1649
-15,-5907,397
77,6176,646
81,7428,256
0,2528,1102
-62,-4587,-833
-77,-5638,-1412
2,-3222,1477
35,4743,878
51,6086,-1890
34,-6533,-1543
-30,-358,1176
-28,-89,158
-21,8378,2960
-3,443,-580
-24,-8195,-3677
-34,-2595,1503
61,1342,303
36,7697,90
-3,5537,410
-78,-9744,-863
-76,-3669,-1294
15,-716,1679
31,5191,976
5,-2417,-2523
-5,-5101,-114
29,1522,882
44,3132,-9
40,10218,856
-5,679,-138
-32,-11076,-362
-14,0,398
57,5728,2592
-38,3540,-2363
-51,-9805,-772
-37,-1969,103
31,2864,2305
16,4296,-1433
12,-6623,-2010
-24,-3938,4460
37,5549,-765
61,12141,145
-20,2179,-590
-51,-12530,-679
-48,-1969,583
76,3580,-130
-3,8655,1558
0,-7223,-2333
-33,-6444,-1030
13,-358,2170
60,3580,289
27,9936,88
-24,-1662,-794
-56,-7648,-981
-33,-2237,1023
37,7703,2627
17,4551,-1104
-35,-9122,-2836
-11,-6354,-89
11,2059,1429
85,3758,-456
39,8641,130
-55,-10789,-2562
-68,-626,1242
-8,0,1606
19,1879,340
25,1790,-1751
-6,-3669,-1591
-7,-805,266
40,1073,752
9,10313,1530
-54,-924,89
-73,-9299,-2605
-27,-5459,-453
45,2774,2356
75,3669,-608
36,8241,-344
-36,-2065,17
-61,-7518,-1178
-41,-537,2107
33,537,-1623
2,2685,22
44,-2327,-1021
7,-447,92
3,89,783
-5,7160,3111
-16,-3491,-1471
-20,-3669,-1849
35,-358,-155
11,358,-365
-18,0,-255
-12,-89,2016
42,626,-105
60,-537,-1484
33,2148,-42
-43,268,12
-78,-2416,-465
-47,-805,513
60,268,38
72,537,-452
-3,2506,237
-36,895,480
-85,-3222,-803
-26,-2953,-1369
44,-895,692
52,3669,425
2,1074,245
-44,-895,340
-28,179,-404
1,-358,-474
49,-179,-1000
-9,-2148,553
-26,2327,652
-23,268,180
14,-447,-258
-12,-626,-423
31,0,-201
-13,268,-1478
-4,-89,442
-57,537,1572
62,1610,1193
-6,-1253,-1395
69,-3042,-1285
-4,-3670,-1314
24,4744,1550
18,1432,1156
-39,268,-146
-43,0,-1184
-18,-6712,-1577
34,-2871,981
20,9583,1728
-20,7882,1041
-103,-7882,-2212
-47,-10359,-944
53,4810,-40
-1,5549,1856
-13,805,-225
-53,-805,-105
-9,-537,-1777
35,-1611,342
-28,985,1641
23,1252,460
-36,-178,-254
3,89,174
4,0,-316
-16,-5191,-878
-110,2327,691
-8,2864,1558
-23,268,-840
-7,448,-1238
-8,-4027,-620
12,2953,1440
-17,358,706
-23,3938,358
-34,-3133,-867
26,-1342,-2805
38,-9379,2876
60,9558,515
22,10015,1170
-34,-3213,-847
-90,-8144,-1265
-30,-9573,-260
51,6619,376
85,6533,778
-2,1880,-1268
-42,-3312,474
-51,-805,1103
44,447,1766
-28,2417,-681
-30,-5817,-2120
-63,-3401,1372
75,11366,1744
3,-6175,-2190
65,4027,1068
60,-1164,-69
56,-805,1297
95,7197,-937
20,-8897,118
62,5459,492
69,-4475,-1731
-5,-3848,1956
45,7428,-124
12,-5370,-1969
-45,895,2508
73,7697,-448
1,-6623,-390
-28,0,1456
51,4833,-1605
-78,-7965,-878
28,4027,3223
55,8133,-1899
-62,-12250,480
39,9308,544
32,4606,68
-66,-10781,-455
-21,1700,1513
56,12341,-1706
-67,-12968,149
4,-626,1679
28,12669,162
-49,-13027,-2497
-36,-3669,2375
42,16300,2908
10,-9678,-3776
-59,-6801,273
34,5817,1341
31,1879,-3159
-28,-6533,-507
28,2596,4327
66,12013,-1450
3,-5659,-2001
-45,-6265,1173
17,10507,2672
8,4658,-1136
-80,-12749,-975
-28,-1253,790
19,8937,1360
-6,-8042,-3847
-24,-8144,145
59,5907,2647
60,11282,-813
14,-8239,-1905
-17,-3222,1811
53,12282,2516
15,5794,-995
-60,-17271,-1963
-65,-179,2243
34,9463,1040
-7,-9731,-4279
-7,-3759,737
62,11277,1423
4,6006,-1120
-98,-12540,-293
-30,1790,2442
-8,5995,-542
3,-8769,-3573
-35,-3311,2013
75,11600,968
0,2255,-1330
-106,-9828,-399
-66,-627,1572
56,7682,2432
-1,148,-3159
11,-7203,-291
19,-984,1034
65,8779,295
7,5988,750
-65,-7339,-2428
-65,-7428,-284
-2,1789,2317
54,5818,-404
43,-1164,-2746
-51,-8144,194
-34,3580,1617
-12,11161,890
-40,-6597,-1767
-43,-9128,-964
42,2058,1497
50,12168,1197
-51,424,-2818
-111,-11697,55
-23,-2148,1404
81,3132,613
34,6265,-2208
-15,-6265,-1032
-66,-1073,983
38,1163,1765
-18,6882,-121
32,-7956,-2525
-18,-4654,518
85,5459,1196
32,12137,-505
-48,-5514,164
-92,-9218,-1138
-16,1790,2706
46,3938,-335
35,-4654,-4074
-40,-7314,684
46,8119,1496
52,14671,914
-56,-6582,-2151
-97,-11310,1243
45,6712,-1905
-9,-269,577
-64,-16197,-314
16,12886,2710
57,1790,-3063
-36,-11595,-1612
21,10610,2993
38,-805,-1681
-56,-8843,900
70,12065,1111
31,-3222,-4012
-51,-4206,3861
59,13197,-256
-19,-15345,-2443
-8,6533,2808
46,10587,-109
-44,-17478,-3202
-23,6712,3897
33,6802,-339
-55,-10829,-2412
-7,895,2666
67,12197,1170
5,-111,-1715
3,-12444,-147
70,3401,2404
62,11277,698
50,-7519,-2950
-25,-3669,529
60,0,852
16,7607,863
29,4911,1366
-39,-2750,-241
-63,-1036,-42
-34,-6584,-1249
-3,-2148,918
23,-447,337
85,715,-838
45,7725,350
15,1997,1681
-53,-7305,-1572
33,-2059,-1370
45,3670,139
-19,6285,1568
0,-2810,-22
110,-1685,-1582
35,984,78
-71,-5370,-235
39,-358,-470
-39,1701,-130
-82,-2148,1063
25,1611,-414
-30,3043,433
-38,-4386,88
28,1790,-670
-55,1164,457
-51,-3580,-668
53,984,168
-51,-984,102
3,-448,570
73,985,-257
-61,-627,-270
7,627,-416
19,-90,-620
-81,-537,575
28,716,-84
-1,-805,144
-29,-269,116
21,1880,-178
-99,179,186
-8,-1074,-464
-42,358,-481
-70,-1432,-247
89,537,-244
-17,537,-91
15,-716,12
60,1432,83
-12,-985,-90
-62,-805,-348
36,0,-47
47,984,-181
-81,269,553
-58,-1253,-374
29,-716,424
14,805,-493
-76,0,469
-19,-89,180
29,626,-608
14,4654,121
-77,-1432,301
-46,-4027,-523
-9,179,2405
103,9990,1723
25,-1738,-1277
-35,-9057,-1459
13,2326,2507
95,7692,-2033
-58,-11361,-23
22,9576,1562
6,4354,623
-91,-14109,-1294
28,8681,896
-13,-1790,190
-17,10077,2325
3,-689,3086
-15,-238,2674
-2,4607,3672
88,76,1691
200,-7463,-5825
631,-10934,-6909
325,-9324,-7842
59,-1893,-6451
-749,-2117,-2715
-356,-1260,-2171
-121,-713,-844
-35,-1051,-333
1,-230,-743
-10,1590,415
7,3668,2957
95,7213,6147
12,4117,5000
-106,89,1155
65,-89,137
150,-89,-140
26,89,162
-46,0,-27
-15,0,236
-2,0,-36
-1,0,-84
-5,0,-68
1,0,-41
9,0,50
-1,0,184
-4,0,-73
2,0,-81
-1,0,-55
3,0,-38
-2,0,193
1,0,28
-4,0,-81
0,0,-71
-4,0,-49
12,0,-31
-3,0,251
-6,0,-48
7,0,-85
-7,0,-60
2,0,-38
-2,0,112
5,0,114
4,0,-77
0,0,-75
-3,0,-51
-6,0,-37
6,0,230
-2,0,-16
-4,0,-85
5,0,-65
3,0,-43
-8,0,22
5,0,202
-5,0,-66
3,0,-80
2,0,-53
-3,0,-41
2,0,193
-2,0,31
2,0,-84
-2,0,-72
0,0,-44
2,0,-35
0,0,245
2,0,-45
-2,0,-83
6,0,-57
-3,0,-43
-7,0,135
4,0,94
-2,0,-80
1,0,-73
0,0,-51
-1,0,-38
7,0,234
0,0,-20
-7,0,-87
1,0,-64
2,0,-42
0,0,47
1,0,177
3,0,-69
-5,0,-76
-1,0,-55
-1,0,-40
7,0,192
-4,0,30
0,0,-86
3,0,-67
