R
StartTickMs,measCycleMs,Px,Ix,Dx,Py,Iy,Dy,Pz,Iz,FFrx,FFry,FFdrx,FFdry,satI,satPID,KFQAng,KFQbias,KFRmeas,CPx,CIx,CPy,CIy,CsatI,CsatPID,CFFdrx,CFFdry,IRelaxX,IRelaxY,DmaxR,DmaxE,DMx,DMy
95638,10,58,70,47,58,70,47,250,0,0,0,100,100,500000,15000000,10,1,1000,1,0,1,0,100000,10000000,0,0,4096,4096,0,0,0,0
GPT1X,aPT1R,aKFPT11R
-3,0,376
-8,0,-77
-2,0,-63
6,0,-41
0,0,206
2,0,-12
-2,0,-82
1,0,-66
-2,0,-41
5,0,184
-9,0,13
7,0,-81
0,0,-70
0,0,-43
0,0,159
-5,0,43
2,0,-81
3,0,-72
-6,0,-46
6,0,128
-1,0,79
1,0,-86
-4,0,-69
-1,0,-48
4,0,108
0,0,99
-5,0,-82
6,0,-72
-3,0,-49
-1,0,65
8,0,146
-4,0,-83
-3,0,-73
1,0,-52
-4,0,18
-2,0,187
8,0,-72
-1,0,-79
0,0,-50
-3,0,-10
2,0,216
1,0,-70
-4,0,-80
2,0,-53
-2,0,-39
-3,0,239
2,0,-60
7,0,-82
0,0,-56
0,0,-38
-5,0,231
3,0,-52
0,0,-80
-2,0,-58
2,0,-39
0,0,233
1,0,-49
-1,0,-81
2,0,-61
-8,0,-41
1,0,221
-1,0,-32
4,0,-86
-2,0,-59
3,0,-41
6,0,204
-10,0,-11
2,0,-87
7,0,-62
3,0,-43
-4,0,205
-3,0,-7
-2,0,-87
4,0,-67
-7,0,-40
1,0,195
7,0,5
-5,0,-88
-3,0,-68
3,0,-41
3,0,171
3,0,29
-8,0,-86
5,0,-69
2,0,-41
-3,0,157
-1,0,40
-2,0,-81
-2,0,-71
1,0,-46
4,0,144
-2,0,59
-3,0,-84
24,0,-67
-24,447,313
8,-447,-155
1,268,136
-23,-268,-27
-1,0,-143
30,89,-143
-26,269,413
18,-358,-138
-20,0,-9
13,0,-194
4,89,25
11,90,128
1,-179,19
-15,89,90
4,-89,-235
21,447,47
-14,0,218
-11,-89,19
0,-358,-149
14,179,-74
-11,0,-64
10,0,1
-15,-179,189
-1,89,-35
6,-89,-149
0,179,-19
4,0,-13
-5,0,245
-4,0,-41
12,358,-56
22,1163,288
-15,358,3
4,-268,460
10,-1790,-195
-22,0,-440
26,358,-138
28,716,-30
-31,-269,466
-40,-2684,-386
63,6175,244
-27,-4117,2214
28,-537,-3590
17,6891,2578
-21,-8949,-1062
16,4385,161
14,-1969,-576
-33,0,443
65,2595,-378
-84,-3400,1228
111,4295,-2641
-67,-10739,1325
41,9397,655
44,1253,192
-6,-9576,-1972
11,5996,4200
86,9170,-3063
-41,-9080,2
7,-448,-870
-56,448,2080
-7,536,-1492
-50,-358,149
6,-1252,-2377
-15,895,1823
25,-627,-545
-81,-4027,413
29,6354,-706
-53,-5101,72
69,6264,254
-21,-5190,-164
5,2953,865
-10,-1790,-1565
-4,1611,1705
-37,-1253,-1234
-100,-1074,1819
-12,2506,-362
-85,-6265,-433
30,8144,1612
-26,-2237,-686
-16,0,341
62,4743,-458
-65,-5369,158
-30,5459,1392
2,-2059,-1536
-39,-6891,604
44,5996,1925
59,2148,-1796
-3,-7875,-1130
-15,3222,2870
62,7070,691
45,-806,-1622
-53,-8144,-1337
-74,1611,3300
58,8592,-1879
-17,-4117,-548
-25,-6981,-173
13,2685,2967
29,9301,1227
-4,-6437,-3256
-32,-4296,-303
12,2059,1901
71,4743,-425
27,5705,643
-90,-7137,-204
-73,-3222,-1019
-24,0,1742
17,9139,197
-5,-7081,-3507
37,-4832,830
78,0,817
133,5548,1078
45,10394,817
-44,-9320,-2362
-45,-5101,754
78,1790,1374
57,8861,350
-57,3091,-453
-116,-9267,-1744
-50,-5012,1974
100,3580,1353
57,10445,-309
-71,-2282,-132
-68,-5657,-1310
-10,-3670,-329
46,0,332
-25,6802,1691
-50,2968,90
14,-7622,-3481
-21,-2058,1326
-54,1790,-444
-36,-2417,354
12,806,566
69,3848,-847
-7,6898,516
-126,-6003,-801
-50,-5817,-704
6,179,571
49,2058,-643
13,5102,1217
-40,2349,866
-24,-6466,-2509
27,-2685,-500
9,0,885
-63,-358,852
46,7771,1079
2,-3833,-1326
19,-1701,-1151
25,-2237,407
-20,895,148
-18,1432,1713
-59,6110,1151
-21,-4768,-2365
23,-1342,-1557
25,-2595,1351
-8,357,4
-28,1611,1581
-7,4386,1085
33,1074,-2604
-20,-1701,132
35,-5191,169
-16,2954,1390
35,895,1281
-28,1163,-1337
-21,-3759,-1546
7,-1789,0
-14,1073,70
-12,3043,2242
-29,7651,360
-24,-7919,-2332
16,-3669,-1246
70,-90,920
21,1342,-327
38,10450,1180
-81,-2437,-280
-29,-9176,-1432
-15,-3759,1735
115,6086,1194
59,11197,-746
-54,-4792,-381
-73,-8821,-752
23,178,1817
104,3401,-399
40,10272,-779
-67,-2715,779
-89,-9884,-1552
0,-1431,617
75,3221,963
-30,7184,-225
-50,-998,243
10,-6365,-1406
9,-2327,664
10,6086,2227
-10,1074,-1528
30,-1342,80
46,805,-107
-73,849,810
-49,-6040,406
55,-447,-462
79,6413,653
-38,3711,641
-65,-3304,426
4,-2972,-1203
42,1969,965
-47,522,106
0,-2580,393
56,-627,-241
36,6681,1248
-23,2065,-819
-73,-4615,-357
53,-5026,-1354
25,2238,989
-52,-2685,1515
4,537,-339
61,7344,872
28,4628,-118
-90,-4260,-341
-39,-8518,-625
50,-89,-62
23,9258,2794
-51,5351,1065
-62,-3925,-1293
-14,-8894,-2908
-19,1969,2338
-70,4452,2493
14,4208,181
42,4096,-1251
-23,-9833,-1623
-28,-2386,3018
36,2940,1446
68,6802,-284
88,-1951,-2862
9,-3508,743
-32,368,3539
13,7187,623
29,-1280,-1487
25,-10648,-2915
72,997,1924
73,11675,3157
70,7089,-514
-36,-10473,-1047
0,-7589,1989
67,7945,3181
59,5423,-3534
-18,-14107,-560
19,3017,3141
83,8799,-738
-61,-12865,-4192
49,10228,5465
33,2931,-1416
-33,-15576,-1284
57,16884,4997
9,3069,-3495
-36,-10946,2107
62,9746,675
-43,-8818,-2355
27,8847,4060
-1,-2042,-3963
-29,-6496,3323
72,9911,289
-63,-9602,-1610
51,9723,2461
-56,-12124,-2210
15,10800,3804
65,6772,-2258
-81,-15813,676
72,14325,1853
-54,-10196,-1236
35,8105,2039
2,-6352,-3019
-54,1219,3190
54,8548,-1569
-44,-11652,3067
24,10736,-1272
-29,-13163,-1140
22,15661,3124
-23,-10451,-5296
-18,792,4585
41,10776,-531
-49,-12891,-598
56,11068,494
-51,-8697,-2374
52,11336,3567
32,-347,-1944
-40,-10074,2030
56,15518,2559
-9,-7504,-2595
-31,4822,2646
23,-9,-1121
-53,-14269,-929
31,10848,3297
36,-1635,-3368
-4,-9509,-281
124,10896,1449
22,887,-2187
-53,-5953,2713
-7,11459,3228
-21,-7084,-4244
-44,-10253,643
89,11460,1086
33,3619,-1840
-98,-9753,-95
-26,3935,2096
61,1623,-766
80,-2323,-2255
-2,-3370,778
15,159,1599
-1,5991,-760
75,-2704,-1623
2,-3821,116
-13,2926,2623
29,4398,639
59,-4806,-1734
22,-3926,-539
-64,3654,1821
35,7105,618
79,-5289,-3168
-12,-3785,1505
-31,2059,1830
40,4872,-136
27,-2478,-2645
-42,-3096,2352
-32,-1210,721
32,7659,-606
87,-2339,-2413
4,-5062,508
-2,3325,763
84,3230,922
66,-5191,-1995
-34,-1893,176
-50,3155,2025
82,4132,-779
29,-1624,-1261
-72,-7278,27
32,6457,1806
99,2039,-2105
6,-9341,-1491
-26,2731,2291
35,6071,549
73,-5156,-2599
41,-4497,-1032
-25,6772,3597
45,4338,-793
18,-10288,-2339
-7,1332,1219
29,9691,2082
-41,-4041,-1904
36,-8005,-853
65,6489,1621
8,5776,-452
-5,-8249,-2353
37,-4256,2327
90,10566,1013
-2,-1561,-1889
-21,-10671,-1656
82,6793,2207
105,7369,1078
-77,-8081,-1696
-55,-7530,201
105,10284,914
-40,3599,-3200
-109,-12819,1420
54,4765,1156
59,8421,-1244
-111,-8648,-1677
-35,-5463,2291
84,11147,234
-14,-1330,-2349
-111,-10163,-1150
20,6574,2235
80,4824,-242
-122,-4747,-1249
-118,-9264,-102
53,10387,201
-93,934,-2427
-217,-11468,179
-84,5841,1223
-43,2980,-2755
-189,-7764,-91
-98,2602,2012
19,4251,-2129
-97,-6797,-1178
-150,95,1352
-8,5797,-424
17,1712,-2044
-93,-9657,1216
-100,3562,89
-50,4171,-1527
-57,-7483,-3396
-71,-376,2124
-72,8312,490
0,-4158,-1448
36,-5632,-2109
49,975,1884
18,6145,1267
5,-2520,-1493
82,-3982,-2321
0,-2463,-487
-26,-1708,1298
-1,6928,-765
19,-38,-190
33,-312,-1905
-56,-5803,305
-20,-1255,925
26,1311,-2002
92,2794,-378
-41,-1436,-1114
-83,-7200,-238
23,2059,901
86,2841,105
42,7227,-343
-95,-3277,-1702
-57,-8939,-1354
25,-5102,108
88,3401,1432
30,7802,-86
-32,3836,-742
-54,-7203,-2000
-10,-8104,-2160
78,0,2271
44,7070,237
-16,7191,404
-70,-4456,-1158
-56,-9805,-3366
46,-537,1954
76,1163,8
23,11269,1317
-41,396,-340
-74,-9159,-2998
-10,-6085,180
56,1521,606
92,4743,-366
36,8500,1239
-42,-3337,-1203
-86,-8474,-1209
-20,-4206,233
54,3848,450
82,4743,-686
12,5420,906
-77,-8284,-1458
-65,-3132,-706
-21,-5191,206
45,6534,2
51,1521,-298
40,1969,-1340
-44,-3222,-265
-41,-984,1113
-23,1163,259
11,-179,-1318
-1,-179,461
31,-537,-2312
-19,-179,-18
1,448,2347
-28,715,-353
-4,-179,-560
-53,-357,-217
11,-8058,-2055
35,-2636,80
49,3228,779
40,7734,1127
11,2237,-1413
-45,-2237,-1104
-63,-5907,1101
-15,-5592,-885
27,2175,149
40,5028,538
14,1790,-3101
-1,-5228,-148
-27,-777,429
-1,4215,1986
2,4028,278
9,268,87
-41,-3848,-1704
-12,-8500,-1175
0,-1818,-234
58,642,-493
69,3978,-15
22,8472,79
-25,806,-400
-55,-2954,-700
-59,-10397,-1068
-18,-3178,1277
46,7177,7
48,-1314,-1432
37,981,-1567
-23,-3452,-578
-25,2330,545
-17,-962,267
-51,1103,287
6,1795,798
11,-3294,-1699
24,-2208,-989
53,2434,-190
-26,-1246,-855
22,1529,-283
-17,-735,410
-46,-85,684
-21,-2064,-200
21,-95,-354
14,-2229,-727
50,648,-1528
11,-1423,191
18,1256,-280
-25,3222,34
-31,685,-642
-70,-4325,-93
-33,-3801,46
-3,208,7
16,-2627,-1063
11,-127,-283
64,3311,-499
52,4374,-220
4,-2402,-720
-1,2736,374
-33,1112,486
-40,-4074,-543
-58,-1867,-55
-1,-1821,-536
18,-2389,-391
33,-1055,-324
57,2857,32
42,2341,221
3,2537,93
-28,2473,516
-18,1498,-317
-61,-2636,-570
-55,-4642,417
-1,-321,-443
1,-5104,-1577
31,1074,803
25,3382,-75
18,2843,-58
-42,35,19
-4,3005,868
-60,-2798,-1730
-28,-1683,851
-37,-2079,-422
-4,-1916,-1195
-22,-840,-1098
-2,3193,1541
-36,-1796,-843
-60,1600,158
-91,-301,194
-47,-2367,-395
14,-2722,-353
15,1321,-419
18,982,-566
39,2550,-684
-4,733,-169
-30,2547,270
-58,-1691,-14
-70,-1915,229
-52,-2711,-342
-19,-3787,-1802
-2,-1393,491
0,890,-333
30,492,-1052
9,1546,-209
9,3387,137
-34,2018,470
-17,-825,694
-42,-466,688
-60,1276,-135
-28,-5402,-1004
-32,-1796,-110
-29,849,-414
-16,-3123,-1402
12,-694,206
-30,1870,321
6,1011,-40
-27,2904,824
-11,2822,573
-34,-377,-342
8,-404,199
-23,942,854
-41,191,-117
-15,-2708,465
-31,-980,364
-39,94,-1127
-40,-3136,-713
6,728,-189
-13,-1003,-559
-71,-1488,1254
17,1657,-483
14,3042,-332
-33,963,-39
1,-1801,480
-10,2816,57
-14,-2437,-206
6,2963,934
23,2396,13
3,-1202,-213
-1,-27,-398
-43,-2039,-285
-16,-804,359
-15,-2074,-402
-56,-2360,-161
13,1453,645
-5,-1658,169
10,2735,1157
14,617,-118
0,294,526
23,613,-360
8,3196,1316
7,2289,97
-13,-1062,-7
8,521,-340
2,-1883,-235
0,2124,364
16,-2110,255
10,2170,403
-23,-3072,-800
28,1372,422
5,-1707,-282
16,1129,962
12,-148,-375
-2,1037,356
23,682,365
47,3367,1438
90,35,-217
82,-121,-159
75,-432,-124
22,-2639,550
36,106,103
20,-1480,561
24,3229,136
18,-2449,308
67,3250,1014
34,35,-116
35,1621,1199
72,1621,-523
12,-1036,92
26,1454,29
-14,-2571,-651
15,1192,775
14,-735,111
-12,-3906,820
51,3431,723
72,-899,204
99,2819,1745
101,1296,-196
74,-1573,-119
41,4532,1013
27,2819,-180
-1,-9806,228
-3,-2468,-347
25,7276,2016
101,9134,976
20,805,-1158
-8,-3979,-445
-43,-10163,525
17,2733,1463
3,9530,1187
-3,-917,-2808
-33,-9420,1291
-14,-1131,1754
60,6322,-43
69,4266,316
21,-1405,-1012
10,-3031,775
8,1132,1556
20,3008,1070
17,997,1932
56,8054,217
-30,-626,328
-50,-5101,691
-28,-6558,668
41,979,207
96,5131,1453
58,5191,777
-4,1342,-869
-109,-1968,1017
-39,-5907,-1132
81,3311,1150
2,3222,1405
-44,-537,46
64,0,10
49,537,339
-35,-626,408
67,715,-29
-16,716,96
-50,-89,-168
53,1163,432
-53,179,456
49,-895,-484
21,2596,590
-59,-1432,-276
36,626,343
-66,-89,341
10,-358,-323
9,-537,278
-44,-716,130
58,268,791
5,448,307
-36,-1343,50
93,1253,60
-69,716,857
4,-268,183
-6,1969,260
-64,-1522,525
25,1522,548
-22,3919,768
-4,-3293,504
79,3810,304
-4,370,15
-34,-1220,197
55,813,-5
-76,740,416
-27,-1664,-560
20,148,-5
-83,0,657
5,-2281,81
29,3168,745
-58,-1915,439
17,-1253,207
50,3575,374
-60,-998,810
-45,2181,1000
20,2178,-369
22,-2363,-2698
-69,-554,2627
-68,-1553,944
1,5729,898
29,-214,-456
55,1617,-1028
-34,-642,637
-27,-4937,967
8,1927,1232
66,2201,-508
98,6424,-233
-26,-3495,-194
-44,-6798,100
43,-2309,235
76,6583,1493
9,7130,1001
-111,-2391,-905
29,-6779,-1486
17,-1075,-123
-28,1895,2135
27,1386,67
30,3607,-177
37,1831,-863
-45,-3791,511
-40,-3231,2288
73,2876,-97
58,7783,209
-78,-2641,-125
-57,-7650,-1536
30,-1980,407
66,10079,2334
-26,5727,667
-75,-6641,-1416
-4,-8769,-1798
37,4551,3102
-11,6241,461
-46,-2364,-1897
-15,-7381,-1495
67,5492,3673
11,8242,511
-42,-3779,-1210
0,-7015,-2304
26,1779,2565
15,9054,701
-82,-3472,-777
-22,-9820,-1629
30,2773,1971
2,7545,1474
-39,57,-1617
7,-6212,-1085
16,-241,352
-33,21,1453
38,4914,527
49,3020,-265
-85,-5029,-978
-9,-4649,-400
74,4096,1356
-15,5650,-231
16,-1187,377
11,-2111,-1054
-41,-3127,750
-1,-2162,595
77,7725,834
-39,2505,-486
-91,-5914,-985
17,-4985,-351
-7,4159,1562
-18,4773,312
37,-2357,-1037
5,-900,-1036
-78,-4050,173
56,-113,1424
84,5763,334
-21,1456,-334
48,-507,-582
-34,-3656,-486
-98,-1850,1560
35,2748,902
16,6619,8
-119,-2749,-691
-17,-5039,-1616
-1,-345,1603
-65,2006,289
15,632,-486
35,2827,-396
-86,-3188,-320
15,-5288,-459
74,2112,157
-61,432,573
23,2879,-200
39,2757,-385
-99,-3815,-112
-46,-4282,-607
44,1505,146
3,6350,1863
-18,94,-952
56,-539,-639
37,-2647,-230
-71,-5494,848
31,7308,-220
57,4343,261
-46,-4933,-1600
-104,-5217,1996
0,6748,1898
53,619,-2285
-22,-10483,-1372
25,11078,3173
15,4114,-781
-87,-14037,-3046
-20,-2579,2467
89,11450,808
49,1322,-2490
1,-6662,1677
36,11820,171
-13,-2067,233
-63,-11134,1095
16,7515,1831
39,-2266,-4572
-11,-13422,220
40,15780,3081
39,192,-1482
-53,-4428,-166
-10,9312,3569
-18,-5747,-3431
-87,-14185,-88
46,16508,2075
22,-6562,-4633
-3,-6953,4203
92,15844,-781
5,-6282,-3297
-33,269,3660
55,8795,191
-94,-13335,-1753
-32,11796,2861
39,-5006,-2725
-53,-14647,-2304
80,11338,3831
15,647,-2288
-18,-6603,409
52,14536,1095
-14,-4951,-2584
-77,-6609,3050
43,16333,727
-42,-15831,-2273
-49,611,1279
58,2274,-1050
-37,-11236,-1788
44,12243,2652
61,3771,-1804
-44,-9513,-561
-22,9133,4093
47,4506,-1483
-86,-15434,-1414
-6,6530,3532
35,426,-2789
-13,-10672,632
48,11922,284
61,-7913,-3876
-23,-2133,1979
64,16638,4075
18,-5636,-4595
-47,-2617,2714
29,10559,2396
-31,-9355,-3274
-52,-11550,464
84,16497,1635
72,-9311,-2555
19,-6337,1370
184,15399,1774
143,-3850,13
34,-6839,-341
130,13543,2334
64,1065,-1869
-21,-7486,1449
32,7585,1892
36,-1498,-746
-20,-15259,-242
104,10950,2743
101,8128,-3089
20,-11689,1526
55,11753,2257
-3,-2385,-2265
-90,-10868,-712
39,7201,1097
105,-1124,-1075
-7,-5144,-891
-22,7845,2162
-34,1891,-1711
-26,-8221,-706
63,-2072,300
20,10234,1221
-31,-2341,-1923
-13,-11731,-246
63,4891,1140
16,7508,1041
-60,-3349,-2569
39,-8881,-2960
32,5530,3222
-12,7154,1031
-13,-3852,-2088
36,-6575,-2425
17,-795,1030
2,1906,1585
-8,5354,-791
36,-2200,-2294
-68,-5838,-27
-69,1862,-34
67,4941,820
-20,-1943,-2150
-116,-5318,-442
-11,-3871,-351
98,7013,1359
0,3837,-619
-74,-4547,-1268
16,-5652,-1606
79,1234,651
3,-377,1274
-27,3288,-716
72,1250,-1854
-25,-870,-908
-87,-7325,599
30,-1018,298
66,6077,-365
-33,3537,-281
-93,-6186,-1937
-7,-6300,289
28,3126,-378
-47,2960,520
16,-1022,-913
67,2922,-1861
-49,-2922,-57
-70,-5027,-526
40,-3794,-973
80,4719,385
-29,3268,966
-35,0,-761
13,-4267,-1571
43,629,-1686
-68,-370,423
-46,-5859,72
25,269,-730
-7,4555,-89
-108,-1870,-477
-79,-627,-1418
-52,895,-774
-185,-4027,-1102
-102,-2327,-498
17,1342,-571
-67,3759,687
-90,-984,-598
-39,-2417,-2033
-110,358,-152
-163,-2058,-667
-13,0,254
-59,0,-486
-96,-805,-406
47,179,-141
-8,626,182
-65,-626,-334
57,447,-167
-31,90,-260
-60,-90,-423
63,-358,-68
-29,448,-578
-66,-985,-591
53,-179,-691
-20,0,-582
8,-895,-292
91,358,-961
25,448,-167
-5,-2596,-454
76,-358,-1204
2,0,-128
-40,-3132,-84
35,-269,-677
-28,2864,-397
-56,-3234,571
53,-481,-586
-1,-739,-212
-22,-2524,-1476
40,651,196
-64,-1556,-602
17,-713,-1172
28,317,40
-93,-412,-685
23,-238,393
-55,2996,40
-82,-705,-571
13,85,-306
-34,2727,651
-65,-1552,-623
-8,147,-690
-77,-2935,-133
-47,-1000,-384
6,-452,-492
-78,-2660,-147
28,105,-693
24,397,-791
-59,-1354,-317
59,-1554,-1163
12,2657,-416
-44,-1122,-406
30,871,-313
-6,2612,-364
-124,-2403,-260
-17,-2961,-788
-84,-1777,-893
-112,-3160,-1262
-22,-691,-620
-91,-500,-717
-62,244,-468
-1,2146,-675
-60,862,-108
16,-2088,-977
5,2058,-72
-103,497,1129
-50,-889,-243
18,-1235,-1100
-38,-1621,-278
15,-3168,-1227
11,1716,-667
-45,-1569,428
-30,114,-1078
23,1810,-269
-63,3613,841
-29,-2259,218
14,-372,-1246
-89,-2056,11
-93,-4208,-732
22,619,216
-96,1588,218
-92,959,-1055
-18,1859,-318
-89,2181,596
-131,-2230,50
-27,-980,-1042
-61,-1789,171
-91,-261,606
78,-1846,-674
36,2907,-4
-36,-1103,-658
-21,456,327
31,1895,615
-77,733,1208
-33,-2803,-219
32,-820,-547
66,754,-387
43,197,514
-26,2175,803
19,1270,-208
39,1539,593
-14,-626,668
-67,-2183,141
19,-3105,-302
51,2120,-71
80,7603,1494
-57,1856,2014
-50,-5503,345
-80,-3430,-971
91,259,32
48,3009,521
17,6219,999
-72,706,-117
-6,-2924,438
35,-4242,570
115,-616,-429
56,2126,210
30,4950,176
-26,2707,1783
15,-2967,904
38,-5124,527
212,873,1059
167,2309,-836
200,4491,247
78,2850,1249
25,-214,955
-23,982,422
9,2204,469
-45,-2516,419
-13,-4700,-555
12,-3017,234
116,1482,42
70,2615,604
111,4271,707
67,1754,1033
26,-1330,716
17,-1507,603
32,-428,-9
54,-3067,-185
90,913,663
64,899,794
120,256,713
76,2850,985
106,622,-142
80,1236,2528
85,7838,107
71,2327,3
43,-90,-469
0,0,2
-15,-5370,1851
8,3849,2267
22,2147,1405
21,1074,1251
13,-89,-2289
-4,-5728,1450
33,-5145,-65
83,5145,1208
102,4475,662
73,3043,581
-21,-1343,613
-24,-1253,-106
18,-358,-544
72,1880,179
-32,2058,1538
-59,-3490,-551
91,-537,799
37,1163,40
-35,269,864
54,-448,336
43,4833,564
-44,-447,1002
-13,-3133,814
92,3849,961
-60,-895,1241
-13,-1253,-284
50,4092,1007
-83,739,1471
32,74,491
-1,2204,824
-32,1131,537
54,113,70
-46,1542,873
-8,-1315,293
34,2314,311
-81,-143,559
47,770,504
-7,795,501
-12,230,138
64,1856,352
-37,226,297
24,-1206,412
-28,151,132
38,-2031,-203
-21,1150,515
25,-146,567
-4,1065,528
13,659,-180
21,652,379
33,502,77
-4,995,1118
12,32,-275
-9,-543,-139
-24,-363,-148
-15,293,1028
1,-1719,-205
-23,993,1
-20,-917,-507
4,509,418
-25,253,945
6,69,186
-18,-1076,-254
-3,678,-289
11,-433,554
-7,358,494
41,698,248
-21,-398,-379
21,1726,28
-29,-931,829
15,1718,116
-7,773,-206
8,1127,339
32,1434,441
-15,-641,223
58,1139,78
-27,-740,-167
25,1031,265
-18,-668,482
-3,1168,442
-19,-993,-191
-35,-754,-211
22,364,-231
-17,-175,603
29,202,-85
-41,-602,-15
55,184,92
-32,162,125
30,390,197
-20,-1175,-292
52,1794,168
-32,-780,-377
55,740,815
-24,-94,6
53,211,-184
28,487,-11
32,-1519,402
91,1494,62
9,870,520
27,-447,-137
127,-1204,-55
43,-1028,503
-10,-779,1754
53,11660,1183
-1,-9483,-2973
22,-5883,3600
158,10227,651
92,-441,-2438
40,-6917,870
108,13526,502
54,-2344,-262
-10,-5656,1665
89,9272,1630
-12,-7342,-3501
-22,-3443,3805
131,13462,-538
2,-13653,-1506
40,2959,2680
90,380,-3405
0,-10756,1031
125,12617,1092
80,-11511,-4373
115,5282,2945
174,9298,295
79,-14252,-1178
145,11142,1544
100,-3302,-4586
67,-377,4967
87,6253,-620
-37,-7720,-451
21,11572,2323
-52,-12521,-4223
-17,5580,3451
-15,-9761,-3729
-29,964,1070
102,10686,-2595
-47,-9788,1948
42,11608,-22
-139,-14612,-2034
-42,9784,2624
-112,-10181,-5886
-111,1860,4144
-186,3713,-3565
-389,-8484,-383
-176,4963,-1898
-274,-5967,1037
-310,9380,141
-233,-8878,-4029
-209,815,1014
-220,5071,-1306
-144,-10606,-1652
-137,3598,657
-135,3686,-843
-31,-6096,-3644
-61,-2928,1551
-88,-111,-504
35,3951,-928
41,880,-1544
-93,-4942,-1307
-2,-3423,-47
41,2646,-451
-63,-554,-562
44,-660,-957
8,1214,-1090
-74,-1393,-534
35,179,-1365
-79,-1074,-509
-25,-2238,-1675
25,806,-14
-62,-1701,-940
24,-1700,-1028
-53,537,-25
-7,-1343,-623
-13,358,-141
-59,-895,-320
41,0,-268
-69,-268,-112
-12,0,-112
-53,0,-207
5,-537,-273
11,-447,-161
-44,-1074,-842
29,-2148,-406
-53,0,-549
33,-2864,-1324
-39,-1219,-1264
8,-185,-210
-13,3999,-270
-28,-3222,-795
-17,3043,-446
-90,448,79
17,-269,-957
-54,-3370,-359
-21,-998,-574
-18,-2260,-847
1,-2659,-1101
65,622,-310
-42,-1145,-919
42,2672,-24
-70,1771,18
-6,0,-403
-131,-3801,-354
-77,-142,1
-95,-1842,-372
-77,-250,-983
-74,-816,-734
-80,-479,-728
24,1629,-52
-61,1377,-350
-18,1054,140
-137,198,382
-58,-2179,-369
-163,-1830,-570
-124,-1756,-1252
-149,-1270,-691
-84,-294,-382
-66,3053,-181
-114,-490,-856
-75,1823,252
-120,-710,716
-46,21,-58
-107,-1738,-1515
-28,-2971,-834
31,449,170
14,2015,1
53,3039,797
-76,-753,-1008
0,-3220,329
6,-857,236
-13,-2187,-677
47,3044,324
-50,1046,-569
-28,1149,840
-34,-1278,931
-77,-1661,-132
125,-1292,-1730
12,3082,730
1,2822,815
-52,-961,1212
-51,-3683,-1102
71,431,-80
-28,1193,253
-11,3313,642
-77,1255,778
-74,-856,-771
-20,-1800,658
-49,-2206,168
133,-951,-705
64,2385,185
53,3524,1101
111,879,1453
95,-3798,800
396,1380,296
396,5245,353
220,554,1714
342,-5527,147
414,1980,282
211,5470,1581
154,-3554,1292
222,0,191
106,1040,-50
77,6159,879
-77,268,1525
1,-3987,674
-15,-628,620
114,73,-514
62,5169,1912
78,1432,343
49,984,1882
37,-537,833
113,-1879,-31
71,0,678
90,2864,781
-26,626,397
49,1342,277
-56,-716,814
46,-268,176
9,179,184
74,-448,-269
15,-89,732
73,268,777
48,985,243
87,1253,532
22,1790,759
50,2774,1444
51,1625,989
-15,1110,889
17,1298,919
-9,-1372,767
81,739,905
36,-1590,287
151,259,272
87,-702,991
124,-37,501
150,480,132
85,-221,-125
118,2181,387
34,150,1533
102,2415,326
11,190,106
81,1070,129
11,2279,1255
60,188,761
66,322,99
31,19,266
104,1491,568
-22,-1491,1454
74,1525,5
-26,18,146
21,224,84
4,934,985
28,-985,590
53,2512,111
10,-1821,-469
75,1696,183
46,-1817,1424
122,823,-119
53,513,-341
102,-321,106
56,1679,1683
93,-1470,49
78,1199,-83
46,-286,-412
81,677,134
-14,-1013,1255
65,652,-250
-39,-796,-568
20,1383,-113
-48,-873,1261
28,632,-409
-50,405,-417
4,-149,-751
-24,-75,964
-10,-1387,31
26,0,-777
-48,-1299,-1107
44,994,-238
-64,-1115,1811
3,537,-1001
-147,-1367,-826
-101,-259,-938
-223,-1711,783
-234,266,-612
-366,-1709,-1476
-341,899,-777
-382,2073,-237
-256,1133,-280
-322,-4105,-1815
-213,-2070,-1054
-215,-1582,-760
-118,1558,1052
-144,48,-830
-42,1569,-869
-118,-999,-1016
-34,-1073,-269
-49,-1160,-559
-44,-2582,-1270
-58,998,-641
-128,-1848,-504
-40,-370,-261
-127,148,-545
-30,-1972,-919
-38,1824,-8
-70,-3345,-1298
49,805,-348
-39,1074,-587
22,-3401,-1078
53,627,-711
-71,-448,-338
55,-2327,-1272
17,1343,-883
-45,-2148,-461
58,-269,-518
-50,895,-178
-32,-984,-382
11,0,-323
-98,-268,-290
-45,-627,-268
-106,716,-66
-149,-1253,-548
-55,448,-210
-169,-90,-1306
-74,-805,-867
-161,358,-880
-218,-2417,-1419
-168,-626,-1760
-206,-2417,-1603
-157,-358,-1186
-273,-1763,-602
-217,-1331,-1005
-230,-670,-1899
-239,-2122,-686
-175,-727,-593
-322,-1507,-392
-201,-690,-2177
-329,-397,-726
-251,-1549,-679
-237,1946,292
-188,-1852,-1780
-24,1747,-1523
-109,-1200,448
-7,-2392,272
78,1412,433
-35,-2148,-2491
18,-2905,308
101,1500,909
-19,-526,241
35,241,-1561
166,3083,-279
19,3395,1881
11,-1317,924
119,-98,349
170,-1452,-1482
207,-2947,1042
370,2195,1166
415,5699,1521
337,-48,-1307
369,-3077,1292
417,-167,1230
436,3951,2243
435,-2425,-518
544,-2577,612
553,4367,1420
291,5845,2475
162,1043,1262
217,-3483,-97
108,-1073,329
42,-1075,141
139,3109,495
29,1220,1480
19,855,1087
58,5012,1309
-50,537,1340
11,895,729
7,716,1449
-14,0,680
54,89,482
-24,0,314
103,0,701
1,358,280
40,-358,24
84,89,120
-2,-89,805
84,358,337
12,358,174
29,-179,41
77,1342,442
-4,-358,1243
125,90,-2
64,1969,1075
65,-895,-45
133,1521,2303
33,-1432,482
164,1790,11
72,1164,1056
63,89,998
90,2102,954
-20,-37,252
114,259,-251
66,1442,873
115,-998,1311
182,1515,202
82,947,428
207,-983,-310
197,870,1926
87,-464,575
207,2387,-394
73,-933,-79
75,-311,1388
142,2696,1048
18,-1310,-360
111,1143,-457
25,95,-75
13,-261,2570
52,975,-440
-47,-642,-488
49,1088,-360
-33,-898,1589
106,119,449
30,190,-694
110,166,-254
128,485,647
65,-794,1398
165,941,-734
13,-84,-626
90,690,-561
8,-125,2600
-22,-1065,-1052
-13,416,-1211
-72,-1058,-1339
-23,594,1577
-89,-570,216
-125,993,-1234
-198,-470,-1014
-297,-642,-697
-297,-642,1041
-444,-1380,-1329
-445,-566,-1439
-527,2826,-788
-548,665,-501
-396,-1474,-1395
-391,-5277,-1720
-219,-37,-406
-189,-111,-435
-93,-185,-65
-103,-1839,-1129
-28,-1701,-1044
-53,-1790,-950
20,358,-737
-28,-1253,-1024
50,2685,-1103
-39,1253,-804
22,-1253,-624
-65,-89,-62
-24,-627,-818
-89,-2864,-618
-14,-984,-713
-51,0,30
-34,-626,-347
19,0,-318
-12,-806,-484
16,1343,74
-56,-537,-451
3,447,-773
-84,-268,-51
-45,179,-459
-95,-358,-178
-121,-1253,-270
-119,-1343,-360
-137,-2058,-1321
-82,-1880,-452
-134,-1868,-711
-41,37,-691
-164,-1036,-808
-124,925,-1389
-203,-1294,-693
-138,-185,-905
-158,-324,-878
-146,-1273,-1047
-73,650,-970
-116,-1640,-648
-26,1244,-431
-23,1306,-103
-47,-1475,-1291
-36,226,-38
-139,-736,191
-40,-1706,-332
-75,-2446,-2185
-123,-907,-418
-63,-1544,-714
-163,-916,-738
-68,-524,-1740
-167,-48,-416
-157,-192,94
-125,1352,-109
-190,-2558,-42
-84,885,-1815
-200,981,357
-217,-1610,41
-235,1431,519
-268,-1446,-2073
-145,2230,753
-195,998,1388
-46,132,554
-44,4135,-970
-48,-951,969
65,-2279,1348
148,-2450,928
230,139,460
417,4756,-834
334,2199,1666
273,-1367,1888
238,-2676,681
255,1254,-814
318,4571,1212
211,3093,2563
148,-1627,711
394,-5494,-985
539,3575,1479
524,6064,2525
464,-2058,1375
356,-312,120
250,849,568
179,1074,882
70,5191,2470
10,-1522,1106
104,1074,261
-4,448,772
20,-2864,194
136,1163,425
44,-179,867
62,358,165
164,2059,136
22,268,283
9,0,512
99,1163,474
1,1164,277
-30,-895,-238
77,1790,481
39,3222,1698
4,-1969,450
124,-90,-222
67,1343,1127
16,-4028,956
141,2238,213
68,2595,962
26,-3490,-53
174,537,394
144,3222,1795
68,-2238,272
117,269,-34
117,3012,503
-19,555,1726
62,-1240,-447
-4,1905,190
-34,-480,118
79,1368,1598
-27,591,19
32,-813,-247
48,1486,199
-25,-114,738
91,481,761
18,1869,391
65,-1303,-77
106,707,506
27,-820,1123
113,452,-305
52,845,-7
88,-675,-95
88,1150,1965
-3,-238,-34
97,690,-732
7,119,-101
42,523,1070
42,1163,906
-37,-735,-289
65,1362,4
-26,-105,718
44,-62,948
17,439,-425
-1,-21,-268
40,2262,124
1,-866,1581
27,745,-287
-62,104,-404
22,276,-744
-135,-328,1171
-79,-225,-338
-178,-515,-1027
-158,-76,-666
-296,-659,313
-227,-434,109
-322,-1643,-863
-203,773,-196
-268,2189,18
-167,1627,-92
-228,-1366,-1034
-136,-1486,-979
-177,-2039,-431
-43,-95,485
-112,-356,-203
18,857,-498
-73,1359,-104
7,-522,-421
-41,439,-73
-20,-1234,-903
-14,753,-148
-53,-1914,-737
25,-452,-133
-95,-1798,-602
34,-57,-704
-58,-1131,-150
-21,-1401,-117
10,333,-368
-56,-296,-488
27,259,-497
-65,1105,305
20,-1142,-405
8,1368,-269
-64,-1775,-452
17,776,-845
-109,-1257,-20
-10,-554,-659
-63,369,-263
-73,-1936,-775
0,1123,-81
-111,-1034,-149
-42,-2774,-869
-42,2506,-207
-103,-2685,-409
-34,-1880,-893
-27,2775,-80
-54,-2327,604
-19,1611,-1354
61,4473,-492
4,-110,417
-24,-7227,-1388
54,-1700,1483
124,626,-152
149,8374,-79
78,3220,501
-12,-8820,-1506
-14,-3132,55
61,-1521,827
73,1700,1975
92,7666,-1779
8,-9635,-2150
71,-5817,1308
142,10650,1477
126,5209,-2435
33,-8610,2124
28,-5996,-541
76,14606,1900
65,2514,-4153
-49,-19794,-3793
-14,10460,5672
56,8373,-530
-66,-12400,-3028
9,2595,2991
42,8437,-993
-58,-14344,-1079
17,6444,1206
0,2864,-2638
-86,-11653,1541
42,16171,1026
-30,-16614,-4376
-20,10753,7052
28,-895,-3981
-50,-8412,263
46,13424,881
-22,-7607,-1505
-5,3938,1499
18,-2685,-2307
-14,-179,1339
35,4922,-2573
-73,-13296,2471
48,12491,-561
-54,-13823,-2093
7,14091,3025
-14,-4295,-2599
-25,447,998
42,-179,-1459
-22,-7249,831
21,11455,247
-9,-14343,-3222
-7,10048,3211
29,8378,-1481
-43,-8915,-1465
-40,-2596,2766
39,8144,493
-28,3700,-504
-106,-8801,-1465
-76,-11547,-313
-6,2550,2691
41,9892,-1108
42,-537,-1551
-32,-2327,-621
-61,-1432,1819
-79,-5226,152
-13,8895,427
-6,448,-398
6,-626,-4738
-35,-9161,2042
8,6834,2994
-36,4206,314
-6,-627,-537
-59,-1610,-1495
2,-12495,-2444
-20,1160,354
60,8560,2671
42,3222,849
-14,895,-767
-77,179,-359
-43,-4922,271
-26,-7623,-297
45,2221,-19
59,887,-205
71,8095,1806
-1,715,-2725
-12,-447,556
-34,-805,1456
38,-179,922
22,-2059,-655
60,627,-789
50,1879,849
72,179,-2094
58,-984,555
28,1342,1223
6,-179,1040
13,-1342,-107
58,-2327,-535
79,268,275
64,2148,-97
66,1611,283
-25,268,-770
-64,-447,777
-30,-8289,-620
48,148,-161
77,6799,800
0,1342,521
-19,447,-176
-79,537,-203
0,-1700,-208
-15,-3043,-2619
26,2148,1455
-52,1522,2198
-16,-269,-402
1,-1253,-388
48,1074,257
48,3759,-205
-9,-3043,-908
-73,-268,1625
-53,-3401,121
16,-1343,-349
53,2506,-213
35,2327,666
-51,1790,144
-11,-1790,-873
-8,-2506,205
52,1164,-246
-18,1789,60
-84,358,-625
-103,-1521,1087
-15,-4564,-865
51,3938,172
6,1342,818
-72,-89,201
-21,-1432,-363
30,1342,71
55,268,-1637
-99,-89,757
-93,-626,829
14,-3401,-1020
59,1432,-92
23,2327,1132
-38,268,-4
14,0,-226
54,0,-453
-17,358,-435
-95,-358,938
-39,-2327,-239
58,-895,-1951
2,1611,1424
-66,448,774
31,-90,-179
64,1074,92
-64,179,-380
-28,-179,288
40,268,65
-9,1253,-961
-78,-1968,703
13,-1880,63
47,2506,-166
-41,-447,349
-33,-4565,-1056
46,2059,761
-42,2953,703
-61,-1074,-206
36,-179,-194
56,1253,403
-53,-268,105
32,268,-312
71,0,-3
-24,0,23
-26,268,-27
15,-357,-19
34,-537,-781
-50,626,1034
-60,-626,166
36,-627,-380
54,806,-37
-72,447,468
11,-1342,-83
77,1253,-161
27,89,160
-69,-805,273
49,537,-201
74,357,-7
-28,627,250
-28,-716,29
46,89,-62
40,1253,-54
-65,-1342,130
0,-1074,-164
107,985,377
23,268,75
-13,-1342,43
68,-179,826
102,2058,-765
15,1521,682
-14,-2237,98
64,268,-675
58,6355,1167
-62,-3491,-8
-47,-3132,-761
47,0,514
-32,358,-506
-78,89,298
9,-447,422
47,268,-283
-36,806,1126
-19,2595,153
71,-1521,-1165
21,2327,456
-61,-1343,25
-20,-2416,-430
83,-358,407
-63,1432,116
-67,-1164,93
20,269,-500
61,2237,924
-80,-2864,-36
-17,-268,1665
78,2058,-914
-34,3491,428
-34,-2864,1265
70,2506,140
65,3504,-516
-68,-3057,468
20,-895,-15
71,3583,34
-52,739,904
-8,-3248,-716
64,4431,142
-31,-295,186
-35,-8700,-1675
44,3043,1014
-33,2327,622
-59,-4207,-657
52,537,-497
-48,3312,1283
-34,-4117,-107
51,-985,43
-3,6086,1396
-52,596,556
79,-111,-606
21,1183,378
-46,518,52
93,-1220,-1386
13,813,521
-24,629,845
69,-407,-940
78,2136,247
-28,-2654,1135
26,-3273,-1040
76,-895,-391
-63,2059,862
25,1296,302
36,1701,-302
-77,-6219,-560
20,626,-273
-29,-447,252
-75,-1074,352
51,3669,41
-51,-4564,-320
44,716,371
22,4385,662
5,-4564,-1314
13,895,-250
-50,1790,804
36,-985,203
-11,1074,-482
-8,-3580,-696
28,1522,693
-39,3311,-233
59,-3490,-731
-58,-1074,527
-24,1611,562
36,1521,99
-79,-1700,-501
29,-1701,-948
10,1074,430
-52,1522,-20
90,447,-396
-44,-2685,-136
-11,1343,-158
70,4117,-270
-44,-2238,913
31,2775,-648
-6,-716,517
2,3711,90
10,-3890,-435
-80,2041,1416
58,2572,210
-88,-4792,-1217
2,-2596,549
14,-895,-327
-23,-1611,-984
60,-716,-1212
-47,0,1172
81,4833,-1128
-61,-2685,-523
1,1611,-348
12,4205,-317
-56,-3220,878
18,2148,147
-44,-1253,1592
-11,-2148,-1830
-46,-2685,304
-20,447,-161
8,-2058,-1006
-31,0,421
51,984,-455
-39,1432,-272
24,5012,634
-58,306,558
12,-5497,-805
-27,3222,1234
17,-5638,-2323
32,179,604
5,0,-856
103,0,677
-20,179,-1158
24,268,-96
8,3133,586
-60,-3580,-221
50,1790,-409
-55,2506,478
-18,-4296,-706
34,2685,327
-69,805,252
7,-3490,-789
21,1432,7
-30,1074,433
-9,-2327,-468
38,1074,-67
-56,-179,53
-23,-985,-65
81,2148,3
-9,-626,-518
-67,-1969,121
31,269,273
70,1789,-708
-66,-1432,-17
-70,-1252,176
29,-627,-384
40,1522,-147
-81,89,-4
-69,-3401,5
-19,-4518,-1024
28,5682,622
40,2237,564
20,805,-2890
-53,-9205,-1408
26,2941,2889
49,8233,1102
4,-2774,-3055
-40,-9842,-1157
22,9753,4288
45,3937,-470
-39,-9934,-3292
-70,-4904,3325
20,11169,-298
0,-2416,-456
6,-806,1419
81,9308,808
27,-10471,-3681
1,-3824,2104
51,11162,1917
35,-2864,-4266
-76,-11456,509
30,10114,3061
28,3759,-1070
-34,-11639,-3567
-26,-1368,4498
46,11038,631
-1,358,-1459
-43,-9659,-1888
-7,6079,5703
63,10240,-988
-15,-7823,-2045
-19,-5818,202
45,7607,3334
43,6885,-2731
-18,-10285,-1364
9,1700,1395
68,8437,1253
12,-6826,-1936
-1,-3490,-63
39,1879,784
34,9657,1342
-35,-8315,-3457
-70,-6175,1018
-12,8771,2615
6,2416,-1600
-66,-9665,-1943
-45,-8386,574
46,9639,1119
55,4474,-91
13,179,-376
-49,-2953,-671
-27,179,966
-7,2774,452
-29,-2506,-2189
-41,-10226,-272
13,702,411
90,9435,922
64,1432,-2519
-39,-1521,442
-61,-2775,1486
-26,3401,1888
31,2148,145
-20,-2685,-1063
-2,-5728,-2390
58,-2450,-82
48,8178,2281
-31,3311,-812
-79,-3222,-724
-77,-4832,861
18,-3805,-886
35,3447,367
68,4564,327
-19,537,-1544
-76,-89,409
-71,-2059,957
-20,-3311,-1147
39,-1880,-957
88,4386,742
49,2953,-443
-28,0,-1022
-73,-4743,-89
-43,-7492,-184
35,2135,-1407
92,8937,1741
32,1163,-1737
-61,-1074,-406
-78,-6771,2007
-2,-407,336
10,734,-681
48,3491,-499
7,3669,-1595
19,-1969,613
-24,537,794
-69,-3132,648
-17,-4772,-16
9,-554,-1136
50,5773,-551
43,1253,-1323
-24,-7740,-827
-53,2858,3075
14,4882,839
-35,-537,117
-3,-4160,-1011
1,4250,-551
50,-1253,-1025
-6,1879,313
-47,-4564,983
-45,-90,1266
4,537,-492
10,2596,-1871
24,-4982,-2586
-30,-296,2240
-19,3398,1126
-13,6086,1097
-2,0,115
-67,-3669,-2532
-5,-7897,-850
27,-3724,-403
80,6213,2641
65,9524,-2614
-27,-984,188
-61,-1879,752
-63,-7031,266
10,1331,2477
17,6774,-167
17,447,-495
-32,-16069,-4322
-11,-2040,468
65,8485,2371
31,9535,1424
34,1253,-2053
-54,-14576,-2391
29,2006,4725
41,12659,1045
6,-89,-4486
-40,-11297,-909
13,4316,5458
55,8591,39
20,90,-1083
-14,-2327,-1467
-11,-9089,1245
12,4614,1349
55,13073,-815
-54,-9314,-1697
-51,-10096,1343
58,11528,2296
14,2148,-647
-14,-5549,-1747
-19,-5221,1060
34,10233,1317
56,4206,41
-37,-6891,-1778
-29,-11048,1871
0,4277,672
23,15005,86
-41,-10650,-2801
-41,-11080,3349
83,19403,925
-15,-2685,-2536
-73,-13365,-1382
-10,3076,2951
24,8141,-983
22,-3669,-1301
-37,-10949,-3036
45,1931,394
87,8123,2778
42,4922,164
-7,1163,-1057
-49,-2147,-437
-63,-10958,1424
-6,3073,258
57,5289,342
59,3133,-994
4,-7793,-2052
-45,4302,1480
-60,1432,1937
-7,358,284
-30,-984,-459
51,1074,-121
1,358,-2383
24,-1432,-54
-61,-1343,1821
30,1074,384
-17,-4728,-417
47,1685,-224
23,5012,22
-15,-4027,-1843
-65,-627,810
-72,-4040,733
40,3772,-497
79,-90,-1
18,4923,183
-39,626,700
-14,-2148,-1502
52,-5197,-255
14,4392,121
-51,895,383
-79,-3312,386
14,-5310,-786
70,2595,257
-34,7369,1018
-25,-1700,113
-1,-5669,-807
57,4416,-425
35,4027,-142
-61,-1969,53
3,-5882,-300
87,259,-693
16,6250,709
-47,-3580,-749
34,-5974,342
25,3193,-162
-47,1438,537
-25,-1623,-314
43,-518,544
4,2141,540
-76,-2695,64
-8,480,179
67,4005,172
-60,716,499
-60,-5460,103
85,998,-567
-18,4910,1640
-49,-269,574
1,-5084,-1999
62,1325,459
-64,4028,1203
-11,-1343,90
75,985,255
-22,1432,733
-41,-5799,-972
55,4904,676
54,3132,833
-70,0,-280
13,-1790,165
66,1432,390
-38,626,-684
-1,-89,142
53,-1163,-644
-33,1163,657
-48,-537,339
-22,-716,-164
19,1432,-2193
-35,-984,706
-101,-3133,1360
-12,-4129,-1805
52,-333,517
54,8311,1376
19,7786,-685
-80,-6623,-243
-62,-5101,380
-18,-1253,762
34,3132,909
53,2685,-207
43,1521,-2299
-34,-2684,1911
51,-90,891
21,3043,975
17,7884,-2
-75,-7616,-1833
-66,-10847,-457
9,7626,3035
41,626,-1051
52,179,-521
-38,-5101,-1473
16,-3108,-294
37,7672,2432
47,9645,1228
-10,740,-723
-46,-6089,-345
-67,-5101,-785
-18,-4923,1187
45,10024,2062
17,-1611,-2333
5,-3311,-2442
-32,-5997,1323
69,4654,1440
58,5101,170
30,9150,665
-11,-2082,875
-44,-9842,-1417
-26,0,-451
13,8806,2009
6,481,-2810
-46,-4902,813
-40,-4474,-889
-27,-3222,129
11,3132,755
13,7249,412
-16,-6891,-1507
-24,-8985,-1326
12,-1110,4336
49,9827,-758
30,1163,-2056
-40,-7249,-3021
-6,-5126,1987
43,11033,1590
48,2953,-1131
2,-2864,-3493
-83,-11660,929
48,11034,2836
41,4564,-345
-14,-4206,-2008
-30,-8433,-1206
6,7538,3398
40,9113,920
-28,-6876,-2125
-47,-3401,-1016
33,2148,2239
57,6533,-61
6,-3938,-2293
-28,-2863,-163
-2,-179,3123
54,9131,1093
17,-7431,-3336
-54,-6086,-771
-12,1701,4685
43,11483,666
6,7989,-1492
-68,-16608,-2273
-16,179,3428
52,9771,1510
2,-222,-3043
-41,-12234,-363
-14,1342,3743
75,15171,53
-42,-13381,-4034
-29,-9731,317
63,10536,3103
66,3759,-2296
-37,-5011,-1540
-37,447,1553
8,14047,2544
-56,-7961,-2916
-86,-13968,-1113
-8,7971,5077
59,4296,-1895
23,-4117,-2890
12,-8963,-318
47,9500,1757
19,12052,2259
-58,-7666,-2376
-77,-10203,-686
3,3222,3195
17,10929,-1416
-21,-9139,-2268
-13,-11726,474
64,11726,2511
84,12772,-797
-14,-12772,-2584
-69,-716,1950
34,6981,3495
-16,6083,-4702
-75,-12974,251
-61,-8106,1642
47,9000,876
15,7466,-2447
-23,-14088,-1570
-12,2058,2286
57,12104,1094
15,3069,-3408
-64,-9087,1237
-39,-1522,531
56,6802,3131
-12,2217,-2474
-47,-8929,-479
-39,-8906,-777
12,7564,2945
69,7875,194
52,90,-1769
-79,-9129,-1342
45,537,2613
73,10787,-97
-5,1331,-703
-34,-12834,227
33,5549,805
32,8136,-2005
-30,-15206,1503
33,13320,2247
12,-10009,-4014
-69,-1790,2957
56,13572,749
-37,-12677,-3414
-34,985,4154
47,9660,-1677
-54,-14314,-313
10,6891,2473
21,6462,-2271
-29,-8699,-1018
9,10880,2898
13,-8554,-2696
-30,-1879,1013
36,14237,3493
-9,-14148,-2585
-31,0,1644
21,12598,-1102
-88,-16177,-1836
11,13184,2977
8,-1627,-2480
-16,-7530,1761
79,14390,2059
30,-10810,-3207
7,2327,1855
43,9433,1181
5,-13550,-4866
-30,984,2924
15,11497,1476
25,589,-2372
-37,-12623,-1509
20,-2774,2908
44,15857,1240
-14,-3622,-1655
11,-12235,-2921
32,-1342,3160
109,1789,-285
62,5191,-1881
15,2503,131
-118,-3129,1039
-71,-3133,-139
30,-179,-166
-31,4654,158
-43,-2058,-475
15,-2417,-337
49,3938,-679
-80,-1700,317
-7,-3043,-458
64,1700,-833
-32,-805,223
12,-1969,-560
66,0,293
14,0,-1046
0,0,-293
53,89,-175
-15,4117,813
-77,-2058,-389
39,-358,-643
-35,447,254
-82,-805,4
-77,-1074,-432
-49,358,-343
-70,268,173
-19,-984,57
92,89,-255
46,269,-99
-9,-358,-108
83,-358,356
83,358,-127
-83,0,-204
-142,805,1476
-64,7373,728
-72,-8267,-1495
41,3311,415
-19,-6086,-1268
0,9576,3266
-4,-3759,-1677
-5,-5459,-2199
-33,5191,6020
5,3669,-1257
-45,-8949,-1623
22,12695,2588
-32,-10189,-3006
67,7786,1379
14,-6802,-345
41,895,-874
46,2774,1211
10,-2953,865
-11,1969,1493
-14,-806,246
16,9772,5754
64,2761,4388
846,4055,2955
1357,-19362,-10727
-1737,-17831,-18975
-157,1494,-3182
5,2076,525
5,856,595
-1,2132,1243
-25,1838,1025
-47,4513,4230
-77,4654,4902
-115,894,2100
-128,-89,1373
-146,-1432,-1986
-416,-12387,-9922
111,-2700,-6457
402,5697,3233
189,9122,7839
36,2684,5257
29,3580,4287
80,-2237,-91
58,-2506,-2606
-9,-358,-1530
-79,-626,-740
-113,-1343,-756
-95,-716,-1129
-6,1432,462
53,1074,1314
57,179,673
24,0,81
-9,0,-135
-17,0,-112
-18,0,193
3,0,31
18,0,-132
3,0,-91
-9,0,224
-4,0,9
7,0,-141
-4,0,-98
9,0,208
-6,0,35
-9,0,-1