R
StartTickMs,measCycleMs,Px,Ix,Dx,Py,Iy,Dy,Pz,Iz,FFrx,FFry,FFdrx,FFdry,satI,satPID,KFQAng,KFQbias,KFRmeas,CPx,CIx,CPy,CIy,CsatI,CsatPID,CFFdrx,CFFdry,IRelaxX,IRelaxY,DmaxR,DmaxE,DMx,DMy
35749,10,58,70,47,58,70,47,250,0,0,0,100,100,500000,15000000,500,1,5000000,1,0,1,0,100000,10000000,0,0,1024,1024,0,0,0,0
GPT1X,aPT1R,aKFPT11R
-6,-716,-478
2,0,43
2,0,-21
-3,0,-33
-7,0,-28
3,0,-28
6,0,-18
-4,0,-13
1,0,-12
0,0,-10
2,0,-8
-1,0,-8
0,0,-6
-3,0,66
1,0,112
4,0,-1
-3,0,-33
5,0,-29
-1,0,-24
-1,0,-21
1,0,-21
0,0,-13
-1,0,-10
-9,0,-10
6,0,-7
2,0,-7
-4,0,-6
6,0,169
-3,0,21
-3,0,-30
4,0,-32
-5,0,-31
2,0,-24
1,0,-15
-4,0,-16
2,0,-10
7,0,-8
-8,0,-9
3,0,-7
-3,0,-8
3,0,132
2,0,59
-4,0,-20
11,0,-35
-12,0,-29
3,0,-29
-3,0,-16
1,0,-14
5,0,-12
2,0,-10
-1,0,-8
-3,0,-8
-1,0,-6
5,0,90
-5,0,95
1,0,-11
-2,0,-35
-7,0,-30
2,0,-30
8,0,-18
-5,0,-15
4,0,-12
2,0,-10
-4,0,-9
6,0,-8
-5,0,-9
3,0,34
-1,0,140
-3,0,4
-2,0,-30
0,0,-29
-1,0,-32
9,0,-21
-7,0,-15
1,0,-12
0,0,-11
-3,0,-11
3,0,-12
-4,0,-6
5,0,-2
1,0,174
-5,-447,-21
2,179,-158
13,268,72
-18,-447,-222
18,895,365
-16,-1522,-353
14,1701,290
-23,-1701,-348
15,1432,216
17,-358,24
-23,-89,56
17,-716,-1263
-37,1163,1030
24,-358,-49
-22,0,98
19,269,215
17,89,-202
-19,-626,225
14,-179,-74
-20,-179,-11
3,268,-133
5,-268,-151
5,626,354
-13,90,-36
19,-269,-267
-4,179,279
11,0,67
-16,358,-3
2,-179,-108
4,90,81
6,-179,-68
4,-90,-95
13,0,46
-3,-268,-59
-5,0,-45
-16,-627,-42
-4,-626,-144
4,-2417,-1045
3,-358,-169
17,4028,560
23,1073,408
-10,-805,338
-3,-1163,-381
36,1879,313
-53,-3669,-186
12,-537,-2129
73,6980,2180
-59,-11322,-1422
44,8548,-52
-18,-2595,1446
33,2595,-495
18,-3132,513
26,3132,123
42,-805,142
25,-1611,56
21,984,38
63,1879,-1945
-14,-11664,-363
71,11217,2425
-2,0,-1249
-40,0,1417
44,89,-2454
-46,-10374,20
28,10285,1283
-47,-5459,-1024
-116,2148,750
-46,3400,-1066
-78,-8341,-823
-29,7805,1265
72,447,-1484
-21,-9398,-722
28,2417,1744
22,6981,-168
-46,-6086,-1377
-12,3491,2571
30,3490,-574
-10,-2416,-2114
1,-5818,1562
44,7518,786
7,-2685,-940
0,-6522,100
53,9117,1476
58,1701,-1457
-7,-5459,139
12,-3491,1414
14,7786,586
-37,-537,-2531
-42,-4295,-1115
-18,1790,2834
-14,2953,-1842
-27,-448,116
-58,-4832,-540
-34,-4729,293
28,8756,751
-26,895,-461
-48,-805,-27
-41,-8883,-1358
21,-2980,-175
26,10431,1829
-36,2058,-1908
-86,-1879,-2214
-65,-9988,-80
-7,4260,707
-14,6981,565
-40,-716,-920
-21,-3491,-432
-21,-5120,54
32,4494,915
-35,3938,354
-57,1074,-432
-39,-2417,-2399
-46,-9908,-995
41,367,1886
10,6319,1099
-11,4475,-907
-40,-10002,-2802
-34,-6011,617
-6,5955,1094
-27,3010,-576
-13,-110,-1328
-37,-5516,-695
39,-594,-284
69,-2044,-220
52,5537,1455
38,8522,1171
-43,-358,-1449
-72,-5769,-766
-57,-3810,2
29,1358,155
-9,-622,323
-19,1780,732
-41,2477,-1093
-23,-7285,-1488
28,-2832,1288
60,2403,224
77,3796,243
16,3844,502
-3,2154,325
-8,-3559,-1211
-29,-3089,692
-13,1131,1026
-7,4980,267
-4,448,596
-30,3580,82
-18,-7679,-844
8,-6233,241
33,3716,1584
26,3590,339
33,739,-1286
-33,-2144,-336
35,-444,-311
23,-2250,518
21,2731,1971
0,8958,342
-24,1253,-1183
-45,-6175,-134
-24,-4554,1611
58,4822,1053
-12,3401,291
-35,-984,-1410
-38,-8179,-1335
15,-1712,1198
44,6669,2325
11,6444,-1
-8,-5818,-2677
-19,-5583,-966
14,2567,1980
66,9102,899
-25,1432,-267
-35,-2953,-114
-10,-6768,1584
71,74,162
24,7857,781
-4,358,-167
-12,-3311,-2155
18,-9971,-526
28,5474,2866
64,8166,474
-10,-358,-129
10,-3759,-554
1,-358,1158
55,4028,600
-22,2684,-225
-56,-2595,210
-32,-4922,-583
41,-1432,320
45,4922,839
39,1969,347
-33,1074,-340
-1,-1253,166
-29,-1700,164
56,-1611,-63
64,2506,243
83,2416,133
2,1342,-402
-2,-2774,302
-23,-1969,370
59,-626,312
61,2058,249
71,1432,-250
-12,2864,397
-65,-3580,-275
-51,-895,-108
42,-358,566
61,626,445
78,2506,-85
-14,3312,974
-57,-1880,-139
-46,-3848,-715
26,-179,826
69,0,-196
33,3222,160
-38,4919,1052
-82,-2324,26
-19,-5191,-1390
68,-626,479
71,1521,771
12,6086,846
-60,608,819
-40,-4188,-500
16,-1253,-270
38,2775,274
11,-1790,503
-35,-716,1110
33,-179,-283
40,4564,300
0,2155,-235
-88,-1701,311
-24,-6450,778
59,537,131
56,5765,728
-33,4190,237
-72,-1417,10
-14,-4511,-841
49,-537,-450
-13,2312,988
-13,-2401,697
3,-806,50
19,5167,637
23,2787,-745
-62,-1613,1097
-28,-4998,434
27,-1432,-62
72,5699,182
5,4325,-345
-76,-785,138
-66,-5351,167
16,-3172,42
70,2728,700
31,6152,1519
-39,1723,-78
-53,-3616,-606
18,-5645,-723
95,1719,856
15,4237,890
-43,4796,262
-58,-3167,-748
45,-2732,-655
42,-2654,547
-25,2824,1484
-17,1528,529
2,963,-948
26,-1558,-884
-45,-820,589
-23,-2974,808
22,2550,-63
25,5824,-135
-9,404,29
-76,-5464,-153
7,-3609,704
81,3750,589
30,5775,-39
-49,-814,-554
-80,-6345,-781
11,-1775,871
81,5579,1345
-10,5034,592
-57,-623,-379
-64,-6888,-1161
38,-3841,-143
56,6175,471
0,6283,553
-64,-2615,-1054
-60,-8882,-648
25,-2590,562
80,10237,1875
30,4187,-569
-47,-8473,-1621
-49,-28,1350
-23,5587,-1363
-12,509,645
-10,-5558,-169
43,-4167,522
58,7128,1010
7,5912,-327
-47,-4672,-970
-27,-7887,602
29,2752,1254
48,5964,-441
-1,-2216,-2642
9,-4059,26
-35,3183,3359
28,5447,-26
-37,-589,-613
13,-6475,-1023
22,-2750,193
36,4010,826
-33,6478,51
-64,-4346,-841
-10,-6549,-645
62,1987,1530
49,8395,833
-39,1342,-1401
-99,-7307,-761
-14,-6265,555
72,4910,1041
50,7127,138
-52,-885,-1020
-72,-5981,-825
-25,-5023,-192
72,2838,1337
65,8010,508
-24,1940,-1692
-53,-5020,-325
-41,-7842,-245
55,2181,2243
87,7139,-799
19,1619,-327
-52,-3598,-357
-43,-6158,301
10,5484,1315
59,4428,236
65,605,-1807
-19,-4891,-725
10,-4321,1251
-15,6473,2382
10,4125,-446
-21,-4742,-2742
25,-8899,1445
55,3269,353
70,10889,182
14,-75,-870
-28,-8026,-598
-20,-1656,1631
26,7387,1294
43,762,-1204
19,-5923,-2329
40,-5666,-9
58,5619,2652
44,10395,-93
-3,-4008,-73
-4,-11414,-461
43,4195,1519
87,7556,81
50,-5074,-1982
37,-7380,-597
52,2844,1562
51,10975,919
-15,-331,-1152
-45,-9202,-1071
-18,-3102,2119
53,7445,1316
32,1773,-1757
-9,-9403,-1442
26,665,1070
38,12587,843
-24,127,-1123
-59,-11478,-205
6,3448,1696
43,6090,-104
17,-9934,-3844
16,-5993,-372
40,11622,3979
13,10003,280
-47,-6516,335
-74,-11694,-407
23,5209,155
50,5336,-1673
26,-6270,-1409
1,-2008,1197
56,11566,1305
-2,818,-1561
-17,-10489,-1582
21,-3200,2122
86,6409,1431
79,4756,-1882
47,-9266,-275
21,-2306,220
53,4773,886
30,4854,-3
-9,1228,-1499
-34,-9524,-1196
15,-6912,100
70,11769,2032
31,6154,-1598
-45,-10630,-2802
-61,-2230,1465
-34,4295,1731
37,4484,-726
-1,-11783,-1981
21,-3938,-582
41,12186,1330
-26,5420,-1381
-71,-8434,-1700
-47,-8098,962
11,6423,898
22,2976,-2875
-9,-10115,-2806
14,-985,1130
32,12290,667
-24,4171,1213
-51,-7524,-1173
-54,-9653,-280
15,2685,677
22,6710,-277
15,-1442,-2965
13,-4373,-833
-13,-3938,497
-66,5281,873
-133,2845,-213
-160,-5888,-3645
-96,-3490,217
-34,-90,753
-32,3580,-223
-105,2864,72
-141,-4117,-1573
-58,-1790,-1010
-39,358,-304
-52,358,133
-129,-1163,-394
-48,-1343,-702
-6,1880,28
-28,626,-779
-93,-179,-457
-58,-2864,-84
25,-2595,-1201
33,-537,-716
-1,3132,252
-59,-1700,53
9,1253,-356
38,-2954,-1488
46,2327,-741
-3,1343,96
-60,-4654,-489
-27,-2488,-402
6,-961,-561
70,924,-730
11,1590,-483
-18,481,-394
-34,-2108,-424
-26,-2415,-119
25,1639,-265
57,-931,-867
43,1412,-335
-11,1516,-111
-51,-2532,58
-42,-764,-716
-13,-1506,91
39,1647,-379
26,-1980,-434
-4,1301,-33
-31,198,95
-50,1415,337
18,-1301,-533
-30,-3796,-1151
26,-668,-393
9,-63,-456
50,2295,111
37,1189,-354
-14,-404,133
4,-428,12
-32,1450,-225
-10,-56,-117
-40,-3001,-388
-37,-3329,31
24,52,52
18,1539,-668
20,-1816,-733
41,450,-224
28,2749,575
6,2081,-43
-13,-975,-207
-29,-458,-82
-60,-2314,-332
-52,-1412,-794
-23,-3785,-731
19,342,-382
60,903,-970
30,346,-1111
31,-1173,-465
-14,2537,142
-8,1489,-141
-40,-3093,-729
-21,336,-157
-11,1337,203
-17,-103,-626
-9,-3205,-548
-13,-2216,-40
6,597,457
23,-661,-256
-7,-2056,-231
-5,3472,1084
-16,765,-312
16,-765,-1149
17,-3073,138
34,-764,-5
43,1280,24
62,1721,-155
47,1715,23
-15,1349,366
-2,-948,74
-33,-3568,-581
10,-1054,-649
65,625,-57
-50,506,525
-51,-1696,-343
26,-24,-245
82,3163,-337
5,2574,242
-54,-658,77
-20,-1876,-284
47,175,-340
-3,-202,-212
-46,-1717,-20
-46,-2846,-643
74,521,-167
-5,1921,442
-24,-184,-270
26,-329,-547
37,2284,-248
-9,-542,42
-28,77,709
-41,-963,-82
43,668,164
-7,989,512
-87,-745,-311
22,-3763,-1192
33,11,805
14,1583,-270
-48,-1041,-489
13,-870,-588
47,3618,-683
-34,295,-183
-100,-2355,-452
-9,-1667,-632
-30,1013,280
-113,-464,327
-67,-2705,-762
13,-211,-815
-19,897,-403
-86,-2124,-265
-40,-2484,-551
13,1921,-558
-6,1611,-603
-127,-437,-417
-149,-3936,-1009
-55,-1484,-1147
-81,3033,-2
-127,1467,9
-191,-1348,-388
-156,-3127,-1343
-54,-1214,-487
-60,2760,-146
-96,2084,-235
-116,-2275,-97
-142,-2098,153
-78,-447,-237
-16,545,-840
-5,-768,-344
33,1920,447
-14,1536,383
-28,766,79
-25,-1123,-1385
-27,917,-108
-6,-551,119
-7,-2306,201
25,254,751
39,947,516
39,-1994,-185
21,1030,984
9,2008,731
-10,229,-164
-64,-421,774
-48,1981,-864
-12,-10,-556
-39,-1220,500
39,2495,487
22,-1945,206
-4,-621,789
-1,2537,863
-30,-116,621
-40,902,1663
34,3125,837
76,-429,1301
162,3594,-260
132,-3856,-101
148,284,1254
105,230,772
101,3624,1616
86,709,-67
72,162,807
95,-1467,-658
77,-2455,66
84,522,-161
88,-1828,1125
59,3037,125
65,-832,-267
39,3373,221
42,-1618,447
28,2381,413
31,-2240,-336
29,1665,351
-31,-3502,-331
12,2632,1171
29,-180,121
28,1483,1386
65,1989,76
34,-481,63
64,2948,191
-7,-2873,-50
3,511,709
23,-752,41
25,692,1031
-8,2093,72
-10,-2243,-371
19,3367,848
77,-726,-340
35,-1300,642
44,1974,622
-41,-1862,-148
-45,-1303,707
-73,2906,123
-28,435,63
-33,-556,674
12,3394,757
32,-335,-23
37,-2069,232
14,1797,928
9,293,-301
-14,-1789,473
-1,792,255
-4,1436,183
6,-2247,-85
25,1035,779
41,1963,474
30,-2263,-111
28,3190,1242
0,690,-130
-30,-1070,475
8,1335,645
16,311,-345
13,-1432,124
54,1347,572
51,1358,276
55,-1216,396
76,-752,559
37,2647,588
59,-1132,-20
32,-1216,673
28,2755,1674
-18,1811,-194
-16,-2727,-505
4,481,1495
8,2653,555
49,-1701,163
29,1886,735
20,6814,2238
-2,1074,-173
-11,-2148,434
-16,-3759,169
-10,-984,-260
71,3490,619
-10,3043,1142
-44,-716,473
-10,-2148,106
63,806,40
-39,895,484
-52,179,-192
50,626,348
-54,-89,35
16,0,-120
29,447,361
-42,-626,-101
72,895,21
-19,-90,479
-25,-89,50
37,447,64
-45,0,137
41,89,59
0,895,124
-44,0,34
36,1253,411
-50,-805,297
20,-537,19
-21,447,791
-26,-89,-144
38,179,308
-54,-716,199
42,447,-193
-29,-89,188
-30,-448,199
45,716,252
-80,-626,223
53,537,433
-29,537,65
8,805,275
-5,3401,1188
9,1849,576
20,777,324
-26,221,301
39,1184,213
-72,-1997,601
51,1146,613
-56,-185,457
22,1405,534
-49,934,423
-1,-712,-275
6,966,41
-40,-2260,418
57,1638,462
-55,-1194,216
67,2354,324
-14,-85,105
9,-1019,48
7,623,539
-47,-368,430
31,2465,409
-51,-381,-261
40,310,-458
-48,-2309,321
21,28,-28
-24,1443,483
11,226,-129
22,1182,-18
-55,-1493,15
30,566,-285
-55,-679,516
48,798,-577
-22,285,265
-18,-1168,-393
39,-849,201
-57,-650,281
47,566,-166
-40,1471,470
10,-170,-223
42,657,-43
-73,-685,202
-5,-1047,-608
10,339,315
-61,-877,152
4,57,-12
-1,4310,54
-83,-2073,-290
-93,-7151,-326
44,2104,1052
87,6498,1011
7,4765,570
-44,-3536,-728
-27,-5842,-873
68,-2292,-387
93,2218,1163
31,3902,1058
-28,2474,601
-44,1756,-493
11,-6454,-831
45,-3231,1094
34,7740,1915
-25,4052,581
-47,-3144,-1744
-23,-5530,-1349
32,-170,1147
-12,5908,2436
-64,2936,-21
-37,-770,-526
-11,-1808,-731
17,-3711,354
-40,3108,1806
-13,3020,277
26,337,-1421
-3,-4708,-1020
7,-168,1396
-38,3083,1157
-3,1584,104
63,1587,-652
-7,-4490,-578
-35,-3472,-3
48,-595,4
82,5680,711
-66,-328,-231
24,-1040,-856
-30,150,-181
-36,-2117,-1
55,774,410
-38,-1025,275
81,1728,402
-30,358,445
40,320,43
-42,490,140
22,-132,-69
-16,57,216
46,437,76
23,-324,306
9,393,-91
32,985,306
11,-311,138
69,1277,79
-8,-113,180
70,877,418
-37,301,243
36,-256,137
-36,632,460
-46,-800,9
35,1454,384
-44,-744,8
39,1779,469
-63,-1343,455
32,-271,21
0,933,312
-47,-1339,141
63,872,411
-42,-180,744
-5,463,90
-20,2964,539
-96,-372,173
15,-1213,-737
9,983,195
-41,-2206,302
57,-1040,186
78,2371,398
-32,2321,688
-6,-86,-135
11,3192,-323
-90,-4809,-748
-54,-5111,-266
57,3743,1292
-20,5608,1040
-54,-1213,-2105
43,-4848,-143
38,-383,-91
-10,-184,240
19,-586,-22
88,4481,-79
-75,282,-6
-67,-4092,-567
49,-446,-327
41,2239,473
-67,53,686
14,-982,-4
37,3534,-277
-23,-564,-393
-38,-5452,-726
70,-2072,28
50,5698,916
-27,3905,472
-38,-2471,-1604
30,-2493,-706
-17,-3337,687
-16,2198,2516
22,3791,-1370
72,282,-1075
-27,-3501,-123
-15,-5660,443
44,4878,1185
87,6041,107
-21,1493,-771
-92,-9185,-659
-12,-145,1072
55,6570,371
44,1471,-886
-26,-7133,177
10,-4273,663
25,10939,748
82,-648,-1471
47,-9311,-1194
110,2722,1854
71,7806,2061
39,3134,-856
-20,-9376,-2223
7,-5040,605
111,7702,2801
104,6766,-683
19,-2273,-1462
-41,-8270,333
64,3216,1757
31,4311,-501
87,-1755,-2243
16,-9546,-326
55,5779,2985
64,12433,876
-42,-6026,-3550
3,-12054,971
54,3033,1712
147,8770,270
63,1489,-1024
-9,-8127,-975
7,-4218,1469
57,10834,980
60,-1646,-3009
43,-6781,-1309
48,4886,3420
-1,5842,1024
-31,-8421,-1052
-2,-4964,188
83,9391,152
50,4743,-1660
-50,-13434,-1495
-26,3224,2130
45,6140,908
29,-5341,-3118
49,-4628,-293
67,11437,2544
0,1822,-1
-100,-13278,-628
-2,3171,1213
63,5224,-1319
30,-5254,-1695
17,4911,2512
5,6832,-420
-87,-15450,-2911
-41,2473,2177
72,5445,-863
-38,-6417,209
-83,4989,1743
-114,4461,-1115
-194,-14356,-798
-68,10473,786
-122,-323,-2473
-200,-1503,1874
-162,3499,-1591
-113,-12098,-3320
-75,10008,3588
-146,1446,-1589
-140,-12358,-351
-21,6654,189
-29,6581,-676
-116,-7940,-1614
-75,-6847,118
49,8911,710
17,3795,-1666
-72,-6553,-1283
-59,-4530,1142
38,4360,550
74,1902,-992
-37,-3735,-840
-67,-3952,-148
-11,3492,115
55,3157,-495
39,-544,-1317
-60,-5595,-752
-17,-4869,259
3,4076,285
52,6811,-1318
-28,-1063,-996
-43,-7077,346
14,-1860,324
31,3303,-405
77,1523,-1411
-36,-2457,-1258
-51,-3700,166
-8,3276,1088
-14,2235,-174
49,622,-1797
1,-1811,-1222
18,-3656,-277
-41,74,1220
4,591,-243
-11,222,-1178
-2,-5565,-1937
45,-1253,-119
24,6633,2240
12,3775,568
-59,-1103,-935
6,-10290,-3809
8,-1521,2829
69,358,-677
32,7635,-631
-58,2071,-124
-67,-4157,-1725
-33,-5907,-731
14,-537,680
55,2416,-379
34,5855,-1050
-44,-3259,-378
-30,-4564,-444
34,89,693
2,6354,665
6,-3132,-1285
-1,-3401,-1339
27,-5280,-154
44,4833,583
6,3669,445
-49,1611,-850
-58,-4654,-656
-14,-6354,-923
56,268,-651
43,6086,948
5,0,-758
-36,-179,-1170
-21,-2595,963
-35,1969,331
-3,-90,-655
-37,-626,-89
15,-6361,-2441
23,5108,125
58,-1253,617
9,1342,483
16,-1700,-276
-21,1342,-357
5,-2774,-1102
-1,-3618,-1606
45,-370,-1063
21,703,-201
-31,1763,676
-30,2148,899
-35,716,-1053
-5,-5921,-2119
-16,-3603,-653
51,1425,191
8,2917,-235
-5,-850,-69
-41,-455,-253
-7,-3489,-549
8,-95,-242
68,2509,-708
-2,1382,-806
-7,-2315,72
-63,509,446
-30,509,-163
-3,-2808,-528
54,-2163,-954
31,21,-446
50,2807,-30
10,2709,-122
-44,-1217,-328
-51,-4569,-522
-33,-1319,-51
30,57,-448
3,-1204,-820
47,1053,-357
-11,2185,171
-9,1830,108
-33,-1328,-14
0,-3688,-416
5,-2085,-612
46,2897,-33
25,2520,-489
-19,648,381
-54,-2169,9
-27,-2646,-227
-23,662,-494
25,-2920,-1257
6,-1569,-289
52,2261,-197
10,2868,-65
-16,-502,-168
-70,-896,291
-30,-1635,-278
-20,-1052,-449
44,-255,-626
34,705,-177
-20,3999,280
-77,-1810,-150
-69,-3092,-102
-35,-833,-566
31,2473,-586
-41,-2122,-504
-38,2884,825
-68,417,383
-29,-2848,-132
-2,-2305,-72
43,3267,263
45,3207,-183
-29,-605,411
12,795,746
-34,-1303,-192
8,-3311,-894
31,-818,124
51,2727,364
13,520,-33
-11,481,326
-43,961,438
-27,847,126
-34,-3441,-757
-14,-2526,-148
-10,40,-238
25,2471,-276
-19,-1460,457
9,1063,-350
-31,2607,-100
-25,-642,-734
-63,-2376,-212
-44,1500,239
24,-1670,-505
3,-1466,366
40,3272,297
11,-3191,-1098
7,-67,712
9,1537,-653
-25,-3407,-595
-24,13,129
-23,2086,100
-31,-1694,58
-14,4783,161
-19,-2726,-823
-23,-202,462
7,-229,-722
-32,-1626,431
-31,5287,-98
-27,-1587,-191
-75,-698,232
-75,1285,155
-69,-2593,-202
-57,-2123,79
-27,73,482
-50,1673,-481
-11,2503,25
-64,-592,-86
-108,2187,903
-182,-1369,-107
-161,-577,88
-79,1224,-74
-138,770,539
-220,449,21
-151,-1941,40
-81,-969,-95
-103,1540,833
-108,-331,682
-109,406,-2100
-20,-1998,-201
62,-724,326
-13,1940,547
-30,828,743
-4,-151,-48
32,-45,-427
44,-812,492
-11,3108,840
3,1810,1179
-13,-2208,-2864
43,-2620,150
61,-545,741
139,921,910
78,3593,690
80,1770,1205
82,1672,934
153,-585,1714
169,1314,1745
248,-1920,615
287,-826,-540
371,56,596
242,3237,1365
194,3067,1305
129,2453,782
96,-295,913
24,-259,246
16,-4253,-249
31,-1189,-216
105,928,44
29,2558,1132
11,-905,375
35,311,370
135,198,-514
75,2463,-137
52,222,365
0,-148,421
11,-1664,-88
67,1960,547
16,2967,1223
-51,-89,186
8,-2102,332
66,4429,483
10,1163,603
-22,-1253,580
78,-2327,-460
68,3312,873
-17,179,1308
14,-806,-225
36,2148,601
-49,-1253,570
23,-447,647
-26,268,374
-53,-2148,-260
47,2059,468
-52,-895,188
20,716,-118
25,358,457
-32,-1432,-426
80,2327,508
-3,179,999
51,268,-1
33,985,243
-20,0,68
58,89,-71
-17,358,103
14,89,-14
38,985,301
-26,-895,354
98,626,82
22,-179,968
64,-895,211
108,0,-195
38,90,120
141,895,-64
9,89,90
26,-268,-163
69,2416,608
2,806,139
91,1342,340
5,-805,1669
10,-358,113
29,2416,350
-25,-626,518
42,1685,267
-22,222,482
10,-2176,-659
48,2139,715
-16,-349,381
33,-2058,609
45,3220,1323
-10,-517,-4
83,333,150
24,813,106
3,-3044,33
102,1253,51
76,3298,690
16,-2357,-662
104,-1209,-506
73,2429,1121
-18,-1294,1260
74,258,-31
56,2315,-20
-30,-2019,-279
-10,-1958,-254
66,3948,229
-10,481,-265
-23,-2471,-558
58,1962,-132
-25,-409,1287
-35,-665,946
51,37,-834
-44,1037,-81
-65,-2775,-700
4,74,-149
-29,3267,483
-95,-3156,-848
-27,739,-790
-102,-1035,55
-145,-2108,1322
-73,2367,76
-204,-518,-637
-127,-2833,-871
-76,3314,-253
-170,-555,-218
-77,-37,-488
-105,2699,-420
-171,-2699,-773
-48,-5228,-2392
-62,1969,2026
-144,-2417,-557
-9,1253,-695
-37,3312,-864
-147,-2954,-1014
-87,-1969,-1394
-68,1074,-209
-179,-1700,-403
-83,-627,-510
8,537,-260
-110,-447,33
-35,-1074,-373
64,448,-45
51,626,-409
-56,-448,-230
-44,-894,-242
0,-358,-429
-53,1163,130
-141,0,-579
-91,-805,-565
5,89,-1154
-77,-2864,-444
-75,-4339,-357
-19,-74,-892
29,3876,-780
-61,2685,-444
-168,-2237,316
-129,-4139,-1706
-87,-1516,-1605
-65,1072,-466
-151,-776,-494
-139,-2104,-420
-104,57,-795
-128,4631,-981
-208,-1845,-748
-238,-6638,-1762
-144,-3149,-1046
-81,2052,153
-172,3817,989
-139,-2006,-3544
-108,-3939,-1225
-39,-490,-636
-87,1594,316
-85,1359,382
-60,-2086,-399
-14,-3448,-803
51,-289,-341
1,3473,514
-36,1827,181
-21,-2838,-2312
-31,-1467,102
37,-610,150
53,3560,157
-7,-283,66
-84,94,903
-47,-1623,367
-34,-173,-255
10,-1591,-934
55,401,338
36,2345,-1338
14,886,357
-22,546,317
-53,-2604,395
-67,-1606,598
-20,-616,204
-23,1065,-193
32,-16,-5
3,1865,749
-1,2393,-735
0,2294,-168
-45,-1458,500
-44,-4163,625
18,-1091,609
35,3127,554
61,1584,-7
33,439,829
19,2923,2032
17,-1694,272
94,-3949,-2269
148,1507,927
224,1192,879
243,751,987
315,333,1481
366,3586,1147
376,2149,1535
465,3226,2151
437,5191,2461
350,-447,1221
262,179,827
176,626,1326
84,-179,1117
26,-1163,693
66,447,823
83,1074,585
5,268,193
15,358,473
65,-626,-32
83,1163,770
11,269,720
38,-895,338
69,1074,390
-23,-537,1002
111,1163,56
14,1343,538
26,-537,427
117,6170,1862
-23,592,1886
91,1157,1468
2,-972,796
89,-333,393
23,222,387
124,221,157
34,947,576
58,2524,747
-30,1826,911
51,1338,611
-16,-1927,1427
58,-95,980
96,-262,241
96,2012,251
73,1726,586
-20,688,1005
36,-179,663
62,-396,-15
39,-395,64
47,2899,856
-2,1933,2010
-67,-1708,402
8,-289,42
4,-568,-259
35,921,-185
67,1734,312
-1,2078,457
-83,-1590,408
-38,-340,111
-43,-1321,71
-46,-1123,764
105,2146,-105
50,440,72
44,1829,479
76,-754,333
41,-664,-47
65,-912,-153
119,1535,96
86,701,212
111,2309,2590
33,860,759
-1,141,81
-19,579,135
-45,-1482,-144
-31,-98,161
41,-62,-355
-8,-943,-474
6,575,70
44,-332,940
9,75,1065
19,1464,-239
2,950,-427
-38,-820,-216
-1,389,-773
25,873,-302
-37,-1936,-559
39,-135,-412
-45,-1180,-1097
-93,-462,1516
-38,-765,-527
-90,-1494,-1454
-106,-772,-1134
47,-722,-1081
12,-2107,-1014
79,-104,-628
34,1103,-418
-70,-1154,-865
-23,-887,455
-14,281,537
-43,-545,-713
-8,1116,-774
-75,-1022,-722
-8,-113,-602
-42,668,-472
-123,-781,-380
-144,-980,-647
-245,-899,-946
-244,293,952
-222,-1129,-864
-252,-584,-1192
-104,95,-1079
-163,-2033,-1340
-82,-142,-838
-71,-849,-731
-108,-282,-633
-64,-764,-517
-171,-2315,-536
-71,-258,-760
-149,-259,-777
-86,-2845,-1005
-65,-1432,-324
9,1253,-361
44,-179,-356
58,-448,-968
95,3725,159
-28,-222,-516
40,-333,-18
-86,-5497,-524
12,-1253,-1146
-19,-447,-984
23,1879,-467
-63,627,-38
23,89,-90
-20,-1879,-420
53,-1164,-541
-4,-89,118
74,89,-313
-46,179,-339
13,269,-213
-47,0,-72
-39,-537,-107
-30,0,-166
-26,-268,-82
26,-1432,-284
-6,89,-33
107,269,-24
-3,-179,-203
49,716,-162
14,716,174
-45,-358,-101
16,-269,-411
-16,358,-33
-47,-537,-420
41,0,-586
4,179,-89
-53,-1432,-451
82,90,-551
-5,716,-736
-76,-3580,-274
64,1074,-278
-54,89,-718
-51,-4271,-1272
69,960,-900
-58,-269,-624
-22,-2096,-670
57,444,-994
-99,-592,-375
-48,-1257,-874
50,813,-592
-74,-258,222
-8,-2148,-1049
67,509,-580
-63,340,-647
-37,-2653,-145
37,903,-628
-56,-547,-608
-56,-1913,-442
13,-1108,-1026
5,732,-641
-79,-1492,-447
-35,-2743,-891
49,32,-518
28,164,-386
-6,-1046,121
27,-882,-113
63,-241,-697
-28,930,-270
-30,-1441,-533
40,1143,-743
2,1693,-379
-85,-52,115
-83,-2213,-644
-42,482,-655
-132,982,40
-155,-2236,-119
-112,-1683,-834
-96,1683,-46
-169,712,208
-199,-2368,-635
-112,377,-605
-199,1886,-660
-313,-2532,-696
-238,-216,-535
-193,404,-417
-267,-3066,-243
-151,-2351,-693
-39,2174,-628
-17,3176,276
-62,94,86
-75,-4385,-463
24,-644,-2236
56,463,-366
56,2608,408
24,1254,221
-12,-1744,530
-25,318,545
2,-1199,88
-24,-1558,-780
-15,-2162,-746
15,-646,-1180
14,2371,-715
-3,-44,-33
31,295,416
-17,-1021,735
19,3154,857
37,1800,858
21,321,561
7,496,1615
-13,2384,-239
-4,-451,-764
-46,-990,903
-1,1847,1351
55,917,695
12,-1142,555
17,586,1080
20,1729,1034
20,-1157,-22
46,-707,-480
96,2469,-608
100,-173,622
90,-915,1147
120,708,491
121,103,152
147,69,1233
138,1261,688
145,1357,684
179,-1822,1271
252,2587,197
267,732,830
263,-460,948
243,0,1189
262,1526,882
200,2204,591
171,311,85
135,-1018,148
136,1471,831
133,1560,477
112,1109,1005
60,-777,1019
33,-1157,577
26,-1669,367
15,142,433
86,2425,1034
40,1701,487
91,3262,1379
32,1700,1259
13,-4027,1497
39,-454,626
87,2960,416
39,2416,1465
-30,0,356
66,269,87
58,1521,572
-20,0,188
85,358,746
-2,358,619
-36,-89,20
101,178,-187
-23,90,-27
8,447,140
44,1701,348
-21,89,244
89,895,197
11,2327,1645
43,-626,1213
80,3166,828
-16,-2808,450
99,-1701,-16
41,1611,270
88,-1253,269
95,2327,370
36,448,389
150,2892,1188
49,296,1365
74,1085,358
84,113,267
4,-681,461
100,185,107
24,-1849,-111
92,-258,65
93,295,78
53,-185,689
218,666,2055
48,555,325
138,1159,-66
111,2734,-55
55,-923,-480
135,1185,98
53,-931,251
48,241,-106
51,714,416
-4,-898,2199
80,-821,-306
0,-28,-553
9,-849,-1007
33,425,-316
7,-1454,-679
78,-702,-501
-30,-1109,-419
6,998,-250
7,-222,2306
-92,-1072,-98
2,1109,-1157
-127,-1220,-1143
-28,111,-944
-89,37,-610
-66,-2672,-1436
6,2672,318
-84,-111,-333
-8,-222,2104
-70,1960,-9
-102,-888,-1227
-44,-111,-1432
-171,-554,-358
-137,406,-845
-253,-2615,-1064
-251,1342,-617
-383,-3132,-1140
-292,268,93
-380,-2237,-908
-248,89,-1228
-265,-1432,-994
-90,627,-376
-94,179,-355
-24,268,-275
-106,-984,-197
-35,0,-355
-88,-358,9
-130,-895,-186
-52,0,-270
-142,-1253,-514
13,-1879,-571
-53,268,-218
33,-1969,-1086
51,1611,-703
-21,-2237,-1324
63,984,-58
-20,1522,-763
-25,-1969,-1216
-17,-716,-580
-126,-2688,-475
-6,-1996,-782
-45,-923,-1161
-83,-226,-457
56,-764,-1649
0,792,65
-42,-2770,-900
63,618,-916
-72,1558,6
-57,-1439,-659
-37,562,-362
-174,-2566,-509
-88,363,-546
-71,-214,-463
-141,-2425,-1756
-20,-113,-472
-137,-2132,-642
-118,-1415,-877
-43,1899,-416
-141,-1562,-750
-85,497,-583
-111,1549,412
-149,391,-155
-106,-823,-2004
-148,-156,-502
-160,-4376,-603
-21,-1139,-838
-48,-1265,-406
-99,-1492,-829
-7,2530,-593
-127,-115,-463
-133,115,-367
-57,415,-1659
-116,189,-270
-71,-2805,-30
0,-518,-53
-69,-1001,83
-21,-1399,-4
46,3626,-122
-22,2231,455
-90,-2145,-191
-11,-1837,-1822
7,-850,4
-51,850,752
-24,-1113,-29
70,-327,-278
23,3130,933
-9,1516,1752
-47,588,871
25,-3516,-644
124,271,-2283
105,3312,642
8,1400,1349
-63,-2466,1077
-77,-128,628
-21,-1002,-168
19,-763,-621
22,1804,75
0,3358,710
-39,1978,-590
-85,176,1467
-27,-2801,1025
57,-326,611
74,-340,163
37,2140,639
61,1611,1140
36,-284,594
20,-128,-533
77,1819,-1356
88,2423,579
83,-1255,1407
205,-1399,1488
417,-2742,468
506,4832,1020
381,1508,1347
355,-4203,-104
443,-502,1468
283,3657,68
181,3578,1012
39,-1936,509
70,-2102,70
182,1936,271
61,4913,1162
-22,-1368,1245
23,-566,458
3,-1188,-105
-14,-412,547
63,2025,358
-47,1177,139
44,554,528
-66,3235,1210
13,716,866
-19,-537,830
-26,-2157,325
44,629,756
-49,37,860
63,1759,444
-54,-1253,546
48,2238,130
6,3401,1012
57,-448,237
67,1969,1074
-3,90,768
66,89,327
-50,0,460
60,179,165
36,626,54
-20,-805,24
61,716,98
-44,-358,2
45,268,-19
-8,985,744
-22,-1074,475
65,1163,353
-44,806,337
57,-90,173
3,1432,667
-27,-1074,313
70,3043,408
-50,806,1083
19,-269,608
25,2489,977
-70,-2220,778
57,2183,443
-13,888,457
-32,-1590,264
56,1442,503
-60,222,376
48,850,-26
20,1334,235
-28,-877,1242
69,1160,131
-34,-142,528
15,-113,170
44,1302,199
-75,-1189,434
32,114,-32
-20,1150,664
-28,-1575,109
35,566,672
-31,1200,247
-26,-2020,-259
39,2733,120
-64,-785,448
13,-308,-136
57,1307,186
-33,190,703
4,-285,849
74,1414,-21
-27,1275,453
-41,-941,-43
42,42,-345
-1,2189,338
-81,-2189,-214
33,-1766,-704
43,2843,789
-22,-554,1088
-1,-1505,0
76,2078,-228
-34,19,547
-18,-1679,-333
46,1679,-68
-35,1300,685
-76,-1683,-243
49,1193,-25
-35,1163,1161
-49,-2628,-69
57,-502,-314
-10,1534,104
-23,-1095,233
57,2622,-196
-7,2275,411
-88,-3105,-726
37,-302,516
-18,19,575
-41,-1550,25
68,1192,-326
36,2266,-200
-30,-1663,8
33,-735,-551
10,2311,226
-91,-1180,-110
27,-2150,170
27,1358,100
-67,-3022,99
8,1581,128
27,4755,33
-93,-641,-34
-64,-3759,-1518
2,251,-233
-107,-899,895
-24,627,572
6,4469,488
-122,257,-669
-77,-4998,-1456
-12,-1191,-215
-82,-3007,514
-27,1485,331
27,8124,387
-113,-686,-1707
-65,-3572,-247
-3,-4294,-30
-71,-1255,591
-6,4376,228
29,3389,-306
-103,-796,-246
-42,-5191,-1406
29,761,101
-25,1209,526
13,-2350,-263
85,1474,-303
-17,-1474,-11
-29,998,234
43,2251,-677
39,1807,-42
-73,-3891,54
3,-2393,-744
76,-651,553
11,2188,470
-47,3729,307
20,-94,-358
25,-113,-1219
-38,-3213,-460
-79,-6432,-68
53,1220,158
65,6258,-147
-64,3147,378
-84,-3408,-694
14,-8328,-1967
18,1259,486
3,4183,1788
-48,3624,-219
-35,-4303,-1463
59,-1470,-660
57,1866,371
15,-2199,634
-7,-1294,587
27,2329,-230
69,3358,-974
0,2006,-342
-28,-4030,-51
-30,-8193,421
30,4160,1074
54,8272,-1056
-7,-931,-724
-77,-3732,147
-47,-5263,77
50,-806,51
83,5984,707
32,6482,-860
-68,-3022,-565
-58,-7475,831
7,-2953,-218
79,2953,-453
26,5429,665
-55,3878,314
-77,-3164,-792
-41,-10618,-1907
54,-447,-652
68,5302,1369
8,5954,858
-48,3203,279
-38,-5211,-1301
20,-9517,-1187
61,448,274
52,7970,1960
-30,2940,464
-61,785,-1344
-14,-9816,-1935
45,-4475,138
64,8163,1774
9,8733,832
-53,-3200,-829
-64,-8326,-2123
23,-5459,-1482
69,626,1555
47,8772,2138
-8,6166,-653
-57,-5168,-1242
-37,-10217,-695
45,89,880
89,7577,490
11,7106,573
-55,-2094,-1519
-86,-10709,-2186
4,-2327,667
45,8394,1905
80,5038,-201
-45,-1244,-530
-51,-5028,-853
-30,-6713,108
29,1074,1541
28,6873,-53
40,5261,-1532
-12,-9449,166
-24,-2416,-25
22,7528,1195
-19,148,-48
-19,-1680,-1370
-13,-6265,-2069
36,-1253,-45
34,627,1132
-11,5996,1796
-42,2871,-445
-51,-2155,-1150
-8,-7070,-830
56,-358,182
49,626,-252
24,7367,1521
-21,5412,643
-67,-4451,-1809
-36,-8954,-512
25,0,962
70,626,-268
31,7071,-400
-4,4227,526
-49,-368,140
-46,-10751,-2014
-36,-1700,1820
26,5996,1344
15,3188,-1883
23,-1845,-690
-4,-6444,29
24,447,-711
-34,1611,758
-36,7599,1803
-56,-1035,-589
-15,-7638,-3546
-15,-1789,1932
37,-716,344
57,2684,-571
1,8974,228
-38,-776,-3
-50,-8198,-1472
15,-1163,307
-2,0,950
12,895,395
-15,805,-1418
17,-984,-777
-2,-2148,290
41,-179,297
29,2685,-146
14,8065,1145
-33,-3769,-1668
-39,-5370,-229
-15,-1790,171
24,6533,1408
17,2991,106
-39,-5944,-1605
-30,-4027,-689
25,-2864,706
42,5101,1234
1,1521,-1275
-9,-1342,-1351
-9,-5191,401
17,1611,395
43,3580,-105
11,4743,-550
-45,-3043,-1134
-19,-5190,23
4,2774,1189
35,4654,830
-27,-895,-795
-42,-3848,-908
-5,-2775,417
34,8234,930
26,3197,-968
-31,-9372,-1288
-3,-3043,287
17,5011,1997
14,7145,-594
-36,-7771,-1204
-44,-10174,-605
18,10174,1856
33,4743,-795
-23,-8323,-2427
-9,-7637,955
47,10233,2934
21,4116,-2467
-30,-8591,-1272
-20,-1790,284
32,8233,1649
15,-984,-1342
-5,-8806,-1631
4,-2580,791
32,10849,1607
0,179,-2741
-51,-10149,1238
35,4779,631
44,5728,-311
-37,-268,-1901
-9,-9574,-487
29,7963,3068
16,3042,-587
-47,-1163,-1130
-50,-4743,331
-17,-4100,801
40,850,-415
36,4503,452
35,2416,-866
-37,716,-346
-25,-447,510
-63,-1880,971
21,-5086,-1072
30,-259,-766
59,3645,969
5,3669,28
-54,537,-191
-94,-2864,137
-39,-6096,-576
52,480,-406
80,6153,438
50,537,-652
-40,-984,1095
-22,1163,337
-6,-1969,-355
-8,358,-912
28,-2685,-876
-43,3491,1322
-39,358,389
-25,-2775,-1095
22,-4608,-168
39,407,-358
13,5902,-171
-11,1611,71
-87,-4296,-939
-42,-4400,-230
-7,1479,-166
36,1489,-1071
-8,2416,1480
-42,-537,-88
-41,-2185,137
15,-1516,-769
38,-1405,-673
61,1923,-129
18,6584,1008
-43,179,372
-52,-6985,-1643
-29,-2149,184
52,1927,-532
11,2732,40
-31,-1882,-17
-63,-961,381
-11,1257,1043
22,-2070,-1606
51,-185,-825
25,1405,521
-4,6285,760
-51,-2954,-276
-35,-5866,-854
7,-1018,-292
48,4255,-534
-11,-1996,-509
-18,739,674
-11,2186,-169
-34,-2519,395
-5,-3287,-79
48,622,71
60,3331,-277
-7,3106,349
-33,-1074,-59
-54,-997,590
-11,-1738,-533
16,-1327,-566
52,-28,-239
32,875,73
19,2440,-63
-51,-2366,-99
-1,-2590,452
4,453,227
73,1358,-1007
59,-85,574
21,3304,438
-2,3744,1076
8,-4151,-408
16,-3915,-454
54,-85,1
36,3372,-852
21,111,-9
-5,-37,1096
-35,406,637
-30,-1479,-314
-4,-3137,191
38,1499,73
65,3191,-470
24,2793,468
-38,89,651
-6,358,-317
-31,-3277,328
19,-2814,-288
7,966,123
10,3962,153
-17,1700,135
-75,-3740,-47
-31,-1479,1173
32,629,27
70,1220,-1050
50,-407,530
-5,5299,1161
-38,895,165
-34,-6120,-524
-1,-2440,21
52,3995,488
3,4475,-240
-32,-1253,-1
-79,-1790,847
-16,-2617,-25
26,-555,-797
53,-1331,-44
15,6204,885
-39,716,918
-44,-2954,-512
29,-2746,-942
72,2299,157
41,1432,-358
-28,89,33
-61,-537,219
-41,-3578,-531
-5,-592,-787
51,-1220,281
13,6196,374
-7,2774,266
-38,-3848,243
-43,-4235,-79
17,1257,-34
49,296,-1144
1,-222,5
-31,4694,961
-62,1521,1203
-42,-5101,-818
-18,-2593,-876
22,-998,182
50,3859,-354
23,4475,307
-36,-3222,251
4,-984,1880
-1,4296,603
34,-5429,-2016
27,-703,-95
48,1746,143
5,4923,472
-27,358,140
-68,-5818,-446
-18,-3427,118
30,2034,282
65,961,-405
16,2938,385
-20,3491,743
-30,537,428
-42,-3759,-586
-8,-4686,-1132
8,961,-185
30,1845,-37
-20,1522,1344
-29,-2849,-413
-48,-481,239
13,148,-693
15,74,-1272
18,2571,62
-20,4117,695
-43,-806,75
-58,-4475,-431
-6,-1555,706
21,-370,-124
59,-2499,-657
60,2499,196
53,3626,324
8,1879,284
-44,716,210
-59,895,152
-48,-4385,-682
-31,-7182,-491
6,312,-454
45,2513,-622
33,665,619
2,6735,818
0,984,-1569
-27,-2058,-371
-25,-2417,1030
-23,-1469,-302
-10,-2773,-229
29,517,779
34,814,347
28,-37,-1146
-18,-185,-419
6,1331,345
-5,2071,1125
-13,-4938,-480
-2,3506,785
32,5996,1430
-5,-89,22
-9,1253,1253
14,268,-379
-13,-3759,-47
13,-4493,987
34,-1183,-670
22,-2489,-650
16,8792,1429
21,3311,-787
-12,-179,-1363
-45,-3401,277
-18,90,1986
-31,-2417,613
20,5817,-626
-32,-268,-520
-42,-5728,-606
6,-984,-527
45,2506,-514
39,-4532,-560
36,5606,1259
9,1611,186
-12,984,-238
-48,716,-160
-37,-1074,-283
-26,-8324,20
22,148,792
56,444,-455
28,1072,581
49,7376,1738
-12,358,-326
-52,89,-163
-33,716,-692
-56,-5727,433
12,-3958,301
12,2705,196
39,4296,759
-5,1700,-202
-4,90,-1219
-4,-7719,-815
29,4586,1562
-3,3133,1300
11,89,-679
-54,0,-188
-43,268,-594
-37,-1968,890
2,-6330,-807
61,185,-335
37,-1257,-495
60,6596,1260
1,2953,-1022
-11,-447,-1688
-38,-5907,633
9,3759,2932
-4,1880,-454
-23,1163,-552
-37,-358,-230
-30,-1879,53
-17,-9350,-1713
29,1257,698
54,6840,1905
13,2506,228
-1,268,-374
-13,-179,-1250
-20,-626,-263
-34,-4117,1611
-10,4832,217
1,-89,-63
-39,0,76
17,-447,299
6,-5997,-1304
39,-4211,-1317
52,5375,1203
42,5280,1018
-36,537,-1496
-47,1074,-331
-32,-1611,-161
-55,-8511,719
64,6274,525
13,1163,9
15,-268,721
-10,447,-134
23,-7246,-2669
21,-296,66
50,8169,3266
0,984,-1165
-61,-1969,351
-33,-2953,10
86,3490,255
11,448,-390
-49,-1969,623
-21,-2417,-640
69,2596,-176
7,716,256
-57,-806,325
-46,-89,-379
44,626,140
35,1611,86
-63,-179,214
-21,-2506,327
27,1701,247
43,1252,-86
-25,-268,-137
-44,-89,415
57,-269,-56
38,358,86
-87,0,-49
30,0,-66
32,89,-262
-65,-89,184
31,-447,396
65,358,152
-30,-895,-230
-11,-179,-236
39,716,290
-21,-806,-320
21,90,138
-12,89,15
-61,-1700,-220
26,-90,-448
-41,806,31
-56,-2059,-537
71,1074,59
-28,985,505
-52,-2506,-877
60,2685,687
-15,984,487
-49,-1611,-95
46,806,-97
21,1700,140
-51,-537,-17
30,-626,-481
50,179,-241
-27,895,941
-38,-985,309
24,-716,-215
31,1790,292
-45,0,-153
-63,-537,123
36,-89,-821
17,-179,290
-30,447,761
-34,-89,-125
30,-179,-5
43,358,-325
-2,268,532
-74,0,-33
27,-447,-128
42,-627,-302
11,895,384
-78,179,195
3,0,-86
40,-268,-31
31,89,-83
26,1342,89
-38,-179,114
-77,-1252,-112
-17,-1790,-349
36,984,127
74,985,-143
28,89,55
8,0,197
-15,0,-225
11,-1969,-415
30,358,-21
25,2148,526
-34,89,-719
-71,-1073,390
-32,-2417,9
20,1880,318
70,89,70
74,895,155
43,1163,290
-8,0,375
15,-626,158
-6,-90,303
55,-447,-503
17,-89,-75
26,805,49
-37,6533,1104
-32,-1700,-150
-70,-5728,166
-7,358,1858
53,3580,1922
9,1163,-1006
-28,-3848,-1881
20,-1074,825
34,-447,892
37,5369,2009
22,9149,-830
-46,-1864,71
-45,-5942,-257
-36,-5281,719
8,1790,962
3,6698,414
-42,-998,-378
-4,-3999,-1996
-2,-4207,736
19,-447,620
16,6712,1836
16,5108,-916
-11,-11283,-2986
-53,-1432,1044
45,1253,1363
37,7518,1496
-35,2108,-1069
-40,-2824,-642
-28,-6802,240
3,-179,933
5,5101,1843
29,9112,-1640
-7,-10723,-3310
-10,-3311,5200
56,12763,543
23,4380,-1252
-53,-15980,-3195
-22,-1253,792
44,10381,2551
51,6035,-882
-18,-4157,-2143
-21,-11274,1065
44,3580,183
30,9250,-579
-16,-2009,-1397
-30,-9031,-902
-20,-1880,1406
17,9301,1475
4,2714,-851
-8,-12999,298
7,-626,-9
36,4922,1167
83,9561,-726
-18,-4792,-1856
-9,-9602,137
18,1879,4103
14,12277,445
-43,-1045,-3633
-42,-12932,230
36,2058,2395
73,17036,913
-1,-7519,-3231
-62,-11217,-664
9,13476,5312
51,6961,14
-61,-10558,-3187
-70,-9700,66
61,9108,1960
33,10092,-133
-21,-9796,-3191
11,-7346,1287
57,12951,3279
45,4692,-1431
-33,-9077,-1038
-39,-6507,1214
14,12543,1003
-34,860,-2073
-53,-16804,-2240
4,6802,2745
30,8912,826
3,-3156,-3246
-38,-11574,718
24,7630,1822
35,5489,-1604
-20,-8644,-2020
0,-5996,2059
37,11283,1222
6,1414,-3025
-20,-13771,985
7,1790,1642
45,12593,-30
6,-10893,-3348
-29,-4922,247
15,2506,2821
92,11198,-225
61,2705,-1911
47,-13724,-432
52,-269,1410
44,10807,1462
-1,5262,-852
-30,-3650,-1363
-17,-11166,-599
-5,6086,2861
40,5335,1232
-17,1676,-1569
-16,-6255,-838
9,-6484,117
59,0,164
56,716,176
36,6803,-236
38,-3312,-2236
-9,-5907,467
18,0,96
18,2416,-297
35,6396,-276
-2,2226,21
-2,-4057,-516
-39,-6623,-2555
8,-1163,895
26,179,-159
41,3848,136
-36,3848,-647
-52,-3132,-394
-49,-4117,-1043
-22,0,1617
1,0,39
41,2416,-1899
-54,-1879,-55
-48,-269,412
-33,-179,-430
-68,1701,355
-74,-448,7
-78,-1163,-891
-50,-447,-506
-2,-179,-113
26,-716,458
36,1163,86
0,1611,-12
-24,1700,-40
-67,-984,-150
-54,-2864,-474
5,-3222,341
59,2596,1284
69,4295,-106
-1,5416,-43
-52,-6758,-1158
-66,-6444,-497
14,1969,1480
1,2685,-380
7,4385,-663
-103,-4385,-1400
-89,-1879,726
-31,1879,620
-36,895,-709
11,-627,-94
-6,-5996,-1688
60,2238,1585
-9,3848,946
-37,3132,-636
-129,-2953,-111
-49,-4117,-216
14,-3222,-307
12,6713,472
-150,-1253,-1674
-535,-13918,-11080
-1626,-34920,-24018
-1109,-28567,-25242
305,0,-15475
739,6390,-504
788,7677,9678
690,11652,11417
277,6370,7923
95,2883,4358
17,-133,794
-12,394,108
-41,-1402,-643
-109,1601,187
-111,10129,6652
172,23012,19261
547,23484,24963
307,14171,18275
-139,5811,5686
-463,-2155,1462
-79,-6310,-4492
569,587,-2235
174,1761,2086
26,-2443,-1087
45,-5474,-4657
32,-5187,-5082
-58,-4229,-2859
-154,-2235,-3624
-101,-2506,-3286
-8,-268,-1325
72,2901,1741
83,1035,1906
