R
StartTickMs,measCycleMs,Px,Ix,Dx,Py,Iy,Dy,Pz,Iz,FFrx,FFry,FFdrx,FFdry,satI,satPID,KFQAng,KFQbias,KFRmeas,CPx,CIx,CPy,CIy,CsatI,CsatPID,CFFdrx,CFFdry,IRelaxX,IRelaxY,DmaxR,DmaxE,DMx,DMy
71991,10,58,70,47,58,70,47,250,0,0,0,100,100,500000,15000000,500,1,10000,60,0,60,0,100000,1000000000,0,0,4096,1005,0,0,0,0
aPT1P,aKFPT11P,PIDCRefXi,PIDCSensXi,PIDCUXi
-268,-68,0,18978816,-3706800
0,-36,0,0,0
0,-25,0,0,0
0,-21,0,0,0
0,45,0,0,0
0,103,0,0,0
0,-31,0,0,0
0,-46,0,0,0
0,-37,0,0,0
0,-21,0,0,0
0,-19,0,0,0
0,111,0,0,0
0,39,0,0,0
0,-42,0,0,0
0,-45,0,0,0
0,-27,0,0,0
0,-21,0,0,0
0,-19,0,0,0
0,147,0,0,0
0,-3,0,0,0
0,-43,0,0,0
0,-42,0,0,0
0,-25,0,0,0
0,-21,0,0,0
0,16,0,0,0
0,131,0,0,0
0,-28,0,0,0
0,-43,0,0,0
0,-39,0,0,0
0,-22,0,0,0
0,-22,0,0,0
0,80,0,0,0
0,70,0,0,0
0,-37,0,0,0
0,-48,0,0,0
0,-27,0,0,0
0,-23,0,0,0
0,-20,0,0,0
0,132,0,0,0
0,14,0,0,0
0,-43,0,0,0
0,-42,0,0,0
0,-26,0,0,0
0,-20,0,0,0
0,-18,0,0,0
0,159,0,0,0
0,-21,0,0,0
0,-46,0,0,0
0,-38,0,0,0
0,-25,0,0,0
0,-20,0,0,0
0,60,0,0,0
0,92,0,0,0
0,-39,0,0,0
0,-42,0,0,0
0,-34,0,0,0
0,-23,0,0,0
0,-19,0,0,0
0,132,0,0,0
0,14,0,0,0
0,-42,0,0,0
0,-42,0,0,0
0,-29,0,0,0
0,-23,0,0,0
0,-14,0,0,0
0,158,0,0,0
0,-18,0,0,0
0,-48,0,0,0
0,-38,0,0,0
0,-24,0,0,0
0,-21,0,0,0
0,80,0,0,0
0,70,0,0,0
0,-40,0,0,0
0,-42,0,0,0
0,-31,0,0,0
0,-22,0,0,0
0,-20,0,0,0
0,128,0,0,0
0,16,0,0,0
0,-41,0,0,0
0,-41,0,0,0
0,-28,0,0,0
0,-21,0,0,0
0,-19,0,0,0
0,156,0,0,0
0,-22,0,0,0
0,-42,0,0,0
0,-37,0,0,0
0,-23,0,0,0
0,-22,0,0,0
0,82,0,0,0
0,70,0,0,0
0,-42,0,0,0
0,-41,0,0,0
0,-33,0,0,0
0,-24,0,0,0
0,-17,0,0,0
0,138,0,0,0
0,6,0,0,0
0,-44,0,0,0
0,-43,0,-12089344,2092080
0,-28,0,-20480,4800
0,-20,0,-12288,2880
0,3,0,2048,-480
0,145,0,89088,-20880
0,-30,0,-18432,4320
0,-43,0,-25600,6000
0,-36,0,-22528,5280
0,-25,0,-17408,4080
0,-19,0,-11264,2640
0,108,0,66560,-15600
0,42,0,25600,-6000
0,-43,0,-25600,6000
0,-40,0,-168960,39600
0,-35,0,-202752,47520
179,48,0,-367616,86160
-179,32,0,-721920,169200
-90,53,0,813056,-190560
269,11,0,-131072,30720
89,108,0,-1358848,318480
-626,-361,0,2022400,-510240
537,190,0,-833536,231600
0,88,0,-413696,96960
-269,-163,0,1768448,-414480
90,111,0,-204800,48000
268,119,0,-758784,177840
-358,-80,0,761856,-178560
358,46,0,-581632,136320
-358,-58,0,612352,-143520
269,-1,0,-468992,109920
-90,90,0,-905216,212160
-89,1,0,432128,-101280
268,32,0,-77824,18240
0,-64,0,-562176,131760
-179,-49,0,310272,-72720
-89,-49,0,-420864,98640
-179,-167,0,-776192,181920
268,139,0,16384,-3840
90,-18,0,310272,-72720
-90,-14,0,120832,-28320
0,-9,0,1024,-240
-179,-55,0,63488,-14880
-89,14,0,-35840,8400
179,113,0,702464,-164640
268,116,0,-319488,74880
0,10,0,-720896,168960
0,-13,0,199680,-46800
0,-22,0,276480,-64800
0,-11,0,266240,-62400
0,-2,0,-15360,3600
0,75,0,62464,-14640
0,-9,0,192512,-45120
-179,-93,0,79872,-18720
90,-34,0,-97280,22800
-179,-118,0,185344,-43440
-179,-124,0,656384,-153840
358,82,0,-193536,45360
-627,96,0,-90112,21120
-358,-107,0,529408,-124080
269,15,0,500736,-117360
358,145,0,387072,-90720
-448,-139,0,354304,-83040
806,44,0,60416,-9120
89,1156,0,3788800,-893040
7956,23,0,-49152,11520
-9209,-970,0,2820096,-660960
-179,233,0,1971200,-462000
716,-194,0,-809984,189840
2058,-613,0,-2868224,672240
-1253,-1823,0,430080,-100800
-2953,55,0,167936,-39360
-3938,-954,0,-1639424,384240
-3705,-953,0,-2759680,646800
6927,1651,24576,-3476480,820560
1432,-44,0,-3006464,704640
1611,-466,73728,-2890752,694800
-10340,-1329,196608,1916928,-403200
10340,2131,0,-3386368,793680
537,-732,0,-7489536,1755360
-10064,-510,319488,-2650112,696000
11227,1471,0,-7675904,1799040
-8681,-4204,122880,-8606720,2046000
7607,4866,176128,-7332864,1759920
-8267,-1454,61440,-2767872,663120
-1331,173,0,-7872512,1845120
11209,-1068,299008,-4485120,1121280
-1700,2085,0,2159616,-506160
-4027,-704,0,2291712,-537120
2595,-620,348160,1956864,-377040
1343,74,278528,3472384,-748560
-7941,-2205,0,3964928,-929280
5166,2567,192512,6770688,-1541760
2864,-508,0,4951040,-1160400
-447,-723,0,5504000,-1290000
-179,-960,-73728,3452928,-826560
447,-355,20480,2979840,-693600
-3669,801,143360,457728,-73680
-1343,89,856064,1998848,-267840
1611,769,507904,2578432,-546720
3043,762,0,2398208,-500640
537,-340,0,1509376,-353760
0,-861,0,912384,-213840
0,714,2260992,1292288,227040
-268,-793,-61440,376832,-102720
179,483,0,439296,-102960
0,179,368640,-34816,94560
-90,-625,262144,-60416,75600
179,708,0,476160,-111600
-179,107,2691072,148480,595920
-1432,-614,0,-56320,13200
-5012,262,1605632,-120832,404640
-716,-592,1097728,-187392,301200
-543,-980,659456,-89088,175440
4571,218,0,177152,-41520
2774,149,-135168,14336,-35040
-2148,-504,-397312,80896,-112080
-3132,371,-126976,90112,-50880
-5117,-687,-253952,-15360,-55920
3052,-890,-126976,-121856,-1200
6092,328,0,257024,-60240
-984,739,0,47104,-11040
-3759,-216,0,220160,-51600
-3863,-1359,0,-388096,90960
-74,-328,0,141312,-33120
2033,-575,126976,-47104,40800
3604,261,0,315392,-73920
627,309,0,81920,-19200
-4009,504,0,94208,-22080
-3228,-403,0,-247808,58080
-254,-532,0,-46080,10800
3482,-235,0,73728,-17280
5083,323,-126976,151552,-65280
895,543,-241664,145408,-90720
89,1120,-122880,366592,-114720
-5280,-237,0,51200,-12000
-3873,-835,-1241088,-334848,-212400
254,-438,0,264192,-61920
1131,-843,0,247808,-58080
2219,-394,106496,-100352,48480
-1775,-675,0,-55296,12960
-148,-591,0,-294912,69120
-4070,2020,-319488,350208,-156960
285,-673,-102400,-75776,-6240
604,-390,0,129024,-30240
1556,-788,-2076672,206848,-535200
-2612,-220,-811008,-138240,-157680
-2543,-50,-204800,-211968,1680
-732,378,-450560,-81920,-86400
5802,1971,0,794624,-186240
-141,-933,-118784,-157696,9120
-1528,-227,-61440,-184320,28800
2640,1182,-57344,-288768,54240
7764,-60,-61440,403456,-108960
179,-1571,-331776,-214016,-27600
-5614,-1658,0,-50176,11760
-629,-603,-262144,92160,-83040
-443,-538,0,384000,-90000
-7026,-930,-864256,-244736,-145200
-1345,545,0,-104448,24480
2261,822,-905216,88064,-232800
2836,274,0,389120,-43200
-2693,-1184,-483328,555008,-291360
-3774,66,0,-374784,87840
7400,1926,0,-322560,75600
6789,299,-524288,663552,-278400
1253,-1040,-253952,-147456,-24960
-4740,-1272,-86016,-199680,26640
-2625,160,-294912,380928,-158400
-4185,-644,-45056,399360,-104160
-2202,341,-86016,231424,-74400
-2935,825,-245760,-435200,44400
4106,2179,0,779264,-182640
3634,-733,-65536,257024,-75600
2950,-336,0,-371712,151200
-813,-1324,0,3140608,-800160
-10194,-209,0,1089536,-255360
-1943,1718,24576,455680,-101040
12913,1997,0,-2370560,555600
7645,605,-36864,-266240,53760
-4475,-4320,-53248,4665344,-1105920
-14445,2671,0,-2149376,503760
19368,1738,0,-315392,73920
1342,-1266,12288,-818176,194640
-12631,-2274,0,3200000,-750000
-3811,828,0,1617920,-379200
16442,4056,16384,-3870720,911040
1700,-4726,0,-133120,31200
-22153,2696,0,2116608,-496080
17589,1708,-90112,353280,-103920
2596,-3096,0,-2311168,541680
-10387,-889,-229376,3323904,-832800
-2004,1593,-36864,-2014208,463440
12122,571,0,-2729984,639840
-16428,-470,-24576,2949120,-696960
-4098,542,24576,823296,-187200
20258,984,86016,-1982464,484800
-12862,-3984,53248,702464,-152160
-5937,443,61440,3959808,-913680
10169,3615,0,-3571712,837120
1738,-1565,180224,-2340864,590880
-10210,-491,0,5156864,-1208640
358,1455,311296,-414720,170160
17817,2039,172032,-2534400,634320
-9074,-3853,184320,2062336,-440160
-11420,2298,81920,1806336,-404160
25238,1223,462848,-5312512,1353600
-17501,-633,0,2742272,-642720
13205,1750,258048,201728,13200
-16468,-5519,0,-601088,140880
7389,4822,24576,4093952,-953760
-8997,-5997,-24576,-5789696,1351200
17807,9857,192512,6715392,-1528800
-6533,-11888,0,-9392128,2201280
-7652,6257,684032,5923840,-1228080
-999,-2218,204800,839680,-148800
14111,6040,835584,104448,171360
-16004,-10288,0,-3012608,706080
3273,8765,1253376,6919168,-1327920
5623,-3668,0,-2828288,662880
10598,2768,1429504,-766976,514800
-26762,-4609,315392,1273856,-224640
23809,4519,417792,-934912,317040
-5191,-2046,-86016,222208,-72240
-1790,-3563,0,-7156736,1677360
-5363,5581,614400,14570496,-3270960
-1020,-4432,0,-12893184,3021840
14974,3389,2289664,2311168,-5040
-17148,-5169,0,785408,-184080
8467,7070,1777664,645120,265440
-3088,-1872,1597440,-121856,402960
10248,-2559,466944,-6206464,1564080
-16505,464,0,6951936,-1629360
-723,-504,159744,-5261312,1270560
8533,3015,-1376256,3045376,-1036320
5652,-1721,-712704,-3518464,657600
3043,974,-671744,-153600,-121440
-23020,-5707,0,-1668096,390960
14472,7232,0,5079040,-1190400
5595,-4036,0,-5020672,1176720
-9310,2328,131072,1301504,-274320
11279,-1565,0,-3892224,912240
-15960,-29,0,5093376,-1193760
13812,748,-516096,-3561472,713760
-18412,-4102,-253952,2069504,-544560
20202,7662,126976,-1580032,400080
-3312,-6239,0,226304,-53040
-3228,2196,512000,346112,38880
5555,-1021,401408,-3591168,935760
-14977,-1506,409600,2758656,-550560
9697,5248,0,-680960,159600
7607,-2271,282624,-2629632,682560
-16045,-95,0,1874944,-439440
6166,17,-557056,1405952,-460080
9700,324,0,-1427456,334560
-2506,-2461,0,1672192,-391920
-11362,-327,0,433152,-101520
-3370,1792,-1540096,358400,-444960
8389,3438,0,-2250752,527520
5806,-1596,-1028096,850944,-440400
806,-963,-212992,-247808,8160
-6206,-1449,-417792,1005568,-333600
-3387,-844,-200704,387072,-137760
-4287,44,-98304,-756736,154320
878,730,0,646144,-151440
-1337,-282,98304,23552,17520
4888,666,0,-495616,106320
3726,321,0,-224256,62400
3935,361,0,164864,-38640
0,-1729,-196608,532480,-170880
-4563,-1388,-94208,-350208,60000
-2193,-617,-94208,-818176,169680
-1499,406,-724992,287744,-237360
707,798,0,-607232,142320
-1528,306,-663552,172032,-195840
1556,100,0,70656,-16560
-905,-41,-77824,-358400,65760
594,-482,-663552,668672,-312240
1937,398,-208896,-8192,-47040
-3424,-755,0,-440320,103200
1996,429,-1609728,-485376,-263520
-4266,202,-188416,450560,-149760
230,60,-45056,-182272,32160
1041,-161,-389120,-327680,-14400
-1396,3291,0,909312,-213120
3910,-624,-561152,-193536,-86160
3572,467,-557056,-119808,-95760
3694,309,0,250880,-65520
-3583,-218,-692224,15360,-165840
111,-207,-180224,-175104,-1200
-111,-352,-126976,-926720,187440
481,1031,0,296960,-69600
-2847,-146,32768,-202752,29520
-1119,195,20480,54272,17760
-1471,222,0,-604160,141600
227,1149,233472,121856,26160
622,450,0,-251904,59040
7332,1616,20480,558080,-126000
2148,-421,0,-215040,50400
179,-234,0,-121856,28560
1521,190,0,96256,-22560
1253,272,0,-184320,43200
0,-739,-20480,282624,-71040
-89,-2608,-61440,-371712,72720
-3491,1052,0,58368,-13680
-895,-35,0,-299008,70080
-537,-183,0,330752,-77520
-3647,-636,0,54272,-12720
-1737,-503,0,-461824,108240
-3841,65,143360,-10240,36000
713,1630,0,530432,-124320
-642,66,0,-236544,55440
1196,283,1187840,-1024,278640
-57,-92,1433600,105472,311280
2150,810,0,-145408,34080
7387,1311,4186112,-144384,1014960
268,-1000,2375680,51200,544800
2417,196,0,111616,-26160
805,-988,4657152,-493568,1207200
-268,-522,0,-156672,36720
-10017,-1646,0,654336,-138720
-2629,-71,16347136,-559104,3947760
255,2326,30703616,-68608,7212240
8184,512,4239360,-290816,1061760
1074,-2328,-618496,-706560,20640
-9739,1421,618496,2351104,-406080
12872,455,0,-2332672,546720
-7614,-3600,0,-808960,189600
-5004,661,-618496,923648,-361440
2638,2632,0,-2701312,633120
2144,383,0,-435200,102000
6135,154,0,452608,-109440
-2148,-1291,0,612352,-140160
-3043,-749,-614400,507904,-263040
-3887,-451,-18255872,253952,-4338240
725,514,-7380992,-1346560,-1414320
406,-9,-15761408,-662528,-3538800
-887,-751,0,1141760,-267600
1220,838,-11837440,1123328,-3037680
9494,1087,-4055040,1100800,-1208400
89,-1365,0,598016,-140160
-2148,1226,-5615616,324608,-1392240
358,1301,-1724416,401408,-498240
1611,-680,0,561152,-131520
-268,-717,0,774144,-181440
-716,-528,-1077248,1296384,-556320
-4744,-1029,0,420864,-98640
-1521,-152,-356352,1010688,-320400
-3562,1269,-311296,1476608,-419040
-1019,-527,0,1393664,-326640
-2395,-660,0,573440,-134400
452,-13,0,681984,-159840
1321,-3,0,779264,-182640
396,616,0,859136,-201360
-452,-27,-36864,161792,-46560
1103,890,-405504,1256448,-389520
56,-222,0,480256,-112560
-1075,-366,-778240,338944,-261840
4351,1158,-94208,343040,-102480
824,79,0,149504,-35040
716,947,0,486400,-114000
6086,-43,0,1388544,-335280
179,-6,40960,769024,-160800
268,241,106496,364544,-60480
358,-146,24576,438272,-96960
-90,-13,65536,773120,-165840
0,592,126976,111616,3600
-89,-1375,0,863232,-202320
-268,520,-12288,622592,-148800
-2864,-39,0,-121856,28560
537,59,61440,666624,-141840
358,-169,126976,-272384,93600
1700,630,0,624640,-146400
-2953,744,368640,1373184,-235440
2506,-646,258048,452608,-45600
-448,-485,110592,278528,-39360
269,-72,0,-47104,11040
-5997,-762,53248,-247808,70560
-685,122,0,-310272,72720
-1072,1156,0,-174080,40800
665,790,0,1410048,-330480
2256,392,0,65536,-15360
1700,649,0,-108544,25440
-895,-528,0,363520,-85200
2148,-337,0,-290816,68160
-2953,-1050,0,207872,-48720
-2441,1514,0,890880,-208800
-1072,-534,0,130048,-30480
0,-283,0,-189440,44400
111,619,49152,-528384,135360
998,292,0,-311296,72960
2404,544,356352,-704512,248640
5101,172,0,873472,-204720
179,-537,233472,-69632,71040
-626,-1492,24576,-1120256,268320
-7612,-1552,147456,-466944,144000
-5093,-950,73728,-144384,51120
2434,1828,151552,90112,14400
7049,-12,155648,-442368,140160
4475,-875,0,379904,-89040
-5191,-2458,200704,349184,-34800
-5153,1322,0,1246208,-292080
9359,524,0,-3080192,721920
-7880,-3576,245760,-786432,241920
-5854,536,102400,2910208,-658080
6113,-1603,262144,-493568,177120
7263,1644,876544,-949248,427920
0,799,667648,-969728,383760
-1969,-826,0,-182272,42720
-2506,-130,1642496,-848896,583920
-4009,-550,0,-697344,163440
-3632,-867,380928,827392,-104640
-1046,226,-110592,-676864,132720
6268,2278,53248,-515072,141600
3404,1207,-163840,-798720,140400
2058,1072,0,-65536,15360
2148,744,-884736,-392192,-115440
-2058,-1452,0,212992,-49920
-1074,631,0,-443392,103920
-4034,1163,0,-282624,66240
5824,1403,-2084864,-152576,-452880
-2148,678,-20480,-516096,116160
-2417,449,-102400,-569344,109440
627,176,0,-307200,72000
-90,271,-286720,-89088,-46320
2506,874,0,-512000,120000
358,633,-348160,-184320,-38400
90,316,-86016,-161792,17760
1521,301,-368640,-677888,72480
2685,330,0,-328704,77040
1253,-547,-503808,-24576,-112320
2148,470,0,207872,-48720
-1343,266,0,-419840,98400
0,372,-233472,-807936,134640
-2864,-207,-36864,-391168,83040
-268,-163,12288,-1115136,264240
-1074,309,0,-354304,83040
627,497,110592,-677888,184800
447,279,0,-854016,200160
984,192,0,-1386496,324960
-805,-138,0,-94208,22080
1342,239,0,-1147904,269040
3670,1108,12288,140288,-30000
179,197,0,-570368,133680
-806,209,0,-1007616,236160
-2506,618,0,-614400,144000
2596,687,0,-1241088,290880
-2238,852,0,-423936,99360
4296,1578,12288,-470016,113040
-2058,-416,49152,-144384,45360
-269,662,110592,-384000,115920
-2416,249,0,-10240,2400
5459,576,0,24576,18960
-1969,-415,225280,-245760,85680
-3490,-907,0,21504,-5040
984,332,0,-360448,84480
-358,-192,151552,-97280,58320
716,403,0,-45056,10560
-2237,-169,143360,-209920,82800
-269,-225,0,-199680,46800
985,1282,270336,-299008,133440
895,329,16384,-595968,143520
5012,556,69632,-1172480,291120
1553,-161,28672,-1511424,337200
1655,1359,0,-864256,226320
-6967,724,32768,-1032192,249600
179,-294,0,-1035264,242640
5762,2230,0,-1304576,305760
-296,346,524288,-1543168,484560
2341,-85,0,-1211392,283920
3452,-739,94208,-613376,165840
-1186,-1617,-16384,176128,-103920
-2521,-457,-20480,-449536,159360
283,874,0,-946176,221760
3355,1807,-200704,-499712,70080
424,-598,0,472064,-110640
-1732,-2081,0,274432,-64320
-1255,-1338,-339968,-304128,-8400
-905,-1057,-40960,272384,-73440
-481,-916,0,-349184,81840
-2293,1796,0,-467968,109680
-5843,-1942,0,-2048,480
2506,-1489,0,-293888,68880
-2685,-736,12288,832512,-192240
-2148,-204,-28672,-99328,16560
-90,-1677,0,-1745920,409200
3043,1097,-86016,-500736,97200
-3401,-64,0,544768,-127680
5639,105,-73728,-189440,27120
537,704,0,960512,-225120
-5549,-1259,86016,-468992,130080
2506,-479,0,-222208,52080
-358,542,872448,616448,60000
-3222,387,0,-81920,19200
447,-25,2613248,188416,680640
5191,143,2129920,296960,317280
-4475,-113,0,585728,-137280
-1074,167,0,56320,-13200
2148,-636,4227072,-525312,1113840
3043,284,0,-841728,197280
269,186,0,561152,-131520
-4207,-763,0,-83968,19680
-1342,-547,1310720,-109568,332880
1700,20,1155072,-1039360,514320
1701,464,458752,277504,42480
3759,1336,155648,294912,-32640
-627,-412,643072,192512,105600
-3311,-360,839680,-248832,255120
-3222,-390,884736,-123904,236400
0,726,-180224,-55296,-29280
-447,-57,0,-489472,114720
89,1110,-180224,-347136,39120
358,-1251,0,-432128,101280
5101,-227,0,358400,-84000
2929,865,0,588800,-138000
2477,571,-3063808,174080,-758880
-739,1421,0,935936,-219360
-2698,-926,-1642496,-96256,-362400
-6533,-1585,-622592,-369664,-59280
-537,-176,-1257472,99328,-318000
0,-57,-319488,367616,-161040
2774,-442,-2990080,394240,-793200
5737,1524,-204800,1114112,-309120
-2873,-606,0,378880,-88800
-3938,3,-1912832,568320,-581520
-1700,-236,0,157696,-36960
0,59,-1228800,74752,-343200
3759,-397,-380928,60416,-65760
5491,1670,0,1359872,-318720
-4775,896,0,2344960,-549600
-2685,-1802,-577536,40960,-144960
-895,-1184,-425984,-617472,44880
2416,257,-61440,-606208,127680
2059,323,0,-336896,78960
1879,2345,-356352,1708032,-483840
-5280,-136,-81920,365568,-104880
537,-1535,-237568,580608,-191760
-2506,-850,0,696320,-163200
179,-123,0,577536,-135360
895,151,-352256,1146880,-351360
3938,301,0,-54272,12720
3277,497,-368640,1360896,-405360
-3456,99,-344064,617472,-225360
2327,286,-12288,491520,-118080
-4207,-997,0,818176,-191760
269,-508,-36864,409600,-104640
268,-181,0,415744,-97440
-3132,-350,0,158720,-37200
1611,299,-16384,221184,-55680
-1701,193,0,150528,-35280
-89,-406,0,222208,-52080
-90,-144,0,-63488,14880
-89,379,0,211968,-49680
-179,-72,0,-36864,8640
179,1581,-12288,80896,-21840
0,-889,0,578560,-135600
268,-621,-36864,-245760,48960
269,422,-24576,271360,-69360
-537,179,0,-62464,14640
179,723,-135168,123904,-60720
-179,533,0,-93184,21840
0,-742,0,518144,-121440
179,-43,0,-180224,42240
-90,487,-49152,-107520,13680
-178,380,0,-270336,63360
1252,914,61440,262144,-47040
-895,-351,0,-32768,7680
-268,-763,147456,473088,-76320
2058,91,0,499712,-117120
-1521,-483,49152,-12288,14400
-358,56,0,192512,-45120
89,-226,16384,260096,-57120
90,-862,0,419840,-98400
537,120,0,212992,-49920
-627,-234,0,302080,-70800
-89,-360,0,-687104,161040
-179,-54,0,572416,-64080
0,-245,0,-411648,26400
0,98,0,-95232,22320
-716,1586,0,396288,-79920
537,-246,0,-320512,62160
179,-246,0,286720,-67200
-179,7,0,-281600,66000
447,-548,0,-266240,62400
179,-507,0,41984,-9840
-89,-34,0,595968,-139680
1163,34,-28672,339968,-86400
-89,-165,0,-132096,30960
89,28,-135168,186368,-75360
-626,189,-479232,241664,-168960
-716,-166,-299008,599040,-210480
-626,207,0,662528,-155280
-448,1540,-774144,-119808,-153360
895,668,0,-46080,10800
8511,619,-749568,321536,-251040
2107,170,-151552,606208,-177600
-1627,-216,-712704,584704,-304080
-1146,-2677,-32768,-834560,187920
148,193,-503808,546816,-246240
2588,342,0,442368,-103680
-9328,-890,-1019904,862208,-441120
-1342,-70,0,299008,-70080
-1701,25,-2203648,-485376,-402720
1253,1652,-2699264,-305152,-561120
537,-399,-888832,797696,-395280
268,-933,0,648192,-151920
-268,251,-970752,-323584,-151680
-268,1508,0,154624,-36240
6801,1189,2277376,579584,397920
1941,-1255,0,-215040,50400
-296,-519,0,721920,-169200
-7194,-880,0,-573440,134400
-895,-787,7987200,224256,1819440
-268,-248,765952,-195584,225360
179,713,172032,457728,-66960
3848,2074,458752,99328,84240
4441,-1217,0,-169984,39840
-4799,-1199,0,-153600,36000
-3401,-38,503808,-264192,180000
-89,455,0,232448,-54480
0,601,380928,-230400,143280
358,-261,155648,-443392,140400
1342,-201,540672,-101376,150480
1880,-680,163840,-687104,199440
-448,-224,229376,107520,72960
-2953,-547,0,796672,-231120
-358,339,53248,333824,-65760
179,1644,0,-1145856,268560
2774,1154,0,-389120,91200
5589,-14,-360448,-813056,106080
1479,-1062,-28672,271360,-70320
-7068,-1139,-143360,1318912,-342720
-2774,-250,0,-18432,4320
-1074,812,-442368,-1355776,214080
1790,42,0,-246784,57840
8904,1207,-512000,-364544,-34560
-148,-450,-208896,134144,-80400
-6698,-1274,0,798720,-187200
-2863,-847,0,-388096,90960
-3312,226,0,-615424,144240
1164,1239,0,245760,-57600
3311,988,-360448,-945152,137040
6265,335,-12288,-745472,171840
913,-56,0,-164864,38640
-734,-857,0,621568,-15120
-537,-233,0,-561152,960
-1343,540,0,-1708032,400320
-5638,387,0,-414720,97200
0,2,0,87040,-20400
3132,-488,0,573440,-134400
1343,-57,0,-316416,74160
268,441,28672,-1363968,326400
358,200,0,525312,-123120
2327,2561,0,-172032,40320
-5996,-1339,0,581632,-136320
-1879,-714,0,1437696,-336960
5817,1246,36864,-1901568,454320
-5370,-3532,0,897024,-210240
268,2265,122880,-156672,65520
5191,-537,159744,-491520,152640
-5548,-527,356352,2331648,-462960
7517,-447,0,-2942976,689760
-7249,-1986,0,985088,-230880
-2416,108,0,1306624,-306240
2595,1447,929792,-1597440,592320
3222,-509,90112,-1269760,318720
805,-1070,831488,-552960,324480
-2953,-567,0,-297984,69840
-1432,305,2027520,-399360,568800
-89,452,425984,-24576,105600
2058,1925,0,-199680,46800
6283,-1423,2494464,-39936,594000
-7357,-2099,2744320,-200704,690240
-4743,-1688,688128,-229376,215040
-5291,1550,360448,-250880,143280
8960,2236,0,-1244160,291600
4117,454,-241664,-319488,18240
2327,-1877,0,206848,-48480
-4923,-600,122880,-157696,65760
-2505,-951,1011712,385024,146880
-8568,506,823296,-201728,240240
5435,1413,4976640,-1287168,1468080
4385,1397,4509696,439296,954000
10159,-2936,7614464,275456,1720080
-8548,-760,0,-542720,127200
-9841,-470,16637952,-422912,3998640
8141,1807,0,-1415168,331680
-179,-1941,9347072,-3209216,2942880
-12763,-2309,532480,4912128,-1026480
11689,4498,6160384,-4363264,2466480
2506,-1885,-581632,-1828864,292320
-6802,-860,0,2422784,-567840
3759,1301,0,939008,-220080
3043,-575,-2842624,-1832960,-236640
-1253,-2054,-13070336,15360,-3066960
-13785,44,0,-50176,11760
1041,1358,0,-489472,114720
4344,16,-10141696,297984,-2446800
-2647,-1112,-8708096,578560,-2176560
1094,1997,0,1629184,-381840
3420,-534,-8667136,1403904,-2360400
-4825,185,0,-1326080,310800
10374,962,-11358208,683008,-2822160
-985,-816,-1404928,1115136,-590640
1880,804,-3969024,1350656,-1246800
894,410,0,1091584,-255840
-1073,-850,-1159168,301056,-342240
268,190,0,6144,-18720
2148,-470,-774144,721920,-333360
1790,-114,-73728,190464,-61920
-2685,-1029,-12288,-146432,31440
-895,142,0,239616,-56160
-626,-153,0,317440,-74400
-5549,-937,0,559104,-131040
-7408,-763,0,277504,-65040
2496,1626,0,-361472,84720
10461,782,0,25600,-6000
3669,-566,0,882688,-206880
-3580,-3257,-16384,583680,-140640
-9663,961,0,667648,-156480
2593,2157,16384,-589824,142080
7249,76,0,-710656,166560
268,-1777,-16384,52224,-16080
-8187,-2630,0,987136,-231360
-8377,-1691,0,-1308672,306720
1036,2637,0,384000,-90000
7119,1917,0,494592,-115920
8141,58,16384,7168,2160
0,-1203,0,198656,-46560
-9213,-752,0,1432576,-335760
-4549,104,0,1590272,-372720
11346,-666,0,-1814528,425280
2416,532,0,-125952,29520
-3490,-988,0,1029120,-241200
-6684,1005,0,2359296,-552960
6505,1190,0,-1610752,377520
-895,-3240,0,-1455104,341040
-8123,697,0,2236416,-524160
5348,76,0,1383424,-324240
3670,-1538,0,-2570240,602400
-10235,-1288,0,1823744,-427440
2687,1238,0,2665472,-624720
8622,374,0,-3973120,931200
-3043,-1770,0,3507200,-822000
-7134,-1297,0,-346112,81120
3041,1125,0,-705536,165360
8836,796,0,-1683456,394560
-1253,-819,0,240640,-56400
-8433,-1528,0,697344,-163440
-8815,3463,0,-412672,107760
17,-1676,-28672,618496,-162720
3439,768,0,-113664,26640
-815,672,0,-497664,116640
3898,1901,-73728,-337920,61920
1556,681,0,82944,-19440
5394,-404,0,386048,-90480
-6950,-576,49152,12288,8640
-3083,419,0,-962560,225600
609,-262,0,37888,-8880
1807,5,0,-257024,60240
-618,482,0,122880,-28800
713,2059,0,165888,-38880
-761,-768,-24576,-322560,69840
1078,-662,0,-20480,4800
1782,-812,-49152,-357376,72240
-1159,-83,0,135168,-11520
1074,146,0,777216,-202320
834,1345,0,70656,-16560
-1314,-170,-12288,512000,-122880
594,-297,-12288,818176,-194640
-340,-616,0,36864,-8640
-226,224,-49152,-339968,68160
339,-50,-24576,620544,-151200
-594,1789,-147456,349184,-116400
-764,-321,-73728,454656,-123840
934,-161,-208896,190464,-93600
4144,817,0,137216,-32160
1364,293,-110592,224256,-78480
5907,368,0,362496,-84960
269,-1430,24576,458752,-101760
179,890,-24576,313344,-79200
-448,-393,0,-86016,20160
-1163,-77,0,-9216,2160
-627,-75,36864,-284672,75360
90,324,0,-1052672,246720
626,-785,258048,1190912,-218640
806,577,0,922624,-216240
-7151,-1175,0,-80896,18960
-4335,-854,442368,192512,58560
-2279,662,28672,-671744,164160
571,463,0,-233472,54720
8003,3156,0,1293312,-303120
2237,-184,0,402432,-94320
-1521,-120,0,-650240,152400
4743,-55,0,-485376,113760
537,-20,0,-417792,97920
268,-897,0,430080,-100800
-447,-3118,0,-586752,137520
-2595,1285,0,229376,-53760
-6661,818,0,-176128,41280
2723,564,0,-1140736,267360
2774,-514,0,459776,-107760
-5571,-932,0,707584,-165840
-3263,856,0,-1152000,270000
367,-112,0,123904,-29040
3525,819,0,-260096,60960
1362,128,0,-6144,1440
-586,-32,0,-235520,55200
5151,427,0,-617472,144720
1432,-1746,0,-1441792,337920
2058,177,0,972800,-228000
-448,-656,0,481280,-112800
-178,-923,36864,-721920,177840
-11665,-1339,73728,-1204224,299520
-1160,1038,0,-318464,74640
340,2543,331776,480256,-34800
1556,145,0,-15360,3600
1435,147,442368,-395264,196320
0,88,102400,-1127424,288240
9315,675,618496,-1384448,469440
536,-841,32768,-123904,36720
179,-3382,954368,637952,74160
-1342,849,0,-191488,44880
-8096,-100,0,-445440,104400
-3810,-346,5464064,-1172480,1555440
1302,1858,7725056,-238592,1866480
7203,1081,2572288,-455680,709680
4296,-3082,9064448,713728,1957200
-2774,-382,1159168,46080,260880
-14253,320,0,1118208,-262080
5980,1651,0,-1540096,360960
11047,620,7188480,-1632256,2067360
-805,-2582,0,759808,-178080
-8445,1091,0,-237568,55680
-5796,-658,0,-880640,206400
2783,526,0,-690176,161760
3531,954,-6594560,-80896,-1526640
8106,-34,0,252928,-59280
-1343,-1452,-9392128,17408,-2205360
-2774,-212,0,-700416,164160
-537,-399,-8630272,-669696,-1865760
3132,32,-6266880,599040,-1609200
-5697,-1028,-1163264,433152,-374160
1849,788,-1421312,369664,-419760
0,-391,-327680,510976,-196560
-7575,-1250,-36864,-189440,35760
2496,1276,20480,274432,-59520
198,-379,0,92160,-21600
-2790,-689,-118784,-45056,-17280
1206,1667,-28672,-290816,61440
1188,803,-126976,108544,-55200
9573,-1327,0,-285696,66960
-2506,-171,0,200704,-47040
-4120,-987,-200704,88064,-67680
-1368,-372,-258048,-435200,41520
444,1035,-40960,387072,-100320
998,685,-143360,105472,-58320
1450,19,0,40960,-9600
5102,21,0,-54272,12720
-2775,-335,0,-793600,186000
-6798,-514,40960,-120832,37920
-2417,-1305,77824,-114688,45120
237,-519,131072,-203776,78480
2946,-285,40960,-446464,114240
3884,609,24576,-381952,95280
1164,369,-12288,-985088,228000
-2941,704,0,-19456,4560
1151,476,0,-564224,132240
-3184,-271,81920,-974848,247680
-755,-618,86016,-475136,131520
-3287,-899,0,-75776,17760
-1904,-1337,86016,-1025024,260400
1880,-697,0,-354304,83040
-1337,-807,28672,111616,-19440
1718,-389,16384,-385024,94080
3426,-173,73728,840704,-179760
1294,283,61440,478208,-97680
-702,208,266240,1034240,-180000
554,-179,0,345088,-80880
-998,576,319488,985088,-156000
-2172,-82,40960,544768,-118080
198,-1171,81920,14336,15840
-4635,-159,86016,119808,-7920
-169,-215,-20480,-308224,67440
-1918,-754,0,-525312,123120
636,-599,20480,128000,-25200
-187,-32,114688,-649216,179040
3674,1224,147456,-122880,63360
3731,-71,73728,204800,-30720
-736,210,516096,-71680,137760
2502,780,0,141312,-33120
2639,250,163840,293888,-30480
-447,951,-163840,879616,-244560
-2894,-640,-122880,-125952,720
-1008,306,-311296,757760,-250560
-3668,-234,0,416768,-97680
-2362,-476,0,557056,-130560
-1500,-560,-626688,532480,-271680
-916,-462,-491520,223232,-167520
-773,1003,-61440,196608,-60480
-1919,309,-344064,-20480,-75840
-406,-252,0,-417792,97920
3858,892,-450560,-232448,-51120
1844,26,-98304,4096,-24000
312,312,-102400,518144,-145440
3075,-171,-24576,120832,-34080
-2072,-299,-49152,-13312,-8400
-752,-663,0,112640,-26400
-63,-102,-36864,123904,-37680
356,104,-24576,-18432,-1440
-419,937,0,18432,-4320
5207,17,-24576,119808,-32640
340,-355,0,246784,-59040
254,-138,98304,86016,2880
205,-267,0,-279552,65520
-1053,-767,393216,-32768,99840
311,209,0,171008,-40080
-1273,971,0,316416,-74160
-970,-162,0,-166912,39120
-1954,-486,4665344,344064,1012800
-1150,-461,1744896,-188416,453120
1317,1170,16891904,33792,3945840
2898,-722,3547136,203776,788880
4425,422,0,-498688,116880
-11305,-2392,18731008,59392,4376160
-3451,650,20250624,2171904,4237200
13055,2389,618496,-970752,372480
-2922,-4087,0,-1964032,460320
-9908,1418,0,-446464,104640
8710,1519,-618496,-309248,-72480
5969,-424,0,-749568,175680
-7638,-2028,-2433024,176128,-611520
-5427,-242,0,470016,-110160
-726,721,-26935296,25600,-6318960
790,369,-2555904,-1981440,-134640
-497,828,-10346496,-474112,-2313840
2322,-1164,0,1828864,-391200
1469,374,-15233024,470016,-3717840
7710,-182,-1585152,961536,-596880
-5788,-315,-3756032,-94208,-858240
6232,1369,0,991232,-232320
-5154,-159,-1626112,-71680,-364320
-166,-322,-548864,451584,-234480
2414,476,-196608,153600,-82080
1499,-117,0,-153600,36000
-1160,-1257,-446464,416768,-202320
-3133,267,0,881664,-206640
-3594,-476,-647168,755712,-328800
-2218,-285,0,-226304,53040
-1644,1024,0,644096,-150960
3032,297,-663552,1054720,-402720
4447,613,0,1452032,-340320
833,-547,0,1369088,-320880
-2391,-24,0,462848,-108480
2723,-20,0,1135616,-266160
2369,-108,0,-229376,53760
1145,-1395,0,661504,-155040
-10883,-2769,0,899072,-210720
-4078,1719,0,876544,-205440
742,1010,0,87040,-20400
11632,1185,0,160768,-149520
-3148,-2718,0,-2457600,687840
-5761,-543,0,5063680,-1186800
7126,1304,0,-3334144,781440
2264,-1669,0,1285120,-301200
-3002,-1037,0,2531328,-593280
-3066,-290,0,984064,-230640
-3653,-270,0,-1130496,264960
-3801,1523,0,-790528,185280
2325,1028,0,1577984,-369840
8069,-313,0,-81920,19200
2125,1355,0,-66560,15600
522,654,0,118784,-27840
1075,-442,0,-241664,56640
311,195,0,-598016,140160
-4012,-687,0,93184,-21840
558,-500,0,-419840,98400
1332,1118,0,37888,-8880
-3228,354,0,-604160,141600
-4059,530,0,-1002496,234960
1017,402,0,124928,-29280
2267,548,0,777216,-182160
-395,97,0,-296960,69600
226,217,0,-572416,134160
3339,792,0,-420864,98640
2728,839,0,-70656,16560
2833,-457,0,-439296,-7440
-3031,-731,0,1007616,-125760
-4235,146,0,204800,-48000
-2816,95,0,-151552,35520
974,306,0,-884736,207360
3761,873,0,-481280,112800
6234,699,0,-348160,81600
2561,-1073,-16384,1258496,-298800
-1521,430,0,191488,-44880
-3628,-1141,-12288,205824,-51120
-3717,-238,0,-158720,37200
-6645,19,0,-175104,41040
882,841,0,-307200,72000
7217,832,0,126976,-29760
4518,622,0,-600064,140640
3431,-99,0,-590848,138480
-6874,-1867,12288,250880,-55920
-5766,-652,0,660480,-154800
-3376,1145,16384,-501760,121440
3583,1717,0,181248,-42480
4625,313,0,-769024,180240
4599,1,0,-924672,216720
3209,12,0,492544,-115440
-6167,-1775,12288,580608,-133200
-3141,876,0,-217088,50880
-2068,-97,24576,302080,-65040
-623,-136,0,-370688,86880
-453,203,0,-86016,20160
1410,1048,0,-75776,17760
-167,164,172032,317440,-34080
1901,-559,12288,-244736,60240
4990,1407,0,765952,-179520
259,486,147456,-40960,44160
37,364,0,-116736,27360
4291,-308,159744,-236544,92880
179,486,159744,116736,10080
268,-558,61440,-60416,28560
-1521,-177,0,33792,-7920
-2441,-719,274432,-587776,202080
1993,570,249856,-655360,212160
-895,200,147456,283648,-31920
1432,-200,0,-372736,76800
1880,168,495616,867328,-76560
-627,395,1175552,-514048,396000
0,-962,491520,-322560,190800
1611,59,0,-877568,205680
-358,21,2469888,171008,538800
-7291,-1791,0,3072,-720
-638,1992,2916352,-530432,807840
-6011,-911,0,-8192,1920
356,125,4444160,-657408,1195680
2938,560,0,-546816,128160
7782,835,11808768,-1758208,3179760
-89,-3048,0,6144,-1440
-9670,20,3354624,1540096,425280
6885,1106,897024,-217088,261120
3501,-645,0,-2586624,606240
-8052,-2438,0,634880,-148800
-5170,-26,-303104,465920,-180240
4694,446,0,-3085312,723120
3326,-483,-888832,-1091584,47520
1072,421,-3837952,-80896,-880560
-2552,172,-253952,483328,-172800
962,-148,0,-534528,125280
-453,816,-503808,-955392,105840
3781,-1071,0,-476160,111600
1765,436,0,-339968,79680
-626,3,-1454080,975872,-569520
-2803,50,-5754880,909312,-1561920
-1975,115,-3063808,-72704,-701040
-962,437,-4820992,-453632,-1098960
-703,-98,-2666496,-798720,-362400
-1450,-496,-995328,22528,-238560
5238,275,-2928640,452608,-792480
4176,1934,0,1433600,-336000
-7289,944,-782336,771072,-364080
-865,-220,-569344,-385024,-43200
1911,-185,0,-324608,76080
-1131,362,-356352,-90112,-62400
1556,-363,0,-282624,66240
2788,632,0,248832,-58320
518,167,0,133120,-31200
3049,993,-294912,-108544,-43680
448,504,0,628736,-147360
-4163,-907,0,58368,-13680
444,-458,0,-175104,41040
-887,-136,0,679936,-159360
-1627,-339,0,-741376,173760
3100,-2,0,1051648,-246480
5639,1907,0,-111616,26160
716,-199,0,-34816,8160
358,-58,0,-84992,19920
89,48,0,-503808,118080
-5728,-1195,0,-45056,10560
-2141,2178,0,932864,-218640
-1479,-793,0,-755712,177120
3620,-731,0,-258048,60480
-805,-735,36864,-353280,91440
-818,-408,12288,-222208,54960
-4762,-649,393216,-622592,238080
934,1677,73728,761856,-161280
-283,136,159744,-56320,65040
2114,-399,-12288,123904,-46320
1812,-256,-36864,-346112,72480
-5961,-630,0,115712,-11760
-2605,-622,12288,-415744,84960
-976,2976,0,75776,-17760
809,496,135168,114688,17760
857,215,61440,-138240,33840
1582,-56,266240,149504,27360
1830,732,102400,-6144,25440
-1022,373,401408,-73728,111360
-2453,-181,151552,-130048,66000
5906,619,0,-490496,114960
2514,215,2535424,-140288,627120
7771,234,0,174080,-40800
-179,-323,0,556032,-130320
-2953,-2290,18898944,-720896,4598400
-2327,462,0,-54272,12720
-3532,-847,0,-376832,88320
-6615,-75,21741568,138240,5063280
2324,1316,18419712,519168,4195440
12745,1232,4239360,-1920000,1443600
-6981,-1285,-618496,-1917952,304560
-6838,-674,618496,1575936,-224400
10687,1728,-618496,-774144,36480
3490,-978,0,-902144,211440
-7518,-3515,0,437248,-102480
-5443,-264,0,616448,-144480
-3469,2736,0,-2366464,554640
2728,171,0,-532480,124800
-309,38,-34652160,786432,-8305920
-1667,-557,-15843328,366592,-3799200
8697,1154,0,-481280,112800
4923,-291,-6258688,250880,-1525680
2237,2265,0,1072128,-251280
-3043,-523,-3354624,683008,-946320
-6318,95,0,1068032,-250320
998,107,-1781760,524288,-540480
-2514,-1497,0,137216,-32160
-3122,1476,-1990656,122880,-495360
-214,-1192,-753664,86016,-196800
2544,690,-405504,-96256,-72480
1975,-779,-356352,535552,-209040
-2286,-669,-290816,512000,-188160
-4023,-251,0,-76800,18000
1266,338,-843776,131072,-228480
3407,1972,0,342016,-80160
2708,837,-233472,90112,-75840
7459,269,-172032,487424,-154560
-2148,557,-12288,649216,-155040
-358,-305,0,-419840,98400
2864,-480,-24576,219136,-57120
805,-253,0,185344,-43440
0,-537,0,234496,-54960
0,-1388,0,329728,-77280
-537,-642,0,500736,-117360
-4027,-307,0,223232,-52320
-7162,1385,24576,306176,-66000
2661,-240,24576,144384,-28080
-2717,-396,0,355328,-83280
-2788,-802,86016,663552,-135360
-2771,-618,0,-1039360,243600
2081,3954,-24576,1727488,-410640
9174,-90,-12288,545792,-130800
-2055,-260,12288,60416,-11280
6799,639,0,-427008,100080
1342,-408,49152,-181248,54000
0,-1446,49152,1230848,-276960
-11188,-234,0,84992,-19920
-283,-909,73728,1518592,-338640
2036,246,-245760,-920576,-26640
9346,-85,0,-812032,375120
-4923,-2931,0,1006592,-235920
-9344,1451,0,2426880,-568800
2461,-505,-36864,-641024,141600
4198,-427,0,-1119232,262320
6802,584,0,272384,-63840
179,-843,0,396288,-92880
-7869,-1282,0,-197632,46320
3663,1716,0,744448,-174480
-5363,-2037,0,1156096,-270960
-7358,-1025,0,-423936,99360
-452,1343,0,-446464,104640
3335,1610,0,553984,-129840
3232,1142,0,-1994752,467520
7501,-756,0,2177024,-510240
2327,628,0,-245760,57600
1789,1411,0,636928,-149280
-268,61,0,-193536,45360
-6444,298,0,-192512,45120
3401,629,0,166912,-39120
358,767,0,272384,-63840
-9852,-1304,0,415744,-97440
-3182,157,0,-52224,12240
4483,2495,0,-48128,11280
11773,1369,0,-26624,6240
-269,-220,0,-713728,167280
-2058,-797,-28672,607232,-149040
-5370,285,-73728,257024,-77520
-1209,-740,-159744,117760,-65040
1209,1351,0,-888832,208320
7339,1641,-282624,-1631232,316080
2774,-93,0,497664,-116640
-2774,-1326,-208896,1739776,-456720
-7956,-876,-135168,-96256,-9120
-1590,1121,-102400,-234496,30960
7667,1477,0,-646144,151440
1611,415,0,-1284096,300960
357,-733,36864,671744,-148800
179,511,-139264,-48128,-21360
-357,-729,-290816,396288,-161040
-10929,-1330,-69632,-349184,65520
3411,2704,-200704,-1297408,257040
15489,2558,-16384,-2607104,607200
1479,-1392,0,593920,-139200
-10972,-926,16384,1097728,-253440
-4206,345,16384,-222208,55920
1700,803,28672,-1392640,333120
2596,1085,28672,-1068032,257040
1074,-535,28672,520192,-115200
536,2130,249856,-857088,259440
2506,456,0,486400,-114000
2864,1077,610304,-575488,277920
1701,1268,184320,-1826816,471360
2201,806,0,653312,-153120
2874,-2570,430080,-541696,227760
-6865,1826,0,-480256,112560
-5370,-292,61440,-100352,37920
-1163,-640,16384,-689152,165360
1163,-398,-16384,-465920,105360
447,-1413,16384,16384,0
90,757,0,348160,-81600
805,1235,0,251904,-59040
2417,-453,0,-621568,145680
-2148,-1770,49152,946176,-210240
-6265,-22,221184,1918976,-397920
13386,2161,73728,-2600960,626880
-8195,-2889,479232,1792000,-307680
-2685,1516,229376,-269312,116880
9039,-741,0,-1332224,312240
-5728,-3348,204800,95232,25680
-3311,-1298,0,177152,-41520
-6104,1316,348160,-576512,216720
3419,899,0,-128000,30000
1611,728,122880,-543744,156240
1701,400,106496,12288,22080
1879,534,348160,-94208,103680
-358,-445,479232,-17408,116400
1342,-867,921600,-67584,231840
-1342,93,0,196608,-46080
-895,-537,0,-94208,22080
-626,-324,278528,205824,17040
626,-611,0,-69632,16320
-716,-460,-36864,-263168,53040
1611,84,0,-60416,14160
1163,75,344064,-21504,85680
-89,-169,0,-62464,14640
2327,708,1232896,322560,213360
-1790,102,0,-5120,1200
-716,-48,1040384,374784,156000
-1074,-175,1032192,83968,222240
-1521,-319,0,-194560,45600
-90,-222,0,-63488,14880
-1969,-942,667648,-94208,178560
-984,-477,86016,-210944,69600
626,915,0,-204800,48000
2506,-417,0,-81920,19200
1611,-143,270336,-139264,96000
179,65,471040,31744,102960
-179,-72,0,1024,-240
0,948,1818624,138240,393840
-1521,-54,360448,-546816,212640
-6213,-1136,0,-38912,9120
37,-92,880640,34816,209520
1074,-61,0,-66560,4320
3938,-118,-512000,-344064,-39360
716,-1234,-249856,412672,-155280
1432,397,0,-143360,33600
537,78,-241664,-183296,-13680
0,1267,0,95232,-22320
0,61,0,102400,-24000
0,-340,-1241088,287744,-358320
89,-1855,0,-475136,111360
-2416,1377,-212992,-238592,6000
-4743,-974,0,318464,-74640
4475,463,-405504,-561152,36480
2774,1389,0,3072,-720
2416,-717,0,923648,-216480
-2237,-356,0,-251904,59040
-5907,549,-4521984,-409600,-963840
-1521,-397,-2031616,102400,-472560
4743,699,-212992,-627712,69600
2327,-42,0,487424,-114240
0,-1350,-880640,373760,-294000
0,1405,0,-235520,55200
-1969,-419,-634880,116736,-176160
1880,-77,-61440,296960,-84000
-1790,94,0,-36864,8640
-4028,-321,-393216,73728,-109440
-2788,-269,0,-253952,59520
-1479,-775,-393216,59392,-106080
1737,-512,-36864,-420864,90000
4499,719,0,-812032,190320
1343,1424,0,-3072,720
2416,664,36864,749568,-167040
179,-1150,0,561152,-131520
89,-1002,937984,-347136,301200
-89,583,3448832,-629760,955920
-358,1028,0,-410624,96240
-89,-464,9134080,-535552,2266320
-6534,-2671,7753728,1620992,1437360
1790,1060,0,-1492992,349920
5280,-264,26324992,-1377280,6492720
-2237,-487,19955712,-822272,4869840
-1253,1381,626688,2767872,-501840
3938,-495,0,-3271680,766800
-3132,-1466,0,-8192,1920
-6840,-300,0,-760832,178320
37,257,0,-128000,30000
7608,1046,0,364544,-85440
1074,937,-1245184,977920,-521040
-4296,35,0,358400,-84000
3938,-420,-21598208,-2907136,-4380720
448,218,-3010560,350208,-787680
-3043,495,0,452608,-106080
-5544,-1436,-16875520,783360,-4138800
9213,3277,0,1719296,-402960
268,-653,-12222464,-72704,-2847600
1074,660,-6254592,-194560,-1420320
-5101,-517,-2719744,569344,-770880
2059,344,0,1392640,-326400
-4296,-1547,-3420160,370688,-888480
5012,1235,0,-487424,114240
5369,521,-1097728,1419264,-589920
-4385,-711,208896,-242688,105840
2058,1482,-86016,297984,-90000
90,275,0,948224,-222240
-1790,196,-380928,173056,-129840
2595,1743,0,111616,-26160
5299,-2282,-532480,580608,-260880
-6641,570,-262144,228352,-114960
-627,593,-376832,-353280,-5520
4386,534,0,-157696,36960
-2238,-114,-667648,245760,-214080
1790,442,0,45056,-10560
5400,254,0,576512,-135120
-7995,-1107,1617920,378880,290400
-2416,201,0,-210944,49440
536,-112,319488,149504,39840
179,-225,356352,-246784,141360
-2953,585,12288,748544,-172560
1701,894,0,408576,-95760
626,-918,16384,309248,-68640
-1253,-25,0,461824,-108240
-1521,1348,0,-615424,144240
3132,2185,0,886784,-207840
9262,-1086,0,1517568,-344640
-2102,396,0,544768,-138720
-806,-113,0,29696,-6960
2575,107,0,-141312,33120
37,-343,0,1419264,-332640
-8071,-428,0,369664,-86640
-1611,256,0,696320,-163200
-716,-95,0,-225280,52800
1074,-248,-16384,905216,-216000
89,-930,0,865280,-202800
-89,362,0,460800,-108000
2774,2058,0,7168,-1680
5108,-720,-12288,172032,-43200
-1886,-1383,-36864,636928,-157920
-5728,-255,0,394240,-92400
-2774,107,-835584,347136,-277200
2953,3206,-155648,-1252352,257040
8544,-255,-1327104,1039360,-554640
3923,267,0,-8192,1920
-3035,-1722,-2969600,375808,-784080
-6657,-787,-577536,273408,-199440
-3222,-631,0,-185344,43440
-89,1081,-3342336,-124928,-754080
89,-200,-1880064,271360,-504240
1074,-652,-1552384,44032,-374160
1342,-269,-4689920,136192,-1131120
1164,747,0,207872,-48720
7260,1526,-5316608,49152,-1257600
348,-1303,942080,2200576,-294960
-3195,-83,7909376,1134592,1587840
-10051,-667,2338816,333824,469920
805,964,7180288,-373760,1770480
6802,1046,950272,-990208,454800
1700,-2992,0,-284672,66720
-5370,369,2437120,1521664,214560
-3311,503,913408,241664,157440
1432,-283,0,-846848,198480
-179,-351,40960,-645120,160800
-447,865,0,-182272,119520
626,353,0,681984,-236640
447,-215,724992,-429056,270480
-447,-325,479232,-1094656,368880
0,621,0,-565248,132480
1879,-843,536576,-1087488,380640
-1342,-295,0,-410624,96240
2237,244,0,653312,-153120
1343,432,0,129024,-30240
3401,943,-1089536,-114688,-228480
-1701,410,0,302080,-70800
-1879,574,-651264,-262144,-91200
-3222,-717,0,-658432,154320
3938,28,-16384,119808,-31920
2327,986,-49152,184320,-54720
-4475,-97,-98304,-946176,198720
5413,14,0,28672,-6720
-2728,860,-1073152,-381952,-162000
-3491,-72,0,-226304,53040
8437,515,-524288,-474112,-11760
592,1185,-581632,-820224,55920
-7507,362,0,-533504,125040
3401,-463,0,-1224704,287040
3404,4,-897024,26624,-216480
3000,2214,-245760,40960,-67200
-311,928,-135168,-95232,-35280
-2689,309,102400,-13312,53040
-2256,-427,0,-973824,228240
518,-76,610304,-794624,329280
-1398,-111,442368,160768,66000
448,369,241664,34816,48480
1911,-102,552960,-656384,283440
3834,264,315392,-636928,223200
-1302,-462,94208,82944,2640
2645,773,385024,-1031168,331920
381,681,0,483328,-113280
-2007,-533,417792,-158720,135120
580,-396,172032,-274432,104640
286,-292,299008,-601088,210960
-4306,-814,0,-311296,72960
-148,2888,0,576512,-135120
1368,-463,0,-643072,150720
-1516,367,-12288,-13312,240
1109,382,0,115712,-27120
1750,-1,-16384,87040,-24240
-396,52,0,462848,-108480
-725,230,0,247808,-58080
1206,681,0,-442368,103680
8113,1045,0,-576512,135120
5202,-1518,16384,122880,-24960
-17627,-2633,0,1207296,-282960
703,5465,0,-968704,227040
11584,-227,0,378880,-88800
52,-1052,0,41984,-9840
-6369,-493,61440,4213760,-973200
4541,2602,122880,-2002944,498240
9344,-617,172032,-2442240,612720
-18487,-2979,49152,2749440,-632880
15032,3468,49152,868352,-192000
1120,-1307,0,-5120000,1200000
-7687,-1789,0,2547712,-597120
-5889,2136,-61440,1643520,-399600
16841,-601,0,-3768320,883200
-17464,-2050,0,1256448,-294480
-9855,3639,0,2158592,-505920
17045,2591,-12288,297984,-72720
7539,483,0,-4612096,727680
2064,-3070,36864,-529408,486000
-11536,1948,0,3774464,-884640
15472,2018,196608,-1263616,342240
-17320,-3565,0,-930816,218160
-6730,6020,0,4073472,-954720
30721,5117,323584,-6937600,1701840
-11452,-9537,0,158720,-37200
-7985,6462,126976,2366464,-524880
11437,-2611,12288,-3098624,729120
-14980,-2287,0,2811904,-659040
7610,594,0,-1582080,370800
-8145,-4598,0,-4023296,942960
-5616,1728,0,3280896,-768960
7489,1592,-12288,873472,-207600
1583,-2030,-40960,-2244608,516480
-4169,-2130,0,2556928,-599280
-3979,283,-61440,-326656,62160
4216,-238,36864,-2463744,586080
-1824,865,0,743424,-174240
-8039,-3093,12288,2068480,-481920
-4206,-889,90112,-101376,44880
5549,717,0,-1876992,439920
5394,-1629,0,-1976320,463200
-7005,-1213,-24576,1387520,-330960
-4833,-1359,-12288,879616,-209040
-1074,-1240,0,-666624,156240
2237,-1595,0,-636928,149280
6534,-2039,0,-2823168,854160
-2685,3600,0,-4148224,779760
21452,9640,61440,-14155776,3332160
3156,6415,77824,-16817152,3959760
6336,5876,0,-6032384,1413840
-13132,-6134,274432,6596608,-1481760
-6138,-9584,0,7834624,-1836240
-6196,-9358,1003520,4107264,-727440
406,-6720,225280,460800,-55200
444,-164,98304,4645888,-1065840
61266,40694,0,13196288,-3092880
5468,24966,950272,11584512,-2492400
-7599,-4197,1327104,278528,245760
-16560,-22429,0,-8118272,1902720
-13347,-14120,1929216,-1929216,904320
-14053,-13046,0,1885184,-441840
-15016,-13930,1957888,1402880,130080
-12752,-10982,0,1736704,-407040
-17468,-19978,2056192,965632,255600
-9519,-20092,364544,3505152,-736080
-9309,-5268,0,2006016,-470160
-8186,-3925,-241664,1616896,-435600
-7501,-4092,-929792,2539520,-813120
-8518,-5129,0,1508352,-353520
-12845,-23136,0,0,0
-3611,-9148,0,0,0
0,4118,0,0,0
0,4536,0,0,0
0,3088,0,0,0
0,-3481,0,0,0
0,-12928,0,0,0
0,5253,0,0,0
0,5784,0,0,0
0,3811,0,0,0
0,2765,0,0,0
0,-15440,0,0,0
0,-248,0,0,0
0,6931,0,0,0
0,7427,0,0,0
0,3753,0,0,0
0,-692,0,0,0
0,-10398,0,0,0
0,3744,0,0,0
0,4335,0,0,0
0,2998,0,0,0
0,1978,0,0,0
0,-9809,0,0,0
0,-254,0,0,0
0,4359,0,0,0
0,3541,0,0,0
0,2285,0,0,0
0,-725,0,0,0
0,-8506,0,0,0
0,3444,0,0,0
2450,5289,0,0,0
3241,5624,0,0,0
2599,3587,0,0,0
3013,-5840,0,0,0
2141,3292,0,0,0
2802,7041,0,0,0
3547,7634,0,0,0
3923,6229,0,0,0
4928,4308,0,0,0
5943,-2042,0,0,0
4985,7742,0,0,0
5642,8407,0,0,0
5969,7622,0,0,0
4559,5772,0,0,0
4476,-610,0,0,0
4173,4181,0,0,0
93103,82564,0,0,0
0,16548,0,0,0
0,2570,0,0,0
0,709,0,0,0
0,-825,0,0,0
0,1725,0,0,0
0,1466,0,0,0
0,878,0,0,0
0,568,0,0,0
-4660,1794,0,0,0
-8650,-7792,0,0,0
-23170,-21650,0,0,0
-33904,-33256,0,0,0
-39679,-37031,0,0,0
-36024,-34530,0,0,0
-11407,-8663,0,0,0
0,-6838,0,0,0
0,-2660,0,0,0
0,-1384,0,0,0
0,-642,0,0,0
0,10076,0,0,0
0,-144,0,0,0
0,-3738,0,0,0
0,-2596,0,0,0
0,-1864,0,0,0
0,1601,0,0,0
0,6286,0,0,0
0,-2955,0,0,0
0,-3132,0,0,0
0,-2057,0,0,0
0,-1502,0,0,0
0,6231,0,0,0
0,-389,0,0,0
0,-3050,0,0,0
0,-2286,0,0,0
0,-1471,0,0,0
0,736,0,0,0
0,3441,0,0,0
0,-2139,0,0,0
0,-2140,0,0,0
0,-1436,0,0,0
0,-941,0,0,0
0,2457,0,0,0
0,-746,0,0,0
0,-1614,0,0,0
0,-2385,0,0,0
0,-1613,0,0,0
0,-1903,0,0,0
0,-1831,0,0,0
0,463,0,0,0
0,687,0,0,0
0,495,0,0,0
0,376,0,0,0
0,-3723,0,0,0
0,208,0,0,0
0,1190,0,0,0
0,902,0,0,0
0,597,0,0,0
0,-2145,0,0,0
0,-2141,0,0,0
0,1366,0,0,0
0,1326,0,0,0
0,879,0,0,0
0,650,0,0,0
0,-4736,0,0,0
0,677,0,0,0
0,1674,0,0,0
0,1225,0,0,0
0,805,0,0,0
0,-2943,0,0,0
0,-1369,0,0,0
0,1687,0,0,0
157494,77451,0,0,0
0,80756,0,0,0
0,7176,0,0,0
0,6706,0,0,0
0,1018,0,0,0
-8225,-4525,0,0,0
-12324,-17050,0,0,0
7559,-4837,0,0,0
-6154,-6805,0,0,0
-10454,-3154,0,0,0
-5269,-1147,0,0,0
-3857,-5086,0,0,0
-15035,-16409,0,0,0
-18634,-22321,0,0,0
-1521,-2675,0,0,0
-1611,661,0,0,0
-1880,-359,0,0,0
-1700,-2949,0,0,0
-3490,-3214,0,0,0
-5587,-3229,0,0,0
-5611,-5535,0,0,0
-6911,-7906,0,0,0
-3058,-5149,0,0,0
2998,1042,0,0,0
5303,4248,0,0,0
5271,3839,0,0,0
6700,6439,0,0,0
4743,7114,0,0,0
2774,3060,0,0,0
1164,2425,0,0,0
-2148,-665,0,0,0
-1343,-1709,0,0,0
-536,-1169,0,0,0
-1880,-1572,0,0,0
-2237,-2459,0,0,0
0,-502,0,0,0
1074,392,0,0,0
1969,1850,0,0,0
984,1459,0,0,0
90,339,0,0,0
0,5,0,0,0
-627,-11,0,0,0
-358,-648,0,0,0
0,-233,0,0,0
0,-74,0,0,0
0,-37,0,0,0
0,148,0,0,0
0,62,0,0,0
0,-73,0,0,0
0,-67,0,0,0
0,-44,0,0,0
0,-35,0,0,0
0,220,0,0,0
0,-51,0,0,0
0,-66,0,0,0
0,-50,0,0,0
0,-37,0,0,0
0,177,0,0,0
0,9,0,0,0
0,-75,0,0,0
0,-59,0,0,0
0,-39,0,0,0
0,43,0,0,0
0,149,0,0,0
0,-64,0,0,0
0,-68,0,0,0
0,-45,0,0,0
0,-34,0,0,0
0,207,0,0,0
0,-31,0,0,0
0,-69,0,0,0
0,-56,0,0,0
0,-39,0,0,0
0,118,0,0,0
0,77,0,0,0
0,-77,0,0,0
0,-60,0,0,0
0,-46,0,0,0
0,-28,0,0,0
0,215,0,0,0
0,-50,0,0,0
0,-69,0,0,0
0,-49,0,0,0
0,-37,0,0,0
0,179,0,0,0
0,11,0,0,0
0,-78,0,0,0
0,-58,0,0,0
0,-42,0,0,0
0,22,0,0,0
0,170,0,0,0
0,-64,0,0,0
0,-66,0,0,0
0,-45,0,0,0
0,-34,0,0,0
0,205,0,0,0
0,-26,0,0,0
0,-74,0,0,0
0,-56,0,0,0
0,-38,0,0,0
0,114,0,0,0
0,78,0,0,0
0,-73,0,0,0
0,-62,0,0,0
0,-44,0,0,0
0,-29,0,0,0
0,217,0,0,0
0,-52,0,0,0
0,-68,0,0,0
0,-52,0,0,0
0,-35,0,0,0
0,178,0,0,0
0,8,0,0,0
0,-75,0,0,0
0,-59,0,0,0
0,-39,0,0,0
0,62,0,0,0
0,132,0,0,0
0,-69,0,0,0
0,-65,0,0,0
0,-47,0,0,0
0,-32,0,0,0
0,209,0,0,0
0,-37,0,0,0
0,-69,0,0,0
0,-55,0,0,0
0,-39,0,0,0
0,147,0,0,0
0,46,0,0,0
0,-75,0,0,0
0,-63,0,0,0
0,-43,0,0,0
0,-1,0,0,0
0,198,0,0,0
0,-65,0,0,0
0,-69,0,0,0
0,-46,0,0,0
0,-35,0,0,0
0,194,0,0,0
0,-13,0,0,0
0,-73,0,0,0
0,-57,0,0,0
0,-41,0,0,0
0,102,0,0,0
0,94,0,0,0
0,-76,0,0,0
0,-59,0,0,0
0,-46,0,0,0
0,-32,0,0,0
0,217,0,0,0
0,-51,0,0,0
0,-71,0,0,0
0,-53,0,0,0
0,-32,0,0,0
0,178,0,0,0
0,9,0,0,0
0,-78,0,0,0
0,-59,0,0,0
0,-40,0,0,0
0,84,0,0,0
0,114,0,0,0
0,-72,0,0,0
0,-67,0,0,0
0,-46,0,0,0
0,-30,0,0,0
0,212,0,0,0
0,-40,0,0,0
0,-74,0,0,0
0,-52,0,0,0
0,-37,0,0,0
0,156,0,0,0
0,30,0,0,0
0,-74,0,0,0
0,-60,0,0,0
0,-44,0,0,0
0,45,0,0,0
0,152,0,0,0
0,-71,0,0,0
0,-63,0,0,0
0,-47,0,0,0
0,-32,0,0,0
0,210,0,0,0
0,-37,0,0,0
0,-72,0,0,0
0,-57,0,0,0
0,-34,0,0,0
0,144,0,0,0
0,43,0,0,0
0,-73,0,0,0
0,-62,0,0,0
0,-40,0,0,0
0,19,0,0,0
0,172,0,0,0
0,-63,0,0,0
0,-70,0,0,0
0,-46,0,0,0
0,-33,0,0,0
0,204,0,0,0
0,-26,0,0,0
0,-78,0,0,0
0,-51,0,0,0
0,-39,0,0,0
0,144,0,0,0
0,49,0,0,0
0,-78,0,0,0
0,-62,0,0,0
0,-40,0,0,0
0,-5,0,0,0
0,195,0,0,0
0,-64,0,0,0
0,-67,0,0,0
0,-48,0,0,0
0,-33,0,0,0
0,198,0,0,0
0,-23,0,0,0
0,-73,0,0,0
0,-55,0,0,0
0,-38,0,0,0
0,132,0,0,0
0,59,0,0,0
0,-77,0,0,0
0,-