R
StartTickMs,measCycleMs,Px,Ix,Dx,Py,Iy,Dy,Pz,Iz,FFrx,FFry,FFdrx,FFdry,satI,satPID,KFQAng,KFQbias,KFRmeas,CPx,CIx,CPy,CIy,CsatI,CsatPID,CFFdrx,CFFdry,IRelaxX,IRelaxY,DmaxR,DmaxE,DMx,DMy
78188,10,58,70,47,58,70,47,250,0,0,0,100,100,500000,15000000,500,1,10000,30,0,30,0,100000,1000000000,0,0,4096,4096,0,0,0,0
aPT1P,aKFPT11P,PIDCRefXi,PIDCSensXi,PIDCUXi
-1163,-506,36864,-2922496,115600
0,-125,0,0,0
0,-94,0,0,0
0,-64,0,0,0
0,93,0,0,0
0,344,0,0,0
0,-113,0,0,0
0,-142,0,0,0
0,-103,0,0,0
0,-68,0,0,0
0,-53,0,0,0
0,467,0,0,0
0,-75,0,0,0
0,-147,0,0,0
0,-106,0,0,0
0,-75,0,0,0
0,-57,0,0,0
0,443,0,0,0
0,-31,0,0,0
0,-145,0,0,0
0,-119,0,0,0
0,-82,0,0,0
0,-56,0,0,0
0,375,0,0,0
0,50,0,0,0
0,-144,0,0,0
0,-126,0,0,0
0,-84,0,0,0
0,-63,0,0,0
0,307,0,0,0
0,135,0,0,0
0,-146,0,0,0
0,-133,0,0,0
0,-88,0,0,0
0,-66,0,0,0
0,179,0,0,0
0,265,0,0,0
0,-134,0,0,0
0,-133,0,0,0
0,-99,0,0,0
0,-66,0,0,0
0,47,0,0,0
0,390,0,0,0
0,-109,0,0,0
0,-145,0,0,0
0,-104,0,0,0
0,-70,0,0,0
0,-54,0,0,0
0,477,0,0,0
0,-80,0,0,0
0,-150,0,0,0
0,-111,0,0,0
0,-73,0,0,0
0,-56,0,0,0
0,452,0,0,0
0,-40,0,0,0
0,-154,0,0,0
0,-113,0,0,0
0,-80,0,0,0
0,-59,0,0,0
0,399,0,0,0
0,25,0,0,0
0,-152,0,0,0
0,-118,0,0,0
0,-87,0,0,0
0,-59,0,0,0
0,333,0,0,0
0,98,0,0,0
0,-141,0,0,0
0,-130,0,0,0
0,-87,0,0,0
0,-66,0,0,0
0,248,0,0,0
0,193,0,0,0
0,-140,0,0,0
0,-136,0,0,0
0,-90,0,0,0
0,-66,0,0,0
0,137,0,0,0
0,303,0,0,0
0,-130,0,0,0
0,-133,0,0,0
0,-101,0,0,0
0,-68,0,0,0
0,0,0,0,0
0,427,0,0,0
0,-106,0,0,0
0,-136,0,0,0
0,-106,0,0,0
0,-73,0,0,0
0,-51,0,0,0
0,471,-36864,11940864,-1172440
0,-87,0,-71680,8400
0,-142,0,-110592,12960
0,-110,0,-89088,10440
0,-71,0,-56320,6600
0,-57,0,-45056,5280
0,453,0,369664,-43320
0,-48,0,-43008,5040
0,-153,0,-124928,14640
0,-110,0,-89088,10440
0,-79,-16384,-59392,5040
-179,-182,16384,10240,720
-179,327,0,240640,-28200
805,339,0,99328,-11640
-2416,-845,0,-1016832,119160
2685,352,0,601088,-70440
-2059,-686,0,-857088,100440
985,-171,0,908288,-106440
89,1374,0,1056768,-123840
-2685,-1431,0,-1675264,196320
3401,690,0,950272,-111360
-1253,-179,0,195584,-22920
537,-118,0,-789504,92520
627,187,0,-504832,59160
-806,217,0,1061888,-124440
-447,-469,0,-421888,46200
-806,-441,0,753664,-85080
269,269,0,-983040,115200
-269,190,0,-607232,71160
1790,600,0,-8192,960
1074,167,0,627712,-73560
-1074,49,0,37888,-4440
0,121,0,210944,-24720
-537,-229,0,-494592,57960
269,-223,0,175104,-20520
179,-155,0,-856064,100320
-1790,-361,0,859136,-100680
358,-96,0,952320,-111600
1074,247,0,-334848,39240
-985,-44,0,-557056,65280
-984,183,0,59392,-6960
984,426,0,-1307648,153240
1701,38,0,-181248,21240
-90,79,0,932864,-109320
895,-208,0,505856,-59280
0,-864,0,175104,-20520
0,-37,0,360448,-42240
-716,343,0,-787456,92280
-1163,-61,0,-403456,47280
984,464,0,582656,-68280
895,18,0,-453632,53160
-89,-444,0,-877568,102840
-1074,-157,0,505856,-59280
0,459,0,119808,-14040
805,327,0,-724992,84960
269,557,0,513024,-60120
-1880,-451,0,482304,-56520
-358,-305,0,71680,-8400
358,-313,0,-145408,17040
269,-356,0,-548864,64320
-895,-213,0,662528,-68640
1521,439,0,253952,-38760
1074,342,0,-688128,80640
-537,333,0,-698368,81840
-4296,-813,0,869376,-101880
3043,-177,0,595968,-69840
1253,695,0,-1847296,216480
537,351,0,1316864,-154320
268,-470,0,581632,-68160
-2684,334,0,-640000,75000
-5688,-2648,0,973824,-114120
7657,1560,0,-582656,68280
447,1485,0,-801792,93960
-89,385,0,903168,-93360
-4296,-641,0,-1326080,142920
-716,-3261,0,1448960,-169800
5101,2201,0,-182272,21360
-1790,1255,0,-1190912,139560
-716,-695,0,-1374208,161040
-447,-48,0,612352,-71760
2953,-427,0,1562624,-183120
-2327,757,0,-1135616,133080
-6849,-2642,0,-300032,35160
8908,2349,0,-762880,89400
268,545,0,1437696,-168480
-2506,-940,-16384,158720,-20520
179,-1786,0,-1106944,129720
1432,958,16384,2748416,-320160
-3043,-3943,0,-1251328,146640
3938,5280,0,-513024,60120
-2953,-3255,0,-1648640,193200
-8688,254,0,6102016,-715080
11552,236,0,-2615296,306480
-7608,-3148,0,-587776,123840
537,6019,0,1867776,-273840
7160,-1466,0,-832512,97560
89,-1042,0,-4461568,522840
-12663,-489,0,4058112,-475560
12574,2220,0,-2948096,345480
6623,1904,0,-2348032,275160
-22898,-6217,0,1441792,-168960
19497,9352,0,-282624,33120
-448,-6286,0,-2928640,343200
-7070,1189,0,512000,-65520
4028,1213,0,-1041408,127560
-895,370,0,-940032,110160
1163,-2913,0,-572416,103200
-12207,1529,0,-421888,13320
20052,1705,0,-3174400,372000
-19231,-3360,0,1724416,-202080
11297,3583,0,26624,-3120
447,-2369,0,-745472,87360
-9201,-210,0,1489920,-174600
8843,1424,0,-1549312,181560
-3848,-2248,0,369664,-43320
2685,1773,0,1126400,-132000
9193,-321,0,-1612800,189000
-9462,-1912,0,717824,-84120
1432,2672,0,481280,-56400
179,-3132,0,-1646592,192960
-15201,-1740,0,-470016,55080
16812,4316,0,2293760,-268800
-3043,-2425,0,-1287168,150840
-10671,2382,0,852992,-99960
17920,1167,0,603136,-70680
-13878,-5710,0,-1448960,169800
-3872,4239,0,1824768,-213840
19525,1862,0,572416,-67080
-9561,-2465,0,-1626112,190560
-7016,1107,0,1348608,-158040
8806,1657,0,130048,-15240
5101,-1634,0,-641024,75120
-5369,-75,0,187392,-21960
-7429,391,0,-348160,40800
6265,588,0,1046528,-122640
1074,187,0,526336,-61680
-716,-159,0,-408576,47880
716,-124,0,462848,-54240
358,-714,0,-222208,26040
-1790,-845,0,405504,-47520
-1432,-591,0,-89088,10440
90,1291,12288,119808,-12600
2148,778,24576,2048,2640
-1253,-268,110592,-168960,32760
-2864,-1234,49152,-100352,17520
2864,760,0,363520,-42600
2237,671,172032,33792,16200
89,-502,0,-268288,31440
179,-492,208896,-179200,45480
-2147,-1224,61440,-323584,45120
895,1313,0,-414720,48600
805,1279,221184,1035264,-95400
-4296,-630,0,111616,-13080
-4331,-1297,282624,-251904,62640
8001,923,0,-331776,38880
2326,-429,196608,369664,-20280
-1521,-485,28672,-149504,20880
-1790,432,0,284672,-33360
1790,-472,0,182272,-21360
-179,-2049,270336,-179200,52680
-5191,-944,40960,-503808,63840
1432,3157,110592,420864,-36360
3938,-223,32768,742400,-83160
-1611,-405,0,-1024000,120000
1611,-298,61440,261120,-23400
-3311,-2341,0,369664,-43320
-10403,-551,16384,141312,-14640
12998,3194,0,949248,-111240
805,-870,16384,1435648,-166320
-536,-258,0,-574464,67320
89,-382,0,60416,-7080
-13237,-1376,69632,-805888,102600
8494,1892,69632,-154624,26280
3759,-1385,0,-745472,87360
-5370,-628,16384,-358400,43920
4833,1544,0,994304,-116520
-5855,-1901,0,-92160,10800
4781,1649,-32768,800768,-97680
2595,-1151,0,-742400,87000
-1611,-439,0,142336,-16680
627,3630,-188416,-224256,4200
1610,-1452,0,-50176,5880
-805,-537,0,972800,-114000
-2595,730,-258048,-613376,41640
2416,239,-200704,-360448,18720
-447,100,-106496,687104,-93000
-895,335,0,-145408,17040
-6083,-1641,-475136,-95232,-44520
-1590,-437,-61440,-728064,78120
6867,1462,-442368,-57344,-45120
-1700,301,-86016,-361472,32280
-4612,-1740,0,-467968,54840
-148,-512,-221184,-1025024,94200
2075,781,0,124928,-14640
268,927,0,378880,-44400
-2158,219,0,-181248,21240
-444,254,0,-1057792,123960
3139,693,0,-674816,79080
4833,1756,0,1357824,-159120
1611,534,0,-27648,3240
0,-416,0,-878592,102960
-89,29,0,196608,-23040
-1074,-149,0,-913408,107040
-3670,-1302,0,-1809408,212040
269,301,0,1767424,-207120
2416,1058,0,694272,-81360
1701,664,0,-675840,79200
536,-620,0,-1130496,132480
-89,48,0,306176,-35880
-537,112,0,254976,-29880
-3132,-751,0,256000,-30000
-537,106,0,2048,-240
2774,848,0,407552,-47760
1343,274,0,-1348608,158040
89,-985,0,-1078272,126360
0,-1389,0,2323456,-272280
-2685,-938,0,359424,-42120
-5678,1363,0,-388096,45480
8989,1722,0,1061888,-124440
3580,-524,12288,-1113088,131880
-6085,-1007,0,666624,-78120
-8258,-555,36864,-1236992,149280
2888,314,86016,909312,-96480
3490,1461,0,920576,-107880
3759,339,73728,-1767424,215760
7428,-358,0,312320,-36600
-7965,-2672,196608,1394688,-140400
-7382,693,86016,-275456,42360
7651,2020,208896,-132096,39960
-10313,-909,98304,-247808,40560
5659,755,0,-1473536,172680
4654,299,253952,1965056,-200520
179,536,36864,-292864,38640
894,-1163,77824,785408,-82920
-1342,521,0,-2068480,242400
3490,182,0,1474560,-172800
-3848,-1041,0,323584,-37920
-1969,877,0,92160,-10800
1790,-260,53248,-59392,13200
-7067,-1569,24576,218112,-22680
9931,2305,0,624640,-73200
2595,-2062,-12288,-547840,62760
-4653,746,-28672,534528,-66000
-8427,492,-36864,1062912,-128880
15944,3995,-40960,615424,-76920
-5728,-7478,-315392,-1319936,117720
-2058,4795,-49152,1454080,-176160
1521,-2024,0,-1246208,146040
-16030,886,-454656,1060864,-177600
17731,700,0,-346112,40560
-11898,-2162,-270336,870400,-133680
11361,4881,-12288,1097728,-130080
-985,-4692,-24576,-1559552,179880
-9082,2276,0,1599488,-187440
11141,1827,0,1375232,-161160
1879,-2763,0,-1674240,196200
-7696,-426,0,-145408,17040
2595,2098,0,3081216,-361080
11952,2910,0,60416,-7080
-9536,-2835,-16384,-1375232,159240
-5548,-549,0,-1175552,137760
-90,1963,0,1043456,-122280
4385,270,0,-1108992,129960
1164,-1629,16384,-1382400,163920
-5817,-1796,0,2110464,-247320
-3491,1643,0,1012736,-118680
6981,266,24576,-1707008,202920
3490,-593,98304,-648192,87480
-2774,-1414,442368,-70656,60120
-895,971,147456,-394240,63480
-537,943,0,838656,-98280
627,501,0,1351680,-158400
1163,-527,835584,-732160,183720
358,-497,0,-1572864,184320
537,-42,1159168,313344,99120
-1880,-324,0,-492544,57720
-626,175,1892352,-376832,265920
-984,243,589824,418816,20040
984,106,0,171008,-20040
537,-117,1822720,-373760,257400
0,59,0,1012736,-118680
0,-175,1675264,-910336,303000
716,221,0,172032,-20160
3043,892,2461696,342016,248400
537,166,0,320512,-37560
-1969,-566,0,-8192,960
-2416,-167,1417216,-256000,196080
-2059,27,0,480256,-56280
-1700,315,-405504,117760,-61320
2864,1215,-262144,1004544,-148440
2505,166,-507904,414720,-108120
627,-455,-241664,1298432,-180480
-627,-983,241664,-163840,47520
448,-379,0,-1686528,197640
2058,893,0,1345536,-157680
0,405,0,199680,-23400
-1342,-651,0,-262144,30720
-448,79,4222976,-609280,566280
-2237,-83,339968,463872,-14520
-626,-20,0,329728,-38640
-627,1427,1069056,-522240,186480
3132,363,0,327680,-38400
5639,847,2756608,581632,254880
-627,-386,0,295936,-34680
-1074,-1488,3657728,-440320,480240
-5459,-1006,499712,-112640,71760
-447,1088,2088960,95232,233640
-1253,177,0,515072,-60360
1342,-31,0,547840,-64200
1074,-836,-270336,459776,-85560
1790,64,0,436224,-96840
-1611,-535,0,-183296,67200
2416,527,270336,-626688,105120
3580,620,827392,-251904,126480
-626,196,565248,1024000,-53760
-6623,-636,1454080,-583680,238800
-358,246,0,-1369088,160440
90,257,2154496,1055744,128760
268,588,2977792,785408,256920
4296,547,1044480,312320,125520
1253,-498,1077248,1024,86400
-2059,-662,4194304,-2048,491760
-2506,-1454,4177920,-1196032,629760
-716,-428,0,-1511424,177120
-89,586,0,974848,-114240
-179,-140,22474752,1163264,2497440
-626,407,-614400,117760,-85800
626,-33,0,117760,-13800
1521,525,-614400,-145408,-54960
-89,-1113,614400,-942080,179760
-1343,367,0,-911360,109440
-178,266,-614400,600064,-142320
-627,-194,614400,721920,-12600
627,196,-1220608,585728,-211680
357,-800,0,-7168,840
448,98,-19316736,-1020928,-2144040
0,739,0,-9216,1080
-537,1322,-16650240,264192,-1982160
1790,448,0,75776,-8880
1611,-1516,-8527872,-285696,-1007520
-2417,-772,-2289664,-951296,-115200
2775,946,-6836224,1359872,-960480
7675,1617,0,234496,-27480
-3583,-6,-6873088,583680,-873840
-7135,-1505,-1028096,-504832,-61320
2953,594,-2023424,-1148928,-102480
1969,-636,0,-411648,48240
-1879,-240,-1593344,1246208,-332760
-4385,327,-65536,802816,-101760
-716,-305,0,492544,-57720
895,-208,0,-201728,23640
268,-795,-405504,1401856,-211800
358,-46,0,1351680,-158400
805,555,-380928,-414720,3960
-984,233,-266240,1244160,-177000
895,-275,-184320,40960,-26400
805,-395,-249856,186368,-51120
-626,-143,-45056,1476608,-178320
-1253,-254,0,1190912,-139560
-2685,937,-196608,431104,-73560
-268,260,0,334848,-39240
2953,105,-757760,-62464,-81480
3311,273,0,692224,-81120
2775,596,0,955392,-111960
-3849,-1808,0,332800,-39000
-2237,945,-2433024,44032,-290280
0,225,-102400,-240640,16200
-447,324,-53248,417792,-55200
447,541,53248,302080,-29160
7339,1508,0,87040,-10200
1504,-878,0,-359424,42120
-184,199,0,872448,-102240
-5437,-830,0,403456,-47280
-3401,-239,0,-328704,38520
-537,596,0,-473088,55440
1521,1573,151552,410624,-54120
3670,-1424,0,473088,-31680
2506,947,507904,1136640,-73680
1493,-613,86016,-394240,56280
-6684,-728,0,-332800,39000
-1790,-63,438272,754688,-37080
-358,838,0,-38912,4560
537,213,0,94208,-11040
6802,1143,249856,592896,-40200
2824,-617,0,12288,-1440
-2824,-893,0,760832,-89160
-5818,-598,0,-737280,86400
-1163,909,0,-707584,82920
179,988,32768,813056,-91440
1342,1146,229376,549888,-37560
6953,468,0,-582656,68280
1996,-524,724992,-749568,172800
-5100,-1559,0,157696,-18480
-4475,-927,241664,703488,-54120
-895,2690,102400,-149504,29520
0,-181,0,-371712,43560
2774,1255,651264,-318464,113640
5589,689,552960,-739328,151440
3532,-886,217088,-1086464,152760
-3347,-2062,0,-797696,93480
-8011,1711,503808,1120256,-72240
-537,568,0,-1016832,143880
3311,770,0,-646144,51000
5865,404,307200,-343040,76200
1927,-2478,49152,-714752,89520
-3406,-1751,0,-921600,108000
-7160,1324,0,1100800,-129000
-537,1250,0,-337920,39600
2058,429,0,-961536,112680
9441,558,0,-646144,75720
-141,-173,0,117760,-13800
-6525,-2024,-12288,348160,-42240
-2506,0,0,-286720,33600
1074,578,-147456,-391168,28560
-90,343,-36864,-436224,46800
4028,178,-122880,-620544,58320
1726,-508,0,-1203200,141000
592,464,0,1150976,-134880
-3303,-226,-12288,-133120,14160
-4385,-443,0,-574464,67320
2058,-125,36864,-358400,46320
4410,974,0,249856,-29280
111,-42,172032,246784,-8760
-1746,490,110592,117760,-840
-1432,-183,36864,-565248,70560
1611,-548,0,-1433600,168000
89,-40,16384,-669696,80400
1515,760,0,1035264,-121320
-2857,-441,0,217088,-25440
-2775,797,0,197632,-23160
-179,-473,0,-470016,55080
3938,135,0,-645120,75600
3906,511,0,-708608,83040
148,70,0,357376,-41880
-702,-1919,0,-617472,72360
-2546,1674,0,64512,-7560
-7518,-7,0,117760,-13800
3043,1471,24576,-262144,33600
9220,34,24576,-405504,50400
-2865,-3728,0,-120832,14160
-9398,416,0,106496,-12480
-895,2431,0,921600,-108000
11998,1705,208896,-102400,36480
3729,-2376,24576,-1570816,186960
-12953,-1651,12288,-453632,54600
-1879,-591,0,1061888,-124440
0,2453,12288,-236544,29160
8917,813,49152,719872,-78600
1479,-927,0,-923648,108240
-2070,-723,36864,-973824,118440
-1793,-957,0,76800,-9000
-5101,-1251,0,435200,-51000
-448,405,172032,410624,-27960
1432,503,61440,-453632,60360
5688,838,323584,-367616,81000
3961,-301,126976,-160768,33720
-3776,-1860,-53248,21504,-8760
-8378,-129,-110592,-690176,106800
178,2398,0,-136192,-22920
7682,947,-225280,319488,-63840
5563,-668,0,20480,-2400
-4749,-2338,-36864,-1275904,145200
-7869,-927,-24576,-1860608,215160
-716,576,0,641024,-75120
1521,1887,12288,991232,-114720
5907,742,-12288,512000,-61440
-268,-2243,0,-1245184,145920
-5281,-1441,-12288,-1452032,168720
-805,-115,0,144384,-16920
626,325,-12288,-101376,10440
-358,574,0,755712,-88560
-984,646,61440,658432,-69960
2058,626,86016,-1858560,227880
6169,658,0,-126976,14880
2886,-518,524288,63488,54000
-2628,-30,0,-65536,7680
-8306,-974,331776,823296,-57600
-537,1307,16384,-372736,45600
1342,418,294912,-721920,119160
11006,-364,0,-20480,2400
707,-454,2547712,-117760,312360
-4470,346,2326528,980992,157680
-8585,-205,2375680,311296,241920
89,1422,4997120,-181248,606840
11043,1241,4190208,-751616,579120
1923,-1558,2506752,18432,291600
-6343,-1921,8916992,-124928,1059600
-6712,2272,0,861184,-100920
6265,894,6713344,1271808,637680
4753,-1065,3829760,-2163712,702360
-11376,-2188,5500928,273408,612600
0,1728,0,580608,-68040
11263,3900,6635520,1699840,578400
5391,-1875,0,-1985536,232680
-7637,-2187,1011712,-1122304,250080
-10628,834,0,622592,-72960
3043,1396,-507904,-1057792,64440
12010,1151,-9326592,337920,-1132560
725,-3945,0,-549888,64440
-8529,342,-2097152,267264,-277080
-5280,378,-3555328,210944,-441360
0,1356,-4997120,-541696,-522120
3311,760,0,67584,-7920
7594,-316,-7495680,-82944,-868680
57,-888,0,147456,-44160
-2599,-632,-8282112,-40960,-938880
1331,821,-3940352,409600,-509760
813,-681,-4485120,-179200,-504600
-6659,-1847,0,50176,-5880
-3848,160,-6504448,-407552,-714480
805,3206,0,579584,-67920
3759,-689,-991232,16384,-118080
-805,-867,-757760,-16384,-86880
4049,1149,0,-53248,6240
6191,1263,0,-90112,10560
2108,-811,-516096,279552,-93240
-5267,-238,0,266240,-31200
-10840,-661,-28672,-385024,50640
1790,934,0,-324608,29160
10021,1270,0,332800,-39000
1974,-1005,0,527360,-61800
-3758,-793,0,-589824,69120
-3315,547,16384,386048,-43320
-1790,-912,0,-166912,19560
-2685,-211,0,44032,-3240
1969,1435,0,-66560,5880
5636,1486,0,373760,-43800
4776,-1274,0,24576,-2880
-4444,-679,0,312320,-36600
-10085,-1523,0,-158720,18600
-89,975,0,-110592,12960
2148,678,0,-54272,6360
9493,1825,0,24576,-2880
4299,-1028,0,757760,-88800
-3960,-994,0,687104,-80520
-10101,-463,0,-798720,93600
-2058,749,0,-371712,43560
2237,1992,0,677888,-79440
5370,429,0,114688,-13440
5854,-1371,24576,111616,-960
503,-347,0,-410624,38880
-1126,-862,12288,333824,-37680
-10332,-873,0,18432,-2160
179,1785,0,274432,-32160
8223,2386,0,10240,-1200
5692,909,12288,1162240,-134760
-773,-1864,0,-262144,30720
-14216,-2807,86016,662528,-67560
-1253,662,12288,-395264,47760
6175,2658,0,-423936,49680
9837,319,0,1340416,-157080
690,52,0,-111616,13080
-3310,-206,12288,-328704,39960
-5023,-146,0,1426432,-167160
1663,718,12288,281600,-31560
1119,92,0,-644096,75480
-1895,186,49152,-1286144,156480
1470,489,0,-423936,69600
-509,-784,221184,-1015808,125040
-924,-1775,0,93184,-10920
-4639,-631,0,371712,-43560
3012,1350,0,143360,-16800
4560,1661,208896,1040384,-97440
282,-893,24576,-919552,110640
-4472,-1514,0,-1097728,128640
-7231,-1390,-12288,717824,-85560
1522,391,-12288,-567296,65040
5783,1388,-24576,-961536,109800
2514,614,-24576,999424,-120000
-666,-1566,0,84992,-9960
-7273,-1753,0,-96256,11280
-2775,-787,24576,1221632,-140280
985,646,49152,-1959936,235440
7400,201,0,133120,-15600
998,-1434,184320,652288,-54840
-7324,-1270,0,251904,-29520
-2685,-472,282624,-95232,44280
537,666,0,-1048576,122880
1253,-164,0,-456704,53520
4564,-235,36864,646144,-67920
1701,1197,0,934912,-113040
586,1176,12288,899072,-103920
3113,-309,0,-1256448,147240
254,-83,-102400,-437248,39240
-927,-509,-24576,841728,-101520
-1442,-249,0,-318464,37320
666,-155,12288,-445440,53640
-666,-368,0,149504,-17520
-554,-142,196608,65536,15360
-1836,-473,12288,-792576,94320
-5638,-1655,0,-95232,11160
-895,145,65536,118784,-6240
2058,-539,0,-340992,39960
1611,-342,167936,-334848,58920
2596,1011,0,78848,-9240
-5281,-455,0,71680,-8400
-984,561,0,104448,-10200
-179,-738,118784,-117760,25680
268,-431,0,-242688,28440
3759,-144,-16384,-64512,5640
-1342,-20,0,440320,-51600
-2506,-877,0,-316416,37080
-179,120,0,329728,-38640
1879,60,0,-178176,20880
1701,410,28672,-145408,20400
-1432,507,16384,24576,-960
-2506,-934,61440,-259072,37560
90,760,0,89088,-10440
536,-551,61440,1024,7080
1969,-127,0,-23552,2760
-1879,-482,0,72704,-8520
-358,-310,466944,-92160,65520
1342,-45,0,-214016,25080
1253,450,548864,257024,34200
269,428,430080,228352,23640
-2596,-302,700416,-12288,83520
-447,-340,0,-36864,4320
0,-295,0,-191488,22440
-89,-457,708608,-258048,113280
0,171,0,191488,-22440
626,-193,491520,62464,50280
1521,-360,106496,-133120,28080
1880,283,0,-60416,7080
-1969,-233,0,141312,-16560
-985,-530,0,-47104,5520
-805,349,0,325632,-38160
-358,37,0,-175104,20520
-716,-249,106496,53248,6240
895,-224,0,-206848,24240
-179,-17,-53248,-8192,-5280
626,-215,0,342016,-40080
-536,-155,0,9216,-1080
-627,106,217088,-187392,47400
-2953,-331,176128,-52224,26760
-2954,-1622,892928,-281600,137640
-1561,-176,282624,-35840,37320
-1257,102,851968,217088,74400
3803,375,1159168,49152,130080
3759,540,0,-96256,11280
1790,312,0,371712,-43560
-1701,-196,1912832,-275456,256440
895,-213,118784,-410624,62040
1074,-983,483328,159744,37920
-1432,-1831,-364544,267264,-74040
-10859,-2217,-237568,-286720,5760
7011,3118,-1912832,-115712,-210600
9128,429,0,-152576,17880
-9218,-1766,-2011136,201728,-259320
-5762,-1257,0,60416,-7080
2326,1060,0,226304,-26520
-1479,344,0,314368,-36840
-2035,-76,-4272128,-566272,-434280
6234,1294,0,-401408,47040
4833,-2461,-675840,870400,-181200
895,662,-266240,228352,-57960
-3043,1007,-638976,-308224,-38760
3401,570,-225280,-120832,-12240
1700,-730,0,198656,-23280
-2237,-3948,-688128,229376,-107520
-6533,1372,-86016,358400,-52080
-4882,1011,-12288,-212992,23520
6582,3419,0,-117760,13800
6533,-68,0,581632,-68160
1611,-1313,0,354304,-41520
-10619,-123,0,-345088,40440
-703,1573,0,604160,-70800
8548,208,0,2089984,-244920
-447,-591,0,-2149376,251880
-985,-195,0,-1121280,131400
-11284,-3209,24576,2257920,-261720
-3893,2607,12288,-957440,113640
12045,1770,184320,-590848,90840
8860,-1169,0,-38912,4560
-4296,-2866,0,-634880,74400
-13952,1079,122880,467968,-40440
10999,3535,0,-211968,24840
4385,-850,122880,502784,-44520
-1790,-790,86016,470016,-45000
-3759,539,0,266240,-31200
-4874,423,122880,2355200,-261600
5143,1480,-12288,-2034688,237000
10739,-80,-24576,-971776,111000
-7159,-2826,-49152,249856,-35040
-14326,-2097,-86016,-785408,81960
6268,3008,-98304,959488,-123960
7879,1369,0,-1214464,142320
-716,-896,0,-497664,58320
716,280,196608,2582528,-279600
-3401,-1216,24576,-294912,37440
-6696,482,0,737280,-86400
10544,2112,135168,-235520,43440
5370,-2797,24576,-690176,83760
-11993,-88,0,-1288192,150960
-5668,579,0,1380352,-161760
8353,1155,0,1593344,-186720
806,256,36864,-2549760,303120
3132,386,73728,-138240,24840
0,-4138,0,202752,-23760
-10618,180,139264,-313344,53040
4532,3311,0,364544,-42720
7518,351,65536,518144,-53040
-1432,-249,0,-35840,4200
89,125,-24576,-825344,93840
-4385,-3506,0,1482752,-173760
-12439,1227,24576,-1173504,140400
14050,2358,0,546816,-64080
3759,-499,0,-807936,94680
-1074,-1216,12288,335872,-37920
89,635,106496,49152,6720
-2863,-35,0,286720,-33600
-9404,133,131072,1477632,-157800
7435,1245,0,-1628160,190800
6085,-1039,81920,234496,-17880
-4385,-2598,86016,-1103872,153000
-7501,62,16384,728064,-96960
1885,2602,0,2088960,-244800
2036,406,143360,-1678336,213480
6623,24,0,-74752,8760
3490,-1510,32768,-334848,43080
-5906,-2183,0,466944,-54720
-6760,874,0,-613376,71880
628,1722,0,91136,-10680
3715,414,0,370688,-43440
-1074,-1169,-147456,-830464,80040
-716,221,-57344,708608,-89760
-984,774,0,-48128,5640
-497,-1068,-28672,-809984,91560
1929,1201,0,151552,-17760
3848,168,0,664576,-77880
-1432,208,12288,-146432,18600
-268,179,0,-245760,28800
-2775,-560,0,283648,-33240
1790,572,0,174080,-20400
-358,157,0,-269312,31560
358,-718,-12288,-179200,19560
716,-778,-16384,-434176,48960
1074,-801,-40960,-279552,27960
2596,-277,0,320512,-37560
-358,580,0,455680,-53400
805,62,0,-224256,26280
358,254,0,215040,-25200
-179,171,0,-50176,5880
0,665,0,-393216,46080
-179,889,12288,840704,-97080
-537,50,16384,279552,-30840
-447,-144,114688,20480,11040
-1969,-333,28672,495616,-54720
-716,-254,57344,-1001472,124080
984,387,16384,-128000,16920
1164,-220,61440,442368,-44640
-716,-112,77824,-318464,46440
1253,-182,110592,-232448,40200
-1164,-157,16384,361472,-40440
448,440,0,-128000,15000
1879,-1483,139264,-532480,70680
-179,642,0,905216,-98040
-1432,456,327680,-562176,104280
806,-289,282624,-813056,128400
-90,391,73728,227328,-18000
269,246,0,-422912,49560
-806,-1192,925696,480256,52200
-179,-479,0,-156672,18360
-6567,-1128,487424,-49152,62880
-3944,-370,1019904,-169984,139440
-1160,355,557056,-116736,78960
8270,2150,0,934912,263040
5012,60,3129344,-388096,39600
268,-799,0,86016,-10080
-9000,-2235,5287936,-252928,649320
-7020,-853,1114112,384000,85560
6687,2257,4292608,-808960,597840
8976,1542,0,-209920,24600
-716,-1607,5918720,657408,616560
-10581,-770,0,49152,-5760
2284,1736,1642496,1508352,15720
8207,288,0,-856064,100320
-179,-1742,-278528,-1740800,171360
-13092,-23,-552960,518144,-125520
1592,502,0,678912,-79560
12485,1434,0,-509952,59760
268,-1391,-4067328,-96256,-465360
-2148,-14,-5025792,-20480,-586560
-5913,845,-905216,-34816,-102000
-813,275,-5746688,1102848,-802680
-74,-50,-876544,-766976,-12840
3041,440,0,-496640,58200
5728,-873,-5169152,676864,-660720
-1253,-1388,-2469888,-744448,-226560
-4206,560,-282624,398336,-79800
716,636,-831488,388096,-142920
2148,16,0,395264,-46320
-6137,-978,-729088,1882112,-306000
-296,779,0,-1567744,183720
7865,-188,0,834560,-97800
1610,-361,0,-200704,23520
-894,-1457,-184320,-593920,48000
-10543,792,-12288,368640,-44640
2664,1856,0,11264,-1320
5373,809,0,1904640,-223200
-2238,77,0,-711680,83400
3401,-264,-16384,-744448,85320
-2148,-2250,0,1264640,-148200
-6089,-1724,0,-1099776,128880
-332,2396,0,-605184,70920
10359,1975,0,432128,-50640
2058,-1060,0,1568768,-183840
-2505,-1180,0,28672,-3360
-11477,-1298,0,-1574912,184560
170,-103,0,880640,-103200
2541,628,0,-151552,17760
2680,797,0,1130496,-132480
5101,1072,0,-134144,15720
1432,-715,0,-659456,77280
-1790,-1282,0,1012736,-118680
-13837,-758,0,-273408,32040
3392,1512,0,-333824,39120
11698,519,16384,179200,-19080
537,-1432,0,15360,-1800
-3580,-419,0,375808,-44040
-5079,585,0,301056,-35280
-2388,-346,0,1807360,-211800
577,355,0,-1555456,182280
5995,1686,0,-675840,79200
4475,-1051,0,364544,-42720
-10248,-3093,0,284672,-33360
-4893,1026,0,1681408,-197040
15141,4178,0,-193536,22680
716,-3990,0,-695296,81480
-4743,-798,0,-663552,77760
-10900,-716,0,-99328,11640
2041,1855,0,376832,-44160
9217,1853,0,962560,-112800
1611,-3118,0,-1642496,192480
-5460,359,0,1068032,-107280
-2213,-859,0,444416,-69960
74,-1155,0,-110592,12960
-6095,-583,0,-1016832,119160
1990,2297,0,-441344,51720
12688,1601,0,1241088,-145440
-358,-1390,24576,828416,-94200
-8003,-2008,0,-309248,36240
-4184,-996,294912,-2308096,305040
677,-805,593920,-91136,80280
-340,-671,319488,-278528,70080
-2470,1614,0,750592,-87960
4394,1303,770048,225280,63840
5630,797,0,-113664,13320
627,-1569,634880,745472,20880
-7983,-2840,1961984,-2915328,537720
-4521,241,0,156672,-18360
1728,820,1265664,687104,67800
1450,496,2019328,-660480,314040
451,107,524288,1482752,-112320
3728,-290,0,-220160,25800
-1167,-1520,2035712,-2837504,571080
-933,2,0,1182720,-138600
-1604,-52,1454080,202752,146640
-3559,34,1085440,858112,26640
-1187,697,0,264192,-30960
8561,877,1486848,-1811456,386520
4409,-533,319488,641024,-37680
-3929,-1940,1867776,-454656,272160
-6931,-694,180224,912384,-85800
-2203,1356,184320,-207872,45960
3185,853,0,1737728,-203640
2106,-350,-720896,320512,-122040
-571,-230,-1511424,-1858560,40680
5893,641,-159744,139264,-35040
4956,374,-1363968,837632,-258000
-6915,-1453,0,1296384,-224760
-4504,-690,0,-1709056,273120
570,434,147456,-198656,40560
-142,-40,294912,658432,-42600
2459,327,147456,179200,-3720
-2031,-406,0,-347136,40680
-738,-542,-147456,-1088512,110280
214,-479,0,107520,-12600
-3371,842,-1142784,1011712,-252480
-2629,519,-1777664,-221184,-182400
2760,-251,0,268288,-31440
2480,-218,-1912832,-691200,-143160
-704,-118,-282624,-162816,-14040
-1192,88,0,217088,-25440
-2915,-187,-364544,223232,-68880
2218,35,0,39936,-4680
2497,446,90112,-251904,40080
833,143,180224,165888,1680
23,-196,0,157696,-18480
3064,707,0,640000,-75000
2808,33,-180224,366592,-64080
-5063,-559,-1003520,163840,-136800
-2628,-630,-663552,-247808,-48720
-3303,30,0,-519168,60840
3031,2005,-1462272,1948672,-399720
1259,4,0,-7168,840
119,-4,-937984,67584,-117840
2646,27,0,-244736,28680
-651,-595,0,-671744,78720
1075,-34,0,839680,-98400
-1762,1449,0,1146880,-134400
-3146,-289,-425984,-922624,58200
1505,-253,-733184,-214016,-60840
2837,179,-53248,-117760,7560
-1315,-245,0,1617920,-189600
-618,508,-491520,-1057792,66360
-1636,-226,-147456,695296,-98760
523,-467,-20480,-297984,32520
-836,-290,20480,436224,-48720
-2242,739,0,-446464,52320
19,-20,40960,-1538048,185040
1888,1473,491520,1559552,-125160
4132,-475,303104,375808,-8520
-169,146,0,-38912,4560
1329,23,1015808,-406528,166680
3228,-293,0,-720896,84480
-739,-553,1318912,273408,122520
-2319,154,294912,-533504,97080
-113,-676,0,-930816,109080
-1132,-257,7118848,76800,825240
-2290,-533,0,336896,-39480
-523,-85,0,442368,-51840
1855,878,9015296,242688,1028040
902,314,6283264,704512,653760
-29,-252,2113536,411648,199440
708,-981,6094848,-973824,828360
820,-890,4231168,-1463296,667320
-2972,1183,0,1212416,-142080
-4934,-584,6455296,-947200,867480
848,-296,3301376,-517120,447480
1085,233,2482176,765952,201120
4615,1077,0,631808,-74040
1047,-533,2580480,-930816,411480
2062,-165,0,-1567744,183720
-1638,-162,1601536,354304,146160
-2093,-479,2195456,-965632,370440
933,-554,0,-836608,98040
707,-470,0,662528,-77640
-1584,968,0,-430080,50400
-1000,-898,0,-579584,67920
-5553,-499,-1105920,245760,-158400
-1896,169,-548864,589824,-133440
1741,1344,0,454656,-53280
2158,-18,548864,1389568,-98520
1630,-340,0,-1785856,209280
-711,216,548864,175104,43800
-2012,-24,0,144384,-16920
1489,199,3399680,-60416,405480
6078,-473,0,441344,-51720
-679,-231,2359296,-425984,326400
-3998,-453,-598016,312320,-106680
-502,-184,0,-1413120,165600
3482,-189,-589824,227328,-95760
763,-444,-13836288,509952,-1681200
-3227,-1053,0,2031616,-238080
-5650,872,-22384640,-2341888,-2348760
3451,-224,0,614400,-72000
4408,-1151,-11685888,410624,-1417560
-2704,-507,-4296704,346112,-544080
2817,1994,-5636096,531456,-722760
3923,787,-532480,1845248,-278640
-7012,-1460,-1994752,-4096,-233280
376,281,0,97280,-11400
3732,-765,0,588800,-69000
-5371,-2312,0,-84992,9960
-3267,259,0,900096,-105480
618,1625,0,2439168,-285840
1971,435,-1273856,859136,-249960
2234,-600,0,-144384,16920
2513,-195,-901120,-2212864,153720
-2806,-1505,-122880,3177472,-386760
-11356,-1462,-405504,1639424,-239640
5147,1531,0,-82944,9720
10882,824,-233472,161792,-46320
-4380,-2940,0,282624,-33120
-6984,-788,-49152,662528,-83400
-2900,248,0,622592,-72960
983,452,0,1477632,-173160
1152,256,0,588800,-69000
1899,910,0,-606208,71040
5244,997,0,-923648,108240
4817,-324,0,833536,-97680
-7499,-1955,0,1278976,-149880
-6125,456,0,1064960,-124800
-1733,1907,0,141312,-16560
13801,1672,0,438272,-51360
1075,-1461,0,-147456,17280
-9676,-3452,0,-1112064,130320
-7212,581,0,562176,-65880
5949,2547,0,614400,-72000
6979,711,0,944128,-110640
3960,-106,0,220160,-25800
-4713,-1144,0,-955392,111960
-2236,-299,0,1177600,-138000
-2022,234,0,1043456,-122280
-304,459,0,999424,-117120
-49,296,0,-670720,78600
3152,1024,-16384,-1771520,205680
5606,-1419,-36864,221184,-30240
537,260,-36864,937984,-114240
-8348,265,-294912,683008,-114600
-2021,1802,0,-79872,9360
10879,1595,-356352,-549888,22680
565,-849,-315392,-1167360,99840
-5424,-2039,-102400,1626112,-202560
-7427,776,-225280,565248,-92640
5464,1726,0,-603136,70680
9626,796,0,-2392064,162480
-1110,-644,-315392,460800,26880
-4456,-153,-188416,1959936,-251760
-4858,98,-102400,720896,-96480
1307,1237,-290816,-534528,28560
1579,565,0,-1792000,210000
4366,726,77824,-1008640,127320
2395,197,126976,496640,-43320
-2141,-207,69632,1668096,-187320
3139,663,0,-281600,33000
5163,572,438272,632832,-22800
-8896,-267,450560,-712704,136320
-1127,978,61440,300032,-27960
-784,833,327680,194560,15600
1063,573,49152,590848,-63480
283,660,0,-86016,10080
-255,455,0,196608,-23040
792,-88,0,-512000,60000
1160,1088,282624,248832,3960
113,480,24576,765952,-86880
2488,748,-12288,-465920,53160
-148,132,12288,-216064,26760
814,36,0,-349184,40920
2349,273,36864,-181248,25560
1700,633,49152,320512,-31800
806,248,270336,-26624,34800
1342,410,0,-489472,57360
269,429,0,-276480,32400
447,-171,16384,-1011712,120480
537,838,0,-131072,15360
-89,55,0,256000,-30000
-1253,191,0,-660480,77400
1163,188,0,-825344,96720
-1700,447,0,-622592,72960
179,294,0,-197632,23160
895,356,0,293888,-34440
-90,71,0,-248832,29160
-984,-260,0,-388096,45480
1611,-7,0,-693248,81240
179,188,0,254976,-29880
358,-477,0,-695296,81480
89,772,0,537600,-63000
0,1,0,-345088,40440
89,-369,0,-470016,55080
-178,484,0,-286720,33600
-269,232,0,-54272,6360
-358,172,0,-155648,18240
448,-149,0,126976,-14880
268,-1041,0,-545792,63960
179,-198,0,-599040,70200
-179,368,0,-128000,15000
0,128,0,108544,-12720
0,972,0,161792,-18960
-89,235,0,47104,-5520
89,-268,0,-785408,92040
0,220,0,-150528,17640
-268,-187,0,-273408,32040
268,428,0,400384,-46920
-89,-221,0,331776,-38880
89,-282,0,-505856,59280
1432,209,0,-94208,11040
-179,105,0,344064,-40320
-358,845,0,573440,-67200
-269,98,0,104448,-12240
-626,198,0,41984,-4920
-89,171,0,-105472,12360
357,202,0,241664,-3120
-268,145,0,-104448,-12960
0,395,0,218112,-25560
-179,47,0,-154624,18120
-268,-152,0,-114688,13440
179,-259,0,-494592,57960
268,-42,0,-315392,36960
-89,486,0,-77824,9120
89,-99,0,-61440,7200
-89,-120,0,-154624,18120
89,-171,0,-700416,82080
447,0,0,-672768,23640
-89,163,0,344064,14880
895,284,0,-404480,47400
626,-225,0,-832512,97560
-984,-260,24576,-300032,38040
-4475,-757,24576,-1351680,161280
-1969,245,147456,-3143680,385680
5460,1428,0,1299456,-152280
1163,1012,0,647168,-75840
-537,-825,491520,-480256,113880
358,-815,491520,-1772544,265320
2506,745,0,-781312,91560
-1432,89,442368,283648,28200
-1969,-445,0,202752,-33360
-179,127,106496,-881664,115800
-179,506,61440,-237568,-25440
358,1262,229376,-161792,106320
984,348,0,1343488,-157440
4654,-575,0,-574464,67320
-1969,-712,360448,-1103872,171600
-1253,-492,0,444416,-52080
2596,331,0,-944128,110640
-1611,-586,-40960,-676864,74520
-2506,833,20480,-199680,25800
-3132,411,81920,-339968,49440
1074,431,0,12288,-1440
2058,694,40960,-772096,116160
626,69,0,1429504,-188400
-1432,-1425,0,-1106944,129720
1701,758,274432,-781312,123720
7053,1243,122880,-326656,52680
3081,944,0,-142336,16680
-7002,-1995,53248,312320,-30360
-4922,-1283,188416,-894976,126960
-1342,2011,237568,-424960,77640
1342,347,0,-751616,88080
716,-1190,155648,828416,-78840
-448,-631,0,-77824,9120
-447,1462,0,-615424,72120
2595,2469,0,542720,-63600
6612,-673,0,-555008,65040
814,-1424,0,60416,-7080
-9842,-1141,0,-1382400,162000
0,587,0,1031168,-120840
2595,393,32768,-812032,99000
-2595,-262,-32768,254976,-33720
0,1192,0,-174080,20400
2237,1533,0,839680,-98400
5867,-228,-659456,-641024,-2160
-2466,-2404,-24576,149504,-20400
-1432,23,49152,-756736,94440
-984,-114,24576,-369664,46200
-269,227,106496,476160,-43320
-805,290,57344,-354304,48240
-1969,173,446464,-1230848,196560
0,-198,0,-249856,29280
895,-83,0,-2048,240
0,-824,0,-1212416,142080
1074,-174,1273856,-394240,195480
358,-186,348160,-823296,137280
-1164,147,53248,-539648,69480
537,883,0,165888,-19440
179,-227,270336,-587776,100560
5191,573,0,-239616,28080
929,804,0,-166912,19560
2255,1187,0,162816,-86640
-4079,-627,0,365568,24720
-2774,-143,0,180224,-21120
-895,-828,2596864,142336,287640
-1164,-1149,0,-1696768,198840
3222,26,442368,-879616,154920
-3222,1462,94208,629760,-62760
4923,128,376832,-264192,75120
1512,449,98304,721920,-73080
1442,422,-98304,-765952,69360
-776,578,0,879616,-94200
-6474,-1836,0,-422912,49560
-358,-117,0,122880,8520
1969,-500,-94208,-708608,49080
5084,235,0,-523264,61320
-1236,-68,94208,-322560,48840
-895,766,0,739328,-86640
2908,242,0,-163840,19200
-1405,786,0,960512,-112560
-2129,-297,-94208,393216,-57120
-2327,-836,0,-198656,23280
-3759,-1551,-1638400,-1601536,-4320
0,2338,0,373760,-43800
1074,-785,-1888256,-929792,-112320
6697,-642,0,-734208,86040
1220,517,-1138688,376832,-177600
37,371,40960,564224,-61320
-3390,20,0,-1181696,138480
5409,816,0,385024,-45120
-466,734,-737280,740352,-173160
-6822,-1276,0,274432,-32160
-3580,-491,-851968,-860160,960
2864,1942,-745472,-185344,-65640
537,415,-266240,875520,-133800
-3043,-2103,0,-463872,54360
-537,287,-839680,-1041408,23640
3132,1387,0,331776,-38880
4861,-161,-270336,1816576,-244560
-6024,-1117,0,-1841152,215760
626,352,0,399360,-46800
9187,275,0,565248,-66240
-1940,-1804,-221184,220160,-51720
-3219,218,-12288,191488,-23880
2553,731,0,419840,-49200
-7207,-828,-172032,376832,-64320
-3401,335,0,-993280,116400
1521,1530,0,1081344,-126720
4923,-409,-98304,646144,-87240
-1969,-637,0,770048,-90240
6836,2552,0,-54272,6360
6876,4,0,1780736,-208680
-4520,-1401,-36864,1071104,-129840
-11430,-936,0,-615424,72120
-626,2788,0,827392,-96960
5101,192,0,696320,-81600
3600,-89,0,952320,-111600
2223,-695,0,-1027072,120360
-4033,-1453,0,-547840,64200
448,273,0,3337216,-391080
-2327,1266,0,-373760,43800
8880,1302,0,-634880,74400
3873,-74,0,686080,-80400
-5596,-1669,0,1315840,-154200
-11632,-612,0,100352,-11760
6533,4174,0,-514048,60240
8058,507,0,251904,-29520
-1355,-3043,0,-1457152,170760
-13952,-858,0,1432576,-167880
1432,1545,0,322560,-37800
12972,2967,0,-1898496,222480
3729,-2817,0,1397760,-163800
-8772,-450,0,677888,-79440
-9272,368,0,-405504,47520
2596,2300,0,292864,-34320
16988,943,24576,-41984,7800
-5769,-4496,0,-370688,43440
-13904,1284,49152,-504832,64920
1342,2518,0,559104,-65520
11742,15,0,697344,-81720
5294,-1259,0,-829440,97200
-7161,-2760,122880,-1310720,168000
-3187,2604,12288,1757184,-204480
-2302,1173,24576,867328,-98760
5913,801,0,492544,-57720
1188,-409,0,-160768,18840
-849,-1358,49152,-424960,55560
-3100,868,0,1197056,-140280
-74,-507,159744,51200,12720
1960,753,12288,-422912,51000
1497,278,86016,1248256,-136200
707,-178,12288,-702464,83760
506,-749,12288,-1146880,135840
1475,602,-12288,808960,-96240
467,312,0,64512,-7560
-2702,-379,12288,414720,-47160
-3022,6,-12288,398336,-48120
-1220,-143,12288,-1052672,124800
3619,1663,0,211968,-24840
4642,494,-12288,30720,-5040
1737,-252,0,39936,-4680
-1800,-1750,0,688128,-80640
-6313,-1189,0,-391168,45840
-6421,1016,-12288,-368640,41760
2237,923,12288,515072,-58920
5070,711,0,11264,-1320
6982,152,0,-362496,42480
1653,-30,-12288,734208,-87480
-1841,-1655,0,513024,-60120
-8049,718,-12288,-128000,29880
-5963,-827,-12288,-637952,57000
0,-125,0,-270336,31680
6517,2085,0,-168960,19800
5689,261,0,353280,-41400
2013,-1166,0,282624,-33120
-6124,1,0,49152,-5760
-4604,-941,0,-647168,75840
-2775,993,0,-437248,30240
5727,1218,0,147456,3720
3957,779,0,603136,-70680
2203,-128,0,117760,-13800
-3249,-1787,0,-188416,22080
-4020,-1707,0,-744448,87240
-5513,-573,-12288,116736,-15120
1880,4102,0,1428480,-167400
3522,543,0,-112640,13200
7631,465,-12288,-125952,13320
1798,-415,0,-205824,24120
-2927,-1636,0,-318464,37320
-11904,-3352,0,190464,-22320
627,2873,-12288,-367616,41640
5995,1133,0,138240,-16200
4989,212,0,-101376,11880
272,-965,12288,-658432,78600
-3411,-2001,0,460800,-54000
-2626,675,0,561152,-65760
-1368,539,0,-924672,108360
3371,389,0,-75776,8880
2659,3,0,-293888,34440
-1951,-2342,-122880,-612352,57360
-8646,684,0,857088,-100440
5528,840,0,1267712,-148560
5331,-1360,-12288,-1412096,164040
-2638,-2623,0,-1481728,173640
-7505,-1056,24576,1284096,-147600
1163,1423,12288,988160,-114360
448,572,36864,-49152,10080
1981,-363,0,-870400,102000
1368,-175,24576,-394240,49080
3337,246,0,-401408,47040
114,-923,-12288,-103424,10680
-2822,-1001,0,345088,-40440
-9348,-371,-12288,-164864,17880
179,30,0,-954368,111840
984,896,-86016,440320,-61680
6410,995,0,184320,-21600
-37,-515,12288,-960512,114000
-74,-406,0,500736,-58680
1072,-713,196608,-609280,94440
1553,270,0,-329728,38640
470,844,122880,730112,-71160
1216,-3437,0,-461824,48840
-1329,741,184320,530432,-35280
-85,-98,0,-1414144,165720
-2084,-166,253952,473088,-25680
-5053,-342,28672,1177600,-134640
-1253,-626,114688,-1369088,173880
2864,611,-65536,1029120,-128280
-2954,-575,159744,1098752,-110040
-2148,-266,40960,340992,-35160
-536,1211,0,2048,-240
89,565,172032,126976,5280
2864,483,0,972800,-114000
4981,-120,73728,-119808,22680
2071,-897,0,480256,-56280
-3562,-1809,-16384,-845824,97200
-2953,-458,0,-391168,45840
-3043,586,-16384,990208,-117960
-90,181,0,-137216,16080
-268,421,0,-153600,18000
537,241,-40960,952320,-116400
447,-1376,0,-1442816,169080
2775,-391,-28672,160768,-22200
895,792,-16384,781312,-93480
1342,329,-40960,-538624,58320
-2953,-1509,-86016,-229376,16800
-1074,-632,-94208,49152,-16800
-1969,-2,0,-312320,36600
-805,1532,0,910336,-106680
-1164,203,-53248,-566272,60120
1253,873,0,1039360,-121800
1163,-1090,-24576,-290816,31200
3043,448,0,249856,-29280
358,-1280,36864,408576,-43560
-3043,-785,0,-628736,73680
269,-442,28672,-428032,53520
537,-201,0,517120,-60600
268,-13,24576,-249856,32160
-1879,302,28672,115712,-10200
-2595,373,81920,306176,-26280
-179,64,69632,-327680,46560
3132,1393,45056,140288,-11160
2416,1037,114688,1232896,-131040
2059,-1617,28672,722944,-81360
-2596,-463,77824,-791552,101880
-2058,-800,0,-202752,23760
-716,-352,352256,6144,40560
-895,430,0,-674816,79080
1164,-222,483328,986112,-58920
357,-205,0,16384,-1920
179,-42,954368,807936,17160
-268,-425,0,-849920,99600
0,-372,962560,-726016,197880
-89,-198,229376,98304,15360
-806,223,294912,925696,-73920
-268,143,0,850944,-99720
805,-146,0,-1632256,191280
895,9,49152,-252928,35400
-90,-281,0,-24576,2880
-715,14,0,413696,-48480
-2685,-296,0,1431552,-167760
1432,63,-49152,-757760,83040
1163,150,0,-192512,22560
358,82,49152,295936,-28920
0,-559,106496,-812032,107640
268,255,-53248,37888,-10680
-268,169,0,-108544,12720
268,2,0,-235520,27600
-268,-891,0,-290816,32400
0,-483,212992,1187840,-112560
-2595,750,-53248,608256,-77520
-1790,231,53248,-1219584,149160
2774,393,-53248,723968,-91080
1700,273,0,-830464,97320
2596,-818,0,731136,-85680
-1969,-334,0,518144,-60720
-1074,492,-364544,-1010688,75720
-6086,-866,0,340992,-39960
2148,120,-720896,496640,-142680
3670,1112,-118784,-756736,74760
626,592,-40960,882688,-108240
0,-229,0,412672,-48360
-179,-39,0,-648192,75960
-2595,-759,0,1006592,-117960
-3222,-1741,-77824,-424960,40680
89,1673,0,-788480,92400
5102,734,0,150528,-17640
4206,-194,0,227328,-26640
358,-280,0,817152,-95760
-3759,-765,77824,902144,-96600
-8806,-2299,40960,-2221056,265080
2273,1761,0,454656,-53280
6354,1395,0,443392,-51960
268,-212,0,745472,-87360
-357,424,0,680960,-79800
-716,-170,0,-1991680,233400
1431,-268,0,540672,-63360
-984,-2141,0,-334848,39240
-5280,-594,36864,190464,-18000
-3951,734,-77824,98304,-20640
8963,2316,0,1190912,-139560
805,-133,-188416,1128448,-154320
0,90,-475136,-1821696,157800
-1521,-867,0,-1344512,157560
626,297,0,176128,-20640
358,387,-90112,1157120,-150720
-1163,90,0,716800,-79440
-2506,-498,-32768,622592,-76800
4206,1,0,-1380352,161760
984,-554,32768,-1024,3960
-537,-1748,0,208896,-24480
-715,-836,0,-661504,77520
-6981,1740,0,1195008,-140040
4743,1147,249856,199680,5880
2774,270,0,930816,-109080
2596,-1389,0,-774144,90720
-8144,-2797,36864,240640,-23880
-7209,2518,0,-63488,7440
11505,1263,0,-770048,90240
984,-377,0,-992256,116280
-805,-1913,32768,37888,-600
-9406,-831,-32768,1337344,-160560
6184,3132,0,782336,-91680
4653,-166,32768,-543744,67560
3849,-1202,0,-582656,68280
-12082,-2684,0,-432128,50640
-4175,243,65536,1571840,-176520
9724,3315,0,311296,-36480
6085,-4,0,-1042432,122160
-3580,-609,0,-688128,80640
-1610,611,0,184320,-21600
-3938,-384,0,-33792,3960
-985,331,0,-204800,24000
2864,553,0,-279552,32760
2506,97,0,10240,-1200
627,-715,-32768,805888,-98280
-1253,-539,0,-482304,56520
-1969,-440,0,-468992,54960
537,-10,-102400,-67584,-4080
-2059,-234,0,-4096,480
2148,1220,-479232,176128,-76800
716,518,-585728,1079296,-195120
-268,-167,0,492544,-57720
-895,12,-479232,-961536,56520
1611,372,0,-347136,40680
89,-278,-307200,865280,-137400
-3132,-410,-73728,-550912,55920
805,79,-172032,-1119232,111000
2954,858,0,386048,-45240
179,-147,-462848,869376,-156120
-179,-381,0,-272384,31920
716,-198,0,-610304,71520
626,-474,-335872,191488,-123720
-448,484,-86016,1225728,-91800
-89,175,-12288,-596992,68520
89,-805,36864,-889856,43080
0,-497,0,722944,-19200
-89,-312,12288,-411648,49680
-626,716,0,-415744,48720
537,-179,0,171008,-20040
-358,599,0,-148480,17400
-627,-90,24576,-1135616,135960
537,136,0,-163840,19200
0,-560,208896,-35840,28680
-447,648,114688,123904,-1080
716,-445,294912,-67584,42480
-179,-919,0,38912,-4560
-5997,-1677,348160,-690176,121680
3312,446,28672,-90112,13920
179,1096,57344,1145856,-127560
-358,-11,49152,-482304,62280
2237,419,241664,-83968,38160
90,521,86016,-52224,16200
-90,-141,323584,-638976,112800
-895,116,81920,1154048,-125640
1074,-569,0,-221184,25920
-6839,-671,294912,-153600,52560
-1294,-1050,0,-679936,79680
1220,-141,0,301056,-35280
380,1914,1495040,673792,96240
984,-118,630784,56320,67320
4296,-62,253952,-180224,50880
-4743,-1138,491520,180224,36480
-2211,-1357,0,-757760,88800
1146,1641,0,715776,-83880
-111,322,1687552,400384,150840
370,13,319488,-136192,53400
3133,974,1146880,374784,90480
984,383,1003520,-948224,228720
-2327,266,212992,733184,-60960
-1864,-529,0,-301056,35280
-629,6,1150976,-698368,216720
4910,78,0,768000,-90000
1700,189,118784,788480,-78480
1790,173,-118784,101376,-25800
-537,36,0,347136,-40680
-3401,-200,0,-714752,83760
3491,145,-122880,-1414144,151320
536,-612,122880,193536,-8280
179,-730,0,2227200,-215400
-447,-335,368640,-1200128,138240
-89,524,643072,-543744,139080
-90,264,0,-3072,360
-89,47,405504,-739328,134160
447,-405,135168,-230400,42840
0,-1305,-135168,432128,-66480
-1969,105,0,287744,-33720
-8316,277,0,-1144832,134160
1368,319,-135168,952320,-127440
4979,947,0,-841728,98640
2148,431,0,630784,-73920
-2506,-126,270336,1241088,-113760
3222,-20,139264,-1741824,220440
1074,-1106,143360,12288,15360
-8806,-4244,282624,-510976,93000
-5835,2740,0,635904,-74520
6463,1976,0,-21504,2520
15696,186,0,-242688,-30120
-9039,-2923,0,-427008,108600
-11223,-333,-1105920,625664,-202920
12386,3276,-1253376,870400,-248880
3401,-1043,-798720,-242688,-65160
-3043,-588,0,174080,-20400
-12348,-1136,-2871296,1283072,-486840
12080,4320,0,-472064,55320
15361,-4651,-372736,-1824768,170160
-31681,-1134,0,230400,-27000
3787,4102,0,-55296,6480
18887,-402,0,245760,-28800
-20418,-6505,73728,-1689600,206640
-1378,4824,0,3827712,-448560
15531,293,-286720,-2002944,116880
-14700,-2815,-139264,-1881088,288360
-2726,2330,-765952,4856832,-658920
17605,1701,0,-1893376,221880
-2416,-2515,-1495040,-2420736,108480
-13524,19,0,3907584,-457920
3875,716,-1421312,-332800,-127560
5890,1065,0,-2471936,289680
5280,-754,-491520,-98304,-46080
-537,-1457,0,434176,-50880
-4833,384,-212992,149504,-42480
-5913,1448,0,941056,-138240
1523,497,0,-453632,81120
10387,335,-589824,-1358848,90120
268,-778,-45056,1292288,-156720
-805,-142,0,-681984,79920
-9000,-951,-110592,-97280,-1560
-1496,1219,0,373760,-43800
9690,1292,0,-37888,4440
1343,-237,0,524288,-61440
-2864,-1357,0,-735232,86160
-4861,-1111,0,343040,-40200
-961,219,-122880,343040,-54600
-222,731,0,293888,-34440
-1072,-822,-12288,1079296,-127920
148,1331,0,-441344,51720
998,65,0,181248,-21240
1368,254,0,-17408,2040
7645,-125,12288,303104,-34080
-448,-1640,0,53248,-6240
-1790,-1037,-12288,-758784,87480
-8402,920,0,653312,-76560
111,588,0,567296,-66480
2477,-636,0,1288192,-150960
-407,-922,0,-1509376,176880
1657,882,12288,154624,-16680
4385,973,16384,535552,-60840
1164,-30,12288,-439296,52920
-8980,-2405,0,-986112,107880
-2281,-134,24576,-121856,24840
1471,1516,16384,190464,-20400
6299,1396,0,1861632,-218160
-3641,-1256,12288,-211968,26280
111,-614,0,-1461248,171240
6305,1534,0,104448,-12240
2058,-42,151552,1222656,-125520
-3311,-2070,0,968704,-113520
-7736,-499,0,-1494016,175080
-2453,712,147456,-644096,92760
4398,330,12288,407552,-46320
-740,-699,16384,1412096,-163560
259,925,0,155648,-18240
1775,869,0,-1477632,173160
6555,-278,90112,-131072,25920
-3669,-2296,0,-112640,13200
-4735,-372,0,1246208,-146040
-2069,1877,0,-537600,63000
3141,654,0,130048,-15240
5363,338,0,-162816,19080
-716,-2009,245760,-890880,133200
-4573,-1272,36864,-70656,12600
-2677,1366,0,-400384,46920
-2574,78,217088,580608,-42600
405,-309,122880,666624,-63720
2339,11,0,-876544,102720
2655,138,0,32768,-3840
5857,-229,122880,-1128448,146640
-895,317,0,1424384,-166920
-5738,-969,0,500736,-58680
-4337,-1892,135168,-1509376,192720
-2025,424,167936,137216,3600
4511,2484,0,1096704,-128520
-623,-606,614400,991232,-44160
-2315,-360,163840,-368640,62400
7484,1491,0,-1298432,152160
6444,939,0,329728,-38640
-716,-1638,0,1795072,-210360
-14591,-907,626688,-1854464,290760
-2128,-659,212992,-644096,100440
4549,1092,40960,420864,-44520
2342,-186,0,1399808,-164040
-1719,-431,180224,698368,-60720
1301,362,49152,-1552384,187680
4697,8,45056,-143360,22080
5460,-317,143360,277504,-15720
-8741,-2389,151552,310272,-18600
-6750,-87,0,-1024,120
-1215,2614,0,227328,-26640
6210,-113,368640,344064,2880
1311,-1253,57344,-564224,72840
-1425,-120,110592,141312,-3600
5061,1883,0,-593920,69600
1521,-601,294912,1402880,-129840
-10213,-2120,0,-402432,47160
-2616,-214,0,-1500160,175800
4186,1556,716800,-100352,95760
9717,1548,733184,1558528,-96720
-5269,-1400,401408,-398336,93720
-3037,-1022,602112,-1761280,276960
2371,-22,274432,132096,16680
1479,-124,0,310272,-36360
-6522,-1318,282624,1686528,-164520
-4607,1366,0,-1890304,221520
5059,1163,0,197632,-23160
12943,-307,94208,-220160,36840
-2148,-1191,299008,697344,-46680
-7755,-771,0,-451584,52920
-2778,1042,729088,616448,13200
71,-989,0,-161792,18960
-2218,-609,221184,-586752,94680
1053,2129,0,-441344,51720
5978,2121,0,-7168,840
5828,-3435,0,1568768,-183840
-6826,-679,0,-1205248,141240
-5385,-24,-110592,-640000,66720
3259,347,0,313344,-41400
-311,-644,110592,1268736,-135720
-5955,-718,0,-108544,12720
-2373,1333,0,-1046528,122640
9657,1598,0,306176,-35880
7307,12,0,-435200,51000
-268,-700,0,1136640,-133200
-6264,-1269,0,-722944,84720
-1623,469,-110592,-406528,34680
1253,-619,0,-381952,44760
-5309,-957,-638976,-627712,-1320
-1890,490,0,75776,-8880
302,1871,-1413120,-19456,-163320
9744,435,-339968,1199104,-180360
296,63,-1728512,948224,-313680
-3208,-1367,0,-1664000,195000
620,-143,-1433600,-751616,-79920
2514,817,-303104,524288,-96960
-2034,-739,0,688128,-80640
-4622,-609,-1495040,431104,-225720
-5747,-634,0,-1399808,164040
-1146,1275,0,993280,-116400
3979,821,-1376256,567296,-227760
6379,910,0,1661952,-194760
1786,-596,0,-836608,98040
-370,-158,-266240,776192,-122160
-850,331,0,-1137664,133320
480,1101,0,-875520,102600
1960,-958,0,1566720,-183600
-3374,-1039,28672,-1087488,130800
-7123,-495,0,-921600,108000
1614,769,-40960,-165888,14640
5142,1901,-49152,978944,-120480
8475,1265,-155648,1857536,-235920
-4660,-1754,-73728,-267264,22680
-3250,-1573,0,-2628608,308040
-3676,-554,-86016,-306176,25800
1118,14,0,248832,-29160
465,1184,24576,680960,-76920
-2151,597,0,894976,-104880
-815,283,-12288,-176128,19200
5201,273,0,-1373184,160920
4278,-944,0,191488,-22440
-2020,1380,12288,-195584,24360
-2541,-1316,0,532480,-62400
-4479,-73,0,886784,-103920
2980,1825,-12288,-857088,99000
3670,492,12288,-106496,13920
1146,-2605,0,-121856,14280
-5734,-982,188416,-416768,70920
-3972,-434,0,72704,-8520
453,1342,270336,2048,31440
6480,2666,0,-68608,8040
7507,-2045,430080,116736,36720
1164,975,90112,1488896,-163920
-8412,-1424,262144,-758784,119640
-5470,-1109,143360,-1281024,166920
-84,1118,253952,999424,-87360
3393,897,40960,130048,-10440
4120,176,0,1220608,-143040
-2292,-725,0,454656,-53280
-1941,-119,-20480,-1554432,179760
1697,-524,0,690176,-80880
-28,-1186,40960,960512,-107760
-4991,1066,0,-293888,34440
759,1402,86016,-368640,53280
4345,1788,65536,896000,-97320
7293,-576,143360,1127424,-115320
-4953,-2518,24576,-1519616,180960
-1811,464,229376,-124928,41520
37,-76,0,-39936,4680
-259,-583,110592,1765376,-193920
-8024,-1466,0,368640,-43200
-268,932,266240,-2114560,279000
7844,1597,0,745472,-87360
8597,440,94208,247808,-18000
-2327,-924,0,253952,-29760
-8364,-1697,0,-1572864,184320
-945,-448,0,-139264,16320
1426,920,-28672,643072,-78720
-3935,62,0,-253952,29760
1275,1414,-32768,9216,-4920
10991,1281,-122880,49152,-20160
-3867,-3085,-32768,567296,-70320
-6627,-18,-253952,-1478656,143520
-2783,611,0,-239616,28080
5342,602,0,336896,-39480
2404,581,-327680,1883136,-259080
185,-1093,-241664,-1256448,118920
-1231,-795,0,-1730560,202800
-2263,-313,-102400,456704,-65520
-846,-641,-61440,262144,-37920
-1189,111,-57344,1513472,-184080
381,1313,-147456,-755712,71280
1824,-438,-16384,-1602560,185880
4360,-101,-36864,396288,-50760
-1369,-1696,0,-579584,67920
-3650,-558,-32768,-232448,23400
-5094,582,0,507904,-59520
4238,2726,-32768,757760,-92640
5948,-111,0,1178624,-138120
-184,-1766,-53248,-2147328,245400
-8403,-1296,0,-110592,12960
558,1108,-32768,283648,-37080
4105,1036,-16384,1520640,-180120
1075,113,0,784384,-91920
-622,167,0,-939008,110040
735,-43,0,-1468416,172080
-622,-821,0,504832,-59160
-2852,-669,0,1296384,-151920
-544,-22,-16384,-524288,59520
592,476,0,-396288,46440
1672,1048,-196608,876544,-125760
2178,1408,-131072,-245760,13440
2275,-596,-155648,81920,-27840
-110,311,0,649216,-76080
1341,-214,-184320,188416,-43680
-1563,180,-180224,-753664,67200
-925,-95,-139264,-766976,73560
-74,330,-196608,167936,-42720
-2415,127,-122880,-200704,9120
821,381,0,-113664,13320
2075,193,-294912,-103424,-22440
-665,274,-196608,-137216,-6960
332,767,0,765952,-89760
-2647,550,-36864,633856,-78600
-3200,670,0,-538624,63120
881,189,0,-842752,98760
8991,1364,0,-145408,17040
3490,1202,0,1030144,-120720
-2864,-406,0,1146880,-134400
-3024,-1230,0,-1909760,223800
3382,276,0,-955392,86160
1880,989,0,35840,21600
2058,335,0,494592,-57960
-537,-1541,0,-407552,47760
-895,-605,12288,-261120,32040
-5555,-193,0,459776,-53880
-5032,193,24576,-1056768,126720
2407,752,0,852992,-99960
554,69,12288,-326656,39720
-2254,-246,0,-164864,19320
-1911,573,0,-752640,88200
5792,1506,12288,-19456,3720
5552,-75,12288,231424,-25680
2237,104,24576,1137664,-130440
-2864,-754,12288,-410624,49560
-537,-435,86016,-1065984,135000
179,441,147456,-146432,34440
1253,730,135168,25600,12840
1611,-333,49152,-68608,13800
-358,-856,0,404480,-47400
-6629,-545,122880,-477184,70320
6898,1723,0,-300032,35160
984,280,245760,740352,-57960
-1700,-1328,0,192512,-22560
-2596,-105,0,-68608,8040
1790,749,126976,53248,8640
1790,-877,90112,-942080,120960
-1432,883,0,787456,-92280
-4922,581,53248,171008,-13800
6533,125,0,-550912,64560
626,-956,12288,-391168,47280
-6533,-1930,12288,45056,-3840
448,1877,-12288,-5120,-840
2953,388,0,281600,-33000
-626,-892,12288,-417792,50400
-5396,-1875,0,-477184,55920
-3962,333,0,7168,-840
2890,1942,-24576,578560,-70680
924,290,0,28672,-3360
-2060,-576,36864,-201728,27960
-1980,-584,-24576,-424960,46920
-128,1015,12288,-307200,69240
4131,-396,12288,125952,-45120
1822,1349,-36864,404480,-51720
-1009,462,-12288,137216,-17520
-1479,-83,0,-495616,58080
9916,646,-28672,-37888,1080
89,-269,0,345088,-40440
-2774,-677,-12288,-83968,8400
1432,464,0,-322560,37800
1342,42,-12288,25600,-4440
-2058,-2380,0,156672,-17040
-6690,958,-12288,-130048,12480
2663,743,0,-266240,31200
3848,643,-24576,376832,-47040
-6437,-2147,-53248,110592,-19200
-2547,-817,-49152,-247808,23280
1032,1757,-102400,431104,-62520
7684,1715,0,605184,-70920
-2954,-859,-184320,-507904,37920
-3362,307,-36864,-104448,7920
3899,803,-36864,-250880,25080
4833,-33,-24576,318464,-40200
0,-1535,0,69632,-8160
-3132,-393,-36864,-80896,5160
-5490,-858,0,-510976,59880
-850,1450,-61440,572416,-74280
6250,806,0,-108544,12720
2148,272,-61440,248832,-36360
-1163,-383,-49152,-112640,7440
-2327,96,0,-420864,49320
3848,625,0,-232448,27240
984,-208,24576,435200,-48120
-268,-934,0,604160,-70800
-8141,-1329,122880,-614400,86400
1339,239,122880,-291840,48600
4744,1220,49152,301056,-29520
447,106,0,215040,-25200
-8009,-1562,98304,51200,5520
-813,-317,0,-80896,9480
1590,1223,0,-6144,720
5084,-717,212992,496640,-33240
-6120,-846,155648,-206848,42480
-3906,224,0,-26624,3120
1607,145,90112,-398336,57240
5287,912,0,973824,-114120
-716,-1228,0,-964608,113040
-3836,-19,290816,94208,23040
3376,1414,86016,441344,-41640
7709,-262,0,118784,-13920
-537,-1429,0,184320,-21600
-8910,-737,73728,-752640,96840
6225,1928,0,461824,-54120
3580,1206,110592,594944,-56760
-5728,-1457,0,-99328,11640
-3152,-171,16384,-851968,101760
6106,1968,0,-253952,29760
2685,-363,0,784384,-91920
-1074,-679,0,524288,-61440
-3938,-210,0,-1025024,120120
3848,632,618496,-647168,148320
1342,-450,0,212992,-24960
0,-672,0,477184,-55920
-5638,-479,0,-134144,15720
-2703,-72,1011712,-722944,203280
-1294,631,0,-416768,48840
2834,193,598016,577536,2400
-1688,628,372736,403456,-3600
-3835,-266,131072,-185344,37080
-962,-691,0,-318464,37320
2912,812,688128,-370688,124080
4199,1053,0,386048,-45240
1343,-591,1003520,3072,117240
3311,-180,335872,-305152,75120
-1342,-1183,139264,113664,3000
-5145,-944,0,-1019904,119520
401,-1264,364544,-718848,126960
-1030,973,0,1518592,-177960
-3036,-242,77824,253952,-20640
-1273,-109,-151552,-1162240,118440
962,-147,0,-614400,72000
1684,636,0,1497088,-175440
1109,648,303104,460800,-18480
4538,323,0,-420864,49320
-2775,-1123,401408,34816,42960
2417,-421,0,-301056,35280
2237,31,0,-958464,112320
-984,499,0,1412096,-165480
-4213,-750,0,70656,-8280
-2108,-1579,-81920,-243712,18960
-295,-690,0,-4096,480
-1101,142,0,-271360,31800
-2114,2686,81920,736256,-76680
0,-616,-81920,-75776,-720
1633,-498,0,-176128,20640
1360,-431,249856,152576,11400
-483,-163,-86016,246784,-39000
-1867,869,86016,121856,-4200
3977,893,-86016,-104448,2160
4763,265,0,18432,-2160
2596,-29,0,151552,-17760
-2596,-1484,-81920,45056,-14880
-5207,319,167936,217088,-5760
-555,-476,0,-671744,78720
4062,70,0,448512,-52560
-1917,-549,0,-141312,16560
-6551,-648,-86016,182272,-22560
-1969,1558,0,84992,-18840
3397,1222,-81920,-122880,4800
11425,1122,0,-33792,3960
269,-227,0,1030144,-120720
-2327,-1970,81920,-894976,114480
-4281,220,-81920,-96256,1680
2849,271,0,122880,-14400
-3256,-899,81920,-58368,16440
-4538,-1297,0,931840,-109200
-2785,713,-81920,-1028096,110880
6362,1658,81920,283648,-23640
8244,693,0,-72704,8520
-716,-1503,0,551936,-64680
-7306,-1546,0,-677888,79440
-3742,745,0,-389120,45600
764,679,-81920,605184,-76680
2201,-416,0,-144384,13080
-3220,-334,0,497664,-58320
-2369,400,0,-792576,92880
9376,548,0,420864,-49320
5907,-38,-81920,-31744,-5880
-5191,-1908,0,281600,-33000
-7468,-169,-159744,-467968,36120
-1626,438,-311296,-322560,1320
2927,1171,0,958464,-112320
1110,-813,-851968,-419840,-50640
369,83,-131072,-18432,-13200
4241,1242,0,314368,-36840
3043,426,0,-148480,17400
-9696,-1346,-552960,-8192,-63840
-5031,-1493,0,32768,-3840
2633,1384,0,716800,-84000
3388,240,0,-125952,14760
2310,-328,-225280,1660928,-221040
-2254,-697,-106496,-492544,45240
3474,740,0,-331776,38880
6339,-772,-1167360,103424,-148920
-2237,-1021,-708608,326656,-121320
-8255,-667,-122880,718848,-98640
-4706,705,-147456,-1105920,112320
920,1163,0,863232,-101160
6386,337,-81920,633856,-83880
1146,-1038,0,-1074176,125880
2182,578,-311296,836608,-134520
895,-25,0,674816,-79080
-895,-609,-315392,-76800,-27960
-3698,-1000,-40960,43008,-9840
-2880,-728,-499712,-552960,6240
-1711,17,0,-442368,51840
-3113,1435,-262144,756736,-119400
3874,1425,-118784,881664,-117240
5568,815,0,755712,-88560
-924,-491,0,1691648,-198240
-4953,-694,-557056,-415744,-16560
-3602,1692,-311296,-1275904,113040
6595,850,-110592,300032,-48120
6455,739,0,1337344,-156720
2685,-1248,0,497664,-58320
-4654,-4,-405504,431104,-98040
-2896,320,0,-1207296,141480
6923,312,0,35840,-4200
1074,-650,-122880,88064,-24720
-6962,-794,-12288,420864,-50760
370,350,0,175104,-20520
2386,354,0,377856,-44280
-3200,-1074,0,-779264,91320
-5388,177,0,-380928,44640
-666,1101,0,-81920,9600
5981,410,0,2064384,-146160
-2456,75,0,-577536,-28080
-1754,1036,0,-102400,12000
10257,1044,0,813056,-39120
-2327,-1743,0,-408576,-8280
-2796,951,0,-1277952,149760
7808,1020,0,1900544,-222720
-537,-1332,0,320512,-37560
-6533,-942,0,-2412544,282720
2953,1489,0,64512,-7560
-5170,-1808,0,2368512,-277560
-6319,1686,0,-1050624,123120
13637,2414,0,278528,-32640
1343,-322,0,750592,-87960
-1432,300,0,-509952,59760
2058,-650,0,-121856,14280
0,-425,0,-288768,33840
-7956,-316,0,-1116160,130800
2139,1359,0,106496,-12480
4385,-457,0,1069056,-125280
-8705,1220,0,-492544,57720
4230,100,0,1014784,-118920
5728,128,0,-118784,13920
-1432,129,0,-1800192,210960
1164,682,0,930816,-109080
447,-2215,0,206848,-24240
-6265,-893,0,-249856,29280
-1163,1905,0,248832,-29160
3938,703,0,421888,-49440
-5205,-1152,0,-1226752,143760
6816,223,0,927744,-108720
5011,408,0,1220608,-143040
-3490,-346,0,-908288,106440
269,1302,0,-1601536,187680
89,-1435,0,1281024,-150120
-8363,-816,0,463872,-54360
-1072,964,0,-1245184,145920
9256,1692,0,752640,-88200
-4654,-1592,0,35840,-4200
-4084,-21,0,-1383424,162120
8470,1465,0,1105920,-129600
-1343,203,0,-585728,68640
537,-27,0,-677888,79440
3669,-650,0,578560,-67800
-2505,-3019,0,-1728512,80880
-2148,2695,0,407552,73920
1342,722,0,462848,-54240
-2327,-2945,0,-1147904,134520
-5991,1273,0,-434176,50880
7871,1590,12288,2115584,-246480
-1343,-410,0,-685056,80280
-3580,78,12288,-1204224,142560
6265,501,0,1445888,-169440
-447,-231,-12288,201728,-25080
-2148,442,0,-2857984,334920
6443,-246,0,1793024,-210120
-3222,-1563,12288,1185792,-137520
-3042,265,0,-2573312,301560
2416,1203,0,-290816,34080
-89,-2415,0,754688,-88440
-9827,546,12288,-282624,34560
8753,1833,0,977920,-114600
-1522,-1925,0,-421888,49440
-6269,921,12288,-1442816,170520
6717,582,0,2428928,-284640
-3491,700,110592,-1496064,188280
5728,565,0,-181248,21240
1432,-984,73728,2379776,-270240
-1790,271,0,-3856384,361440
1790,-407,307200,1244160,-19320
-1432,-334,73728,-249856,37920
-3580,111,0,-1014784,118920
3848,655,360448,552960,-22560
-6175,-3070,192512,181248,1320
806,1974,282624,-680960,112920
1879,1240,0,-35840,4200
-6952,-1382,217088,-1166336,162120
9816,1745,0,1674240,-196200
90,-170,122880,582656,-53880
-3491,460,45056,-1202176,146160
5549,-967,0,-684032,80160
-2237,394,0,259072,-30360
1521,560,258048,-698368,112080
-537,-2983,225280,184320,4800
-1432,1296,319488,-55296,43920
-89,225,167936,-572416,86760
-7564,-2050,458752,-752640,141960
6758,2869,94208,1018880,-108360
-2148,-687,0,711680,-83400
-3043,799,155648,-1309696,171720
6981,-314,0,732160,-85800
-4743,11,0,-934912,109560
4743,512,-61440,39936,-11880
895,-1686,0,1366016,-160080
-1163,1626,-94208,-1219584,131880
2237,-1165,-32768,-58368,3000
-3490,-1802,-28672,-437248,47880
447,2100,0,-1049600,123000
806,-1451,-118784,863232,-115080
-7947,361,0,69632,-8160
6157,899,0,118784,-13920
-9074,-2054,-446464,-588800,16680
3704,1335,-290816,-755712,54480
2416,1015,0,1016832,-119160
-2506,-120,-507904,273408,-91560
5818,-116,0,160768,-18840
-5549,-122,0,-577536,67680
6981,293,-282624,996352,-149880
-1522,-258,0,-949248,111240
1701,316,0,558080,-65400
-1611,-389,-45056,283648,-38520
-4565,-441,0,-850944,99720
4386,550,-40960,527360,-66600
-6188,-66,0,-433152,50760
2339,-244,0,-124928,14640
6981,540,-45056,165888,-24720
-1969,-2427,-40960,-624640,68400
716,3024,0,-515072,60360
1074,-14,-98304,1224704,-155040
-1790,-235,-94208,-1024,-10920
-7462,-556,0,-365568,42840
6657,54,-172032,245760,-48960
-2864,-1924,-12288,-519168,59400
4474,2643,0,370688,-43440
-89,-598,0,907264,-106320
-8732,-675,0,-799744,93720
8374,1137,-12288,-640000,73560
358,-217,0,1016832,-119160
-537,671,0,54272,-6360
90,-145,0,208896,-24480
-3401,-1470,0,-492544,57720
3937,1468,0,159744,-18720
-3400,-964,0,-138240,16200
-2417,-396,0,76800,-9000
6175,1050,0,206848,-24240
-1342,-451,0,613376,-71880
-5907,-556,0,-1141760,133800
6802,235,36864,6144,3600
0,-103,0,294912,-34560
-2058,1404,77824,-104448,21360
358,-606,0,-153600,18000
1253,-1047,28672,-425984,53280
0,1803,0,475136,-55680
447,-537,0,382976,-44880
-3759,-629,-12288,-608256,69840
2775,412,-16384,-803840,92280
3221,252,0,739328,-86640
-2595,-13,0,160768,-18840
-7450,-977,0,-24576,2880
7003,896,0,-917504,107520
1700,-42,28672,1020928,-116280
-1611,82,12288,12288,-5880
-7573,-785,28672,107520,-3360
5962,474,36864,-517120,64920
3222,442,16384,165888,-17520
-627,-337,-16384,236544,-29640
-2326,429,0,-114688,13440
-5281,-441,-12288,-87040,8760
3043,-404,0,-297984,34920
3401,329,0,-908288,106440
716,185,0,427008,-50040
179,220,0,188416,-22080
0,89,-40960,-21504,-2280
89,-376,0,221184,-25920
895,-459,16384,-306176,37800
90,-57,0,-222208,26040
-358,213,12288,74752,-7320
-537,527,0,107520,-12600
-805,402,0,-160768,18840
-2775,-588,0,452608,-53040
-3580,-1085,12288,-532480,63840
2864,886,0,-20480,2400
1253,-36,12288,-395264,47760
448,65,40960,-1020928,124440
1879,689,0,1001472,-117360
537,-79,196608,-72704,31560
179,244,0,843776,-98880
-179,-114,118784,248832,-15240
447,-78,0,-219136,25680
-1073,45,90112,-263168,41400
-1522,-66,49152,158720,-12840
-2327,33,180224,322560,-16680
2596,-1032,53248,-467968,61080
-716,-45,0,-324608,38040
2506,749,0,56320,-6600
268,795,143360,620544,-55920
805,-91,16384,617472,-70440
-626,-194,57344,115712,-6840
-984,-12,0,-71680,8400
-1164,16,0,-117760,13800
-4206,-1811,0,-100352,11760
1790,1170,450560,46080,47400
3759,747,0,-83968,9840
447,448,24576,-27648,6120
2953,-412,0,322560,-37800
448,-113,49152,267264,-25560
-2238,832,0,367616,-43080
-1252,208,0,-57344,6720
-985,181,-24576,-454656,50400
1074,215,24576,545792,-61080
-447,-928,0,-167936,19680
-90,277,49152,236544,-21960
-537,-310,0,25600,-3000
537,-70,0,-699392,81960
0,117,1220608,-8192,144000
895,-467,0,62464,-7320
2058,-426,0,90112,-10560
-2148,-474,0,-176128,20640
-1879,-712,0,-164864,19320
-179,-144,0,-113664,13320
-1342,-445,-36864,125952,-19080
626,-133,0,-149504,17520
-984,89,36864,130048,-10920
-3491,-156,0,-262144,30720
4386,692,0,-445440,52200
626,268,-36864,756736,-93000
-2595,-324,0,-276480,32400
1342,-55,0,-680960,79800
2417,574,0,287744,-33720
-985,267,-40960,-169984,15120
269,-641,40960,-382976,49680
-627,-313,0,62464,-7320
-1253,-472,0,440320,-51600
90,-1206,77824,-1009664,127440
-985,1465,0,110592,-12960
448,-463,-77824,394240,-55320
-1880,-680,0,-720896,84480
-716,136,-921600,-817152,-12240
4475,975,0,1505280,-176400
1790,1059,0,1095680,-128400
179,170,0,306176,-35880
0,316,-1470464,44032,-177480
-805,329,-73728,311296,-45120
0,145,0,498688,-58440
-5460,-123,-749568,929792,-196800
-447,-323,-49152,543744,-69480
3938,698,-442368,-103424,-39720
2774,289,0,-186368,21840
984,287,-282624,134144,-48840
-268,607,0,425984,-49920
1432,-37,-24576,-450560,49920
805,297,0,614400,-72000
-2953,-571,0,-66560,7800
-1074,-521,0,-840704,98520
-1074,1982,0,1370112,-160560
1701,256,0,434176,-50880
358,212,0,376832,-44160
626,384,0,-410624,48120
537,139,0,509952,-59760
-716,556,-16384,687104,-82440
-179,75,0,-907264,106320
716,572,-12288,-1303552,151320
-269,1000,0,63488,-7440
-537,15,0,-489472,57360
6623,2506,12288,720896,-58440
1836,550,0,-666624,53520
-1478,534,0,909312,-106560
1810,771,0,-412672,48360
-1989,980,0,-689152,80760
843,759,0,-692224,81120
-1380,205,16384,-559104,67440
-2864,-333,0,-44032,5160
1253,1111,0,-76800,9000
2775,2817,0,526336,-61680
4321,419,0,-429056,50280
4896,86,0,1067008,-125040
-628,-790,0,-591872,69360
-824,-399,0,124928,-14640
1075,2248,0,406528,-47640
63,-118,0,-374784,43920
845,-888,0,242688,-28440
433,-175,0,709632,-83160
-1696,811,0,-156672,18360
-4730,576,0,181248,-21240
368,109,0,486400,-57000
-311,366,0,312320,-36600
3882,934,0,362496,-42480
2054,409,0,-56320,6600
-1242,574,0,735232,-86160
63,-300,0,-1646592,197040
1103,32,0,-766976,85800
208,237,0,-319488,37440
3312,354,0,438272,-51360
834,-447,0,644096,-75480
-5416,-1399,0,419840,-49200
-2129,-600,0,-930816,109080
809,550,0,844800,-99000
-571,2046,0,1258496,-147480
1285,-591,0,64512,-7560
983,-779,0,-56320,19080
-1602,-620,0,104448,-24720
-1094,-269,0,-1239040,145200
1023,1690,0,462848,-54240
-238,-163,0,587776,-68880
1890,-340,0,-201728,23640
4675,-280,0,482304,-56520
-1106,-1676,0,-894976,104880
-1939,634,0,722944,-84720
-584,-376,0,7168,-840
-2722,-713,0,625664,-73320
-214,-965,0,-862208,101040
404,1216,0,1354752,-158760
-2169,-295,0,586752,-68760
-622,-1320,0,-601088,70440
-2772,-819,0,187392,-21960
-1828,-724,0,-906240,106200
275,3185,0,828416,-97080
5571,-196,0,-388096,45480
1046,-414,0,138240,-16200
856,-688,0,18432,-2160
313,-412,0,151552,-17760
-2334,1197,0,110592,-12960
1379,-312,0,-1757184,168600
1750,-31,0,161792,18360
972,-454,0,473088,-55440
2030,-2090,0,-811008,95040
-2960,904,0,795648,-93240
-3676,-672,0,-893952,104760
-1669,-565,0,-579584,67920
-1466,-131,0,-91136,10680
850,329,0,351232,-41160
-628,128,0,718848,-84240
1923,-457,0,-1596416,187080
2850,-593,0,-300032,35160
-1189,-1967,0,75776,-8880
-5581,-899,-16384,244736,-30600
-4697,-372,0,-316416,37080
-1522,-410,16384,-689152,82680
6663,1373,0,647168,-75840
2910,682,0,-485376,56880
-311,-1037,12288,825344,-95280
-1638,-196,24576,-568320,69480
703,-106,98304,-1139712,145080
1416,-269,380928,-245760,73440
-677,-452,73728,76800,-360
-2440,-389,0,393216,-46080
-6536,-1538,348160,79872,31440
-1522,-389,0,-652288,76440
358,822,0,142336,-16680
10675,-40,360448,149504,24720
2651,1334,0,172032,-20160
-5109,-2535,122880,-143360,31200
-8843,-1318,69632,-660480,85560
-358,194,86016,-482304,66600
6712,2662,0,735232,-86160
8145,383,102400,160768,-6840
-1698,-1079,0,-196608,23040
-11280,-3543,253952,-398336,76440
-3669,706,466944,-345088,95160
3938,890,61440,626688,-66240
9398,933,0,290816,-34080
-1383,-1609,0,-758784,88920
-8642,-2413,0,279552,-32760
-1879,1518,0,1157120,-135600
716,111,65536,-40960,12480
984,-1271,0,-706560,82800
1880,-870,0,-615424,72120
2506,278,0,-19456,2280
-1074,584,0,1437696,-168480
-3670,-1013,0,-112640,13200
-89,-371,20480,1187840,-136800
895,1578,0,343040,-40200
3938,500,-126976,-1552384,167040
-1969,-837,0,-223232,26160
-3401,-972,-724992,572416,-152040
-1074,257,-217088,472064,-80760
0,1417,-233472,335872,-66720
716,-296,0,-1353728,158640
358,168,-307200,105472,-48360
179,-735,0,529408,-62040
-268,-450,-225280,189440,-48600
-2059,731,-12288,963584,-114360
895,81,0,-1687552,197760
1342,-78,12288,488448,-55800
3043,-47,98304,268288,-19920
-2148,-762,24576,-35840,7080
-984,-159,12288,-278528,34080
0,481,12288,1411072,-163920
9990,1584,-24576,-43008,2160
-3815,-1496,0,-1080320,126600
-6533,-964,-24576,-208896,21600
179,550,0,3109888,-364440
3848,1379,0,-1040384,121920
-1432,-2075,86016,-1816576,222960
-7249,-1852,90112,-676864,89880
-4793,220,126976,1675264,-181440
9805,3245,196608,108544,10320
3580,-1684,81920,-1380352,171360
-9308,-1315,0,-667648,78240
-4409,2358,0,2006016,-235080
22938,2022,-24576,-951296,108600
-12264,-7322,0,-1396736,163680
-19449,2148,81920,1238016,-135480
28051,5493,0,108544,1920
-591,-4416,114688,-1498112,174360
-25115,-3218,57344,1272832,-142440
25854,3344,0,-919552,107760
740,-226,90112,-78848,19800
-19499,-1451,110592,1687552,-184800
13947,3883,94208,-1238016,156120
-4207,-3269,0,-1925120,225600
-8298,1026,192512,4002816,-446520
20321,606,352256,-1449984,211200
-15423,-3662,176128,-1120256,151920
-2775,3419,45056,1892352,-216480
22119,1913,0,-1085440,127200
-15586,-3281,409600,97280,36600
-12550,2139,0,-369664,43320
24951,2485,0,293888,-34440
-4849,-5640,1077248,-1173504,263760
-20045,3128,385024,1064960,-79680
21709,1195,0,622592,-72960
-8410,-6271,1134592,-1825792,346920
-16121,1432,0,348160,-40800
27857,7036,0,1971200,-231000
-3215,-2738,0,-924672,108360
-22556,-3592,-118784,-715776,69960
19136,4278,0,606208,-71040
2791,-4084,-110592,-2313216,258120
-25285,-5181,0,826368,-96840
5897,9910,0,709632,-83160
20998,-1715,-110592,-78848,-3720
-9055,-3777,53248,-479232,62400
-1879,2405,0,-377856,44280
1074,604,0,675840,-79200
2327,-576,-106496,453632,-65640
-3222,-697,-262144,-397312,15840
179,820,-434176,-713728,32760
805,264,-737280,667648,-164640
-358,-973,-741376,94208,-97920
-447,-866,-843776,133120,-114480
0,-102,-237568,71680,-36240
-3580,-559,-311296,-41984,-31560
-3580,-1023,-561152,-344064,-25440
-1930,1705,-114688,556032,-78600
3541,692,0,49152,-5760
5191,1154,-376832,-145408,-27120
895,-1368,0,13312,-1560
-895,-906,-12288,-18432,720
-1700,2128,-12288,579584,-69360
805,383,0,618496,-72480
1969,690,-196608,-114688,-9600
-358,-1815,0,-1261568,147840
-6981,-390,-405504,1722368,-249360
-5319,191,-36864,169984,-24240
9347,973,0,-583680,68400
4743,-1175,-12288,-1231872,142920
-5549,-2090,0,838656,-98280
-895,1630,0,907264,-106320
9845,1923,0,180224,-21120
-5370,-2357,0,-1532928,179640
-9306,-386,0,1140736,-133680
4921,3133,0,1862656,-218280
5459,-1442,-16384,-2241536,260760
-4027,-943,0,-361472,42360
-10837,-1676,-12288,1269760,-150240
11374,3506,-12288,-118784,12480
2774,-1422,-159744,-1979392,213240
-10995,-1327,-73728,1323008,-163680
-4304,-136,-196608,870400,-125040
12972,2288,-24576,-1454080,167520
3580,-1134,-86016,-521216,51000
-11546,645,12288,2583552,-281040
-1592,-575,61440,-595968,56760
10006,997,49152,-1468416,177840
1789,-1920,110592,-325632,51120
-3400,-2889,0,272384,-31920
-5657,1641,159744,507904,-40800
6194,2685,0,-415744,48720
4295,-241,0,-104448,12240
-2416,-3116,0,-146432,17160
-5638,-676,188416,-110592,35040
-90,3581,0,527360,-61800
8502,705,0,660480,-77400
448,-1946,0,-1202176,140880
-4385,-635,0,-362496,42480
-5460,2568,0,644096,-75480
6802,302,0,1017856,-119280
3222,-1038,0,-1110016,130080
-7249,-1355,0,113664,40320
-9255,-44,0,1489920,-228240
10866,1862,0,-584704,68520
4027,-587,0,-1316864,154320
-6981,-2213,0,-505856,59280
-7629,477,0,717824,-84120
12910,2947,0,-861184,100920
1968,-2106,0,-231424,27120
-3400,-1202,0,-770048,90240
-9319,100,0,1007616,-118080
9856,2834,0,-120832,14160
5548,-1477,0,-1165312,136560
-4564,-234,0,697344,-81720
-5459,226,0,569344,-66720
5459,1891,0,-179200,21000
7249,1199,0,-824320,96600
-6354,-1697,0,739328,-86640
-8666,-1178,0,-96256,11280
-3644,127,0,-434176,50880
10341,1150,0,-151552,17760
2595,-1724,626688,-834560,171240
-5101,-218,270336,327680,-6720
-7325,186,708608,371712,39480
9921,1488,32768,400384,-43080
3937,-429,888832,-1527808,283200
-3311,-3512,204800,-436224,75120
-3490,1956,1777664,1721344,6600
1969,2741,892928,2048,104400
9576,-99,0,-1091584,127920
-3580,-1431,0,365568,-42840
-9218,339,4816896,886784,460560
-448,212,0,-527360,61800
5907,276,0,-636928,74640
716,-1796,2347008,579584,207120
-7428,-1846,2547712,-626688,372000
-4486,2341,0,515072,-60360
10303,1074,4665344,-86016,556800
3132,-1312,0,-701440,82200
-11032,-2440,0,-1699840,199200
-2864,1352,-827392,2356224,-373080
11212,1720,-4481024,-506880,-465720
8193,-546,0,-2030592,237960
-11505,-2409,-5103616,1041408,-720120
-2506,2508,0,1839104,-215520
5907,-550,0,-1967104,230520
3580,-254,-5541888,-959488,-537000
-3669,-1596,-2113536,664576,-325560
-9642,-208,-147456,1978368,-265680
6420,3092,-1097728,-382976,-67200
3669,269,0,-843776,98880
1432,-1603,-466944,-119808,-40680
-3132,-2039,0,1168384,-136920
-9239,320,0,714752,-83760
10581,3263,0,-77824,9120
3848,-1706,0,-536576,62880
-6712,-1242,0,516096,-60480
-11682,-330,0,-375808,44040
6368,1681,0,-104448,12240
8178,-470,0,671744,-78720
-7697,-2440,0,-1968128,230640
-5898,111,0,1013760,-118800
6614,2837,0,862208,-101040
8502,-763,0,-1894400,222000
-3937,-3604,0,480256,-56280
-7869,1076,0,1947648,-228240
1996,2716,0,-139264,16320
8557,184,0,-749568,87840
895,-1750,0,102400,-12000
-6175,-333,0,1047552,-122760
-4497,563,0,-311296,36480
1627,1334,0,-396288,46440
7524,314,0,-156672,18360
-89,-1350,0,696320,-81600
-8729,-1471,0,-71680,8400
-4467,-338,0,-751616,88080
8273,2408,0,230400,-27000
5012,212,0,-416768,48840
-268,-2497,36864,-265216,35400
-7404,-848,0,-625664,73320
-3300,745,0,1297408,-152040
7034,1951,282624,-661504,110640
4564,-382,159744,-1252352,165480
-268,-1211,0,945152,-110760
-9916,-1133,12288,1295360,-150360
-480,1912,0,-546816,64080
10396,1069,0,-230400,27000
0,-1136,0,541696,-63480
-5280,-1324,24576,-169984,22800
-9243,-527,0,-435200,51000
2373,816,122880,7168,13560
4811,912,24576,-168960,22680
4744,-1092,0,4096,-480
-1253,-303,110592,-854016,113040
-4958,-685,0,764928,-89640
-4221,-225,73728,368640,-34560
-2600,-47,65536,220160,-18120
4665,1205,176128,360448,-21600
751,-140,208896,-461824,78600
591,-1124,40960,-886784,108720
1183,-1092,0,-411648,48240
-2949,1378,0,933888,-109440
879,-504,282624,976896,-81360
-37,-115,0,47104,-5520
4548,728,200704,-209920,48120
1163,-635,163840,82944,9480
-3345,-1571,69632,194560,-14640
-7449,-650,0,-1329152,155760
1128,648,0,1393664,-163320
5508,2938,0,228352,-26760
7112,-2280,16384,-606208,72960
-8591,-1828,0,-125952,14760
-7701,-408,-16384,-38912,2640
5540,2030,0,1032192,-120960
8067,1647,0,229376,-26880
-537,-1910,0,-122880,14400
-3040,-1818,-86016,-254976,19800
-2991,-514,-147456,97280,-28680
-2772,149,-81920,37888,-14040
764,517,-45056,1772544,-149640
-550,-1104,-540672,-377856,-82440
-2187,-94,0,-806912,94560
2935,441,-540672,-162816,-44280
1697,-150,-577536,723968,-152520
627,-1163,-24576,1470464,-175200
-6388,-7,-12288,-804864,92880
-3431,923,0,-1132544,132720
11409,2007,0,973824,-114120
8044,1404,0,2985984,-349920
-627,-2270,0,-1484800,174000
-15437,-1214,0,-584704,68520
899,310,0,1927168,-225840
4763,979,0,2370560,-277800
8522,2091,0,-3302400,387000
1253,-1925,0,2169856,-254280
-16748,-1888,0,-172032,20160
2063,3819,0,-364544,427