R
StartTickMs,measCycleMs,Px,Ix,Dx,Py,Iy,Dy,Pz,Iz,FFrx,FFry,FFdrx,FFdry,satI,satPID,KFQAng,KFQbias,KFRmeas,CPx,CIx,CPy,CIy,CsatI,CsatPID,CFFdrx,CFFdry,IRelaxX,IRelaxY,DmaxR,DmaxE,DMx,DMy
54197,10,58,70,47,58,70,47,250,0,0,0,100,100,500000,15000000,500,1,10000,10,0,10,0,100000,1000000000,0,0,4096,4096,0,0,0,0
aPT1P,aKFPT11P,PIDCRefXi,PIDCSensXi,PIDCUXi
-5459,-4639,0,5137408,-20068
0,-36,0,0,0
0,-125,0,0,0
0,-106,0,0,0
0,-83,0,0,0
0,-63,0,0,0
0,-42,0,0,0
0,-41,0,0,0
0,102,0,0,0
0,389,0,0,0
0,-50,0,0,0
0,-120,0,0,0
0,-106,0,0,0
0,-78,0,0,0
0,-59,0,0,0
0,-43,0,0,0
0,-40,0,0,0
0,217,0,0,0
0,293,0,0,0
0,-83,0,0,0
0,-120,0,0,0
0,-101,0,0,0
0,-74,0,0,0
0,-56,0,0,0
0,-43,0,0,0
0,-38,0,0,0
0,306,0,0,0
0,205,0,0,0
0,-99,0,0,0
0,-120,0,0,0
0,-95,0,0,0
0,-69,0,0,0
0,-55,0,0,0
0,-43,0,0,0
0,-34,0,0,0
0,400,0,0,0
0,111,0,0,0
0,-113,0,0,0
0,-121,0,0,0
0,-89,0,0,0
0,-66,0,0,0
0,-54,0,0,0
0,-37,0,0,0
0,-36,0,0,0
0,452,0,0,0
0,46,0,0,0
0,-121,0,0,0
0,-111,0,0,0
0,-89,0,0,0
0,-64,0,0,0
0,-48,0,0,0
0,-40,0,0,0
0,-31,0,0,0
0,502,0,0,0
0,-19,0,0,0
0,-119,0,0,0
0,-112,0,0,0
0,-84,0,0,0
0,-59,0,0,0
0,-45,0,0,0
0,-39,0,0,0
0,142,0,0,0
0,358,0,0,0
0,-65,0,0,0
0,-126,0,0,0
0,-105,0,0,0
0,-73,0,0,0
0,-60,0,0,0
0,-42,0,0,0
0,-35,0,0,0
0,304,0,0,0
0,201,0,0,0
0,-93,0,0,0
0,-126,0,0,0
0,-90,0,0,0
0,-73,0,0,0
0,-56,0,0,0
0,-41,0,0,0
0,-36,0,0,0
0,419,0,0,0
0,85,0,0,0
0,-116,0,0,0
0,-119,0,0,0
0,-87,0,0,0
0,-68,0,0,0
0,-49,0,0,0
0,-37,0,0,0
0,-32,0,0,0
0,495,0,0,0
0,-10,0,0,0
0,-126,0,0,0
0,-114,0,0,0
0,-79,0,0,0
0,-63,0,0,0
0,-43,0,0,0
0,-41,0,0,0
0,178,0,3656704,-323452
0,322,0,247808,-9680
0,-69,0,-53248,2080
0,-124,0,-97280,3800
0,-102,0,-78848,3080
0,-76,0,-56320,2200
0,-57,0,-41984,1640
0,-42,0,-33792,1320
0,-36,0,-28672,1120
0,333,0,253952,-9920
0,175,0,137216,-5360
0,-102,0,-71680,2800
-806,-487,0,16384,-640
-179,-736,0,258048,-10080
179,-26,0,203776,-7960
358,93,0,509952,-19920
269,-580,0,-314368,12280
537,833,0,-66560,2600
-1522,-516,0,991232,-38720
806,109,0,40960,-1600
-1343,-470,0,212992,-8320
-179,77,0,-187392,7320
2059,469,0,44032,-1720
-537,-386,0,103424,-4040
-1074,-538,0,-130048,5080
-1287,955,0,789504,-30840
1376,-963,0,-1408000,55000
-932,1080,0,1167360,-45600
2006,-547,0,-318464,12440
-2302,-629,0,-91136,3560
2929,954,0,147456,-5760
-2059,-496,0,-498688,19480
-179,287,0,394240,-15400
179,253,0,-204800,8000
-574,28,0,134144,-2920
3170,-59,0,143360,-7920
-1522,-331,0,-1024,40
-1722,-52,0,146432,-5720
201,-257,0,-348160,13600
-830,-122,0,58368,-2280
222,638,0,132096,-5160
1950,-163,0,-820224,32040
-1469,410,0,-257024,10040
1648,1175,0,113664,-4440
2327,-1412,0,462848,-18080
-805,-189,0,-4096,160
-3281,-445,0,432128,-16880
1759,1,0,-62464,2440
-626,-201,0,-425984,16640
-1318,87,0,38912,-1520
1944,902,0,-147456,5760
-447,-57,0,-474112,18520
447,-5,0,755712,-29520
1611,400,0,360448,-14080
537,-228,0,-204800,8000
-1611,-684,0,-204800,8000
-1790,-422,0,-105472,4120
0,-401,0,-79872,3120
-1467,-608,0,-112640,4400
1646,117,0,-200704,7840
-796,1500,0,-304128,11880
-5520,1170,0,678912,-26520
4115,-1404,0,393216,-15360
9361,1101,0,-1805312,70520
-5370,1383,0,2354176,-91960
-7459,-2242,0,-1910784,74640
9339,-219,0,323584,-12640
-5797,-1325,0,-162816,6360
9376,3942,0,1111040,-43400
-18071,-7188,0,-1345536,52560
19235,5900,0,-71680,2800
-21081,-3021,0,717824,-28040
22065,4530,0,415744,-16240
-23444,-6025,0,-1582080,61800
21207,8135,0,3346432,-130720
-9805,-8129,0,-6002688,234480
-6219,4196,0,5105664,-199440
22199,2798,0,-2425856,94760
-19032,-2997,0,1411072,-55120
-1618,1491,0,301056,-11760
23244,798,0,-2182144,85240
-14765,-3603,0,-531456,20760
-12589,1208,0,1797120,-70200
17601,2400,0,-2166784,84640
358,-1981,0,-1811456,70760
-9659,-220,0,2781184,-108640
10196,1752,0,-2210816,86360
268,-1746,0,-1594368,62280
-8505,-229,0,1481728,-57880
4925,2262,0,-250880,9800
3490,-1336,0,-2116608,82680
-9117,-1616,0,125952,-4920
-2783,2223,0,792576,-30960
11543,1390,0,-3391488,132480
-5460,-3906,0,58368,-2280
-7891,653,0,2075648,-81080
12724,3045,0,-592896,23160
448,-1506,0,-1235968,48280
-14290,-654,0,399360,-15600
14826,3588,0,-674816,26360
1969,-1319,0,-970752,37920
-10864,-2379,0,236544,-9240
-4051,2216,0,210944,-8240
13125,1969,0,-218112,8520
2238,40,0,205824,-8040
-3311,-1117,0,214016,-8360
-8223,-391,0,-21504,840
4732,995,0,-236544,9240
3849,268,0,-159744,6240
-269,-85,0,-7168,280
-447,46,0,-123904,4840
-269,-181,0,-77824,3040
-447,-780,0,-235520,9200
179,363,12288,733184,-28160
-3580,-291,24576,136192,-4360
-2454,-675,0,216064,-8440
-1849,-949,110592,-504832,24040
888,450,0,-92160,3600
4131,760,0,16384,-640
3759,170,503808,-104448,23760
447,-849,36864,128000,-3560
-3669,204,0,84992,-3320
-4114,-493,86016,148480,-2440
1966,-899,0,179200,-7000
-2299,-918,0,310272,-12120
-2743,-128,-12288,500736,-20040
85,513,-12288,-954368,36800
3525,696,-12288,-268288,10000
6623,-343,-24576,424960,-17560
-716,-1198,0,-299008,11680
-6515,86,0,685056,-26760
-7182,5,-12288,228352,-9400
1516,434,0,-259072,10120
13881,1390,0,-796672,31120
0,-2806,0,-153600,6000
-9657,-1190,-12288,444416,-17840
-3796,3012,0,925696,-36160
12648,1858,0,-647168,25280
1879,-2935,0,66560,-2600
-13281,-1317,0,247808,-9680
-3817,1013,86016,-141312,8880
13876,2203,0,-505856,19760
3759,-1162,12288,-432128,17360
-10935,-2415,0,-14336,560
-10331,-1631,-12288,604160,-24080
6854,3895,0,-29696,1160
12890,882,-12288,-1028096,39680
-2058,-3599,-12288,1724416,-67840
-12197,-577,0,-57344,2240
476,2175,0,529408,-23960
11811,1076,0,-588800,26280
1879,-687,-12288,-1384448,53600
-15376,-4324,12288,166912,-6040
-3778,380,0,191488,-7480
7570,3709,0,662528,-25880
11584,-1952,-12288,-994304,38360
-984,756,0,217088,-8480
-18308,-1782,0,160768,-6280
4960,1771,-12288,381952,-15400
9052,1681,0,1389568,-54280
537,-1577,0,-1854464,72440
-806,-1303,-12288,-1191936,46080
-7195,-459,0,2101248,-82080
-2841,680,0,1463296,-57160
2501,618,0,-1525760,59600
12458,202,0,-337920,13200
-3938,-1951,-122880,220160,-13400
-12066,-368,0,-261120,10200
2417,2713,0,126976,-4960
8127,555,0,-486400,19000
-179,-2442,-184320,-405504,8640
985,1019,-36864,184320,-8640
2864,-1083,-61440,374784,-17040
-11893,-1247,-12288,309248,-12560
-2405,368,0,-343040,13400
5948,671,-135168,-35840,-3880
-1808,-819,0,458752,-17920
1845,1910,-110592,-563200,17680
9118,1474,0,191488,-7480
-1342,-1618,-24576,-353280,12840
-5484,-881,0,-29696,1160
1188,305,12288,512000,-19520
4743,-194,0,239616,-9360
-10970,-1506,0,-403456,15760
-3846,908,12288,241664,-13720
2776,1126,73728,-68608,10320
1293,-1147,24576,-29696,2120
-4296,-206,98304,-258048,13920
12985,3185,24576,287744,-11320
4117,-491,0,37888,-440
-11392,-2055,98304,44032,2120
1110,-698,0,719872,-28120
-459,-1145,36864,316416,-10920
-6285,1770,0,-293888,11480
8482,1627,12288,-397312,16000
-37,-2923,0,-414720,16200
-1738,96,0,465920,-18200
5307,570,0,15360,-600
-11338,-1120,0,1104896,-43160
-1449,818,-12288,-749568,28800
11265,667,0,-728064,28440
448,-1452,0,4096,-160
-4372,-318,-24576,155648,-7040
805,-117,0,-40960,1600
-4851,-2198,0,730112,-28520
-5582,-905,0,-1232896,48160
1948,3453,0,258048,-12280
14289,1092,0,482304,-16640
-4621,-1154,-12288,-364544,13760
-2215,-893,0,-425984,17840
4778,330,12288,-137216,4640
2416,-524,0,5120,-200
-16595,-1446,0,-47104,1840
-16,2401,-12288,-157696,5680
5646,-323,0,44032,-1720
2329,-331,0,99328,-8160
1131,242,-12288,-343040,17200
6789,740,-73728,240640,-12280
-2058,-1910,0,-87040,3400
-12407,-1343,0,-301056,11760
3304,1889,0,270336,-10560
4372,403,-24576,87040,-4360
-3769,-647,-73728,-282624,8160
-1460,395,0,313344,-12240
9870,323,-86016,49152,-5280
-3927,-1184,-36864,-114688,3040
-2866,-69,-12288,32768,-1760
823,1099,0,63488,-2480
763,-333,-12288,305152,-12400
-6124,-1750,0,-528384,20640
-2673,871,0,-201728,7880
10447,1720,0,155648,-6080
2329,117,12288,399360,-15120
-5494,-216,0,-154624,6040
4755,979,0,-143360,5600
924,-926,0,-361472,14120
-4531,-1325,0,210944,-8240
-3940,522,0,77824,-3040
1627,1244,0,112640,-4400
1803,-572,0,-253952,9920
-3033,291,0,161792,-6320
5014,518,0,-1251328,48880
6878,373,0,458752,-17920
-8406,-1722,0,621568,-24280
-9915,123,0,-433152,16920
4027,2255,0,-476160,18600
7888,-165,0,140288,-5480
-370,-893,0,-1728512,67520
1701,654,-12288,820224,-32520
5075,-255,0,1269760,-49600
-11537,-1478,-24576,-261120,9240
-3676,881,-12288,249856,-10240
10581,2713,0,28672,-1120
6869,-802,0,-956416,37360
-7904,-1367,0,-72704,2840
-333,59,0,172032,-6720
-2406,521,0,-464896,18160
-8004,70,0,1260544,-49240
7551,1722,0,252928,-9880
12349,796,0,17408,-680
-7234,-1054,0,86016,-3360
611,239,0,-1158144,45240
4923,-981,0,280576,-10960
-4565,-1566,0,909312,-35520
-10100,1638,-16384,-575488,21840
5572,1502,0,704512,-27520
-169,-551,-12288,84992,-4680
-1075,617,0,-582656,23640
10337,1108,0,-440320,17200
179,-2325,12288,857088,-35000
-10064,-543,0,161792,-4320
-113,1542,16384,-390144,15880
1217,-1137,0,-12288,480
-2363,1699,0,11264,-440
12665,1281,0,39936,-1560
627,-816,0,350208,-13680
-11580,-2230,0,83968,-3280
-3979,1113,0,-824320,32200
3866,81,0,484352,-18920
1238,706,0,-258048,10080
8486,2460,0,-522240,20400
2058,-1191,0,859136,-33560
-6175,-1120,0,-158720,6200
-7920,13,0,285696,-11160
1125,1597,0,124928,-4880
13149,-198,0,-710656,27760
-1521,-1058,0,172032,-6720
-10016,-837,0,-1123328,43880
2330,200,0,727040,-28400
-4781,-269,0,690176,-26960
2508,2336,49152,64512,-600
10048,701,0,367616,-14360
1253,-877,110592,-16384,4960
-5280,-328,12288,-614400,24480
5101,459,331776,538624,-8080
-7999,-2713,0,-192512,7520
2719,2945,0,-290816,11360
447,-2659,495616,836608,-13320
-9154,3125,0,-1015808,39680
6025,-577,548864,661504,-4400
-1775,192,90112,-41984,5160
-1470,-1703,0,253952,-9920
1544,1851,0,-1034240,40400
3935,-726,471040,707584,-10280
-2012,916,0,-45056,2800
-5748,-2390,573440,-167936,28960
6060,1721,0,-310272,12120
-719,524,0,745472,-29120
-3683,446,0,-317440,12400
2685,113,3694592,-33792,145640
702,794,487424,-435200,36040
5669,-503,1916928,149504,69040
-9480,-372,385024,-775168,45320
6168,967,0,180224,-7040
-3355,566,1277952,722944,21680
1775,-8,0,153600,-6000
2207,-1093,-446464,-117760,-12840
-6625,-589,0,-477184,18640
8325,1600,0,-108544,4240
-4462,-1402,0,252928,-9880
-3722,-439,0,-292864,11440
10243,2415,110592,-273408,15000
-179,-673,110592,771072,-25800
-7710,-172,0,221184,-8640
1036,93,0,-306176,11960
8732,31,-221184,153600,-14640
-358,-274,0,-210944,8240
-2327,180,-425984,70656,-19400
2059,638,-503808,-356352,-5760
626,-427,-286720,27648,-12280
-1074,-1394,94208,41984,2040
-8398,1639,0,-443392,17320
1257,174,94208,207872,-4440
9378,-575,0,-771072,30120
-1163,-2394,397312,-991232,54240
-11726,-111,0,1963008,-76680
8773,3570,1540096,25600,59160
6533,-1119,991232,-1881088,112200
-6802,-3090,0,1243136,-48560
-10611,1362,1224704,-158720,54040
9000,1978,1507328,-125952,63800
4833,-157,0,-101376,3960
-8252,-2144,0,-869376,33960
-4294,944,0,1200128,-46880
7892,2393,815104,442368,14560
5370,358,167936,-1419264,62000
-269,-1510,1044480,400384,25160
-1073,207,921600,1344512,-16520
-6355,344,0,-243712,9520
-447,-240,4186112,18432,162800
1342,420,0,35840,-1400
4028,1424,5087232,-332800,211720
-269,9,4493312,551936,153960
1701,-67,0,-459776,17960
626,-369,0,-70656,2760
-179,-201,5144576,776192,170640
-2506,-56,0,29696,-1160
1432,-529,0,31744,-1240
-3401,-301,-4169728,148480,-168680
-1521,-90,0,-130048,5080
537,-14,-5746688,44032,-226200
1342,1200,0,-139264,5440
-1432,-420,-9183232,187392,-366040
5012,516,0,-158720,6200
716,-650,-6365184,288768,-259920
358,223,-471040,205824,-26440
-179,-105,0,-47104,1840
0,38,-2326528,45056,-92640
0,-300,-86016,6144,-3600
-1253,410,0,1024,-40
-537,178,544768,-17408,21960
-626,-21,380928,-128000,19880
-1611,561,0,368640,-14400
805,-484,929792,84992,33000
-447,-401,0,-39936,1640
-806,-76,1646592,1024,64200
-179,-363,0,-32768,1280
-268,351,0,-149504,5840
-716,66,12546048,103424,486040
3311,227,2662400,-152576,109960
1522,-974,0,233472,-9120
358,689,0,220160,-8600
268,-385,5468160,-141312,219120
-89,-501,2375680,-116736,97360
-4028,-1255,7667712,-116736,302120
-4837,-798,0,187392,-5360
-888,-292,0,-333824,13040
1775,1726,11104256,117760,429160
5203,1095,0,58368,-2280
1790,868,5312512,-99328,211400
1074,-388,0,-86016,3360
-268,-542,5758976,51200,222960
-895,326,0,-175104,6840
537,-183,2433024,-21504,95880
-90,-79,0,-38912,1520
-2058,-731,0,410624,-16040
-4997,864,618496,-118784,28800
-333,398,-618496,-358400,-10160
8372,795,0,-93184,3640
2596,-590,0,28672,-1120
-2059,-930,618496,0,24160
-4922,-236,0,-82944,3240
1253,1905,-1847296,219136,-80720
1253,211,-16228352,812032,-665640
358,49,-7979008,-670720,-285480
1253,568,-15781888,-439296,-599320
1700,-453,-5111808,403456,-215440
-1521,-1196,0,282624,-11040
-7697,-1114,-9969664,549888,-410920
-2730,1242,0,-228352,8920
10248,1274,-4091904,-108544,-155600
1253,5,-1286144,-4096,-50080
-1164,70,-1875968,399360,-88880
-715,747,0,927744,-36240
-3491,-442,-1826816,668672,-97480
-805,-652,0,-157696,6160
4922,632,-905216,-713728,-7480
2416,-192,0,-32768,1280
-2327,-1390,-651264,891904,-60280
-12550,-1897,-36864,989184,-40080
6375,3297,0,-866304,33840
12530,1463,0,66560,-2600
2067,-1128,0,-65536,2560
-9495,-1461,0,392192,-15320
-7785,2089,-16384,452608,-18320
9485,1164,0,288768,-11280
3848,-1076,0,44032,-1720
-4564,-1149,0,-1435648,56080
-716,224,0,1166336,-45560
-358,748,0,1878016,-73360
-358,307,-24576,-482304,17880
5012,490,0,-1466368,57280
3669,-1331,12288,226304,-8360
-7338,-1990,0,-445440,17400
-8311,1496,0,870400,-34000
8400,2112,0,1424384,-55640
2864,-958,0,-2055168,80280
-2775,-491,0,-405504,15840
-178,360,0,1085440,-42400
-716,-13,0,1482752,-57920
-448,-157,0,1130496,-44160
0,70,0,-1128448,44080
2774,353,12288,-1204224,47520
4923,-528,0,883712,-34520
-7607,-1881,16384,2230272,-86480
-8642,467,0,-531456,20760
3093,1748,0,198656,-7760
10829,541,0,-637952,24920
3802,-708,0,-76800,3000
-7919,-1428,0,1947648,-76080
-11018,1170,0,319488,-12480
7170,2034,0,95232,-3720
12470,652,0,-1251328,48880
-4416,-1469,0,1769472,-69120
-4922,-504,0,172032,-6720
-2864,421,0,360448,-14080
3491,-232,-40960,415744,-17840
536,208,-147456,-139264,-320
1790,68,-528384,-1393664,33800
-89,-485,-376832,595968,-38000
-2148,-878,0,1611776,-62960
-3222,2073,-929792,229376,-45280
3938,560,0,748544,-29240
10189,-44,0,-115712,4520
-9831,-2104,0,34816,-1360
-4296,181,-4358144,1186816,-216600
-1611,1395,-708608,822272,-59800
8771,1681,0,-650240,25400
10466,-1021,0,-747520,29200
-14493,-1275,-2592768,1736704,-169120
-8828,806,0,518144,-20240
8112,1135,-2093056,-221184,-73120
8613,263,-659456,-688128,1120
-2796,-1529,0,-352256,13760
-6891,-1643,-4407296,1142784,-216800
-7852,886,-3153920,528384,-143840
10626,2155,0,-263168,10280
8503,-2899,0,-1773568,69280
-9487,225,-3694592,1525760,-203920
-8902,432,0,1505280,-58800
6306,1942,-1273856,244736,-59320
12342,166,-794624,-1665024,19360
-3929,-2810,0,-1178624,60680
-7607,-620,0,1914880,-74800
447,3782,0,1809408,-70680
10497,273,0,-2631680,102800
3962,-357,0,63488,-2480
-15175,-1980,-9650176,699392,-404280
-3401,1482,-1454080,970752,-94720
9576,2620,0,-632832,24720
8604,-1656,-3063808,-2076672,-38560
-12631,-3929,0,-561152,21920
-4654,870,0,2616320,-102200
4654,4342,-9592832,-1324032,-323000
14166,-717,0,699392,-27320
-11213,-2833,0,-140288,5480
-8144,-25,-19333120,1465344,-812440
3043,1593,0,104448,-4080
9218,1139,0,-379904,14840
2883,-2597,0,-256000,10000
-10132,-1814,0,793600,-31000
-5280,3482,0,1028096,-40160
6891,-567,0,-63488,2480
9223,-1067,0,-1033216,40360
-9760,-1425,0,712704,-27840
-4922,784,0,1797120,-70200
5369,400,0,-1094656,42760
2059,-1244,0,-2769920,108200
-6981,-2572,0,925696,-36160
-4783,4559,0,1859584,-72640
9705,824,0,512000,-20000
7390,-1704,0,-1755136,68560
-10611,-2609,0,-64512,2520
-8111,1554,0,1397760,-54600
9722,3368,0,-524288,20480
8853,-913,0,-2912256,113760
-8585,-3983,0,-596992,23320
-3938,3826,0,3017728,-117880
12042,888,0,295936,-11560
-5688,-2336,0,-1446912,56520
-11703,-1632,0,357376,-13960
7050,3298,0,1997824,-78040
17188,1169,0,-2355200,92000
-14951,-3891,0,65536,-2560
-1790,2215,0,2717696,-106160
13742,-2562,0,-2749440,107400
-11952,289,0,1561600,-61000
-10803,1590,0,1620992,-63320
11877,1163,0,-1026048,40080
10623,-1322,0,-2059264,80440
-13934,-1926,0,1728512,-67520
1879,2616,0,771072,-30120
10348,544,0,-1974272,77120
-10258,-2509,0,794624,-31040
-12561,482,3104768,411648,105200
13903,1825,0,-1204224,47040
7954,-1810,0,-2936832,114720
-9296,-2040,0,1482752,-57920
-1343,2285,39718912,1617920,1488320
10750,1423,0,-1736704,67840
-9139,-4414,15470592,-1531904,664160
-13334,4354,0,1287168,-50280
14408,-413,7823360,313344,293360
984,-1882,1404928,-2551808,154560
-11900,-2150,339968,221184,4640
9842,3581,753664,1555456,-31320
12829,1624,221184,-2766848,116720
-5490,-2257,0,-530432,20720
-9576,-1602,942080,535552,15880
-537,1162,266240,-1065984,52040
9397,1462,0,908288,-35480
-179,-950,1400832,-1163264,100160
-7607,-574,0,1254400,-49000
-7311,1557,2809856,427008,93080
9100,2025,843776,-1446912,89480
9142,-2028,3325952,-2600960,231520
-9768,-2585,872448,710656,6320
-4475,2332,2539520,1077248,57120
5638,2208,1646592,-654336,89880
6904,-172,0,-405504,15840
-7262,-1553,9306112,-974848,401600
-6175,-1635,0,459776,-17960
448,2028,7729152,34816,300560
4922,2652,2338816,-945152,128280
11952,650,0,-1993728,77880
-2258,-863,29937664,-299008,1181120
-9157,-1354,0,520192,-20320
-1879,406,2416640,717824,54640
5459,2107,0,-800768,43000
8372,-70,614400,-2183168,109280
-10162,-4150,0,147456,-5760
-4475,-59,0,223232,-8720
-984,1893,618496,1456128,-32720
12345,2891,0,-1697792,66320
2145,-1137,0,-1514496,59160
-8494,-2417,0,52224,-2040
-4296,557,-618496,-152576,-18200
1432,489,0,755712,-29520
805,-818,0,1021952,-39920
-716,-937,0,-1963008,76680
1790,-271,0,531456,-20760
4296,-20,0,862208,-33680
-3132,398,0,-322560,12600
-6086,-272,0,754688,-29480
895,2003,0,-654336,25560
4475,664,0,-907264,35440
9738,-803,0,618496,-24160
-10544,-2544,0,728064,-28440
-7428,-437,-614400,2166784,-108640
6175,3496,0,-1775616,69360
9130,300,0,-1312768,51280
2893,-1463,0,686080,-26800
-12023,-1202,614400,-287744,35240
-1342,473,0,1929216,-75360
985,1893,0,-88064,3440
9672,1372,0,-2851840,111400
1747,-1425,0,-182272,7120
-11330,-1308,0,82944,-3240
-1879,201,0,-675840,26400
1074,689,0,201728,-7880
11608,1530,0,-916480,35800
-592,-799,0,-472064,18440
-7526,-2580,0,-868352,33920
-2685,401,0,-88064,3440
268,-214,0,766976,-29960
90,244,0,-351232,14560
-1790,1158,0,-353280,12960
1343,1829,0,-215040,8400
12833,-11,0,275456,-10760
-4418,-1406,0,-148480,5800
-5194,-1652,-14516224,-486400,-548040
6673,959,-13320192,-98304,-516480
-111,-1107,-11718656,-159744,-451520
-7904,557,-11972608,-50176,-469840
5101,792,-2605056,407552,-113560
-1342,509,-4059136,422912,-175080
-3938,-1942,-5025792,-37888,-194840
-1700,-945,-1376256,-174080,-46960
-448,663,0,-825344,32240
537,-529,-700416,-124928,-22480
2953,-195,0,859136,-33560
1432,846,-28672,336896,-14280
-1611,499,-12288,15360,-1080
-2685,-895,-131072,-1411072,50000
179,-715,0,-165888,6480
0,26,-520192,-457728,-2440
2685,803,0,374784,-14640
-2237,-664,-434176,-486400,2040
-984,457,0,-500736,19560
268,575,0,-309248,12080
1253,-1091,0,-415744,16240
2148,128,-479232,578560,-41320
-3401,-754,86016,126976,-1600
-1163,-241,0,-907264,35440
1163,51,0,-768000,30000
1342,184,307200,596992,-11320
448,646,61440,749568,-26880
-1790,-271,61440,-20480,3200
-358,-355,12288,-1134592,46280
358,-49,0,282624,-12520
-179,369,270336,312320,-1640
179,-474,0,-569344,22240
358,-297,749568,-1318912,80800
1432,109,0,1533952,-59920
-1790,300,417792,-706560,43920
-1253,18,401408,-215040,24080
1164,21,0,-482304,18840
1700,120,0,264192,-10320
1253,654,2961408,1348608,63000
-1701,-454,167936,184320,-640
-1252,-454,0,-1021952,39920
-179,-78,1150976,-849920,78160
268,915,217088,914432,-27240
716,-240,225280,-235520,18000
626,182,0,-49152,1920
-984,65,0,-498688,19480
-358,-649,0,-602112,23520
-89,-207,-1175552,-402432,-30200
89,215,0,-611328,23880
0,36,-1200128,-326656,-34120
2058,739,-618496,1104896,-67320
806,523,0,958464,-37440
-2238,-766,-811008,59392,-34000
-1073,-330,-372736,-506880,5240
-90,600,-229376,-1301504,41880
537,-87,0,-385024,15040
537,-748,-294912,-397312,4000
2685,1310,0,1346560,-52600
-2685,427,0,-196608,7680
-90,-450,-262144,-148480,-4440
1701,-162,-36864,-713728,26440
4475,1440,0,572416,-22360
-448,-91,-262144,-186368,-2960
-2595,-1328,0,262144,-10240
-3401,-866,0,398336,-15560
1611,1019,0,-600064,23440
6499,1041,0,49152,-1920
-2472,-179,16384,498688,-18840
-5549,-1127,0,-577536,22560
3670,297,0,-404480,15800
6532,810,0,683008,-26680
-6532,-1262,0,1050624,-41040
-3938,-396,0,-1271808,49680
5012,937,0,727040,-28400
-1253,96,36864,683008,-25240
-4833,43,0,-203776,7960
448,205,0,-155648,6080
1431,-1189,0,-506880,19800
-805,-389,229376,116736,4400
89,1892,73728,-35840,4280
7682,1955,0,425984,-16640
-4281,-1767,143360,-260096,15760
-3401,-12,61440,-174080,9200
2506,-727,0,805888,-31480
-2595,-850,40960,1159168,-43680
-4385,300,303104,-1917952,86760
6801,1248,180224,17408,6360
-447,-1329,0,1517568,-59280
-1969,613,1802240,-1491968,128680
7808,892,0,689152,-26920
-7987,-1076,0,-499712,19520
6981,711,1019904,1138688,-4640
-5818,111,503808,-384000,34680
-984,-1568,552960,478208,2920
447,1503,0,-510976,19960
-2684,-139,1728512,-509952,87440
716,-1206,573440,576512,-120
1789,286,1507328,1032192,18560
-3042,-164,352256,-694272,40880
3311,-1352,618496,824320,-8040
3401,1265,921600,1347584,-16640
-3938,-1883,274432,-206848,18800
3669,1604,0,-679936,26560
-3580,-485,282624,740352,-17880
8828,678,143360,714752,-22320
-8917,-207,147456,-796672,36880
3848,13,0,749568,-29280
-3848,-400,749568,-463872,47400
9065,1505,0,1595392,-62320
-8797,-1687,950272,-1178624,83160
4833,899,0,1145856,-44760
-5101,-1121,0,-664576,25960
7845,1522,0,527360,-20600
-5339,-918,163840,-242688,15880
-90,520,0,507904,-19840
716,-858,-163840,386048,-21480
-2774,271,0,-811008,31680
4117,101,163840,898048,-28680
-4475,-762,-163840,-424960,10200
8585,-531,0,648192,-25320
-6348,504,499712,-454656,37280
-1342,611,516096,242688,10680
7246,791,0,282624,-11040
-8141,-1621,0,-412672,16120
0,429,1642496,-1342464,116600
3311,-240,0,1752064,-68440
-7428,-1635,2871296,-292864,123600
-4763,1352,667648,301056,14320
8880,1391,3133440,-165888,128880
268,-481,778240,149504,24560
-1163,-162,2478080,-262144,107040
4564,1817,290816,102400,7360
4065,-1156,1482752,-192512,65440
-6571,-1020,0,99328,-3880
-268,287,4530176,746496,147800
2685,443,1761280,7168,68520
-3401,-675,4554752,152576,171960
-984,584,1216512,-90112,51040
805,-321,827392,325632,19600
-1342,-1154,0,-66560,2600
-6503,414,0,-532480,20800
7308,905,-413696,878592,-50480
-447,-441,-5824512,-174080,-220720
-1522,762,-1077248,12288,-42560
7160,79,0,-671744,26240
-3491,-2023,-6471680,453632,-270520
-7249,205,-294912,266240,-21920
17585,3353,-1150976,-896000,-9960
-9351,-5875,0,-2009088,78480
-4564,3010,0,2937856,-114760
9844,447,-2940928,-888832,-80160
-15384,-1933,-5033984,76800,-199640
5987,1822,0,206848,-8080
9999,80,-4526080,-1761280,-108000
-10446,-2882,159744,-601088,29720
-6169,747,2048000,2930688,-34480
10554,3141,6848512,-617472,291640
7577,31,3166208,-1413120,178880
-8293,-2633,0,1128448,-44080
-11649,-419,3858432,375808,136040
1811,1316,0,-447488,17480
7690,701,5414912,-277504,222360
3222,-454,6238208,-1304576,294640
1074,-1389,2134016,200704,75520
-4385,-311,0,1251328,-48880
-7157,1161,14282752,-8192,558240
4114,-5,6963200,-854016,305360
2327,318,0,453632,-17720
626,208,-1204224,-792576,-16080
716,-457,0,-372736,14560
2327,218,598016,402432,7640
-1701,-2977,1835008,455680,53880
-1521,-4,618496,-155648,30240
-1163,2242,0,570368,-22280
-448,388,-618496,-43008,-22480
-7310,-1569,0,116736,-4560
4267,1168,-21151744,-908288,-790760
6354,169,-8962048,1176576,-396040
-447,-869,-10833920,414720,-439400
-1163,830,-5382144,-436224,-193200
1521,-354,-9617408,-316416,-363320
2327,-1717,-1658880,1158144,-110040
-2864,561,-2785280,-345088,-95320
90,1237,0,595968,-23280
89,-1987,-774144,-23552,-29320
-4027,-1534,-458752,-96256,-14160
-4077,343,-794624,289792,-42360
4345,1964,-262144,137216,-15600
-6046,-100,0,139264,-5440
-2458,-1004,0,328704,-12840
8594,776,0,134144,-5240
2595,-13,-643072,-184320,-17920
-1700,257,139264,-34816,6800
2327,740,110592,-339968,17600
1252,-2118,36864,319488,-11040
-1879,-1528,0,-188416,7360
-6956,515,0,291840,-12560
6240,2151,0,73728,-1720
1253,-452,0,72704,-2840
-7070,-2059,0,-112640,4400
-830,-334,0,-292864,11440
592,1592,-638976,95232,-28680
3460,300,0,55296,-2160
1253,-1506,-32768,-51200,720
-1343,1287,32768,528384,-19360
-4812,-40,28672,-40960,2720
1220,-273,0,-241664,9440
6009,1019,356352,-94208,17600
1163,-606,180224,38912,5520
-1790,-664,0,-29696,1160
1253,-343,-73728,10240,-3280
-805,1741,0,362496,-14160
89,-159,0,143360,-5600
-179,-241,0,-115712,4520
-358,-187,0,-253952,9920
2327,-404,73728,-126976,7840
-179,105,0,133120,-5200
-447,-798,389120,34816,13840
-1701,86,0,17408,-680
-5382,73,303104,196608,4160
460,494,184320,-3072,7320
-904,-86,0,-265216,10360
-1811,-615,610304,-66560,26440
4147,293,765952,-35840,31320
-716,-692,196608,12288,7200
-90,-576,552960,52224,19560
-827,-550,0,-159744,6240
-1072,856,1105920,328704,30360
-1960,-164,0,-143360,5600
2403,202,811008,-110592,36000
-1627,-478,0,-93184,3640
3531,123,0,-198656,7760
-90,432,1437696,88064,52720
-1629,-626,1171456,-47104,47600
370,621,0,199680,-7800
1438,-409,253952,99328,6040
1969,-1046,0,-81920,3200
-268,-667,0,-80896,3160
-2148,-291,385024,-51200,17040
-1139,-704,1978368,-34816,78640
185,-577,782336,-146432,36280
-1035,-626,5632000,40960,218400
-814,682,0,356352,-13920
-813,-353,2527232,-5120,98920
-111,-327,0,6144,-240
-400,-469,0,88064,-3440
-2316,-411,0,-199680,7760
-784,-90,0,240640,-9360
-1718,-416,-2088960,-311296,-69440
3064,1056,-868352,540672,-55040
-453,720,430080,29696,15640
3975,670,0,249856,-9760
-740,-626,438272,167936,10560
-3150,-875,450560,301056,5840
-1953,46,0,332800,-13000
-1077,436,225280,445440,-8600
1243,320,0,459776,-17960
4605,-182,0,1456128,-56880
-2535,-369,0,684032,-26720
-2958,-238,0,9216,-360
2675,1384,-450560,238592,-26920
1867,-700,0,397312,-15520
0,-1396,225280,942080,-28000
-4437,-575,225280,-39936,10360
403,467,462848,40960,16480
3270,315,0,452608,-17680
1900,-745,0,-153600,6000
-2635,-816,950272,-68608,39800
-227,70,0,-116736,4560
3490,856,0,-608256,23760
2260,-352,-241664,1467392,-66760
-5354,-2040,-237568,-246784,360
-1587,890,0,64512,-2520
2464,-60,-2048000,584704,-104560
736,-768,0,173056,-5040
-2795,-1036,438272,305152,5200
-4216,-873,0,267264,-10440
1643,350,450560,-50176,19560
4123,-84,225280,902144,-26440
-1622,-480,0,-320512,12520
-7495,-156,0,-234496,9160
642,64,0,-68608,2680
2785,-263,-3575808,-239616,-130320
-2753,-1253,0,-420864,16440
-3334,271,0,-974848,38080
8176,1835,-7741440,-433152,-285480
4082,-792,0,559104,-21840
-5231,-2390,-1720320,395264,-82640
-337,453,-1916928,202752,-82800
5200,-261,0,467968,-18280
-3693,-2045,0,594944,-23240
-4799,-399,-2027520,-4096,-79040
4966,985,-176128,516096,-27040
-857,-1501,-40960,1236992,-49920
-6699,-896,-45056,-985088,36720
29,213,-163840,406528,-22280
1583,-4,0,429056,-16760
-3248,-939,-675840,668672,-52520
-3926,51,-274432,-399360,4880
125,875,-516096,118784,-24800
2240,388,-159744,268288,-16720
5194,-32,-163840,34816,-7760
0,-837,-61440,575488,-24880
642,-82,0,-143360,5600
616,-105,-36864,16384,-2080
2363,-380,0,-567296,22160
-3525,-1638,0,-135168,5280
-4066,-95,-20480,266240,-11200
-3498,267,0,-783360,30600
1476,2346,0,261120,-10200
3145,-335,0,366592,-14320
907,191,0,157696,-6160
-1141,77,-20480,-985088,37680
2920,325,-36864,-1073152,40480
4064,267,-339968,-602112,10240
549,-1180,0,1422336,-55560
-5442,-1637,-94208,-61440,-1280
-3730,363,12288,-860160,34080
-2827,-79,0,-363520,14200
1763,437,-12288,-884736,34080
1051,29,-16384,-171008,6040
3291,112,-16384,-1063936,40920
482,-615,-16384,-1068032,41080
105,-768,16384,-679936,27200
-15,-326,0,-468992,18320
-1821,563,-45056,256000,-13480
-1606,3,0,-468992,20040
462,-126,0,-392192,15320
-628,-190,0,363520,-14200
-398,-217,0,-701440,27400
-2084,665,0,231424,-9040
-318,902,0,481280,-18800
5309,1012,0,-365568,14280
2114,-127,0,17408,-680
3668,-107,0,52224,-2040
-735,-685,16384,124928,-4240
-2837,-452,0,1753088,-68480
-6683,-257,0,-410624,16040
-283,194,-28672,-525312,19400
1746,1972,0,75776,-2960
3929,-72,-32768,565248,-23360
4392,142,-57344,50176,-4200
-679,-79,0,214016,-8360
-1178,-817,-167936,-467968,11720
-907,-434,-253952,-846848,23160
337,18,-49152,-407552,14000
-1905,-320,0,569344,-22240
-993,944,-192512,408576,-23480
-1800,-152,0,303104,-11840
-413,14,-159744,694272,-33360
-526,-98,-36864,-603136,22120
1987,17,-122880,-1165312,40720
2136,-358,0,-158720,6200
1097,64,-245760,435200,-26600
-1142,344,0,1449984,-56640
-1623,389,0,596992,-23320
-2635,-355,-282624,-82944,-7800
-1363,-249,-36864,-25600,-440
466,-143,0,-986112,38520
2636,354,0,174080,-6800
1782,-98,0,283648,-11080
316,5,0,490496,-19160
-918,-2,0,581632,-20960
-3034,-395,0,-441344,15480
-1531,-803,0,-374784,14640
165,-95,0,542720,-21200
1063,196,0,262144,-10240
880,342,0,710656,-27760
2655,84,-16384,-54272,1480
-935,85,0,257024,-10040
-2079,2,0,-266240,10400
-1985,-551,16384,-606208,24320
1010,-90,0,457728,-17880
417,379,0,780288,-30480
3118,674,0,704512,-27520
2047,-175,-16384,-62464,1800
-798,-587,16384,-240640,10040
-5829,-265,0,565248,-22080
-5010,-497,0,-296960,11600
2148,529,0,99328,-3880
8134,882,0,-1116160,43600
4380,-774,0,-1461248,57080
-3582,-1760,0,-542720,21200
-11119,-1091,0,2138112,-83520
2462,3467,0,932864,-36440
9792,696,0,-401408,15680
529,-1880,0,-1134592,44320
-9989,-2279,0,234496,-9160
-2616,613,0,2591744,-101240
3844,3109,0,-305152,11920
8360,1192,-16384,412672,-16760
2922,-3154,0,1205248,-47080
-6761,586,-24576,865280,-34760
-7819,528,0,608256,-23760
4977,2054,0,774144,-30240
7997,417,0,-1159168,45280
2077,-1404,0,436224,-17040
-8026,-1243,0,2814976,-109960
-1014,1449,0,2088960,-81600
10740,-510,0,-1124352,43920
-1526,-329,0,-56320,2200
-7716,-1324,0,402432,-15720
-6489,1402,0,1094656,-42760
7800,1554,0,1178624,-46040
9588,468,0,-1766400,69000
-9006,-4632,0,-1002496,39160
-7474,3112,0,2532352,-98920
5824,1589,0,818176,-31960
10371,591,0,-471040,18400
-2605,-1417,0,-1281024,50040
-11287,-2182,0,997376,-38960
-5033,1322,0,566272,-22120
12075,2649,0,-1096704,42840
7729,-773,0,-1757184,68640
-3875,-830,0,1566720,-61200
-8231,15,0,1643520,-64200
2250,1076,0,-251904,9840
7166,-51,0,-1128448,44080
-5812,-2897,0,-1400832,54720
-8430,-497,0,827392,-32320
2608,2361,0,1199104,-46840
12755,1327,0,-1598464,62440
24,-1207,0,-485376,18960
-11916,-804,-12288,706560,-28080
-3362,1151,0,522240,-20400
8773,2491,0,-364544,14240
8527,-1008,0,-2171904,84840
-6919,-3808,0,-922624,36040
-11520,3858,0,2087936,-81560
5202,-770,0,155648,-6080
10739,176,0,-1434624,38680
785,-1624,0,-427008,34040
-8917,-1334,0,712704,-27840
-6681,1574,0,863232,-33720
7264,1253,0,-1206272,47120
4658,-1690,0,-1696768,66280
-6823,-153,0,1430528,-55880
-3390,245,0,1000448,-39080
5841,843,0,-36864,1440
5842,-365,0,-1765376,68960
-9798,-2548,0,-571392,22320
-2679,1124,0,2034688,-79480
10393,3837,0,409600,-40040
9536,-11,0,-344064,37480
-8451,-2606,0,-564224,22040
-11535,-89,0,982016,-38360
8536,2425,0,56320,-2200
8822,-339,0,-1562624,61040
-10847,-2816,0,-223232,8720
-9914,-351,0,2186240,-85400
9523,4399,0,-1846272,72120
6957,-1214,0,217088,-8480
-7438,-2050,0,-99328,3880
-4057,1964,0,2246656,-59480
11432,424,0,-1643520,35920
-397,-3400,0,-2382848,93080
-20035,981,0,3371008,-131680
15184,5284,0,-121856,4760
9309,-4714,-36864,-534528,19440
-17856,-106,-73728,920576,-38840
5264,2926,-24576,367616,-15320
12281,-557,0,-3597312,140520
-18538,-2165,-24576,2569216,-101320
14099,5048,0,1361920,-53200
-3677,-6961,0,-4041728,157880
-13651,1229,0,2111488,-82480
23695,3754,0,76800,-3000
-16336,-3096,0,-1029120,40200
2410,2677,0,3049472,-119120
10663,-705,-36864,-2515968,86480
-19208,-1625,0,955392,-26960
23876,8215,0,1285120,-50200
-5690,-8407,0,281600,-11000
-12625,3019,24576,603136,-22600
16538,-153,24576,-2564096,101120
-8717,1038,12288,3089408,-120200
19707,-225,0,-1047552,40920
-33157,-2199,-122880,1553408,-65480
24572,4824,-12288,-1209344,46760
-14289,-6934,-98304,2344960,-95440
3616,5065,-24576,-1774592,68360
-11699,-712,0,1143808,-44680
31046,4842,24576,2417664,-93480
-26183,-4325,0,-1177600,46000
27347,3344,0,-2424832,94720
-30994,-5377,122880,3477504,-131040
862,-158,73728,-4076544,162120
31653,8308,86016,4331520,-165840
-33837,-7216,61440,-2014208,81080
8730,2165,0,-564224,22040
22333,4817,0,830464,-32440
-25414,-9562,24576,-2380800,93960
9976,8649,0,878592,-88960
24799,3667,-147456,334848,35800
-53143,-1291,-147456,-395264,9680
43245,2958,0,-939008,36680
-5459,-3579,-122880,-508928,15080
-4966,-5440,-12288,-4830208,188200
-15526,5444,24576,3423232,-132760
20313,-2100,0,-4540416,177360
-20337,1270,24576,3588096,-139200
28212,4760,12288,-5067776,198440
-17201,-3513,12288,1557504,-60360
5401,1477,0,314368,-12280
7326,-2579,0,-3955712,154520
-13584,-861,0,1552384,-60640
6184,3821,49152,1985536,-75640
8205,-2268,0,-2968576,115960
-6726,-1791,245760,649216,-15760
-5257,-133,114688,2595840,-96920
-2385,-67,0,587776,-22960
731,-767,0,357376,-13960
-710,-755,0,-190464,7440
480,-7,0,360448,-14080
2146,120,0,325632,-12720
71,-376,0,101376,-3960
2544,382,0,921600,-36000
605,-195,0,406528,-15880
-1086,-718,0,-288768,11280
-537,64,0,-290816,11360
-6568,-110,0,457728,-17880
-1340,956,0,-197632,7720
1416,1347,0,-45056,1760
7425,1829,0,-29696,1160
2206,982,0,609280,-23800
4748,-271,0,-116736,4560
-716,82,0,224256,-8760
-5105,-961,0,-108544,4240
-4448,58,0,-301056,11760
785,938,0,133120,-5200
6799,2188,0,-167936,6560
3401,-603,0,-142336,5560
-3759,-481,0,-786432,30720
-6004,-390,0,918528,-35880
-1436,1684,0,75776,-2960
7529,654,0,-1161216,45360
4475,-2248,12288,-2246656,88240
-11552,-1007,0,2179072,-85120
-5401,3848,12288,1685504,-65360
19101,837,0,-973824,38040
895,-1247,159744,-1122304,50080
-11829,-1918,24576,619520,-23240
-1697,2615,36864,1619968,-61840
9230,2185,12288,-553984,22120
4027,-1637,0,-1899520,74200
-9598,149,-12288,649216,-25840
961,956,0,1889280,-73800
8816,501,-36864,-638976,23520
-179,-1540,0,-1093632,42720
-14635,-2200,36864,36864,0
927,1969,0,900096,-35160
12098,2964,0,-875520,34200
2147,-4295,958464,-2685952,142360
-7159,684,204800,932864,-28440
-11619,-395,258048,359424,-3960
5917,2587,12288,-267264,10920
12146,560,155648,-2179072,91200
626,-1594,81920,-281600,14200
-4385,-1237,0,712704,-27840
-6326,-737,1347584,-633856,77400
-1043,1699,0,-128000,5000
932,1031,0,-786432,30720
813,28,3387392,-768000,162320
8398,839,2617344,-817152,134160
627,71,516096,453632,2440
358,-612,2916352,-766976,143880
0,-699,3428352,-80896,137080
-5191,-514,0,5120,-200
-448,76,4513792,-63488,178800
-4631,-119,0,-395264,15440
-37,348,1122304,-817152,75760
1996,458,0,-54272,2120
5357,1220,0,-1264640,49400
1432,351,0,-272384,10640
-805,-159,0,94208,-3680
1879,-217,0,-603136,23560
-89,-62,466944,-837632,50960
-985,-679,0,-444416,17360
-1700,-124,0,-256000,10000
-3043,-1004,716800,-609280,51800
-806,511,0,-289792,11320
-759,-297,0,-179200,7000
2012,700,-241664,-63488,-6960
3849,509,0,-74752,2920
1253,-151,-2928640,-385024,-99360
805,-662,-2572288,-143360,-94880
-537,-118,-729088,-156672,-22360
-6444,-516,-1200128,254976,-56840
1701,1734,-2576384,105472,-104760
-627,562,-405504,35840,-17240
4207,-196,0,-120832,4720
1521,-155,-1740800,-343040,-54600
-1879,-1496,-983040,-77824,-35360
-5460,-508,-1073152,27648,-43000
-2139,-182,-356352,-103424,-9880
4377,2262,86016,435200,-13640
5012,545,0,354304,-13840
357,305,552960,-385024,36640
-178,-417,487424,277504,8200
-5191,564,0,328704,-12840
5012,1220,1286144,1844224,-21800
1610,-169,0,-2127872,83120
-1968,-2851,962560,-735232,66320
-8735,3897,512000,2116608,-62680
19609,1003,0,460800,-18000
-6400,-3067,0,-1179648,46080
-18347,1218,0,1140736,-44560
27833,4906,0,-253952,9920
-12976,-6628,9736192,-1485824,438360
-9645,5942,5652480,3207168,95520
24976,655,1454080,-3149824,179840
-28150,-4331,0,596992,-23320
27079,5446,4788224,811008,155360
-14976,-6008,0,-939008,36680
15095,6851,0,1664000,-65000
-14469,-9046,10838016,-1606656,486120
1074,7548,4071424,1201152,112120
-2147,-2131,0,-890880,34800
-2864,1347,4390912,400384,155880
14603,-3268,0,-1369088,55720
-25623,-72,0,2122752,-85160
25623,3302,-11010048,-1091584,-387440
-22575,-6124,0,-1644544,64240
10657,6793,-8966144,4145152,-512160
6980,-3213,-4407296,-2634752,-69240
-16244,60,-3088384,1046528,-161520
10159,1971,0,-259072,10120
9561,-1229,-1552384,-2670592,43680
-23852,-3058,-249856,2824192,-120080
14469,6936,0,-1560576,60960
12938,-4822,-3907584,-1659904,-87800
-31198,2563,-3649536,1808384,-213200
18529,1144,-1814528,-26624,-69840
2953,-3747,0,-3081216,120360
-12339,-2095,-3047424,-232448,-109960
8133,2215,-1589248,2228224,-149120
6623,1698,-409600,-2266112,72520
5630,-1074,0,-1007616,39360
-11179,-3340,0,2464768,-96280
-10243,1532,0,1024,-40
10153,1901,-3022848,228352,-127000
10196,849,0,-59392,2320
-7063,-1970,-1507328,-949248,-21800
-2775,-141,-229376,196608,-16640
895,-379,-1826816,-1197056,-24600
-1431,-1539,0,1150976,-44960
-3043,2172,-712704,272384,-38480
3132,539,-241664,228352,-18360
89,-836,-122880,-405504,11040
-447,-299,-28672,-34816,240
358,396,-40960,-768000,28400
895,1016,0,815104,-31840
1163,-90,-28672,-150528,4760
90,-1077,-114688,49152,-6400
-985,297,0,114688,-4480
-895,87,0,-393216,15360
2506,447,-172032,-548864,14720
4654,1049,-245760,-108544,-5360
-1074,810,0,193536,-7560
-2685,-1909,-335872,-384000,1880
895,516,0,0,0
-2864,197,12288,-179200,7480
-1521,-436,0,-796672,31120
716,15,0,-1206272,47120
179,-189,0,201728,-7880
268,-43,0,-738304,28840
3580,720,12288,-61440,2880
-2595,322,0,422912,-16520
-627,-116,0,525312,-20520
-1521,-168,0,-259072,10120
-1074,427,12288,-754688,29960
0,415,0,-152576,5960
895,742,0,733184,-28640
12065,3077,-12288,300032,-12200
-820,-1282,0,424960,-16600
-15272,12,-172032,337920,-19920
24218,-417,0,-3509248,137080
-28258,-426,-454656,2251776,-105720
21757,3386,0,-989184,9320
-12437,-3839,0,2571264,-71120
-895,1188,0,0,0
4296,322,0,0,0
-806,-369,0,0,0
-3669,-3726,0,0,0
-268,-2081,0,0,0
-5460,-3749,0,0,0
-8641,-9113,0,0,0
7299,750,0,0,0
71206,29648,0,0,0
14432,43240,0,0,0
0,17862,0,0,0
0,2801,0,0,0
0,-416,0,0,0
0,-269,0,0,0
0,-204,0,0,0
0,427,0,0,0
0,1574,0,0,0
0,-380,0,0,0
0,-638,0,0,0
0,-502,0,0,0
0,-428,0,0,0
-9673,-5280,0,0,0
-33252,-26977,0,0,0
-35822,-22847,0,0,0
-30936,-37261,0,0,0
-21516,-29205,0,0,0
-11473,-17870,0,0,0
-5339,-7798,0,0,0
1685,-682,0,0,0
4401,360