R
StartTickMs,measCycleMs,Px,Ix,Dx,Py,Iy,Dy,Pz,Iz,FFrx,FFry,FFdrx,FFdry,satI,satPID,KFQAng,KFQbias,KFRmeas,CPx,CIx,CPy,CIy,CsatI,CsatPID,CFFdrx,CFFdry,IRelaxX,IRelaxY,DmaxR,DmaxE,DMx,DMy
68931,10,58,70,47,58,70,47,250,0,0,0,100,100,500000,15000000,500,1,10000,50,0,50,0,100000,1000000000,0,0,1024,1024,0,0,0,0
aPT1P,aKFPT11P,PIDCRefXi,PIDCSensXi,PIDCUXi
268,456,0,0,0
0,-28,0,0,0
0,-25,0,0,0
0,-19,0,0,0
0,155,0,0,0
0,8,0,0,0
0,-52,0,0,0
0,-42,0,0,0
0,-30,0,0,0
0,-20,0,0,0
0,-15,0,0,0
0,152,0,0,0
0,5,0,0,0
0,-50,0,0,0
0,-42,0,0,0
0,-31,0,0,0
0,-19,0,0,0
0,-18,0,0,0
0,158,0,0,0
0,8,0,0,0
0,-53,0,0,0
0,-44,0,0,0
0,-25,0,0,0
0,-27,0,0,0
0,-16,0,0,0
0,155,0,0,0
0,3,0,0,0
0,-46,0,0,0
0,-43,0,0,0
0,-28,0,0,0
0,-26,0,0,0
0,-15,0,0,0
0,161,0,0,0
0,-6,0,0,0
0,-51,0,0,0
0,-35,0,0,0
0,-28,0,0,0
0,-24,0,0,0
0,-19,0,0,0
0,161,0,0,0
0,-5,0,0,0
0,-45,0,0,0
0,-43,0,0,0
0,-33,0,0,0
0,-19,0,0,0
0,-15,0,0,0
0,166,0,0,0
0,-11,0,0,0
0,-52,0,0,0
0,-37,0,0,0
0,-32,0,0,0
0,-20,0,0,0
0,-14,0,0,0
0,171,0,0,0
0,-17,0,0,0
0,-53,0,0,0
0,-35,0,0,0
0,-32,0,0,0
0,-21,0,0,0
0,-18,0,0,0
0,173,0,0,0
0,-22,0,0,0
0,-48,0,0,0
0,-38,0,0,0
0,-28,0,0,0
0,-20,0,0,0
0,3,0,0,0
0,157,0,0,0
0,-26,0,0,0
0,-42,0,0,0
0,-42,0,0,0
0,-31,0,0,0
0,-19,0,0,0
0,20,0,0,0
0,145,0,0,0
0,-35,0,0,0
0,-50,0,0,0
0,-32,0,0,0
0,-31,0,0,0
0,-19,0,0,0
0,34,0,0,0
0,132,0,0,0
0,-33,0,0,0
0,-45,0,0,0
0,-45,0,0,0
0,-25,0,0,0
0,-19,0,0,0
0,63,0,0,0
0,101,0,0,0
0,-44,0,0,0
0,-44,0,0,0
0,-37,0,0,0
0,-23,0,2904064,-567200
0,-17,0,-8192,1600
0,88,0,38912,-7600
0,77,0,35840,-7000
0,-50,0,-21504,4200
0,-42,0,-20480,4200
0,-36,0,-16384,3000
0,-22,0,-9216,1800
0,-17,0,-8192,1600
0,113,0,49152,-9600
0,55,0,24576,-4800
0,-48,0,-21504,4200
90,-39,0,-21504,4200
0,42,0,235520,-46000
-269,-158,0,-214016,41800
537,251,0,-166912,32600
-447,86,0,559104,-109200
-179,-296,0,215040,-42000
984,378,0,-87040,17000
-358,671,0,733184,-136800
-715,-1200,0,-857088,161000
1968,1357,0,1201152,-234600
-1879,-1330,0,-892928,174400
537,257,0,433152,-84600
-448,-16,0,300032,-58600
269,1,0,-53248,10400
89,-21,0,174080,-34000
0,5,0,523264,-102200
0,70,0,-944128,184400
-358,-151,0,644096,-125800
90,349,0,-263168,51400
179,168,0,668672,-130600
1163,38,0,-1345536,262800
-537,-231,0,375808,-73400
-268,152,0,385024,-115200
-179,-377,0,-148480,69000
0,222,0,301056,-58800
626,252,0,-491520,96000
-1163,-231,0,1006592,-196600
1432,195,0,-1227776,239800
-806,-58,0,-278528,54400
-89,-153,0,875520,-171000
895,503,0,-750592,146600
-179,-523,0,295936,-57800
-716,210,0,744448,-145400
537,75,0,-173056,33800
447,-209,0,235520,-46000
-716,117,0,801792,-156600
-447,-327,0,-1363968,266400
268,118,0,1864704,-364200
90,-16,0,-1444864,282200
0,250,0,517120,-101000
179,-34,0,6144,-1200
0,-75,0,-675840,132000
179,134,0,584704,-114200
716,164,0,31744,-6200
-806,-455,0,-1116160,218000
-179,37,0,592896,-115800
-179,-5,0,-1095680,214000
-268,47,0,250880,-49000
805,329,0,166912,-32600
90,38,0,-866304,169200
-985,-665,0,536576,-104800
179,335,0,307200,-60000
-358,-173,0,517120,-101000
-89,171,0,642048,-125400
358,124,0,-709632,138600
0,231,0,459776,-89800
1879,1499,0,143360,-28000
-2237,-1868,0,-290816,56800
8585,1365,0,166912,-32600
-814,1583,0,2298880,-449000
-13946,-2505,0,345088,36000
6443,-429,0,-1189888,129000
-268,-246,0,-16384,3200
3222,2126,0,2002944,-391200
4117,-306,0,-4491264,877200
-22194,-5172,0,3471360,-678000
35485,5044,0,-2768896,540800
-33204,-2737,0,271360,-53000
21122,5690,0,1242112,-242600
5903,-4350,0,-4497408,878400
-30391,-1423,0,2785280,-544000
18535,7413,0,-1178624,230200
3491,-7421,0,-2466816,481800
-8771,3362,0,497664,-97200
14863,-85,0,-1038336,202800
-20947,-2507,0,221184,-5200
8769,1971,0,-842752,126600
0,-2223,0,-3365888,657400
-2774,2006,0,2688000,-525000
5280,-3556,24576,-2367488,467200
-13309,1473,12288,1220608,-236000
15278,49,0,-2597888,507400
-8592,-565,61440,1752064,-330200
13811,509,0,-1660928,324400
-18944,-4070,24576,1922048,-370600
11666,4259,86016,-1423360,294800
-2774,-1485,49152,561152,-100000
358,949,0,78848,-15400
4654,-2353,147456,-515072,129400
-18154,-2629,12288,768000,-147600
12963,3755,0,-152576,29800
448,-2915,12288,-2822144,553600
-11156,-1123,0,2962432,-578600
9903,3161,0,742400,-145000
984,-807,-12288,-1904640,369600
-9447,-1638,0,-1326080,259000
555,146,0,2124800,-415000
739,559,36864,1563648,-298200
5289,1761,0,-1462272,182600
1611,-295,73728,-2323456,571200
-4027,-1215,86016,2278400,-428200
-3168,-639,24576,1146880,-219200
258,151,0,377856,-73800
4073,400,36864,-1030144,208400
1522,-154,12288,-161792,34000
537,-11,73728,1157120,-211600
268,-609,0,-67584,13200
-4296,-337,73728,-43008,22800
-2104,-832,0,94208,-18400
-4168,123,151552,475136,-89000
2431,1017,77824,-270336,93800
4736,815,77824,238592,-31400
5549,-315,0,503808,-98400
-268,-2635,0,-182272,35600
-1790,799,102400,-449536,107800
-6490,19,0,82944,-16200
-1257,269,65536,528384,-90400
-369,114,122880,-593920,140000
961,-281,143360,62464,15800
-148,219,45056,-989184,202000
6318,-178,0,265216,-51800
2059,1150,229376,-36864,52000
-269,-1203,0,-7168,1400
-10869,-2262,675840,-686080,266000
29,619,0,-388096,75800
2954,-44,0,1616896,-315800
-2954,-818,1228800,-609280,359000
-1217,2070,0,-778240,152000
12594,682,0,-1024,41400
-3759,-2242,2895872,-829440,686400
-10357,-1690,0,-135168,26400
-142,2260,1232896,1970176,-144000
8888,1002,0,-847872,165600
-2203,-1118,2007040,-1403904,666200
6678,-1531,0,-15360,3000
-6937,-1311,217088,-248832,91000
-10207,983,0,953344,-186200
14728,1875,-110592,-730112,121000
2774,-2438,-212992,-796672,114000
-11265,-1538,-212992,363520,-112600
-1981,-783,0,2099200,-410000
-7397,1225,-303104,-1268736,188600
10368,2080,0,278528,-54400
10186,-1392,-487424,-766976,54600
-11826,-2097,-724992,-2804736,406200
-427,-302,0,3616768,-706400
-4406,1865,0,-443392,86600
18001,-1772,-1118208,-1261568,28000
-10905,-630,0,-488448,95400
-10062,2268,-147456,2358272,-489400
15239,3543,73728,482304,-79800
5549,-992,0,-1349632,263600
-12876,-3653,0,-978944,191200
-6185,699,-73728,4194304,-833600
9657,1628,-479232,-1106944,122600
4929,-813,0,-2670592,521600
-15019,-3095,-1617920,580608,-429400
-3460,1314,-1396736,1695744,-604000
21522,4641,-856064,-2757632,371400
-10115,-5662,0,-954368,186400
-13370,720,-761856,4480000,-1023800
12578,3578,0,-1463296,285800
14218,-1393,-102400,-648192,106600
-21286,-2492,0,690176,-134800
-363,3062,-57344,2042880,-410200
21112,594,-40960,-1855488,354400
-8502,-5423,0,-1795072,350600
-12835,3110,0,3677184,-718200
13193,1390,-45056,746496,-154600
4833,-1197,0,-1997824,390200
-9210,-1105,-106496,2111488,-433200
-7761,1262,0,3019776,-589800
14555,3188,0,-3277824,640200
-3466,-5915,0,-362496,70800
-19157,3935,0,211968,-41400
21728,87,-16384,514048,-103600
-5786,-5266,0,-1396736,272800
-13609,1988,-143360,1892352,-397600
24854,2561,0,-1034240,202000
-19119,-5943,-229376,-2817024,505400
7535,5143,0,5355520,-1046000
8452,81,0,-2354176,459800
-8990,-2228,-237568,-1297408,207000
-4550,239,-208896,2368512,-503400
5371,1662,0,594944,-116200
2532,1961,-233472,-1926144,330600
7964,921,0,514048,-112800
1073,-608,-147456,557056,-125200
-268,-778,0,-309248,60400
-10934,-621,-61440,-204800,28000
-1867,822,0,344064,-67200
1783,205,24576,276480,-53400
1842,-449,110592,24576,21000
-2437,-255,24576,145408,-23600
-792,2518,0,-907264,177200
4977,806,0,894976,-174800
5459,-239,0,123904,-24200
-10917,-3044,135168,478208,-67000
-5416,-21,0,-271360,53000
6520,3345,0,-151552,29600
9992,1547,0,531456,-103800
-268,-1434,-12288,389120,-78400
-7229,-1533,0,-40960,8000
-1072,-830,-49152,-266240,42400
259,-875,0,691200,-103200
184,-1061,-12288,133120,-60200
-4583,-515,0,1866752,-364600
-1692,1502,-110592,-866304,147600
3221,1700,12288,799744,-153800
254,-1241,0,630784,-123200
-3538,-664,0,547840,-107000
2972,1820,0,570368,-111400
3773,378,0,115712,-22600
-1072,-1768,-12288,449536,-90200
-2753,-532,0,651264,-127200
1863,1227,0,739328,-144400
1444,999,12288,59392,-9200
2293,-175,0,-11264,2200
-74,-629,12288,402432,-76200
-4257,-749,0,229376,-44800
-1217,351,-24576,-272384,48400
3145,23,0,738304,-144200
517,1666,-12288,376832,-76000
961,-41,12288,370688,-70000
703,-406,0,237568,-36600
-370,-753,12288,-246784,40800
808,-243,36864,284672,-48400
-2398,-997,0,-179200,26200
-739,503,24576,669696,-117200
-37,463,12288,405504,-76800
-1911,119,24576,-76800,19800
-778,-355,0,-27648,5400
467,264,24576,-24576,9600
2887,1096,24576,181248,-30600
1368,202,0,89088,-17400
4721,-338,98304,580608,-94200
-537,-520,110592,-444416,108400
-1432,-307,0,-370688,72400
-6780,-183,172032,-223232,77200
-1384,81,98304,-183296,55000
-594,659,0,-278528,54400
3222,691,356352,-652288,197000
9922,864,0,-389120,76000
-716,-1150,90112,-1044480,221600
-8344,-1717,0,4096,-800
-4726,295,12288,406528,-77000
499,1036,16384,-812032,161800
7380,1102,0,-1690624,330200
1342,-1742,0,38912,-7600
358,-737,0,194560,-38000
-179,-723,0,-159744,31200
-2752,-616,77824,61440,3200
-850,-277,69632,-144384,41800
-1072,-46,0,-653312,169400
1849,183,217088,-528384,103800
-444,-1783,294912,-95232,76200
-1479,-968,69632,-629760,136600
-3035,132,0,-956416,186800
-3670,-200,524288,-858112,270000
1838,489,565248,-278528,164800
-606,-680,294912,-760832,206200
797,1229,626688,672768,-15800
3011,-588,0,194560,-31200
-3244,709,450560,-385024,163200
-1645,-239,516096,-822272,261400
3328,313,0,-249856,48800
3707,1031,479232,15360,90600
2107,454,0,-28672,5600
-555,-426,110592,30720,15600
-5734,-146,0,-262144,51200
-2044,-51,0,-111616,21800
1093,316,0,-304128,59400
1403,8,0,-869376,169800
4728,1116,-1441792,676864,-413800
961,-172,-1601536,-122880,-288800
-1183,695,-208896,-228352,3800
-3176,-206,-741376,-620544,-23600
-2757,-8,0,-714752,139600
-1027,324,0,-1165312,227600
501,297,-249856,-1243136,194000
2476,297,-16384,261120,-54200
1882,398,-77824,-324608,48200
2877,520,0,-285696,55800
407,42,-385024,-259072,-24600
-2329,-146,-49152,-659456,119200
887,580,0,41984,-8200
2855,112,0,-799744,156200
4475,677,0,934912,-182600
-6036,-143,-221184,-517120,57800
-924,226,147456,-43008,37200
518,109,36864,621568,-114200
1430,-217,0,287744,-56200
4923,852,0,-120832,23600
-716,-759,0,939008,-183400
-2954,-504,1900544,-560128,480600
-179,989,0,-269312,52600
-2172,-283,2580480,100352,484400
1009,-297,2473984,363520,412200
3759,289,2502656,8192,487200
-1522,-53,688128,1197056,-99400
-89,-750,1794048,-348160,418400
1790,1690,1155072,-294912,283200
-4762,-309,458752,-173056,123400
-3163,-46,4235264,-446464,914400
575,159,0,316416,-61800
444,134,2760704,184320,503200
1811,-207,1880064,263168,315800
-1183,543,2297856,1079296,238000
-296,1037,266240,-1203200,287000
1553,799,0,-322560,63000
8422,478,-1052672,329728,-270000
89,-87,0,56320,-11000
-89,-1378,-6930432,-602112,-1236000
-8200,-891,0,678912,-132600
-702,2597,-5476352,-47104,-1060400
2547,-776,0,-610304,119200
-8340,-1584,-1269760,-365568,-176600
5756,1717,-118784,-342016,43600
8760,976,-1228800,2215936,-672800
-1432,-66,-991232,-734208,-50200
2863,-438,-2699264,156672,-557800
-3937,-3569,-1433600,1742848,-620400
-10845,1221,-2314240,-259072,-401400
13619,1652,-434176,-240640,-37800
-1521,91,0,-210944,41200
1074,-1068,-716800,-1241088,102400
-15744,-4202,221184,2230272,-392400
3079,4544,28672,1189888,-226800
22140,-110,0,-1018880,199000
-9744,-2620,-12288,-1104896,213400
-10124,1834,-16384,2372608,-466600
2736,944,0,1434624,-280200
11236,-1228,-65536,-2092032,395800
-21020,-5345,-12288,1073152,-212000
18425,4419,24576,190464,-32400
-11377,-3954,28672,-1065984,213800
11466,4361,0,2679808,-523400
-9580,-3529,0,-1624064,317200
-4073,2634,0,3544064,-692200
13027,117,-12288,-3668992,696800
-15648,-7605,0,1664000,-307600
-5158,3287,-221184,-516096,57600
20806,1897,0,-142336,27800
-8843,-3923,-229376,-942080,139200
-12220,978,-172032,1757184,-376800
11480,4617,-61440,2831360,-565000
6719,445,-24576,-1983488,382600
-3401,-2497,0,2598912,-507600
-11472,-3362,-184320,-664576,93800
-2039,2127,-36864,-950272,178400
21566,2965,-24576,339968,-71200
-6354,-2753,0,-1687552,329600
-5869,1141,0,2696192,-526600
-2198,1399,0,3645440,-712000
12810,-386,0,-4649984,908200
537,-2300,0,490496,-95800
-20164,2,-24576,322560,-67800
12378,4307,-110592,1742848,-362000
7070,-480,-122880,226304,-68200
0,-543,-36864,-1987584,381000
358,-1601,0,727040,-142000
-9238,1859,0,-108544,-68400
8522,3924,0,-207872,130200
1163,-1913,-24576,1888256,-373600
-12616,1336,0,-829440,162000
8142,2476,0,1842176,-359800
-6653,-157,0,-2544640,497000
13186,1902,0,897024,-175200
-2775,-442,0,-1255424,245200
4207,1602,0,245760,-48000
-5728,-2942,0,730112,-142600
-1879,2218,0,-2617344,511200
2864,296,0,1183744,-231200
-6265,-944,-16384,-2026496,392600
5012,2426,0,402432,-78600
4564,919,0,-454656,88800
-2238,-1232,0,-140288,27400
-358,44,0,-608256,118800
5191,1752,-36864,-284672,48400
3052,216,-61440,396288,-89400
-1083,296,-24576,203776,-44600
-5638,-895,36864,76800,-7800
-1253,-1007,0,-229376,44800
626,-458,24576,-100352,24400
537,-25,0,538624,-105200
-984,-298,24576,260096,-46000
537,269,0,379904,-74200
-1432,1190,12288,897024,-172800
-89,106,12288,558080,-106600
89,480,0,363520,-92800
626,987,0,1339392,-239800
2059,691,28672,641024,-119600
4296,-18,0,1191936,-232800
-2596,-652,0,66560,-13000
3043,1072,0,189440,-37000
1705,544,0,-347136,67800
-961,-779,0,1387520,-271000
-7814,-360,0,433152,-84600
-90,943,0,1019904,-199200
4117,3086,0,227328,-44400
10293,-1032,0,-198656,38800
452,573,0,329728,-64400
-11103,-1083,0,1060864,-207200
-3580,425,0,25600,-5000
4565,2641,0,-660480,116800
10940,1915,0,-503808,110600
1813,-2628,0,297984,-58200
-8706,-612,0,-59392,11600
-7448,700,0,-435200,85000
7190,2606,0,114688,-22400
7214,549,0,-759808,148400
271,-1666,0,-984064,192200
-6524,-1914,0,-482304,94200
-5108,3687,0,2772992,-527200
5847,270,0,134144,-40600
2846,-115,-40960,-238592,38600
1664,-189,-12288,-1119232,216200
309,104,0,672768,-131400
862,-274,-36864,992256,-201000
-6457,569,0,546816,-106800
-2565,-480,24576,433152,-79800
9649,2064,36864,-263168,58600
4208,171,28672,-171008,39000
-4940,-2489,0,-936960,183000
-6019,-280,0,38912,-7600
-1220,1294,0,1509376,-294800
4794,2178,0,117760,-23000
2090,-705,0,-269312,52600
1442,-251,0,-795648,155400
3853,516,0,644096,-125800
-7362,-3049,0,1844224,-360200
-11955,-137,0,-482304,94200
12526,3404,0,783360,-153000
7096,-755,12288,30720,-3600
-3368,-961,0,-583680,114000
999,431,0,633856,-123800
-2458,-1477,0,1486848,-290400
-12289,-972,0,-807936,157800
7303,4625,0,-1380352,269600
9909,-190,12288,-1548288,304800
-4463,-1989,0,-2949120,576000
-6676,858,0,-2097152,409600
592,2153,12288,-166912,35000
10098,2663,0,-551936,107800
3377,319,24576,-841728,169200
-1744,-2380,24576,-3007488,592200
-8067,1016,0,291840,-57000
-2376,589,98304,626688,-103200
-56,217,73728,-30720,20400
5568,1037,0,-1190912,232600
4052,-117,0,-1955840,382000
-2789,-1595,0,-618496,120800
-3358,499,233472,692224,-89600
-708,664,0,-297984,58200
-476,-231,0,-321536,62800
1518,-234,49152,-263168,61000
1087,-772,0,-38912,7600
1277,-510,12288,-96256,21200
19,-886,0,39936,-7800
694,1278,49152,-18432,13200
-1802,-689,0,-244736,47800
373,-1365,0,-246784,48200
-3094,-943,122880,-93184,29400
-2220,-1051,0,11264,10600
-2297,-975,0,-7168,1400
-1220,2869,-24576,83968,-21200
3659,55,24576,-82944,21000
5945,-1438,24576,-657408,133200
-924,-2262,147456,-624640,150800
-1748,-1261,114688,120832,-1200
-3132,-228,438272,-49152,87000
1509,998,98304,-277504,81600
-24,-464,0,-909312,177600
-1938,-809,274432,-728064,195800
-622,-433,0,-600064,117200
57,-343,516096,107520,79800
-1230,-195,323584,-684032,196800
-1035,-512,0,21504,-4200
-1331,-578,573440,-1658880,436000
-1827,-238,446464,-297984,145400
447,-741,409600,-852992,246600
-626,-938,0,-76800,-32000
4853,671,1150976,156672,241200
-1220,649,217088,1584128,-267000
-813,-756,0,-1112064,217200
-2910,-248,348160,-199680,107000
358,-536,0,413696,-80800
3476,209,0,446464,-87200
-3297,-260,0,1136640,-222000
-4117,-843,0,-709632,138600
3222,-107,0,-893952,174600
2528,418,2162688,382976,347600
-3244,-30,0,99328,-19400
-3311,-1034,999424,-1130496,416000
358,-813,0,-1166336,227800
5012,259,0,-27648,5400
-4296,-36,98304,7168,17800
-1343,363,-98304,-796672,136400
0,-719,815104,-1346560,422200
4207,-259,0,-659456,128800
3098,560,2244608,-248832,487000
-3098,217,-131072,548864,-132800
-2506,-1347,131072,-827392,187200
-1969,-233,-385024,-167936,-42400
1163,365,0,-1771520,346000
1253,623,-376832,-431104,10600
4824,797,-241664,-132096,-21400
2477,1031,-1454080,348160,-352000
-3542,-903,-696320,-399360,-58000
-5907,66,-1712128,-1058816,-127600
2417,1757,-299008,-1294336,194400
4370,-88,0,-272384,53200
555,-387,-876544,76800,-186200
-898,925,-241664,368640,-119200
4467,2134,-864256,599040,-285800
1962,300,0,1256448,-245400
-4311,-856,0,-662528,129400
-4892,601,-1843200,-199680,-321000
6223,389,0,589824,-115200
-2773,-549,0,572416,-111800
-4972,-1054,-999424,108544,-216400
3849,1273,0,398336,-77800
5084,101,0,236544,-46200
-56,-697,-69632,-139264,13600
-3203,542,0,-21504,4200
5479,218,0,377856,-73800
-690,-1182,-135168,951296,-212200
-5750,389,-28672,-130048,19800
2958,1211,0,230400,-45000
2479,-2411,-241664,-464896,43600
-7554,587,0,636928,-124400
3559,1487,-360448,951296,-256200
3797,548,-114688,1318912,-280000
-4241,-986,-561152,1008640,-306600
-1415,711,-86016,-123904,7400
5740,2170,-98304,1471488,-306600
-2036,-2032,-98304,446464,-106400
-6478,-600,-159744,1349632,-294800
4707,950,-36864,1312768,-263600
1884,255,-36864,635904,-131400
-2402,-1013,0,798720,-156000
-6337,500,-12288,-367616,69400
10875,1052,0,172032,23400
-4612,-1076,0,372736,-129800
-369,629,0,22528,-4400
4712,-400,0,-412672,80600
-3233,163,0,-720896,140800
6667,1758,0,0,0
-2000,-3695,0,296960,-58000
-2849,1072,0,-1009664,197200
5309,365,-16384,1122304,-222400
-14500,-1648,0,573440,-112000
1432,3533,0,883712,-172600
17793,2177,0,-99328,19400
-5854,-5380,0,-2810880,549000
-15340,1397,0,3817472,-745600
16198,3718,0,402432,-78600
9538,-978,0,-1091584,213200
-17097,-2842,0,2115584,-413200
7412,4050,0,2856960,-558000
2791,-1547,0,-3815424,745200
-13741,10,0,1579008,-308400
17467,1676,0,1528832,-298600
722,-1360,0,-1981440,387000
-15575,-2515,0,670720,-131000
-3867,3202,0,1814528,-354400
22336,2527,0,-907264,177200
-11747,-7235,0,-705536,137800
-14974,4763,0,864256,-168800
12942,1966,0,1324032,-258600
16985,-1848,0,-631808,123400
-29838,-3210,0,1599488,-312400
9790,6017,0,1643520,-321000
16522,-5049,0,-2341888,457400
-25059,-699,0,2169856,-423800
7871,3627,0,1154048,-225400
16829,-1687,0,-1372160,268000
-21388,-3320,0,826368,-161400
-895,3278,-12288,1929216,-379200
24335,4339,0,-2867200,560000
-18067,-6321,0,3128320,-611000
-3762,3973,-36864,899072,-182800
13926,-2351,-98304,-1624064,375400
-18312,332,0,2890752,-642000
19232,-257,0,-3508224,685200
-20753,-2653,-430080,4305920,-925000
24092,4417,0,-3893248,760400
-24450,-5139,-49152,4961280,-978600
17398,3609,-12288,-1703936,330400
3472,-2059,12288,-1242112,245000
-20959,-1380,0,2017280,-394000
11192,6428,-49152,-1027072,191000
16084,-1791,-73728,-1355776,250400
-27008,-2001,-49152,-172032,24000
1253,2503,-126976,1227776,-264600
20224,253,0,-1617920,316000
-8251,-4802,0,346112,-67600
-14926,1054,65536,1590272,-297800
5459,3924,24576,1014784,-193400
15458,-993,61440,-2305024,462200
-6341,-1855,24576,220160,-38200
-12160,-686,0,675840,-132000
7468,861,110592,1453056,-262200
5898,769,196608,-657408,166800
214,-2640,0,-2831360,553000
-5890,-2255,172032,2143232,-385000
-7780,2704,24576,2740224,-530400
11006,480,110592,-2064384,424800
2973,-2236,0,-2012160,393000
-14873,-2585,0,3034112,-370200
357,1235,0,37888,-229800
11458,2865,0,-1815552,354600
226,-3131,0,1654784,-323200
-8730,-1065,0,23552,-4600
-3043,-3,12288,530432,-101200
-179,1144,73728,-49152,24000
805,-120,0,-768000,150000
7669,1742,65536,27648,7400
1626,254,0,196608,-38400
1993,-656,0,772096,-150800
651,-909,0,-209920,41000
-735,-528,0,-87040,17000
-1391,-348,0,-651264,127200
-665,140,0,109568,-21400
-1184,-700,0,105472,-20600
-517,182,0,185344,-36200
1848,383,0,3072,-600
629,744,0,-256000,50000
-296,-172,0,-417792,81600
-517,101,0,250880,-49000
221,58,0,-86016,16800
-887,-766,0,-1258496,245800
74,288,0,952320,-186000
37,-39,0,-54272,10600
-1220,79,0,-188416,36800
-111,-274,12288,-226304,46600
-781,91,12288,-651264,129600
-268,135,0,-752640,147000
-2954,-537,0,476160,-93000
-805,-133,184320,-191488,73400
1253,-404,0,-132096,25800
-985,-88,0,-840704,164200
269,-275,221184,77824,28000
-985,0,73728,-849920,180400
448,143,0,833536,-162800
268,-308,344064,-352256,136000
448,-339,0,-7168,1400
-537,-247,880640,-133120,198000
-269,-239,0,-581632,113600
-537,-594,798720,-183296,191800
1432,1154,1445888,60416,270600
1253,-553,491520,-321536,158800
-2685,-513,0,-672768,131400
537,-312,3678208,207872,677800
-1342,-225,0,-1470464,287200
895,-6,2646016,194560,478800
-90,-192,0,-1087488,212400
-1969,896,5513216,393216,1000000
-537,284,0,-667648,130400
-89,529,5697536,-122880,1136800
1163,112,6578176,-464896,1375600
3401,580,1200128,-16384,237600
4021,-117,4571136,-1204224,1128000
443,-1629,348160,-718848,208400
-7059,-417,0,-114688,22400
-1432,598,0,-403456,78800
-537,372,0,-102400,20000
447,672,-6414336,-600064,-1135600
7620,1094,-1150976,-19456,-221000
-1355,-2249,0,-657408,128400
1022,-321,-1105920,-205824,-175800
222,58,-270336,104448,-73200
-2765,-374,-1564672,342016,-372400
1163,-152,0,-244736,47800
1861,140,-4829184,145408,-971600
-2935,-974,-3407872,118784,-688800
-4475,543,-2097152,-409600,-329600
-1252,175,-2830336,-76800,-537800
894,-223,-581632,258048,-164000
3938,-618,-446464,364544,-158400
-3311,-616,0,210944,-41200
-2058,1131,0,-103424,20200
984,2075,110592,-51200,31600
2327,-785,0,69632,-13600
2685,-711,0,2048,-400
-4296,-1595,-217088,-40960,-34400
2506,580,-823296,-261120,-109800
4475,1443,-659456,219136,-171600
444,-72,-2838528,-5120,-553400
-4382,-1196,-589824,-110592,-93600
-4296,15,0,-154624,30200
358,282,-2224128,156672,-465000
179,-1077,0,24576,-4800
-537,-497,0,86016,-16800
269,2902,-188416,-253952,12800
2774,202,0,418816,-81800
7484,-951,0,146432,-28600
-5426,-1651,0,-126976,24800
-4385,208,0,-234496,45800
-179,-477,1114112,272384,164400
89,261,2306048,16384,447200
716,-701,0,-428032,83600
2327,19,2605056,-260096,559600
2327,805,0,46080,-9000
1880,212,2555904,125952,474600
-7339,-1177,0,140288,-27400
-984,341,1691648,123904,306200
2416,1471,0,-425984,83200
7300,788,5316608,-82944,1054600
1295,-1414,999424,-784384,348400
-11101,-986,6598656,867328,1119400
-3043,589,0,453632,-88600
4654,1101,2527232,-574464,605800
10229,-1109,888832,-302080,237000
-2107,38,303104,-467968,146200
-10628,-952,-303104,166912,-91800
-1790,1081,-299008,-44032,-49800
3043,728,-4169728,-150528,-785000
3311,455,-258048,270336,-103200
5472,-2054,0,462848,-90400
-6635,25,-1495040,-1154048,-66600
-895,-18,0,40960,-8000
1969,-301,0,701440,-137000
-3401,-382,0,-160768,31400
-1074,1747,-5558272,202752,-1125200
7518,1821,0,106496,-20800
-627,-3353,-6242304,-471040,-1127200
-4743,560,0,-571392,111600
2774,-393,-5095424,1394688,-1267600
-7786,-331,0,135168,-26400
5549,3303,-3674112,215040,-759600
1163,-2640,-270336,273408,-106200
-895,-377,-770048,-645120,-24400
-1521,-1288,-274432,1001472,-249200
-12490,1,0,-162816,31800
11685,1966,-499712,910336,-275400
1968,-341,0,-1095680,214000
9770,1224,-110592,-1029120,179400
-11380,-513,-135168,3514368,-712800
-8932,295,-159744,-567296,79600
18168,1396,-61440,887808,-185400
-4314,-3784,-61440,-2055168,398200
-3938,1116,0,2670592,-530400
-1700,481,0,3249152,-634600
9989,3487,12288,-3523584,690600
5449,-2500,0,280576,-54800
-19287,-2800,196608,306176,-21400
3401,5241,0,2331648,-455400
14694,-701,147456,-1351680,292800
-12546,-3999,0,-2081792,406600
-9657,-318,73728,1756160,-328600
4735,1891,0,163840,-32000
10918,1122,-12288,-1417216,274400
-2864,-3868,-12288,708608,-140800
-15339,-799,-36864,847872,-172800
19009,6540,-98304,-1479680,32600
4726,-5349,-86016,-1124352,440000
-23282,-1738,-12288,2333696,-458200
18019,4671,0,2980864,-582200
2430,-841,61440,-2017280,406000
-11738,-2155,0,-65536,12800
-6318,71,49152,3010560,-578400
11777,2678,0,-5030912,982600
-1342,-1819,233472,3342336,-607200
-16048,-710,0,142336,-27800
29829,2383,331776,-1213440,301800
-10738,-4781,0,-826368,161400
-17229,1427,0,904192,-176600
17139,4373,0,1763328,-344400
-1074,-4421,692224,-4209664,957400
-9934,-313,28672,1273856,-243200
3938,1264,61440,1368064,-255200
1343,415,12288,303104,-56800
1700,-292,126976,-916480,203800
0,-7,28672,-1934336,383400
2595,-80,0,-43008,8400
-1521,-725,98304,1881088,-348200
-3222,-1165,0,57344,-11200
-4922,390,0,-779264,152200
4385,1289,323584,-253952,112800
4922,18,0,424960,-74600
-1074,-902,61440,-173056,37400
-895,-854,-20480,-116736,18800
-268,1136,0,119808,-34800
0,576,0,-30720,17400
-89,-188,-151552,58368,-41000
-1880,-923,0,1047552,-204600
-2953,-794,-212992,-704512,96000
-2775,39,0,-45056,8800
5460,924,-126976,-200704,38000
1969,71,16384,15360,-23400
268,-73,12288,-388096,78200
0,-170,0,707584,-138200
0,201,0,-704512,137600
-537,10,274432,-334848,119000
179,427,0,243712,-47600
90,-18,352256,282624,13600
-806,-748,65536,260096,-38000
-1074,-2115,204800,162816,8200
-5191,-1082,0,222208,-43400
-2133,441,225280,-1440768,325400
481,1101,28672,484352,-89000
961,589,0,-281600,55000
4987,1088,106496,552960,-76800
-1611,-167,0,-169984,22800
-3339,-2086,454656,-134144,115000
744,749,102400,-503808,118400
2327,462,479232,181248,58200
3222,554,471040,555008,-16400
-1343,-116,0,-314368,61400
-3669,-686,802816,-169984,190000
179,-77,0,-399360,78000
3759,944,1179648,-11264,232600
2416,-967,0,611328,-119400
269,7,733184,-226304,187400
-806,-414,237568,16384,43200
-1521,754,0,-659456,128800
2237,-234,2125824,-387072,490800
358,-1014,0,627712,-122600
-3490,-1065,0,-214016,41800
-5237,-420,540672,73728,91200
-2357,949,-221184,53248,-53600
4551,594,-212992,-172032,-8000
-1787,-621,0,933888,-182400
-2588,-216,-315392,-1123328,157800
10461,-1371,0,1668096,-325800
268,55,860160,-709632,306600
-5728,-1043,0,-157696,30800
-6083,565,0,-331776,64800
2931,787,0,1101824,-215200
-555,12,0,1349632,-263600
-1753,1223,2236416,-2801664,984000
11277,-541,-135168,294912,-84000
-178,-1657,135168,317440,-35600
-12995,-2696,0,655360,-128000
708,2446,-135168,286720,-82400
11571,2085,0,619520,-121000
-90,-2400,135168,-673792,158000
-2864,123,135168,-185344,62600
-6194,-1936,0,292864,-57200
-7897,-488,0,-400384,78200
3327,2381,-270336,-70656,-39000
14523,163,-1040384,-63488,-190800
-6712,-2527,-241664,-1291264,205000
-8286,894,-1781760,2515968,-839400
4008,-206,0,694272,-135600
-453,-406,-1568768,-396288,-229000
7416,2284,-2916352,-1044480,-365600
4027,401,-282624,720896,-196000
-5012,-3273,-737280,753664,-275800
-8298,-277,-348160,-564224,26800
226,1162,0,-404480,79000
-297,-269,-335872,738304,-209800
-4092,-181,-167936,-1276928,216600
13356,2950,-372736,-595968,43600
5012,-336,0,-880640,172000
-5280,-124,-237568,1295360,-299400
-12881,-1530,-20480,896000,-179000
12344,2023,0,1106944,-216200
5280,-1674,0,-2931712,572600
-4922,-2477,0,1139712,-222600
-14279,-1045,102400,1115136,-197800
4606,4429,667648,-1838080,489400
12179,258,364544,-190464,108400
-2327,-2848,0,560128,-109400
-12015,-991,1085440,417792,130400
-2443,2511,1028096,736256,57000
18754,3374,815104,-929792,340800
268,-3030,348160,-1347584,331200
-13489,-1221,2084864,1670144,81000
-7143,546,0,1531904,-299200
10168,2011,1454080,-2122752,698600
10285,-1532,-110592,-1156096,204200
-11245,-3919,110592,524288,-80800
-9144,399,225280,2598912,-463600
16004,3736,233472,-1349632,309200
4385,649,0,-1753088,342400
-12178,-2999,360448,1000448,-125000
-8227,-746,241664,-115712,69800
7000,3975,126976,-103424,45000
13405,470,0,-71680,14000
-2058,-3648,0,-645120,126000
-14070,320,-249856,159744,-80000
-4614,1196,-712704,976896,-330000
8309,1685,-663552,19456,-133400
9569,-381,-1015808,-1883136,169400
-447,-923,-466944,289792,-147800
895,174,0,315392,-61600
-4117,-612,0,1562624,-305200
-6607,-799,0,-635904,124200
-1715,695,0,-1159168,205400
3525,941,0,555008,-87400
2006,162,0,1077248,-210400
-148,-205,90112,24576,12800
148,-208,94208,-719872,159000
776,400,978944,385024,116000
4610,394,536576,-208896,145600
2059,-558,679936,-326656,196600
-6853,-2233,118784,612352,-96400
-4352,2588,118784,-301056,82000
-28,-897,491520,-312320,157000
396,-101,126976,724992,-116800
85,-973,0,177152,-34600
-1059,-206,126976,475136,-68000
-2459,-24,0,265216,-51800
1555,2234,-126976,555008,-133200
3576,-465,-253952,108544,-29000
-2122,-1635,0,-119808,-18400
-4748,-623,0,-412672,80600
5766,2001,-1712128,768000,-484400
1188,-1238,0,-54272,10600
-2263,-486,-1536000,-39936,-292200
-1587,883,-258048,-245760,-2400
1842,197,0,-95232,18600
4764,-978,-569344,764928,-260600
-3944,-884,0,-666624,130200
-2163,128,237568,-946176,231200
8468,1165,0,-841728,164400
895,-824,331776,352256,-4000
-6040,-2217,0,-4096,800
-2514,-660,0,-1460224,285200
-2611,-6,86016,-237568,63200
63,-260,0,-798720,156000
481,-351,86016,-271360,69800
-523,1400,0,204800,-57000
1092,-131,352256,44032,77200
3673,167,0,-872448,170400
396,-739,0,-141312,27600
-3285,-880,0,-477184,93200
-1395,-483,0,300032,-58600
1229,1165,-90112,-121856,6200
-2853,-389,0,155648,-30400
-716,-223,-90112,-349184,50600
6114,1281,0,14336,-2800
3374,128,0,23552,-4600
-591,-1672,-86016,724992,-158400
-2273,-672,-86016,-231424,28400
-2651,644,0,654336,-127800
1236,443,-1941504,355328,-448600
3170,539,-425984,979968,-274600
148,-737,0,1969152,-384600
-5600,-974,-606208,53248,-128800
523,744,0,889856,-173800
4633,791,-249856,1499136,-341600
1147,-177,-94208,1557504,-322600
-3314,-414,-315392,764928,-211000
-1396,1005,0,982016,-191800
-476,735,-331776,-34816,-58000
1901,-1317,0,-50176,9800
-2281,-564,-577536,1116160,-330800
-594,-44,-94208,950272,-204000
-357,294,61440,-115712,34600
4927,1148,-28672,1167360,-233600
2514,537,-32768,1082368,-217800
-3304,-1158,-122880,-309248,36400
-5032,-245,0,499712,-97600
2631,732,-286720,166912,-88600
-191,-399,0,74752,-14600
-760,-776,-442368,-300032,-27800
-3744,-418,0,-194560,38000
3744,1692,-421888,1068032,-291000
1938,-846,-106496,-25600,-15800
3202,374,-266240,-330752,12600
296,161,0,286720,-62800
-2650,47,-237568,-560128,69800
-3048,84,-208896,-463872,49800
-1314,444,0,-199680,39000
1052,-1203,-413696,-184320,-44800
1070,312,0,-510976,99800
3411,952,-311296,-90112,-43200
-2642,586,0,81920,-16000
-3163,-807,-110592,-1641472,299000
1206,846,0,-665600,130000
2240,320,24576,560128,-104600
2063,648,36864,-148480,36200
-1837,368,61440,-78848,27400
1641,385,36864,-551936,115000
-2263,68,-49152,-663552,120000
-537,-57,0,-1187840,232000
1414,453,12288,291840,-54600
-141,-201,122880,-356352,93600
198,-290,12288,15360,-600
226,-214,0,-567296,110800
1262,-191,212992,-135168,68000
1331,135,0,-563200,110000
-850,995,204800,166912,7400
-148,-65,12288,-192512,40000
-2444,-360,200704,-968704,228400
-848,-141,225280,-783360,197000
-1886,154,294912,-1000448,253000
1221,-170,0,-459776,89800
713,735,0,1060864,-207200
2441,-17,954368,-415744,267600
914,-614,0,-1264640,247000
2477,-156,1396736,-974848,463200
-777,-1009,831488,516096,61600
-6905,-2154,0,1709056,-333800
-3798,2167,843776,-1074176,374600
4697,800,319488,-605184,180600
13233,208,0,60416,-11800
-9297,-3222,1724416,-95232,355400
-9885,-275,0,768000,-150000
3524,1294,1921024,703488,237800
105,963,663552,-2352128,589000
9214,1649,1343488,479232,168800
5265,-2742,262144,-442368,137600
-19375,-1392,2002944,-155648,421600
6275,5031,1114112,3009536,-370200
5136,-1492,335872,-1827840,422600
7069,-1194,4378624,-1240064,1097400
-7646,-1605,1318912,14336,254800
-13376,-44,0,-645120,126000
15875,4702,5820416,4167680,444200
370,-2746,0,-3062784,476800
-222,-1224,0,-3935232,768600
-7268,-1209,1740800,3729408,-388400
-8202,659,602112,714752,-22000
12371,3377,0,-1669120,326000
10962,-1616,303104,-1750016,401000
-19852,-4416,2543616,-1396736,769600
2256,2853,0,3857408,-753400
3706,1357,1683456,-1006592,525400
1881,-428,0,-2134016,416800
3666,-2257,0,303104,-59200
-15368,-880,0,945152,-184600
11928,4538,0,365568,-71400
12320,-371,0,-2051072,400600
-14404,-2365,-6303744,-819200,-1071200
-4888,1302,0,3249152,-634600
207,603,-7708672,-1067008,-1297200
19085,2319,-1835008,-1293312,-105800
-9472,-5058,-5591040,-2216960,-659000
4818,2664,-667648,2235392,-567000
-14863,-1827,0,-69632,0
6575,2260,0,322560,-49400
-5229,-375,0,-25600,5000
17903,2934,-3211264,153600,-657200
-8945,-2980,0,-122880,24000
-5738,-1331,0,546816,-106800
-7336,-80,0,-555008,108400
10448,3436,-1523712,311296,-358400
11839,-1302,0,-748544,146200
-9398,-1184,-1593344,-722944,-170000
-3318,-333,0,2823168,-551400
-8892,1956,-1441792,361472,-352200
15791,768,0,-331776,64800
3669,-1440,-1769472,-533504,-241400
-13980,-922,-212992,-766976,108200
-2922,171,-540672,2653184,-623800
1143,2212,0,-348160,68000
8472,1677,-253952,-1723392,287000
3439,-1766,-147456,1047552,-233400
-10718,-2121,0,497664,-97200
-1626,1417,0,-471040,92000
8276,1811,0,292864,-57200
9438,-485,-552960,1028096,-308800
-3849,-1778,0,-287744,56200
-6911,-595,0,-83968,16400
-3018,-1039,0,408576,-79800
975,-240,-12288,418816,-84200
-1022,-244,0,708608,-138400
-1698,-967,-36864,375808,-80600
-857,-601,-24576,-146432,23800
1024,140,12288,793600,-152600
913,648,12288,958464,-184800
-913,-249,110592,-299008,80000
3181,55,0,279552,-54600
1867,-363,0,431104,-84200
-1697,-1347,61440,1521664,-285200
-2828,509,0,-539648,105400
-63,-424,36864,702464,-130000
-5749,168,-12288,69632,-16000
1356,359,-12288,25600,-7400
7397,1028,0,277504,-54200
3416,84,-24576,573440,-116800
-3840,-1273,0,250880,-49000
-2009,-1302,-12288,-56320,8600
-487,172,0,609280,-119000
-1979,-47,-24576,508928,-104200
208,35,0,275456,-53800
788,317,-12288,1044480,-206400
899,-200,0,581632,-113600
-857,149,-24576,217088,-47200
3776,624,12288,-66560,15400
1726,756,0,-34816,6800
407,-249,0,104448,-20400
-577,-754,-135168,362496,-97200
-254,408,49152,630784,-113600
-4388,-1123,12288,392192,-74200
-1108,-159,110592,-125952,46200
1894,40,24576,-605184,123000
785,191,0,55296,-10800
-3299,40,61440,-106496,32800
-678,96,0,131072,-25600
678,652,0,-182272,35600
662,937,290816,356352,-29000
334,677,159744,189440,10400
3087,516,0,147456,-28800
5267,-216,147456,-461824,119000
-3319,-632,0,630784,-123200
-3921,-1017,12288,-16384,5600
1212,247,16384,21504,-1000
-451,226,0,267264,-52200
-1206,-4,-16384,-112640,18800
-711,-143,-53248,-616448,110000
2535,99,-106496,477184,-114000
-1740,217,0,-347136,67800
-837,18,-196608,-1018880,160600
2030,972,-77824,-36864,-8000
-380,356,0,-265216,51800
-1984,859,0,-349184,100600
-1313,-313,0,-178176,2400
4367,450,24576,-62464,17000
1352,909,118784,196608,-15200
-453,245,61440,-195584,50200
1443,97,0,40960,-8000
-424,-96,389120,-580608,189400
311,449,28672,229376,-39200
-141,412,118784,122880,-800
-1104,-7,262144,-291840,108200
4549,378,0,-1037312,202600
2972,366,544768,43008,98000
-1522,-1269,491520,555008,-12400
-8410,-124,81920,190464,-21200
-2337,1197,237568,424960,-36600
1170,1469,466944,-284672,146800
11904,1549,0,-801792,156600
3670,-675,0,-145408,28400
-6929,-2614,0,365568,-71400
-6479,32,962560,-121856,211800
451,2010,192512,645120,-88400
5067,1082,0,108544,-21200
1356,-813,208896,-673792,172400
90,-553,159744,-430080,115200
2148,1293,458752,-552960,197600
4027,-1168,0,902144,-176200
-358,-370,0,-487424,95200
-7079,-432,0,-160768,31400
-5512,673,0,-120832,23600
3553,-116,1277952,-374784,322800
-2783,-497,0,754688,-147400
707,3038,0,-1509376,294800
8877,408,1695744,79872,315600
3669,-1196,0,317440,-62000
-9102,-2681,1327104,81920,243200
-4517,116,0,-1531904,299200
2816,1468,0,1173504,-229200
3106,-180,1921024,-1409024,650400
-1035,-109,2920448,-812032,729000
6047,636,1179648,-1415168,506800
1253,-429,0,1161216,-226800
-7153,-2983,8830976,-609280,1843800
-9227,151,1339392,-367616,333400
3836,3538,0,-67584,13200
12634,716,3477504,-52224,689400
-627,-1001,0,-675840,132000
-6431,-1338,0,-1327104,259200
481,-430,0,79872,-15600
2281,-285,5988352,405504,1090400
-8813,1068,724992,-993280,335600
-2263,788,0,-872448,170400
9465,1068,5046272,-273408,1039000
7249,-1609,413696,-120832,70000
-3938,-2131,2113536,-176128,481600
-9259,-814,434176,245760,36800
-2367,3282,0,-743424,145200
6388,1086,0,-92160,18000
7297,-975,0,-585728,114400
-4654,-1359,434176,415744,3600
-3013,-200,0,-310272,60600
-518,-953,0,869376,-169800
-841,214,-1298432,-1804288,98800
-4952,61,-1269760,660480,-377000
7383,2468,-1236992,-356352,-172000
7132,88,0,328704,-64200
-895,-1502,-3522560,315392,-749600
-6052,-663,0,-310272,60600
2024,310,-7208960,-368640,-1336000
-2689,-899,-1224704,455680,-328200
-5592,742,-2871296,154624,-591000
6109,1868,-4067328,442368,-880800
-3204,-2179,0,642048,-125400
-4236,2937,-3682304,-769024,-569000
14624,-1123,0,106496,-20800
-3759,-1781,-5709824,130048,-1140600
-3905,-104,0,321536,-62800
1310,-725,-1814528,1566720,-660400
-6606,-2146,-917504,-532480,-75200
-3694,3802,-430080,23552,-88600
6040,-1281,-1269760,211968,-289400
-1075,-1222,-90112,690176,-152400
-1771,579,0,-54272,10600
3412,1593,-1736704,-452608,-250800
7095,-973,0,1049600,-205000
-5118,-986,-2027520,549888,-503400
-2911,-68,-1961984,3072,-383800
3650,375,-589824,578560,-228200
-2377,-848,-180224,972800,-225200
-6323,-569,-401408,-610304,40800
-1149,748,0,-842752,164600
4767,239,0,1024000,-200000
5304,990,-536576,142336,-132600
-1331,-72,0,75776,-14800
444,1242,-24576,-291840,52200
7729,1110,53248,654336,-117400
447,-2280,139264,268288,-25200
-10454,589,0,957440,-187000
-1471,1767,49152,1089536,-203200
3601,-1088,-12288,541696,-108200
2507,1647,0,-1377280,269000
6891,529,0,2221056,-433800
-2595,-2905,0,-6144,1200
-5361,804,0,-205824,40200
-666,-198,0,1774592,-346600
-6837,1045,0,-1013760,198000
8299,2546,0,575488,-112400
-1203,-998,-53248,-129024,14800
5768,2943,0,-1979392,386600
2595,-2252,0,2796544,-546200
-7249,123,-12288,-415744,78800
5638,1053,0,549888,-107400
-5191,-1865,-12288,-96256,16400
-2189,1543,0,191488,-37400
6306,1329,65536,616448,-107600
-3043,-876,36864,-72704,21400
-4040,692,90112,31744,11400
8426,745,106496,409600,-59200
-716,278,0,-856064,167200
358,984,282624,-1798144,406400
1789,-1399,12288,1386496,-268400
-8119,-1297,106496,470016,-71000
-4714,581,28672,-236544,51800
12655,2761,0,794624,-155200
89,-493,176128,-951296,220200
0,1064,0,-2528256,493800
179,-546,176128,1467392,-252200
-7607,-1227,0,1886208,-368400
3580,1864,0,-993280,194000
11878,1796,32768,-921600,186400
-148,-2351,20480,-1372160,272000
-17872,-2294,0,97280,-19000
6679,4598,0,2184192,-426600
7070,300,110592,-506880,120600
-716,-1205,0,-2283520,446000
-2685,-351,0,-390144,76200
-2774,-247,102400,1920000,-355000
-1164,1838,0,-396288,77400
6265,-1352,61440,-2185216,438800
8730,561,0,136192,-26600
-13294,-473,147456,982016,-163000
-7371,2114,163840,183296,-3800
20127,2901,950272,-1573888,493000
2235,-2239,0,-1757184,343200
-12486,1222,0,1570816,-306800
-6354,-466,0,858112,-167600
10471,1626,1888256,-393216,445600
7039,-2043,0,-2288640,387000
-11693,-2655,942080,-671744,375200
-1521,729,69632,1867776,-351200
3132,1158,581632,792576,-41200
1969,-131,892928,-964608,362800
1074,-573,0,-1729536,337800
-179,123,913408,-18432,182000
-3222,-960,0,1881088,-367400
-2505,35,1703936,1366016,66000
984,1051,233472,-2144256,464400
6265,479,118784,-832512,185800
4273,-643,364544,-136192,97800
-10359,-2418,0,1297408,-253400
-6712,-348,-122880,-145408,4400
5817,3165,-241664,96256,-66000
5370,121,-118784,-327680,40800
-1701,-1242,0,826368,-161400
-2774,-834,-352256,-58368,-57400
1253,-117,0,410624,-80200
2506,-39,-1085440,3016704,-801200
-9218,-1351,0,-54272,10600
2506,2217,0,102400,-20000
2953,-726,-2383872,674816,-597400
-3311,-74,-1220608,348160,-306400
2953,1675,0,772096,-150800
4564,-78,-983040,1002496,-387800
-3580,-1578,-94208,-655360,109600
1253,560,-143360,579584,-141200
6410,1205,-475136,925696,-273600
-8289,-1806,-196608,71680,-52400
-1163,503,-552960,-368640,-36000
1163,-244,0,1290240,-252000
0,-209,0,430080,-84000
-2058,629,-589824,-68608,-101800
2058,1828,-147456,-186368,-3000
1342,35,-45056,35840,-5200
2327,-662,45056,281600,-46200
-895,-786,24576,-100352,24400
-2148,-738,0,164864,-32200
179,-67,122880,46080,15000
-537,-65,0,-228352,44600
-268,-152,24576,-136192,31400
179,196,0,-880640,172000
-716,161,77824,207872,-25400
-358,94,0,-48128,9400
269,202,0,-174080,34000
626,343,24576,-462848,95200
537,346,0,-610304,119200
447,414,28672,-118784,28800
3401,314,0,-220160,43000
-537,-1092,24576,332800,-60200
-2416,-501,57344,-197632,49800
-895,-440,24576,-461824,95000
0,-373,-24576,54272,-15400
-537,-214,0,-387072,75600
0,172,0,-75776,14800
-1879,401,0,439296,-85800
268,-72,24576,-31744,11000
1164,-27,0,60416,-11800
358,-156,172032,-222208,77000
1073,127,524288,147456,73600
-626,-190,634880,301056,65200
0,-119,557056,382976,34000
0,-834,946176,-438272,270400
-1521,-137,319488,148480,33400
-448,373,0,-135168,26400
-268,335,1982464,-174080,421200
1790,566,2101248,-628736,533200
89,77,577536,-276480,166800
1611,75,1523712,-453632,386200
-806,-462,0,-292864,57200
-268,-195,0,-632832,123600
-1342,-52,3522560,48128,678600
-1522,670,1626112,-1184768,549000
-179,-72,970752,-727040,331600
90,270,0,-1478656,288800
1432,163,6672384,-1716224,1638400
984,537,0,-1376256,268800
805,528,4251648,-1178624,1060600
358,-381,0,-1019904,199200
627,-453,4530176,-646144,1011000
-806,-368,5918720,-538624,1261200
-984,-204,2441216,-142336,504600
0,-47,0,-232448,45400
0,-24,4812800,-55296,950800
-805,760,0,-1346560,263000
-1164,-88,6291456,-675840,1360800
-89,-167,2600960,-271360,561000
1700,452,1073152,-1313792,466200
358,397,540672,-61440,117600
1790,-276,5668864,-107520,1128200
-1253,-483,589824,-2569216,617000
-537,-218,1802240,-583680,466000
1074,494,-606208,-1179648,112000
2237,1281,0,-272384,53200
1611,278,-2375680,353280,-533000
-4206,-1721,-12767232,-105472,-2473000
-716,216,-2359296,-2908160,107200
-89,1210,0,270336,-52800
1163,-1494,-16924672,958464,-3492800
-1074,422,0,-367616,71800
3401,770,-18415616,1150976,-3821600
-269,-417,0,-122880,24000
-3221,658,-5431296,-518144,-959600
2147,-947,-937984,1748992,-524800
-2058,265,-2170880,-407552,-344400
6623,1670,-577536,2198528,-542200
-1611,-642,0,2213888,-432400
-5101,-1282,-819200,-808960,-2000
89,999,0,-217088,42400
716,-602,-692224,148480,-164200
89,-756,0,363520,-71000
-716,593,0,-102400,20000
-89,294,-1200128,-20480,-230400
1521,556,0,1054720,-206000
4833,66,-417792,542720,-187600
2415,996,-36864,809984,-165400
-702,-185,0,491520,-96000
-4398,-849,0,-137216,26800
-89,220,0,1039360,-203000
4968,183,0,470016,-91800
1405,1201,0,703488,-137400
-1221,-584,0,374784,-73200
-702,98,-12288,217088,-44800
-3197,-155,0,317440,-62000
1342,401,0,137216,-39000
2520,977,0,615424,-108000
1295,733,0,575488,-112400
258,141,0,420864,-82200
-961,-67,0,1126400,-220000
-5976,-1146,0,124928,-24400
0,1561,-16384,385024,-78400
-805,-423,16384,699392,-133400
89,446,0,525312,-102600
-1969,218,-16384,574464,-115400
537,1075,0,23552,-4600
2417,576,0,731136,-142800
716,-500,0,384000,-75000
7373,317,16384,677888,-129200
85,691,0,-56320,11000
849,309,0,-403456,78800
731,-925,0,-953344,162200
-958,-322,0,733184,-119200
-56,-660,0,-353280,69000
-3698,-54,0,-357376,69800
-1462,-51,0,-758784,148200
-3043,106,0,-1269760,248000
-1790,28,0,186368,-36400
-716,-852,0,-967680,189000
-90,1521,0,707584,-138200
537,434,0,454656,-88800
-537,-581,0,-559104,109200
537,96,0,-64512,12600
2596,297,0,161792,-31600
1879,1443,0,236544,-46200
1904,946,0,394240,-77000
3260,-13,0,-161792,31600
764,-490,0,-131072,25600
1776,697,0,782336,-152800
-1351,405,0,420864,-82200
-1669,834,0,-52224,10200
141,-87,0,445440,-87000
-3930,-1569,0,1078272,-210600
-2595,-1058,0,249856,-48800
1700,-207,0,167936,-32800
-2595,327,0,906240,-177000
895,2421,0,830464,-162200
2685,-410,0,1155072,-225600
401,-1182,0,1192960,-233000
703,-1367,0,953344,-186200
813,-1456,0,673792,-131600
-2991,-990,0,849920,-166000
-5281,1750,0,665600,-130000
-1252,-683,0,844800,-165000
5459,1250,0,-129024,25200
9961,220,0,-1690624,330200
-14526,-4763,0,-490496,95800
-1073,4036,0,1831936,-357800
10184,-376,0,-689152,134600
-6336,-2974,0,-1065984,208200
-5817,-41,0,744448,-145400
3669,1724,36864,262144,-44000
6561,-153,0,-977920,191000
1886,-1897,0,775168,-151400
-2719,-633,319488,81920,46400
-6355,-1400,221184,95232,24600
-805,-166,86016,-436224,102000
89,1239,262144,314368,-10200
1969,1249,0,-584704,114200
6416,-440,0,409600,-80000
-2925,-1366,0,217088,-42400
-4744,-1084,0,-233472,45600
-805,-255,0,416768,-81400
0,1205,1331200,22528,262800
179,-216,270336,-593920,161600
2416,48,0,841728,-164400
2417,-240,1372160,-488448,363400
-3222,-913,0,-311296,60800
-1790,-668,1290240,-18432,255600
0,92,0,-243712,47600
0,921,1187840,-746496,377800
3311,72,274432,-183296,89400
1880,-223,139264,-801792,183800
-5191,-1041,0,-1082368,211400
-4922,-508,221184,642048,-82200
1879,1953,0,264192,-51600
9755,-419,303104,-488448,154600
1281,-977,237568,-1355776,311200
-10409,-1593,-77824,-270336,37600
-1790,1110,0,344064,-67200
4206,972,-81920,-278528,38400
7919,1680,0,-873472,170600
-3623,-3222,0,-745472,145600
-4385,-354,0,-38912,7600
0,260,81920,1336320,-245000
-179,147,0,448512,-87600
89,-39,323584,456704,-26000
268,620,0,-1193984,233200
6444,-1149,0,496640,-97000
-11008,-1935,-163840,370688,-104400
-7986,2446,0,644096,-125800
24328,3253,-770048,-1282048,100000
-2358,-4929,-1056768,-1539072,94200
-13447,2767,0,3701760,-723000
3222,-1165,0,380928,-74400
716,-97,-671744,-799744,25000
5370,2753,0,-590848,115400
4176,-684,0,1294336,-252800
-9009,-1276,266240,-1874944,418200
8048,1595,57344,587776,-103600
-7064,-2256,0,1287168,-251400
-1968,1118,229376,-2680832,684000
447,-1796,0,1090560,-328600
-537,1365,0,41984,-8200
-5728,-1498,0,-330752,64600
5728,1642,0,729088,-142400
-7419,137,237568,-1871872,412000
8224,-659,188416,1603584,-276400
-268,2008,0,-1755136,342800
1611,-1584,131072,-1519616,322400
3848,-3747,65536,1443840,-269200
-11455,3317,0,424960,-83000
-2478,-1169,339968,1250304,-177800
6774,1836,360448,-2110464,482600
2863,993,-499712,-1254400,147400
3670,-2905,69632,2052096,-387200
-4654,1260,0,-547840,107000
-8024,-2602,-69632,287744,-69800
2744,1684,0,75776,-14800
-6087,980,0,-857088,167400
15215,-1194,-69632,97280,-32600
-2685,1194,0,-3594240,702000
-6712,-3240,0,3998720,-781000
-1163,1260,0,635904,-124200
-6522,-31,0,-491520,96000
21455,3053,69632,-2052096,414400
-4015,-3614,-69632,-1181696,217200
-9039,-1373,421888,1019904,-116800
-10582,2683,0,747520,-146000
22127,1497,0,1119232,-218600
-6980,-2638,0,-2824192,551600
-1074,-1136,1544192,2292736,-146200
-10195,173,0,1215488,-237400
21200,-134,0,-2700288,527400
-9753,543,2379776,-419840,546800
-8045,363,602112,3534848,-572800
-4505,622,507904,323584,36000
23116,2635,0,-4580352,894600
-15756,-8099,0,399360,-78000
-806,4453,3051520,2524160,103000
12798,2269,2629632,-92160,531600
-6712,-662,774144,-2322432,604800
-11622,-2402,6868992,3959808,568200
10369,3520,2478080,-2534400,979000
8808,-3195,0,-4315136,842800
-20648,1336,4947968,3493888,284000
7276,1579,0,-269312,52600
12082,-2872,0,-2996224,585200
-17062,-2054,1011712,848896,31800
2366,4939,-4186112,502784,-915800
12727,-2412,0,-2394112,467600
-1522,389,-4251648,-487424,-735200
-12499,-1192,0,1154048,-225400
5161,2639,-9441280,-427008,-1760600
9486,-1102,-1617920,-1375232,-47400
-14018,-3610,-5193728,972800,-1204400
-703,2761,-1171456,556032,-337400
10694,1676,-1077248,-914432,-71000
-537,-669,-69632,162816,-6200
-7249,-1401,0,978944,-191200
2058,2138,-1024000,20480,-204000
6175,1818,0,-359424,70200
6916,-2406,-933888,35840,-189400
-8437,1092,-1306624,601088,-372600
-3669,732,-557056,1200128,-343200
4474,953,0,-398336,77800
4386,-600,-532480,-2267136,338800
-1701,-2893,-380928,708608,-212800
-5101,2281,-65536,277504,-67000
-5817,552,-94208,92160,-36400
7160,1165,0,-921600,180000
1968,426,0,8192,-1600
1432,-935,-90112,-173056,16200
-2416,-155,0,359424,-70200
-716,-210,-73728,149504,-43600
-1611,-494,-57344,-234496,34600
-1432,186,0,-450560,88000
2506,184,-278528,113664,-76600
537,-3,-270336,-176128,-18400
-716,258,0,343040,-67000
-1163,-8,0,-107520,21000
1879,240,-704512,-272384,-84400
1969,315,0,179200,-35000
-1253,-559,-282624,248832,-103800
-716,-113,0,-382976,74800
0,476,0,-6144,1200
2148,483,0,179200,-35000
-895,-682,0,-218112,42600
-1253,-255,0,-197632,38600
0,118,0,-125952,24600
4206,341,0,225280,-44000
-3848,-815,0,256000,-50000
-358,333,0,-278528,54400
3401,360,0,-82944,16200
-179,-1225,0,321536,-62800
-3222,466,0,-139264,27200
1790,715,0,-82944,16200
3759,-203,0,199680,-39000
-5549,-688,0,-128000,25000
268,588,0,-276480,54000
5907,1077,0,-78848,15400
-4475,-2217,0,-44032,8600
-1700,1046,0,89088,-17400
3580,392,0,-24576,4800
-2685,-1616,0,59392,-11600
-1342,1094,0,-230400,45000
1789,359,0,33792,-6600
-1253,-585,0,279552,-54600
-357,414,0,-135168,26400
2863,-547,36864,83968,-9200
-2684,-361,331776,48128,55400
0,879,258048,-297984,108600
1610,-702,0,586752,-114600
-2416,609,540672,-286720,161600
1790,202,65536,-39936,20600
-895,-577,147456,46080,19800
89,521,258048,-138240,77400
269,-1285,245760,498688,-49400
-358,843,557056,-373760,181800
1521,-1076,0,545792,-106600
-1610,547,2441216,-299008,535200
3490,-1330,0,568320,-111000
-3401,254,4087808,-305152,858000
3311,126,0,221184,-43200
-4564,-1851,2420736,145408,444400
1253,674,2023424,-368640,467200
-9990,-2275,0,352256,-68800
4441,1643,5136384,-559104,1112400
-5724,-2018,2760704,112640,517200
3095,1802,0,-293888,57400
2003,-583,0,-122880,24000
4833,424,1638400,-380928,394400
626,-1629,0,478208,-93400
358,2009,-716800,-309248,-79600
-716,-2660,-3878912,515072,-858200
-2058,552,-1695744,-441344,-245000
447,-1714,0,-209920,41000
269,1478,-4628480,-175104,-869800
-1701,-1537,0,628736,-122800
4117,2424,0,116736,-22800
-1611,-2483,-4395008,2586624,-1363600
-358,369,-2338816,-2560000,43200
-626,-593,-786432,885760,-326600
-4923,1601,0,-184320,36000
4833,120,0,2447360,-478000
-8730,-1449,0,-1940480,379000
3126,1530,-2048000,406528,-479400
-2645,-1751,-40960,17408,-11400
-1697,1003,-40960,338944,-74200
4564,-771,0,1660928,-324400
-7351,-1761,-667648,-1627136,187400
3098,2503,0,182272,-35600
3809,-901,-454656,-53248,-78400
-6202,214,-155648,-160768,1000
7016,746,0,392192,-76600
-2293,-1981,-352256,738304,-213000
-4271,267,-122880,-1220608,214400
5418,239,0,747520,-146000
-5323,1903,0,541696,-105800
6559,849,0,689152,-134600
-3808,-2360,0,-616448,120400
2535,2016,0,-822272,160600
-1923,-2625,12288,2013184,-390800
-4552,2949,0,-2077696,405800
6475,-218,0,1176576,-229800
-5999,-815,0,-1285120,251000
3380,837,0,456704,-89200
2767,-1171,49152,-150528,39000
-37,1881,49152,-881664,181800
5458,220,176128,1140736,-188400
-6235,-1007,266240,-1090560,265000
9099,1024,200704,297984,-19000
-2417,-1650,487424,-349184,163400
1880,2210,0,183296,-35800
-1074,-3318,0,716800,-140000
-8116,1249,724992,-273408,195000
813,-152,0,117760,-23000
-5851,-1401,1196032,-882688,406000
4250,2594,1900544,144384,343000
9083,87,1175552,900096,53800
-2506,-1301,610304,-883712,291800
4564,1034,1994752,-25600,394600
-1253,-1828,0,-593920,116000
-9396,-68,1679360,268288,275600
3042,-29,749568,937984,-36800
-6476,-474,0,400384,-78200
3360,2575,131072,-1661952,350200
8038,-749,0,561152,-109600
-5487,-719,0,-1026048,200400
7904,1049,1236992,502784,143400
-2238,-2423,1683456,-337920,394800
-7626,620,0,-2048,400
2071,-737,663552,606208,11200
-9187,-480,0,-937984,183200
8595,2304,1224704,-235520,285200
259,-759,0,1024,-200
6067,2276,368640,-388096,147800
2148,-2159,0,149504,-29200
-10840,-1278,0,-306176,59800
1923,-756,0,252928,-49400
-6814,-1750,0,-475136,92800
5778,3772,-729088,205824,-182600
370,-1522,-1032192,918528,-381000
-517,613,-3416064,-1160192,-440600
9563,676,0,307200,-60000
-10192,-1830,-5308416,-28672,-1031200
6791,2349,-1372160,633856,-391800
-3580,-2734,0,-17408,-81000
-2730,-194,-2228224,345088,-418200
3983,1279,0,1688576,-329800
-6026,86,-823296,55296,-171600
4409,937,0,552960,-108000
-1516,-2499,0,43008,-8400
-4839,1905,-540672,-671744,25600
5024,-561,-192512,2030592,-434200
-4430,-917,0,69632,-13600
4356,1952,-225280,-309248,16400
7139,-35,0,1456128,-284400
-9663,-2109,-212992,-693248,93800
6978,688,-24576,1864704,-369000
-626,-421,-12288,113664,-24600
-2941,491,-12288,-642048,123000
7058,1060,0,1497088,-292400
-7243,-2559,12288,-1007616,199200
-3622,1159,0,-112640,22000
-339,182,65536,2065408,-390600
-5323,731,0,-925696,180800
6935,1122,12288,508928,-97000
4938,-1066,0,11264,-2200
-2626,-1031,-12288,-349184,68000
7727,-817,0,451584,-90400
-1611,-234,-12288,359424,-72600
-15269,-561,-16384,-134144,23000
2086,527,0,130048,-25400
1975,-601,0,165888,-32400
2130,1595,0,-1812480,354000
5767,945,0,1353728,-264400
1521,-2631,-12288,651264,-129600
-6666,-2007,0,-1050624,205200
-2681,-31,0,128000,-25000
-1545,227,0,-498688,97400
832,-472,12288,-1051648,207800
618,155,0,600064,-117200
570,133,16384,-387072,78800
0,-232,0,-1202176,234800
1923,151,90112,-939008,201000
368,354,0,5120,-1000
-255,-647,40960,-427008,91400
2326,-90,65536,-529408,116200
74,-224,69632,-555008,122000
-1295,-450,0,-283648,55400
-184,-94,0,-883712,172600
-5646,-537,-28672,624640,-127600
-1296,703,-28672,-316416,56200
168,-440,-12288,10240,-4400
376,423,0,246784,-48200
-460,-177,0,-467968,91400
2309,-116,0,91136,-17800
-48,496,0,680960,-133000
-610,-505,12288,-297984,60600
1062,-634,0,-438272,85600
-1354,-234,0,-306176,59800
-2517,56,0,-520192,101600
94,21,0,-418816,81800
3468,882,-53248,453632,-99000
309,479,0,-667648,130400
2659,596,-53248,-299008,48000
1707,565,0,-410624,80200
-1481,-425,-77824,-279552,39400
311,-1191,-40960,-58368,3400
170,8,-36864,167936,-40000
483,204,0,-26624,5200
-3017,-451,24576,-150528,34200
2421,589,0,-208896,40800
1446,627,0,58368,-11400
-2465,-21,65536,-180224,48000
2317,457,24576,80896,-11000
1627,669,0,30720,-6000
-702,191,28672,-7168,7000
-1220,681,-12288,82944,-18600
-1315,169,-16384,129024,-28400
-311,103,0,455680,-89000
-1608,-250,-12288,136192,-29000
1665,-303,0,167936,-32800
903,-376,0,-508928,99400
1405,291,0,-250880,49000
1294,-266,0,103424,-20200
-1257,-17,-90112,108544,-38800
-3024,-893,-24576,19456,-8600
-28,-332,0,-37888,7400
933,102,0,-49152,9600
-3175,205,0,61440,-12000
-1155,1166,-12288,23552,-7000
-460,370,90112,-29696,23400
2162,583,0,-95232,18600
666,153,90112,-157696,48400
3674,1455,81920,-75776,24800
444,580,0,-22528,10400
776,-107,151552,-117760,52600
1351,-1392,126976,-562176,134600
-2164,-922,0,-1133568,221400
-3901,-245,16384,780288,-149200
-608,833,28672,645120,-120400
721,1302,0,-74752,14600
6400,663,0,-288768,56400
-1466,-961,77824,46080,6200
-7407,-2159,0,-1415168,276400
-188,855,0,509952,-99600
2439,880,0,403456,-78800
4380,1782,692224,-1635328,454600
1146,-536,0,401408,-78400
-2551,-1993,434176,-933888,267200
-5790,-807,0,-283648,55400
1246,1277,1273856,690176,114000
4618,1100,0,-1205248,235400
4736,-618,1007616,-890880,370800
-7393,-2100,53248,-816128,169800
-5115,-432,925696,1925120,-195200
3962,3542,970752,1245184,-53600
12305,-548,0,-1282048,250400
-9625,-2220,2486272,-1789952,835200
-7227,1262,0,3046400,-595000
13809,2859,2326528,-1003520,650400
2775,-3727,131072,-1955840,407600
-18283,-2296,671744,3284992,-510400
6389,3601,139264,-669696,158000
13147,89,0,-2032640,397000
-6444,-2578,0,584704,-114200
-12095,-363,716800,2753536,-397800
4061,3282,0,-937984,183200
12061,-1182,0,-619520,121000
-2595,-406,1720320,-1449984,619200
-7873,-222,2682880,2258944,82800
1201,2061,0,69632,-13600
12489,2138,3125248,-1759232,954000
0,-2696,225280,-1474560,332000
-10211,1078,1880064,2077696,-38600
1700,1857,-241664,130048,-72600
12538,-481,0,-2050048,400400
-5459,-2659,0,301056,-58800
-12781,432,0,1187840,-232000
12423,677,0,-2396160,421600
1790,1428,0,-303104,105600
-3580,-1181,241664,-445440,134200
-15401,-1901,0,752640,-147000
2288,1379,-241664,1506304,-341400
5194,1413,0,-1512448,295400
10604,438,-2088960,-431104,-323800
90,-333,0,456704,-89200
-5818,-1568,-7151616,1412096,-1626000
-7353,-1199,0,134144,-72800
-1379,238,0,165888,-32400
2837,19,-4640768,-239616,-885000
3342,1157,0,82944,9200
407,302,-1675264,874496,-498000
776,-1124,-454656,521216,-190600
-2588,-1666,-147456,303104,-88000
961,446,0,-666624,130200
2281,853,-278528,843776,-219200
-617,-457,-135168,1350656,-290200
-4279,-836,-389120,229376,-120800
-5276,599,-241664,347136,-115000
2323,1566,0,435200,-85000
8028,-213,-557056,516096,-209600
-2386,-845,106496,144384,-7400
-1897,-995,0,57344,-11200
2341,546,0,412672,-80600
3911,809,106496,654336,-107000
-4836,-2510,0,795648,-155400
-776,1090,0,584704,-114200
2514,72,344064,2453504,-412000
3098,-1097,0,1533952,-299600
-4466,-1377,0,468992,-91600
-5781,-150,0,169984,-33200
1938,-177,-57344,874496,-182000
-5429,-921,-61440,679936,-144800
1797,1696,0,684032,-133600
1338,-1636,0,481280,-94000
-3429,1018,-57344,-587776,103600
9788,1390,0,1770496,-345800
-3875,-3065,0,364544,-71200
4430,1456,0,408576,-79800
4226,-131,0,910336,-177800
-7524,-180,0,-445440,87000
2521,1746,0,718848,-140400
1701,-904,-380928,-8192,-72800
-5758,-1247,-208896,181248,-76200
1196,2049,0,56320,-11000
5627,1641,0,1003520,-196000
-2211,-797,0,502784,-98200
-4897,499,-2023424,-285696,-339400
9524,185,0,1140736,-222800
-626,-51,-1040384,873472,-373800
-9445,-126,-159744,-158720,-200
-851,1541,-643072,-641024,-400
6702,1690,-229376,979968,-236200
3952,-1853,-307200,1026048,-260400
-1611,727,-122880,-184320,12000
5549,1781,0,1126400,-220000
-3849,182,-344064,11264,-118800
-1969,1466,0,-1008640,246400
4923,2402,0,-692224,135200
1968,-521,-86016,1723392,-353400
-268,-480,0,-271360,53000
-5191,94,0,-668672,130600
2954,1263,-24576,-589824,110400
984,-1723,0,-381952,74600
-7960,-951,0,848896,-165800
-1692,539,0,-414720,81000
4819,875,0,-739328,144400
537,-919,0,-430080,84000
-5526,-856,0,-124928,24400
-2065,2365,0,273408,-53400
9739,515,0,457728,-89400
3401,-412,0,-116736,22800
0,-1030,0,-651264,127200
-1163,572,0,-1153024,225200
-448,746,0,268288,-52400
-2058,-929,0,1050624,-205200
-5766,-893,0,-320512,62600
-518,1976,0,-913408,178400
8432,921,0,-588800,115000
1789,-139,0,-88064,17200
-715,-400,0,-553984,108200
-716,1194,12288,-230400,47400
1163,-169,12288,-408576,82200
-5638,-1899,135168,712704,-112800
-4167,-947,36864,-890880,181200
9894,2849,98304,-290816,76000
4028,-1963,0,514048,-100400
-3222,-128,0,-243712,47600
-1879,144,0,-634880,124000
-6623,-52,294912,43008,49200
2685,1280,98304,-571392,130800
4385,959,0,-84992,16600
269,261,0,-471040,92000
-716,165,0,-618496,120800
984,-636,147456,-1190912,261400
358,-1726,77824,718848,-125200
-8906,-1292,344064,866304,-102000
-2107,1766,0,-691200,135000
2847,577,421888,-885760,255400
7719,1000,0,375808,-73400
89,195,323584,293888,5800
-179,558,253952,-724992,191200
179,253,0,-33792,6600
358,-229,835584,465920,72200
-447,-724,454656,643072,-36800
-3401,-968,315392,-671744,192800
-3759,401,0,-354304,69200
4564,1555,737280,-411648,224400
5459,279,434176,-18432,88400
1164,-570,536576,-692224,240000
-3401,357,675840,-656384,260200
358,141,0,-1424384,278200
-716,-150,1896448,656384,242200
-1253,306,0,502784,-98200
358,506,1855488,-1592320,673400
1342,839,221184,-1440768,324600
4833,-40,335872,-986112,258200
-1879,-1079,-225280,-380928,30400
-3580,321,0,290816,-56800
-2237,1197,-110592,-736256,122200
2237,187,0,-678912,132600
1969,599,0,-9216,1800
-358,-1496,-110592,-965632,167000
-627,-23,0,-71680,14000
358,1085,-323584,-364544,8000
6540,800,0,-70656,13800
-3139,-268,0,-316416,61800
-4654,-456,-909312,50176,-187400
-536,983,0,-295936,57800
2147,-319,-94208,-13312,-15800
-1879,81,94208,-187392,55000
-984,1721,0,-12288,2400
3042,312,-94208,82944,-34600
3043,-2402,94208,110592,-3200
-895,770,0,-649216,126800
7444,234,-94208,572416,-130200
-10934,-964,-188416,-115712,-17600
-269,631,0,-301056,62200
2327,-1088,0,484352,-94600
-2863,110,0,-543744,106200
268,983,-274432,118784,-76800
8880,2183,0,349184,-68200
-2078,-2259,0,-265216,51800
-4028,-999,90112,-1716224,352800
2954,1327,0,1280000,-250000
-6802,-1999,0,-338944,66200
-1521,1612,-90112,-38912,-10000
8860,1316,0,471040,-110000
-4565,-2344,-1454080,-972800,-76000
269,927,0,-1996800,390000
9163,863,-999424,1923072,-570800
-8268,-1912,-294912,3072,-58200
-2506,121,0,-1580032,308600
2864,-702,-589824,645120,-241200
-8055,570,-49152,-892928,164800
5012,1845,49152,510976,-90200
1700,-2662,-98304,-1840128,340200
10299,1834,-94208,-614400,101600
-10478,-1826,45056,1806336,-344000
-2863,2326,-45056,730112,145600
-1074,-1102,0,98304,-316200
17116,5572,0,-1519616,296800
-11836,-4966,45056,-687104,143000
-2506,-1286,-139264,2823168,-578600
1611,4753,-184320,891904,-210200
3043,-1581,0,-1839104,359200
12527,2077,-258048,-1148928,174000
-21745,-3211,0,107520,-21000
-4816,-1410,-315392,3042304,-655800
11975,3757,-73728,-699392,122200
8679,-2550,0,-254976,49800
-4040,-1322,-348160,-3682304,651200
-23753,-3079,0,966656,-188800
16966,4192,-155648,1364992,-297000
3133,1673,-32768,-2600960,501600
-4117,-5373,-757760,-81920,-132000
-2506,4246,-126976,4200448,-845200
2327,2650,-438272,-973824,104600
19437,14,-69632,-3869696,742200
-19526,-2638,-176128,1896448,-404800
-7651,708,-180224,2980864,-617400
23441,4153,0,-3553280,694000
-22861,-9289,0,-2896896,565800
5460,7051,-692224,8027136,-1703000
1879,-7,0,-2072576,404800
7160,-3011,-270336,-2896896,513000
-20272,-1230,-110592,2129920,-437600
16244,4462,-147456,2937856,-858000
13143,2775,-122880,-5951488,1393800
-16007,-4672,-73728,4431872,-880000
14635,5500,-135168,238592,-73000
4078,-6662,0,-4792320,936000
-27898,3645,-24576,8727552,-1709400
32688,5938,0,-3841024,750200
-15519,-4297,-16384,304128,-62600
-8163,2199,0,1411072,-275600
-89,-4855,0,-128000,25000
-3132,-2827,0,83968,-16400
3132,-821,0,0,0
-716,1408,0,0,0
358,-101,0,0,0
79105,44270,0,0,0
0,28645,0,0,0
0,4392,0,0,0
0,-622,0,0,0
0,2719,0,0,0
0,57,0,0,0
0,-927,0,0,0
0,-824,0,0,0
0,-652,0,0,0
-1023,966,0,0,0
-49595,-25996,0,0,0
-44404,-49466,0,0,0
-32317,-40742,0,0,0
-21608,-28808,0,0,0
-8547,-14596,0,0,0
0,-432,0,0,0
0,-697,0,0,0
0,-456,0,0,0
0,-285,0,0,0
0,-154,0,0,0
0,-1000,0,0,0
0,-474,0,0,0
4021,1676,0,0,0
12866,11182,0,0,0
14996,15501,0,0,0
13942,13195,0,0,0
14997,10777,0,0,0
17657,19452,0,0,0
12559,15241,0,0,0
10312,13060,0,0,0
5644,7635,0,0,0
700,2052,0,0,0
-1442,-71,0,0,0
-2129,-1677,0,0,0
-4393,-3894,0,0,0
-6698,-6264,0,0,0
-9721,-5902,0,0,0
-5727,-7766,0,0,0
-8901,-8784,0,0,0
-5688,-7894,0,0,0
-3212,-4663,0,0,0
-1262,-1876,0,0,0
951,244,0,0,0
1990,1580,0,0,0
2881,2616,0,0,0
2254,2699,0,0,0
1976,2184,0,0,0
1885,1562,0,0,0
2830,2445,0,0,0
0,1265,0,0,0
0,113,0,0,0
-2460,-1734,0,0,0
-1479,-1452,0,0,0
-592,-888,0,0,0
0,-384,0,0,0
0,-131,0,0,0
481,333,0,0,0
111,169,0,0,0
0,262,0,0,0
0,-37,0,0,0
0,-74,0,0,0
0,-63,0,0,0
0,-43,0,0,0
0,201,0,0,0
0,-16,0,0,0
0,-72,0,0,0
0,-61,0,0,0
0,-39,0,